1 -4.23778e-08 4.22719e-08 0 -4.23778e-08 1 -4.19404e-08 0 4.22719e-08 -4.19404e-08 1 0 
0.999999 -0.00126392 0.00083746 -0.095773 0.00126042 0.999991 0.00406268 -0.0752054 -0.000842502 -0.0040617 0.999991 1.43157 
0.999996 -0.0021354 0.00169704 -0.234366 0.00212768 0.999988 0.00448645 -0.0762622 -0.00170652 -0.00448291 0.999988 2.96798 
0.999997 -0.00203996 0.00152316 -0.291377 0.00203336 0.999989 0.00426937 -0.0901174 -0.00153177 -0.00426634 0.99999 4.44728 
0.999997 -0.00220693 0.00119729 -0.342562 0.00220155 0.999988 0.00440951 -0.106367 -0.00120693 -0.00440694 0.999989 5.80061 
0.999998 -0.00208528 0.000536075 -0.412645 0.00208297 0.999989 0.00411683 -0.115033 -0.000544569 -0.00411579 0.999991 7.3965 
0.999993 -0.00331354 -0.00143252 -0.38451 0.00332029 0.999983 0.00479434 -0.141322 0.00141669 -0.00479915 0.999987 8.92028 
0.999992 -0.00374465 -0.00121457 -0.472714 0.00374903 0.999986 0.0036994 -0.147161 0.00120079 -0.00370401 0.999992 10.3786 
0.999982 -0.00581473 -0.0015707 -0.510566 0.0058206 0.999976 0.0038113 -0.165914 0.00154858 -0.00382046 0.999991 11.7971 
0.999987 -0.00503154 -0.000650657 -0.604325 0.00503409 0.999979 0.00411512 -0.197339 0.000630022 -0.00411842 0.999991 13.2989 
0.999994 -0.00335505 -0.000669107 -0.713701 0.0033581 0.999983 0.00472782 -0.228602 0.000653318 -0.00473013 0.999989 14.6167 
0.999994 -0.00333157 0.000135605 -0.798328 0.0033307 0.999979 0.0054925 -0.255521 -0.000153817 -0.0054921 0.999985 15.9908 
0.999987 -0.00510798 -0.000579999 -0.810611 0.00511124 0.999969 0.00592442 -0.282811 0.000549804 -0.00592739 0.999982 17.5156 
0.99998 -0.00495486 -0.00392524 -0.82156 0.00499056 0.999946 0.00916015 -0.35828 0.00387972 -0.00917964 0.99995 18.4631 
0.999992 -0.00322541 -0.00238648 -0.913975 0.0032467 0.999954 0.00901 -0.377898 0.0023574 -0.00901776 0.999956 19.8008 
0.99999 -0.00320487 -0.00300216 -0.959075 0.00323507 0.999943 0.0101347 -0.406021 0.00296959 -0.0101444 0.999944 21.2421 
0.999991 -0.00304565 -0.00303243 -1.00159 0.00307805 0.999937 0.0107677 -0.419285 0.00299953 -0.010777 0.999937 22.6657 
0.999991 -0.00273274 -0.00320107 -1.01988 0.00276708 0.999938 0.0107973 -0.391899 0.00317145 -0.0108062 0.999936 24.0122 
0.999994 -0.00126029 -0.00305745 -1.07071 0.00129054 0.99995 0.00993906 -0.42401 0.00304486 -0.00994304 0.999946 25.238 
0.999989 -0.00249166 -0.0040561 -1.07697 0.0025196 0.999973 0.00691812 -0.422645 0.00403884 -0.00692834 0.999968 26.5968 
0.999988 -0.00289698 -0.00392186 -1.1123 0.00292362 0.999972 0.0068264 -0.434199 0.00390206 -0.00683787 0.999969 27.9172 
0.999979 -0.00485396 -0.0041713 -1.12981 0.00489524 0.999938 0.00996307 -0.457136 0.00412276 -0.00998337 0.999942 29.3256 
0.999965 -0.00647783 -0.00536235 -1.11669 0.00653665 0.999918 0.0110426 -0.461902 0.00529046 -0.0110773 0.999925 30.6798 
0.999961 -0.00726748 -0.00492606 -1.14803 0.00732344 0.999907 0.0114556 -0.494712 0.00484243 -0.0114913 0.999922 32.0039 
0.999917 -0.00940734 -0.0087696 -1.06981 0.00949592 0.999904 0.0101235 -0.506443 0.0086736 -0.0102061 0.99991 33.3188 
0.999957 -0.00714762 -0.0059344 -1.17519 0.00720426 0.999928 0.00959203 -0.530654 0.0058655 -0.00963446 0.999936 34.556 
0.999963 -0.00682579 -0.00513366 -1.22211 0.00687067 0.999938 0.00879174 -0.548845 0.00507341 -0.00882678 0.999948 35.7302 
0.999978 -0.00567803 -0.00348305 -1.25257 0.00571442 0.999928 0.0105532 -0.587617 0.00342296 -0.010573 0.999938 36.9579 
0.999984 -0.00497227 -0.00248502 -1.25772 0.00500103 0.999919 0.0117374 -0.56989 0.00242654 -0.0117498 0.999928 38.3361 
0.999969 -0.00775225 -0.00155626 -1.26828 0.00777187 0.999884 0.0130835 -0.595683 0.00145474 -0.0130953 0.999913 39.4414 
0.999974 -0.00716768 -0.00100883 -1.24422 0.00718013 0.999889 0.0130271 -0.604577 0.000915426 -0.0130341 0.999915 40.7154 
0.999976 -0.00658416 0.0021283 -1.26852 0.00655679 0.999899 0.012585 -0.619532 -0.00221086 -0.0125708 0.999918 41.9075 
0.999951 -0.00846626 0.0052095 -1.25189 0.00840847 0.999904 0.0110016 -0.643747 -0.00530206 -0.0109573 0.999926 43.1917 
0.999942 -0.00800039 0.00717403 -1.22313 0.00794104 0.999934 0.00825199 -0.636764 -0.00723949 -0.00819462 0.99994 44.313 
0.999918 -0.0068417 0.0107772 -1.2342 0.0067497 0.999941 0.00854179 -0.639297 -0.010835 -0.00846844 0.999905 45.419 
0.999837 -0.00708064 0.0166163 -1.29881 0.00693276 0.999936 0.00893567 -0.662461 -0.0166785 -0.0088191 0.999822 46.4385 
0.99971 -0.00458515 0.0236445 -1.34488 0.00437721 0.999951 0.00883527 -0.691099 -0.0236837 -0.0087293 0.999681 47.407 
0.999516 -0.00235711 0.031018 -1.37185 0.00207962 0.999957 0.00897266 -0.722365 -0.0310377 -0.00890389 0.999478 48.3426 
0.999208 -0.00241468 0.0397229 -1.35806 0.00203215 0.999951 0.0096652 -0.72879 -0.0397443 -0.00957691 0.999164 49.5576 
0.998787 -0.00116674 0.0492327 -1.30228 0.000655468 0.999946 0.0103978 -0.726733 -0.049242 -0.010353 0.998733 50.7823 
0.998097 0.00227832 0.0616183 -1.25688 -0.00297425 0.999933 0.0112034 -0.758302 -0.0615885 -0.0113655 0.998037 51.817 
0.997004 0.00345365 0.0772663 -1.18079 -0.00436305 0.999923 0.0116028 -0.751228 -0.0772202 -0.0119053 0.996943 53.0931 
0.99568 0.00505076 0.0927086 -1.08562 -0.00620615 0.999907 0.0121776 -0.749884 -0.0926384 -0.0127005 0.995619 54.2612 
0.993854 0.00512139 0.110575 -0.982305 -0.00652177 0.999903 0.0123057 -0.743373 -0.110502 -0.0129513 0.993791 55.3074 
0.99166 0.00569591 0.128752 -0.826891 -0.00718452 0.999913 0.0110996 -0.739347 -0.128678 -0.0119321 0.991615 56.3932 
0.988704 0.00388448 0.149827 -0.692573 -0.00546213 0.999934 0.0101191 -0.7415 -0.149778 -0.0108232 0.98866 57.4811 
0.985559 0.00162118 0.169326 -0.516296 -0.00331739 0.999947 0.00973446 -0.748734 -0.169301 -0.0101557 0.985512 58.4374 
0.981707 -0.00326036 0.190372 -0.335412 0.000884827 0.999921 0.0125616 -0.760382 -0.190397 -0.0121634 0.981632 59.469 
0.976976 -0.00859251 0.213175 -0.0967589 0.00574493 0.999886 0.0139734 -0.762993 -0.21327 -0.0124271 0.976914 60.5382 
0.971273 -0.0136331 0.237578 0.141888 0.0108644 0.999857 0.0129587 -0.75318 -0.23772 -0.0100054 0.971282 61.6177 
0.964713 -0.0205167 0.262502 0.418992 0.0181947 0.999771 0.0112731 -0.75925 -0.262673 -0.00609926 0.964866 62.6243 
0.957179 -0.0238995 0.288508 0.696274 0.0213924 0.999701 0.0118401 -0.759036 -0.288705 -0.00516125 0.957404 63.5707 
0.948645 -0.0264996 0.315231 1.05442 0.0235784 0.999636 0.0130772 -0.741001 -0.315463 -0.00497301 0.948925 64.584 
0.938965 -0.029883 0.342713 1.34758 0.0254408 0.999524 0.0174509 -0.771799 -0.343071 -0.00766695 0.939278 65.4699 
0.928158 -0.0327713 0.370742 1.73622 0.0285872 0.99945 0.0167765 -0.76219 -0.371088 -0.00497279 0.928584 66.4008 
0.916477 -0.0323747 0.398776 2.11601 0.0296389 0.999476 0.0130256 -0.761416 -0.398989 -0.000118474 0.916956 67.2466 
0.90354 -0.0330271 0.427228 2.49711 0.0330759 0.999426 0.00730907 -0.752544 -0.427224 0.00752682 0.904114 68.0762 
0.889394 -0.0350077 0.4558 2.89349 0.036809 0.99931 0.0049272 -0.760675 -0.455658 0.0123952 0.890069 68.8861 
0.873018 -0.035141 0.48642 3.27958 0.0353851 0.999336 0.00868738 -0.777321 -0.486402 0.00962768 0.873682 69.7037 
0.855307 -0.0338072 0.517017 3.75138 0.0308365 0.999422 0.0143378 -0.778749 -0.517202 0.00367965 0.855855 70.509 
0.835659 -0.0334559 0.548229 4.24811 0.0283149 0.99944 0.0178311 -0.787501 -0.548519 0.00062231 0.836138 71.2881 
0.815038 -0.0271256 0.578772 4.79109 0.0242751 0.999625 0.0126651 -0.78354 -0.578898 0.00372711 0.815391 72.0476 
0.792504 -0.0204041 0.609526 5.32056 0.0214385 0.999754 0.00559272 -0.779646 -0.60949 0.00863504 0.792747 72.7892 
0.769595 -0.0178212 0.638283 5.87857 0.0200219 0.999792 0.00377363 -0.789814 -0.638218 0.00987544 0.769792 73.5 
0.74628 -0.0204464 0.665317 6.46122 0.0217443 0.999743 0.00633337 -0.788949 -0.665276 0.00974036 0.746534 74.1626 
0.721226 -0.0209213 0.692383 7.07693 0.0214458 0.999739 0.00786918 -0.809396 -0.692367 0.0091732 0.721487 74.8471 
0.695224 -0.0191396 0.718538 7.69262 0.0226768 0.999732 0.00468853 -0.808209 -0.718435 0.0130345 0.695472 75.4902 
0.668638 -0.0166372 0.743402 8.34437 0.0224508 0.999745 0.00218106 -0.819466 -0.743249 0.0152316 0.668842 76.1103 
0.63989 -0.0141159 0.768337 8.96986 0.0196716 0.999804 0.00198538 -0.856062 -0.768215 0.0138439 0.640043 76.7164 
0.611077 -0.0130443 0.791464 9.65842 0.0194092 0.99981 0.00149247 -0.873459 -0.791333 0.0144497 0.611214 77.28 
0.582197 -0.00558305 0.813028 10.3763 0.0178451 0.999823 -0.00591297 -0.869501 -0.812852 0.0179511 0.582194 77.8125 
0.551111 0.00381524 0.834423 11.1218 0.0161929 0.999752 -0.0152662 -0.894502 -0.834275 0.0219251 0.550912 78.3469 
0.519743 0.0126757 0.854228 11.8908 0.0145274 0.999614 -0.0236722 -0.913708 -0.854199 0.0247132 0.519359 78.8389 
0.48698 0.0180878 0.873226 12.6842 0.0120952 0.99955 -0.0274498 -0.920788 -0.873329 0.0239293 0.486542 79.3254 
0.454195 0.0185644 0.890709 13.4976 0.00992219 0.999615 -0.025894 -0.930046 -0.890847 0.0205987 0.453836 79.7565 
0.420116 0.0163109 0.907324 14.3327 0.00457737 0.999788 -0.0200927 -0.982666 -0.907459 0.0125944 0.419953 80.1702 
0.385114 0.018142 0.92269 15.192 0.00133436 0.999795 -0.020215 -0.997089 -0.922868 0.00901628 0.385011 80.5696 
0.348414 0.0214194 0.937096 16.0319 -0.00526608 0.999768 -0.020894 -1.01266 -0.937326 0.00234494 0.348446 80.9407 
0.312247 0.0235704 0.949708 16.9097 -0.010794 0.999716 -0.0212627 -1.0353 -0.949939 -0.00361193 0.312413 81.2565 
0.274939 0.0226772 0.961194 17.8029 -0.0136763 0.999713 -0.0196742 -1.0711 -0.961364 -0.00773635 0.27517 81.5553 
0.238059 0.0229752 0.970979 18.7087 -0.0143253 0.999694 -0.0201426 -1.07522 -0.971145 -0.00911441 0.238316 81.7945 
0.201516 0.0230295 0.979214 19.5907 -0.0138372 0.999691 -0.0206635 -1.09091 -0.979387 -0.00938557 0.201773 81.9842 
0.164666 0.0232963 0.986074 20.5636 -0.0121843 0.999693 -0.0215835 -1.07744 -0.986274 -0.00846059 0.1649 82.1837 
0.129169 0.0223901 0.99137 21.496 -0.0041853 0.999748 -0.0220341 -1.11319 -0.991614 -0.00130305 0.12923 82.3234 
0.0942484 0.026026 0.995208 22.4716 -0.00229044 0.999661 -0.0259256 -1.14357 -0.995546 0.000163982 0.0942761 82.4597 
0.0620076 0.0317462 0.997571 23.4322 -0.00101626 0.999495 -0.0317444 -1.16096 -0.998075 0.000954599 0.0620085 82.5311 
0.0314397 0.0365683 0.998836 24.4333 0.00634004 0.999303 -0.036785 -1.17124 -0.999485 0.00748918 0.0311859 82.6067 
0.00418526 0.0352285 0.99937 25.3977 0.00706268 0.999353 -0.0352576 -1.2054 -0.999966 0.0072058 0.00393374 82.6513 
-0.0190849 0.0324107 0.999292 26.4106 0.00835257 0.999445 -0.0322562 -1.24296 -0.999783 0.00773106 -0.0193451 82.6691 
-0.038614 0.0303284 0.998794 27.4376 0.00874904 0.999511 -0.030012 -1.2746 -0.999216 0.00757961 -0.0388605 82.6762 
-0.0559117 0.0336627 0.997868 28.4224 0.0105672 0.999395 -0.0331223 -1.31854 -0.99838 0.00869275 -0.0562336 82.6536 
-0.0725138 0.0395265 0.996584 29.3869 0.0127571 0.999169 -0.0387009 -1.33124 -0.997286 0.00990716 -0.0729578 82.6295 
-0.0846474 0.04489 0.995399 30.358 0.0173279 0.9989 -0.0435744 -1.37683 -0.99626 0.0135597 -0.0853321 82.5571 
-0.0955513 0.0489876 0.994218 31.3619 0.0221209 0.998646 -0.0470799 -1.42686 -0.995179 0.0174945 -0.0965056 82.5309 
-0.102392 0.0551913 0.993212 32.3608 0.0265098 0.998256 -0.0527388 -1.46752 -0.994391 0.0209298 -0.103677 82.4624 
-0.107199 0.0598908 0.992432 33.3522 0.0284912 0.997959 -0.0571469 -1.53315 -0.993829 0.0221494 -0.108687 82.3946 
-0.111474 0.0647108 0.991658 34.3491 0.0303932 0.997633 -0.0616842 -1.58939 -0.993302 0.0232635 -0.113177 82.3338 
-0.115257 0.066702 0.991094 35.3646 0.030346 0.997514 -0.0636051 -1.69255 -0.992872 0.0227448 -0.116994 82.2675 
-0.117594 0.0689259 0.990667 36.3405 0.0305734 0.997367 -0.065763 -1.78859 -0.992591 0.0225548 -0.119391 82.1462 
-0.120115 0.0723782 0.990118 37.3298 0.033023 0.997078 -0.0688809 -1.87617 -0.992211 0.0244231 -0.122154 82.0578 
-0.122225 0.074327 0.989715 38.3524 0.0356555 0.996877 -0.0704616 -1.94037 -0.991862 0.0266766 -0.124494 81.9429 
-0.124809 0.0743383 0.989392 39.3511 0.035944 0.996873 -0.0703663 -1.98787 -0.991529 0.0267804 -0.12709 81.8519 
-0.127468 0.0740155 0.989077 40.359 0.0359136 0.996902 -0.0699728 -2.07836 -0.991192 0.0266021 -0.129731 81.7503 
-0.131092 0.0757348 0.988473 41.3261 0.0345177 0.996822 -0.0717968 -2.14969 -0.990769 0.0247079 -0.133289 81.6639 
-0.134769 0.0775685 0.987836 42.3032 0.0350605 0.99668 -0.0734798 -2.24999 -0.990256 0.0247313 -0.137041 81.6118 
-0.136749 0.0801222 0.98736 43.3604 0.0344524 0.996505 -0.0760927 -2.33921 -0.990006 0.0236113 -0.139032 81.4391 
-0.140568 0.0842578 0.986479 44.4066 0.0320715 0.996237 -0.0805213 -2.41316 -0.989551 0.0203192 -0.142741 81.3694 
-0.142283 0.0882539 0.985884 45.397 0.0299154 0.995946 -0.0848373 -2.51059 -0.989374 0.0174222 -0.144346 81.2365 
-0.146981 0.0908073 0.984962 46.3588 0.0263176 0.995783 -0.0878778 -2.59576 -0.988789 0.0130055 -0.148751 81.1698 
-0.150993 0.089405 0.984483 47.3572 0.0251912 0.995926 -0.0865806 -2.69548 -0.988214 0.0117272 -0.15263 81.0702 
-0.154186 0.084676 0.984407 48.2911 0.0214472 0.996373 -0.0823462 -2.79142 -0.987809 0.00841612 -0.155443 80.949 
-0.157588 0.0843712 0.983894 49.3142 0.0205598 0.996408 -0.0821513 -2.86038 -0.987291 0.0072826 -0.158757 80.8264 
-0.160551 0.0844646 0.983407 50.2867 0.0206501 0.996401 -0.0822094 -2.96484 -0.986811 0.00710872 -0.161717 80.7183 
-0.164423 0.0875394 0.982498 51.2651 0.0215711 0.996135 -0.0851445 -3.05736 -0.986154 0.00719387 -0.165676 80.6611 
-0.167139 0.0903236 0.981787 52.2145 0.0227623 0.995883 -0.0877454 -3.15323 -0.985671 0.00768211 -0.168507 80.5841 
-0.168746 0.0910594 0.981444 53.1992 0.0200817 0.995834 -0.0889419 -3.24081 -0.985455 0.00470047 -0.169871 80.4792 
-0.169648 0.0896004 0.981423 54.2185 0.0174538 0.995975 -0.087912 -3.33996 -0.98535 0.00221543 -0.170529 80.3437 
-0.169967 0.0884755 0.98147 55.2557 0.0134991 0.996077 -0.0874547 -3.44814 -0.985357 -0.00161546 -0.170494 80.1848 
-0.171475 0.0896487 0.981101 56.2769 0.00971537 0.995957 -0.0893082 -3.55242 -0.985141 -0.00578233 -0.171652 80.0668 
-0.171976 0.0896119 0.981017 57.3625 0.00500998 0.99592 -0.0900951 -3.65208 -0.985088 -0.0105793 -0.171723 79.9171 
-0.174098 0.0891945 0.98068 58.3798 0.00148513 0.995912 -0.0903163 -3.74912 -0.984727 -0.0142674 -0.173519 79.8165 
-0.17484 0.0846378 0.980952 59.4633 0.00213903 0.996329 -0.0855834 -3.83325 -0.984594 -0.0128651 -0.17438 79.6644 
-0.176919 0.0767947 0.981225 60.5241 0.00478748 0.997007 -0.0771667 -3.91977 -0.984214 -0.00895467 -0.176757 79.5259 
-0.178026 0.0724268 0.981357 61.6091 0.00985123 0.997369 -0.0718216 -3.99842 -0.983976 -0.00311849 -0.178271 79.37 
-0.176531 0.0759563 0.98136 62.7161 0.0193595 0.997093 -0.0736917 -4.07154 -0.984105 0.00598975 -0.177488 79.1443 
-0.174711 0.0816994 0.981224 63.8143 0.0250271 0.996598 -0.0785233 -4.16256 -0.984302 0.0108384 -0.176161 78.9401 
-0.172317 0.0878071 0.98112 64.9148 0.0284554 0.996047 -0.0841454 -4.25343 -0.98463 0.0134184 -0.174135 78.7159 
-0.17112 0.0918197 0.980962 65.9522 0.02951 0.995679 -0.0880495 -4.36527 -0.984808 0.0138812 -0.17309 78.5314 
-0.172358 0.090543 0.980864 67.0802 0.0257558 0.99584 -0.0873997 -4.42658 -0.984698 0.0101989 -0.173973 78.403 
-0.170638 0.0854519 0.981621 68.2212 0.0257953 0.996278 -0.0822438 -4.53528 -0.984996 0.0112873 -0.172207 78.1802 
-0.170827 0.0830904 0.981791 69.3551 0.022358 0.996508 -0.0804458 -4.63263 -0.985047 0.00820854 -0.172088 78.0085 
-0.170502 0.0835704 0.981807 70.467 0.0209845 0.996479 -0.0811751 -4.74057 -0.985134 0.00676218 -0.171655 77.8311 
-0.168728 0.0890459 0.981632 71.578 0.0225212 0.995999 -0.0864782 -4.83123 -0.985405 0.00751628 -0.170058 77.6123 
-0.168916 0.0916884 0.981356 72.6701 0.0210515 0.995772 -0.0894119 -4.92444 -0.985405 0.00555586 -0.170132 77.468 
-0.17015 0.0904558 0.981258 73.7465 0.0209987 0.995885 -0.088163 -5.02352 -0.985194 0.00560424 -0.171349 77.3417 
-0.170638 0.0841585 0.981733 74.8169 0.0226818 0.996417 -0.081475 -5.11907 -0.985073 0.00836478 -0.171936 77.2097 
-0.173261 0.083078 0.981366 75.8892 0.022364 0.996511 -0.0804118 -5.21671 -0.984622 0.00801508 -0.174514 77.0955 
-0.174519 0.0856971 0.980917 76.9135 0.0174912 0.996318 -0.0839307 -5.32234 -0.984498 0.00250988 -0.175376 76.9346 
-0.175926 0.088821 0.980388 78.0128 0.0158287 0.996048 -0.0873994 -5.4195 -0.984276 0.000142467 -0.176637 76.8068 
-0.176475 0.0881521 0.98035 79.1484 0.0142447 0.996106 -0.0870047 -5.52227 -0.984202 -0.0013894 -0.177044 76.64 
-0.176287 0.0851063 0.980653 80.278 0.0136829 0.996371 -0.0840107 -5.62122 -0.984244 -0.00139186 -0.176812 76.4415 
-0.178134 0.0843686 0.980383 81.4636 0.013523 0.996433 -0.0832928 -5.71729 -0.983913 -0.00157957 -0.17864 76.3288 
-0.17819 0.0846802 0.980345 82.6465 0.0158798 0.996408 -0.0831814 -5.82695 -0.983868 0.000745532 -0.178895 76.1595 
-0.1782 0.0854386 0.980278 83.8037 0.0186251 0.996338 -0.0834526 -5.92323 -0.983818 0.00338648 -0.179139 75.9871 
-0.17949 0.0852753 0.980057 84.9829 0.0186635 0.996352 -0.0832751 -6.0223 -0.983583 0.00334427 -0.180427 75.8439 
-0.178983 0.086349 0.980055 86.1854 0.0205242 0.996252 -0.0840278 -6.13058 -0.983638 0.00507528 -0.180084 75.6603 
-0.179487 0.084986 0.980083 87.3393 0.0196675 0.996372 -0.0827968 -6.22795 -0.983564 0.00441488 -0.180507 75.4881 
-0.177387 0.0845977 0.980498 88.5477 0.0175309 0.996412 -0.0827992 -6.33586 -0.983985 0.0025016 -0.178233 75.2649 
-0.179315 0.0838738 0.98021 89.7761 0.0193642 0.996467 -0.0817226 -6.4393 -0.983601 0.00432698 -0.180305 75.1768 
-0.178749 0.0850916 0.980208 90.9724 0.0169621 0.996372 -0.0834017 -6.54107 -0.983748 0.00171848 -0.179544 74.9993 
-0.178452 0.087449 0.980055 92.1581 0.0164026 0.996169 -0.0859002 -6.64981 -0.983812 0.00074635 -0.179203 74.8336 
-0.177618 0.0863296 0.980306 93.3617 0.0152951 0.996267 -0.0849641 -6.75383 -0.983981 -9.72741e-05 -0.178275 74.658 
-0.17855 0.0836622 0.980367 94.6057 0.00737407 0.996464 -0.083693 -6.88079 -0.983903 -0.00771405 -0.178535 74.4654 
-0.17932 0.0858188 0.980041 95.8057 0.00310467 0.996232 -0.0866686 -6.95916 -0.983786 -0.0124987 -0.17891 74.2881 
-0.179431 0.0853608 0.98006 96.9399 0.000464517 0.996236 -0.0866846 -7.07042 -0.98377 -0.0150986 -0.178795 74.0793 
-0.180958 0.0831681 0.979968 98.1539 -0.00336414 0.99636 -0.0851805 -7.17626 -0.983485 -0.0187109 -0.18002 73.8676 
-0.183303 0.0815212 0.97967 99.3749 -0.00522349 0.996461 -0.0838958 -7.28318 -0.983042 -0.0204957 -0.182229 73.6906 
-0.185402 0.0801847 0.979386 100.626 -0.00765049 0.996517 -0.0830357 -7.40585 -0.982633 -0.0228877 -0.184143 73.4976 
-0.187209 0.0803373 0.979029 101.852 -0.00702285 0.996515 -0.0831152 -7.53269 -0.982295 -0.0224354 -0.185992 73.294 
-0.190288 0.07889 0.978553 103.112 -0.00801041 0.996608 -0.0819034 -7.63621 -0.981695 -0.0234239 -0.189011 73.0989 
-0.194202 0.0733 0.978219 104.305 -0.0113566 0.996969 -0.0769597 -7.75535 -0.980896 -0.026055 -0.192781 72.9193 
-0.198166 0.0731235 0.977437 105.491 -0.0131229 0.996926 -0.0772421 -7.87333 -0.98008 -0.0281335 -0.196598 72.6732 
-0.204781 0.0786003 0.975647 106.715 -0.0186327 0.996277 -0.0841732 -7.96516 -0.97863 -0.035416 -0.202554 72.4689 
-0.211025 0.0812302 0.974099 107.928 -0.0178253 0.996055 -0.0869228 -8.08188 -0.977318 -0.0357065 -0.208745 72.2132 
-0.219529 0.0782244 0.972465 109.239 -0.0149207 0.996395 -0.0835176 -8.17065 -0.975492 -0.0328444 -0.217571 71.9701 
-0.229937 0.0777582 0.970094 110.491 -0.0124246 0.996487 -0.0828188 -8.26273 -0.973126 -0.0310961 -0.228163 71.6556 
-0.242821 0.0783465 0.966902 111.706 -0.0120159 0.996414 -0.0837555 -8.37723 -0.969997 -0.0319558 -0.241009 71.3672 
-0.256705 0.079022 0.963254 112.852 -0.00889653 0.996416 -0.0841136 -8.48354 -0.966449 -0.030162 -0.255082 71.0714 
-0.270802 0.0763457 0.959603 114.003 -0.0083822 0.996625 -0.0816567 -8.6004 -0.962598 -0.0301564 -0.269248 70.7713 
-0.284851 0.0789493 0.955315 115.115 -0.00345398 0.996511 -0.0833839 -8.7262 -0.958565 -0.0270516 -0.283585 70.4149 
-0.299021 0.0837459 0.950565 116.265 -0.00154719 0.996098 -0.0882442 -8.80868 -0.954245 -0.0278575 -0.297724 70.0485 
-0.314287 0.0883598 0.945207 117.379 -0.00196802 0.995596 -0.0937247 -8.90317 -0.949326 -0.0313167 -0.312729 69.7205 
-0.330344 0.0872032 0.939824 118.564 -0.0032162 0.995613 -0.0935103 -9.01059 -0.943855 -0.0339132 -0.328614 69.3534 
-0.346631 0.0798191 0.934599 119.775 -0.00943236 0.996026 -0.0885636 -9.14752 -0.937954 -0.0395144 -0.344501 68.9698 
-0.362483 0.0771665 0.92879 120.929 -0.012132 0.996091 -0.087493 -9.24071 -0.931911 -0.0429827 -0.36013 68.5725 
-0.376472 0.0788556 0.923066 122.039 -0.0131533 0.995815 -0.0904351 -9.35098 -0.926334 -0.0461876 -0.37386 68.1319 
-0.39235 0.0803497 0.9163 123.173 -0.0135982 0.995562 -0.0931229 -9.4657 -0.919715 -0.0489967 -0.389516 67.7245 
-0.405864 0.0830419 0.910153 124.239 -0.0112142 0.995336 -0.0958148 -9.58843 -0.913865 -0.0490944 -0.40304 67.2617 
-0.419295 0.0844973 0.903909 125.335 -0.00817901 0.995267 -0.0968315 -9.68345 -0.907813 -0.0479941 -0.41662 66.7736 
-0.432573 0.0824181 0.897824 126.392 -0.00762396 0.995443 -0.0950526 -9.81689 -0.901566 -0.0479622 -0.429974 66.2883 
-0.447901 0.0817222 0.89034 127.518 -0.00738412 0.995442 -0.095084 -9.92994 -0.894052 -0.0491626 -0.445256 65.8128 
-0.462002 0.0833615 0.882952 128.568 -0.00897015 0.995083 -0.0986416 -10.0349 -0.886833 -0.0534928 -0.458982 65.2665 
-0.47663 0.0863564 0.874852 129.652 -0.00758445 0.994722 -0.102321 -10.1384 -0.879071 -0.0554045 -0.47346 64.7312 
-0.492124 0.0876394 0.866102 130.681 -0.00690027 0.994495 -0.104552 -10.2665 -0.870498 -0.0574289 -0.48881 64.2192 
-0.506237 0.0900803 0.857677 131.75 -0.00317644 0.994328 -0.106307 -10.406 -0.862389 -0.0565411 -0.503079 63.634 
-0.521152 0.09393 0.848279 132.784 -0.00355058 0.993678 -0.112211 -10.5307 -0.853456 -0.0614911 -0.517524 63.0572 
-0.536334 0.0968264 0.838433 133.823 -0.00180806 0.993263 -0.115864 -10.6522 -0.844004 -0.0636576 -0.532546 62.4603 
-0.5516 0.095459 0.828628 134.841 -0.00170326 0.993299 -0.115563 -10.7629 -0.834107 -0.0651559 -0.547741 61.8511 
-0.567 0.090517 0.818729 135.858 -0.00402508 0.993628 -0.112641 -10.9097 -0.823708 -0.0671629 -0.563023 61.2008 
-0.583193 0.0907519 0.807248 136.877 -0.0032151 0.993474 -0.11401 -11.0502 -0.812327 -0.0690854 -0.579095 60.5502 
-0.597894 0.0901273 0.796492 137.841 -0.00387967 0.993322 -0.115312 -11.1789 -0.801565 -0.0720345 -0.593552 59.8691 
-0.612784 0.090249 0.78508 138.847 -0.00274453 0.993208 -0.116317 -11.3064 -0.790246 -0.0734316 -0.608374 59.1389 
-0.627879 0.089538 0.773143 139.853 -0.00360774 0.993015 -0.117931 -11.4663 -0.778302 -0.0768359 -0.62317 58.3666 
-0.64174 0.0897419 0.761654 140.786 -0.00187915 0.992943 -0.118577 -11.6124 -0.76692 -0.0775268 -0.637042 57.6185 
-0.655903 0.0883727 0.749654 141.753 -0.000317731 0.993091 -0.117348 -11.7474 -0.754845 -0.0772072 -0.651343 56.8305 
-0.669682 0.0848077 0.73779 142.619 0.000426603 0.993502 -0.113814 -11.9017 -0.742648 -0.0759045 -0.665366 56.0645 
-0.682673 0.0847424 0.725794 143.451 0.00411667 0.993683 -0.112149 -12.0408 -0.730713 -0.0735729 -0.678709 55.2993 
-0.696745 0.0829966 0.712501 144.361 0.00345372 0.99366 -0.11237 -12.1647 -0.71731 -0.0758328 -0.692615 54.4589 
-0.710924 0.0840873 0.698224 145.228 0.00346116 0.993232 -0.116091 -12.3114 -0.70326 -0.0801154 -0.706404 53.6842 
-0.725613 0.0834849 0.683019 146.133 0.00238747 0.992912 -0.118826 -12.4549 -0.688098 -0.0845914 -0.72067 52.8628 
-0.740083 0.0803496 0.667699 146.98 0.000975568 0.992964 -0.11841 -12.5988 -0.672515 -0.0869819 -0.734954 51.9659 
-0.755506 0.0742895 0.650916 147.83 0.000169069 0.993572 -0.113201 -12.7375 -0.655142 -0.0854139 -0.750662 51.1346 
-0.771347 0.0714357 0.632392 148.66 -0.000204183 0.993652 -0.112493 -12.8836 -0.636414 -0.0869004 -0.766437 50.225 
-0.787283 0.0669708 0.612943 149.431 -0.00263617 0.993709 -0.11196 -13.0478 -0.616586 -0.0897597 -0.782154 49.3144 
-0.802187 0.0639198 0.593641 150.203 -0.0039935 0.993656 -0.112388 -13.185 -0.597059 -0.0925266 -0.796843 48.3406 
-0.817338 0.0609325 0.572927 150.962 -0.00405687 0.993759 -0.111477 -13.3403 -0.576144 -0.0934385 -0.81199 47.3335 
-0.831992 0.0624528 0.551262 151.703 -0.00122595 0.993434 -0.114397 -13.4921 -0.554787 -0.0958533 -0.826453 46.3143 
-0.845551 0.0619926 0.530283 152.408 0.00251206 0.993687 -0.112161 -13.6325 -0.533889 -0.0935059 -0.840369 45.2952 
-0.858527 0.0630955 0.508871 153.075 0.00732227 0.993808 -0.11087 -13.7714 -0.512716 -0.0914587 -0.853673 44.2962 
-0.871291 0.0632649 0.486671 153.705 0.00819157 0.993393 -0.114471 -13.8907 -0.490698 -0.0957508 -0.866053 43.2503 
-0.88281 0.0644351 0.465289 154.327 0.0096898 0.992834 -0.119107 -14.0374 -0.469629 -0.10064 -0.877109 42.1298 
-0.893353 0.0637207 0.444815 154.882 0.0116783 0.992853 -0.118774 -14.1918 -0.449205 -0.100912 -0.887712 40.9702 
-0.904136 0.0622493 0.422685 155.516 0.0143052 0.993185 -0.115668 -14.3699 -0.427004 -0.0985334 -0.898865 39.861 
-0.913112 0.0632608 0.40277 156.058 0.0167565 0.992877 -0.117957 -14.4998 -0.407363 -0.100959 -0.907669 38.7673 
-0.920999 0.0669054 0.383777 156.567 0.0214139 0.992347 -0.12161 -14.6331 -0.388977 -0.103785 -0.915383 37.6899 
-0.928968 0.0640456 0.364576 157.069 0.0203899 0.992276 -0.12236 -14.7977 -0.369597 -0.106234 -0.923099 36.5882 
-0.936171 0.0617087 0.346087 157.613 0.0203057 0.992321 -0.122008 -14.9365 -0.350958 -0.107193 -0.930235 35.4335 
-0.943191 0.0567339 0.32737 158.115 0.0176036 0.992462 -0.121278 -15.1307 -0.331783 -0.108625 -0.937081 34.333 
-0.948812 0.0547489 0.311058 158.589 0.0186747 0.992863 -0.117789 -15.3624 -0.315287 -0.105951 -0.943063 33.1527 
-0.95397 0.0530634 0.295172 159.048 0.018994 0.992937 -0.117114 -15.5072 -0.299301 -0.106117 -0.948239 31.9452 
-0.957993 0.0486007 0.282644 159.441 0.0167105 0.993321 -0.114163 -15.6493 -0.286305 -0.104644 -0.952407 30.623 
-0.961758 0.0468567 0.269862 159.802 0.0173456 0.9937 -0.11072 -15.7926 -0.27335 -0.101805 -0.956512 29.4542 
-0.96543 0.0473954 0.256318 160.201 0.0198956 0.99386 -0.108836 -15.9096 -0.259903 -0.0999742 -0.960445 28.2864 
-0.967625 0.0506486 0.247257 160.543 0.0239483 0.993662 -0.109823 -16.075 -0.251253 -0.100346 -0.962706 27.0495 
-0.969168 0.0574769 0.239604 160.902 0.0314927 0.993332 -0.110899 -16.229 -0.244381 -0.0999343 -0.964516 25.7958 
-0.970534 0.0595094 0.233502 161.229 0.0335623 0.992964 -0.113564 -16.3739 -0.238617 -0.102381 -0.965702 24.6001 
-0.972667 0.0547354 0.225662 161.629 0.0295591 0.993101 -0.113474 -16.5128 -0.230317 -0.103702 -0.967574 23.4202 
-0.974265 0.0486285 0.220098 161.961 0.0253755 0.993906 -0.107269 -16.6965 -0.223973 -0.0989235 -0.969562 22.2003 
-0.977194 0.0406346 0.208423 162.389 0.0186036 0.994128 -0.106594 -16.8165 -0.211531 -0.100286 -0.972213 21.0957 
-0.97861 0.0332587 0.203015 162.7 0.0111406 0.993965 -0.109133 -16.9467 -0.20542 -0.104537 -0.973075 19.8387 
-0.98083 0.0298617 0.192565 163.079 0.00807222 0.993567 -0.11296 -17.0755 -0.1947 -0.10924 -0.974761 18.7169 
-0.981645 0.0280724 0.18864 163.375 0.0059307 0.993122 -0.116929 -17.2061 -0.190625 -0.113664 -0.97506 17.49 
-0.983329 0.0264256 0.179906 163.767 0.00491207 0.992883 -0.118992 -17.3658 -0.18177 -0.116125 -0.97646 16.3259 
-0.984062 0.0281728 0.175578 164.098 0.00703921 0.992768 -0.119844 -17.54 -0.177685 -0.116698 -0.977144 15.1145 
-0.984022 0.0282924 0.175784 164.34 0.00682536 0.992562 -0.121545 -17.7133 -0.177915 -0.118403 -0.976896 13.9275 
-0.984722 0.0339352 0.170793 164.789 0.0128372 0.992305 -0.123149 -17.8408 -0.173658 -0.119075 -0.977581 12.6627 
-0.985345 0.0330869 0.167334 165.143 0.012406 0.99231 -0.123156 -18.0047 -0.170122 -0.119276 -0.978178 11.4536 
-0.985388 0.0426554 0.164896 165.669 0.0220475 0.991932 -0.124842 -18.0889 -0.168891 -0.119382 -0.978378 10.014 
-0.985772 0.0393849 0.163407 165.995 0.018719 0.991837 -0.126131 -18.2384 -0.167041 -0.121278 -0.978462 8.8791 
-0.985415 0.0362895 0.166252 166.264 0.0157963 0.992285 -0.122968 -18.4355 -0.169432 -0.118549 -0.978386 7.70876 
-0.984936 0.0331325 0.169716 166.55 0.0126574 0.992653 -0.120332 -18.6134 -0.172456 -0.116371 -0.978119 6.52228 
-0.986367 0.0332118 0.161176 167.157 0.013631 0.992546 -0.121104 -18.6798 -0.163997 -0.117256 -0.979467 5.47667 
-0.98561 0.0380767 0.164692 167.453 0.0178671 0.992308 -0.122495 -18.7865 -0.168089 -0.11779 -0.978709 4.3165 
-0.98562 0.0349978 0.165315 167.822 0.0139782 0.99185 -0.12664 -18.9 -0.1684 -0.122508 -0.978076 3.18866 
-0.98592 0.033986 0.163727 168.168 0.0124871 0.991358 -0.13059 -19.0382 -0.16675 -0.126707 -0.977824 2.23568 
-0.986773 0.0332595 0.158661 168.599 0.0117429 0.990821 -0.134668 -19.1216 -0.161684 -0.131024 -0.978106 1.31457 
-0.986224 0.0371783 0.16118 169.004 0.0149737 0.990479 -0.136846 -19.245 -0.164734 -0.132548 -0.977391 0.206627 
-0.98695 0.0368611 0.15675 169.609 0.0141523 0.989536 -0.14359 -19.3548 -0.160403 -0.139498 -0.977144 -0.919768 
-0.984849 0.0383677 0.169114 169.876 0.0140858 0.989694 -0.142506 -19.5758 -0.172839 -0.137965 -0.97524 -2.11268 
-0.983089 0.0376246 0.179221 170.162 0.0116291 0.989517 -0.143944 -19.7067 -0.182758 -0.139425 -0.973221 -3.25697 
-0.9798 0.0435977 0.195169 170.466 0.0151304 0.98931 -0.145038 -19.8911 -0.199406 -0.139155 -0.969986 -4.60667 
-0.97666 0.0464673 0.209703 170.754 0.016278 0.989523 -0.143452 -20.1072 -0.214172 -0.13669 -0.967184 -5.86036 
-0.975341 0.0434573 0.216382 171.452 0.0120875 0.989469 -0.144237 -20.3194 -0.220372 -0.138064 -0.965595 -7.18707 
-0.973018 0.0551287 0.224047 172.16 0.0227522 0.989229 -0.144598 -20.42 -0.229605 -0.135598 -0.963792 -8.51596 
-0.9705 0.053113 0.235179 172.427 0.0200576 0.989838 -0.140776 -20.6554 -0.240266 -0.131905 -0.961703 -9.38631 
-0.96599 0.0589405 0.251771 172.798 0.0243899 0.990103 -0.138208 -20.858 -0.257426 -0.127367 -0.957867 -10.6263 
-0.964322 0.0669802 0.256118 173.523 0.0304754 0.989118 -0.143931 -20.9015 -0.262971 -0.130991 -0.95587 -11.7677 
-0.965383 0.0544388 0.255092 174.072 0.0157558 0.988363 -0.151298 -21.0913 -0.26036 -0.142041 -0.955006 -12.5332 
-0.961494 0.0602449 0.26814 174.704 0.0184387 0.98762 -0.155778 -21.2228 -0.274206 -0.144836 -0.950702 -13.8781 
-0.96156 0.0805058 0.262528 175.384 0.040721 0.987292 -0.153611 -21.2423 -0.271558 -0.137015 -0.952619 -14.6419 
-0.957939 0.0889704 0.272832 176.108 0.048115 0.987063 -0.152944 -21.417 -0.28291 -0.133384 -0.949827 -15.9237 
-0.956167 0.0887733 0.27904 176.7 0.0460663 0.986675 -0.156047 -21.5525 -0.289174 -0.136353 -0.947516 -16.8654 
-0.95589 0.0821498 0.282002 177.519 0.0384145 0.98681 -0.157255 -21.7828 -0.291201 -0.139486 -0.946438 -17.892 
-0.949549 0.0842207 0.302097 177.953 0.0375189 0.986855 -0.157193 -22.0282 -0.311365 -0.137928 -0.940227 -18.9935 
-0.941015 0.0901412 0.326137 178.371 0.0393043 0.986457 -0.159241 -22.2272 -0.336075 -0.13703 -0.931814 -20.1263 
-0.932735 0.0914787 0.348765 178.813 0.0367577 0.986365 -0.160413 -22.4198 -0.358684 -0.136803 -0.92338 -21.1608 
-0.923248 0.0914216 0.373168 179.292 0.0333282 0.986673 -0.159266 -22.6371 -0.382755 -0.134605 -0.913991 -22.2355 
-0.913889 0.0906447 0.395714 179.749 0.0290031 0.986841 -0.15907 -22.8045 -0.404926 -0.133896 -0.904493 -23.1335 
-0.903415 0.0862906 0.419994 180.273 0.0185417 0.986485 -0.162796 -23.0128 -0.428366 -0.139285 -0.892806 -24.2635 
-0.89334 0.0846799 0.44133 180.821 0.0123006 0.986325 -0.164352 -23.183 -0.449212 -0.141393 -0.882166 -25.1603 
-0.883094 0.0861816 0.461212 181.336 0.0115784 0.98669 -0.162202 -23.3777 -0.469052 -0.1379 -0.872338 -25.8831 
-0.871039 0.0866925 0.483503 181.917 0.00737595 0.9865 -0.163593 -23.5306 -0.491158 -0.138929 -0.85992 -26.7902 
-0.859067 0.0875352 0.504322 182.481 0.00380613 0.986334 -0.164715 -23.6798 -0.511849 -0.139581 -0.84766 -27.5386 
-0.844382 0.0909999 0.527956 183.104 0.00269028 0.986176 -0.165677 -23.8719 -0.535734 -0.138475 -0.832955 -28.4274 
-0.828986 0.0921581 0.551624 183.739 -0.000799045 0.986134 -0.165951 -24.033 -0.559269 -0.138012 -0.817417 -29.2291 
-0.81392 0.092308 0.573596 184.4 -0.00327422 0.986553 -0.163411 -24.214 -0.580967 -0.134881 -0.802673 -29.9529 
-0.797335 0.089227 0.596904 185.105 -0.0115302 0.986579 -0.162878 -24.3789 -0.603426 -0.136751 -0.785605 -30.764 
-0.77694 0.0911705 0.622938 185.829 -0.0136045 0.986797 -0.161391 -24.5869 -0.629427 -0.133866 -0.765442 -31.6117 
-0.759182 0.092334 0.644296 186.351 -0.0153179 0.987078 -0.159507 -24.7563 -0.650698 -0.130964 -0.747957 -32.0667 
-0.742611 0.0957529 0.662843 186.834 -0.0164081 0.986828 -0.160938 -24.7974 -0.669522 -0.13039 -0.731258 -32.3989 
-0.722696 0.0953127 0.684562 187.163 -0.0211728 0.986928 -0.159764 -24.9198 -0.690841 -0.129955 -0.711231 -32.8424 
-0.700484 0.0948812 0.707333 187.962 -0.0286961 0.986577 -0.160757 -25.0668 -0.713091 -0.132905 -0.688358 -33.5249 
-0.676099 0.0957664 0.73056 188.778 -0.0302715 0.98707 -0.157406 -25.2435 -0.736188 -0.128537 -0.664458 -34.2088 
-0.651642 0.095843 0.752447 189.572 -0.0349124 0.987144 -0.155973 -25.3716 -0.757723 -0.127908 -0.639918 -34.8171 
-0.62652 0.0958471 0.773489 190.37 -0.038059 0.987464 -0.153189 -25.5309 -0.778475 -0.125415 -0.615018 -35.3844 
-0.601826 0.095125 0.792941 191.052 -0.0421371 0.987716 -0.150472 -25.6879 -0.797514 -0.12397 -0.590425 -35.8247 
-0.575345 0.0952696 0.812343 191.841 -0.0434527 0.98823 -0.146673 -25.8635 -0.816756 -0.119686 -0.564434 -36.293 
-0.547051 0.0960376 0.831572 192.771 -0.0440553 0.988717 -0.143168 -26.0521 -0.835939 -0.114955 -0.536647 -36.8304 
-0.51746 0.0966586 0.85023 193.746 -0.0493315 0.988578 -0.14241 -26.2295 -0.854284 -0.115635 -0.506781 -37.3836 
-0.490609 0.0960614 0.866069 194.493 -0.0525305 0.988837 -0.139436 -26.3671 -0.869795 -0.113903 -0.480086 -37.7513 
-0.463351 0.095995 0.88096 195.393 -0.0553348 0.989041 -0.136876 -26.5047 -0.884445 -0.11217 -0.452962 -38.1268 
-0.435106 0.096556 0.895187 196.357 -0.0607051 0.988825 -0.136162 -26.6524 -0.89833 -0.113587 -0.424382 -38.5435 
-0.407708 0.0976587 0.907875 197.273 -0.0639662 0.988767 -0.135086 -26.782 -0.910869 -0.113149 -0.396882 -38.8778 
-0.381967 0.0968482 0.919087 198.106 -0.0646992 0.989252 -0.13113 -26.907 -0.921908 -0.109552 -0.371595 -39.1208 
-0.358736 0.0973924 0.928344 198.879 -0.067384 0.989245 -0.129821 -26.9753 -0.931003 -0.109127 -0.348316 -39.2635 
-0.333861 0.0987532 0.937435 199.778 -0.0672081 0.989472 -0.128171 -27.0914 -0.940223 -0.105794 -0.323709 -39.444 
-0.308424 0.0988516 0.946099 200.609 -0.0654469 0.990024 -0.124777 -27.2333 -0.948995 -0.100403 -0.298878 -39.5837 
-0.28022 0.0989855 0.954818 201.594 -0.0636238 0.990567 -0.121364 -27.3869 -0.957825 -0.0947578 -0.271279 -39.8246 
-0.253833 0.0994627 0.962121 202.495 -0.0631439 0.990873 -0.119094 -27.4884 -0.965185 -0.090982 -0.245235 -39.9504 
-0.227572 0.0975715 0.96886 203.265 -0.0593062 0.991731 -0.113805 -27.6376 -0.971953 -0.0833583 -0.219904 -40.0002 
-0.201228 0.0983018 0.974599 204.086 -0.0584634 0.991973 -0.112125 -27.7473 -0.977798 -0.0795411 -0.193866 -40.0478 
-0.175701 0.0992843 0.979424 204.934 -0.0593054 0.992027 -0.111201 -27.8145 -0.982656 -0.0776232 -0.168412 -40.084 
-0.150463 0.0969967 0.983846 205.669 -0.0585203 0.992556 -0.106805 -27.9385 -0.986882 -0.0736451 -0.143666 -40.0582 
-0.122616 0.0961897 0.987782 206.58 -0.0594657 0.992792 -0.104059 -28.0525 -0.990671 -0.0714985 -0.116012 -40.093 
-0.0913869 0.0992662 0.990855 207.733 -0.0614031 0.992564 -0.105101 -28.1918 -0.99392 -0.0704464 -0.0846121 -40.1878 
-0.0612323 0.101245 0.992975 208.702 -0.0581047 0.992793 -0.10481 -28.2969 -0.996431 -0.0641143 -0.0549082 -40.1961 
-0.0300957 0.101419 0.994388 209.879 -0.0590193 0.992923 -0.103056 -28.4198 -0.997803 -0.0617897 -0.023897 -40.2164 
-0.000621431 0.100707 0.994916 211.01 -0.0604334 0.993094 -0.10056 -28.5177 -0.998172 -0.0601886 0.00546891 -40.1777 
0.0290227 0.0985088 0.994713 212.075 -0.0595612 0.993534 -0.0966543 -28.6124 -0.997803 -0.0564412 0.0347024 -40.116 
0.0569054 0.0976077 0.993597 213.212 -0.060705 0.993706 -0.0941418 -28.7613 -0.996532 -0.0549591 0.0624725 -40.0128 
0.0820606 0.0985104 0.991747 214.407 -0.0646802 0.993531 -0.093336 -28.8802 -0.994526 -0.0564872 0.0879014 -39.882 
0.106637 0.0974943 0.989507 215.569 -0.0651051 0.99373 -0.0908943 -28.9735 -0.992164 -0.0547293 0.112316 -39.7461 
0.13048 0.0955538 0.986836 216.865 -0.0661738 0.993965 -0.0874946 -29.0855 -0.98924 -0.0538864 0.136016 -39.5894 
0.152204 0.0927374 0.983989 218.076 -0.0655315 0.994344 -0.083577 -29.2035 -0.986174 -0.0517616 0.15742 -39.3698 
0.171694 0.0906385 0.980972 219.261 -0.065163 0.994623 -0.0804947 -29.3213 -0.982993 -0.0501026 0.176677 -39.0907 
0.19055 0.0907557 0.977473 220.386 -0.0646675 0.994715 -0.0797503 -29.3948 -0.979545 -0.0480143 0.195412 -38.8007 
0.208413 0.0909096 0.973807 221.482 -0.065321 0.994741 -0.0788841 -29.4907 -0.975857 -0.0471695 0.213255 -38.4714 
0.227862 0.0905491 0.969474 222.652 -0.065831 0.994821 -0.0774439 -29.5882 -0.971465 -0.0461749 0.232643 -38.1413 
0.247673 0.0878546 0.964852 223.794 -0.0657046 0.99511 -0.0737438 -29.6826 -0.966613 -0.0451309 0.252234 -37.8096 
0.268016 0.0840608 0.95974 224.973 -0.0653089 0.99548 -0.0689531 -29.8022 -0.961198 -0.044199 0.272294 -37.4692 
0.286928 0.0826555 0.954379 226.096 -0.0642649 0.995687 -0.0669122 -29.8752 -0.955794 -0.0421341 0.291003 -37.0497 
0.306819 0.0837481 0.948076 227.269 -0.063779 0.995691 -0.0673139 -29.971 -0.949628 -0.0398141 0.310839 -36.6771 
0.325091 0.0820098 0.94212 228.403 -0.0624185 0.995921 -0.0651548 -30.0726 -0.943621 -0.0376245 0.328884 -36.2557 
0.343226 0.0828303 0.935593 229.571 -0.0644472 0.995833 -0.0645208 -30.1436 -0.937039 -0.0381511 0.347134 -35.8299 
0.360231 0.079604 0.929461 230.732 -0.0639164 0.996117 -0.0605409 -30.2391 -0.930671 -0.0375991 0.36392 -35.3713 
0.376446 0.0784964 0.923107 231.829 -0.0627139 0.996277 -0.0591436 -30.3024 -0.924313 -0.0356273 0.379968 -34.8894 
0.391812 0.0786797 0.916675 232.918 -0.0645364 0.996233 -0.0579238 -30.4133 -0.917779 -0.0364637 0.395413 -34.3912 
0.40584 0.0787639 0.910544 234.061 -0.0607072 0.996402 -0.0591331 -30.4847 -0.911926 -0.031278 0.409161 -33.8617 
0.419954 0.0765157 0.904314 235.206 -0.0594169 0.99662 -0.0567334 -30.5707 -0.905598 -0.0299061 0.423081 -33.3327 
0.433292 0.0740554 0.898206 236.32 -0.0556346 0.996915 -0.055356 -30.6436 -0.899535 -0.0259861 0.436075 -32.7792 
0.444958 0.0725405 0.892609 237.482 -0.0552131 0.99704 -0.0535042 -30.763 -0.893848 -0.0254766 0.447646 -32.1977 
0.455337 0.0725966 0.887354 238.637 -0.0544 0.997076 -0.0536585 -30.7997 -0.888655 -0.0238394 0.457955 -31.6321 
0.461626 0.0719675 0.884151 239.761 -0.0581967 0.997013 -0.0507691 -30.9157 -0.885164 -0.0280183 0.464435 -31.0027 
0.466835 0.0707818 0.881507 240.965 -0.0593178 0.997053 -0.0486458 -31.0079 -0.882353 -0.0295796 0.469658 -30.3598 
0.469937 0.0695442 0.879956 242.045 -0.0578708 0.997174 -0.0479026 -31.0792 -0.880801 -0.0284126 0.472634 -29.6551 
0.473435 0.0672643 0.878256 243.062 -0.0557343 0.997369 -0.0463428 -31.1513 -0.879063 -0.0270087 0.475939 -29.0517 
0.476868 0.0633781 0.876687 244.177 -0.0529739 0.997656 -0.0433086 -31.2377 -0.877377 -0.025789 0.479108 -28.3784 
0.481516 0.0615933 0.87427 245.412 -0.0516144 0.997789 -0.0418681 -31.3324 -0.874916 -0.0249648 0.48363 -27.7106 
0.48486 0.0614643 0.872429 246.529 -0.051349 0.997807 -0.0417599 -31.4092 -0.873083 -0.0245507 0.486953 -27.0059 
0.487548 0.0629261 0.870825 247.632 -0.0533839 0.997682 -0.0422049 -31.4709 -0.871462 -0.0259112 0.489777 -26.3138 
0.489546 0.060182 0.869898 248.633 -0.0502239 0.997905 -0.040774 -31.5424 -0.87053 -0.023729 0.491543 -25.6324 
0.492236 0.0600537 0.868388 249.814 -0.0516836 0.997874 -0.0397122 -31.663 -0.868926 -0.0253337 0.494293 -24.8553 
0.496161 0.0593541 0.866199 250.74 -0.0528575 0.997875 -0.0381 -31.7545 -0.86662 -0.0268813 0.498244 -24.3682 
0.497473 0.0614284 0.865302 251.821 -0.0559188 0.997686 -0.0386781 -31.7844 -0.865675 -0.0291454 0.499756 -23.6841 
0.497224 0.0581358 0.865672 252.85 -0.0558855 0.997827 -0.0349115 -31.9692 -0.86582 -0.0310197 0.499392 -22.9559 
0.49261 0.0592927 0.868228 253.721 -0.0568836 0.997736 -0.0358629 -32.0128 -0.868389 -0.0317215 0.494868 -22.1029 
