1 2.12261e-08 -2.11895e-08 0 2.12261e-08 1 2.10703e-08 0 -2.11895e-08 2.10703e-08 1 0 
1 -0.000691841 -0.000273159 -0.0402728 0.00069223 0.999999 0.0012711 -0.00945109 0.000272237 -0.00127125 0.999999 1.28838 
0.999996 -0.00292015 0.00041441 -0.0970744 0.00291962 0.999995 0.00138762 -0.0199047 -0.000418503 -0.00138636 0.999999 2.50307 
0.999986 -0.00498727 0.00202636 -0.180109 0.00498389 0.999986 0.00169235 -0.0660567 -0.00203481 -0.00168218 0.999997 3.77701 
0.999984 -0.00522648 0.00223275 -0.212979 0.00522218 0.999985 0.00194602 -0.0903927 -0.00224292 -0.00193429 0.999996 5.02444 
0.999969 -0.00574349 0.00536913 -0.338325 0.00572933 0.99998 0.00265559 -0.0926459 -0.00538432 -0.0026247 0.999982 6.23327 
0.999919 -0.00717348 0.0104705 -0.522742 0.00713726 0.999968 0.00349649 -0.106126 -0.0104953 -0.00342144 0.999939 7.37125 
0.99986 -0.00707192 0.0151909 -0.679191 0.00700174 0.999965 0.00467101 -0.13865 -0.0152234 -0.00456395 0.999874 8.50812 
0.999781 -0.00662303 0.0198715 -0.849169 0.00655748 0.999973 0.00336398 -0.174875 -0.0198933 -0.00323289 0.999797 9.68137 
0.999707 -0.00379996 0.0238937 -0.964931 0.00377022 0.999992 0.00129156 -0.200923 -0.0238984 -0.00120105 0.999714 10.8886 
0.999579 -0.00104217 0.0289823 -1.10663 0.000996815 0.999998 0.00158089 -0.244674 -0.0289839 -0.00155129 0.999579 12.1234 
0.999565 0.00213247 0.0294021 -1.10513 -0.00215467 0.999997 0.000724687 -0.245618 -0.0294005 -0.000787682 0.999567 13.4502 
0.999515 0.0030465 0.0309787 -1.09468 -0.00308988 0.999994 0.00135413 -0.261143 -0.0309744 -0.00144915 0.999519 14.8028 
0.99944 0.000361606 0.0334472 -1.12424 -0.000488064 0.999993 0.00377404 -0.263606 -0.0334456 -0.00378821 0.999433 16.0973 
0.999394 -0.00371527 0.0345971 -1.1414 0.0035379 0.99998 0.0051878 -0.267577 -0.0346158 -0.00506222 0.999388 17.4277 
0.99937 -0.00705443 0.0347707 -1.11887 0.0069309 0.999969 0.00367321 -0.291489 -0.0347956 -0.00342986 0.999389 18.7786 
0.99933 -0.00885689 0.0355196 -1.12653 0.00883718 0.999961 0.000713268 -0.290562 -0.0355245 -0.000398856 0.999369 20.1459 
0.999326 -0.00719625 0.0359949 -1.10001 0.0072183 0.999974 -0.000481243 -0.31591 -0.0359905 0.000740782 0.999352 21.5222 
0.9993 -0.00414821 0.0371833 -1.07952 0.00413177 0.999991 0.000520105 -0.311837 -0.0371852 -0.000366067 0.999308 22.8824 
0.999274 -0.00467128 0.0378056 -1.0763 0.00453053 0.999983 0.00380891 -0.331902 -0.0378228 -0.00363483 0.999278 24.2507 
0.999246 -0.00773799 0.0380545 -1.05721 0.0075435 0.999958 0.00525276 -0.342083 -0.0380936 -0.00496169 0.999262 25.5871 
0.999202 -0.0105427 0.0385229 -1.07218 0.0104365 0.999941 0.00295895 -0.339178 -0.0385519 -0.0025545 0.999253 26.8972 
0.999191 -0.00987 0.0389839 -1.0727 0.00988029 0.999951 -7.03321e-05 -0.347671 -0.0389813 0.000455489 0.99924 28.2401 
0.999093 -0.00957735 0.041495 -1.10762 0.00968243 0.99995 -0.00233116 -0.377175 -0.0414706 0.00273086 0.999136 29.5797 
0.999047 -0.0067342 0.043137 -1.13073 0.00687228 0.999972 -0.00305242 -0.399534 -0.0431153 0.003346 0.999065 30.8983 
0.998898 -0.00485247 0.0466787 -1.20351 0.00515644 0.999966 -0.00639283 -0.396498 -0.0466462 0.00662652 0.99889 32.201 
0.998774 -0.00574303 0.0491648 -1.24401 0.00601501 0.999967 -0.00538503 -0.416681 -0.0491324 0.0056742 0.998776 33.5355 
0.998671 -0.00479682 0.0513203 -1.27557 0.00508558 0.999972 -0.00549669 -0.398715 -0.0512925 0.00575042 0.998667 34.9107 
0.998602 -0.00372128 0.0527328 -1.29861 0.00397694 0.999981 -0.00474328 -0.398284 -0.0527142 0.00494641 0.998597 36.248 
0.998539 -0.000974587 0.0540233 -1.28511 0.00131418 0.99998 -0.00625004 -0.371831 -0.0540161 0.00631195 0.99852 37.5759 
0.998486 0.00134512 0.0549871 -1.25859 -0.00100984 0.999981 -0.00612386 -0.418767 -0.0549943 0.00605911 0.998468 38.9742 
0.998377 0.00283281 0.0568891 -1.26025 -0.00250766 0.99998 -0.00578541 -0.425914 -0.0569044 0.0056334 0.998364 40.3211 
0.998283 0.00249742 0.0585158 -1.27957 -0.00218722 0.999983 -0.00536386 -0.445787 -0.0585282 0.00522671 0.998272 41.683 
0.998244 0.00109273 0.0592317 -1.26492 -0.000750367 0.999983 -0.00580134 -0.4604 -0.0592371 0.00574675 0.998227 43.0918 
0.99832 -0.00207449 0.0579034 -1.18186 0.00243187 0.999978 -0.0061016 -0.474272 -0.0578896 0.00623221 0.998304 44.536 
0.998311 -0.00324849 0.0580142 -1.15139 0.00358083 0.999978 -0.00562489 -0.499808 -0.0579947 0.00582317 0.9983 45.9145 
0.998305 -0.00348423 0.0581015 -1.11275 0.00373217 0.999984 -0.00415855 -0.529632 -0.0580862 0.00436838 0.998302 47.2348 
0.998368 -0.00443479 0.0569303 -1.07739 0.00474407 0.999975 -0.0052978 -0.528893 -0.0569054 0.00555928 0.998364 48.6163 
0.998387 -0.0055083 0.0564996 -1.04415 0.00581448 0.999969 -0.00525552 -0.544591 -0.056469 0.0055756 0.998389 50.049 
0.998435 -0.004346 0.0557563 -0.997583 0.00462935 0.999977 -0.00495302 -0.567218 -0.0557335 0.00520343 0.998432 51.5123 
0.998448 -0.00722735 0.0552129 -0.954735 0.00744364 0.999965 -0.00371197 -0.602062 -0.0551842 0.00411724 0.998468 52.9429 
0.998452 -0.00736042 0.0551345 -0.919673 0.00764732 0.999958 -0.00499357 -0.60966 -0.0550955 0.00540752 0.998466 54.3552 
0.998419 -0.0101977 0.0552707 -0.87767 0.0105085 0.999931 -0.00533517 -0.628296 -0.0552125 0.00590759 0.998457 55.7762 
0.998399 -0.0119579 0.0552813 -0.8302 0.0121899 0.999918 -0.00385979 -0.681732 -0.0552307 0.00452752 0.998463 57.2044 
0.998233 -0.0155498 0.0573431 -0.81016 0.015736 0.999872 -0.00279679 -0.703858 -0.0572923 0.00369424 0.998351 58.5469 
0.998112 -0.0189752 0.0584138 -0.789437 0.0191211 0.999815 -0.00193885 -0.71021 -0.0583663 0.00305217 0.998291 59.9586 
0.997964 -0.021295 0.0601164 -0.787598 0.0215166 0.999764 -0.00304079 -0.710619 -0.0600375 0.00432814 0.998187 61.3928 
0.99768 -0.0266614 0.0626353 -0.842805 0.0268565 0.999637 -0.0022742 -0.735235 -0.0625519 0.00395114 0.998034 62.6507 
0.99761 -0.0270656 0.0635753 -0.839412 0.0273699 0.999618 -0.00391882 -0.694218 -0.063445 0.00564954 0.997969 64.1718 
0.99753 -0.0269136 0.0648806 -0.819946 0.0272315 0.999621 -0.00401951 -0.694304 -0.0647479 0.00577642 0.997885 65.5562 
0.997464 -0.0233092 0.0672495 -0.840732 0.0236738 0.999709 -0.00462952 -0.648597 -0.067122 0.00620988 0.997725 66.9912 
0.997221 -0.0206947 0.0715716 -0.904346 0.0211026 0.999765 -0.00494687 -0.607672 -0.0714524 0.00644351 0.997423 68.2148 
0.997024 -0.0177698 0.0750204 -0.937093 0.0182312 0.999819 -0.00546885 -0.58094 -0.0749097 0.00682032 0.997167 69.483 
0.996948 -0.0140422 0.0767942 -0.912674 0.0146269 0.999868 -0.00705642 -0.555063 -0.076685 0.00815819 0.997022 70.7562 
0.99693 -0.012359 0.077321 -0.838084 0.0130564 0.999879 -0.00852016 -0.540261 -0.0772063 0.00950357 0.99697 72.2326 
0.996846 -0.0111834 0.0785681 -0.798035 0.011956 0.999885 -0.00936975 -0.538917 -0.0784543 0.0102796 0.996865 73.6082 
0.996718 -0.0145357 0.0796394 -0.812306 0.0153119 0.999841 -0.00914387 -0.525651 -0.0794939 0.0103333 0.996782 75.1035 
0.996559 -0.0144724 0.0816194 -0.799953 0.0153347 0.999833 -0.00994725 -0.548138 -0.0814619 0.0111647 0.996614 76.4698 
0.99642 -0.0177209 0.0826687 -0.773239 0.018752 0.999756 -0.0117116 -0.535853 -0.082441 0.0132199 0.996508 77.8873 
0.996296 -0.0201276 0.0836005 -0.727633 0.0213018 0.999686 -0.0131757 -0.512794 -0.0833092 0.0149078 0.996412 79.2607 
0.996145 -0.020701 0.0852505 -0.710287 0.0219088 0.999672 -0.0132559 -0.535342 -0.0849482 0.0150725 0.996271 80.6256 
0.996168 -0.0241169 0.084065 -0.613579 0.0253753 0.999581 -0.0139315 -0.542562 -0.0836938 0.0160113 0.996363 82.009 
0.996089 -0.0241479 0.0849923 -0.609053 0.0254355 0.999577 -0.0140985 -0.565182 -0.0846159 0.0162053 0.996282 83.3609 
0.996105 -0.0272622 0.08385 -0.51897 0.0284851 0.999504 -0.013422 -0.584513 -0.0834426 0.0157582 0.996388 84.7008 
0.996046 -0.0299883 0.0836208 -0.463221 0.0311562 0.999434 -0.0126963 -0.627309 -0.0831928 0.0152514 0.996417 86.061 
0.995876 -0.0341638 0.0840454 -0.464444 0.0352591 0.999311 -0.0115815 -0.660674 -0.0835919 0.0144971 0.996395 87.2152 
0.995715 -0.0383221 0.0841589 -0.413944 0.0394661 0.999149 -0.0119717 -0.663864 -0.0836285 0.0152419 0.99638 88.4874 
0.995558 -0.0401991 0.0851328 -0.36781 0.0413964 0.999067 -0.0123441 -0.675479 -0.0845571 0.0158135 0.996293 89.6962 
0.995377 -0.0419422 0.0864077 -0.34294 0.0432158 0.998982 -0.0129209 -0.697206 -0.0857779 0.0165953 0.996176 90.9889 
0.995359 -0.0417376 0.0867094 -0.275292 0.0430922 0.998976 -0.0138081 -0.711008 -0.0860443 0.0174805 0.996138 92.2281 
0.99523 -0.0424695 0.087822 -0.220706 0.0439341 0.998925 -0.0148103 -0.733024 -0.0870986 0.018598 0.996026 93.4831 
0.995102 -0.0413604 0.0897901 -0.196247 0.0428992 0.998963 -0.0152745 -0.774482 -0.0890652 0.0190516 0.995844 94.6383 
0.995024 -0.040301 0.0911251 -0.144175 0.041868 0.999005 -0.0153499 -0.796899 -0.0904159 0.0190888 0.995721 96.0381 
0.994915 -0.0387577 0.0929585 -0.101702 0.0403486 0.999069 -0.0152945 -0.795406 -0.0922792 0.0189676 0.995553 97.3012 
0.994724 -0.038736 0.0949942 -0.0656252 0.040229 0.999095 -0.0138508 -0.830005 -0.0943717 0.0175993 0.995382 98.5945 
0.994534 -0.039317 0.0967313 0.000513735 0.0409763 0.999044 -0.0152261 -0.865813 -0.0960403 0.0191066 0.995194 99.8447 
0.994386 -0.0389006 0.0984024 0.0542253 0.0408537 0.999005 -0.0179104 -0.896551 -0.0976078 0.02183 0.994986 101.098 
0.994289 -0.0403375 0.098805 0.137753 0.0424021 0.998922 -0.0188838 -0.935426 -0.0979369 0.0229655 0.994928 102.417 
0.993854 -0.0427145 0.102125 0.140668 0.0448688 0.998814 -0.0188901 -0.942984 -0.101197 0.0233562 0.994592 103.616 
0.993708 -0.0454105 0.102379 0.268323 0.0474132 0.998727 -0.0172121 -0.96494 -0.101467 0.0219579 0.994597 104.968 
0.993486 -0.0469403 0.103834 0.350949 0.048852 0.998679 -0.0159442 -1.03638 -0.102948 0.0209128 0.994467 106.17 
0.992995 -0.0479055 0.108011 0.316024 0.0500679 0.998594 -0.0173953 -1.07316 -0.107026 0.0226813 0.993998 107.389 
0.992648 -0.045867 0.11201 0.301187 0.0485838 0.998585 -0.0216448 -1.04835 -0.110859 0.0269276 0.993471 108.767 
0.992534 -0.0446811 0.113486 0.40025 0.0475821 0.998603 -0.0229816 -1.10967 -0.112301 0.02821 0.993274 110.088 
0.992367 -0.0410934 0.116269 0.476744 0.0441807 0.998733 -0.0240997 -1.12641 -0.115132 0.0290527 0.992925 111.458 
0.992074 -0.0387584 0.119527 0.547389 0.0417415 0.998874 -0.0225538 -1.19256 -0.118519 0.0273643 0.992575 112.755 
0.991833 -0.0391756 0.121381 0.645704 0.0419014 0.998922 -0.0199848 -1.25231 -0.120467 0.0249077 0.992405 114.086 
0.991712 -0.0392523 0.122335 0.775189 0.0420136 0.998915 -0.0200724 -1.29101 -0.121414 0.0250458 0.992286 115.444 
0.991464 -0.0386941 0.12451 0.883383 0.041742 0.998887 -0.0219629 -1.30409 -0.123521 0.0269727 0.991975 116.786 
0.991238 -0.0365897 0.126921 0.968606 0.0398036 0.998946 -0.0228777 -1.34851 -0.12595 0.0277292 0.991649 118.192 
0.991106 -0.0350668 0.128369 1.09113 0.038294 0.999007 -0.0227584 -1.41507 -0.127443 0.0274718 0.991465 119.592 
0.990837 -0.032557 0.131079 1.15712 0.036052 0.999053 -0.0243779 -1.47449 -0.130161 0.0288802 0.991072 120.953 
0.990764 -0.0321047 0.131745 1.3112 0.0358207 0.999022 -0.0259331 -1.50824 -0.130784 0.0304128 0.990944 122.288 
0.99028 -0.0313765 0.135505 1.37904 0.0351841 0.999048 -0.0257957 -1.58065 -0.134567 0.0303127 0.990441 123.575 
0.990233 -0.0331741 0.135419 1.56531 0.0369442 0.998994 -0.0254217 -1.61502 -0.13444 0.0301764 0.990462 124.921 
0.990031 -0.0346 0.136533 1.70205 0.0383301 0.998958 -0.0247851 -1.67346 -0.135534 0.0297714 0.990325 126.26 
0.990105 -0.0366123 0.135468 1.91699 0.0402715 0.998892 -0.0243696 -1.72877 -0.134425 0.029584 0.990482 127.603 
0.990299 -0.0400181 0.133068 2.12255 0.0436252 0.998752 -0.0243012 -1.77864 -0.131929 0.0298706 0.990809 128.965 
0.990379 -0.042538 0.131683 2.28184 0.0459189 0.998686 -0.0227436 -1.85732 -0.130542 0.0285715 0.991031 130.253 
0.990784 -0.0411053 0.129061 2.50645 0.0446324 0.998702 -0.0245546 -1.89296 -0.127885 0.0300887 0.991333 131.659 
0.990996 -0.0428717 0.126846 2.68733 0.0463987 0.998611 -0.0249802 -1.94442 -0.125599 0.0306408 0.991608 133.026 
0.991294 -0.0415916 0.124925 2.8315 0.0450097 0.998682 -0.0246627 -1.99527 -0.123734 0.0300709 0.99186 134.235 
0.99132 -0.0431583 0.124188 2.93273 0.0465638 0.998611 -0.0246502 -2.04741 -0.122951 0.030219 0.991953 135.495 
0.991585 -0.0436976 0.121861 3.09161 0.0471095 0.99857 -0.0252579 -2.09273 -0.120583 0.0307862 0.992226 136.827 
0.991752 -0.0451793 0.119947 3.25687 0.048622 0.998481 -0.0259305 -2.1443 -0.118593 0.0315487 0.992442 138.214 
0.991941 -0.044064 0.118788 3.37971 0.0476249 0.998492 -0.0273053 -2.19757 -0.117406 0.0327426 0.992544 139.596 
0.991825 -0.0465613 0.118812 3.48826 0.0504467 0.998279 -0.0299048 -2.25734 -0.117215 0.035654 0.992466 140.935 
0.991633 -0.0518544 0.118215 3.60815 0.0558437 0.997968 -0.030685 -2.31612 -0.116384 0.0370299 0.992514 142.274 
0.991297 -0.0599513 0.1172 3.73966 0.0637105 0.997559 -0.0285927 -2.37751 -0.115199 0.0358108 0.992697 143.54 
0.991095 -0.0671312 0.114999 3.89916 0.0706592 0.997138 -0.0268771 -2.43839 -0.112866 0.0347635 0.993002 144.88 
0.990855 -0.070921 0.114787 3.99017 0.0749138 0.996713 -0.0308472 -2.48901 -0.112222 0.0391643 0.992911 146.14 
0.990878 -0.0684105 0.116107 4.08355 0.0728343 0.996754 -0.0342905 -2.54148 -0.113384 0.0424343 0.992645 147.415 
0.990987 -0.0658394 0.116661 4.21144 0.0705554 0.99683 -0.0367623 -2.60018 -0.113871 0.0446621 0.992491 148.719 
0.990813 -0.0661345 0.117968 4.32181 0.0708199 0.99684 -0.0359733 -2.68287 -0.115217 0.0439973 0.992366 150.035 
0.990465 -0.0698209 0.118762 4.44881 0.074124 0.996729 -0.0322047 -2.75591 -0.116125 0.0407007 0.9924 151.344 
0.98992 -0.0763508 0.119289 4.56673 0.0802529 0.996374 -0.0282496 -2.84104 -0.116699 0.0375381 0.992458 152.636 
0.98947 -0.0803378 0.120393 4.66905 0.084134 0.996095 -0.0267793 -2.9105 -0.117771 0.0366265 0.992365 153.927 
0.989157 -0.0823938 0.121569 4.74535 0.086149 0.995944 -0.0259547 -2.9856 -0.118938 0.0361464 0.992244 155.182 
0.988752 -0.0804744 0.126072 4.78477 0.0842835 0.996124 -0.025168 -3.04044 -0.123558 0.0355107 0.991702 156.428 
0.988734 -0.077983 0.127767 4.88619 0.0818763 0.996316 -0.0255006 -3.10309 -0.125308 0.0356744 0.991476 157.714 
0.988571 -0.0762797 0.130033 4.99139 0.0804734 0.996383 -0.0272997 -3.14786 -0.12748 0.037452 0.991134 159.019 
0.988382 -0.0759639 0.131648 5.09826 0.0800642 0.996447 -0.0261294 -3.22578 -0.129196 0.0363662 0.990952 160.348 
0.988157 -0.0755251 0.13357 5.18422 0.0795026 0.996529 -0.0246918 -3.26401 -0.131241 0.0350186 0.990732 161.613 
0.987747 -0.0769115 0.135793 5.201 0.0809353 0.996422 -0.0243553 -3.31098 -0.133434 0.0350473 0.990438 163.08 
0.987524 -0.0757919 0.138029 5.24697 0.0802072 0.99642 -0.0267037 -3.35343 -0.135511 0.0374415 0.990068 164.389 
0.987259 -0.0720091 0.141893 5.25086 0.0768523 0.996622 -0.0289463 -3.41594 -0.139329 0.0394823 0.989459 165.643 
0.987516 -0.0674424 0.142349 5.39589 0.0725026 0.996897 -0.0306593 -3.46705 -0.139839 0.0405973 0.989342 167.044 
0.98739 -0.0639709 0.144803 5.47134 0.0688282 0.997213 -0.0287809 -3.55088 -0.142559 0.0383845 0.989042 168.289 
0.987233 -0.0644967 0.14564 5.62142 0.0689954 0.997277 -0.026047 -3.61041 -0.143563 0.0357629 0.988995 169.545 
0.986959 -0.0645189 0.147478 5.71892 0.0686207 0.99738 -0.0228906 -3.677 -0.145615 0.0327121 0.9888 170.799 
0.986962 -0.0704478 0.144715 5.94205 0.0742879 0.997009 -0.0212986 -3.74512 -0.142782 0.0317716 0.989244 172.218 
0.987047 -0.072029 0.143352 6.09244 0.0758491 0.996891 -0.021357 -3.82268 -0.141368 0.0319536 0.989441 173.541 
0.98715 -0.0692878 0.143996 6.19958 0.0739004 0.996902 -0.0269279 -3.87296 -0.141685 0.0372233 0.989212 174.861 
0.987236 -0.0673986 0.144301 6.30127 0.0728218 0.996811 -0.0326304 -3.89938 -0.141641 0.0427222 0.988996 176.261 
0.987279 -0.0620107 0.146408 6.34398 0.0675017 0.997179 -0.0328342 -3.99005 -0.143959 0.0422993 0.988679 177.537 
0.987345 -0.059078 0.147174 6.49197 0.0645065 0.997392 -0.0323844 -4.0332 -0.144877 0.0414683 0.98858 178.93 
0.98745 -0.0576846 0.147018 6.66407 0.0627265 0.997583 -0.029888 -4.05559 -0.144939 0.0387349 0.988682 180.325 
0.987288 -0.0570921 0.148335 6.79292 0.0617807 0.997719 -0.0271907 -4.15227 -0.146445 0.0360094 0.988563 181.658 
0.986998 -0.0599821 0.14912 6.92606 0.0644878 0.997591 -0.0255618 -4.23032 -0.147228 0.0348459 0.988489 182.964 
0.98652 -0.0626972 0.151154 7.00645 0.0671205 0.997448 -0.0243358 -4.31107 -0.149243 0.0341534 0.988211 184.239 
0.986392 -0.0660819 0.150544 7.21109 0.070447 0.997231 -0.0238436 -4.3595 -0.148551 0.0341246 0.988316 185.636 
0.986205 -0.0685286 0.15068 7.37308 0.0729409 0.997049 -0.0239466 -4.40853 -0.148594 0.034607 0.988293 186.99 
0.985857 -0.0718039 0.151425 7.54852 0.0761885 0.99682 -0.023348 -4.46035 -0.149267 0.0345547 0.988193 188.355 
0.985393 -0.0757629 0.152513 7.7101 0.0800328 0.996548 -0.0220463 -4.5213 -0.150317 0.0339303 0.988056 189.738 
0.984884 -0.078621 0.154342 7.8596 0.0830477 0.996293 -0.0224357 -4.57062 -0.152006 0.0349143 0.987763 191.142 
0.984963 -0.0766692 0.154822 8.05087 0.0817746 0.996289 -0.0268713 -4.62987 -0.152188 0.0391278 0.987577 192.597 
0.985432 -0.0673704 0.156155 8.21456 0.0731953 0.996809 -0.0318503 -4.69922 -0.153511 0.0428162 0.987219 193.971 
0.985751 -0.0581116 0.157852 8.38519 0.0639955 0.997423 -0.0324467 -4.76734 -0.155559 0.0420862 0.98693 195.394 
0.985618 -0.0498799 0.161461 8.46269 0.055232 0.998057 -0.0288283 -4.83098 -0.159709 0.0373315 0.986458 196.738 
0.985388 -0.049623 0.162938 8.64477 0.0546243 0.998159 -0.0263563 -4.90343 -0.16133 0.0348715 0.986284 198.158 
0.985461 -0.0509531 0.162081 8.85511 0.0559552 0.998083 -0.0264445 -4.95369 -0.160423 0.0351293 0.986423 199.609 
0.985536 -0.054538 0.16045 9.07259 0.0595002 0.997882 -0.0262826 -5.0242 -0.158677 0.0354493 0.986694 201.072 
0.985451 -0.0569848 0.160121 9.26395 0.0619315 0.99774 -0.0260702 -5.10333 -0.158273 0.0356074 0.986753 202.503 
0.985554 -0.0543498 0.160404 9.42264 0.0595191 0.997846 -0.0275959 -5.14735 -0.158559 0.0367444 0.986666 203.873 
0.985546 -0.0521976 0.161166 9.57082 0.0573432 0.997977 -0.027439 -5.21263 -0.159408 0.0362842 0.986546 205.263 
0.985436 -0.0506491 0.162327 9.72913 0.0557475 0.99808 -0.027006 -5.2812 -0.160648 0.0356621 0.986367 206.66 
0.98537 -0.051506 0.162462 9.91244 0.056756 0.998 -0.0278381 -5.33017 -0.160703 0.0366515 0.986322 208.122 
0.985358 -0.0517904 0.162443 10.1184 0.0573981 0.9979 -0.0300165 -5.34972 -0.160547 0.038901 0.986261 209.631 
0.985209 -0.0539843 0.162631 10.3146 0.059514 0.997797 -0.0293199 -5.43935 -0.16069 0.0385651 0.986251 210.969 
0.984769 -0.0544223 0.165131 10.4203 0.0598963 0.997802 -0.0283489 -5.53111 -0.163226 0.0378079 0.985864 212.329 
0.984651 -0.0553988 0.165512 10.5959 0.0610304 0.997711 -0.0291312 -5.5824 -0.163519 0.0387853 0.985778 213.736 
0.984404 -0.0548461 0.167155 10.7294 0.0606541 0.997713 -0.029837 -5.6349 -0.165136 0.0395103 0.985479 215.21 
0.984451 -0.0543725 0.167031 10.9248 0.0602091 0.997733 -0.0300761 -5.70138 -0.165017 0.0396653 0.985493 216.659 
0.984233 -0.0552627 0.168023 11.0884 0.0611886 0.997666 -0.030294 -5.75513 -0.165956 0.0400975 0.985318 218.041 
0.983709 -0.0558039 0.170888 11.1948 0.0615555 0.997696 -0.0285416 -5.86598 -0.168901 0.0385958 0.984877 219.447 
0.983657 -0.0558395 0.171178 11.4104 0.061633 0.997686 -0.0287151 -5.9303 -0.169178 0.038796 0.984822 220.929 
0.983262 -0.0575195 0.17288 11.5777 0.0633877 0.997579 -0.0286123 -6.00887 -0.170816 0.0390919 0.984527 222.372 
0.983019 -0.0582231 0.174025 11.7648 0.0641789 0.997523 -0.0287896 -6.06912 -0.171917 0.0394695 0.98432 223.828 
0.982669 -0.0598819 0.175429 11.9682 0.0657253 0.997454 -0.027685 -6.13473 -0.173324 0.0387353 0.984103 225.306 
0.981955 -0.0602945 0.179248 12.0644 0.0661472 0.997449 -0.0268501 -6.2205 -0.177171 0.0382223 0.983438 226.75 
0.981209 -0.059977 0.18339 12.1484 0.0659349 0.99747 -0.0265584 -6.30761 -0.181333 0.0381512 0.982681 228.317 
0.980733 -0.0591969 0.186166 12.3279 0.0655799 0.997446 -0.0283115 -6.34578 -0.184015 0.0399748 0.98211 229.798 
0.98057 -0.0583066 0.187303 12.5593 0.0646543 0.997516 -0.0279559 -6.40717 -0.185208 0.0395227 0.981904 231.3 
0.980355 -0.0577952 0.188586 12.7675 0.0638409 0.997618 -0.0261372 -6.46676 -0.186626 0.0376633 0.981709 232.76 
0.979626 -0.0589055 0.191997 12.9145 0.0649665 0.997564 -0.0254214 -6.52888 -0.190032 0.0373769 0.981066 234.312 
0.979479 -0.0563319 0.193512 13.1615 0.063051 0.997597 -0.0287348 -6.56341 -0.191428 0.0403463 0.980677 235.829 
0.978681 -0.0557947 0.197664 13.3138 0.0629718 0.997558 -0.030207 -6.62568 -0.195496 0.0420103 0.979804 237.326 
0.978543 -0.055285 0.198487 13.5831 0.0623253 0.997623 -0.029394 -6.70895 -0.19639 0.0411341 0.979663 238.806 
0.978226 -0.0552593 0.200052 13.807 0.0622516 0.997644 -0.0288273 -6.76916 -0.197988 0.0406532 0.979361 240.357 
0.978098 -0.0552173 0.200688 14.0597 0.0619077 0.997711 -0.0272104 -6.87987 -0.198727 0.0390387 0.979277 241.839 
0.978216 -0.054252 0.200375 14.3387 0.0607574 0.997802 -0.0264557 -6.97865 -0.1985 0.0380537 0.979362 243.351 
0.977515 -0.0525889 0.204204 14.5025 0.0591654 0.997904 -0.0262305 -7.03961 -0.202396 0.0377226 0.978577 244.813 
0.977753 -0.0523015 0.203134 14.793 0.0587581 0.997937 -0.0258808 -7.11406 -0.201361 0.0372409 0.978809 246.318 
0.977799 -0.0512582 0.203177 15.0648 0.0576481 0.998007 -0.0256534 -7.19503 -0.201457 0.0367967 0.978806 247.82 
0.977393 -0.0535519 0.204534 15.3113 0.0600957 0.997856 -0.0259127 -7.24595 -0.202708 0.0376186 0.978516 249.342 
0.977393 -0.055505 0.204015 15.5937 0.0618266 0.99778 -0.0247383 -7.31558 -0.202189 0.0367927 0.978655 250.824 
0.977396 -0.0581655 0.203259 15.8925 0.0645162 0.99761 -0.0247534 -7.36253 -0.201334 0.0373074 0.978812 252.366 
0.977067 -0.0613136 0.203912 16.1438 0.0679226 0.997363 -0.0255652 -7.42394 -0.201807 0.0388292 0.978655 253.84 
0.976383 -0.0620635 0.206942 16.3001 0.0689841 0.997269 -0.026388 -7.50466 -0.204739 0.0400405 0.977997 255.121 
0.97511 -0.0668485 0.211403 16.3721 0.0734556 0.997021 -0.0235471 -7.59726 -0.209199 0.0384898 0.977115 256.966 
0.974653 -0.0683455 0.213026 16.6235 0.0747964 0.996948 -0.0223614 -7.65335 -0.210847 0.0377282 0.976791 258.378 
0.974414 -0.0714306 0.213106 16.9266 0.0782322 0.996655 -0.0236451 -7.69954 -0.210704 0.039712 0.976743 259.938 
0.97402 -0.0720441 0.214697 17.182 0.0792034 0.996547 -0.0249204 -7.76265 -0.21216 0.0412777 0.976363 261.351 
0.973937 -0.0712659 0.215331 17.4715 0.0785422 0.996587 -0.0254146 -7.80461 -0.212785 0.0416648 0.97621 262.759 
0.973298 -0.0713588 0.218173 17.6865 0.0788017 0.996562 -0.025594 -7.84805 -0.215596 0.042103 0.975574 264.313 
0.972964 -0.0683404 0.220613 17.9393 0.0760519 0.996748 -0.0266424 -7.91019 -0.218075 0.0427003 0.974997 265.827 
0.97206 -0.0670542 0.224953 18.1147 0.0747383 0.996869 -0.0258089 -8.01684 -0.222518 0.0419004 0.974028 267.269 
0.971629 -0.0679013 0.226555 18.3907 0.0757207 0.99679 -0.0259938 -8.08072 -0.224063 0.0424113 0.973651 268.864 
0.97065 -0.0656894 0.231352 18.5759 0.0740624 0.996869 -0.0276845 -8.13369 -0.228809 0.0440065 0.972476 270.462 
0.97031 -0.0665442 0.232529 18.8978 0.0751183 0.996776 -0.0282046 -8.20196 -0.229902 0.0448344 0.972181 272.004 
0.969622 -0.0653791 0.235708 19.1431 0.0739804 0.996871 -0.0278245 -8.3023 -0.233151 0.044417 0.971426 273.589 
0.969211 -0.0656685 0.237315 19.4624 0.0741978 0.996873 -0.0271795 -8.38955 -0.234788 0.0439509 0.971053 275.149 
0.968348 -0.0656688 0.24081 19.7066 0.0742719 0.996877 -0.026815 -8.47356 -0.238297 0.0438517 0.970202 276.629 
0.967592 -0.0635784 0.244385 19.9538 0.0730109 0.996888 -0.0297242 -8.55028 -0.241734 0.0466036 0.969223 278.205 
0.96754 -0.0639185 0.244501 20.303 0.0738865 0.996759 -0.0318063 -8.63568 -0.241676 0.0488393 0.969127 279.685 
0.967547 -0.0624785 0.244846 20.6331 0.0723662 0.996878 -0.0315879 -8.73728 -0.242108 0.0482814 0.969047 281.195 
0.967003 -0.0642632 0.246528 20.89 0.0747132 0.99665 -0.0332612 -8.77165 -0.243565 0.0505826 0.968565 282.715 
0.967329 -0.0643403 0.245226 21.2938 0.0748775 0.996617 -0.0338811 -8.84209 -0.242216 0.0511361 0.968874 284.22 
0.967502 -0.0657119 0.244176 21.6575 0.0762824 0.996504 -0.0340788 -8.91627 -0.241083 0.0515976 0.969132 285.729 
0.967846 -0.0666581 0.24255 22.035 0.0769006 0.996493 -0.0329977 -9.00235 -0.2395 0.050589 0.969578 287.183 
0.967856 -0.0676194 0.242245 22.3653 0.0776831 0.996457 -0.0322241 -9.09268 -0.239208 0.0500066 0.96968 288.729 
0.968518 -0.067624 0.239583 22.7558 0.077448 0.996489 -0.0318185 -9.14274 -0.23659 0.049372 0.970354 290.207 
0.969212 -0.0642718 0.237692 23.1109 0.0737472 0.996789 -0.0311797 -9.20801 -0.234925 0.0477489 0.97084 291.721 
0.969258 -0.0650383 0.237294 23.5154 0.0744181 0.996752 -0.0307772 -9.28906 -0.234521 0.0474901 0.97095 293.338 
0.969218 -0.0656678 0.237287 23.8467 0.075189 0.996678 -0.0312904 -9.34623 -0.234444 0.0481686 0.970936 294.838 
0.969804 -0.0656305 0.234888 24.287 0.0752246 0.996649 -0.0321111 -9.41565 -0.231994 0.0488109 0.971492 296.418 
0.969482 -0.0691829 0.235198 24.6496 0.0789739 0.996348 -0.0324555 -9.50865 -0.232094 0.0500396 0.971405 298.036 
0.96931 -0.0700584 0.235648 24.9567 0.0804458 0.996153 -0.0347463 -9.59314 -0.232307 0.0526369 0.971217 299.49 
0.969409 -0.071388 0.234842 25.3024 0.0818584 0.996025 -0.03513 -9.68246 -0.2314 0.0532791 0.971399 300.954 
0.969728 -0.0709763 0.233644 25.5233 0.0816881 0.99599 -0.0364807 -9.75573 -0.230118 0.0544623 0.971638 302.305 
0.970329 -0.0707905 0.231193 25.8519 0.0813018 0.99603 -0.0362468 -9.83029 -0.227709 0.0539678 0.972232 303.816 
0.970859 -0.0695837 0.229327 26.2044 0.079346 0.99628 -0.0336151 -9.88973 -0.226135 0.0508318 0.972769 305.331 
0.970893 -0.0720462 0.228419 26.5345 0.0811914 0.99622 -0.0308828 -9.95899 -0.225331 0.0485296 0.973073 306.827 
0.970605 -0.0735768 0.229155 26.7813 0.0829066 0.996064 -0.0313423 -9.98953 -0.225947 0.0494195 0.972885 308.234 
0.970232 -0.07349 0.230758 27.0075 0.0832049 0.995998 -0.0326407 -10.0733 -0.227436 0.0508693 0.972464 309.692 
0.969711 -0.0733635 0.232979 27.2317 0.0832867 0.995978 -0.0330307 -10.1365 -0.229619 0.0514343 0.971921 311.149 
0.969073 -0.075333 0.234994 27.4575 0.0851334 0.995861 -0.0318271 -10.2356 -0.231624 0.0508486 0.971476 312.555 
0.968101 -0.0758829 0.238794 27.6213 0.0858441 0.995808 -0.0315792 -10.2841 -0.235396 0.0510709 0.970557 313.877 
0.967941 -0.0726107 0.240454 27.8865 0.0830191 0.995987 -0.0334291 -10.3398 -0.237062 0.0523197 0.970085 315.341 
0.967431 -0.070493 0.243121 28.1344 0.0813387 0.996077 -0.0348514 -10.3978 -0.239711 0.0534915 0.96937 316.794 
0.966777 -0.0728308 0.245026 28.4222 0.0832559 0.996 -0.0324469 -10.4788 -0.241683 0.0517689 0.968973 318.26 
0.966041 -0.0735626 0.247695 28.6741 0.0840135 0.995955 -0.0318758 -10.5577 -0.244348 0.051603 0.968314 319.749 
0.965686 -0.0749418 0.248667 28.9948 0.0857142 0.995781 -0.0327641 -10.6298 -0.245162 0.0529542 0.968035 321.234 
0.96522 -0.0735364 0.250884 29.2744 0.0844196 0.995888 -0.0328815 -10.6892 -0.247435 0.0529174 0.967458 322.706 
0.965019 -0.0688818 0.252968 29.5696 0.080541 0.996101 -0.0360139 -10.7733 -0.249501 0.0551284 0.966804 324.188 
0.964588 -0.0649114 0.255649 29.8285 0.0775887 0.99619 -0.0398086 -10.8474 -0.252091 0.0582344 0.96595 325.587 
0.964051 -0.0634619 0.258027 30.0806 0.0763611 0.996267 -0.0402709 -10.9083 -0.254508 0.0585264 0.965298 327.032 
0.963651 -0.0636023 0.259484 30.3762 0.0756021 0.996469 -0.0365196 -10.9938 -0.256245 0.0548097 0.965057 328.51 
0.963189 -0.0636727 0.261177 30.6674 0.0749644 0.996624 -0.0334909 -11.0879 -0.258163 0.0518371 0.96471 329.967 
0.962983 -0.0610987 0.262547 30.9441 0.0730645 0.996676 -0.036048 -11.1429 -0.259471 0.0538965 0.964246 331.436 
0.963006 -0.0618833 0.262279 31.2811 0.0736733 0.996656 -0.0353493 -11.2856 -0.259214 0.0533645 0.964344 332.896 
0.963217 -0.0630289 0.261227 31.66 0.0746786 0.996597 -0.0349018 -11.3567 -0.258139 0.0531261 0.964646 334.466 
0.963401 -0.0651877 0.260019 32.0619 0.0767904 0.996443 -0.0347051 -11.4307 -0.256832 0.0534019 0.96498 336.031 
0.962979 -0.0656134 0.261469 32.3756 0.0776054 0.996341 -0.0357938 -11.4922 -0.258164 0.0547602 0.964548 337.503 
0.962196 -0.0662029 0.264189 32.6708 0.0784966 0.996256 -0.0362394 -11.5876 -0.260801 0.0556074 0.96379 338.998 
0.961941 -0.0671013 0.264892 33.0432 0.0796087 0.996148 -0.0367545 -11.6559 -0.261406 0.0564433 0.963577 340.521 
0.959677 -0.0670118 0.273002 33.1582 0.080087 0.9961 -0.0370222 -11.7379 -0.269456 0.0573933 0.961301 342.002 
0.958832 -0.0684707 0.275597 33.4692 0.0816343 0.995991 -0.0365656 -11.8508 -0.271989 0.0575584 0.960578 343.448 
0.958664 -0.0695413 0.275913 33.886 0.0830805 0.99583 -0.0376745 -11.8968 -0.272142 0.0590402 0.960444 345.045 
0.958144 -0.0708427 0.277382 34.2601 0.0847074 0.995669 -0.0383078 -11.9506 -0.273467 0.0602008 0.959996 346.563 
0.957612 -0.0693767 0.279582 34.5966 0.0832779 0.995796 -0.0381383 -12.0803 -0.275761 0.0598047 0.959364 348.087 
0.956438 -0.0698961 0.283445 34.8936 0.0847325 0.995584 -0.0404094 -12.1207 -0.279369 0.0626661 0.958137 349.579 
0.956005 -0.0706362 0.284719 35.3094 0.0851451 0.995609 -0.0388909 -12.2197 -0.280722 0.0614224 0.957822 351.155 
0.956845 -0.0711004 0.281765 35.8633 0.0860354 0.995449 -0.0409766 -12.2341 -0.277569 0.0634501 0.958608 352.769 
0.95663 -0.072404 0.282163 36.2945 0.0877051 0.995262 -0.0419628 -12.3225 -0.277788 0.0648901 0.958448 354.377 
0.955799 -0.0696759 0.285645 36.6539 0.085739 0.995341 -0.0441038 -12.3815 -0.281241 0.0666453 0.95732 355.924 
0.954976 -0.0680623 0.288772 37.0205 0.0844865 0.995418 -0.0447832 -12.4415 -0.2844 0.0671642 0.95635 357.453 
0.954874 -0.0656909 0.289656 37.4481 0.0820267 0.995631 -0.0446087 -12.5364 -0.28546 0.0663553 0.956091 359.04 
0.954601 -0.0657408 0.290543 37.9344 0.0825486 0.995527 -0.0459627 -12.6142 -0.286222 0.06786 0.955757 360.698 
0.954395 -0.0654882 0.291276 38.3813 0.0829666 0.995393 -0.0480517 -12.6918 -0.286788 0.0700265 0.955431 362.243 
0.954403 -0.0639189 0.291597 38.8251 0.0815298 0.995484 -0.0486357 -12.7872 -0.287171 0.070192 0.955304 363.809 
0.953721 -0.062919 0.294037 39.2429 0.0814361 0.995365 -0.0511496 -12.8473 -0.289456 0.0727277 0.954425 365.438 
0.953118 -0.0601223 0.296567 39.6684 0.0792364 0.995454 -0.0528466 -12.9204 -0.292041 0.0738679 0.953549 367.055 
0.952584 -0.0582795 0.298643 40.1467 0.0783889 0.99536 -0.055795 -12.9724 -0.294006 0.0765597 0.952733 368.794 
0.95236 -0.0579206 0.299425 40.5949 0.0780318 0.995397 -0.0556413 -13.1105 -0.294824 0.0763552 0.952496 370.371 
0.952439 -0.0539619 0.299914 41.0743 0.0744414 0.995579 -0.0572746 -13.2423 -0.295497 0.0768766 0.952245 371.982 
0.952536 -0.0552452 0.29937 41.5682 0.0758234 0.995459 -0.0575548 -13.3466 -0.294831 0.0775224 0.9524 373.545 
0.951933 -0.0523567 0.3018 41.9755 0.0725982 0.995774 -0.0562394 -13.4946 -0.29758 0.0754462 0.951711 375.167 
0.952043 -0.0518798 0.301533 42.4623 0.0718033 0.995881 -0.0553627 -13.6313 -0.297418 0.0743587 0.951847 376.768 
0.951935 -0.0500281 0.302187 42.9212 0.0705364 0.99586 -0.0573321 -13.7188 -0.298068 0.0758916 0.951523 378.353 
0.951453 -0.0481408 0.304007 43.3336 0.0690079 0.995913 -0.0582673 -13.8287 -0.299959 0.0764175 0.950886 379.886 
0.951107 -0.0506687 0.304677 43.7656 0.0715818 0.995755 -0.0578589 -13.9318 -0.300453 0.0768394 0.950697 381.519 
0.950788 -0.0472461 0.30622 44.1695 0.0685883 0.995881 -0.0593082 -14.0819 -0.302157 0.0773927 0.950111 383.011 
0.949789 -0.0457105 0.309535 44.5278 0.0677911 0.995836 -0.0609528 -14.2161 -0.30546 0.0788761 0.948933 384.657 
0.94869 -0.0493656 0.31233 44.8774 0.0713658 0.99568 -0.0593975 -14.3895 -0.308049 0.0786396 0.948115 386.414 
0.948007 -0.0498612 0.314321 45.2955 0.0713481 0.995809 -0.0572224 -14.5455 -0.31015 0.0766734 0.947591 388.026 
0.946112 -0.0528901 0.31949 45.5682 0.0742665 0.995716 -0.0550907 -14.7299 -0.315208 0.0758495 0.945987 390.052 
0.944506 -0.0563467 0.323625 45.9011 0.0782968 0.995401 -0.0552006 -14.8412 -0.319026 0.0774761 0.944574 391.648 
0.941565 -0.0556571 0.332201 46.0521 0.0789489 0.995246 -0.0570226 -14.9533 -0.327448 0.0799174 0.941483 393.435 
