1 2.12261e-08 -2.11895e-08 0 2.12261e-08 1 2.10703e-08 0 -2.11895e-08 2.10703e-08 1 0 
0.999995 -0.00196629 -0.00253911 0.0186274 0.00196412 0.999998 -0.000874126 -0.00464598 0.00254078 0.000869176 0.999996 0.57688 
0.999993 -0.00263886 -0.00269749 -0.0279263 0.00263488 0.999995 -0.00149511 -0.0331918 0.00270138 0.00148804 0.999995 1.14857 
0.999987 -0.00361605 -0.00373842 -0.0848168 0.0036081 0.999991 -0.0021431 -0.0536713 0.0037461 0.00212963 0.999991 1.70963 
0.999973 -0.00557026 -0.00480971 -0.112223 0.00554867 0.999975 -0.00449967 -0.0560634 0.00483461 0.0044729 0.999978 2.25552 
0.999947 -0.00826664 -0.0061433 -0.151106 0.00822489 0.999943 -0.00679754 -0.0552274 0.0061991 0.0067467 0.999958 2.85512 
0.999928 -0.00961737 -0.00724563 -0.16883 0.00957019 0.999933 -0.00652331 -0.0858904 0.00730784 0.00645354 0.999953 3.43515 
0.999914 -0.0104314 -0.0079228 -0.199812 0.010386 0.99993 -0.0057555 -0.0939141 0.00798224 0.00567276 0.999952 4.00578 
0.999916 -0.010725 -0.0072402 -0.269848 0.0106854 0.999928 -0.00549513 -0.127618 0.00729858 0.00541735 0.999959 4.62417 
0.999913 -0.0102651 -0.0083007 -0.290726 0.0102003 0.999917 -0.00782313 -0.13799 0.00838027 0.00773782 0.999935 5.19695 
0.999923 -0.00876585 -0.00873437 -0.342821 0.00865262 0.999879 -0.0129232 -0.128699 0.00884655 0.0128467 0.999878 5.79523 
0.999931 -0.0074961 -0.00903009 -0.395386 0.00733322 0.999812 -0.0179427 -0.109984 0.00916285 0.0178752 0.999798 6.433 
0.999942 -0.00553932 -0.00918892 -0.434726 0.00537325 0.999824 -0.0180046 -0.119093 0.00928699 0.0179542 0.999796 7.06809 
0.999956 -0.00372566 -0.00859025 -0.520648 0.00363144 0.999933 -0.0109633 -0.135009 0.00863048 0.0109317 0.999903 7.75856 
0.999961 -0.0026758 -0.00839079 -0.570401 0.00266244 0.999995 -0.00160764 -0.12865 0.00839501 0.00158528 0.999964 8.44971 
0.999973 0.000778616 -0.00731485 -0.636884 -0.000733361 0.999981 0.00618172 -0.17255 0.00731948 -0.00617614 0.999954 9.12688 
0.999955 0.00131513 -0.00941915 -0.649934 -0.00126877 0.999987 0.00492226 -0.17712 0.00942546 -0.00491004 0.999944 9.80927 
0.99994 0.00426925 -0.01013 -0.674006 -0.00428975 0.999989 -0.00200726 -0.199518 0.0101212 0.00205064 0.999947 10.4699 
0.999916 0.00261365 -0.0126823 -0.679851 -0.00273551 0.99995 -0.009604 -0.170466 0.0126566 0.00963793 0.999873 11.229 
0.999923 0.00298261 -0.0120865 -0.743172 -0.00307211 0.999968 -0.00739648 -0.201748 0.012064 0.00743308 0.9999 11.951 
0.999948 0.00147083 -0.0101118 -0.824982 -0.00144278 0.999995 0.00277601 -0.232631 0.0101158 -0.00276123 0.999945 12.721 
0.999941 -0.000975334 -0.0107792 -0.863238 0.00107417 0.999957 0.00916293 -0.205469 0.0107697 -0.00917393 0.9999 13.5046 
0.999949 -0.000415492 -0.0100467 -0.939305 0.000528632 0.999937 0.0112572 -0.212531 0.0100413 -0.0112619 0.999886 14.3328 
0.999946 -0.00332131 -0.0098376 -0.952536 0.00342772 0.999936 0.0108159 -0.219968 0.00980101 -0.010849 0.999893 15.106 
0.999953 -0.00291278 -0.00928896 -0.983502 0.00298438 0.999966 0.00769886 -0.213534 0.00926617 -0.00772617 0.999927 15.9531 
0.999968 -0.000670206 -0.00799868 -1.0355 0.000702007 0.999992 0.00396845 -0.210515 0.00799592 -0.00397389 0.99996 16.7887 
0.999968 -0.00434328 -0.00675136 -1.06014 0.00433065 0.999989 -0.00189041 -0.207258 0.00675945 0.00186115 0.999975 17.6582 
0.999962 -0.00752901 -0.00442892 -1.12227 0.0074917 0.999937 -0.00838936 -0.217641 0.00449176 0.0083559 0.999955 18.5886 
0.999973 -0.00646846 -0.00363328 -1.13253 0.00641654 0.99988 -0.0141378 -0.219684 0.00372425 0.0141141 0.999893 19.4714 
0.999979 -0.00546137 -0.00352247 -1.15622 0.00540786 0.999872 -0.0150381 -0.240708 0.0036041 0.0150188 0.999881 20.3772 
0.99998 -0.00533804 -0.00344592 -1.18573 0.00528615 0.999875 -0.0149102 -0.258741 0.00352504 0.0148917 0.999883 21.3016 
0.99998 -0.00508597 -0.00379179 -1.20099 0.00502522 0.999861 -0.0158727 -0.28938 0.00387195 0.0158534 0.999867 22.2327 
0.999993 -0.00187012 -0.0033906 -1.23325 0.00180743 0.999829 -0.0184115 -0.30626 0.00342441 0.0184053 0.999825 23.1819 
0.999992 0.00150679 -0.00374577 -1.26254 -0.00157809 0.999816 -0.0191163 -0.330815 0.00371623 0.0191221 0.99981 24.1576 
0.999989 0.00387296 -0.00264566 -1.29671 -0.00392439 0.999798 -0.0197323 -0.364157 0.00256866 0.0197425 0.999802 25.1298 
0.999983 0.00469824 -0.00354592 -1.31737 -0.00476595 0.999801 -0.0193477 -0.401387 0.00345428 0.0193643 0.999807 26.1358 
0.999987 0.00409386 -0.00320033 -1.34801 -0.00415617 0.999797 -0.0197254 -0.419638 0.00311889 0.0197385 0.9998 27.1259 
0.999988 0.00443049 -0.00193468 -1.40545 -0.00446545 0.999819 -0.018484 -0.461923 0.00185239 0.0184925 0.999827 28.1238 
0.999983 0.00533769 -0.00230839 -1.43873 -0.00537615 0.999841 -0.017008 -0.491459 0.0022172 0.0170202 0.999853 29.1269 
0.999977 0.00626727 -0.00262688 -1.45828 -0.006308 0.999855 -0.0158099 -0.521252 0.00252737 0.0158262 0.999872 30.1273 
0.999981 0.00526629 -0.00314995 -1.47844 -0.00531407 0.999868 -0.0153723 -0.576715 0.00306854 0.0153887 0.999877 31.151 
0.999983 0.00555771 -0.00187039 -1.53772 -0.00558686 0.999857 -0.0159814 -0.613564 0.00178126 0.0159916 0.999871 32.1387 
0.999979 0.00610893 -0.00219479 -1.56223 -0.00614204 0.999862 -0.0154288 -0.633732 0.0021002 0.015442 0.999879 33.1969 
0.999956 0.00880873 -0.00323117 -1.58391 -0.00885415 0.999858 -0.0143347 -0.64198 0.0031044 0.0143627 0.999892 34.2539 
0.99994 0.0103667 -0.00357872 -1.61204 -0.0104043 0.999889 -0.0106685 -0.6749 0.00346768 0.0107051 0.999937 35.3138 
0.999935 0.0107892 -0.00369718 -1.65093 -0.0108195 0.999907 -0.00829122 -0.694402 0.00360734 0.00833073 0.999959 36.3912 
0.999939 0.0105317 -0.00332073 -1.6988 -0.0105587 0.99991 -0.00823808 -0.716766 0.00323363 0.00827268 0.999961 37.4465 
0.999935 0.0111625 -0.00253229 -1.75253 -0.0111868 0.999889 -0.0098252 -0.737447 0.0024223 0.00985293 0.999949 38.4736 
0.999932 0.0108551 -0.00419106 -1.75811 -0.0108996 0.999883 -0.010765 -0.758225 0.00407367 0.01081 0.999933 39.5595 
0.999914 0.0125415 -0.00386463 -1.79901 -0.0125818 0.999865 -0.0106081 -0.770769 0.00373103 0.0106559 0.999936 40.6443 
0.999913 0.0123578 -0.00466617 -1.82082 -0.0123971 0.999887 -0.00851142 -0.804423 0.00456042 0.00856856 0.999953 41.7504 
0.999897 0.0132609 -0.00554054 -1.84403 -0.0133015 0.999884 -0.00736146 -0.812442 0.00544224 0.00743444 0.999958 42.8602 
0.999866 0.0151423 -0.0062123 -1.86904 -0.0151882 0.999857 -0.00742287 -0.845268 0.00609897 0.00751627 0.999953 43.9244 
0.999839 0.0164803 -0.00709 -1.90048 -0.0165613 0.999796 -0.0115285 -0.873462 0.00689853 0.0116441 0.999908 44.996 
0.999824 0.0179679 -0.00548349 -1.95724 -0.0180524 0.999713 -0.0157805 -0.906713 0.00519833 0.0158767 0.99986 46.0467 
0.999795 0.0196051 -0.00500828 -1.98885 -0.0196872 0.999663 -0.016931 -0.929248 0.00467461 0.0170262 0.999844 47.1262 
0.999795 0.0193928 -0.00591153 -2.00339 -0.0194755 0.999708 -0.0142751 -0.963432 0.00563293 0.0143874 0.999881 48.2106 
0.999776 0.0208561 -0.00357888 -2.10032 -0.0209029 0.999689 -0.0136022 -0.971948 0.00329404 0.013674 0.999901 49.3654 
0.999834 0.0176826 -0.00450359 -2.10967 -0.0177351 0.999772 -0.0119092 -1.00635 0.00429193 0.0119871 0.999919 50.4774 
0.999833 0.0180038 -0.00323808 -2.17423 -0.0180452 0.999749 -0.0132711 -1.02998 0.0029983 0.0133274 0.999907 51.5866 
0.999842 0.0175581 -0.00282057 -2.2072 -0.0175998 0.999724 -0.015544 -1.06017 0.00254683 0.0155913 0.999875 52.6667 
0.999821 0.018913 -0.000589538 -2.2944 -0.0189205 0.999653 -0.0183401 -1.09148 0.000242425 0.018348 0.999832 53.8141 
0.999842 0.017756 0.000149999 -2.3454 -0.0177489 0.999622 -0.0209982 -1.13096 -0.000522828 0.0209923 0.99978 54.916 
0.999855 0.0169886 0.000938136 -2.39647 -0.0169598 0.999543 -0.0250335 -1.16727 -0.00136303 0.025014 0.999686 56.0676 
0.999894 0.0145196 0.000906749 -2.4076 -0.0144893 0.999521 -0.0273543 -1.20083 -0.00130353 0.0273383 0.999625 57.1571 
0.99991 0.01322 0.0024378 -2.45685 -0.0131548 0.9996 -0.0250518 -1.25061 -0.00276805 0.0250175 0.999683 58.2448 
0.999915 0.0127192 0.00297962 -2.47809 -0.012658 0.999726 -0.0197134 -1.29114 -0.00322958 0.019674 0.999801 59.3031 
0.999922 0.0118225 0.00400456 -2.53281 -0.0117674 0.99984 -0.013485 -1.33192 -0.00416338 0.0134368 0.999901 60.4358 
0.999949 0.00962896 0.00303164 -2.52254 -0.00959031 0.999876 -0.0125013 -1.37536 -0.00315168 0.0124716 0.999917 61.5273 
0.999976 0.0060645 0.00336603 -2.52481 -0.00601312 0.999869 -0.0150564 -1.40425 -0.00345694 0.0150358 0.999881 62.5999 
0.999981 0.00458719 0.00414969 -2.56756 -0.00450562 0.999801 -0.0194464 -1.40434 -0.00423811 0.0194274 0.999802 63.7273 
0.999965 0.00693295 0.0046228 -2.60065 -0.00681434 0.99966 -0.0251898 -1.4179 -0.00479591 0.0251575 0.999672 64.8394 
0.999957 0.00779183 0.00501925 -2.62132 -0.0076396 0.999531 -0.0296583 -1.45917 -0.00524803 0.0296187 0.999548 65.9369 
0.99993 0.0103981 0.00565172 -2.63605 -0.0102164 0.999459 -0.0312692 -1.47964 -0.00597384 0.0312093 0.999495 67.0404 
0.999872 0.0145632 0.00665174 -2.65702 -0.0143694 0.999496 -0.0283083 -1.51046 -0.00706069 0.0282091 0.999577 68.1363 
0.999848 0.0160721 0.00676548 -2.67453 -0.0158856 0.999516 -0.0267568 -1.55279 -0.00719228 0.0266453 0.999619 69.2468 
0.999855 0.0158912 0.00610562 -2.68 -0.0157235 0.999523 -0.026589 -1.58625 -0.00652528 0.0264892 0.999628 70.362 
0.999886 0.0135005 0.00681648 -2.70476 -0.0133192 0.999574 -0.025972 -1.6309 -0.00716425 0.0258782 0.999639 71.4793 
0.999889 0.0133848 0.00649873 -2.72285 -0.0132207 0.999609 -0.0246556 -1.68027 -0.00682623 0.024567 0.999675 72.5857 
0.999902 0.0122982 0.00667277 -2.76304 -0.0121385 0.999651 -0.0234615 -1.70688 -0.00695901 0.0233782 0.999703 73.7185 
0.999908 0.0118284 0.00669789 -2.79912 -0.0116809 0.999698 -0.0216434 -1.75666 -0.00695191 0.0215632 0.999743 74.8279 
0.999931 0.0104695 0.005428 -2.79437 -0.0103403 0.999675 -0.0233018 -1.7906 -0.00567024 0.0232441 0.999714 75.9099 
0.999919 0.0117435 0.00484786 -2.81763 -0.0116072 0.999562 -0.0272315 -1.84175 -0.00516557 0.0271731 0.999617 76.9904 
0.999922 0.011761 0.00412842 -2.83384 -0.0116357 0.999507 -0.0291488 -1.89689 -0.00446925 0.0290985 0.999567 78.0641 
0.999898 0.0137076 0.00391805 -2.86932 -0.0135982 0.999551 -0.0266872 -1.9568 -0.00428215 0.0266313 0.999636 79.1503 
0.9999 0.0140381 0.00149345 -2.84142 -0.0140027 0.99967 -0.021516 -2.02313 -0.00179504 0.0214929 0.999767 80.2227 
0.999892 0.014463 0.00280407 -2.91205 -0.0144102 0.999734 -0.0180072 -2.06079 -0.00306381 0.0179649 0.999834 81.2785 
0.999888 0.0148233 0.00229516 -2.93807 -0.0147797 0.99973 -0.0179312 -2.09754 -0.00256039 0.0178953 0.999837 82.3305 
0.999895 0.0143897 0.00194227 -2.96298 -0.0143469 0.999688 -0.020471 -2.12669 -0.00223628 0.020441 0.999789 83.393 
0.999887 0.0149563 0.0015012 -2.98183 -0.0149206 0.999658 -0.0214787 -2.16846 -0.00182197 0.0214539 0.999768 84.4331 
0.999902 0.0140306 0.000263852 -2.98685 -0.0140216 0.999671 -0.021487 -2.21539 -0.000565283 0.0214812 0.999769 85.4903 
0.999919 0.0127624 -0.000160252 -3.02692 -0.0127628 0.999681 -0.0217803 -2.25096 -0.000117811 0.0217806 0.999763 86.5006 
0.999917 0.0128677 -0.000185996 -3.04972 -0.0128686 0.999682 -0.0216835 -2.26824 -9.31222e-05 0.0216842 0.999765 87.5178 
0.999928 0.0119911 -3.14249e-05 -3.076 -0.0119895 0.999751 -0.0188444 -2.31375 -0.00019459 0.0188435 0.999822 88.4907 
0.999935 0.0113135 -0.00172782 -3.07984 -0.0113429 0.999772 -0.0180797 -2.35404 0.00152284 0.0180982 0.999835 89.4641 
0.99992 0.0118243 -0.00454289 -3.08006 -0.0119052 0.999763 -0.0182041 -2.38169 0.00432652 0.0182568 0.999824 90.4534 
0.999891 0.0124251 -0.00801446 -3.10724 -0.0125729 0.999747 -0.0186769 -2.43981 0.00778032 0.0187757 0.999793 91.4077 
0.999857 0.0131199 -0.01066 -3.14784 -0.0133286 0.999716 -0.0197532 -2.47657 0.0103977 0.0198925 0.999748 92.3248 
0.999839 0.0121428 -0.0131782 -3.20006 -0.0124039 0.999725 -0.0199192 -2.50379 0.0129327 0.0200795 0.999715 93.2108 
0.999774 0.0131349 -0.01669 -3.23428 -0.0134489 0.999732 -0.0188437 -2.54237 0.016438 0.019064 0.999683 94.0867 
0.999725 0.0132042 -0.0193857 -3.27386 -0.0135586 0.999741 -0.0182663 -2.57137 0.0191394 0.0185241 0.999645 94.9081 
0.999681 0.0129341 -0.0217179 -3.32265 -0.0132928 0.999776 -0.0164536 -2.61042 0.0215002 0.0167371 0.999629 95.7251 
0.9996 0.0141286 -0.0245099 -3.34807 -0.0145316 0.999761 -0.0163475 -2.63168 0.024273 0.0166971 0.999566 96.5015 
0.999531 0.0159991 -0.026129 -3.40088 -0.0164231 0.999736 -0.0160959 -2.6556 0.0258645 0.0165175 0.999529 97.2652 
0.999421 0.0178114 -0.0289763 -3.45338 -0.0183322 0.999673 -0.0178083 -2.66759 0.0286496 0.0183292 0.999421 98.0081 
0.99934 0.0189396 -0.0310133 -3.50912 -0.0196048 0.999581 -0.0212885 -2.70999 0.0305971 0.0218825 0.999292 98.7045 
0.999191 0.0220502 -0.0336292 -3.55452 -0.0229094 0.999415 -0.0253827 -2.73612 0.0330498 0.0261326 0.999112 99.3725 
0.999131 0.0247815 -0.0335234 -3.64616 -0.0257421 0.999261 -0.0285356 -2.75592 0.0327914 0.0293738 0.999031 100.005 
0.999048 0.0264765 -0.034678 -3.67769 -0.0274777 0.99921 -0.0287209 -2.80811 0.0338901 0.0296465 0.998986 100.631 
0.999018 0.0290152 -0.0334843 -3.72988 -0.0299853 0.999134 -0.0288436 -2.82217 0.0326183 0.0298194 0.999023 101.218 
0.998988 0.0333555 -0.0301827 -3.76564 -0.0341987 0.999027 -0.0278651 -2.84344 0.0292238 0.0288692 0.999156 101.784 
0.999032 0.0363646 -0.0247339 -3.79527 -0.0370427 0.998934 -0.0275368 -2.85837 0.0237062 0.0284264 0.999315 102.311 
0.999146 0.0365295 -0.0193324 -3.77203 -0.0370315 0.998969 -0.0262772 -2.87751 0.0183525 0.0269707 0.999468 102.845 
0.999277 0.0365992 -0.0102789 -3.76015 -0.0368437 0.999016 -0.0247032 -2.89406 0.0093646 0.0250641 0.999642 103.365 
0.999374 0.0353671 0.00115148 -3.75063 -0.0353305 0.999101 -0.0234207 -2.92907 -0.00197882 0.0233654 0.999725 103.86 
0.999275 0.0345228 0.0160331 -3.79287 -0.034135 0.999132 -0.0238621 -2.94593 -0.016843 0.0232975 0.999587 104.29 
0.998929 0.0344598 0.0308659 -3.7621 -0.0337021 0.999126 -0.0247413 -2.96356 -0.0316915 0.0236746 0.999217 104.724 
0.998359 0.0318707 0.0475866 -3.71549 -0.0305535 0.999137 -0.0281561 -2.98905 -0.0484429 0.026656 0.99847 105.133 
0.997194 0.0311462 0.0680816 -3.6647 -0.0289435 0.999033 -0.0331033 -3.01334 -0.0690469 0.0310399 0.99713 105.547 
0.995297 0.0287535 0.0925025 -3.61571 -0.0254357 0.998997 -0.0368481 -3.05846 -0.0934693 0.034322 0.99503 105.951 
0.992545 0.0260729 0.119055 -3.54372 -0.0214517 0.998972 -0.0399336 -3.07611 -0.119974 0.037082 0.992084 106.337 
0.988621 0.0223098 0.148764 -3.46228 -0.0164579 0.999046 -0.0404521 -3.11421 -0.149525 0.0375434 0.988045 106.719 
0.983182 0.019645 0.181569 -3.37119 -0.0122908 0.999061 -0.0415402 -3.14623 -0.182215 0.03861 0.982501 107.089 
0.976034 0.0169746 0.216956 -3.28029 -0.00784678 0.99905 -0.0428644 -3.16935 -0.217478 0.0401347 0.97524 107.417 
0.966679 0.014348 0.25559 -3.17405 -0.00333429 0.999049 -0.0434726 -3.18968 -0.255971 0.0411719 0.965807 107.74 
0.955221 0.0127354 0.295618 -3.05254 0.000464466 0.999008 -0.0445386 -3.20308 -0.295892 0.0426816 0.954267 108.066 
0.941714 0.0124748 0.336183 -2.90137 0.0028305 0.998983 -0.0449981 -3.23629 -0.336402 0.0433269 0.940721 108.398 
0.925077 0.0136366 0.379534 -2.74047 0.00379236 0.998974 -0.0451363 -3.26035 -0.37976 0.0431939 0.924076 108.71 
0.905536 0.0152912 0.423994 -2.60208 0.00425603 0.998973 -0.0451174 -3.25877 -0.424248 0.04266 0.904541 108.977 
0.883628 0.0159889 0.467916 -2.42505 0.00542175 0.999 -0.0443749 -3.26828 -0.468158 0.0417478 0.882658 109.255 
0.859223 0.0148841 0.511385 -2.23437 0.00977022 0.998917 -0.0454897 -3.27678 -0.511509 0.0440821 0.858147 109.506 
0.832344 0.0154077 0.554046 -2.02245 0.0126018 0.998829 -0.0467085 -3.30347 -0.554117 0.0458595 0.831175 109.774 
0.803223 0.0183608 0.595395 -1.79328 0.0138942 0.998675 -0.0495411 -3.33042 -0.595516 0.0480651 0.801904 110.037 
0.77112 0.0237667 0.636246 -1.56778 0.0139143 0.998435 -0.0541598 -3.34431 -0.636538 0.0506166 0.769583 110.264 
0.735305 0.0296025 0.67709 -1.32469 0.013116 0.998237 -0.0578866 -3.35555 -0.67761 0.051445 0.73362 110.503 
0.695551 0.0347378 0.717636 -1.0682 0.0125756 0.998089 -0.0605018 -3.36831 -0.718367 0.0511068 0.693785 110.742 
0.654382 0.0349704 0.755355 -0.788514 0.0161068 0.998059 -0.0601604 -3.39367 -0.755992 0.0515343 0.652549 110.945 
0.611123 0.0330591 0.790845 -0.48402 0.0227661 0.99798 -0.0593102 -3.39698 -0.791209 0.0542502 0.609136 111.145 
0.564884 0.0304601 0.824608 -0.161878 0.0240991 0.998283 -0.0533841 -3.43864 -0.824818 0.0500281 0.56318 111.342 
0.516286 0.0290924 0.855922 0.168278 0.0268779 0.99838 -0.050147 -3.45047 -0.855995 0.0488956 0.514667 111.516 
0.466206 0.0268498 0.884269 0.50909 0.0283791 0.998571 -0.0452825 -3.47896 -0.884221 0.0462057 0.464778 111.671 
0.413483 0.0232774 0.910215 0.884523 0.0344982 0.998555 -0.041208 -3.48404 -0.909858 0.0484395 0.412082 111.815 
0.360311 0.0234792 0.932537 1.23793 0.0330678 0.998733 -0.0379225 -3.50493 -0.932246 0.0445008 0.359078 111.928 
0.306473 0.029018 0.951437 1.6185 0.0316009 0.998674 -0.0406378 -3.50359 -0.951355 0.0425207 0.30515 112.067 
0.25358 0.0341868 0.96671 2.05964 0.0342477 0.998431 -0.0442922 -3.51434 -0.966708 0.0443392 0.252012 112.202 
0.206332 0.0354639 0.977839 2.44164 0.0363434 0.998376 -0.0438774 -3.53928 -0.977807 0.0445913 0.204708 112.263 
0.163982 0.0356496 0.985819 2.8229 0.0441935 0.998078 -0.043444 -3.56379 -0.985473 0.0506909 0.162092 112.31 
0.127577 0.0353186 0.9912 3.27352 0.0516522 0.997773 -0.0422009 -3.59638 -0.990483 0.0565815 0.125469 112.365 
0.0967481 0.0360985 0.994654 3.69068 0.0574172 0.997475 -0.0417858 -3.61432 -0.993651 0.0611529 0.0944312 112.383 
0.0680076 0.0349947 0.997071 4.14316 0.0546565 0.997753 -0.0387466 -3.63425 -0.996187 0.0571315 0.0659422 112.416 
0.0423178 0.0314135 0.99861 4.62915 0.047531 0.998311 -0.0334183 -3.65784 -0.997973 0.0488791 0.0407532 112.437 
0.0187632 0.0274393 0.999447 5.1156 0.0427897 0.998685 -0.0282217 -3.67881 -0.998908 0.0432955 0.0175645 112.439 
-0.00405699 0.0243785 0.999695 5.63225 0.047905 0.99856 -0.0241563 -3.71019 -0.998844 0.0477924 -0.00521899 112.442 
-0.0243309 0.0250763 0.999389 6.14314 0.0558895 0.998156 -0.0236847 -3.72905 -0.99814 0.0552791 -0.0256876 112.415 
-0.0421971 0.027689 0.998726 6.71343 0.0603291 0.997863 -0.0251161 -3.75527 -0.997286 0.0591923 -0.0437774 112.407 
-0.0568866 0.0332533 0.997827 7.2797 0.061466 0.997666 -0.0297437 -3.76423 -0.996487 0.0596404 -0.0587978 112.386 
-0.0689655 0.0384737 0.996877 7.93561 0.0601334 0.997599 -0.0343414 -3.77816 -0.995805 0.0575772 -0.0711135 112.399 
-0.0744741 0.0393099 0.996448 8.53091 0.061568 0.997498 -0.0347497 -3.77542 -0.995321 0.0587614 -0.0767079 112.338 
-0.077447 0.0358453 0.996352 9.19023 0.0671084 0.997274 -0.0306621 -3.81928 -0.994735 0.0644889 -0.0796414 112.302 
-0.0770317 0.0350025 0.996414 9.86992 0.0709659 0.997041 -0.0295382 -3.82676 -0.9945 0.068436 -0.0792877 112.268 
-0.0740506 0.0346601 0.996652 10.5218 0.0702204 0.997096 -0.0294582 -3.85499 -0.994779 0.0678039 -0.0762694 112.203 
-0.0728517 0.0351997 0.996721 11.2253 0.0672599 0.997275 -0.0303031 -3.8838 -0.995072 0.0648318 -0.0750207 112.18 
-0.0710828 0.0365243 0.996802 11.9455 0.0661532 0.997302 -0.0318252 -3.91064 -0.995274 0.0636793 -0.0733072 112.121 
-0.0708496 0.035976 0.996838 12.6626 0.0662219 0.997314 -0.0312865 -3.97298 -0.995286 0.0637959 -0.0730417 112.103 
-0.0699899 0.0362577 0.996889 13.3974 0.0664266 0.997291 -0.0316086 -3.99647 -0.995334 0.0640076 -0.0722088 112.076 
-0.0698451 0.0348709 0.996948 14.2005 0.0651713 0.997413 -0.0303213 -4.04023 -0.995427 0.0628546 -0.071937 112.053 
-0.0692805 0.0340416 0.997016 15.0027 0.0654204 0.997421 -0.0295095 -4.07783 -0.99545 0.0631807 -0.0713288 112.004 
-0.06977 0.0319825 0.99705 15.8017 0.0654554 0.997479 -0.0274159 -4.11263 -0.995413 0.0633495 -0.0716876 111.962 
-0.0711788 0.0310835 0.996979 16.5872 0.0640811 0.997592 -0.0265276 -4.13259 -0.995403 0.0619993 -0.0729993 111.927 
-0.0725693 0.0312466 0.996874 17.3964 0.0627776 0.99767 -0.0267015 -4.14781 -0.995386 0.0606436 -0.0743618 111.887 
-0.0739377 0.0292678 0.996833 18.1867 0.0653201 0.997565 -0.0244442 -4.18025 -0.995121 0.0633059 -0.0756695 111.84 
-0.0750531 0.0285427 0.996771 19.0677 0.06598 0.997542 -0.0235967 -4.20433 -0.994994 0.063996 -0.0767518 111.793 
-0.0765592 0.0278416 0.996676 19.893 0.063427 0.997721 -0.0229986 -4.25215 -0.995046 0.0614554 -0.0781507 111.747 
-0.0782844 0.0331058 0.996381 20.708 0.0591471 0.997842 -0.0285072 -4.2667 -0.995175 0.0567014 -0.0800735 111.716 
-0.0798001 0.0383227 0.996074 21.5348 0.0607606 0.99759 -0.0335132 -4.29211 -0.994957 0.0578477 -0.0819363 111.669 
-0.0822332 0.0407723 0.995779 22.3611 0.0599979 0.997553 -0.0358902 -4.32456 -0.994806 0.0567933 -0.0844782 111.636 
-0.0852093 0.037641 0.995652 23.1998 0.0557888 0.997899 -0.0329514 -4.38463 -0.9948 0.0527385 -0.0871302 111.612 
-0.0872126 0.034394 0.995596 24.0738 0.0538724 0.998104 -0.0297615 -4.41643 -0.994732 0.0510395 -0.0889001 111.571 
-0.0886028 0.0299334 0.995617 24.9052 0.0532209 0.998263 -0.0252767 -4.43527 -0.994644 0.050748 -0.090042 111.524 
-0.0889747 0.0249525 0.995721 25.7422 0.0488546 0.998592 -0.0206589 -4.46017 -0.994835 0.0468074 -0.0900685 111.461 
-0.0899322 0.0248254 0.995638 26.5883 0.0476928 0.99865 -0.0205925 -4.47152 -0.994805 0.0456329 -0.0909947 111.424 
-0.0884758 0.0316317 0.995576 27.4223 0.0499088 0.998381 -0.0272854 -4.52101 -0.994827 0.0472739 -0.0899113 111.357 
-0.086148 0.043151 0.995347 28.2313 0.0534052 0.997825 -0.0386362 -4.55541 -0.99485 0.0498283 -0.0882651 111.272 
-0.0853487 0.0496042 0.995116 29.0933 0.0578858 0.99732 -0.0447494 -4.57718 -0.994668 0.0537837 -0.0879914 111.23 
-0.0847049 0.0446931 0.995403 29.9347 0.059992 0.99741 -0.0396781 -4.62211 -0.994598 0.0563553 -0.0871668 111.177 
-0.0842638 0.0368433 0.995762 30.7867 0.0627746 0.997527 -0.0315965 -4.66724 -0.994464 0.0598461 -0.0863683 111.122 
-0.0837707 0.0334127 0.995925 31.5857 0.0621452 0.997667 -0.0282439 -4.71597 -0.994545 0.0595259 -0.0856517 111.052 
-0.0839285 0.0347996 0.995864 32.4871 0.0619864 0.997637 -0.0296375 -4.74587 -0.994542 0.0592426 -0.0858872 111.017 
-0.0837901 0.0347832 0.995876 33.2579 0.0590845 0.997806 -0.0298793 -4.79868 -0.99473 0.0563373 -0.0856614 110.94 
-0.0865732 0.0348551 0.995636 34.0787 0.0580922 0.997864 -0.0298818 -4.83998 -0.99455 0.0552517 -0.0884131 110.887 
-0.0894671 0.0338466 0.995415 34.8573 0.0549606 0.998067 -0.0289969 -4.88725 -0.994472 0.0521143 -0.0911544 110.834 
-0.0908397 0.0339686 0.995286 35.6656 0.0538272 0.998125 -0.0291526 -4.93515 -0.99441 0.0509253 -0.0924978 110.773 
-0.093544 0.0333172 0.995058 36.4824 0.0496548 0.998352 -0.0287594 -4.98557 -0.994376 0.0467191 -0.0950443 110.721 
-0.0960148 0.0333962 0.99482 37.2841 0.0479857 0.99843 -0.0288861 -5.01067 -0.994223 0.0449636 -0.0974666 110.675 
-0.09672 0.0311995 0.994823 38.0169 0.0481904 0.998483 -0.026629 -5.06549 -0.994144 0.0453653 -0.0980768 110.584 
-0.0997324 0.0319482 0.994501 38.8744 0.0470972 0.998516 -0.027354 -5.09192 -0.993899 0.0441101 -0.101089 110.54 
-0.102048 0.0341461 0.994193 39.6766 0.0498612 0.99833 -0.0291701 -5.12183 -0.993529 0.0465949 -0.10358 110.478 
-0.102863 0.035082 0.994077 40.4383 0.0503939 0.998278 -0.0300157 -5.15456 -0.993418 0.0470079 -0.104453 110.404 
-0.103487 0.0336949 0.99406 41.2191 0.0525233 0.998217 -0.0283678 -5.20231 -0.993243 0.0492756 -0.105072 110.322 
-0.105904 0.0330948 0.993825 41.9976 0.0532266 0.998202 -0.0275686 -5.23936 -0.992951 0.0499783 -0.107475 110.263 
-0.107617 0.0328765 0.993649 42.7486 0.0526728 0.998238 -0.0273236 -5.27407 -0.992796 0.0493977 -0.109159 110.204 
-0.10862 0.0318462 0.993573 43.4898 0.0519407 0.998303 -0.0263194 -5.30794 -0.992726 0.0487481 -0.11009 110.134 
-0.109334 0.0310134 0.993521 44.2186 0.0516907 0.998338 -0.0254753 -5.33871 -0.99266 0.0485705 -0.110755 110.07 
-0.1105 0.0310827 0.99339 44.9409 0.0516958 0.998338 -0.025487 -5.3693 -0.992531 0.0485378 -0.111923 110.012 
-0.110326 0.0327222 0.993357 45.6412 0.050773 0.998339 -0.0272472 -5.40654 -0.992598 0.0474297 -0.111804 109.944 
-0.110238 0.0353395 0.993277 46.3504 0.0528371 0.998163 -0.0296492 -5.44444 -0.9925 0.0492134 -0.111903 109.879 
-0.109664 0.0363509 0.993304 47.0677 0.0507062 0.998234 -0.0309332 -5.49564 -0.992675 0.0469744 -0.111313 109.813 
-0.110113 0.0372273 0.993222 47.7607 0.0518896 0.998151 -0.0316593 -5.52532 -0.992564 0.0480518 -0.111841 109.757 
-0.109788 0.038255 0.993219 48.4772 0.0566848 0.997874 -0.0321684 -5.5414 -0.992337 0.0527686 -0.111723 109.686 
-0.111299 0.0372761 0.993088 49.1691 0.0550558 0.997993 -0.0312899 -5.58786 -0.992261 0.0511927 -0.113127 109.635 
-0.110009 0.0372003 0.993234 49.7546 0.0524569 0.998124 -0.0315733 -5.61673 -0.992545 0.0486287 -0.111754 109.548 
-0.109069 0.0369788 0.993346 50.4341 0.0501826 0.998238 -0.0316509 -5.64798 -0.992767 0.0463966 -0.110733 109.488 
-0.111252 0.0369067 0.993107 51.1873 0.0521016 0.998153 -0.0312576 -5.6723 -0.992426 0.048265 -0.112969 109.46 
-0.112151 0.0370176 0.993001 51.8932 0.0535232 0.99808 -0.0311619 -5.69326 -0.992249 0.0496537 -0.113917 109.398 
-0.117071 0.0359165 0.992474 52.6048 0.0496575 0.998308 -0.0302701 -5.73507 -0.991881 0.0457401 -0.118656 109.352 
-0.122738 0.0354731 0.991805 53.291 0.0473138 0.998434 -0.029855 -5.77527 -0.991311 0.0432617 -0.124224 109.296 
-0.128848 0.0405466 0.990835 53.9494 0.0537543 0.99798 -0.0338488 -5.81407 -0.990206 0.0489003 -0.130767 109.232 
-0.135622 0.0439681 0.989785 54.58 0.0556412 0.997776 -0.036699 -5.83998 -0.989197 0.0500956 -0.137767 109.156 
-0.142516 0.045643 0.98874 55.233 0.055018 0.997757 -0.038129 -5.8558 -0.988262 0.0489645 -0.144707 109.064 
-0.148867 0.0447891 0.987842 55.914 0.0510817 0.997988 -0.0375511 -5.89879 -0.987537 0.0448705 -0.150856 108.987 
-0.15557 0.0445832 0.986818 56.6482 0.0519761 0.997967 -0.0368929 -5.92515 -0.986457 0.0455515 -0.157571 108.912 
-0.159179 0.0443587 0.986253 57.3133 0.048958 0.998116 -0.0369905 -5.96967 -0.986035 0.0423969 -0.16105 108.798 
-0.163418 0.0438992 0.98558 58.046 0.0469877 0.998222 -0.0366713 -5.99858 -0.985437 0.0403174 -0.16519 108.703 
-0.165018 0.0424399 0.985377 58.7493 0.04882 0.998201 -0.0348165 -6.00922 -0.985082 0.0423607 -0.166793 108.579 
-0.165989 0.0397809 0.985325 59.4388 0.052387 0.998131 -0.0314726 -6.04407 -0.984735 0.0463941 -0.167763 108.459 
-0.167087 0.0357327 0.985294 60.1417 0.0505761 0.998338 -0.027629 -6.09692 -0.984644 0.0452159 -0.168616 108.346 
-0.169754 0.0369487 0.984794 60.8627 0.0510082 0.998287 -0.0286624 -6.11713 -0.984166 0.045367 -0.171347 108.247 
-0.1696 0.042094 0.984614 61.5803 0.0546602 0.997951 -0.033249 -6.13979 -0.983996 0.0481801 -0.171553 108.135 
-0.169816 0.047797 0.984316 62.3103 0.0610311 0.997416 -0.0379039 -6.16233 -0.983584 0.0536372 -0.172294 108.022 
-0.169553 0.0528258 0.984104 63.0308 0.0686234 0.996772 -0.0416825 -6.20158 -0.983129 0.0604652 -0.172631 107.887 
-0.170778 0.054372 0.983808 63.7992 0.0692019 0.996673 -0.0430702 -6.23743 -0.982876 0.0607259 -0.173973 107.78 
-0.170279 0.0534236 0.983947 64.5474 0.0690155 0.996724 -0.0421737 -6.27597 -0.982976 0.0607262 -0.173408 107.668 
-0.169598 0.0499589 0.984246 65.3359 0.0720557 0.99667 -0.0381734 -6.31041 -0.982876 0.0644464 -0.172633 107.527 
-0.169929 0.0484386 0.984265 66.0716 0.0725889 0.996693 -0.036518 -6.34753 -0.982779 0.0652412 -0.172883 107.418 
-0.171368 0.0486796 0.984004 66.814 0.0723424 0.996704 -0.0367092 -6.38236 -0.982548 0.0648944 -0.174324 107.302 
-0.173628 0.0483253 0.983625 67.5466 0.0695633 0.996902 -0.0366983 -6.42561 -0.982351 0.0620523 -0.176452 107.182 
-0.175112 0.0486867 0.983344 68.2328 0.0685001 0.996959 -0.0371624 -6.46887 -0.982163 0.0608516 -0.177914 107.052 
-0.176499 0.0483389 0.983113 68.9186 0.0641514 0.997235 -0.0375161 -6.52784 -0.982208 0.0564465 -0.179112 106.909 
-0.177388 0.0492458 0.982908 69.6678 0.0659327 0.997098 -0.0380577 -6.55849 -0.98193 0.0580548 -0.180121 106.768 
-0.178246 0.0483976 0.982795 70.384 0.068075 0.997003 -0.0367507 -6.62023 -0.981628 0.0603531 -0.181007 106.623 
-0.179463 0.0472173 0.982631 71.1242 0.0667721 0.997129 -0.0357189 -6.70295 -0.981496 0.0592021 -0.182101 106.483 
-0.181229 0.0491678 0.982211 71.8839 0.065436 0.997139 -0.0378413 -6.72601 -0.981261 0.057414 -0.183928 106.368 
-0.183066 0.0495863 0.981849 72.6442 0.065912 0.997099 -0.0380671 -6.7835 -0.980889 0.0577469 -0.185803 106.271 
-0.184609 0.0496045 0.981559 73.4339 0.0652204 0.997142 -0.0381255 -6.81457 -0.980646 0.0569794 -0.187317 106.153 
-0.184418 0.0477614 0.981687 74.1728 0.0654112 0.997201 -0.0362282 -6.8648 -0.980669 0.0575322 -0.187025 105.999 
-0.18619 0.046662 0.981405 74.9709 0.0623345 0.99742 -0.0355975 -6.88822 -0.980534 0.0545475 -0.188618 105.885 
-0.187836 0.044821 0.981177 75.7407 0.0587387 0.997683 -0.0343301 -6.91885 -0.980443 0.0511847 -0.190033 105.747 
-0.189843 0.0444158 0.980809 76.4975 0.059952 0.997637 -0.0335737 -6.95875 -0.979982 0.0524278 -0.192057 105.6 
-0.191707 0.0451654 0.980412 77.2698 0.0608977 0.997563 -0.0340477 -6.99027 -0.979561 0.0531777 -0.193991 105.466 
-0.193806 0.04637 0.979943 78.056 0.0613731 0.997499 -0.0350628 -7.02666 -0.979118 0.0533468 -0.196167 105.33 
-0.194978 0.0508998 0.979486 78.8607 0.0634269 0.997217 -0.0391953 -7.0536 -0.978755 0.0544835 -0.197664 105.19 
-0.194689 0.0547862 0.979334 79.6559 0.0642204 0.997009 -0.0430081 -7.10228 -0.978761 0.05452 -0.197625 105.011 
-0.195794 0.0591349 0.978861 80.4411 0.0645045 0.996795 -0.047316 -7.13978 -0.978521 0.0538767 -0.198981 104.857 
-0.195462 0.0598897 0.978881 81.267 0.0656905 0.996692 -0.0478624 -7.19709 -0.978509 0.0549479 -0.19875 104.713 
-0.195366 0.0606509 0.978853 82.0933 0.0698888 0.996409 -0.0477899 -7.21453 -0.978237 0.0590744 -0.198903 104.561 
-0.194888 0.0583969 0.979085 82.9119 0.0692111 0.996556 -0.0456624 -7.27768 -0.97838 0.0588645 -0.198259 104.397 
-0.19447 0.0571968 0.979239 83.7415 0.0697598 0.996577 -0.0443556 -7.327 -0.978425 0.0596856 -0.197795 104.252 
-0.192793 0.0537348 0.979767 84.5702 0.0685151 0.9968 -0.0411868 -7.40573 -0.978844 0.0591883 -0.195858 104.096 
-0.191274 0.0509496 0.980213 85.4357 0.0687591 0.996894 -0.0383993 -7.43996 -0.979125 0.0600538 -0.194184 103.944 
-0.190654 0.0476282 0.980501 86.2142 0.0691953 0.99699 -0.0349743 -7.49316 -0.979215 0.0611781 -0.193376 103.85 
-0.18912 0.0475 0.980805 87.0447 0.0669169 0.997131 -0.0353877 -7.53428 -0.979671 0.0589398 -0.191756 103.722 
-0.188168 0.0526923 0.980722 87.9168 0.0688007 0.996814 -0.0403562 -7.57156 -0.979724 0.0598807 -0.191194 103.577 
-0.185881 0.0581922 0.980848 88.7204 0.0675338 0.996641 -0.0463308 -7.62658 -0.980249 0.0576283 -0.189186 103.432 
-0.184475 0.0612365 0.980928 89.5989 0.064904 0.996638 -0.0500112 -7.68201 -0.980692 0.0544403 -0.187829 103.283 
-0.183114 0.0591332 0.981312 90.4301 0.0663974 0.996654 -0.0476678 -7.74553 -0.980847 0.0564279 -0.186428 103.145 
-0.18134 0.0570026 0.981767 91.2879 0.0676629 0.996676 -0.0453703 -7.79138 -0.98109 0.0582018 -0.184594 102.991 
-0.180323 0.0556301 0.982033 92.1752 0.0692178 0.996642 -0.0437477 -7.84474 -0.981169 0.0600854 -0.183568 102.847 
-0.179463 0.0558933 0.982176 93.0372 0.0665903 0.996785 -0.0445573 -7.87565 -0.981508 0.057407 -0.182608 102.699 
-0.178273 0.0562576 0.982372 93.8901 0.0670775 0.996737 -0.0449075 -7.92136 -0.981692 0.0578892 -0.181465 102.55 
-0.177379 0.0549914 0.982605 94.7779 0.0710743 0.996546 -0.0429413 -7.97257 -0.981573 0.0622211 -0.180675 102.394 
-0.176602 0.0551533 0.982736 95.6232 0.0729931 0.996414 -0.0428036 -8.01228 -0.981572 0.0641737 -0.179995 102.27 
-0.175838 0.0562679 0.98281 96.4688 0.0757969 0.996175 -0.0434719 -8.08178 -0.981497 0.06685 -0.17943 102.132 
-0.174709 0.0585846 0.982876 97.3273 0.0761956 0.996039 -0.0458252 -8.13243 -0.981667 0.0668847 -0.178481 101.986 
-0.173805 0.0601039 0.982944 98.1862 0.0729721 0.996178 -0.0480101 -8.18885 -0.982073 0.0633832 -0.177526 101.849 
-0.173775 0.0555475 0.983218 98.9596 0.0688511 0.99665 -0.0441375 -8.24899 -0.982376 0.0600257 -0.177017 101.733 
-0.174275 0.0527146 0.983285 99.8155 0.0649791 0.997005 -0.0419334 -8.32319 -0.982551 0.056585 -0.177179 101.607 
-0.175151 0.0534368 0.98309 100.642 0.0620579 0.99714 -0.043144 -8.37452 -0.982584 0.0534519 -0.177966 101.474 
-0.177155 0.0581777 0.982462 101.496 0.0595327 0.997057 -0.0483072 -8.43206 -0.982381 0.0499307 -0.180097 101.36 
-0.177925 0.0603709 0.98219 102.29 0.0579483 0.997027 -0.0507854 -8.48418 -0.982336 0.0478803 -0.180895 101.224 
-0.18104 0.0613536 0.98156 103.139 0.0590541 0.99693 -0.0514222 -8.53998 -0.981701 0.0486557 -0.184107 101.133 
-0.181171 0.0599379 0.981623 103.959 0.0599054 0.99696 -0.049818 -8.61574 -0.981625 0.049779 -0.184211 100.992 
-0.180987 0.0605671 0.981619 104.765 0.0617401 0.996833 -0.0501224 -8.68351 -0.981546 0.0515337 -0.184154 100.829 
-0.181544 0.064445 0.981269 105.58 0.0647312 0.996469 -0.0534674 -8.73609 -0.98125 0.0538121 -0.185074 100.698 
-0.181711 0.0663523 0.981111 106.383 0.0657924 0.996306 -0.0551945 -8.79119 -0.981149 0.0545201 -0.185405 100.554 
-0.183029 0.0663052 0.980869 107.175 0.0642788 0.996395 -0.0553603 -8.85498 -0.981004 0.0529165 -0.186632 100.421 
-0.183891 0.0648289 0.980807 107.95 0.0626803 0.996565 -0.0541186 -8.91646 -0.980946 0.0515253 -0.187323 100.263 
-0.185621 0.066496 0.980369 108.729 0.0640136 0.996407 -0.0554635 -8.96864 -0.980534 0.0524618 -0.189211 100.106 
-0.190243 0.0681529 0.979369 109.517 0.0629302 0.996382 -0.0571126 -9.04231 -0.979718 0.0507666 -0.193844 99.9816 
-0.192438 0.0705189 0.978772 110.251 0.0627887 0.996256 -0.0594335 -9.08822 -0.979298 0.0500186 -0.196145 99.8256 
-0.196533 0.0706532 0.977948 111.058 0.0625374 0.996273 -0.0594092 -9.14254 -0.978501 0.0494825 -0.200219 99.6978 
-0.20061 0.068982 0.97724 111.853 0.064199 0.996299 -0.0571485 -9.20592 -0.977565 0.0512732 -0.204297 99.5605 
-0.203601 0.0695838 0.976578 112.626 0.0655258 0.996203 -0.0573211 -9.28035 -0.976859 0.0523205 -0.207387 99.4258 
-0.20554 0.0738564 0.975858 113.384 0.0600822 0.99622 -0.0627426 -9.33573 -0.976803 0.0457356 -0.2092 99.2755 
-0.207601 0.0796194 0.974968 114.115 0.0573634 0.995958 -0.069119 -9.41015 -0.97653 0.0415783 -0.211329 99.1388 
-0.209787 0.0827107 0.974243 114.865 0.0622258 0.995525 -0.0711182 -9.47022 -0.975765 0.0457034 -0.213995 98.9708 
-0.21224 0.0804713 0.973899 115.6 0.0637511 0.995621 -0.068373 -9.53735 -0.975136 0.0475756 -0.216441 98.8018 
-0.215797 0.0724816 0.973744 116.358 0.0616411 0.996263 -0.0604971 -9.61109 -0.974491 0.0469676 -0.219458 98.6584 
-0.218831 0.0690773 0.973315 117.114 0.0590772 0.996599 -0.0574474 -9.69842 -0.973973 0.0449294 -0.222168 98.5048 
-0.220881 0.0733842 0.972536 117.891 0.0588043 0.996353 -0.0618257 -9.73943 -0.973526 0.0435332 -0.224391 98.3512 
-0.224634 0.0758649 0.971486 118.62 0.0556757 0.996335 -0.0649317 -9.80921 -0.972851 0.0395023 -0.228034 98.2155 
-0.225729 0.0776581 0.97109 119.342 0.05567 0.996217 -0.066727 -9.89035 -0.972598 0.0389984 -0.229198 98.0258 
-0.227926 0.0823888 0.970187 120.061 0.0584346 0.995775 -0.0708337 -9.94606 -0.971923 0.0405476 -0.231777 97.8713 
-0.230307 0.0882843 0.969105 120.791 0.0577047 0.995363 -0.0769629 -9.97961 -0.971406 0.0381969 -0.234333 97.7149 
-0.233211 0.0902239 0.968232 121.51 0.0582734 0.995194 -0.0787005 -10.052 -0.970679 0.0380683 -0.237348 97.5533 
-0.236892 0.0881915 0.967525 122.268 0.0587808 0.995348 -0.0763355 -10.1209 -0.969756 0.0387886 -0.240974 97.4168 
-0.239988 0.0858901 0.966969 123.007 0.0645553 0.995286 -0.0723835 -10.1793 -0.968627 0.0450518 -0.244401 97.2368 
-0.24629 0.0861042 0.965364 123.767 0.0678466 0.995134 -0.07145 -10.2185 -0.966818 0.0478992 -0.250934 97.0771 
-0.251817 0.0851163 0.964025 124.467 0.0659028 0.995321 -0.0706647 -10.2843 -0.965528 0.0457373 -0.256248 96.8866 
-0.260521 0.085495 0.961675 125.154 0.0666271 0.995289 -0.0704338 -10.3457 -0.963167 0.0457242 -0.26499 96.7055 
-0.271747 0.0856522 0.95855 125.872 0.0659848 0.995346 -0.0702335 -10.417 -0.960104 0.044164 -0.276134 96.5251 
-0.283687 0.086971 0.954965 126.572 0.0665858 0.995261 -0.0708605 -10.4762 -0.956602 0.0434848 -0.288134 96.3382 
-0.296971 0.0873501 0.950883 127.275 0.0695506 0.995141 -0.0696943 -10.5477 -0.95235 0.0454372 -0.301603 96.154 
-0.308541 0.0876849 0.947161 127.967 0.0730866 0.994984 -0.068304 -10.6091 -0.948399 0.0481502 -0.313402 95.9316 
-0.320229 0.0878838 0.943255 128.621 0.0779481 0.994756 -0.0662192 -10.6795 -0.944128 0.0523196 -0.3254 95.7395 
-0.331141 0.0885678 0.939416 129.299 0.0825161 0.994489 -0.0646734 -10.741 -0.939967 0.0561009 -0.336624 95.5286 
-0.339614 0.0906766 0.936184 129.977 0.0873334 0.994082 -0.064603 -10.7775 -0.936502 0.05982 -0.345523 95.2887 
-0.347467 0.0913008 0.933237 130.646 0.0928524 0.993707 -0.0626455 -10.8423 -0.933084 0.0648861 -0.353758 95.0531 
-0.354286 0.0921622 0.930584 131.294 0.0935682 0.993631 -0.0627835 -10.8863 -0.930444 0.0648297 -0.360654 94.8234 
-0.360742 0.0911188 0.928204 131.973 0.0961223 0.993549 -0.060176 -10.9323 -0.927699 0.0675131 -0.367173 94.6066 
-0.36347 0.0885746 0.927386 132.653 0.102254 0.993248 -0.0547887 -10.997 -0.925977 0.0749147 -0.370074 94.3577 
-0.367725 0.0891017 0.925656 133.312 0.108259 0.992733 -0.0525512 -11.0347 -0.923611 0.0808866 -0.374699 94.1565 
-0.370872 0.0897388 0.924338 133.989 0.108026 0.992732 -0.0530356 -11.0656 -0.92238 0.080183 -0.37787 93.9424 
-0.371737 0.0944463 0.923521 134.653 0.109838 0.992298 -0.0572678 -11.1316 -0.921817 0.0801491 -0.379248 93.7117 
-0.371122 0.0959485 0.923614 135.287 0.109108 0.992263 -0.059239 -11.2118 -0.922152 0.0787885 -0.378719 93.4734 
-0.371508 0.0966284 0.923388 135.963 0.11105 0.992054 -0.0591352 -11.2582 -0.921764 0.0805726 -0.379287 93.2473 
-0.371005 0.0934934 0.923912 136.624 0.10988 0.992349 -0.0562953 -11.3427 -0.922107 0.0806339 -0.37844 93.0129 
-0.369074 0.0917311 0.924862 137.266 0.11353 0.992115 -0.0530964 -11.3938 -0.92244 0.0854028 -0.376578 92.7684 
-0.367762 0.0923849 0.92532 137.894 0.114332 0.991996 -0.0536015 -11.4474 -0.922865 0.0860806 -0.375381 92.5285 
-0.366066 0.0950785 0.925719 138.5 0.115887 0.991681 -0.0560268 -11.4955 -0.923345 0.0867695 -0.37404 92.2989 
-0.361492 0.0968358 0.927333 139.121 0.118916 0.991258 -0.0571554 -11.5492 -0.924761 0.0896135 -0.369847 92.0626 
-0.355803 0.09709 0.929504 139.755 0.119884 0.991114 -0.0576349 -11.5868 -0.92684 0.0909263 -0.364281 91.8284 
-0.350273 0.0967023 0.931642 140.379 0.124718 0.990614 -0.0559326 -11.6223 -0.928307 0.0966011 -0.359046 91.5993 
-0.346576 0.094826 0.933217 141 0.123984 0.990779 -0.0546303 -11.682 -0.929792 0.0967699 -0.355137 91.394 
-0.342431 0.0946537 0.934763 141.635 0.125195 0.990637 -0.0544487 -11.7253 -0.931164 0.0983831 -0.351075 91.1873 
-0.340668 0.0944075 0.935432 142.283 0.12776 0.990365 -0.0534236 -11.7657 -0.931463 0.101311 -0.349448 91.0219 
-0.336688 0.0924475 0.937067 142.853 0.129536 0.990255 -0.0511525 -11.815 -0.932664 0.104161 -0.345382 90.8072 
-0.334306 0.0909256 0.938068 143.481 0.131031 0.990153 -0.0492777 -11.8722 -0.933311 0.106442 -0.342928 90.6198 
-0.331634 0.0903847 0.939068 144.132 0.129506 0.990338 -0.0495841 -11.9114 -0.934477 0.105171 -0.340136 90.4329 
-0.326589 0.093323 0.940548 144.66 0.13009 0.990081 -0.0530664 -11.9273 -0.936171 0.105025 -0.33549 90.2258 
-0.323051 0.0974858 0.941347 145.26 0.130434 0.989774 -0.0577385 -11.9572 -0.93735 0.104131 -0.332463 90.0505 
-0.318122 0.100838 0.942672 145.846 0.131832 0.989372 -0.061344 -12.0044 -0.938839 0.10476 -0.328035 89.8685 
-0.310619 0.101941 0.945052 146.405 0.131124 0.989323 -0.0636185 -12.0444 -0.941447 0.104158 -0.320669 89.6772 
-0.302167 0.100995 0.94789 146.985 0.127249 0.989746 -0.0648907 -12.0797 -0.944724 0.10101 -0.311921 89.5059 
-0.292173 0.0980419 0.951327 147.562 0.125797 0.990028 -0.0633954 -12.1423 -0.948056 0.101151 -0.301593 89.3494 
-0.281553 0.0974763 0.954582 148.146 0.126812 0.989881 -0.0636776 -12.1944 -0.951129 0.103124 -0.291065 89.2146 
