1 2.12261e-08 -2.11895e-08 0 2.12261e-08 1 2.10703e-08 0 -2.11895e-08 2.10703e-08 1 0 
0.999999 0.00127974 0.00113198 -0.00614211 -0.00127784 0.999998 -0.00164744 -0.00608949 -0.00113413 0.00164604 0.999998 1.24972 
0.999998 0.00153823 0.00156999 0.0240003 -0.00153669 0.999998 -0.000958227 -0.0209712 -0.0015715 0.000955854 0.999998 2.52133 
0.999997 -0.00227667 0.000885555 0.0769589 0.0022781 0.999996 -0.00156372 -0.0555869 -0.000882034 0.00156577 0.999998 3.7966 
0.999982 -0.00603038 0.000835511 0.0392937 0.00603157 0.999981 -0.00137787 -0.101803 -0.000827228 0.00138292 0.999999 4.9005 
0.999972 -0.00731734 0.00180112 0.0448114 0.00732219 0.99997 -0.00267714 -0.0999727 -0.00178151 0.00269029 0.999995 6.19934 
0.999979 -0.00648842 0.000370833 0.109549 0.00648985 0.999972 -0.00385189 -0.126175 -0.000345872 0.00385426 0.999993 7.43433 
0.999977 -0.00670257 0.000428354 0.1139 0.00670456 0.999966 -0.00471793 -0.130694 -0.000396759 0.00472073 0.999989 8.68262 
0.999969 -0.00784423 0.0010909 0.0553858 0.00784764 0.999964 -0.003115 -0.164387 -0.00106646 0.00312351 0.999995 9.84074 
0.999964 -0.00843878 -0.000379241 0.0273109 0.00843833 0.999964 -0.00129529 -0.208685 0.000390116 0.00129209 0.999999 11.0773 
0.999952 -0.00918667 -0.00340559 0.00296851 0.00917851 0.999955 -0.0024148 -0.221197 0.00342758 0.00238347 0.999991 12.2265 
0.999926 -0.00929027 -0.00781044 0.0173327 0.00926642 0.999952 -0.00308993 -0.249387 0.00783873 0.00301737 0.999965 13.3807 
0.999901 -0.00942752 -0.0104189 0.0306024 0.00939141 0.99995 -0.00351331 -0.286746 0.0104515 0.00341516 0.99994 14.6473 
0.999866 -0.00885283 -0.0137632 0.0727694 0.00879807 0.999953 -0.00403718 -0.315703 0.0137982 0.00391559 0.999897 15.904 
0.999793 -0.011308 -0.0169324 0.134955 0.0112425 0.999929 -0.00396363 -0.362479 0.016976 0.00377249 0.999849 17.1975 
0.999733 -0.0129606 -0.019117 0.154686 0.0128794 0.999908 -0.00436789 -0.383911 0.0191718 0.00412055 0.999808 18.4672 
0.999628 -0.014079 -0.023344 0.197522 0.0139897 0.999894 -0.00398655 -0.415136 0.0233977 0.00365853 0.99972 19.7312 
0.999569 -0.015983 -0.0246243 0.15145 0.0158864 0.999865 -0.00411527 -0.465031 0.0246867 0.00372234 0.999688 20.876 
0.999518 -0.0176575 -0.0255457 0.116314 0.0175219 0.999831 -0.00552403 -0.481182 0.0256389 0.0050738 0.999658 22.0902 
0.999517 -0.0169231 -0.0260693 0.0537801 0.0167923 0.999845 -0.00522772 -0.500229 0.0261537 0.00478747 0.999647 23.2661 
0.999549 -0.0154113 -0.0257695 -0.0221145 0.0153037 0.999873 -0.00436816 -0.556495 0.0258335 0.00397186 0.999658 24.4111 
0.999531 -0.0135207 -0.0274751 -0.0635153 0.0133473 0.99989 -0.00648477 -0.548713 0.0275597 0.00611505 0.999601 25.6504 
0.999508 -0.0151018 -0.027496 -0.146903 0.0149733 0.999876 -0.00487368 -0.604134 0.0275661 0.00445962 0.99961 26.7963 
0.999445 -0.0182412 -0.0278618 -0.220533 0.0181958 0.999833 -0.0018812 -0.670081 0.0278914 0.00137323 0.99961 27.9748 
0.999448 -0.018585 -0.0275505 -0.314835 0.018558 0.999827 -0.00123749 -0.706448 0.0275687 0.000725566 0.99962 29.1033 
0.999454 -0.0200802 -0.026251 -0.469158 0.0200677 0.999798 -0.000741353 -0.780502 0.0262606 0.000214194 0.999655 30.287 
0.999453 -0.0196177 -0.0266439 -0.524208 0.0195958 0.999807 -0.00108387 -0.82628 0.02666 0.00056121 0.999644 31.3626 
0.99936 -0.0241229 -0.0264088 -0.624006 0.0240763 0.999708 -0.00208274 -0.83601 0.0264513 0.00144563 0.999649 32.5301 
0.999347 -0.0237874 -0.0271884 -0.681174 0.0237798 0.999717 -0.000607059 -0.890213 0.0271951 -3.98274e-05 0.99963 33.7165 
0.99927 -0.0251656 -0.0287567 -0.73191 0.0251822 0.999683 0.000212533 -0.932027 0.0287422 -0.000936491 0.999586 34.8226 
0.999199 -0.0242676 -0.031825 -0.677439 0.0242418 0.999705 -0.00119736 -0.93021 0.0318446 0.000424952 0.999493 36.2036 
0.999033 -0.0245382 -0.0364743 -0.604549 0.0245557 0.999699 3.07327e-05 -0.991014 0.0364625 -0.00092631 0.999335 37.4895 
0.998915 -0.0255035 -0.0389575 -0.600029 0.0255528 0.999673 0.000765281 -1.03159 0.0389252 -0.00175988 0.999241 38.7543 
0.998966 -0.0250627 -0.0379456 -0.70414 0.0251308 0.999683 0.00131778 -1.03598 0.0379005 -0.00226997 0.999279 39.9068 
0.999023 -0.0231585 -0.0376531 -0.776787 0.0231835 0.999731 0.000226523 -1.01556 0.0376376 -0.00109919 0.999291 41.1523 
0.999109 -0.0216571 -0.0362187 -0.896503 0.0216373 0.999765 -0.0009398 -1.02876 0.0362305 0.000155331 0.999343 42.3304 
0.999134 -0.0217775 -0.0354488 -0.979565 0.0217886 0.999763 -7.476e-05 -1.06935 0.0354419 -0.000697641 0.999372 43.5432 
0.999256 -0.0174606 -0.0343836 -1.05937 0.0174935 0.999847 0.000656205 -1.07215 0.0343669 -0.00125716 0.999409 44.7741 
0.99937 -0.0160702 -0.0316435 -1.15552 0.016171 0.999865 0.00293028 -1.07855 0.0315921 -0.00344009 0.999495 45.9656 
0.999415 -0.0160553 -0.0301884 -1.22449 0.0162465 0.999849 0.00609823 -1.09553 0.0300859 -0.00658507 0.999526 47.1191 
0.999412 -0.0147543 -0.0309444 -1.22454 0.015014 0.999854 0.00817447 -1.08107 0.0308192 -0.00863422 0.999488 48.3267 
0.999477 -0.0144169 -0.0289418 -1.31356 0.0146769 0.999854 0.00879015 -1.07607 0.0288108 -0.00921029 0.999542 49.5139 
0.999484 -0.0138673 -0.0289783 -1.32449 0.0140583 0.999881 0.00639604 -1.05871 0.0288861 -0.00680008 0.99956 50.7521 
0.999427 -0.0157773 -0.0299395 -1.31438 0.0159488 0.999858 0.00549898 -1.08799 0.0298484 -0.00597329 0.999537 52.0272 
0.999456 -0.0128967 -0.0303646 -1.33346 0.0130322 0.999906 0.0042656 -1.09747 0.0303067 -0.00465895 0.99953 53.3079 
0.999483 -0.0105249 -0.0303961 -1.40453 0.0106028 0.999941 0.00240141 -1.07089 0.030369 -0.00272241 0.999535 54.4717 
0.999321 -0.0141158 -0.0340229 -1.39856 0.0142218 0.999895 0.00287522 -1.1161 0.0339787 -0.00335709 0.999417 55.7389 
0.999257 -0.014757 -0.0356152 -1.52301 0.0148659 0.999886 0.00279282 -1.13252 0.0355698 -0.00332015 0.999362 56.7015 
0.999179 -0.0127031 -0.0384656 -1.5968 0.0128901 0.999906 0.00461532 -1.15301 0.0384034 -0.00510731 0.999249 57.7243 
0.999096 -0.0135267 -0.0402995 -1.64185 0.0137069 0.999897 0.00419754 -1.14456 0.0402385 -0.00474609 0.999179 58.8859 
0.998961 -0.0141919 -0.0433131 -1.66784 0.0144509 0.99988 0.00567251 -1.20892 0.0432273 -0.00629249 0.999045 60.0922 
0.998985 -0.0121841 -0.0433721 -1.77864 0.0124204 0.999909 0.00518133 -1.21993 0.043305 -0.00571473 0.999046 61.2023 
0.998704 -0.0150304 -0.0486358 -1.73462 0.0153906 0.999857 0.00703897 -1.29853 0.048523 -0.00777833 0.998792 62.506 
0.998613 -0.0191839 -0.0490268 -1.78315 0.0194256 0.999801 0.00445791 -1.29242 0.0489315 -0.00540406 0.998788 63.7971 
0.998515 -0.0155723 -0.052212 -1.80126 0.0158354 0.999864 0.00462842 -1.26813 0.0521328 -0.0054483 0.998625 65.1243 
0.998525 -0.0170915 -0.0515306 -1.9349 0.0175554 0.999809 0.00856234 -1.35487 0.0513744 -0.00945431 0.998635 66.1498 
0.998502 -0.0140676 -0.0528828 -1.98227 0.0143106 0.999889 0.00421852 -1.31268 0.0528175 -0.00496894 0.998592 67.4239 
0.998505 -0.0148789 -0.0525921 -2.08802 0.0151407 0.999875 0.00458265 -1.37572 0.0525173 -0.00537204 0.998606 68.4662 
0.998618 -0.010419 -0.05152 -2.20784 0.010664 0.999933 0.00448205 -1.39207 0.0514698 -0.00502522 0.998662 69.5811 
0.998648 -0.00954589 -0.0510942 -2.29885 0.00983909 0.999937 0.00548921 -1.41804 0.0510385 -0.00598447 0.998679 70.7 
0.998687 -0.00985756 -0.0502742 -2.39715 0.0101511 0.999933 0.00558495 -1.43496 0.0502157 -0.00608791 0.99872 71.838 
0.998756 -0.00715916 -0.0493569 -2.46382 0.00743197 0.999958 0.00534508 -1.41829 0.0493165 -0.00570521 0.998767 73.0851 
0.998826 -0.00452756 -0.0482385 -2.53483 0.00482773 0.99997 0.00610706 -1.42976 0.0482094 -0.00633272 0.998817 74.2838 
0.999032 -0.00658289 -0.0434842 -2.64815 0.00674828 0.999971 0.00365677 -1.45012 0.0434588 -0.00394663 0.999047 75.3914 
0.999018 -0.00992844 -0.0431695 -2.69613 0.00983283 0.999949 -0.00242746 -1.45498 0.0431914 0.00200064 0.999065 76.6134 
0.999122 -0.00809084 -0.0411004 -2.76778 0.00798182 0.999964 -0.0028169 -1.48123 0.0411217 0.00248641 0.999151 77.7489 
0.999334 -0.00369533 -0.0363147 -2.87869 0.00367716 0.999993 -0.000568326 -1.48341 0.0363165 0.000434455 0.99934 78.6835 
0.999497 -9.5973e-05 -0.0317255 -3.02084 0.000104869 1 0.000277426 -1.52729 0.0317254 -0.000280571 0.999497 79.8881 
0.999675 0.00406254 -0.0251726 -3.12499 -0.00413941 0.999987 -0.00300397 -1.53194 0.0251601 0.00310724 0.999679 80.9523 
0.999774 0.00156136 -0.0212083 -3.17752 -0.00168681 0.999981 -0.00590065 -1.58104 0.0211986 0.00593513 0.999758 82.1513 
0.999842 -3.17057e-05 -0.0177996 -3.1646 -7.95329e-05 0.999981 -0.00625114 -1.70148 0.0177994 0.00625161 0.999822 83.1411 
0.999904 0.000284928 -0.01383 -3.2606 -0.000392773 0.99997 -0.00779884 -1.72455 0.0138273 0.00780357 0.999874 84.306 
0.999966 -0.00139588 -0.0081258 -3.33269 0.0013456 0.99998 -0.00619498 -1.75072 0.00813425 0.00618388 0.999948 85.438 
0.999995 -0.00124351 -0.00308636 -3.38212 0.00122671 0.999984 -0.00545388 -1.79248 0.00309305 0.0054501 0.99998 86.5834 
0.999996 -0.00235763 -0.00134283 -3.34289 0.00234714 0.999967 -0.0077888 -1.82728 0.00136111 0.00778566 0.999969 87.8051 
0.999993 -0.00327863 0.00166617 -3.37749 0.00329374 0.999953 -0.00912745 -1.85345 -0.00163621 0.00913292 0.999957 88.9066 
0.999984 -0.00201181 0.00528073 -3.42411 0.00206034 0.999956 -0.00919208 -1.90197 -0.00526205 0.00920285 0.999944 89.8271 
0.999969 -0.00206069 0.00754734 -3.41703 0.00213365 0.999951 -0.00966649 -1.88057 -0.0075271 0.00968234 0.999925 90.9781 
0.999951 -0.00206278 0.00971374 -3.38575 0.00214046 0.999966 -0.0079885 -1.90781 -0.00969697 0.00800894 0.999921 92.1075 
0.999931 -0.00282754 0.0113861 -3.34788 0.00291147 0.999969 -0.00735847 -1.89973 -0.011365 0.00739115 0.999908 93.2699 
0.999903 -0.00288508 0.0135961 -3.32271 0.00297809 0.999972 -0.00682279 -1.90578 -0.0135761 0.00686266 0.999884 94.447 
0.999878 -0.00397387 0.0151239 -3.27965 0.00411609 0.999948 -0.00938105 -1.9316 -0.0150859 0.00944219 0.999842 95.6615 
0.999861 -0.00494585 0.0159508 -3.20096 0.0051759 0.999883 -0.0144108 -1.90635 -0.0158777 0.0144913 0.999769 96.8998 
0.999867 -0.00290534 0.0160672 -3.13281 0.00317986 0.999849 -0.0170842 -1.94298 -0.0160152 0.017133 0.999725 98.12 
0.999839 -0.00297659 0.0176836 -3.13699 0.00330239 0.999825 -0.0184208 -1.95688 -0.0176257 0.0184763 0.999674 99.326 
0.999813 -0.00297143 0.0191365 -3.18411 0.00330473 0.999843 -0.017407 -1.99765 -0.0190818 0.017467 0.999665 100.467 
0.999834 -0.00200431 0.0181078 -3.17629 0.00229194 0.999871 -0.0158754 -2.03414 -0.0180737 0.0159143 0.99971 101.669 
0.999803 -0.00227497 0.0197207 -3.29584 0.00258105 0.999876 -0.0155075 -2.06061 -0.019683 0.0155554 0.999685 102.696 
0.999843 -0.00259944 0.0175318 -3.30127 0.00284736 0.999896 -0.0141281 -2.12266 -0.0174933 0.0141759 0.999747 103.89 
0.999883 -0.00253521 0.0150991 -3.33579 0.00274511 0.9999 -0.0138941 -2.15333 -0.0150624 0.013934 0.99979 104.98 
0.999923 -0.00172772 0.0123035 -3.35178 0.00189938 0.999901 -0.0139502 -2.18829 -0.0122783 0.0139725 0.999827 106.173 
0.999963 -0.00111443 0.00852469 -3.39527 0.00123686 0.999896 -0.0143647 -2.2392 -0.00850784 0.0143748 0.999861 107.359 
0.99999 -0.00167463 0.00422818 -3.41349 0.00173517 0.999896 -0.0143442 -2.27573 -0.00420376 0.0143514 0.999888 108.551 
0.999999 -0.00107698 0.000650916 -3.45809 0.00108603 0.999901 -0.0140072 -2.32034 -0.000635808 0.0140079 0.999902 109.768 
0.999996 -0.00111993 -0.00273627 -3.51233 0.00108311 0.999909 -0.013437 -2.35738 0.00275103 0.0134341 0.999906 110.972 
0.999972 -0.000742161 -0.00741978 -3.54191 0.000638633 0.999903 -0.0139513 -2.37945 0.00742937 0.0139462 0.999875 112.168 
0.999944 -0.00133673 -0.0105115 -3.65381 0.00118709 0.999898 -0.0142336 -2.41309 0.0105294 0.0142204 0.999843 113.254 
0.999876 -7.32604e-05 -0.0157333 -3.68752 -0.000162411 0.999888 -0.0149801 -2.42944 0.0157326 0.0149808 0.999764 114.458 
0.999779 0.000243066 -0.0210363 -3.7274 -0.000553144 0.999891 -0.0147376 -2.48425 0.0210304 0.0147461 0.99967 115.687 
0.999664 0.00102602 -0.0258889 -3.80057 -0.0014237 0.999881 -0.0153489 -2.53009 0.02587 0.0153806 0.999547 116.945 
0.999527 0.00186007 -0.0307037 -3.83022 -0.00236171 0.999864 -0.0163114 -2.54362 0.0306691 0.0163762 0.999395 118.162 
0.999409 0.00369009 -0.0341733 -3.85185 -0.00428253 0.999842 -0.0172807 -2.56443 0.034104 0.0174169 0.999267 119.382 
0.99932 0.00367376 -0.0366928 -3.89187 -0.00432242 0.999836 -0.0176156 -2.59652 0.036622 0.0177623 0.999171 120.613 
0.999283 0.00463414 -0.0375883 -3.95243 -0.00531068 0.999825 -0.01792 -2.63328 0.0374987 0.0181068 0.999133 121.846 
0.999261 0.00698878 -0.037801 -4.05341 -0.00766315 0.999814 -0.0177257 -2.66191 0.03767 0.0180023 0.999128 123.022 
0.999246 0.00785213 -0.0380318 -4.13259 -0.00852516 0.999809 -0.0175678 -2.70258 0.0378866 0.0178789 0.999122 124.213 
0.999131 0.0121584 -0.0398726 -4.18935 -0.0128121 0.999787 -0.0161815 -2.72135 0.0396674 0.0166783 0.999074 125.443 
0.999067 0.0141545 -0.0408094 -4.26287 -0.0146834 0.999812 -0.0126903 -2.76765 0.040622 0.0132778 0.999086 126.647 
0.999025 0.0119561 -0.042503 -4.31975 -0.0125016 0.999843 -0.0125914 -2.82656 0.0423458 0.0131105 0.999017 127.888 
0.998934 0.0122561 -0.044495 -4.35117 -0.0128984 0.999816 -0.0141772 -2.86162 0.044313 0.014736 0.998909 129.224 
0.998911 0.0078486 -0.0460031 -4.40865 -0.00840685 0.999893 -0.0119551 -2.92689 0.0459043 0.0123288 0.99887 130.492 
0.998981 0.0062834 -0.0446955 -4.53795 -0.00677737 0.999918 -0.0109097 -2.93374 0.0446232 0.0112016 0.998941 131.75 
0.998916 0.00158352 -0.0465311 -4.58395 -0.00205911 0.999946 -0.0101758 -2.95768 0.0465125 0.0102606 0.998865 133.055 
0.998863 -0.00772662 -0.0470362 -4.65216 0.00739182 0.999946 -0.00728846 -3.0758 0.0470899 0.00693254 0.998867 134.327 
0.998905 -0.0106838 -0.0455405 -4.76905 0.0101956 0.999888 -0.010939 -3.0711 0.0456523 0.0104627 0.998903 135.567 
0.998718 -0.0162426 -0.0479439 -4.78021 0.0157082 0.99981 -0.0115039 -3.11248 0.0481216 0.0107361 0.998784 136.913 
0.998714 -0.018078 -0.0473716 -4.88383 0.0175239 0.999773 -0.0120889 -3.15351 0.0475794 0.0112433 0.998804 138.004 
0.998858 -0.0190184 -0.043823 -5.0672 0.0185008 0.999755 -0.0121891 -3.18265 0.044044 0.0113644 0.998965 139.11 
0.998827 -0.0173316 -0.0452159 -5.09821 0.0168531 0.999798 -0.0109416 -3.19983 0.0453963 0.0101668 0.998917 140.385 
0.998958 -0.0129098 -0.0437863 -5.22622 0.0124956 0.999875 -0.00971996 -3.23303 0.0439063 0.00916273 0.998994 141.569 
0.999014 -0.0132441 -0.0423777 -5.34429 0.012703 0.999835 -0.0130133 -3.23892 0.042543 0.0124622 0.999017 142.799 
0.999035 -0.01375 -0.0417063 -5.43723 0.0131363 0.999802 -0.0149537 -3.28804 0.0419036 0.0143914 0.999018 144.065 
0.998961 -0.0151692 -0.0429766 -5.46909 0.0144495 0.999751 -0.0170074 -3.33521 0.0432238 0.0163688 0.998931 145.376 
0.998996 -0.0164016 -0.0416839 -5.56975 0.0155066 0.999644 -0.0217046 -3.37152 0.042025 0.0210364 0.998895 146.624 
0.999029 -0.0170205 -0.040638 -5.66539 0.0160184 0.999563 -0.0248601 -3.42833 0.0410433 0.0241851 0.998865 147.856 
0.999005 -0.017177 -0.041169 -5.7168 0.0161255 0.999539 -0.0257391 -3.49424 0.0415921 0.0250497 0.998821 149.1 
0.998946 -0.0166571 -0.0427791 -5.72813 0.0156102 0.999573 -0.0246907 -3.56486 0.0431721 0.023997 0.998779 150.413 
0.998899 -0.0176176 -0.0434831 -5.79267 0.0165489 0.999555 -0.024818 -3.60847 0.0439009 0.0240712 0.998746 151.643 
0.998835 -0.016398 -0.0453832 -5.81682 0.0152983 0.999583 -0.0244738 -3.64728 0.0457655 0.0237511 0.99867 152.985 
0.998735 -0.0168216 -0.0473856 -5.85855 0.0156771 0.999579 -0.0244227 -3.69641 0.0477764 0.023649 0.998578 154.243 
0.998617 -0.0167415 -0.049841 -5.90224 0.0155415 0.999582 -0.0243685 -3.76572 0.0502281 0.0235602 0.99846 155.494 
0.998441 -0.0162986 -0.0533776 -5.89832 0.0150844 0.99962 -0.0230724 -3.84842 0.0537333 0.0222313 0.998308 156.744 
0.998305 -0.0168844 -0.0557018 -5.94338 0.0155954 0.999602 -0.0234956 -3.86666 0.0560763 0.0225871 0.998171 158.033 
0.99831 -0.0175777 -0.055396 -6.05479 0.0163349 0.999606 -0.0228092 -3.9305 0.0557751 0.0218658 0.998204 159.353 
0.998362 -0.0161101 -0.0548903 -6.16676 0.0148147 0.999604 -0.0239261 -3.96612 0.055254 0.0230738 0.998206 160.596 
0.998342 -0.0142543 -0.0557758 -6.25116 0.0128554 0.999596 -0.0253609 -4.01865 0.0561148 0.0246019 0.998121 161.897 
0.998303 -0.0137745 -0.0565738 -6.33876 0.0123843 0.999614 -0.0248513 -4.07701 0.0568942 0.0241086 0.998089 163.156 
0.998072 -0.0146075 -0.0603176 -6.3188 0.0130038 0.999554 -0.0268961 -4.11944 0.0606835 0.02606 0.997817 164.563 
0.997995 -0.0131469 -0.0619207 -6.40983 0.011442 0.999548 -0.0278089 -4.17705 0.0622583 0.0270447 0.997694 165.846 
0.997921 -0.0124482 -0.0632399 -6.47613 0.0107255 0.999564 -0.0275079 -4.22817 0.0635547 0.0267725 0.997619 167.197 
0.997835 -0.0137986 -0.0642991 -6.61516 0.0121092 0.999573 -0.0265908 -4.27912 0.0646386 0.0257547 0.997576 168.319 
0.997734 -0.0160445 -0.0653371 -6.7308 0.0143714 0.999559 -0.0259979 -4.35424 0.0657253 0.0250001 0.997525 169.563 
0.997774 -0.0171978 -0.0644241 -6.91259 0.015611 0.999564 -0.0250544 -4.4287 0.0648269 0.023993 0.997608 170.705 
0.997708 -0.0173278 -0.0654082 -7.02547 0.0157279 0.999566 -0.0248966 -4.48321 0.0658112 0.0238108 0.997548 171.895 
0.997606 -0.0166563 -0.067116 -7.12713 0.0149109 0.99954 -0.0264236 -4.52009 0.0675252 0.0253597 0.997395 173.084 
0.997694 -0.0138653 -0.0664366 -7.28179 0.0119883 0.99952 -0.02857 -4.53801 0.0668008 0.0277077 0.997382 174.279 
0.997713 -0.0152819 -0.0658448 -7.43356 0.0134909 0.999529 -0.0275595 -4.62801 0.0662349 0.0266082 0.997449 175.52 
0.997697 -0.0164027 -0.0658182 -7.55172 0.0145283 0.999478 -0.0288572 -4.69237 0.0662571 0.0278346 0.997414 176.754 
0.997563 -0.0170152 -0.0676669 -7.62145 0.014989 0.999427 -0.0303408 -4.74221 0.0681443 0.0292527 0.997247 178.008 
0.997487 -0.0199503 -0.0679836 -7.75434 0.0179978 0.999411 -0.0292134 -4.81352 0.0685264 0.0279164 0.997259 179.123 
0.997366 -0.0184229 -0.070161 -7.83861 0.016694 0.999544 -0.02515 -4.87582 0.0705923 0.0239126 0.997219 180.381 
0.996509 -0.0411132 -0.0726558 -7.88548 0.0396914 0.998993 -0.0209064 -5.00051 0.0734421 0.0179496 0.997138 181.708 
0.996552 -0.0396658 -0.0728701 -8.01917 0.0382151 0.999045 -0.0211969 -5.06804 0.0736412 0.0183391 0.997116 182.954 
0.996821 -0.0355751 -0.0712858 -8.17849 0.033884 0.999118 -0.0247947 -5.10957 0.0721049 0.0223005 0.997148 184.127 
0.996805 -0.0358867 -0.0713601 -8.33308 0.0341216 0.999085 -0.025803 -5.18166 0.0722207 0.0232857 0.997117 185.421 
0.996907 -0.0356651 -0.0700386 -8.49692 0.0339599 0.999101 -0.0253891 -5.24624 0.0708811 0.0229321 0.997221 186.533 
0.996914 -0.0360296 -0.0697424 -8.62686 0.034384 0.999105 -0.0246551 -5.29645 0.0705682 0.022181 0.99726 187.728 
0.997009 -0.036074 -0.0683555 -8.78522 0.0346804 0.999168 -0.0214658 -5.37911 0.0690729 0.019031 0.99743 188.903 
0.99709 -0.0367093 -0.0668146 -8.92135 0.0354055 0.999161 -0.0205942 -5.42641 0.0675145 0.0181687 0.997553 190.133 
0.997145 -0.0364547 -0.0661228 -8.99417 0.0351089 0.999154 -0.0214018 -5.46925 0.0668471 0.0190193 0.997582 191.444 
0.997198 -0.0379187 -0.0644931 -9.09504 0.0365584 0.999086 -0.0221436 -5.53691 0.0652738 0.0197238 0.997672 192.624 
0.997202 -0.0388355 -0.0638795 -9.16097 0.0375293 0.999064 -0.0215227 -5.67563 0.0646555 0.0190652 0.997726 193.971 
0.997194 -0.0408546 -0.0627339 -9.24354 0.0395051 0.998964 -0.0226038 -5.70587 0.0635923 0.0200621 0.997774 195.25 
0.997284 -0.0399133 -0.0618976 -9.32322 0.0385996 0.999006 -0.0222776 -5.7394 0.0627253 0.0198279 0.997834 196.355 
0.997236 -0.0415207 -0.0616145 -9.39284 0.0402749 0.998961 -0.0213252 -5.76491 0.0624359 0.0187848 0.997872 197.581 
0.997324 -0.040337 -0.060981 -9.45848 0.0390785 0.999001 -0.0216933 -5.79216 0.061795 0.0192522 0.997903 198.89 
0.997267 -0.0422466 -0.0606106 -9.53755 0.0410168 0.998929 -0.0213939 -5.86249 0.0614495 0.0188495 0.997932 200.05 
0.9973 -0.0424885 -0.0598888 -9.64396 0.0412974 0.998926 -0.0209896 -5.93493 0.0607163 0.0184597 0.997984 201.19 
0.99734 -0.0419698 -0.0595928 -9.68481 0.0407397 0.998934 -0.0217093 -5.96002 0.0604404 0.0192238 0.997987 202.432 
0.997506 -0.0407292 -0.0576384 -9.8255 0.0395429 0.998985 -0.021575 -6.01424 0.0584586 0.0192421 0.998104 203.55 
0.997575 -0.040859 -0.0563536 -9.94451 0.0396592 0.998966 -0.0222485 -6.04083 0.0572043 0.0199597 0.998163 204.725 
0.997592 -0.0417403 -0.0553924 -10.0473 0.0405893 0.998939 -0.0217445 -6.09849 0.0562412 0.0194439 0.998228 205.88 
0.997694 -0.0404617 -0.0545029 -10.1582 0.0393766 0.999007 -0.0208392 -6.15093 0.0552919 0.018645 0.998296 206.993 
0.997689 -0.0404423 -0.0545927 -10.2566 0.0393884 0.999019 -0.0202473 -6.19597 0.055358 0.0180503 0.998303 208.135 
0.997671 -0.0390498 -0.055921 -10.3408 0.0379892 0.99908 -0.0199052 -6.24799 0.0566468 0.0177345 0.998237 209.192 
0.997709 -0.0385782 -0.055566 -10.4483 0.037469 0.99908 -0.0208678 -6.2881 0.0563198 0.0187381 0.998237 210.231 
0.997558 -0.038425 -0.0583218 -10.5019 0.0372351 0.999078 -0.0213559 -6.33475 0.0590886 0.0191322 0.998069 211.186 
0.997352 -0.0393088 -0.0611844 -10.543 0.038024 0.999034 -0.0220253 -6.36685 0.0619911 0.0196406 0.997883 212.286 
0.997217 -0.0398798 -0.0629914 -10.6318 0.0385855 0.999021 -0.0216329 -6.43044 0.0637924 0.0191421 0.99778 213.234 
0.996991 -0.0404192 -0.0661497 -10.6745 0.0390323 0.998993 -0.0221274 -6.44628 0.0669774 0.0194789 0.997564 214.426 
0.996822 -0.0398674 -0.0689667 -10.743 0.0385065 0.999039 -0.0209514 -6.48442 0.0697356 0.0182292 0.997399 215.477 
0.996574 -0.0389414 -0.072971 -10.7976 0.0376789 0.999117 -0.0186008 -6.54139 0.0736308 0.0157876 0.997161 216.5 
0.996318 -0.0387194 -0.0764957 -10.8541 0.0372479 0.999094 -0.0205717 -6.55171 0.0772229 0.0176467 0.996858 217.618 
0.996192 -0.03729 -0.0788092 -10.946 0.0358515 0.999165 -0.0195908 -6.6157 0.0794739 0.0166908 0.996697 218.609 
0.99586 -0.0380925 -0.0825333 -11.0296 0.0365848 0.999136 -0.0197047 -6.65967 0.0832126 0.0166037 0.996394 219.589 
0.995511 -0.036056 -0.0875068 -11.1003 0.0344255 0.999206 -0.0200713 -6.68827 0.0881609 0.0169688 0.995962 220.563 
0.995471 -0.033256 -0.0890636 -11.2194 0.0314478 0.999271 -0.0216293 -6.70409 0.089718 0.0187305 0.995791 221.485 
0.995011 -0.0337017 -0.0938986 -11.2824 0.0318498 0.999269 -0.0211528 -6.75545 0.0945428 0.0180567 0.995357 222.417 
0.994821 -0.0299812 -0.0971227 -11.39 0.0279238 0.999357 -0.0224745 -6.77593 0.097734 0.0196461 0.995019 223.278 
0.994471 -0.0291511 -0.100881 -11.4744 0.0269725 0.999374 -0.0228933 -6.81768 0.101485 0.0200457 0.994635 224.183 
0.994088 -0.0270359 -0.105157 -11.5603 0.0246444 0.999409 -0.0239763 -6.84687 0.105743 0.021243 0.994167 225.025 
0.993685 -0.0262574 -0.109091 -11.6491 0.0237244 0.999419 -0.0244526 -6.88579 0.10967 0.0217101 0.993731 225.828 
0.99354 -0.0265534 -0.11033 -11.7507 0.0240494 0.999424 -0.0239656 -6.92017 0.110903 0.0211574 0.993606 226.61 
0.993382 -0.0270222 -0.111631 -11.8435 0.0246321 0.999438 -0.0227349 -6.96342 0.112183 0.0198348 0.99349 227.366 
0.993332 -0.0291232 -0.111551 -11.9275 0.0269018 0.99941 -0.0213679 -7.01249 0.112107 0.0182246 0.993529 228.14 
0.993221 -0.0305964 -0.112139 -12.0062 0.0281911 0.999339 -0.022973 -7.04239 0.112768 0.019656 0.993427 228.904 
0.993257 -0.0305301 -0.111838 -12.0989 0.0280311 0.999323 -0.0238507 -7.09207 0.11249 0.020555 0.99344 229.64 
0.993223 -0.03323 -0.111372 -12.172 0.030711 0.999234 -0.0242588 -7.15372 0.112093 0.0206741 0.993483 230.386 
0.99337 -0.0336031 -0.109936 -12.3072 0.031028 0.999205 -0.0250517 -7.18989 0.110691 0.0214745 0.993623 231.039 
0.993572 -0.0327413 -0.108366 -12.3884 0.0301055 0.999212 -0.0258718 -7.20956 0.109127 0.0224431 0.993774 231.776 
0.993621 -0.0351267 -0.107157 -12.4663 0.0326744 0.999164 -0.0245568 -7.27916 0.10793 0.0208989 0.993939 232.508 
0.99371 -0.0363136 -0.105931 -12.5336 0.0339303 0.999131 -0.0242158 -7.33372 0.106718 0.0204693 0.994079 233.246 
0.9939 -0.0362706 -0.104152 -12.6299 0.0339531 0.999137 -0.0239395 -7.3817 0.104931 0.0202572 0.994273 233.98 
0.994144 -0.0355053 -0.102067 -12.7146 0.0331619 0.999148 -0.0245666 -7.40508 0.102852 0.0210381 0.994474 234.709 
0.994416 -0.0365579 -0.0989997 -12.7991 0.0343205 0.999118 -0.0242104 -7.43212 0.0997974 0.0206775 0.994793 235.472 
0.994782 -0.0365318 -0.095262 -12.8856 0.0342747 0.999094 -0.0252248 -7.41952 0.0960971 0.0218281 0.995133 236.191 
0.995101 -0.0371195 -0.0916342 -12.9802 0.0349362 0.999069 -0.0253175 -7.43411 0.0924886 0.0219922 0.995471 236.829 
0.99541 -0.0381424 -0.0877754 -13.0721 0.0360475 0.999029 -0.0253299 -7.46205 0.0886562 0.0220496 0.995818 237.473 
0.995582 -0.0386834 -0.0855625 -13.1231 0.0366912 0.999021 -0.024735 -7.50657 0.0864355 0.0214864 0.996026 238.164 
0.995886 -0.0383051 -0.082126 -13.2103 0.0363956 0.999034 -0.0246247 -7.52829 0.0829898 0.0215345 0.996318 238.829 
0.99617 -0.0376917 -0.0788958 -13.2796 0.0357977 0.999039 -0.0252847 -7.54719 0.079773 0.0223636 0.996562 239.559 
0.996249 -0.0381872 -0.0776464 -13.3219 0.036295 0.999012 -0.0256377 -7.5833 0.0785487 0.0227234 0.996651 240.304 
0.996487 -0.0381958 -0.0745273 -13.3784 0.0366221 0.999079 -0.0223709 -7.63549 0.0753131 0.0195631 0.996968 241.047 
0.99671 -0.039556 -0.070739 -13.4549 0.0380824 0.999031 -0.0220613 -7.66119 0.071543 0.0192949 0.997251 241.743 
0.996921 -0.0384894 -0.0683138 -13.5106 0.0370235 0.999059 -0.0225972 -7.68343 0.0691193 0.0199985 0.997408 242.456 
0.997083 -0.0387349 -0.0657697 -13.5743 0.0372078 0.999012 -0.0242888 -7.7123 0.0666456 0.0217708 0.997539 243.156 
0.996945 -0.0437565 -0.0646987 -13.629 0.0421671 0.998779 -0.0257318 -7.75801 0.0657456 0.0229251 0.997573 243.862 
0.997059 -0.0445442 -0.0623641 -13.6904 0.0429256 0.998712 -0.0270583 -7.78533 0.063489 0.0243017 0.997687 244.576 
0.997323 -0.0412649 -0.0603689 -13.7564 0.0395861 0.998803 -0.0287473 -7.80701 0.0614828 0.0262806 0.997762 245.286 
0.997311 -0.0406429 -0.0609771 -13.825 0.0388869 0.998802 -0.0297132 -7.85416 0.0621116 0.0272621 0.997697 246.069 
0.997581 -0.039517 -0.0571889 -14.003 0.0377643 0.998793 -0.0314126 -7.82483 0.0583612 0.029177 0.997869 246.574 
0.99769 -0.0388469 -0.0557329 -14.0903 0.0371114 0.998804 -0.0318442 -7.83643 0.0569032 0.0297024 0.997938 247.264 
0.997454 -0.0423899 -0.0573496 -14.1021 0.0405187 0.99862 -0.0334074 -7.86876 0.0586866 0.0309986 0.997795 248.087 
0.997503 -0.0457997 -0.0537584 -14.2402 0.043962 0.998424 -0.0348855 -7.92638 0.0552714 0.0324351 0.997944 248.703 
0.997252 -0.0494787 -0.0551329 -14.2186 0.0474059 0.998142 -0.0382917 -7.85409 0.056925 0.035573 0.997745 249.411 
0.997392 -0.0464265 -0.0552533 -14.2271 0.044481 0.998364 -0.0359357 -7.84433 0.0568312 0.0333843 0.997826 250.241 
0.9973 -0.0475762 -0.0559411 -14.2814 0.0459772 0.998506 -0.0295319 -7.90668 0.0572625 0.0268802 0.997997 251.001 
0.997387 -0.0456579 -0.0559831 -14.3486 0.0442825 0.998692 -0.025569 -7.93626 0.0570773 0.0230232 0.998104 251.748 
0.997457 -0.0480123 -0.0526776 -14.4141 0.0466164 0.998537 -0.0274162 -7.9773 0.0539168 0.0248909 0.998235 252.514 
0.997681 -0.0485182 -0.0477268 -14.4925 0.0469952 0.998365 -0.0325328 -8.03065 0.0492271 0.0302145 0.998331 253.281 
0.997934 -0.0486727 -0.0419419 -14.5955 0.0471608 0.998227 -0.0363123 -8.05598 0.0436349 0.0342593 0.99846 254.049 
0.998078 -0.0473709 -0.0399666 -14.6015 0.0459175 0.998277 -0.0365314 -8.09825 0.0416282 0.0346261 0.998533 254.911 
0.998152 -0.047189 -0.0382742 -14.6175 0.0458953 0.998367 -0.0340034 -8.13187 0.0398162 0.032184 0.998689 255.742 
0.998139 -0.0503567 -0.0343959 -14.6819 0.0493097 0.998313 -0.0306407 -8.17321 0.0358808 0.0288876 0.998939 256.56 
0.998207 -0.0514336 -0.0306313 -14.7426 0.0505322 0.998286 -0.0295114 -8.20528 0.0320967 0.0279106 0.999095 257.396 
0.998264 -0.0519958 -0.027679 -14.7614 0.051182 0.998258 -0.0293416 -8.24443 0.0291564 0.0278741 0.999186 258.293 
0.998353 -0.0512048 -0.0258845 -14.7551 0.0504052 0.998258 -0.0306543 -8.30413 0.027409 0.0292991 0.999195 259.183 
0.998495 -0.0486908 -0.0252293 -14.7476 0.0478231 0.99828 -0.0339238 -8.33116 0.0268376 0.0326663 0.999106 260.05 
0.998593 -0.0475317 -0.0235322 -14.7462 0.0466947 0.998299 -0.0349255 -8.35581 0.0251522 0.0337776 0.999113 260.925 
0.998636 -0.0478743 -0.0208533 -14.7761 0.0472008 0.998383 -0.0316747 -8.4253 0.0223359 0.0306472 0.999281 261.728 
0.998739 -0.0467411 -0.0182974 -14.7853 0.0461748 0.998476 -0.0302376 -8.46591 0.0196828 0.0293547 0.999375 262.63 
0.998756 -0.0474723 -0.0152619 -14.8377 0.0469971 0.998441 -0.030121 -8.50612 0.0166679 0.0293663 0.99943 263.436 
0.998587 -0.0515462 -0.0129009 -14.8607 0.0511534 0.998266 -0.0291228 -8.58406 0.0143796 0.0284218 0.999493 264.268 
0.998616 -0.0515899 -0.0101975 -14.8822 0.0512663 0.998241 -0.0297897 -8.61455 0.0117163 0.0292258 0.999504 265.134 
0.998514 -0.0537253 -0.00914776 -14.8699 0.0534274 0.998116 -0.0301755 -8.63603 0.0107517 0.029642 0.999503 266.015 
0.998549 -0.0531845 -0.00845763 -14.8988 0.0528949 0.998106 -0.0314086 -8.65451 0.010112 0.0309157 0.999471 266.817 
0.998413 -0.0557373 -0.00803076 -14.914 0.0554698 0.997998 -0.0303755 -8.71094 0.00970769 0.0298818 0.999506 267.685 
0.998364 -0.0566664 -0.00764874 -14.953 0.0564077 0.997938 -0.0306153 -8.75511 0.00936779 0.0301338 0.999502 268.491 
0.998298 -0.0577617 -0.00798739 -14.973 0.0575068 0.99792 -0.0291252 -8.81629 0.00965305 0.0286163 0.999544 269.341 
0.998307 -0.0573977 -0.0094023 -14.9909 0.0571068 0.997954 -0.02874 -8.8523 0.0110326 0.0281545 0.999543 270.161 
0.998042 -0.0615394 -0.0112117 -15.0034 0.061201 0.997722 -0.0283719 -8.93048 0.0129322 0.0276302 0.999535 271.064 
0.998131 -0.0601106 -0.0109729 -15.0832 0.0597649 0.997776 -0.0295047 -8.95452 0.012722 0.0287938 0.999504 271.866 
0.998116 -0.0597583 -0.0138765 -15.0808 0.0593132 0.997772 -0.030537 -8.99367 0.0156704 0.0296564 0.999437 272.758 
0.998159 -0.0586665 -0.0153821 -15.1278 0.0581543 0.997799 -0.0318642 -9.01639 0.0172176 0.0309111 0.999374 273.595 
0.998217 -0.0573681 -0.0164918 -15.1751 0.0568072 0.99785 -0.032676 -9.05963 0.0183308 0.0316809 0.99933 274.403 
0.998102 -0.0586737 -0.0187236 -15.207 0.0580584 0.997804 -0.0318708 -9.09332 0.0205524 0.0307233 0.999317 275.233 
0.997957 -0.0601783 -0.0214716 -15.2581 0.0595113 0.997763 -0.0304615 -9.14044 0.0232567 0.0291215 0.999305 276.045 
0.997755 -0.061983 -0.0253507 -15.3076 0.0612819 0.99774 -0.0275569 -9.19146 0.0270015 0.0259415 0.999299 276.852 
0.997678 -0.0613491 -0.0295771 -15.3723 0.0605227 0.997772 -0.0280732 -9.19709 0.0312334 0.0262179 0.999168 277.671 
0.997414 -0.0629005 -0.0347553 -15.4098 0.0619982 0.997726 -0.0264578 -9.253 0.0363404 0.0242346 0.999046 278.482 
0.997389 -0.0606542 -0.0391934 -15.4712 0.0596205 0.997855 -0.0270279 -9.28523 0.0407486 0.0246207 0.998866 279.303 
0.997241 -0.0605724 -0.0429217 -15.5468 0.0594367 0.99786 -0.0272622 -9.31332 0.0444811 0.0246358 0.998706 280.088 
0.996965 -0.0621755 -0.0468501 -15.6282 0.0609532 0.997773 -0.0270833 -9.35931 0.0484297 0.0241455 0.998535 280.889 
0.996958 -0.0610921 -0.0483964 -15.743 0.0597852 0.997818 -0.0280103 -9.41559 0.050002 0.0250318 0.998435 281.673 
0.996827 -0.0612843 -0.0508004 -15.8302 0.0599089 0.997806 -0.0281717 -9.46341 0.0524154 0.025039 0.998311 282.319 
0.996886 -0.059725 -0.0515006 -15.963 0.058376 0.997921 -0.0273134 -9.52566 0.0530247 0.024222 0.998299 282.919 
0.996708 -0.0598838 -0.054649 -16.0346 0.0584543 0.997914 -0.0273954 -9.55389 0.0561756 0.0241108 0.99813 283.609 
0.996589 -0.0610012 -0.0555815 -16.1847 0.0594284 0.997796 -0.0295263 -9.55667 0.0572601 0.0261225 0.998018 284.323 
0.996626 -0.0576968 -0.0583806 -16.3167 0.056012 0.997976 -0.0300974 -9.65385 0.059999 0.0267259 0.997841 284.982 
0.996348 -0.0564646 -0.0640471 -16.3905 0.0546154 0.998049 -0.0302664 -9.72803 0.0656311 0.026658 0.997488 285.548 
0.995816 -0.0564981 -0.0718198 -16.4733 0.0543339 0.998018 -0.0317406 -9.7888 0.0734707 0.0277056 0.996913 286.251 
0.995059 -0.0566725 -0.0815186 -16.5955 0.0541773 0.998002 -0.0325042 -9.83105 0.0831978 0.0279272 0.996142 286.939 
0.993863 -0.0562341 -0.0952537 -16.6527 0.0532471 0.998015 -0.0336176 -9.86026 0.0969551 0.0283393 0.994885 287.555 
0.99221 -0.0556252 -0.111468 -16.7828 0.0520736 0.998046 -0.0345275 -9.87753 0.11317 0.0284541 0.993168 288.216 
0.99 -0.0531181 -0.130683 -16.9271 0.0489222 0.998185 -0.0351137 -9.90789 0.132311 0.0283693 0.990802 288.872 
0.986909 -0.0519399 -0.152687 -17.0501 0.0471153 0.998274 -0.0350509 -9.98229 0.154244 0.0273982 0.987653 289.439 
0.982852 -0.050626 -0.177308 -17.2019 0.0447926 0.99832 -0.0367527 -10.0072 0.178871 0.0281804 0.983469 290.028 
0.977623 -0.0500271 -0.204328 -17.3875 0.0431402 0.998345 -0.0380243 -10.037 0.205893 0.0283587 0.978164 290.62 
0.970829 -0.0503277 -0.234434 -17.558 0.0423417 0.998343 -0.0389782 -10.0598 0.236007 0.0279149 0.97135 291.171 
0.962298 -0.0503648 -0.267294 -17.7183 0.0413586 0.998374 -0.0392213 -10.0892 0.268835 0.0266877 0.962816 291.687 
0.951646 -0.0499486 -0.30311 -17.9363 0.0398138 0.998425 -0.0395279 -10.1244 0.304607 0.0255486 0.952135 292.252 
0.938989 -0.0487297 -0.340477 -18.1355 0.0374872 0.998515 -0.0395248 -10.1435 0.341897 0.0243499 0.939422 292.745 
0.924176 -0.0473296 -0.379024 -18.3573 0.0350281 0.998614 -0.0392903 -10.165 0.380358 0.0230348 0.924553 293.249 
0.90711 -0.0466812 -0.418296 -18.5846 0.0328389 0.998651 -0.040234 -10.1783 0.41961 0.0227603 0.907419 293.719 
0.887587 -0.0472295 -0.458213 -18.8486 0.0318622 0.998642 -0.0412144 -10.1913 0.459537 0.0219818 0.887887 294.181 
0.865814 -0.0474514 -0.498111 -19.1628 0.0305611 0.99865 -0.0420129 -10.2193 0.499431 0.0211526 0.866095 294.598 
0.841137 -0.047999 -0.538689 -19.4709 0.0292358 0.998633 -0.0433314 -10.2344 0.540032 0.0206987 0.84139 294.986 
0.812724 -0.04892 -0.580591 -19.7694 0.0282516 0.998606 -0.0445943 -10.249 0.581963 0.0198403 0.812973 295.37 
0.781637 -0.0493617 -0.621778 -20.1048 0.0268474 0.998602 -0.0455273 -10.2533 0.623156 0.0188927 0.781869 295.758 
0.746676 -0.04644 -0.663564 -20.4697 0.0215713 0.998726 -0.0456234 -10.317 0.664838 0.019752 0.746727 296.163 
0.710367 -0.047518 -0.702225 -20.8517 0.0200534 0.99868 -0.0472926 -10.325 0.703546 0.0195132 0.710382 296.405 
0.668117 -0.0486671 -0.742463 -21.2146 0.0190266 0.99865 -0.0483384 -10.3199 0.743813 0.0181692 0.668141 296.725 
0.621647 -0.0490799 -0.781758 -21.6071 0.0208353 0.998718 -0.0461329 -10.3371 0.78302 0.0123903 0.621873 297.017 
0.571664 -0.0495908 -0.818988 -22.0261 0.0216673 0.998736 -0.0453508 -10.3451 0.820202 0.00818018 0.572016 297.246 
0.518728 -0.0448451 -0.853763 -22.4319 0.014851 0.998945 -0.0434479 -10.3687 0.854811 0.00985847 0.518846 297.451 
0.463661 -0.0380863 -0.885194 -22.8572 0.00560571 0.999182 -0.0400545 -10.4166 0.885995 0.0136096 0.463496 297.629 
0.406935 -0.0356124 -0.912763 -23.2947 -9.6772e-05 0.999238 -0.0390295 -10.4225 0.913457 0.0159709 0.406622 297.751 
0.345775 -0.0329891 -0.937737 -23.6964 -0.00571109 0.999289 -0.0372604 -10.4558 0.9383 0.0182393 0.345341 297.921 
0.285685 -0.0325738 -0.95777 -24.1207 -0.00754827 0.999315 -0.0362383 -10.4527 0.958294 0.0175823 0.285244 298.005 
0.223133 -0.0308182 -0.974301 -24.5377 -0.00889922 0.999394 -0.03365 -10.4528 0.974747 0.016179 0.222723 298.104 
0.163803 -0.0280758 -0.986093 -24.9991 -0.0113152 0.999476 -0.0303365 -10.4458 0.986428 0.0161271 0.1634 298.096 
0.100431 -0.0232675 -0.994672 -25.4553 -0.0147886 0.999581 -0.0248755 -10.4868 0.994834 0.0172082 0.100045 298.105 
0.0335182 -0.0209191 -0.999219 -25.8678 -0.017331 0.999618 -0.0215088 -10.4832 0.999288 0.0180384 0.0331429 298.114 
-0.034471 -0.0148177 -0.999296 -26.3251 -0.0187104 0.999724 -0.0141786 -10.5018 0.999231 0.0182085 -0.0347387 298.091 
-0.102539 -0.00836592 -0.994694 -26.79 -0.022111 0.999737 -0.006129 -10.5096 0.994483 0.0213652 -0.102697 298.015 
-0.170495 -0.00160811 -0.985357 -27.2635 -0.0238399 0.999713 0.00249346 -10.5224 0.98507 0.023916 -0.170485 297.901 
-0.237508 0.00595332 -0.971367 -27.7514 -0.0238485 0.999644 0.0119578 -10.5485 0.971093 0.0260057 -0.237281 297.738 
-0.303294 0.0114983 -0.952828 -28.2225 -0.022967 0.999549 0.0193727 -10.541 0.95262 0.0277593 -0.302893 297.554 
-0.364681 0.0175465 -0.930967 -28.6438 -0.0210245 0.999412 0.0270722 -10.5566 0.930895 0.0294459 -0.364098 297.303 
-0.425369 0.02124 -0.904771 -29.1264 -0.0191103 0.999291 0.0324435 -10.5547 0.904818 0.0310909 -0.424662 297.03 
-0.48185 0.0185866 -0.876056 -29.5323 -0.0192125 0.999311 0.031769 -10.5034 0.876043 0.0321392 -0.481161 296.733 
-0.536272 0.0179994 -0.843853 -29.995 -0.0185092 0.999281 0.0330774 -10.4831 0.843842 0.0333576 -0.535554 296.416 
-0.586603 0.0188811 -0.809654 -30.4811 -0.0161709 0.999256 0.0350186 -10.4595 0.809713 0.0336349 -0.585861 296.04 
-0.629632 0.0203982 -0.776626 -30.8752 -0.0150443 0.999148 0.0384396 -10.4581 0.776748 0.0358866 -0.628789 295.639 
-0.667868 0.0186695 -0.744045 -31.2954 -0.0165653 0.999065 0.0399377 -10.4123 0.744095 0.0389985 -0.666934 295.208 
-0.703325 0.0237722 -0.710471 -31.7461 -0.0117149 0.998917 0.0450207 -10.4004 0.710772 0.0399873 -0.702285 294.724 
-0.7372 0.0313902 -0.674945 -32.1351 -0.0037913 0.998712 0.0505889 -10.3827 0.675664 0.0398531 -0.736131 294.245 
-0.770757 0.0366249 -0.636075 -32.5608 0.00116534 0.998426 0.0560768 -10.3552 0.637128 0.0424804 -0.769587 293.72 
-0.799981 0.0389045 -0.598762 -32.9106 0.00479885 0.998279 0.0584515 -10.3255 0.600006 0.0438868 -0.798791 293.16 
-0.826859 0.0365575 -0.56122 -33.2526 0.00529134 0.998347 0.0572358 -10.2907 0.562384 0.0443564 -0.825686 292.549 
-0.851043 0.0335933 -0.52402 -33.5897 0.00596575 0.998506 0.0543224 -10.2532 0.525062 0.0431045 -0.849972 291.897 
-0.874716 0.0270306 -0.483882 -33.9867 0.00333678 0.998756 0.0497606 -10.1987 0.484624 0.0419118 -0.873718 291.22 
-0.894428 0.0298291 -0.446216 -34.2553 0.00772226 0.998655 0.05128 -10.2328 0.447145 0.0424205 -0.893455 290.555 
-0.912447 0.0262508 -0.408353 -34.5807 0.00583911 0.998674 0.0511522 -10.1733 0.409154 0.0442892 -0.91139 289.775 
-0.929148 0.0227614 -0.369007 -34.8943 0.00374626 0.998631 0.0521656 -10.1447 0.369689 0.0470871 -0.927962 288.938 
-0.943605 0.0190868 -0.330524 -35.1213 0.00284053 0.998767 0.0495665 -10.0458 0.331063 0.0458323 -0.942495 288.142 
-0.956482 0.0218593 -0.290971 -35.347 0.00726536 0.998665 0.0511423 -10.0047 0.2917 0.0468027 -0.955364 287.272 
-0.967326 0.0266368 -0.252134 -35.5251 0.013746 0.998513 0.052751 -9.96139 0.253164 0.0475616 -0.966253 286.397 
-0.976715 0.0278219 -0.212728 -35.7001 0.0161579 0.998279 0.0563742 -9.92186 0.21393 0.0516243 -0.975484 285.509 
-0.983959 0.0331151 -0.175296 -35.8308 0.0230327 0.997978 0.0592425 -9.88258 0.176903 0.0542546 -0.982732 284.535 
-0.989808 0.0320775 -0.138748 -35.9241 0.0239928 0.997937 0.0595551 -9.83623 0.140372 0.0556192 -0.988535 283.578 
-0.994074 0.0331761 -0.10352 -36.0132 0.0272779 0.997951 0.0578807 -9.80529 0.105228 0.0547138 -0.992942 282.561 
-0.997186 0.0301769 -0.0686288 -36.085 0.0263804 0.998106 0.0555688 -9.77175 0.0701758 0.053602 -0.996094 281.572 
-0.998845 0.0296112 -0.0378337 -36.0554 0.0275258 0.998134 0.054499 -9.68099 0.0393769 0.0533947 -0.997797 280.509 
-0.999605 0.0267746 -0.00859681 -35.988 0.0262651 0.998156 0.0547285 -9.62652 0.0100463 0.054481 -0.998464 279.466 
-0.999409 0.0273585 0.0208276 -35.9469 0.0284649 0.99809 0.0548237 -9.59709 -0.0192879 0.0553842 -0.998279 278.421 
-0.998462 0.0267317 0.0485614 -35.8832 0.029375 0.998078 0.0545617 -9.53134 -0.0470095 0.0559043 -0.997329 277.293 
-0.99703 0.0225473 0.0736354 -35.7694 0.0267007 0.998078 0.0559155 -9.48741 -0.0722331 0.0577156 -0.995717 276.121 
-0.995353 0.0191126 0.0943759 -35.5673 0.024462 0.998139 0.0558547 -9.39954 -0.0931327 0.0579037 -0.993969 275.004 
-0.993472 0.0164739 0.11288 -35.3626 0.0228259 0.998214 0.0552125 -9.36281 -0.111769 0.0574287 -0.992073 273.888 
-0.991663 0.0113773 0.128358 -35.1552 0.0182855 0.998439 0.0527705 -9.3018 -0.127557 0.0546776 -0.990323 272.737 
-0.989876 0.0075201 0.141734 -34.9787 0.0151836 0.998476 0.0530661 -9.26247 -0.141119 0.0546809 -0.988481 271.531 
