1 2.12261e-08 -2.11895e-08 0 2.12261e-08 1 2.10703e-08 0 -2.11895e-08 2.10703e-08 1 0 
0.999976 -0.00016718 -0.0068915 -0.00397494 0.000166353 1 -0.000126675 0.00684433 0.00689148 0.000125568 0.999976 0.0882899 
0.9999 0.000486698 -0.0141345 -0.00355352 -0.000492872 1 -0.000436279 0.00670967 0.0141343 0.000443244 0.9999 0.170901 
0.999768 0.00216177 -0.0214413 -0.0219821 -0.00218702 0.999997 -0.00115589 0.00639017 0.0214387 0.00120256 0.999769 0.275081 
0.999536 0.00355796 -0.030263 -0.0479624 -0.00361925 0.999992 -0.00197204 0.000350925 0.0302557 0.0020807 0.99954 0.378501 
0.999111 0.00306872 -0.0420571 -0.0666818 -0.00319625 0.999991 -0.00296654 -0.0050475 0.0420476 0.00309837 0.999111 0.497532 
0.998493 0.00408952 -0.0547365 -0.105341 -0.0042852 0.999985 -0.00345886 -0.0087755 0.0547215 0.00368824 0.998495 0.630886 
0.997442 0.00388578 -0.0713782 -0.129246 -0.00413455 0.999986 -0.00333839 -0.00842174 0.0713642 0.00362501 0.997444 0.771507 
0.99599 0.00313839 -0.0894104 -0.170451 -0.00338144 0.999991 -0.00256753 -0.0214438 0.0894015 0.00285962 0.995992 0.933272 
0.994042 0.00262017 -0.108969 -0.214065 -0.00300271 0.99999 -0.00334695 -0.0108298 0.108959 0.00365426 0.99404 1.08909 
0.991319 0.00303581 -0.131443 -0.25049 -0.00355624 0.999987 -0.00372513 -0.00722604 0.13143 0.00416028 0.991317 1.24643 
0.987812 0.00616321 -0.155532 -0.307646 -0.00708136 0.999961 -0.00535014 -0.00222057 0.155493 0.00638635 0.987816 1.41379 
0.983645 0.0125671 -0.179679 -0.398297 -0.0138782 0.999885 -0.00604165 -0.0288649 0.179582 0.0084365 0.983707 1.59073 
0.978405 0.0163721 -0.206046 -0.48759 -0.0181487 0.999813 -0.00673502 -0.032048 0.205897 0.0103291 0.978519 1.79516 
0.971777 0.0176512 -0.235239 -0.570233 -0.0197447 0.999784 -0.00654703 -0.0336337 0.235073 0.011007 0.971915 1.98702 
0.963683 0.0189449 -0.266377 -0.658298 -0.0212279 0.999758 -0.00569376 -0.0375599 0.266204 0.0111416 0.963852 2.19783 
0.954105 0.0190748 -0.298863 -0.739518 -0.0216301 0.999752 -0.00524433 -0.0268548 0.298689 0.0114681 0.954282 2.37549 
0.942857 0.0203914 -0.332574 -0.838796 -0.023266 0.999718 -0.00466323 -0.0187688 0.332385 0.0121345 0.943066 2.56377 
0.930197 0.022859 -0.366348 -0.954325 -0.0261988 0.999648 -0.00414655 -0.0158446 0.366124 0.013455 0.930469 2.76315 
0.91642 0.0256828 -0.399394 -1.09149 -0.0296564 0.999553 -0.00377176 -0.0105423 0.399118 0.0153012 0.916772 2.95821 
0.89999 0.0250248 -0.435191 -1.20875 -0.0295227 0.999558 -0.00357647 0.00344032 0.434909 0.0160669 0.900331 3.14787 
0.881672 0.0208053 -0.471405 -1.3602 -0.0258506 0.999657 -0.00422896 0.00544779 0.471155 0.0159147 0.881907 3.36369 
0.859565 0.0159101 -0.510778 -1.48712 -0.0212169 0.999765 -0.00456358 0.0107219 0.510585 0.0147599 0.8597 3.56189 
0.834168 0.0159889 -0.551279 -1.65277 -0.0208654 0.999779 -0.00257563 0.022218 0.551116 0.0136512 0.834317 3.76534 
0.804891 0.0218028 -0.593022 -1.83461 -0.0260061 0.999661 0.00145577 0.017617 0.592852 0.0142505 0.805185 3.92233 
0.772286 0.0256251 -0.634758 -2.03724 -0.0293594 0.999558 0.00463154 -0.0064054 0.634596 0.0150593 0.772697 4.08839 
0.735187 0.025053 -0.677401 -2.25718 -0.0295199 0.999552 0.00492927 -0.00613499 0.677221 0.0163729 0.735597 4.27943 
0.694439 0.020073 -0.719272 -2.49072 -0.0227144 0.999724 0.00596945 -0.00118622 0.719193 0.0121925 0.694703 4.47603 
0.652149 0.017493 -0.757889 -2.76684 -0.0186295 0.999802 0.00704627 -0.00703761 0.757862 0.00952394 0.652346 4.63433 
0.607158 0.0166011 -0.794408 -3.03343 -0.0149207 0.999844 0.00949048 -0.00469438 0.794441 0.00609093 0.607311 4.78163 
0.558967 0.016813 -0.829019 -3.31266 -0.0129072 0.99985 0.0115749 0.00156694 0.829089 0.00423037 0.5591 4.91027 
0.50766 0.0174067 -0.861382 -3.62669 -0.010472 0.999847 0.0140331 0.00218824 0.861494 0.0018964 0.507765 5.04587 
0.45536 0.0193531 -0.890097 -3.91834 -0.01105 0.99981 0.0160855 0.00539391 0.890239 0.0025109 0.455487 5.14018 
0.400022 0.0213213 -0.916258 -4.28715 -0.00776036 0.999772 0.0198766 0.00301109 0.916473 -0.000840536 0.400096 5.25245 
0.344721 0.0229205 -0.938425 -4.68137 -0.00838 0.999737 0.0213397 0.0190167 0.938668 0.000507808 0.344822 5.34504 
0.289383 0.0257676 -0.956867 -5.0636 -0.00578786 0.999666 0.0251698 0.0258012 0.957196 -0.00174545 0.289436 5.41208 
0.236002 0.028013 -0.971349 -5.47722 -0.000453615 0.999588 0.0287172 0.0196749 0.971752 -0.00633665 0.235918 5.46696 
0.185388 0.0282424 -0.98226 -5.88143 0.00174192 0.999576 0.0290691 0.0275878 0.982664 -0.00710001 0.18526 5.4928 
0.138527 0.0293593 -0.989923 -6.32446 0.00211677 0.999549 0.029941 0.0285453 0.990356 -0.00624305 0.138403 5.49927 
0.0959202 0.0289232 -0.994969 -6.79139 0.00131348 0.999573 0.0291837 0.0543472 0.995388 -0.00410614 0.0958413 5.49109 
0.0595964 0.0276878 -0.997839 -7.22261 -0.00317571 0.999615 0.0275474 0.0633285 0.998218 0.00152716 0.0596614 5.44433 
0.0242115 0.0243372 -0.999411 -7.70391 -0.000290079 0.999704 0.0243373 0.0687395 0.999707 -0.00029929 0.0242114 5.44352 
-0.00713034 0.0218957 -0.999735 -8.17426 0.00166346 0.999759 0.0218843 0.0653177 0.999973 -0.00150693 -0.00716505 5.41273 
-0.0329465 0.0201335 -0.999254 -8.6872 0.00128651 0.999797 0.0201021 0.079765 0.999456 -0.000623214 -0.0329658 5.34814 
-0.054624 0.0164146 -0.998372 -9.1954 0.00118614 0.999865 0.0163743 0.124652 0.998506 -0.000289744 -0.0546361 5.31481 
-0.0707711 0.0153967 -0.997374 -9.70155 -5.15003e-05 0.999881 0.015439 0.127684 0.997493 0.00114404 -0.0707619 5.2511 
-0.0851735 0.0152632 -0.996249 -10.2637 0.00418169 0.999879 0.0149613 0.159306 0.996357 -0.00289165 -0.0852271 5.22635 
-0.0936542 0.0164204 -0.995469 -10.8423 0.00232072 0.999865 0.0162745 0.161655 0.995602 -0.000785986 -0.0936797 5.12785 
-0.101431 0.0177198 -0.994685 -11.419 0.00167622 0.999843 0.0176408 0.16335 0.994841 0.00012205 -0.101445 5.06462 
-0.107163 0.017901 -0.99408 -12.0097 0.0019318 0.99984 0.0177964 0.188975 0.99424 -1.31995e-05 -0.107181 5.01158 
-0.107915 0.0186524 -0.993985 -12.5942 0.00396694 0.999824 0.0183313 0.188536 0.994152 -0.00196482 -0.10797 4.92388 
-0.106758 0.0205859 -0.994072 -13.2078 0.00610734 0.99978 0.0200483 0.199464 0.994266 -0.00393079 -0.10686 4.85247 
-0.105371 0.0227055 -0.994174 -13.8499 0.0061762 0.999735 0.0221779 0.20825 0.994414 -0.00380327 -0.105483 4.76803 
-0.104134 0.0229051 -0.9943 -14.4874 0.00457087 0.999735 0.0225516 0.213339 0.994553 -0.00219638 -0.104211 4.69997 
-0.103183 0.0197065 -0.994467 -15.0871 0.000845312 0.999805 0.0197246 0.214545 0.994662 0.00119465 -0.10318 4.65012 
-0.102128 0.0192039 -0.994586 -15.7213 0.00253722 0.999815 0.0190443 0.235927 0.994768 -0.000578493 -0.102158 4.58698 
-0.100483 0.0216295 -0.994704 -16.4032 0.00257509 0.999766 0.0214795 0.255292 0.994935 -0.000403087 -0.100515 4.51688 
-0.0985978 0.0258478 -0.994792 -17.061 -0.00165037 0.999657 0.0261378 0.230703 0.995126 0.00421894 -0.0985213 4.44519 
-0.0964663 0.0282644 -0.994935 -17.7977 -0.00228078 0.999588 0.0286177 0.236535 0.995334 0.00502992 -0.0963621 4.34989 
-0.0941153 0.0277162 -0.995175 -18.5772 -0.00377708 0.999595 0.0281965 0.247335 0.995554 0.00641262 -0.0939725 4.2386 
-0.0929647 0.0249942 -0.995356 -19.3226 -0.00672669 0.999646 0.0257302 0.252076 0.995647 0.00908749 -0.0927636 4.16881 
-0.0918105 0.0244609 -0.995476 -20.108 -0.00637549 0.999663 0.0251518 0.255635 0.995756 0.00865589 -0.0916236 4.09345 
-0.09072 0.0269443 -0.995512 -20.8956 -0.00312162 0.999621 0.02734 0.268949 0.995872 0.00558793 -0.0906015 4.02125 
-0.0887949 0.0289275 -0.99563 -21.6877 0.000165111 0.999579 0.0290275 0.287199 0.99605 0.00241314 -0.0887622 3.93328 
-0.0877814 0.0300496 -0.995686 -22.5135 0.0018106 0.999548 0.0300065 0.302547 0.996138 0.000831264 -0.0877962 3.84904 
-0.0875203 0.0260798 -0.995821 -23.3135 0.00263161 0.99966 0.0259491 0.305837 0.996159 -0.0003495 -0.0875592 3.76948 
-0.0875764 0.0191426 -0.995974 -24.1297 0.00379395 0.999815 0.0188828 0.308767 0.996151 -0.00212494 -0.0876328 3.68486 
-0.0874217 0.0140849 -0.996072 -24.9105 0.00697736 0.999884 0.0135264 0.322769 0.996147 -0.00576742 -0.0875098 3.59609 
-0.0879286 0.0140299 -0.996028 -25.7182 0.00667299 0.999887 0.0134952 0.340544 0.996104 -0.00545983 -0.0880123 3.5068 
-0.0880572 0.021676 -0.99588 -26.5555 0.00865686 0.999742 0.0209946 0.354779 0.996078 -0.00677242 -0.0882222 3.41477 
-0.0887272 0.0290222 -0.995633 -27.3884 0.00796676 0.999564 0.0284269 0.356455 0.996024 -0.00540969 -0.0889197 3.3344 
-0.0892101 0.0346484 -0.99541 -28.2356 0.00489072 0.999398 0.0343489 0.355414 0.996001 -0.00180397 -0.0893258 3.2428 
-0.0899918 0.0345625 -0.995343 -29.0796 0.00481565 0.999401 0.0342681 0.375357 0.995931 -0.00170934 -0.0901044 3.15431 
-0.0909993 0.030781 -0.995375 -29.9207 0.00349769 0.999526 0.0305896 0.386218 0.995845 -0.00069784 -0.0910638 3.06199 
-0.0916874 0.0280657 -0.995392 -30.7748 0.00296168 0.999606 0.0279117 0.402483 0.995783 -0.000388841 -0.0917344 2.96668 
-0.0921829 0.028842 -0.995324 -31.5974 0.00179829 0.999584 0.0287988 0.417046 0.995741 0.000864918 -0.0921964 2.89105 
-0.0917925 0.0316325 -0.995276 -32.4595 0.00123369 0.999498 0.0316529 0.420346 0.995777 0.00167768 -0.0917854 2.78996 
-0.0919967 0.0297674 -0.995314 -33.2996 -0.000143661 0.999553 0.0299074 0.43006 0.995759 0.00289441 -0.0919513 2.70167 
-0.0913959 0.0241954 -0.995521 -34.1337 -0.00184081 0.999699 0.024466 0.440033 0.995813 0.0040687 -0.0913239 2.60434 
-0.0907365 0.0200298 -0.995674 -34.969 -0.00360781 0.999785 0.0204413 0.443528 0.995868 0.00544701 -0.0906447 2.49099 
-0.0908694 0.0194779 -0.995672 -35.7874 -0.00286641 0.999799 0.0198202 0.471216 0.995859 0.0046551 -0.0907953 2.42016 
-0.0898261 0.0240275 -0.995668 -36.6223 -0.00206915 0.999702 0.0243116 0.428082 0.995955 0.00424404 -0.0897497 2.31336 
-0.0901176 0.029318 -0.9955 -37.462 -0.00154849 0.999561 0.0295778 0.424577 0.99593 0.00420704 -0.0900326 2.23184 
-0.090472 0.0357618 -0.995257 -38.2766 -0.00106827 0.999351 0.036006 0.421962 0.995898 0.00432078 -0.0903751 2.1604 
-0.0916715 0.0387229 -0.995036 -39.0922 -0.000640873 0.999241 0.0389456 0.43912 0.995789 0.00420793 -0.0915771 2.08952 
-0.0911912 0.0382179 -0.9951 -39.9544 0.000340866 0.999264 0.0383466 0.464343 0.995833 0.00315771 -0.0911371 1.97711 
-0.0909986 0.0334314 -0.99529 -40.7418 -6.89092e-05 0.999436 0.033577 0.481126 0.995851 0.00312408 -0.090945 1.89169 
-0.090785 0.0294877 -0.995434 -41.5728 -0.000470122 0.99956 0.0296528 0.487912 0.99587 0.00316004 -0.0907312 1.79245 
-0.0911108 0.0261903 -0.995496 -42.3995 -0.00414978 0.999635 0.026679 0.516699 0.995832 0.00656188 -0.0909689 1.70322 
-0.0917143 0.023909 -0.995498 -43.2454 -0.00727108 0.999669 0.0246791 0.532829 0.995759 0.00950181 -0.0915101 1.60278 
-0.0930811 0.0223234 -0.995408 -44.0711 -0.00543649 0.999722 0.0229285 0.536097 0.995644 0.00754578 -0.0929339 1.52025 
-0.0946346 0.0181975 -0.995346 -44.9063 -0.000836576 0.999831 0.018359 0.553746 0.995512 0.00257012 -0.0946034 1.43349 
-0.0951972 0.0165393 -0.995321 -45.7207 0.00453127 0.999859 0.0161814 0.567499 0.995448 -0.00296961 -0.0952587 1.33907 
-0.0964802 0.0187304 -0.995159 -46.5514 0.00427007 0.999822 0.0184042 0.578501 0.995326 -0.00247372 -0.0965429 1.22314 
-0.0985685 0.0247213 -0.994823 -47.3722 0.00724542 0.999683 0.0241242 0.581523 0.995104 -0.00482999 -0.0987164 1.13809 
-0.0993829 0.0287393 -0.994634 -48.1788 0.00883644 0.999569 0.027999 0.583963 0.99501 -0.00600636 -0.099594 1.02997 
-0.101102 0.0273617 -0.9945 -48.9835 0.00777028 0.999613 0.0267125 0.592676 0.994846 -0.00502682 -0.101276 0.93844 
-0.102032 0.0233808 -0.994506 -49.7941 0.00339032 0.999726 0.0231557 0.595007 0.994775 -0.00100903 -0.102083 0.826733 
-0.103216 0.0192491 -0.994473 -50.5877 -0.00156422 0.999808 0.0195147 0.603423 0.994658 0.00356985 -0.103166 0.716559 
-0.10414 0.0180548 -0.994399 -51.3507 -0.00594828 0.999806 0.0187759 0.601953 0.994545 0.00787033 -0.104013 0.602382 
-0.103957 0.0190659 -0.994399 -52.1187 -0.00745417 0.999773 0.0199483 0.595933 0.994554 0.00948623 -0.103792 0.491686 
-0.10504 0.0198475 -0.99427 -52.9087 -0.0102932 0.999726 0.0210438 0.604919 0.994415 0.0124448 -0.104807 0.386026 
-0.106294 0.0186506 -0.99416 -53.6692 -0.0124121 0.999721 0.0200821 0.614754 0.994257 0.0144743 -0.106033 0.300104 
-0.107243 0.0186894 -0.994057 -54.4393 -0.0128245 0.999714 0.0201793 0.609532 0.99415 0.0149124 -0.106973 0.203197 
-0.107909 0.0201134 -0.993957 -55.2071 -0.00807132 0.999745 0.0211068 0.610256 0.994128 0.0103002 -0.107719 0.100307 
-0.108219 0.022747 -0.993867 -55.9618 -0.00926642 0.999672 0.0238889 0.626102 0.994084 0.0117948 -0.107972 0.00272722 
-0.108191 0.0261544 -0.993786 -56.675 -0.0103179 0.999571 0.0274299 0.645164 0.994077 0.0132215 -0.107874 -0.101939 
-0.109928 0.0276662 -0.993554 -57.4368 -0.0100604 0.99953 0.0289457 0.657859 0.993889 0.0131775 -0.109598 -0.172476 
-0.111101 0.0276735 -0.993424 -58.1894 -0.00920719 0.999541 0.0288736 0.665179 0.993767 0.0123546 -0.110795 -0.26938 
-0.110996 0.0263076 -0.993473 -58.9709 -0.00957083 0.999575 0.0275385 0.660796 0.993775 0.0125651 -0.110697 -0.371561 
-0.111543 0.0227721 -0.993499 -59.7013 -0.00909702 0.999672 0.0239349 0.659427 0.993718 0.0117077 -0.1113 -0.447954 
-0.110878 0.0190315 -0.993652 -60.4451 -0.00979813 0.999747 0.0202416 0.676715 0.993786 0.0119803 -0.110664 -0.561894 
-0.10972 0.0174118 -0.99381 -61.145 -0.0117133 0.999755 0.0188091 0.658421 0.993894 0.0137046 -0.109489 -0.66347 
-0.10743 0.0166812 -0.994073 -61.8267 -0.0142746 0.99973 0.0183188 0.653198 0.99411 0.016158 -0.107163 -0.751311 
-0.104016 0.0170319 -0.99443 -62.4938 -0.0138895 0.999731 0.0185755 0.662775 0.994479 0.0157443 -0.103751 -0.822573 
-0.097925 0.0180985 -0.995029 -63.1689 -0.0129627 0.999727 0.0194597 0.667458 0.995109 0.0148039 -0.0976636 -0.906039 
-0.0908147 0.0194363 -0.995678 -63.7993 -0.0115813 0.999721 0.0205715 0.672144 0.995801 0.0133995 -0.0905643 -0.964273 
-0.0823871 0.0193991 -0.996412 -64.4246 -0.0121079 0.999717 0.0204646 0.688933 0.996527 0.0137505 -0.0821289 -1.01847 
-0.070023 0.0212237 -0.99732 -65.0576 -0.014814 0.999641 0.0223132 0.686438 0.997435 0.0163367 -0.0696835 -1.0854 
-0.0553374 0.0229573 -0.998204 -65.6413 -0.0173107 0.999563 0.0239483 0.681254 0.998318 0.0186049 -0.0549159 -1.12649 
-0.0376789 0.0233641 -0.999017 -66.2202 -0.018687 0.999535 0.024081 0.69926 0.999115 0.019576 -0.0372248 -1.14204 
-0.0159418 0.0241016 -0.999582 -66.8028 -0.0185505 0.99953 0.0243962 0.696946 0.999701 0.0189317 -0.0154872 -1.13556 
0.00874091 0.0243673 -0.999665 -67.3307 -0.0172776 0.999558 0.0242136 0.70504 0.999813 0.0170602 0.00915806 -1.11254 
0.0382064 0.023645 -0.99899 -67.8532 -0.0149084 0.999622 0.0230898 0.708168 0.999159 0.0140112 0.0385445 -1.07706 
0.0719212 0.0235042 -0.997133 -68.3332 -0.0132852 0.999656 0.0226054 0.709713 0.997322 0.0116213 0.0722088 -1.01723 
0.109929 0.0232772 -0.993667 -68.7811 -0.0127236 0.999677 0.0220104 0.720784 0.993858 0.0102235 0.11019 -0.952853 
0.151115 0.0228218 -0.988253 -69.2166 -0.0121026 0.999701 0.0212355 0.724448 0.988442 0.00875148 0.151346 -0.870868 
0.197027 0.0243043 -0.980097 -69.6437 -0.00999639 0.999691 0.0227807 0.71004 0.980347 0.00530907 0.197209 -0.777711 
0.245346 0.0235399 -0.96915 -70.0351 -0.00614608 0.999723 0.0227266 0.69786 0.969416 0.000380646 0.245423 -0.657309 
0.29583 0.0186439 -0.955059 -70.428 0.0014698 0.999799 0.0199726 0.70267 0.95524 -0.00731219 0.295743 -0.497413 
0.347391 0.0136228 -0.937621 -70.8028 0.00747669 0.999822 0.0172967 0.697535 0.93769 -0.013019 0.347228 -0.323414 
0.400087 0.00911612 -0.916432 -71.1635 0.0130017 0.999793 0.0156215 0.695468 0.916385 -0.0181651 0.399886 -0.128443 
0.451356 0.00752195 -0.892312 -71.5185 0.0144958 0.999771 0.0157601 0.702624 0.892226 -0.0200481 0.451143 0.0942613 
0.499224 0.00692685 -0.866445 -71.8852 0.0158889 0.999727 0.0171471 0.705179 0.866327 -0.0223271 0.498978 0.344572 
0.545632 0.00117779 -0.838024 -72.225 0.0246258 0.999545 0.0174385 0.723194 0.837663 -0.0301519 0.545354 0.596588 
0.589581 -0.00524772 -0.807692 -72.5372 0.0366679 0.999122 0.0202745 0.713683 0.806876 -0.0415698 0.589256 0.889046 
0.63289 -0.00831524 -0.774197 -72.829 0.0364774 0.999152 0.0190881 0.699487 0.773382 -0.0403214 0.632656 1.17427 
0.674991 -0.0134571 -0.737703 -73.1354 0.0345314 0.999314 0.0133665 0.698366 0.737018 -0.0344961 0.674993 1.47218 
0.716736 -0.0188576 -0.69709 -73.4003 0.03024 0.999534 0.00405293 0.686344 0.696689 -0.0239848 0.716972 1.76001 
0.757702 -0.022192 -0.652223 -73.66 0.0261254 0.999652 -0.00366289 0.692152 0.652077 -0.0142642 0.758018 2.07045 
0.796257 -0.0220418 -0.604556 -73.9419 0.0234342 0.99971 -0.00558381 0.691909 0.604504 -0.00972112 0.796543 2.43746 
0.830838 -0.0207541 -0.556128 -74.1611 0.0218362 0.999751 -0.00468698 0.65945 0.556086 -0.00824957 0.831084 2.81949 
0.861648 -0.0188664 -0.507155 -74.3509 0.0180183 0.999816 -0.00658089 0.651463 0.507186 -0.00346761 0.86183 3.21216 
0.888617 -0.0182471 -0.458288 -74.5934 0.0177821 0.999828 -0.00532964 0.654392 0.458306 -0.00341326 0.888788 3.67354 
0.909965 -0.0122522 -0.414505 -74.7715 0.0117815 0.999924 -0.00369244 0.641865 0.414518 -0.00152347 0.91004 4.13588 
0.92815 -0.0079383 -0.372121 -75.0044 0.0064475 0.999965 -0.00525048 0.637656 0.37215 0.00247404 0.92817 4.65898 
0.942079 -0.00159389 -0.335389 -75.1906 0.000595734 0.999995 -0.00307909 0.613251 0.335392 0.00270099 0.942075 5.14046 
0.952394 -0.00177216 -0.304865 -75.3756 0.00133609 0.999998 -0.0016391 0.614557 0.304867 0.00115379 0.952394 5.72118 
0.959956 -0.00228435 -0.280141 -75.54 0.00255821 0.999997 0.000611805 0.596097 0.280138 -0.00130392 0.959959 6.27481 
0.965616 -0.00154301 -0.259969 -75.6742 0.00235751 0.999993 0.00282118 0.587478 0.259963 -0.00333701 0.965613 6.85471 
0.970439 -0.0018013 -0.241341 -75.8286 0.00290537 0.999987 0.00421882 0.608057 0.24133 -0.00479524 0.970431 7.44772 
0.974149 0.00316584 -0.225885 -75.9823 -0.00214124 0.999986 0.00478061 0.61545 0.225897 -0.00417331 0.974142 8.06719 
0.977153 0.00817183 -0.21238 -76.1458 -0.00700682 0.999956 0.0062374 0.602235 0.212422 -0.00460674 0.977167 8.71827 
0.979904 0.00545173 -0.199393 -76.2766 -0.00436076 0.999973 0.00591003 0.598814 0.19942 -0.00492171 0.979902 9.3733 
0.982448 0.00666062 -0.186417 -76.3934 -0.00568338 0.999967 0.00577601 0.594062 0.186449 -0.0046151 0.982454 10.0407 
0.985205 0.00746338 -0.17122 -76.5345 -0.00637335 0.999956 0.0069148 0.585347 0.171264 -0.00572121 0.985209 10.7458 
0.987575 0.00944381 -0.156862 -76.6662 -0.00835595 0.999936 0.00759289 0.580608 0.156924 -0.00618777 0.987591 11.4733 
0.989444 0.0104087 -0.144544 -76.7707 -0.00979588 0.99994 0.00495059 0.564156 0.144587 -0.00348235 0.989486 12.1734 
0.991069 0.0102693 -0.132954 -76.914 -0.010442 0.999945 -0.000602072 0.569159 0.132941 0.00198505 0.991122 12.9387 
0.992371 0.00917031 -0.122949 -77.0156 -0.01007 0.999927 -0.00669879 0.559836 0.122879 0.00788583 0.99239 13.6737 
0.993457 0.00821254 -0.113911 -77.1355 -0.00915205 0.999928 -0.00772768 0.570405 0.113839 0.00871968 0.993461 14.4325 
0.994176 0.0120142 -0.107094 -77.2283 -0.0122105 0.999925 -0.00117748 0.542154 0.107072 0.00247834 0.994248 15.1909 
0.994618 0.017583 -0.102108 -77.3396 -0.0169954 0.999834 0.00662201 0.528119 0.102208 -0.00485095 0.994751 15.9706 
0.995036 0.0195958 -0.0975652 -77.4248 -0.0185988 0.999765 0.0111177 0.497666 0.0977601 -0.00924783 0.995167 16.7324 
0.995495 0.0200646 -0.0926659 -77.5327 -0.0192349 0.999767 0.00983786 0.483626 0.0928416 -0.00801107 0.995649 17.4907 
0.995798 0.0181112 -0.0897641 -77.6155 -0.0174285 0.999813 0.00838298 0.48894 0.0898991 -0.00678326 0.995928 18.2443 
0.996015 0.0160495 -0.0877306 -77.6639 -0.015204 0.999831 0.0102962 0.490868 0.087881 -0.00892125 0.996091 18.9792 
0.996117 0.0154993 -0.0866642 -77.7263 -0.0144036 0.999808 0.0132536 0.470899 0.0868529 -0.0119538 0.996149 19.7624 
0.99639 0.0123811 -0.0839866 -77.7893 -0.0111429 0.999823 0.0151948 0.465227 0.0841598 -0.014204 0.996351 20.5228 
0.996679 0.0121254 -0.0805203 -77.8979 -0.0113376 0.999883 0.0102341 0.472678 0.080635 -0.00928721 0.9967 21.3241 
0.996752 0.0153652 -0.0790507 -77.965 -0.0151955 0.999881 0.00274724 0.458772 0.0790834 -0.00153706 0.996867 22.0551 
0.99688 0.0148589 -0.0775172 -78.0387 -0.0152263 0.999875 -0.00415217 0.437834 0.0774458 0.00531956 0.996982 22.7889 
0.997091 0.0159687 -0.0745267 -78.1379 -0.0166767 0.999821 -0.00888721 0.434544 0.0743715 0.0101043 0.997179 23.5356 
0.997114 0.0158867 -0.0742433 -78.1844 -0.0165022 0.999834 -0.00768443 0.435517 0.0741088 0.00888746 0.997211 24.3085 
0.99726 0.0200484 -0.0712031 -78.273 -0.0203589 0.999786 -0.00363947 0.417179 0.0711149 0.00507916 0.997455 25.0679 
0.997248 0.0251416 -0.069747 -78.3371 -0.0250882 0.999684 0.00164118 0.388675 0.0697662 0.000113205 0.997563 25.8111 
0.997575 0.0223647 -0.0659043 -78.4037 -0.0222038 0.999748 0.003172 0.381517 0.0659586 -0.00170094 0.997821 26.5402 
0.997692 0.018954 -0.0652095 -78.4581 -0.018833 0.99982 0.00247036 0.372348 0.0652445 -0.00123653 0.997869 27.2995 
0.997808 0.018182 -0.0636355 -78.5129 -0.0180604 0.999834 0.00248506 0.359621 0.0636701 -0.00133028 0.99797 28.0502 
0.997907 0.0164584 -0.0625425 -78.5832 -0.0165037 0.999864 -0.00020967 0.362909 0.0625305 0.00124146 0.998042 28.8033 
0.99792 0.0125385 -0.0632368 -78.6145 -0.0126261 0.99992 -0.00098639 0.351457 0.0632193 0.00178281 0.997998 29.5194 
0.998004 0.0108124 -0.0622206 -78.6858 -0.0109248 0.999939 -0.00146796 0.342172 0.062201 0.00214482 0.998061 30.3099 
0.99795 0.0191357 -0.0610662 -78.7577 -0.0192121 0.999815 -0.000665118 0.325259 0.0610421 0.00183701 0.998134 31.0596 
0.99796 0.0178135 -0.0613119 -78.8261 -0.0179538 0.999837 -0.00173736 0.325905 0.0612709 0.00283463 0.998117 31.8319 
0.997776 0.0237995 -0.0622636 -78.9136 -0.023973 0.999711 -0.00204171 0.307247 0.0621969 0.00352986 0.998058 32.6038 
0.99769 0.023176 -0.0638576 -78.985 -0.0233324 0.999726 -0.00170626 0.300418 0.0638006 0.00319231 0.997958 33.365 
0.997375 0.0251754 -0.067895 -79.0203 -0.025395 0.999675 -0.00237451 0.292325 0.0678131 0.00409251 0.99769 34.066 
0.997183 0.0281834 -0.0695081 -79.1188 -0.0283921 0.999595 -0.00201659 0.268525 0.069423 0.00398443 0.997579 34.8744 
0.996947 0.0298126 -0.0721668 -79.1821 -0.0302872 0.999526 -0.00549249 0.218642 0.0719688 0.0076615 0.997377 35.6228 
0.996779 0.0307537 -0.0740682 -79.2797 -0.031563 0.999454 -0.00978067 0.210915 0.0737269 0.012087 0.997205 36.4268 
0.996595 0.0317543 -0.0760992 -79.3792 -0.0326649 0.999409 -0.0107509 0.18746 0.0757128 0.0132001 0.997042 37.2693 
0.996507 0.0308853 -0.0775827 -79.4664 -0.0317933 0.999439 -0.0104951 0.192056 0.0772151 0.0129251 0.996931 38.0902 
0.99641 0.0293369 -0.0794094 -79.5575 -0.0301845 0.999499 -0.00949406 0.166279 0.0790911 0.011857 0.996797 38.9014 
0.996345 0.0292481 -0.0802525 -79.6584 -0.0299407 0.999524 -0.00744126 0.143683 0.0799966 0.00981693 0.996747 39.7134 
0.996205 0.0298564 -0.0817572 -79.7498 -0.0302511 0.999536 -0.00359341 0.12568 0.081612 0.00605306 0.996646 40.5129 
0.996211 0.0296716 -0.0817536 -79.857 -0.0297951 0.999556 -0.000291387 0.135821 0.0817087 0.00272619 0.996653 41.3557 
0.996248 0.0328175 -0.0800807 -79.969 -0.0327428 0.999461 0.00224487 0.101758 0.0801112 0.000385664 0.996786 42.2316 
0.996354 0.0362498 -0.0772374 -80.0797 -0.0362489 0.999342 0.00141299 0.113608 0.0772378 0.00139198 0.997012 43.1056 
0.996547 0.0365941 -0.0745344 -80.1957 -0.0366736 0.999327 0.000301412 0.0932288 0.0744952 0.00243311 0.997218 43.9753 
0.996686 0.0348876 -0.0734779 -80.2886 -0.0351751 0.999378 -0.00262198 0.0987433 0.0733406 0.00519792 0.997293 44.8875 
0.996979 0.0307778 -0.0713147 -80.3647 -0.0311223 0.999509 -0.00372579 0.079993 0.071165 0.00593406 0.997447 45.7757 
0.997136 0.029355 -0.0697019 -80.4405 -0.0297345 0.999548 -0.00441323 0.0660068 0.0695408 0.00647318 0.997558 46.6366 
0.997234 0.0276285 -0.0690017 -80.5012 -0.0278804 0.999608 -0.00269092 0.0558803 0.0689003 0.00460732 0.997613 47.4957 
0.997333 0.0257433 -0.0683002 -80.5644 -0.0258253 0.999666 -0.000318763 0.0334099 0.0682692 0.00208183 0.997665 48.3727 
0.99742 0.0248659 -0.0673491 -80.6588 -0.0249261 0.999689 -5.45767e-05 0.00968316 0.0673268 0.00173323 0.99773 49.2816 
0.997561 0.0256392 -0.0649146 -80.7683 -0.0259088 0.999659 -0.00331411 -0.00393097 0.0648074 0.00498793 0.997885 50.1422 
0.997369 0.0324275 -0.064841 -80.8393 -0.0331028 0.999408 -0.00936737 -0.0217713 0.0644988 0.0114892 0.997852 50.9798 
0.997483 0.0328119 -0.0628597 -80.9313 -0.0338415 0.999309 -0.0153846 -0.0360927 0.0623115 0.0174732 0.997904 51.8139 
0.997367 0.0377517 -0.0619251 -81.0182 -0.0391462 0.999003 -0.0214623 -0.0632189 0.0610531 0.0238299 0.99785 52.6716 
0.997441 0.0387555 -0.0600845 -81.1147 -0.040103 0.998967 -0.0213856 -0.107314 0.0591935 0.0237404 0.997964 53.5305 
0.997473 0.0372833 -0.0604715 -81.1747 -0.0382452 0.999158 -0.0148273 -0.14709 0.0598677 0.0171026 0.99806 54.3968 
0.997467 0.0375247 -0.0604203 -81.2594 -0.0379803 0.999258 -0.00640902 -0.172985 0.060135 0.00868761 0.998152 55.2712 
0.997478 0.0358449 -0.0612574 -81.3375 -0.0358217 0.999357 0.00147667 -0.201782 0.0612709 0.000721439 0.998121 56.1278 
0.997384 0.0341855 -0.0636852 -81.4133 -0.0343105 0.999411 -0.000870347 -0.218941 0.0636179 0.00305318 0.99797 56.9839 
0.997458 0.0293889 -0.0649106 -81.4878 -0.0297149 0.99955 -0.00406325 -0.232329 0.0647619 0.00598178 0.997883 57.8068 
0.99731 0.0279183 -0.0677721 -81.561 -0.0283286 0.999586 -0.00510092 -0.260954 0.0676016 0.00700713 0.997688 58.6375 
0.997086 0.0300152 -0.0701318 -81.6422 -0.0305936 0.999506 -0.00718819 -0.286863 0.0698813 0.00931288 0.997512 59.464 
0.99681 0.0313093 -0.0734195 -81.7301 -0.0321884 0.999423 -0.0108208 -0.301561 0.0730383 0.0131496 0.997242 60.3022 
0.996493 0.0325979 -0.0770631 -81.8208 -0.03382 0.999321 -0.0146075 -0.321284 0.0765346 0.0171626 0.996919 61.1019 
0.996207 0.0339452 -0.08012 -81.9093 -0.0355812 0.999185 -0.019081 -0.338707 0.0794069 0.0218595 0.996603 61.9042 
0.995849 0.0397331 -0.0818884 -82.0247 -0.0414868 0.998942 -0.0198265 -0.354936 0.081014 0.0231415 0.996444 62.7221 
0.995435 0.0442117 -0.0845829 -82.1242 -0.0460063 0.998753 -0.0193869 -0.360991 0.0836203 0.0231898 0.996228 63.5412 
0.994953 0.0474586 -0.0884048 -82.2063 -0.0488101 0.998721 -0.0131884 -0.384809 0.0876658 0.0174369 0.995997 64.3581 
0.994445 0.0485878 -0.0933747 -82.2932 -0.0495269 0.998743 -0.00776651 -0.409413 0.0928799 0.012348 0.995601 65.1642 
0.99396 0.048703 -0.0983414 -82.3908 -0.0493149 0.998776 -0.00379973 -0.444383 0.0980359 0.00862652 0.995146 65.9534 
0.993253 0.0479785 -0.105575 -82.4771 -0.0485168 0.998819 -0.00253557 -0.464801 0.105329 0.00764068 0.994408 66.7506 
0.992869 0.0454434 -0.110212 -82.6001 -0.0455911 0.99896 0.00118023 -0.4874 0.110151 0.0038529 0.993907 67.5139 
0.992018 0.0470344 -0.116994 -82.7003 -0.0472725 0.998882 0.000740134 -0.501665 0.116898 0.00479641 0.993132 68.2749 
0.991127 0.0512424 -0.122647 -82.8299 -0.0516011 0.998668 0.000251722 -0.514955 0.122497 0.00607928 0.99245 69.046 
0.990109 0.0549844 -0.129077 -82.9624 -0.056008 0.998421 -0.00431131 -0.528137 0.128636 0.011498 0.991625 69.8304 
0.989344 0.0540865 -0.135177 -83.0882 -0.0555605 0.99843 -0.00715232 -0.538878 0.134578 0.0145867 0.990796 70.5988 
0.988349 0.054991 -0.141925 -83.192 -0.0566163 0.998368 -0.00743687 -0.561187 0.141284 0.0153855 0.98985 71.3607 
0.987568 0.0574501 -0.146321 -83.3131 -0.058401 0.998291 -0.00220831 -0.585429 0.145944 0.0107262 0.989235 72.091 
0.986901 0.0566421 -0.151059 -83.4838 -0.056973 0.998373 0.0021395 -0.587743 0.150934 0.00649485 0.988523 72.8466 
0.98568 0.0571411 -0.158652 -83.5864 -0.057274 0.998352 0.0037377 -0.60669 0.158604 0.00540253 0.987327 73.5846 
0.984686 0.0537232 -0.165855 -83.7262 -0.0544215 0.998518 0.000334136 -0.621531 0.165628 0.00869714 0.98615 74.3427 
0.983551 0.0510779 -0.173261 -83.9028 -0.0530844 0.998566 -0.00696422 -0.638155 0.172657 0.0160472 0.984851 75.0782 
0.982163 0.0461276 -0.182287 -84.0477 -0.0485279 0.998784 -0.00872704 -0.643994 0.181663 0.0174174 0.983207 75.8024 
0.980066 0.0473304 -0.192952 -84.2137 -0.0492727 0.998771 -0.00527714 -0.664525 0.192465 0.0146792 0.981194 76.5427 
0.977998 0.0466845 -0.203326 -84.3841 -0.0475901 0.998867 0.000435759 -0.669335 0.203116 0.00925016 0.979111 77.2821 
0.975527 0.0492567 -0.214292 -84.5915 -0.0485809 0.998784 0.00842237 -0.680207 0.214446 0.00219428 0.976733 77.9869 
0.973151 0.0483778 -0.225025 -84.7951 -0.0465488 0.998826 0.0134296 -0.708977 0.22541 -0.0025943 0.97426 78.6621 
0.970276 0.0506998 -0.236629 -85.001 -0.0500298 0.998709 0.00883899 -0.720001 0.236772 0.0032623 0.97156 79.4053 
0.967225 0.0503913 -0.248872 -85.2164 -0.0520077 0.998647 7.99652e-05 -0.727933 0.248539 0.012866 0.968537 80.1136 
0.964289 0.0490786 -0.260266 -85.4464 -0.0522551 0.99862 -0.00529521 -0.71991 0.259647 0.0187064 0.965523 80.8218 
0.961037 0.0472084 -0.272359 -85.6728 -0.0489355 0.998802 0.000451311 -0.724579 0.272054 0.0128944 0.962196 81.5445 
0.95764 0.0481449 -0.283914 -85.9083 -0.0476347 0.998827 0.00870491 -0.738519 0.284 0.00518803 0.95881 82.2747 
0.954169 0.0483148 -0.295343 -86.1617 -0.046188 0.998832 0.0141776 -0.742354 0.295683 0.000113564 0.955286 82.99 
0.950391 0.0463329 -0.307587 -86.4456 -0.0446173 0.998925 0.0126116 -0.752594 0.307841 0.00173779 0.951436 83.7258 
0.946675 0.0440637 -0.319163 -86.7027 -0.0439395 0.999005 0.00759321 -0.752222 0.31918 0.00683559 0.94767 84.4209 
0.944138 0.0399037 -0.327126 -86.9943 -0.0418897 0.999122 0.000975202 -0.751511 0.326877 0.0127825 0.94498 85.1246 
0.941317 0.0360504 -0.335593 -87.2571 -0.0401672 0.999179 -0.00533177 -0.753767 0.335125 0.0184988 0.941992 85.8236 
0.939002 0.0354455 -0.342079 -87.5596 -0.040411 0.999156 -0.0073974 -0.762855 0.341528 0.02077 0.939642 86.515 
0.935654 0.0408319 -0.350548 -87.8329 -0.0464071 0.998894 -0.00751464 -0.776605 0.349853 0.023299 0.936515 87.2103 
0.93283 0.0414547 -0.357925 -88.1349 -0.0464798 0.998904 -0.00544381 -0.791603 0.357307 0.0217145 0.933734 87.9099 
0.929691 0.0407198 -0.366084 -88.4124 -0.0434077 0.999057 0.000889337 -0.789472 0.365775 0.0150641 0.930581 88.6134 
0.927222 0.0428369 -0.372056 -88.7255 -0.042507 0.999055 0.00909244 -0.797181 0.372093 0.00738432 0.928166 89.3221 
0.924539 0.0515214 -0.377588 -89.0651 -0.0490575 0.998665 0.0161474 -0.803711 0.377916 0.00359466 0.925833 90.0325 
0.922386 0.0593041 -0.381691 -89.4258 -0.0585756 0.998191 0.0135383 -0.817654 0.381803 0.00987027 0.924191 90.7253 
0.920181 0.0560335 -0.387462 -89.7348 -0.0585347 0.998271 0.0053529 -0.809881 0.387092 0.0177544 0.92187 91.4152 
0.917997 0.0488891 -0.393561 -90.0137 -0.0540262 0.998538 -0.00197769 -0.816145 0.392889 0.0230782 0.919296 92.0929 
0.916288 0.0503128 -0.397347 -90.3246 -0.0560989 0.998421 -0.00294292 -0.817774 0.396572 0.0249873 0.917664 92.7806 
0.913843 0.0572914 -0.402006 -90.6522 -0.0616717 0.998094 0.00204968 -0.829699 0.401357 0.0229193 0.915635 93.4666 
0.911469 0.0580897 -0.407246 -90.974 -0.0609692 0.998122 0.00591554 -0.826383 0.406825 0.0194377 0.913299 94.1591 
0.909307 0.0552908 -0.412436 -91.3057 -0.0588335 0.998259 0.00411403 -0.838871 0.411945 0.0205242 0.910977 94.86 
0.907201 0.0540759 -0.417209 -91.6404 -0.0604429 0.99817 -0.00205402 -0.846723 0.416334 0.0270808 0.908808 95.544 
0.904463 0.0520392 -0.423366 -91.9482 -0.0614387 0.998074 -0.00857436 -0.85014 0.422104 0.0337663 0.905918 96.2426 
0.90225 0.0523317 -0.428027 -92.3109 -0.0626906 0.997982 -0.0101315 -0.856787 0.426632 0.0359744 0.903709 96.9412 
0.900519 0.0557492 -0.431227 -92.6766 -0.0645185 0.9979 -0.0057234 -0.876835 0.430003 0.0329762 0.902225 97.6367 
0.89858 0.0559901 -0.435224 -93.0352 -0.0640336 0.99794 -0.00382438 -0.887203 0.434113 0.0313055 0.900314 98.3298 
0.896154 0.0575239 -0.44 -93.3849 -0.0661013 0.997804 -0.00418034 -0.88327 0.438793 0.0328308 0.897988 99.0148 
0.894152 0.0564688 -0.444188 -93.7471 -0.0653418 0.997852 -0.00467829 -0.906806 0.44297 0.0332072 0.895921 99.6874 
0.89236 0.0561965 -0.447812 -94.1176 -0.0657088 0.997822 -0.00572073 -0.914132 0.446516 0.0345302 0.894109 100.351 
0.890364 0.0550314 -0.451911 -94.482 -0.0648423 0.997876 -0.00623728 -0.912315 0.450608 0.0348564 0.892041 101.029 
0.887811 0.0554106 -0.45686 -94.8277 -0.0651884 0.997857 -0.00565429 -0.930374 0.455567 0.034802 0.889521 101.692 
0.88576 0.057009 -0.460628 -95.2013 -0.0671951 0.997723 -0.00573042 -0.939059 0.459253 0.0360278 0.887575 102.346 
0.883856 0.054741 -0.464545 -95.5745 -0.0668084 0.99772 -0.00954234 -0.963798 0.462964 0.0394696 0.885498 102.997 
0.881999 0.0524734 -0.46832 -95.9673 -0.0664935 0.997696 -0.0134411 -0.998018 0.466536 0.0429953 0.883457 103.664 
0.880367 0.0502468 -0.471625 -96.3417 -0.0654837 0.997726 -0.0159387 -1.02271 0.469752 0.0449157 0.881655 104.306 
0.878528 0.0516606 -0.474889 -96.7109 -0.06507 0.997811 -0.0118308 -1.04578 0.473238 0.0412948 0.879966 104.958 
0.877472 0.05487 -0.476479 -97.1179 -0.0641024 0.997938 -0.00312953 -1.05099 0.475325 0.0332896 0.87918 105.603 
0.875471 0.0557289 -0.480046 -97.4694 -0.0607034 0.998143 0.00516876 -1.0417 0.479443 0.0246154 0.877228 106.259 
0.875287 0.0556124 -0.480395 -97.8836 -0.0583654 0.998253 0.00921887 -1.03792 0.480068 0.0199693 0.877004 106.876 
0.873776 0.0519974 -0.483542 -98.2215 -0.0546268 0.998469 0.00865733 -1.04449 0.483252 0.0188498 0.875279 107.473 
0.871577 0.0518749 -0.487506 -98.5644 -0.0567016 0.998379 0.00486347 -1.04766 0.486968 0.0234035 0.873106 108.087 
0.869924 0.0501701 -0.490627 -98.9011 -0.0569283 0.998378 0.00115228 -1.03479 0.489888 0.0269282 0.871369 108.661 
0.86878 0.0491633 -0.492752 -99.2623 -0.0567059 0.998391 -0.000366807 -1.03572 0.491941 0.0282607 0.87017 109.229 
0.867318 0.0466751 -0.495561 -99.5731 -0.0550949 0.998478 -0.0023826 -1.01899 0.494696 0.0293694 0.86857 109.779 
0.865763 0.0447735 -0.498448 -99.8911 -0.0532961 0.998575 -0.00287331 -1.01257 0.497609 0.029053 0.866915 110.317 
0.864971 0.0467061 -0.499644 -100.207 -0.0539885 0.998542 -0.000121174 -1.03535 0.498909 0.0270799 0.866231 110.809 
0.863493 0.0447116 -0.502375 -100.499 -0.0522015 0.998636 -0.000846046 -1.02532 0.501652 0.0269553 0.86465 111.283 
0.862155 0.0429458 -0.504821 -100.774 -0.0505715 0.998719 -0.00140589 -1.02756 0.504114 0.0267417 0.863223 111.747 
0.86168 0.0439361 -0.505546 -101.08 -0.0516134 0.998666 -0.00118047 -1.06121 0.50482 0.0271102 0.862799 112.177 
0.86029 0.0431543 -0.507976 -101.343 -0.0532484 0.998567 -0.00534804 -1.06312 0.507017 0.0316498 0.861355 112.605 
0.857962 0.0403556 -0.512125 -101.575 -0.0531727 0.998531 -0.0103955 -1.0594 0.510953 0.0361501 0.858848 113.021 
0.85567 0.0365875 -0.516226 -101.813 -0.049983 0.998677 -0.0120683 -1.07842 0.515102 0.0361291 0.856367 113.407 
0.853471 0.032197 -0.520145 -102.052 -0.0451093 0.998908 -0.0121844 -1.07442 0.519185 0.0338625 0.853991 113.782 
0.848829 0.0319255 -0.527702 -102.239 -0.044703 0.998934 -0.0114719 -1.07194 0.526774 0.0333277 0.849352 114.162 
0.845169 0.0350083 -0.533352 -102.473 -0.0479488 0.998795 -0.0104223 -1.06863 0.532345 0.0343823 0.845829 114.484 
0.84149 0.0406461 -0.538742 -102.694 -0.0523058 0.998611 -0.00635779 -1.07164 0.537735 0.0335294 0.842447 114.808 
0.83658 0.0453253 -0.545967 -102.875 -0.0537473 0.998554 0.000541804 -1.07744 0.545203 0.0288911 0.837806 115.117 
0.831389 0.0464654 -0.553745 -103.062 -0.0529772 0.998587 0.0042531 -1.07935 0.55316 0.0257999 0.832675 115.41 
0.825466 0.0426944 -0.562834 -103.224 -0.0483747 0.998818 0.00481889 -1.07352 0.562375 0.0232491 0.826556 115.673 
0.81757 0.0394511 -0.574476 -103.376 -0.0440388 0.999012 0.00593106 -1.07876 0.574142 0.0204502 0.8185 115.937 
0.809638 0.0367587 -0.585778 -103.561 -0.0406339 0.999153 0.00653634 -1.06982 0.585522 0.0185104 0.810445 116.156 
0.798928 0.0373283 -0.600267 -103.723 -0.0405864 0.999143 0.00811421 -1.07707 0.600055 0.01788 0.799759 116.372 
0.786307 0.0392329 -0.616589 -103.882 -0.0431451 0.999032 0.0085464 -1.08089 0.616327 0.0198827 0.787239 116.568 
0.772387 0.0385177 -0.633983 -104.053 -0.0440392 0.999005 0.00704133 -1.08701 0.633624 0.0224815 0.773315 116.752 
0.756204 0.0362273 -0.653332 -104.183 -0.0453262 0.998968 0.00292964 -1.09601 0.652764 0.0273977 0.757066 116.919 
0.740805 0.0332786 -0.670896 -104.335 -0.0460528 0.998938 -0.00130108 -1.10322 0.67014 0.0318605 0.741551 117.074 
0.724947 0.0318496 -0.688068 -104.481 -0.0489626 0.998786 -0.00535462 -1.09163 0.687062 0.0375714 0.725627 117.202 
0.708096 0.0361325 -0.705191 -104.634 -0.0565671 0.998383 -0.00564509 -1.10172 0.703847 0.0438879 0.708995 117.343 
0.689328 0.0369815 -0.723505 -104.779 -0.0591909 0.998232 -0.0053708 -1.09073 0.722028 0.0465273 0.690298 117.492 
0.669862 0.035516 -0.741636 -104.941 -0.0571652 0.998357 -0.00382285 -1.07647 0.740282 0.0449566 0.670792 117.648 
0.650659 0.033692 -0.758622 -105.133 -0.0544138 0.998516 -0.00232377 -1.05885 0.757418 0.0427915 0.651527 117.766 
0.628398 0.0357216 -0.777071 -105.312 -0.0542732 0.998524 0.0020122 -1.06758 0.775996 0.0409097 0.62941 117.878 
0.604838 0.0402162 -0.795332 -105.526 -0.0580525 0.998293 0.00633094 -1.06368 0.79423 0.0423419 0.60614 117.984 
0.580229 0.0437106 -0.81328 -105.723 -0.0603037 0.998124 0.010622 -1.0535 0.812218 0.0428807 0.581776 118.088 
0.554551 0.0449111 -0.830937 -105.926 -0.0624794 0.997971 0.0122415 -1.02591 0.829801 0.0451279 0.556232 118.192 
0.528684 0.0502311 -0.847331 -106.128 -0.0662492 0.997644 0.0178064 -1.04689 0.84623 0.0467211 0.530766 118.279 
0.502566 0.0558191 -0.862735 -106.339 -0.0699167 0.997269 0.0237951 -1.06256 0.861707 0.048361 0.505096 118.346 
0.476196 0.0574475 -0.877461 -106.55 -0.0719354 0.997064 0.0262388 -1.03962 0.876392 0.0506257 0.478931 118.401 
0.447126 0.0566193 -0.892677 -106.738 -0.0724975 0.997005 0.0269237 -1.02455 0.891528 0.0526787 0.449891 118.461 
0.415931 0.0531018 -0.907844 -106.943 -0.0712402 0.997128 0.0256853 -1.01357 0.906601 0.0539917 0.41852 118.516 
0.382949 0.0485598 -0.922492 -107.142 -0.0705954 0.997236 0.0231883 -1.00208 0.921068 0.0562438 0.385319 118.558 
0.343044 0.0468953 -0.938148 -107.411 -0.0687934 0.997325 0.0246983 -0.994616 0.936797 0.0560658 0.345353 118.629 
0.301503 0.0460825 -0.952351 -107.678 -0.0683804 0.997304 0.0266093 -0.982327 0.95101 0.0570994 0.303841 118.689 
0.258813 0.0457102 -0.964845 -107.959 -0.0673359 0.997303 0.0291855 -0.982866 0.963578 0.0574151 0.261193 118.718 
0.215816 0.0432909 -0.975474 -108.248 -0.0639482 0.997499 0.0301203 -0.973308 0.974338 0.0558794 0.218044 118.694 
0.165072 0.0424379 -0.985368 -108.63 -0.0652984 0.997352 0.0320151 -0.970488 0.984118 0.0590583 0.167406 118.743 
0.117484 0.0430737 -0.99214 -108.979 -0.0641273 0.997303 0.0357041 -0.967467 0.991002 0.0594287 0.11993 118.704 
0.0628953 0.0418159 -0.997144 -109.334 -0.0615904 0.99738 0.037941 -0.918756 0.996118 0.0590282 0.065306 118.727 
0.00986276 0.0443678 -0.998967 -109.725 -0.0580574 0.997355 0.0437231 -0.901173 0.998265 0.0575662 0.0124126 118.69 
-0.0433212 0.0459305 -0.998005 -110.107 -0.0540662 0.997371 0.0482483 -0.878298 0.997597 0.0560485 -0.040724 118.628 
-0.0958847 0.0493204 -0.99417 -110.475 -0.0459364 0.997488 0.0539155 -0.873981 0.994332 0.0508383 -0.0933783 118.539 
-0.147899 0.0509222 -0.987691 -110.858 -0.0419072 0.997454 0.0577009 -0.856517 0.988114 0.0499253 -0.145389 118.425 
-0.199847 0.0486097 -0.978621 -111.29 -0.0411251 0.997472 0.0579443 -0.783016 0.978964 0.0518259 -0.197343 118.306 
-0.249203 0.0495344 -0.967184 -111.726 -0.0371706 0.997466 0.0606627 -0.75953 0.967738 0.0510681 -0.24673 118.149 
-0.297796 0.0537343 -0.953116 -112.089 -0.02799 0.997494 0.0649816 -0.762125 0.954219 0.046029 -0.295545 118.033 
-0.343916 0.0548229 -0.937399 -112.503 -0.0220466 0.997548 0.0664292 -0.72677 0.938742 0.0435126 -0.341864 117.824 
-0.388093 0.0568948 -0.919863 -112.884 -0.015737 0.997538 0.0683386 -0.714762 0.921486 0.0409976 -0.386242 117.644 
-0.429482 0.0575923 -0.901237 -113.278 -0.0112176 0.997547 0.0690926 -0.680429 0.903006 0.0397838 -0.427783 117.417 
