1 2.12261e-08 -2.11895e-08 -1.25048e-14 2.12261e-08 1 2.10703e-08 -9.32587e-15 -2.11895e-08 2.10703e-08 1 -8.82627e-15 
0.999991 0.00332536 0.00272243 -0.0856449 -0.00332844 0.999994 0.00114003 -0.0139194 -0.00271866 -0.00114904 0.999996 0.664999 
0.99997 0.0062803 0.00462161 -0.161283 -0.00628556 0.99998 0.0011328 -0.0201824 -0.00461444 -0.00116177 0.999989 1.37343 
0.999948 0.00830394 0.00593729 -0.197546 -0.00830574 0.999966 0.000286413 -0.0283793 -0.00593475 -0.00033567 0.999982 2.09083 
0.999934 0.0102588 0.00508492 -0.192248 -0.0102567 0.999947 -0.00043081 -0.0283158 -0.00508912 0.00037867 0.999987 2.77656 
0.999934 0.0101231 0.00536318 -0.202957 -0.0101234 0.999949 3.72832e-05 -0.0665558 -0.00536257 -9.15324e-05 0.999986 3.52749 
0.999927 0.0106002 0.00584071 -0.220262 -0.0106025 0.999944 0.000370533 -0.0672981 -0.00583649 -0.00043239 0.999983 4.18952 
0.999918 0.0105114 0.00726188 -0.255628 -0.0105324 0.999941 0.00285449 -0.08295 -0.00723148 -0.0029307 0.99997 4.88165 
0.999915 0.0101726 0.0081251 -0.254438 -0.0102348 0.999918 0.00765799 -0.11112 -0.00804657 -0.00774046 0.999938 5.54479 
0.999915 0.00932502 0.00910069 -0.243745 -0.00942808 0.999891 0.0113529 -0.131828 -0.00899388 -0.0114377 0.999894 6.17083 
0.999898 0.0096249 0.0105614 -0.263527 -0.00975353 0.999878 0.0121993 -0.115439 -0.0104427 -0.012301 0.99987 6.73442 
0.999871 0.0105696 0.012102 -0.271742 -0.0107101 0.999875 0.0116082 -0.115938 -0.0119779 -0.0117362 0.999859 7.32751 
0.99984 0.0119808 0.0133088 -0.284842 -0.0120949 0.999891 0.00852981 -0.113475 -0.0132052 -0.00868936 0.999875 7.86781 
0.999822 0.0114067 0.0150348 -0.305011 -0.0114922 0.999918 0.00561318 -0.119377 -0.0149696 -0.00578492 0.999871 8.38468 
0.999822 0.0097922 0.0161593 -0.290916 -0.00986523 0.999941 0.00444872 -0.130506 -0.0161148 -0.0046073 0.99986 8.87175 
0.999799 0.00642893 0.018973 -0.304198 -0.00645751 0.999978 0.00144802 -0.128475 -0.0189633 -0.00157021 0.999819 9.32164 
0.999777 0.0039663 0.0207456 -0.290225 -0.00396567 0.999992 -6.98282e-05 -0.129853 -0.0207457 -1.24157e-05 0.999785 9.772 
0.999674 0.00973957 0.0236119 -0.31531 -0.00968402 0.99995 -0.00246399 -0.136694 -0.0236348 0.00223457 0.999718 10.1633 
0.99953 0.0144309 0.0270353 -0.326717 -0.01433 0.99989 -0.0039196 -0.14032 -0.0270889 0.00353038 0.999627 10.5237 
0.9994 0.014779 0.0313318 -0.342189 -0.0146932 0.999888 -0.00296282 -0.141884 -0.0313721 0.00250072 0.999505 10.8755 
0.999345 0.0108691 0.0345086 -0.319467 -0.0107862 0.999939 -0.00258719 -0.149903 -0.0345346 0.00221332 0.999401 11.1974 
0.999295 0.00655707 0.0369578 -0.300654 -0.00646075 0.999975 -0.00272401 -0.151434 -0.0369748 0.00248336 0.999313 11.4893 
0.999153 0.00363718 0.040996 -0.335172 -0.00356245 0.999992 -0.00189485 -0.156203 -0.0410026 0.00174724 0.999158 11.7087 
0.999021 0.00332342 0.0441178 -0.336277 -0.00325695 0.999993 -0.00157741 -0.151252 -0.0441228 0.00143222 0.999025 11.9238 
0.998928 0.00394067 0.0461282 -0.322661 -0.00385624 0.999991 -0.00191822 -0.162513 -0.0461354 0.00173833 0.998934 12.116 
0.998863 0.00507461 0.0473955 -0.293899 -0.00495613 0.999984 -0.00261608 -0.181051 -0.047408 0.00237825 0.998873 12.3277 
0.99871 0.00658464 0.0503421 -0.309177 -0.00644059 0.999975 -0.00302222 -0.192627 -0.0503607 0.00269413 0.998728 12.4915 
0.99858 0.00984174 0.0523638 -0.316913 -0.00966885 0.999947 -0.0035532 -0.202407 -0.052396 0.00304189 0.998622 12.6194 
0.998481 0.011202 0.0539489 -0.308604 -0.0109496 0.999928 -0.00497039 -0.212068 -0.0540008 0.00437216 0.998531 12.7878 
0.998451 0.0098268 0.0547611 -0.273944 -0.00950232 0.999936 -0.00618182 -0.219789 -0.0548184 0.00565193 0.99848 12.9553 
0.998471 0.00730529 0.0547957 -0.210687 -0.00697032 0.999956 -0.00630095 -0.245077 -0.0548394 0.00590941 0.998478 13.1207 
0.998421 0.00600528 0.0558478 -0.200768 -0.00568426 0.999966 -0.00590447 -0.279892 -0.0558814 0.00557774 0.998422 13.2338 
0.998372 0.00782303 0.0564934 -0.171485 -0.00737704 0.99994 -0.00809794 -0.263244 -0.0565534 0.00766805 0.99837 13.4037 
0.998326 0.00854889 0.0572044 -0.13253 -0.00797097 0.999915 -0.0103226 -0.268443 -0.0572878 0.00984936 0.998309 13.5717 
0.998338 0.00915997 0.0568944 -0.0755173 -0.00847967 0.99989 -0.0121864 -0.273124 -0.0569998 0.0116837 0.998306 13.7707 
0.998354 0.00777126 0.0568269 -0.0529931 -0.00694962 0.999869 -0.0146413 -0.274874 -0.0569333 0.0142223 0.998277 13.9235 
0.998406 0.00713156 0.0559912 -0.0336367 -0.00623352 0.999849 -0.0161965 -0.288965 -0.0560983 0.0158217 0.9983 14.0594 
0.998542 0.00606502 0.0536338 -0.0265513 -0.00523317 0.999864 -0.0156359 -0.321129 -0.0537214 0.0153325 0.998438 14.205 
0.998766 0.00594839 0.0493072 0.00380212 -0.00517157 0.999861 -0.0158665 -0.331877 -0.0493947 0.015592 0.998658 14.3605 
0.998944 0.00682534 0.0454255 -0.00985624 -0.00607242 0.999842 -0.0166914 -0.331906 -0.0455323 0.016398 0.998828 14.4775 
0.999168 0.00618247 0.0403151 -0.0192674 -0.00550403 0.999842 -0.0169168 -0.347587 -0.0404134 0.0166809 0.999044 14.5997 
0.999446 0.00458791 0.0329575 0.00325518 -0.0040409 0.999853 -0.0166438 -0.367851 -0.0330291 0.0165014 0.999318 14.7523 
0.999596 0.00698876 0.0275415 -0.0745209 -0.00652544 0.999836 -0.0168753 -0.408099 -0.027655 0.0166888 0.999478 14.8944 
0.999797 0.0073219 0.0187668 -0.0686141 -0.00699697 0.999826 -0.0173196 -0.416374 -0.0188904 0.0171848 0.999674 15.0268 
0.999955 0.00502911 0.00809916 -0.0452661 -0.00488496 0.999831 -0.017715 -0.437681 -0.00818692 0.0176746 0.99981 15.2105 
0.999984 0.00317611 -0.00466876 -0.07356 -0.00326266 0.999821 -0.0186575 -0.448951 0.00460862 0.0186725 0.999815 15.3378 
0.999769 0.0022985 -0.0213732 -0.0746299 -0.00272323 0.999799 -0.0198663 -0.460881 0.0213232 0.0199199 0.999574 15.53 
0.999186 0.00269912 -0.0402529 -0.129097 -0.00352046 0.999787 -0.0203485 -0.461012 0.0401893 0.0204737 0.998982 15.705 
0.998097 0.00285784 -0.0615944 -0.180542 -0.00407917 0.999797 -0.0197126 -0.47628 0.0615256 0.0199264 0.997907 15.9038 
0.996308 0.00359253 -0.085781 -0.214952 -0.00519779 0.999815 -0.0184979 -0.474817 0.0856987 0.0188755 0.996142 16.1194 
0.993779 0.00333344 -0.111322 -0.306718 -0.00541475 0.999816 -0.0183995 -0.452331 0.11124 0.0188879 0.993614 16.3748 
0.990067 0.00523779 -0.140497 -0.398668 -0.00758142 0.999841 -0.0161512 -0.461873 0.14039 0.0170559 0.989949 16.6095 
0.984993 0.00625265 -0.172484 -0.503058 -0.00859306 0.999881 -0.0128257 -0.457727 0.172383 0.0141154 0.984929 16.8224 
0.977885 0.00760557 -0.209003 -0.615938 -0.00978766 0.999908 -0.00940835 -0.443302 0.208912 0.011246 0.97787 17.0939 
0.96832 0.00895328 -0.249553 -0.701102 -0.0103474 0.999937 -0.00427514 -0.433121 0.249499 0.00672197 0.968352 17.3677 
0.956704 0.0138001 -0.290735 -0.831664 -0.0142125 0.999899 0.000693177 -0.433261 0.290715 0.00346895 0.956803 17.6288 
0.942261 0.0172902 -0.334432 -0.923892 -0.0161887 0.999851 0.00608072 -0.449441 0.334487 -0.000315562 0.9424 17.9315 
0.926009 0.0193343 -0.377006 -1.11091 -0.0164287 0.999805 0.0109212 -0.42897 0.377144 -0.00391936 0.926147 18.2401 
0.907045 0.0208439 -0.420518 -1.27874 -0.0147882 0.999735 0.0176563 -0.418935 0.420774 -0.00979631 0.907113 18.5145 
0.885531 0.0235844 -0.463981 -1.53989 -0.0140889 0.999615 0.0239214 -0.411577 0.464366 -0.0146461 0.885522 18.8529 
0.860247 0.0273491 -0.509144 -1.75627 -0.0158161 0.999511 0.0269666 -0.381486 0.509633 -0.0151452 0.860259 19.1657 
0.832468 0.0316627 -0.553168 -1.99231 -0.0177119 0.999376 0.0305483 -0.390303 0.55379 -0.0156328 0.83251 19.4423 
0.801352 0.0339922 -0.597226 -2.21287 -0.0191887 0.999331 0.0311316 -0.369527 0.597885 -0.0134873 0.801469 19.7042 
0.768154 0.0361962 -0.639241 -2.51065 -0.0198492 0.999267 0.0327302 -0.352616 0.639958 -0.0124534 0.768309 19.9704 
0.72998 0.0414715 -0.68221 -2.80394 -0.021823 0.999063 0.0373819 -0.360764 0.68312 -0.0124001 0.730201 20.2583 
0.690197 0.0409948 -0.722459 -3.12895 -0.0181387 0.99906 0.0393614 -0.33088 0.723394 -0.0140626 0.690292 20.5476 
0.64886 0.0415109 -0.759774 -3.50283 -0.0157589 0.99903 0.0411245 -0.32592 0.760744 -0.0147108 0.648885 20.8182 
0.605592 0.0394347 -0.794798 -3.89997 -0.00968666 0.999063 0.0421888 -0.299068 0.795716 -0.0178502 0.605406 21.087 
0.561571 0.0401806 -0.826453 -4.30528 -0.00482969 0.998962 0.0452859 -0.299239 0.827415 -0.0214397 0.561182 21.305 
0.51422 0.0416224 -0.856648 -4.77659 -0.00502819 0.998951 0.0455183 -0.268801 0.857644 -0.019099 0.51389 21.5465 
0.464945 0.0413148 -0.884375 -5.21742 -0.00628317 0.999039 0.0433683 -0.234069 0.885317 -0.0146072 0.464758 21.7134 
0.411965 0.0399791 -0.910322 -5.73951 9.2845e-05 0.999035 0.0439171 -0.2152 0.9112 -0.0181768 0.411563 21.9184 
0.357827 0.0392783 -0.932962 -6.27729 0.0041338 0.999039 0.0436456 -0.190744 0.933779 -0.0194742 0.35732 22.0926 
0.303216 0.0388958 -0.952128 -6.83238 0.00647192 0.99906 0.042874 -0.178552 0.9529 -0.0191621 0.302679 22.2373 
0.249305 0.0441599 -0.967418 -7.4377 0.0073166 0.998845 0.04748 -0.147695 0.968397 -0.0189152 0.248694 22.3713 
0.198041 0.0491941 -0.978959 -8.03553 0.0102925 0.99858 0.0522622 -0.122814 0.98014 -0.0204259 0.197253 22.4437 
0.14959 0.0502443 -0.987471 -8.66196 0.0161297 0.998451 0.0532465 -0.0960399 0.988617 -0.0238927 0.148548 22.5152 
0.104962 0.0512111 -0.993157 -9.31747 0.0184495 0.998401 0.0534314 -0.066627 0.994305 -0.0239314 0.103849 22.5653 
0.0643832 0.049053 -0.996719 -9.95915 0.0179514 0.998573 0.0503038 -0.0311897 0.997764 -0.0211312 0.0634107 22.5722 
0.0288093 0.0444026 -0.998598 -10.7474 0.0153047 0.998876 0.0448565 0.0108058 0.999468 -0.0165755 0.0280974 22.554 
0.00054422 0.0438679 -0.999037 -11.4438 0.0131263 0.998951 0.0438712 0.0443274 0.999914 -0.0131374 -3.21709e-05 22.5122 
-0.0208692 0.047177 -0.998669 -12.0835 0.0114925 0.998831 0.0469446 0.090852 0.999716 -0.0104975 -0.0213869 22.5047 
-0.0345085 0.0526212 -0.998018 -12.8157 0.0134086 0.998547 0.0521855 0.133225 0.999314 -0.0115812 -0.0351639 22.4889 
-0.0425897 0.0554049 -0.997555 -13.5804 0.0143988 0.998392 0.0548366 0.152378 0.998989 -0.012028 -0.0433189 22.4469 
-0.0479069 0.0526591 -0.997463 -14.4379 0.0168792 0.998509 0.0519036 0.18574 0.998709 -0.0143497 -0.0487243 22.4525 
-0.0479835 0.0478764 -0.9977 -15.2007 0.0247309 0.998601 0.0467303 0.235014 0.998542 -0.0224317 -0.0491004 22.4108 
-0.0429613 0.0467331 -0.997983 -15.9781 0.0360689 0.998327 0.0451965 0.265224 0.998425 -0.0340544 -0.044575 22.3551 
-0.0376144 0.0463878 -0.998215 -16.8159 0.0358344 0.998342 0.0450434 0.32018 0.99865 -0.0340762 -0.0392144 22.3014 
-0.0339926 0.0456742 -0.998378 -17.5972 0.0337241 0.998439 0.0445288 0.326293 0.998853 -0.0321557 -0.0354798 22.2901 
-0.0296282 0.0392407 -0.99879 -18.3197 0.038496 0.998533 0.0380886 0.350184 0.998819 -0.0373209 -0.0310953 22.202 
-0.0273019 0.0292243 -0.9992 -19.168 0.0369481 0.998919 0.0282065 0.368063 0.998944 -0.0361484 -0.0283521 22.1458 
-0.0279939 0.0193943 -0.99942 -20.1297 0.0284224 0.999423 0.0185982 0.424253 0.999204 -0.0278852 -0.028529 22.142 
-0.0295362 0.0161896 -0.999433 -21.0565 0.022354 0.999629 0.0155322 0.442643 0.999314 -0.0218826 -0.0298872 22.0928 
-0.0331775 0.0221202 -0.999205 -22.0152 0.0132684 0.999677 0.0216901 0.450639 0.999361 -0.0125381 -0.0334603 22.0443 
-0.0384169 0.0301639 -0.998806 -22.99 0.00774391 0.999523 0.0298877 0.461431 0.999232 -0.00658643 -0.0386322 21.9732 
-0.0431959 0.0390875 -0.998302 -23.9893 0.00634932 0.999225 0.0388489 0.492957 0.999046 -0.00466039 -0.0434106 21.9162 
-0.0447447 0.0490779 -0.997792 -25.0361 0.00530017 0.99879 0.0488893 0.531313 0.998984 -0.0031009 -0.0449507 21.8333 
-0.0462225 0.0560846 -0.997356 -26.0834 0.00681054 0.998417 0.0558286 0.579223 0.998908 -0.00421196 -0.0465313 21.7826 
-0.0465739 0.0570102 -0.997287 -27.0454 0.00760219 0.998361 0.0567166 0.607068 0.998886 -0.00494001 -0.046931 21.6892 
-0.0471933 0.0543532 -0.997406 -27.988 0.00586987 0.998516 0.0541359 0.648956 0.998869 -0.00329974 -0.0474424 21.5803 
-0.0514873 0.0494847 -0.997447 -29.0656 0.00506267 0.998772 0.0492891 0.68605 0.998661 -0.00251194 -0.0516746 21.535 
-0.0558882 0.0444223 -0.997448 -30.0299 0.00610292 0.999006 0.0441497 0.719122 0.998418 -0.00361985 -0.0561038 21.4373 
-0.0622127 0.0392048 -0.997293 -30.9884 0.00647616 0.999223 0.0388767 0.758095 0.998042 -0.00403996 -0.0624182 21.3753 
-0.0705728 0.0380929 -0.996779 -31.9841 0.00609684 0.999268 0.0377564 0.781113 0.997488 -0.00341259 -0.0707534 21.3007 
-0.0772019 0.0396848 -0.996225 -33.027 0.00696517 0.999205 0.0392637 0.827759 0.996991 -0.0039076 -0.0774169 21.1979 
-0.0848296 0.0447634 -0.99539 -34.0955 0.00553665 0.998996 0.0444537 0.857498 0.99638 -0.00174009 -0.0849922 21.1123 
-0.0913559 0.0481143 -0.994655 -35.1584 0.00231175 0.99884 0.0481044 0.876056 0.995816 0.00209527 -0.0913611 21.0013 
-0.0964614 0.0500704 -0.994077 -36.211 9.29409e-05 0.998734 0.050296 0.921517 0.995337 0.00475927 -0.096344 20.8797 
-0.0984858 0.0507014 -0.993846 -37.2767 -0.00479527 0.998666 0.0514225 0.971555 0.995127 0.00983018 -0.0981112 20.7349 
-0.100106 0.0510963 -0.993664 -38.3097 -0.0101985 0.998575 0.0523763 1.02174 0.994925 0.0153771 -0.099442 20.5987 
-0.101665 0.0502594 -0.993548 -39.3582 -0.0128571 0.998573 0.0518292 1.07564 0.994736 0.0180434 -0.100873 20.4565 
-0.104044 0.0495657 -0.993337 -40.4164 -0.0137436 0.99859 0.0512674 1.11412 0.994478 0.0189861 -0.103216 20.3324 
-0.105712 0.0488422 -0.993197 -41.4949 -0.015414 0.998593 0.0507481 1.15764 0.994277 0.0206738 -0.10481 20.2087 
-0.106926 0.0478735 -0.993114 -42.5762 -0.017437 0.998596 0.0500152 1.19201 0.994114 0.0226649 -0.105941 20.0658 
-0.107375 0.0459866 -0.993154 -43.689 -0.0224682 0.998562 0.0486662 1.22116 0.993965 0.02754 -0.106188 19.9038 
-0.108483 0.0403318 -0.99328 -44.7874 -0.0276248 0.998669 0.0435677 1.25758 0.993714 0.0321655 -0.107224 19.7765 
-0.108239 0.0391477 -0.993354 -45.8904 -0.0285927 0.998688 0.0424735 1.30635 0.993714 0.033 -0.106978 19.6419 
-0.106519 0.0428242 -0.993388 -46.9779 -0.0305561 0.998459 0.0463193 1.3467 0.993841 0.035288 -0.105046 19.4997 
-0.104525 0.0455827 -0.993477 -48.0841 -0.0308243 0.998321 0.049048 1.3898 0.994045 0.0357501 -0.102944 19.3606 
-0.102975 0.0450158 -0.993665 -49.135 -0.0295319 0.998397 0.0482906 1.42598 0.994245 0.0343176 -0.101481 19.2249 
-0.0980692 0.0451452 -0.994155 -50.1211 -0.0281826 0.998444 0.0481201 1.44438 0.994781 0.0327371 -0.0966443 18.9951 
-0.0937328 0.0451725 -0.994572 -51.1886 -0.0325031 0.998299 0.048405 1.50023 0.995067 0.0368638 -0.0921051 18.8458 
-0.0873108 0.0464165 -0.995099 -52.2827 -0.0378265 0.998039 0.0498725 1.52573 0.995463 0.0419955 -0.0853838 18.7045 
-0.0815547 0.0459428 -0.995609 -53.3951 -0.0405161 0.997958 0.0493701 1.55512 0.995845 0.0443646 -0.0795268 18.5992 
-0.0729956 0.0453139 -0.996302 -54.3997 -0.0425861 0.997915 0.0485074 1.59313 0.996423 0.0459695 -0.0709137 18.4078 
-0.0679265 0.0443616 -0.996704 -55.5382 -0.0418963 0.998003 0.0472747 1.6348 0.99681 0.0449694 -0.0659323 18.3207 
-0.0619704 0.0442922 -0.997095 -56.676 -0.0402236 0.998092 0.0468365 1.6828 0.997267 0.0430093 -0.0600706 18.2179 
-0.0554144 0.0442673 -0.997482 -57.7734 -0.0393963 0.998142 0.0464853 1.72723 0.997686 0.041873 -0.0535675 18.107 
-0.048085 0.046391 -0.997765 -58.8605 -0.0380439 0.998111 0.0482405 1.76292 0.998119 0.0402785 -0.0462293 17.9764 
-0.0410996 0.046632 -0.998066 -59.9786 -0.0384076 0.998098 0.0482151 1.82237 0.998417 0.040315 -0.0392304 17.8649 
-0.0350437 0.0466748 -0.998295 -61.082 -0.0380102 0.998124 0.048001 1.83625 0.998663 0.0396276 -0.0332038 17.7938 
-0.0290161 0.0414055 -0.998721 -62.2193 -0.0389508 0.998336 0.0425212 1.88713 0.99882 0.0401348 -0.0273551 17.7047 
-0.0240921 0.0348246 -0.999103 -63.3492 -0.040727 0.998529 0.0357867 1.9315 0.99888 0.0415526 -0.0226384 17.6423 
-0.0190691 0.0345847 -0.99922 -64.4715 -0.0410196 0.998533 0.0353437 1.95342 0.998976 0.0416617 -0.0176225 17.5473 
-0.0147612 0.0359191 -0.999246 -65.6236 -0.0405753 0.99851 0.0364921 1.99635 0.999067 0.0410834 -0.0132818 17.4849 
-0.0116875 0.0348911 -0.999323 -66.7296 -0.0425274 0.998469 0.0353587 2.02576 0.999027 0.0429119 -0.0101857 17.4278 
-0.0101766 0.034513 -0.999352 -67.9149 -0.043646 0.998436 0.0349258 2.05548 0.998995 0.0439732 -0.00865437 17.3734 
-0.011158 0.036104 -0.999286 -69.0951 -0.0437566 0.998373 0.0365596 2.0745 0.99898 0.0441333 -0.00956005 17.3795 
-0.00862746 0.0348009 -0.999357 -70.2606 -0.0452658 0.998356 0.0351568 2.10919 0.998938 0.0455401 -0.00703798 17.3172 
-0.00604736 0.0327872 -0.999444 -71.3693 -0.0452442 0.99843 0.0330277 2.12354 0.998958 0.0454188 -0.00455443 17.2469 
-0.00505197 0.0308858 -0.99951 -72.6074 -0.0443559 0.998532 0.0310798 2.15671 0.999003 0.0444912 -0.00367459 17.2077 
-0.00355368 0.030439 -0.99953 -73.7947 -0.0403712 0.998717 0.0305578 2.17957 0.999178 0.0404609 -0.00232026 17.1717 
-0.00259622 0.0325589 -0.999466 -74.9752 -0.038274 0.998734 0.0326344 2.17393 0.999264 0.0383383 -0.00134677 17.1302 
-0.00137207 0.0344089 -0.999407 -76.1139 -0.0377906 0.998692 0.0344362 2.20838 0.999285 0.0378154 -6.9944e-05 17.0971 
0.000259649 0.0380316 -0.999277 -77.2949 -0.0387151 0.998528 0.0379931 2.23651 0.99925 0.0386772 0.00173166 17.0464 
0.00268753 0.0370001 -0.999312 -78.4777 -0.0400317 0.998518 0.0368631 2.2799 0.999195 0.0399051 0.00416473 16.9841 
0.00454728 0.0352572 -0.999368 -79.6242 -0.0409315 0.998547 0.035042 2.29888 0.999152 0.0407464 0.0059838 16.9554 
0.0060107 0.0328192 -0.999443 -80.7564 -0.0404025 0.998653 0.0325503 2.31757 0.999165 0.0401844 0.00732859 16.9077 
0.00565171 0.0331432 -0.999435 -81.8574 -0.0361136 0.998805 0.0329181 2.3012 0.999332 0.0359072 0.00684188 16.8857 
0.00710342 0.0341136 -0.999393 -83.013 -0.0350077 0.998814 0.033845 2.32866 0.999362 0.034746 0.00828924 16.8616 
0.00643971 0.0371919 -0.999287 -84.1686 -0.0342714 0.998729 0.0369503 2.34041 0.999392 0.0340091 0.00770614 16.8666 
0.00716915 0.0388627 -0.999219 -85.3317 -0.0312545 0.998765 0.0386208 2.3835 0.999486 0.0309532 0.00837493 16.8573 
0.00693645 0.0404279 -0.999158 -86.477 -0.0323079 0.99867 0.0401838 2.38521 0.999454 0.032002 0.00823336 16.864 
0.00467228 0.0390621 -0.999226 -87.5701 -0.0327788 0.998706 0.0388885 2.39641 0.999452 0.0325718 0.00594665 16.9396 
0.00482205 0.0369285 -0.999306 -88.7353 -0.0305078 0.998858 0.0367647 2.42991 0.999523 0.0303094 0.00594315 16.9309 
0.00460446 0.0379998 -0.999267 -89.888 -0.0301092 0.99883 0.0378445 2.4554 0.999536 0.029913 0.00574322 16.9115 
0.00609361 0.0403114 -0.999169 -91.1081 -0.0272208 0.998824 0.0401314 2.48807 0.999611 0.0269537 0.00718375 16.875 
0.0054436 0.0422871 -0.999091 -92.2541 -0.0232543 0.998841 0.0421498 2.51243 0.999715 0.0230037 0.00642064 16.8634 
0.00624496 0.0432453 -0.999045 -93.4558 -0.0229048 0.998809 0.0430919 2.55565 0.999718 0.0226139 0.00722805 16.8541 
0.00674002 0.0446263 -0.998981 -94.6023 -0.0253148 0.998691 0.0444425 2.59752 0.999657 0.0249895 0.0078609 16.8337 
0.00642294 0.0433273 -0.99904 -95.7656 -0.0275527 0.998689 0.0431349 2.63913 0.9996 0.0272493 0.00760831 16.8363 
0.00584164 0.038559 -0.999239 -96.9407 -0.0296122 0.998825 0.0383699 2.67236 0.999544 0.0293656 0.00697659 16.832 
0.00584348 0.0369722 -0.999299 -98.1497 -0.0319135 0.998814 0.0367677 2.70818 0.999474 0.0316763 0.00701647 16.8366 
0.00581597 0.0344815 -0.999388 -99.3601 -0.031259 0.998923 0.0342835 2.75142 0.999494 0.0310406 0.00688757 16.8466 
0.00616519 0.0346832 -0.999379 -100.467 -0.0292689 0.998976 0.0344886 2.7814 0.999553 0.0290382 0.00717401 16.8123 
0.00433471 0.0360013 -0.999342 -101.592 -0.0265332 0.999004 0.035874 2.80766 0.999639 0.0263602 0.00528562 16.8392 
0.00356629 0.0378709 -0.999276 -102.657 -0.0242657 0.998992 0.0377735 2.82038 0.999699 0.0241134 0.00448166 16.827 
0.00287111 0.0371825 -0.999304 -103.811 -0.0288024 0.998897 0.0370846 2.84272 0.999581 0.0286759 0.00393889 16.8049 
0.00141785 0.0382893 -0.999266 -104.97 -0.0322782 0.998748 0.0382236 2.86714 0.999478 0.0322003 0.00265199 16.8034 
0.000182355 0.0379187 -0.999281 -106.105 -0.0370666 0.998594 0.0378859 2.88998 0.999313 0.0370331 0.00158762 16.8116 
0.000385481 0.0337266 -0.999431 -107.343 -0.0362167 0.998776 0.0336905 2.92549 0.999344 0.0361832 0.00160648 16.784 
-0.000995257 0.0291161 -0.999576 -108.579 -0.036179 0.998921 0.029133 2.9579 0.999345 0.0361926 5.92087e-05 16.7942 
-0.00160513 0.0279333 -0.999609 -109.798 -0.0337912 0.999037 0.0279716 2.99803 0.999428 0.0338229 -0.000659684 16.7649 
-0.00187758 0.0279884 -0.999607 -111.04 -0.0320824 0.999092 0.0280343 3.00816 0.999484 0.0321225 -0.000977935 16.7399 
-0.00311738 0.0300038 -0.999545 -112.247 -0.0310137 0.999066 0.0300861 3.02959 0.999514 0.0310935 -0.00218394 16.7231 
-0.00546442 0.0336591 -0.999418 -113.443 -0.0299023 0.998981 0.0338079 3.04734 0.999538 0.0300697 -0.00445236 16.721 
-0.00674078 0.0336275 -0.999412 -114.648 -0.0282371 0.99903 0.0338051 3.07299 0.999579 0.0284484 -0.00578469 16.7051 
-0.00868412 0.0276604 -0.99958 -115.885 -0.028595 0.999202 0.0278983 3.12279 0.999553 0.0288253 -0.00788623 16.6913 
-0.00985691 0.0243522 -0.999655 -117.112 -0.0290548 0.999274 0.0246294 3.13717 0.999529 0.0292876 -0.00914221 16.642 
-0.0103979 0.0228594 -0.999685 -118.34 -0.0269367 0.999369 0.0231324 3.14679 0.999583 0.0271688 -0.00977558 16.5969 
-0.0119234 0.0238119 -0.999645 -119.591 -0.0282003 0.999311 0.0241403 3.17303 0.999531 0.0284782 -0.0112436 16.5747 
-0.0118018 0.0281334 -0.999535 -120.907 -0.03187 0.999086 0.0284971 3.19363 0.999422 0.0321915 -0.0108944 16.5348 
-0.0122732 0.0315514 -0.999427 -122.173 -0.0373676 0.998789 0.0319901 3.20596 0.999226 0.0377388 -0.0110794 16.4931 
-0.0128679 0.0311471 -0.999432 -123.456 -0.0444769 0.998508 0.0316909 3.22318 0.998928 0.0448595 -0.0114633 16.4641 
-0.0129722 0.0291509 -0.999491 -124.736 -0.0478888 0.99841 0.0297409 3.24316 0.998768 0.0482503 -0.0115556 16.4236 
-0.0135628 0.0279964 -0.999516 -126.052 -0.0496643 0.998355 0.0286378 3.26444 0.998674 0.0500287 -0.0121501 16.3804 
-0.0137224 0.0274979 -0.999528 -127.35 -0.0513443 0.998284 0.0281685 3.28115 0.998587 0.0517067 -0.012287 16.3178 
-0.0150199 0.0268006 -0.999528 -128.577 -0.0494762 0.998396 0.0275137 3.29465 0.998662 0.0498661 -0.0136698 16.2952 
-0.0169612 0.0275175 -0.999477 -129.798 -0.0491527 0.99839 0.0283217 3.30747 0.998647 0.0496075 -0.0155813 16.2881 
-0.0181787 0.0326713 -0.999301 -131.003 -0.0466451 0.99835 0.0334888 3.32691 0.998746 0.0472213 -0.0166248 16.255 
-0.0186342 0.0365173 -0.999159 -132.297 -0.047256 0.998184 0.0373629 3.3563 0.998709 0.0479125 -0.0168747 16.21 
-0.0190718 0.0352096 -0.999198 -133.556 -0.0470952 0.998239 0.0360747 3.38805 0.998708 0.0477454 -0.01738 16.1777 
-0.0191173 0.032784 -0.99928 -134.784 -0.0468013 0.998337 0.0336485 3.43679 0.998721 0.0474109 -0.0175511 16.1516 
-0.0185163 0.0330159 -0.999283 -136.011 -0.046676 0.998336 0.0338495 3.44751 0.998738 0.0472694 -0.0169444 16.1203 
-0.0194511 0.0320767 -0.999296 -137.312 -0.0464647 0.998376 0.0329516 3.46464 0.998731 0.047073 -0.0179291 16.1436 
-0.0194063 0.0340651 -0.999231 -138.593 -0.0448514 0.998384 0.0349073 3.48845 0.998805 0.0454944 -0.0178471 16.1223 
-0.0194318 0.0370251 -0.999125 -139.829 -0.0456673 0.998238 0.0378804 3.5227 0.998768 0.0463635 -0.0177067 16.0862 
-0.0199505 0.0371815 -0.999109 -141.077 -0.0447428 0.998274 0.0380439 3.57105 0.998799 0.045462 -0.0182525 16.103 
-0.020641 0.0339741 -0.99921 -142.355 -0.0475359 0.998259 0.0349238 3.60806 0.998656 0.0482192 -0.0189901 16.1211 
-0.0226829 0.030676 -0.999272 -143.549 -0.0458435 0.998446 0.0316913 3.6361 0.998691 0.046529 -0.0212414 16.1239 
-0.0232764 0.0284547 -0.999324 -144.807 -0.0429924 0.998642 0.0294366 3.66408 0.998804 0.0436486 -0.0220214 16.086 
-0.0242361 0.0278674 -0.999318 -146.064 -0.0425212 0.998678 0.0288808 3.68308 0.998802 0.0431922 -0.0230191 16.0575 
-0.0272637 0.0277691 -0.999243 -147.244 -0.0388825 0.998828 0.0288185 3.69492 0.998872 0.0396388 -0.026152 16.0693 
-0.027341 0.0264341 -0.999277 -148.479 -0.0370071 0.998938 0.0274377 3.70473 0.998941 0.0377306 -0.0263337 16.0079 
-0.0275417 0.0260075 -0.999282 -149.772 -0.0365669 0.998966 0.0270071 3.72724 0.998952 0.0372846 -0.0265622 15.9386 
-0.0280184 0.0284419 -0.999203 -151.009 -0.0340677 0.998987 0.029391 3.74713 0.999027 0.0348641 -0.027021 15.892 
-0.0289975 0.0296973 -0.999138 -152.232 -0.0316877 0.999029 0.0306137 3.76245 0.999077 0.0325482 -0.0280283 15.8544 
-0.0294561 0.0286102 -0.999157 -153.464 -0.0289848 0.999146 0.0294644 3.76362 0.999146 0.0298283 -0.0286017 15.7968 
-0.0312938 0.0285974 -0.999101 -154.679 -0.0296037 0.999126 0.0295253 3.7764 0.999072 0.0305011 -0.0304199 15.7629 
-0.0320515 0.0324264 -0.99896 -155.947 -0.029868 0.998996 0.0333859 3.82165 0.99904 0.0309071 -0.0310508 15.7188 
-0.0316195 0.0383673 -0.998763 -157.184 -0.0348436 0.998613 0.0394647 3.8562 0.998892 0.0360484 -0.0302388 15.6498 
-0.032252 0.0380643 -0.998755 -158.439 -0.0386766 0.998479 0.0393027 3.8787 0.998731 0.0398961 -0.0307307 15.6219 
-0.0306695 0.0341693 -0.998945 -159.663 -0.0422622 0.998477 0.0354508 3.90535 0.998636 0.0433049 -0.0291787 15.5523 
-0.0274482 0.0290867 -0.9992 -160.943 -0.0443104 0.998559 0.0302853 3.92662 0.998641 0.0451063 -0.0261198 15.4588 
-0.0258765 0.0280145 -0.999273 -162.177 -0.0466817 0.998483 0.0292012 3.93744 0.998575 0.0474034 -0.0245294 15.3899 
-0.0259527 0.0243324 -0.999367 -163.341 -0.0417083 0.998807 0.0254018 3.95818 0.998793 0.0423412 -0.0249069 15.3671 
-0.0276705 0.0207229 -0.999402 -164.508 -0.0350626 0.99915 0.0216885 3.94355 0.999002 0.0356418 -0.0269204 15.3396 
-0.029637 0.0171395 -0.999414 -165.747 -0.0311752 0.999351 0.0180629 3.96777 0.999074 0.0316923 -0.0290834 15.3302 
-0.0320939 0.0189411 -0.999305 -167.008 -0.0284501 0.999398 0.0198565 3.99692 0.99908 0.0290676 -0.0315357 15.3013 
-0.029329 0.0244674 -0.99927 -168.217 -0.0285762 0.999271 0.0253061 4.01027 0.999161 0.0292976 -0.0286084 15.1909 
-0.0286327 0.027012 -0.999225 -169.435 -0.0292164 0.999185 0.0278481 4.02351 0.999163 0.0299911 -0.0278201 15.1493 
-0.027003 0.0228443 -0.999374 -170.75 -0.0283414 0.99932 0.0236089 4.04853 0.999234 0.0289613 -0.0263372 15.1229 
-0.0267028 0.0229933 -0.999379 -171.966 -0.0321104 0.9992 0.0238472 4.06459 0.999128 0.0327273 -0.0259431 15.0691 
-0.0258199 0.0243946 -0.999369 -173.18 -0.0294839 0.999249 0.0251534 4.07019 0.999232 0.0301148 -0.0250812 15.0174 
-0.02508 0.0222071 -0.999439 -174.408 -0.0301072 0.999283 0.0229592 4.08745 0.999232 0.0306662 -0.0243934 14.9582 
-0.0255008 0.0193596 -0.999487 -175.561 -0.0284217 0.999394 0.0200829 4.12049 0.999271 0.0289193 -0.0249352 14.9671 
-0.0234168 0.0211469 -0.999502 -176.754 -0.0294811 0.999327 0.0218339 4.11744 0.999291 0.0299778 -0.0227776 14.8961 
-0.0228377 0.0234291 -0.999465 -177.897 -0.029298 0.99928 0.0240943 4.11164 0.99931 0.0298326 -0.0221348 14.8572 
-0.0223371 0.0239043 -0.999465 -178.99 -0.0285927 0.99929 0.0245391 4.13331 0.999342 0.0291255 -0.0216377 14.8158 
-0.022087 0.025563 -0.999429 -180.041 -0.0290288 0.999235 0.0261996 4.12794 0.999335 0.0295909 -0.021328 14.7475 
-0.0224524 0.0257467 -0.999416 -181.134 -0.027373 0.999278 0.0263581 4.13907 0.999373 0.0279489 -0.0217314 14.6964 
-0.0238923 0.0249455 -0.999403 -182.153 -0.0286275 0.999262 0.0256263 4.14507 0.999305 0.0292227 -0.0231605 14.7113 
-0.0227907 0.0240868 -0.99945 -183.106 -0.0287851 0.999279 0.0247391 4.16861 0.999326 0.0293331 -0.0220809 14.6754 
-0.0224012 0.0240724 -0.999459 -184.067 -0.0291147 0.99927 0.0247204 4.18343 0.999325 0.0296528 -0.021684 14.6665 
-0.0238151 0.0219879 -0.999475 -184.99 -0.0277918 0.999357 0.0226476 4.18929 0.99933 0.0283166 -0.0231887 14.6257 
-0.0293955 0.0190643 -0.999386 -185.906 -0.0251803 0.999487 0.0198068 4.18548 0.999251 0.0257471 -0.0289003 14.6413 
-0.0360735 0.0154452 -0.99923 -186.867 -0.0250734 0.999552 0.0163553 4.17978 0.999035 0.0256441 -0.0356701 14.6386 
-0.0418549 0.0115372 -0.999057 -187.779 -0.0273998 0.999544 0.0126907 4.18751 0.998748 0.0279052 -0.0415197 14.5904 
-0.0467413 0.0109298 -0.998847 -188.706 -0.0282709 0.999525 0.0122602 4.17003 0.998507 0.0288114 -0.0464102 14.5429 
-0.0495154 0.0117823 -0.998704 -189.641 -0.0302222 0.999455 0.0132896 4.16434 0.998316 0.0308411 -0.0491323 14.4702 
-0.0530422 0.0131052 -0.998506 -190.606 -0.0289916 0.999472 0.014658 4.16037 0.998171 0.0297258 -0.0526342 14.4428 
-0.0561018 0.013105 -0.998339 -191.554 -0.0261446 0.999552 0.0145901 4.19502 0.998083 0.0269197 -0.055734 14.4144 
-0.0589354 0.0138823 -0.998165 -192.473 -0.0235315 0.999606 0.0152917 4.17734 0.997984 0.0243896 -0.0585855 14.3683 
-0.0596157 0.013012 -0.998137 -193.399 -0.0235609 0.999618 0.0144385 4.16747 0.997943 0.0243778 -0.0592863 14.2874 
-0.0607797 0.0114867 -0.998085 -194.297 -0.0251888 0.999598 0.013038 4.16752 0.997833 0.0259331 -0.0604659 14.2287 
-0.0570969 0.0107136 -0.998311 -195.18 -0.0284732 0.999518 0.012355 4.16771 0.997963 0.0291305 -0.0567643 14.0812 
-0.0565841 0.00953415 -0.998352 -196.087 -0.0312259 0.999448 0.0113144 4.14358 0.997909 0.0318147 -0.0562552 14.0022 
-0.0558969 0.00532941 -0.998422 -196.995 -0.0319873 0.999463 0.00712578 4.15787 0.997924 0.0323352 -0.0556964 13.935 
-0.0551281 0.00249737 -0.998476 -197.904 -0.0306498 0.999521 0.00419223 4.15658 0.998009 0.0308343 -0.0550251 13.8522 
-0.0539966 0.00269888 -0.998538 -198.836 -0.0300721 0.999538 0.00432775 4.13897 0.998088 0.0302618 -0.0538905 13.7714 
-0.0525555 0.00597213 -0.9986 -199.757 -0.0269943 0.999608 0.00739885 4.12281 0.998253 0.0273454 -0.0523737 13.6885 
-0.0523996 0.00679726 -0.998603 -200.682 -0.0262013 0.999623 0.00817906 4.12035 0.998282 0.0265933 -0.0522017 13.6105 
-0.0517102 0.00267764 -0.998659 -201.609 -0.0218008 0.999755 0.00380941 4.11922 0.998424 0.0219685 -0.0516392 13.5565 
-0.0522739 -0.00166653 -0.998631 -202.546 -0.0204222 0.999791 -0.000599456 4.12509 0.998424 0.0203629 -0.0522971 13.5027 
-0.0510185 -0.00198483 -0.998696 -203.573 -0.0263227 0.999653 -0.000642033 4.12556 0.998351 0.0262557 -0.051053 13.371 
-0.0486405 0.00136842 -0.998815 -204.532 -0.0285748 0.999588 0.00276102 4.12307 0.998408 0.0286753 -0.0485813 13.2866 
-0.0476954 0.00155926 -0.998861 -205.481 -0.0259399 0.99966 0.00279913 4.10324 0.998525 0.0260439 -0.0476387 13.2457 
-0.0444942 0.00284366 -0.999006 -206.409 -0.0253543 0.999671 0.0039748 4.09345 0.998688 0.025506 -0.0444075 13.164 
-0.0438793 0.00753501 -0.999008 -207.327 -0.0275371 0.999583 0.00874885 4.0905 0.998657 0.0278938 -0.0436535 13.1132 
-0.0413641 0.0125066 -0.999066 -208.314 -0.0240349 0.99962 0.0135086 4.06971 0.998855 0.0245713 -0.0410478 13.0175 
-0.0417749 0.0119809 -0.999055 -209.304 -0.0224179 0.999665 0.0129256 4.08746 0.998876 0.0229367 -0.0414923 12.9906 
-0.0401215 0.0130609 -0.999109 -210.316 -0.0259455 0.999564 0.0141088 4.07481 0.998858 0.0264885 -0.0397652 12.9328 
-0.0388403 0.0133704 -0.999156 -211.326 -0.0296473 0.999455 0.0145269 4.10302 0.998806 0.0301865 -0.0384227 12.8993 
-0.0340907 0.0133967 -0.999329 -212.362 -0.0312912 0.999406 0.0144652 4.10576 0.998929 0.0317634 -0.0336512 12.824 
-0.0325513 0.0103791 -0.999416 -213.397 -0.0333724 0.999377 0.0114656 4.108 0.998913 0.0337262 -0.0321847 12.7883 
-0.0294033 0.00646848 -0.999547 -214.374 -0.0306319 0.999504 0.00736928 4.11579 0.999098 0.0308347 -0.0291905 12.7203 
-0.0264825 0.00620641 -0.99963 -215.373 -0.0292042 0.999549 0.0069796 4.09886 0.999223 0.0293782 -0.0262893 12.6177 
-0.0242666 0.00705736 -0.999681 -216.433 -0.0314619 0.999474 0.00781962 4.11447 0.99921 0.0316417 -0.0240318 12.5636 
-0.0221744 0.00990842 -0.999705 -217.497 -0.0348026 0.999337 0.0106767 4.11116 0.999148 0.0350291 -0.0218149 12.5048 
-0.0195736 0.00860393 -0.999771 -218.554 -0.0339076 0.999382 0.00926442 4.12467 0.999233 0.0340812 -0.0192698 12.4354 
-0.019412 0.00616187 -0.999793 -219.593 -0.0340015 0.999399 0.00681961 4.11549 0.999233 0.0341269 -0.0191908 12.4108 
-0.0201863 0.00405514 -0.999788 -220.62 -0.0293261 0.999559 0.00464632 4.08036 0.999366 0.0294137 -0.0200585 12.3675 
-0.0207536 0.00296303 -0.99978 -221.719 -0.026571 0.999641 0.00351418 4.08564 0.999432 0.0266382 -0.0206674 12.3404 
-0.0216458 0.00149803 -0.999765 -222.831 -0.0266308 0.999643 0.00207443 4.07688 0.999411 0.0266695 -0.0215982 12.3268 
-0.0218245 0.00142419 -0.999761 -223.926 -0.0256979 0.999668 0.00198503 4.04929 0.999432 0.0257352 -0.0217806 12.2908 
-0.0225441 0.00182512 -0.999744 -225.089 -0.0270965 0.99963 0.00243594 4.05526 0.999379 0.0271446 -0.0224863 12.2614 
-0.0248917 0.00385935 -0.999683 -226.225 -0.0284994 0.999583 0.0045686 4.04239 0.999284 0.0286042 -0.0247714 12.2541 
-0.0260734 0.00544223 -0.999645 -227.335 -0.0287109 0.999569 0.00619067 4.03812 0.999248 0.0288621 -0.0259059 12.209 
-0.0271487 0.00733525 -0.999605 -228.465 -0.0286509 0.999557 0.00811305 4.02889 0.999221 0.0288598 -0.0269265 12.1539 
-0.0291211 0.00806125 -0.999543 -229.617 -0.0315232 0.999463 0.00897901 4.02385 0.999079 0.0317703 -0.0288513 12.1241 
-0.0293406 0.00751247 -0.999541 -230.726 -0.0331974 0.999413 0.00848598 3.99648 0.999018 0.0334312 -0.029074 12.0259 
-0.0278668 0.004163 -0.999603 -231.784 -0.0303679 0.999526 0.00500927 3.95935 0.99915 0.0304955 -0.0277271 11.8948 
-0.0290422 -0.00230037 -0.999576 -232.955 -0.0282504 0.9996 -0.00147963 3.95021 0.999179 0.0281955 -0.0290956 11.8404 
-0.0314981 -0.00684017 -0.99948 -234.156 -0.0254971 0.999657 -0.00603784 3.93948 0.999179 0.0252937 -0.0316617 11.796 
-0.0343331 -0.00665031 -0.999388 -235.276 -0.0188191 0.999805 -0.00600656 3.92064 0.999233 0.0186014 -0.0344516 11.7462 
-0.037544 -0.0034887 -0.999289 -236.5 -0.0144854 0.999891 -0.00294657 3.91461 0.99919 0.0143645 -0.0375904 11.7043 
-0.0402661 -0.00210027 -0.999187 -237.705 -0.0117597 0.99993 -0.00162793 3.91464 0.99912 0.0116847 -0.040288 11.6515 
-0.0415134 -0.00290767 -0.999134 -238.9 -0.00937081 0.999953 -0.0025207 3.90822 0.999094 0.00925809 -0.0415387 11.553 
-0.0457076 -0.00252365 -0.998952 -240.11 -0.0085629 0.999961 -0.00213439 3.88752 0.998918 0.00845641 -0.0457275 11.5087 
-0.047643 -0.000214044 -0.998864 -241.376 -0.00827309 0.999966 0.000180324 3.86137 0.99883 0.00827233 -0.0476431 11.4099 
-0.0508929 -0.000481324 -0.998704 -242.59 -0.0083852 0.999965 -5.46298e-05 3.83896 0.998669 0.0083716 -0.0508952 11.3371 
-0.0535296 -0.00186105 -0.998565 -243.762 -0.00897211 0.999959 -0.00138269 3.81137 0.998526 0.00888526 -0.0535441 11.257 
-0.0550141 -0.00272982 -0.998482 -245 -0.0100172 0.999947 -0.0021819 3.81262 0.998435 0.00988196 -0.0550386 11.158 
-0.0565847 -0.00150403 -0.998397 -246.226 -0.0105172 0.999944 -0.000910295 3.77588 0.998342 0.0104488 -0.0565973 11.0421 
-0.059101 -0.00100904 -0.998252 -247.455 -0.0105573 0.999944 -0.000385705 3.76031 0.998196 0.0105161 -0.0591083 10.9336 
-0.0611838 -0.000528267 -0.998126 -248.731 -0.0124511 0.999922 0.00023402 3.74159 0.998049 0.0124422 -0.0611856 10.819 
-0.0632627 0.000961131 -0.997996 -249.993 -0.0141638 0.999898 0.0018608 3.72724 0.997896 0.0142531 -0.0632427 10.7238 
-0.0652503 0.00172378 -0.997867 -251.248 -0.014344 0.999894 0.00266523 3.70614 0.997766 0.0144874 -0.0652186 10.6079 
-0.0661292 0.00166835 -0.99781 -252.527 -0.0166824 0.999857 0.00277739 3.68582 0.997672 0.0168296 -0.0660919 10.498 
-0.0660944 0.00230069 -0.997811 -253.674 -0.0190274 0.999813 0.00356568 3.64633 0.997632 0.0192215 -0.0660382 10.3954 
-0.067085 0.00190369 -0.997745 -254.894 -0.0185133 0.999824 0.00315243 3.61133 0.997576 0.018683 -0.067038 10.3139 
-0.0681969 -0.00034886 -0.997672 -256.184 -0.0143831 0.999896 0.000633538 3.62366 0.997568 0.0143929 -0.0681949 10.2493 
-0.069077 -0.000402271 -0.997611 -257.437 -0.0125214 0.999922 0.000463809 3.58601 0.997533 0.0125235 -0.0690766 10.1543 
-0.068549 -0.000349829 -0.997648 -258.627 -0.0116911 0.999932 0.000452673 3.5733 0.997579 0.0116946 -0.0685484 10.0203 
-0.0685229 8.34035e-05 -0.99765 -259.845 -0.0104108 0.999946 0.000798652 3.53819 0.997595 0.0104411 -0.0685183 9.92093 
-0.0687064 0.000416338 -0.997637 -261.134 -0.00952619 0.999954 0.00107337 3.51929 0.997591 0.00957747 -0.0686993 9.82011 
-0.068306 0.00167736 -0.997663 -262.375 -0.00746174 0.99997 0.00219211 3.49166 0.997637 0.00759407 -0.0682914 9.69917 
-0.0685786 0.00295158 -0.997641 -263.603 -0.00443555 0.999985 0.00326342 3.49701 0.997636 0.00464893 -0.0685644 9.59621 
-0.0679588 0.00603108 -0.99767 -264.83 -0.00185155 0.999979 0.00617117 3.48041 0.997686 0.00226667 -0.0679463 9.47069 
-0.0676186 0.00771142 -0.997681 -266.068 -0.00140425 0.999968 0.00782427 3.47799 0.99771 0.0019301 -0.0676056 9.36646 
-0.0678056 0.00665994 -0.997676 -267.371 -0.00260246 0.999973 0.00685214 3.45478 0.997695 0.00306106 -0.0677864 9.26592 
-0.0671158 0.00536816 -0.997731 -268.573 -0.00475433 0.999972 0.00570004 3.43368 0.997734 0.00512615 -0.0670884 9.11375 
-0.0685691 0.0081954 -0.997613 -269.765 -0.0101681 0.999909 0.00891315 3.42725 0.997595 0.010755 -0.0684795 9.03862 
-0.0685071 0.0129838 -0.997566 -270.95 -0.0161585 0.99977 0.0141222 3.42811 0.99752 0.0170867 -0.0682815 8.93488 
-0.0681284 0.0122246 -0.997602 -272.214 -0.0203605 0.9997 0.0136408 3.42098 0.997469 0.021241 -0.067859 8.81371 
-0.0677584 0.00563897 -0.997686 -273.379 -0.0206407 0.999762 0.00705253 3.40449 0.997488 0.0210709 -0.0676259 8.70005 
-0.066983 9.11893e-05 -0.997754 -274.599 -0.0182841 0.999832 0.00131886 3.39118 0.997587 0.0183314 -0.0669701 8.53861 
-0.0665824 -0.00061679 -0.997781 -275.789 -0.0123072 0.999924 0.000203152 3.37694 0.997705 0.0122934 -0.066585 8.42813 
-0.0646514 0.00184882 -0.997906 -276.979 -0.00905009 0.999956 0.00243895 3.34009 0.997867 0.00918886 -0.0646319 8.27752 
-0.0622875 0.00344682 -0.998052 -278.193 -0.00893348 0.999952 0.00401092 3.32945 0.998018 0.00916595 -0.0622537 8.15495 
-0.0623775 0.00534956 -0.998038 -279.372 -0.00963521 0.999936 0.00596194 3.32182 0.998006 0.00998824 -0.062322 8.07395 
-0.0609274 0.0060481 -0.998124 -280.57 -0.0110661 0.999916 0.00673445 3.32114 0.998081 0.0114557 -0.0608553 7.96322 
-0.0593262 0.00646346 -0.998218 -281.752 -0.0120626 0.999901 0.00719127 3.31276 0.998166 0.0124678 -0.0592424 7.8332 
-0.0584135 0.00566319 -0.998276 -282.941 -0.0116342 0.999912 0.00635324 3.29705 0.998225 0.0119853 -0.0583424 7.72593 
-0.0589035 0.00349367 -0.998258 -284.194 -0.0126389 0.999911 0.00424523 3.30475 0.998184 0.012867 -0.0588541 7.64107 
-0.0583851 0.0026122 -0.998291 -285.405 -0.0129377 0.999911 0.0033731 3.28281 0.99821 0.0131125 -0.0583461 7.52605 
-0.0591746 0.00211313 -0.998245 -286.634 -0.0132478 0.999908 0.00290196 3.27098 0.99816 0.0133963 -0.0591411 7.45061 
-0.0591271 0.000908881 -0.99825 -287.841 -0.013171 0.999912 0.00169053 3.27822 0.998164 0.013248 -0.0591099 7.35345 
-0.0611315 0.00126267 -0.998129 -289.028 -0.0132072 0.999911 0.00207381 3.25557 0.998042 0.0133093 -0.0611093 7.30762 
-0.0599924 0.000536853 -0.998199 -290.284 -0.0138947 0.999903 0.00137285 3.25849 0.998102 0.0139521 -0.0599791 7.19287 
-0.0611327 -0.00168538 -0.998128 -291.513 -0.0154686 0.99988 -0.000740931 3.25566 0.99801 0.0153944 -0.0611514 7.10043 
-0.0622317 -0.00417968 -0.998053 -292.708 -0.014695 0.999887 -0.00327107 3.22999 0.997954 0.0144629 -0.0622861 7.03614 
-0.0652847 -0.00717256 -0.997841 -294.033 -0.0159716 0.999854 -0.00614207 3.19217 0.997739 0.0155361 -0.0653897 7.01266 
-0.065262 -0.00886553 -0.997829 -295.281 -0.0188553 0.999793 -0.00764977 3.1706 0.99769 0.0183152 -0.0654157 6.89439 
-0.0660896 -0.00935191 -0.99777 -296.506 -0.0214577 0.999738 -0.00794905 3.14525 0.997583 0.0208845 -0.0662729 6.80076 
-0.0677491 -0.00825475 -0.997668 -297.739 -0.0239461 0.999691 -0.00664537 3.10688 0.997415 0.02344 -0.0679258 6.72364 
-0.0704025 -0.00867613 -0.997481 -299.036 -0.027562 0.999597 -0.0067492 3.10801 0.997138 0.0270174 -0.0706133 6.67734 
-0.0702168 -0.00851107 -0.997495 -300.311 -0.0277105 0.999594 -0.00657835 3.05949 0.997147 0.0271792 -0.0704242 6.55623 
-0.0718356 -0.0110913 -0.997355 -301.549 -0.0274642 0.999581 -0.0091379 3.03838 0.997038 0.0267351 -0.0721101 6.47982 
-0.0752758 -0.012599 -0.997083 -302.851 -0.0258724 0.999608 -0.0106776 2.99357 0.996827 0.0249932 -0.0755723 6.44146 
