1 2.12261e-08 -2.11895e-08 0 2.12261e-08 1 2.10703e-08 0 -2.11895e-08 2.10703e-08 1 0 
0.999941 -0.00239272 0.0105963 0.0234818 0.00237515 0.999996 0.00167367 -0.0160362 -0.0106003 -0.00164836 0.999942 0.267002 
0.999863 -0.00353346 0.0161484 0.0377861 0.00350362 0.999992 0.00187844 -0.0199951 -0.016155 -0.00182157 0.999868 0.530555 
0.999858 -0.00653758 0.0155563 0.0976731 0.0065332 0.999979 0.00033482 -0.0182259 -0.0155582 -0.000233098 0.999879 0.806176 
0.999849 -0.0149941 0.00881946 0.0943544 0.0150412 0.999873 -0.0053009 -0.0123027 -0.0087389 0.00543279 0.999947 0.923792 
0.999845 -0.0176173 0.000581845 0.1182 0.0176207 0.999825 -0.00636292 -0.0235435 -0.000469687 0.00637223 0.99998 1.22414 
0.999754 -0.0184075 -0.0123483 0.123144 0.0183018 0.999795 -0.00862113 -0.0187267 0.0125045 0.00839306 0.999887 1.56908 
0.999421 -0.017008 -0.0294818 0.114251 0.0167093 0.999807 -0.0103501 -0.00384964 0.0296521 0.00985149 0.999512 1.93025 
0.998743 -0.0134977 -0.0482695 0.040519 0.0129993 0.999859 -0.0106256 -0.0110111 0.0484061 0.00998478 0.998778 2.23416 
0.997639 -0.0104743 -0.0678684 -0.0191818 0.0096344 0.999873 -0.0126911 -0.0112182 0.0679927 0.0120073 0.997614 2.5924 
0.995849 -0.0106359 -0.0904026 -0.0204073 0.00946278 0.999866 -0.0133963 -0.0128672 0.0905328 0.0124853 0.995815 2.96965 
0.993459 -0.012441 -0.113513 -0.0395443 0.0111198 0.999863 -0.0122654 -0.0252494 0.11365 0.0109229 0.993461 3.36972 
0.991133 -0.0140397 -0.132134 -0.127085 0.0127043 0.999859 -0.0109447 -0.0505429 0.132269 0.00916905 0.991172 3.7548 
0.988679 -0.0138865 -0.149404 -0.213853 0.0123591 0.999862 -0.011147 -0.0524604 0.149538 0.0091744 0.988713 4.13943 
0.986416 -0.0125964 -0.163782 -0.321247 0.011114 0.999889 -0.00996402 -0.0680593 0.163889 0.00800843 0.986446 4.53538 
0.984252 -0.0121231 -0.176357 -0.436514 0.0104755 0.999892 -0.0102704 -0.0788165 0.176462 0.00826131 0.984273 4.94122 
0.981763 -0.0144718 -0.189559 -0.504151 0.0127672 0.999866 -0.0102105 -0.109529 0.189682 0.00760418 0.981816 5.37535 
0.980184 -0.0186033 -0.197214 -0.626055 0.0164981 0.999788 -0.0123126 -0.11752 0.197401 0.00881503 0.980283 5.80692 
0.97834 -0.0184355 -0.206183 -0.724064 0.0160802 0.999785 -0.0130934 -0.14529 0.20638 0.00949442 0.978426 6.27286 
0.976758 -0.0179964 -0.213588 -0.852854 0.0151832 0.999775 -0.0148046 -0.154038 0.213806 0.0112176 0.976812 6.72977 
0.975133 -0.0186444 -0.220837 -0.996463 0.0152745 0.99974 -0.0169578 -0.17185 0.221096 0.013163 0.975163 7.18718 
0.973057 -0.0212962 -0.229577 -1.10899 0.0171186 0.99965 -0.0201737 -0.165298 0.229927 0.0157001 0.973081 7.71051 
0.970674 -0.0271774 -0.23886 -1.221 0.0234752 0.999556 -0.0183314 -0.238559 0.239252 0.0121866 0.970881 8.22952 
0.969183 -0.0303985 -0.244459 -1.50645 0.0260846 0.999442 -0.0208656 -0.23043 0.244957 0.013846 0.969435 8.81185 
0.96741 -0.0171163 -0.252635 -1.60939 0.0106357 0.999579 -0.0269956 -0.304828 0.25299 0.0234289 0.967185 9.27008 
0.964967 -0.0150061 -0.261943 -1.78047 0.00776127 0.999559 -0.0286708 -0.335943 0.262257 0.0256334 0.964657 9.80476 
0.962872 -0.0156746 -0.269504 -1.96002 0.00757559 0.999489 -0.0310656 -0.364525 0.269854 0.0278706 0.962498 10.3438 
0.960611 -0.0184829 -0.277282 -2.15747 0.00972884 0.999411 -0.0329137 -0.396608 0.277727 0.0289197 0.960225 10.9176 
0.95816 -0.0170678 -0.285724 -2.33365 0.00771378 0.999398 -0.0338318 -0.458683 0.28613 0.0302123 0.957715 11.4888 
0.955846 -0.0162053 -0.293422 -2.54323 0.00552293 0.999293 -0.0371984 -0.48228 0.293817 0.0339354 0.955259 12.0519 
0.953809 -0.0168324 -0.299943 -2.79679 0.00425388 0.999086 -0.0425403 -0.508209 0.300384 0.0392994 0.953008 12.6393 
0.952317 -0.0236903 -0.304189 -3.14149 0.00888954 0.998712 -0.0499497 -0.510625 0.304981 0.0448639 0.951301 13.3395 
0.951298 -0.0261901 -0.307158 -3.39168 0.00879076 0.998284 -0.0578937 -0.533378 0.308147 0.0523741 0.949896 13.9504 
0.94965 -0.0254623 -0.312278 -3.57314 0.00473995 0.997746 -0.0669392 -0.573171 0.313278 0.0620886 0.94763 14.5655 
0.948304 -0.0238579 -0.316467 -3.81542 -0.000215586 0.997122 -0.0758176 -0.637849 0.317364 0.0719663 0.945569 15.2218 
0.946826 -0.0224188 -0.320965 -4.0679 -0.00442606 0.996568 -0.0826653 -0.700707 0.321716 0.0796903 0.943477 15.8933 
0.945489 -0.0248639 -0.324703 -4.39364 -0.00472647 0.995928 -0.0900252 -0.720537 0.32562 0.0866526 0.941522 16.5937 
0.943969 -0.0229077 -0.32924 -4.6423 -0.00933022 0.995337 -0.0960041 -0.788723 0.329904 0.0936968 0.939353 17.2352 
0.942293 -0.0211105 -0.334124 -4.95521 -0.0138379 0.994701 -0.101872 -0.853271 0.334504 0.100617 0.937008 17.9431 
0.940598 -0.0174045 -0.339077 -5.26843 -0.0193496 0.994314 -0.104713 -0.948119 0.338971 0.105054 0.934913 18.6629 
0.939032 -0.0152494 -0.343493 -5.64349 -0.0229721 0.994001 -0.106929 -1.03027 0.343063 0.108301 0.933048 19.4232 
0.936392 -0.0162994 -0.350577 -5.87618 -0.0227896 0.993989 -0.107085 -1.09218 0.350215 0.108263 0.930392 20.1079 
0.93419 -0.0155009 -0.356438 -6.19199 -0.0239898 0.994066 -0.106105 -1.16913 0.355967 0.107674 0.928275 20.8362 
0.931465 -0.0163372 -0.363464 -6.50356 -0.0237015 0.994145 -0.105426 -1.23594 0.363058 0.106816 0.925624 21.5678 
0.928445 -0.0151393 -0.371162 -6.83368 -0.0249078 0.994383 -0.102865 -1.31478 0.370635 0.10475 0.922853 22.2845 
0.925186 -0.0148416 -0.379224 -7.32191 -0.0247386 0.994751 -0.0992858 -1.35752 0.378707 0.101239 0.919963 23.1676 
0.921829 -0.0147177 -0.387317 -7.76242 -0.0241518 0.995156 -0.0952973 -1.40775 0.386843 0.0972023 0.917008 23.9989 
0.918177 -0.013173 -0.395952 -8.16745 -0.0255655 0.995394 -0.0924001 -1.4551 0.395345 0.0949624 0.913611 24.7874 
0.914404 -0.0130718 -0.404591 -8.56838 -0.0262338 0.995464 -0.0914525 -1.52364 0.403952 0.0942385 0.909913 25.5667 
0.911436 -0.0122434 -0.41126 -9.15676 -0.028226 0.995342 -0.0921863 -1.59326 0.410473 0.0956301 0.906845 26.4434 
0.907563 -0.0126442 -0.419725 -9.56959 -0.0281161 0.995474 -0.0907837 -1.68312 0.418973 0.0941931 0.9031 27.2401 
0.903822 -0.0150111 -0.427645 -10.0648 -0.0255337 0.995712 -0.0889165 -1.73462 0.427146 0.0912841 0.899563 28.0829 
0.899969 -0.0193749 -0.435523 -10.481 -0.0205498 0.996016 -0.0867736 -1.79094 0.435469 0.0870435 0.895986 28.8685 
0.89655 -0.0178924 -0.442581 -10.9478 -0.0210716 0.99633 -0.0829646 -1.88222 0.442441 0.0837078 0.892883 29.6743 
0.893424 -0.0116375 -0.449064 -11.4614 -0.0260008 0.996649 -0.0775575 -1.99316 0.448461 0.0809678 0.890127 30.5038 
0.889765 -0.0105519 -0.456297 -12.0058 -0.0262615 0.996893 -0.0742624 -2.07571 0.455663 0.0780592 0.886723 31.3704 
0.886948 -0.0141677 -0.461652 -12.5307 -0.0213638 0.997201 -0.0716484 -2.13602 0.461375 0.0734111 0.884163 32.2068 
0.884414 -0.0139874 -0.466494 -13.0595 -0.0222296 0.997154 -0.0720432 -2.19775 0.466174 0.074086 0.881586 33.0448 
0.882038 -0.0158981 -0.470909 -13.6101 -0.0197193 0.997309 -0.0706049 -2.25177 0.470765 0.0715623 0.879352 33.8998 
0.878661 -0.0170639 -0.477142 -14.1235 -0.0186493 0.997372 -0.0700117 -2.32751 0.477082 0.070415 0.876033 34.7735 
0.876702 -0.0126646 -0.480867 -14.6087 -0.0242772 0.997215 -0.0705251 -2.42124 0.480421 0.0735037 0.873953 35.577 
0.874507 -0.0161468 -0.484743 -15.1771 -0.0218211 0.997124 -0.0725809 -2.44847 0.484521 0.0740503 0.87164 36.4925 
0.873487 -0.0139157 -0.486648 -15.7247 -0.0255397 0.996905 -0.0743479 -2.51333 0.486177 0.0773708 0.870429 37.3543 
0.873125 -0.0148493 -0.48727 -16.2985 -0.0245151 0.996934 -0.0743091 -2.57898 0.486879 0.0768266 0.870084 38.2586 
0.873752 -0.0132149 -0.486192 -16.8629 -0.0250522 0.997081 -0.0721231 -2.67282 0.485726 0.075198 0.870871 39.118 
0.873368 -0.0148963 -0.486834 -17.38 -0.0227622 0.997192 -0.0713473 -2.74611 0.486529 0.0733939 0.870576 40.0059 
0.873114 -0.0165903 -0.487233 -17.9715 -0.0222351 0.997026 -0.0737937 -2.80182 0.487008 0.0752641 0.870148 40.9487 
0.87153 -0.0188827 -0.489978 -18.4379 -0.0200295 0.997053 -0.0740511 -2.89288 0.489933 0.0743518 0.868584 41.8407 
0.870614 -0.0178717 -0.491641 -19.0599 -0.0207316 0.99712 -0.0729587 -2.97777 0.491529 0.0737115 0.867736 42.794 
0.869124 -0.016952 -0.494305 -19.6222 -0.0196017 0.997447 -0.0686723 -3.06632 0.494207 0.069374 0.866572 43.6845 
0.865991 -0.0176059 -0.499749 -20.2005 -0.0176651 0.997679 -0.0657588 -3.12124 0.499747 0.0657747 0.86367 44.6599 
0.862153 -0.0171448 -0.506358 -20.7856 -0.0177425 0.997793 -0.0639937 -3.21133 0.506338 0.0641564 0.859945 45.5898 
0.857072 -0.0222919 -0.514714 -21.3469 -0.0139087 0.997698 -0.0663697 -3.2769 0.515009 0.0640427 0.854789 46.4835 
0.852664 -0.0264352 -0.52179 -22.1137 -0.0123254 0.997423 -0.0706732 -3.3351 0.522314 0.0666919 0.850141 47.4115 
0.846372 -0.0290268 -0.531801 -22.6855 -0.0101516 0.997453 -0.0705997 -3.38961 0.532496 0.0651523 0.843921 48.2817 
0.840211 -0.0251933 -0.541674 -23.2656 -0.0124016 0.997766 -0.0656429 -3.47084 0.542118 0.0618715 0.838022 49.1859 
0.835613 -0.0211941 -0.54891 -23.9086 -0.0146924 0.998036 -0.0609018 -3.55761 0.549123 0.0589552 0.83366 50.0767 
0.832628 -0.019015 -0.553506 -24.5268 -0.018805 0.997864 -0.0625684 -3.64359 0.553513 0.062505 0.830492 50.9093 
0.830523 -0.0217394 -0.55656 -25.1609 -0.0183877 0.997623 -0.0664065 -3.73425 0.556681 0.065386 0.828149 51.7373 
0.82819 -0.0255084 -0.559867 -25.8376 -0.0199307 0.996991 -0.0749073 -3.7916 0.560093 0.0731961 0.82519 52.6101 
0.825976 -0.0277729 -0.563021 -26.5055 -0.0189009 0.99686 -0.0769019 -3.86338 0.563389 0.0741608 0.822857 53.4669 
0.821827 -0.024615 -0.569206 -27.0562 -0.0206605 0.997122 -0.07295 -3.96305 0.569363 0.0717124 0.818953 54.3377 
0.8194 -0.0220317 -0.572799 -27.6807 -0.0214105 0.997388 -0.0689911 -4.02804 0.572822 0.0687953 0.816788 55.1632 
0.816563 -0.0197153 -0.57692 -28.3125 -0.0221774 0.997607 -0.0654812 -4.11143 0.57683 0.0662642 0.814172 56.0202 
0.812687 -0.0211667 -0.582316 -28.8972 -0.0208794 0.997641 -0.065403 -4.19144 0.582327 0.0653106 0.810327 56.867 
0.809768 -0.0226918 -0.586312 -29.5579 -0.0210965 0.99748 -0.0677419 -4.27334 0.586371 0.0672243 0.807248 57.7109 
0.804857 -0.02694 -0.592858 -30.134 -0.0184312 0.997353 -0.0703426 -4.36022 0.593183 0.0675428 0.802229 58.5412 
0.800782 -0.0286451 -0.598271 -30.9019 -0.0181853 0.997232 -0.0720883 -4.423 0.59868 0.0686068 0.798045 59.4505 
0.796777 -0.0290858 -0.603574 -31.594 -0.0171344 0.997352 -0.0706808 -4.52135 0.604031 0.0666587 0.794168 60.2931 
0.791752 -0.029776 -0.610117 -32.2666 -0.0166662 0.997386 -0.0703041 -4.60211 0.610616 0.0658318 0.789186 61.1558 
0.786462 -0.0298478 -0.616918 -32.9709 -0.0181328 0.997285 -0.0713669 -4.70442 0.617373 0.0673138 0.783785 62.0101 
0.780655 -0.0325397 -0.624114 -33.679 -0.0161315 0.997262 -0.0721723 -4.79816 0.624753 0.0664096 0.777993 62.8819 
0.776176 -0.0324239 -0.629682 -34.4474 -0.0176016 0.997173 -0.0730435 -4.89276 0.630271 0.0677781 0.773411 63.7042 
0.770796 -0.0341333 -0.636167 -35.2229 -0.0168063 0.997127 -0.0738635 -4.98845 0.63686 0.0676254 0.768008 64.5707 
0.764122 -0.035447 -0.644097 -35.9135 -0.0163414 0.997105 -0.0742609 -5.09473 0.644865 0.0672699 0.761331 65.4073 
0.758607 -0.0354034 -0.650586 -36.7056 -0.0169783 0.997109 -0.0740577 -5.20029 0.651328 0.0672266 0.755813 66.2437 
0.75334 -0.0353802 -0.656679 -37.555 -0.0161905 0.997251 -0.0723032 -5.29038 0.657432 0.0651009 0.750697 67.0743 
0.748364 -0.0338533 -0.662424 -38.3771 -0.0187346 0.997219 -0.0721282 -5.39834 0.663024 0.0663884 0.745648 67.8835 
0.742079 -0.0336918 -0.669465 -39.1453 -0.019808 0.997198 -0.0721419 -5.52535 0.67002 0.0667958 0.739332 68.6982 
0.737261 -0.0327128 -0.674816 -40 -0.0243922 0.996887 -0.0749751 -5.63514 0.675168 0.0717365 0.734168 69.5048 
0.732549 -0.036852 -0.679716 -40.9024 -0.0186062 0.997076 -0.0741107 -5.68192 0.68046 0.0669367 0.729721 70.332 
0.72737 -0.039345 -0.685117 -41.836 -0.015355 0.997172 -0.0735678 -5.75385 0.686074 0.064031 0.724709 71.2003 
0.722976 -0.0395265 -0.689741 -42.7274 -0.0156902 0.997165 -0.0735901 -5.8405 0.690695 0.0640261 0.720307 72.0379 
0.719477 -0.0387232 -0.693436 -43.5551 -0.0181271 0.997057 -0.074486 -5.95765 0.69428 0.066161 0.716658 72.8138 
0.713167 -0.0413734 -0.699772 -44.3512 -0.0184892 0.996799 -0.077778 -6.04661 0.70075 0.068407 0.71012 73.642 
0.708157 -0.0443265 -0.704662 -45.2182 -0.017741 0.996595 -0.0805194 -6.14626 0.705832 0.0695219 0.70496 74.4626 
0.703497 -0.0445436 -0.709301 -46.0802 -0.0194462 0.996454 -0.0818637 -6.24775 0.710432 0.0713842 0.700136 75.2622 
0.697953 -0.0463273 -0.714644 -46.925 -0.0165928 0.996591 -0.08081 -6.33732 0.715951 0.0682596 0.694805 76.084 
0.692742 -0.0472021 -0.71964 -47.804 -0.0153409 0.996666 -0.08014 -6.43189 0.721023 0.0665563 0.689707 76.896 
0.687981 -0.0485771 -0.724102 -48.6939 -0.0146721 0.996622 -0.0807996 -6.53715 0.725581 0.0662127 0.684944 77.6955 
0.683246 -0.0493295 -0.72852 -49.5596 -0.0156957 0.996493 -0.0821947 -6.63176 0.730019 0.0675939 0.680076 78.4925 
0.679392 -0.0502621 -0.732052 -50.4233 -0.0150012 0.996491 -0.0823405 -6.73088 0.733622 0.0669232 0.676254 79.2378 
0.675481 -0.0516014 -0.735569 -51.3094 -0.0154081 0.996343 -0.0840445 -6.80094 0.737216 0.0681043 0.672216 80.0166 
0.670916 -0.0553988 -0.739461 -52.2223 -0.0125963 0.99621 -0.0860625 -6.89811 0.741426 0.0670552 0.667676 80.8354 
0.667002 -0.0608648 -0.742566 -53.1426 -0.00820054 0.995998 -0.0890035 -7.01211 0.745011 0.065455 0.663833 81.5969 
0.663123 -0.0647046 -0.745709 -54.0747 -0.00441528 0.995901 -0.09034 -7.13146 0.748498 0.063199 0.660119 82.3395 
0.65616 -0.0698105 -0.751385 -55.0067 0.00108616 0.995798 -0.0915702 -7.21628 0.754621 0.0592687 0.653479 83.1291 
0.648843 -0.0734941 -0.757365 -55.9721 0.00513175 0.995725 -0.092228 -7.33741 0.760905 0.055955 0.646446 83.8704 
0.64036 -0.0748252 -0.764421 -56.8872 0.0079191 0.995834 -0.090843 -7.4638 0.768034 0.0521188 0.638285 84.617 
0.632332 -0.074068 -0.771148 -57.8902 0.00878732 0.996041 -0.0884631 -7.58848 0.774647 0.0491618 0.63048 85.3591 
0.623959 -0.0732494 -0.778017 -58.8743 0.00607237 0.996022 -0.0889043 -7.71937 0.781434 0.0507483 0.621921 86.0868 
0.615242 -0.0758007 -0.784685 -59.894 0.00577241 0.995773 -0.0916659 -7.81826 0.788317 0.0518673 0.613079 86.8186 
0.605845 -0.0774932 -0.7918 -60.9205 0.00501438 0.995597 -0.0936021 -7.95598 0.795567 0.052738 0.603566 87.5564 
0.59612 -0.0798765 -0.798912 -62.0159 0.00598893 0.995454 -0.0950583 -8.08641 0.802873 0.0518816 0.593888 88.3106 
0.589255 -0.0795853 -0.804018 -63.2888 0.00646041 0.995569 -0.0938112 -8.24693 0.807921 0.0500845 0.587159 89.0029 
0.580609 -0.0794333 -0.810298 -64.3896 0.00583507 0.99561 -0.0934183 -8.38406 0.814162 0.0495114 0.578524 89.6971 
0.570903 -0.0799104 -0.817119 -65.3974 0.004952 0.995569 -0.0939021 -8.50793 0.821002 0.0495627 0.568769 90.3741 
0.56135 -0.0808754 -0.823617 -66.4443 0.00343608 0.995433 -0.0954051 -8.63427 0.827571 0.0507257 0.559064 91.0396 
0.552755 -0.0814645 -0.829352 -67.5153 0.000884326 0.995267 -0.0971724 -8.7635 0.833343 0.0529792 0.550211 91.684 
0.543543 -0.0825304 -0.835314 -68.6426 -0.000462244 0.995125 -0.0986207 -8.90599 0.839381 0.0539907 0.540855 92.3526 
0.535652 -0.0825857 -0.840391 -69.811 -0.00203234 0.995077 -0.0990822 -9.04334 0.844437 0.0547816 0.532847 93.0001 
0.527418 -0.0810625 -0.84573 -70.8861 -0.00240389 0.995292 -0.096897 -9.17007 0.849602 0.0531384 0.52474 93.6089 
0.520209 -0.0793907 -0.850341 -71.9917 -0.00186335 0.995562 -0.094089 -9.30298 0.854037 0.0505305 0.517752 94.2307 
0.513344 -0.0795119 -0.854492 -73.1527 -0.00234903 0.995565 -0.0940502 -9.44405 0.85818 0.0502874 0.510881 94.8593 
0.507001 -0.0811825 -0.858114 -74.2559 -0.00374042 0.995338 -0.0963747 -9.59085 0.861937 0.0520718 0.504334 95.4555 
0.499896 -0.0846493 -0.861939 -75.3934 -0.00116611 0.995146 -0.0984076 -9.73934 0.866085 0.0501988 0.497371 96.0939 
0.494984 -0.0869479 -0.864541 -76.5855 -0.00125614 0.994908 -0.100778 -9.88789 0.868901 0.0509697 0.492355 96.694 
0.492131 -0.089972 -0.865859 -77.8221 -0.000858981 0.994594 -0.103837 -10.0499 0.870521 0.0518454 0.489394 97.2599 
0.487198 -0.0912944 -0.868506 -78.9111 0.000325582 0.99454 -0.10436 -10.1791 0.873291 0.0505613 0.484568 97.8564 
0.484393 -0.0869723 -0.870517 -80.0713 0.00129821 0.995117 -0.0986985 -10.3743 0.874849 0.0466788 0.482141 98.4274 
0.481924 -0.0840804 -0.87217 -81.2473 0.00127489 0.995452 -0.0952608 -10.5325 0.876212 0.0447966 0.479839 98.9897 
0.480558 -0.0826928 -0.873055 -82.4398 0.00175053 0.995633 -0.0933394 -10.6901 0.876961 0.0433268 0.478604 99.531 
0.478569 -0.0831885 -0.8741 -83.5671 0.00410901 0.995703 -0.0925118 -10.8201 0.87804 0.0406817 0.476854 100.085 
0.477889 -0.0824059 -0.874546 -84.7576 0.00520844 0.995838 -0.0909888 -10.9598 0.878405 0.0389276 0.476329 100.643 
0.475488 -0.0806351 -0.876019 -85.8169 0.00579061 0.996056 -0.0885411 -11.1192 0.879703 0.0370276 0.474079 101.22 
0.473567 -0.0815927 -0.87697 -86.9372 0.00875463 0.996087 -0.0879476 -11.2652 0.880714 0.0339716 0.472428 101.784 
0.471116 -0.0824625 -0.878208 -87.9294 0.0120282 0.996129 -0.0870826 -11.3828 0.881989 0.0304627 0.470284 102.284 
0.469574 -0.0810001 -0.87917 -88.9935 0.0143905 0.996353 -0.0841103 -11.5226 0.882776 0.0268443 0.469027 102.825 
0.468162 -0.0817025 -0.879858 -90.0627 0.0167369 0.996358 -0.0836151 -11.6164 0.883484 0.0244194 0.467824 103.358 
0.467517 -0.0825998 -0.880116 -91.1476 0.0187041 0.996326 -0.0835706 -11.7515 0.883786 0.022609 0.467345 103.865 
0.466762 -0.0842075 -0.880365 -92.2158 0.020941 0.99623 -0.0841873 -11.8774 0.884135 0.0208597 0.466765 104.392 
0.466525 -0.0846285 -0.88045 -93.2795 0.0210107 0.996192 -0.0846206 -12.0182 0.884258 0.0209788 0.466527 104.925 
0.466861 -0.0843632 -0.880298 -94.2784 0.019058 0.996168 -0.0853603 -12.139 0.884126 0.0230747 0.466679 105.432 
0.471027 -0.0837507 -0.878134 -95.3595 0.0167193 0.996152 -0.0860382 -12.259 0.881961 0.0258446 0.470614 105.916 
0.476165 -0.0834514 -0.875387 -96.3843 0.0134437 0.996061 -0.0876427 -12.3826 0.879253 0.029964 0.475411 106.425 
0.481421 -0.0843026 -0.872426 -97.3768 0.0146686 0.995999 -0.0881491 -12.5102 0.876367 0.0296396 0.480731 106.931 
0.487193 -0.0856601 -0.869083 -98.4136 0.0146793 0.99584 -0.0899249 -12.6004 0.873171 0.0310533 0.486424 107.469 
0.492682 -0.0842355 -0.866123 -99.3384 0.0137225 0.995932 -0.0890544 -12.7142 0.870101 0.0319902 0.491834 108.027 
0.501894 -0.0842304 -0.860818 -100.371 0.0137913 0.9959 -0.0894072 -12.823 0.864819 0.0330012 0.500998 108.551 
0.512245 -0.0823141 -0.854886 -101.364 0.0119971 0.995985 -0.0887115 -12.9521 0.858755 0.035186 0.511176 109.087 
0.522538 -0.0833505 -0.848532 -102.333 0.0129497 0.995871 -0.0898489 -13.0467 0.852518 0.0359612 0.52146 109.639 
0.531888 -0.0856139 -0.842476 -103.283 0.014716 0.99566 -0.09189 -13.1624 0.846687 0.0364773 0.53084 110.203 
0.542909 -0.0870884 -0.835264 -104.24 0.0136789 0.995394 -0.0948933 -13.2885 0.83968 0.040093 0.5416 110.766 
0.553972 -0.0885782 -0.82781 -105.185 0.0130355 0.995125 -0.0977581 -13.3988 0.832434 0.0433643 0.552425 111.36 
0.565744 -0.088871 -0.819778 -106.069 0.0131611 0.995022 -0.0987863 -13.4841 0.824476 0.0450986 0.564097 111.937 
0.579571 -0.0843138 -0.810548 -106.978 0.0108129 0.995341 -0.0958046 -13.6341 0.81485 0.0467612 0.577783 112.515 
0.592598 -0.0818471 -0.801329 -107.911 0.0114199 0.995578 -0.0932423 -13.7769 0.805417 0.0461042 0.590913 113.123 
0.602942 -0.0811213 -0.79365 -108.736 0.0114544 0.995595 -0.0930606 -13.8825 0.797703 0.0470195 0.601215 113.759 
0.614727 -0.0825014 -0.784413 -109.596 0.0124598 0.995406 -0.0949283 -13.9842 0.788641 0.0485815 0.612931 114.375 
0.626287 -0.0811526 -0.775357 -110.509 0.0121056 0.99546 -0.0944114 -14.1414 0.779499 0.0497425 0.624426 115.024 
0.636325 -0.0848402 -0.766742 -111.331 0.0177859 0.995283 -0.0953678 -14.2593 0.771216 0.0470478 0.634832 115.682 
0.64831 -0.0846678 -0.756654 -112.218 0.0186442 0.995265 -0.0953933 -14.3728 0.761148 0.0477373 0.646819 116.337 
0.659892 -0.0805129 -0.747034 -113.04 0.01565 0.995499 -0.0934673 -14.4969 0.751197 0.0499873 0.658182 116.992 
0.669791 -0.0788491 -0.738351 -113.804 0.0178385 0.995768 -0.0901567 -14.6024 0.742335 0.0472151 0.668363 117.625 
0.678936 -0.0785409 -0.729984 -114.581 0.0183594 0.995767 -0.0900617 -14.6902 0.733968 0.0477442 0.677504 118.329 
0.688933 -0.0777526 -0.720643 -115.32 0.0175668 0.995729 -0.0906387 -14.8116 0.724612 0.0497846 0.687356 118.997 
0.697954 -0.0771044 -0.71198 -116.05 0.0153637 0.99557 -0.0927551 -14.8971 0.715978 0.0538003 0.696047 119.677 
0.707208 -0.0772258 -0.702776 -116.778 0.0162947 0.995533 -0.0929985 -14.9967 0.706818 0.0543177 0.705307 120.358 
0.715189 -0.0744213 -0.694958 -117.48 0.0153029 0.995744 -0.0908834 -15.1055 0.698764 0.0543639 0.713284 121.041 
0.723275 -0.072291 -0.686766 -118.153 0.0159127 0.995986 -0.0880817 -15.2215 0.690377 0.052779 0.721522 121.735 
0.730862 -0.0713999 -0.67878 -118.812 0.0156883 0.996008 -0.0878766 -15.3219 0.682344 0.0535768 0.729065 122.425 
0.737867 -0.071639 -0.671134 -119.447 0.0161233 0.995938 -0.0885833 -15.3893 0.674754 0.0545419 0.736025 123.104 
0.745183 -0.0715257 -0.663013 -120.097 0.0165949 0.995912 -0.0887872 -15.4825 0.666653 0.0551601 0.743324 123.795 
0.752343 -0.0690841 -0.65514 -120.784 0.0159132 0.996102 -0.086764 -15.5592 0.65858 0.0548509 0.750509 124.518 
0.759323 -0.0655143 -0.647408 -121.377 0.0150905 0.996424 -0.0831339 -15.6683 0.650539 0.0533558 0.757596 125.204 
0.766555 -0.0653511 -0.638845 -122.051 0.0151706 0.996374 -0.0837216 -15.7377 0.641999 0.0544857 0.764767 125.935 
0.773569 -0.0644914 -0.630421 -122.626 0.0147355 0.99637 -0.083846 -15.8286 0.63354 0.0555712 0.771712 126.606 
0.781416 -0.0619939 -0.620923 -123.239 0.0133522 0.996486 -0.0826872 -15.9193 0.623867 0.0563225 0.779498 127.28 
0.791038 -0.0582845 -0.608984 -123.909 0.0132436 0.996849 -0.0782035 -16.0781 0.611624 0.0537969 0.789318 127.989 
0.800497 -0.0563763 -0.596679 -124.511 0.013687 0.997026 -0.0758402 -16.1287 0.59918 0.0525431 0.798888 128.665 
0.810148 -0.0536471 -0.583766 -125.03 0.0114759 0.997064 -0.0757023 -16.2027 0.586114 0.0546309 0.808385 129.333 
0.820146 -0.0529466 -0.569699 -125.536 0.0112359 0.997007 -0.0764845 -16.2697 0.572044 0.0563275 0.818287 129.945 
0.829682 -0.053478 -0.555669 -126.049 0.0114385 0.99682 -0.0788556 -16.3254 0.558119 0.0590691 0.827656 130.629 
0.838288 -0.0530009 -0.542646 -126.447 0.0122843 0.996847 -0.0783863 -16.3931 0.54509 0.0590443 0.836296 131.225 
0.848481 -0.0503013 -0.52683 -126.691 0.0117066 0.997013 -0.0763401 -16.4519 0.529097 0.0586058 0.846535 131.582 
0.858263 -0.049066 -0.51086 -127.173 0.0133415 0.997216 -0.0733644 -16.5198 0.513037 0.0561504 0.856528 132.239 
0.866649 -0.047639 -0.496639 -127.59 0.014146 0.997377 -0.0709862 -16.5928 0.498718 0.0544947 0.865049 132.932 
0.873897 -0.0483428 -0.483701 -128.048 0.0169226 0.997465 -0.0691162 -16.6568 0.485816 0.052215 0.8725 133.759 
0.880325 -0.048833 -0.471851 -128.413 0.019355 0.997557 -0.0671291 -16.7223 0.473977 0.0499628 0.879119 134.468 
0.886514 -0.0488461 -0.460116 -128.827 0.0204439 0.997576 -0.0665137 -16.7622 0.462249 0.0495588 0.885364 135.235 
0.893215 -0.0475265 -0.447111 -129.194 0.0205754 0.997677 -0.0649455 -16.8394 0.449159 0.0488109 0.892118 135.832 
0.898984 -0.0476933 -0.435378 -129.587 0.0214646 0.997657 -0.0649671 -16.898 0.437456 0.0490592 0.8979 136.571 
0.904963 -0.0482255 -0.422748 -129.909 0.022475 0.997587 -0.0656895 -16.9035 0.424896 0.0499453 0.903864 137.199 
0.91031 -0.0481042 -0.411123 -130.217 0.0233001 0.997604 -0.0651356 -16.9565 0.413271 0.0497144 0.90925 137.9 
0.915547 -0.0493389 -0.399172 -130.518 0.0250445 0.997515 -0.0658536 -16.997 0.40143 0.0502951 0.914508 138.58 
0.919871 -0.0518131 -0.388785 -130.925 0.0280275 0.997386 -0.0666076 -17.0501 0.39122 0.0503737 0.918918 139.401 
0.923713 -0.0533206 -0.379356 -131.29 0.0301195 0.997309 -0.0668381 -17.1183 0.381899 0.0503133 0.922834 140.183 
0.9274 -0.0517057 -0.370481 -131.654 0.0294806 0.997423 -0.0654075 -17.192 0.372908 0.049737 0.926534 140.916 
0.9301 -0.0529806 -0.363464 -132.046 0.0322238 0.997497 -0.0629405 -17.2314 0.365889 0.0468288 0.92948 141.738 
0.932877 -0.0487378 -0.356882 -132.488 0.0292937 0.997787 -0.0596908 -17.2858 0.359002 0.0452298 0.93224 142.688 
0.940188 -0.0439805 -0.337806 -132.888 0.0266541 0.998088 -0.0557616 -17.3475 0.339613 0.0434225 0.939562 143.021 
0.94465 -0.0424559 -0.325323 -133.344 0.0260335 0.998165 -0.0546702 -17.356 0.327047 0.0431749 0.944021 143.753 
0.947897 -0.0419146 -0.315807 -133.689 0.0272351 0.99834 -0.0507557 -17.4338 0.31741 0.0395102 0.947465 144.56 
0.950241 -0.0427435 -0.308568 -134.037 0.0291027 0.998391 -0.048677 -17.4526 0.310152 0.0372748 0.949956 145.511 
0.95328 -0.0439176 -0.298878 -134.396 0.0307729 0.998347 -0.0485476 -17.4564 0.300516 0.0370821 0.953056 146.395 
0.956242 -0.0440706 -0.289238 -134.709 0.0315489 0.998358 -0.0478147 -17.5087 0.29087 0.0365973 0.956062 147.282 
0.960027 -0.0456071 -0.276166 -135.046 0.0334942 0.998265 -0.0484227 -17.5438 0.277895 0.0372372 0.95989 148.116 
0.963026 -0.0477921 -0.265135 -135.248 0.0362114 0.998172 -0.048399 -17.6045 0.266963 0.0370087 0.962996 148.934 
0.96595 -0.0499078 -0.253871 -135.532 0.0386213 0.998039 -0.0492521 -17.6446 0.255831 0.0377703 0.965983 149.89 
0.969093 -0.0509814 -0.24137 -135.726 0.0398034 0.997907 -0.0509655 -17.6876 0.243463 0.0397831 0.969094 150.748 
0.971889 -0.0516309 -0.229711 -135.968 0.0406564 0.997806 -0.0522579 -17.7236 0.231905 0.0414497 0.971855 151.771 
0.975625 -0.0507533 -0.213494 -136.165 0.0403841 0.997796 -0.0526556 -17.7331 0.215696 0.0427504 0.975524 152.796 
0.979697 -0.0497069 -0.194223 -136.381 0.0405198 0.997877 -0.0509944 -17.7427 0.196345 0.0420893 0.979631 153.758 
0.984117 -0.0483283 -0.170819 -136.651 0.0403189 0.997932 -0.0500523 -17.7528 0.172885 0.0423701 0.98403 154.63 
0.988287 -0.0481602 -0.144806 -136.905 0.0412952 0.997893 -0.0500476 -17.7529 0.146911 0.0434817 0.988194 155.417 
0.99128 -0.0459045 -0.123522 -136.927 0.0406604 0.998175 -0.0446479 -17.9101 0.125346 0.0392362 0.991337 155.778 
0.993293 -0.0481203 -0.105134 -136.992 0.0439909 0.99818 -0.0412514 -17.9513 0.106927 0.0363499 0.993602 156.866 
0.995387 -0.0481744 -0.0829733 -137.099 0.0453296 0.998329 -0.0358369 -18.0163 0.084561 0.0319104 0.995907 157.966 
0.996844 -0.048284 -0.0630079 -137.095 0.046408 0.998444 -0.0309058 -18.0581 0.0644021 0.0278842 0.997534 158.914 
0.997867 -0.0496331 -0.042404 -137.174 0.0484955 0.998446 -0.0274494 -18.0705 0.0437005 0.0253345 0.998723 160.172 
0.998573 -0.0494315 -0.0202015 -137.211 0.0488782 0.998439 -0.0270239 -18.0864 0.0215057 0.025998 0.999431 161.24 
0.998628 -0.052356 -0.000668802 -137.211 0.0523172 0.998243 -0.0278103 -18.1152 0.00212362 0.0277372 0.999613 162.449 
0.998351 -0.0536414 0.020449 -137.209 0.0542078 0.998131 -0.0282263 -18.1452 -0.0188968 0.0292883 0.999392 163.604 
0.997759 -0.0528863 0.0409996 -137.264 0.0539549 0.99822 -0.0254076 -18.1077 -0.039583 0.0275628 0.998836 164.731 
0.99676 -0.0520017 0.0613593 -137.225 0.0535592 0.998276 -0.0240153 -18.1086 -0.0600047 0.0272239 0.997827 165.869 
0.995221 -0.0504593 0.0836 -137.026 0.0523829 0.998407 -0.0209759 -18.1602 -0.0824085 0.0252549 0.996279 166.596 
0.992851 -0.049124 0.108779 -137.112 0.0514916 0.998492 -0.0190617 -18.2152 -0.107678 0.0245266 0.993883 167.429 
0.990358 -0.0485077 0.12976 -136.923 0.0512346 0.998529 -0.017757 -18.2285 -0.128707 0.024234 0.991387 168.311 
0.987572 -0.0478921 0.149694 -136.776 0.0508726 0.998575 -0.0161425 -18.3054 -0.148708 0.0235572 0.988601 169.495 
0.984657 -0.0476619 0.167868 -136.578 0.0511419 0.998556 -0.0164663 -18.3222 -0.166841 0.0247988 0.985672 170.75 
0.980434 -0.0478515 0.190943 -136.729 0.0526231 0.998414 -0.0199946 -18.248 -0.189684 0.0296514 0.981397 172.257 
0.976277 -0.0455084 0.211688 -136.53 0.0510768 0.998476 -0.0209084 -18.2714 -0.210413 0.0312248 0.977114 173.533 
0.97153 -0.0470086 0.232204 -136.431 0.0532127 0.998372 -0.0205234 -18.3462 -0.230862 0.0322954 0.97245 174.762 
0.965884 -0.0454699 0.254953 -136.247 0.0530576 0.998328 -0.0229595 -18.3775 -0.253483 0.0357034 0.966681 175.928 
0.960994 -0.0436176 0.273107 -135.987 0.0530722 0.998217 -0.0273237 -18.4055 -0.271429 0.0407523 0.961595 176.985 
0.95508 -0.0408273 0.293521 -135.98 0.0532147 0.997993 -0.0343379 -18.3556 -0.29153 0.0484152 0.955336 178.129 
0.949813 -0.0387002 0.310415 -135.662 0.0533887 0.997814 -0.0389594 -18.3965 -0.308229 0.0535768 0.949802 179.217 
0.944009 -0.0372921 0.327806 -135.293 0.0539325 0.997669 -0.041816 -18.4798 -0.325482 0.0571541 0.943819 180.295 
0.937199 -0.0345616 0.347078 -134.914 0.0521219 0.997783 -0.0413844 -18.5895 -0.344878 0.0568759 0.936923 181.546 
0.929373 -0.0328952 0.367674 -134.633 0.0517593 0.997794 -0.041561 -18.6148 -0.365496 0.0576563 0.929026 182.822 
0.920962 -0.0332083 0.388235 -134.404 0.0533196 0.99773 -0.0411408 -18.6607 -0.385988 0.0585897 0.920641 183.934 
0.912748 -0.0316352 0.407296 -134.018 0.0553402 0.997382 -0.0465489 -18.6848 -0.404757 0.0650272 0.912109 185.205 
0.905445 -0.0283182 0.423519 -133.501 0.0550838 0.997174 -0.051089 -18.7189 -0.420875 0.0695873 0.904446 186.478 
0.899058 -0.0269141 0.437001 -132.877 0.0552661 0.997101 -0.0522911 -18.7263 -0.434327 0.0711642 0.89794 187.673 
0.89085 -0.026349 0.453533 -132.348 0.056671 0.996964 -0.0533948 -18.755 -0.45075 0.073269 0.889638 188.983 
0.882958 -0.0202056 0.469018 -131.49 0.052514 0.997054 -0.0559071 -18.8113 -0.466506 0.0739936 0.881417 190.387 
0.874122 -0.0175964 0.485388 -130.85 0.0534781 0.996754 -0.0601725 -18.8408 -0.482754 0.0785558 0.872226 191.64 
0.864081 -0.0184677 0.503014 -130.244 0.0565916 0.996555 -0.0606257 -18.9578 -0.500161 0.0808519 0.86215 193.016 
0.853414 -0.0169564 0.520957 -129.661 0.0588148 0.99622 -0.0639228 -19.0808 -0.517904 0.0851926 0.851186 194.229 
0.838017 -0.0103499 0.545546 -129.315 0.0589808 0.99568 -0.0717109 -19.0264 -0.542448 0.0922717 0.835007 195.838 
0.825462 -0.00760993 0.564406 -128.367 0.0587076 0.995644 -0.0724373 -19.1852 -0.561396 0.0929292 0.822313 197.035 
0.81086 -0.00561424 0.585213 -127.512 0.0595176 0.995561 -0.0729155 -19.2536 -0.582206 0.0939548 0.807595 198.275 
0.79019 -0.000561592 0.612862 -127.017 0.05794 0.995589 -0.0737922 -19.3547 -0.610117 0.0938191 0.786737 199.675 
0.771722 0.00293375 0.635954 -126.13 0.0587491 0.995385 -0.0758831 -19.4485 -0.633241 0.0959224 0.767987 200.826 
0.75397 0.00657776 0.656876 -125.187 0.0592201 0.995198 -0.0779392 -19.5361 -0.654234 0.0976641 0.74996 201.919 
0.734473 0.00875784 0.678581 -124.3 0.0614097 0.994957 -0.0793087 -19.5598 -0.675853 0.0999216 0.730232 203.027 
0.715797 0.00988943 0.698238 -123.372 0.0647399 0.994654 -0.0804556 -19.639 -0.695301 0.102794 0.71133 204.091 
0.696591 0.0119047 0.71737 -122.367 0.0680256 0.994262 -0.0825548 -19.786 -0.714237 0.106306 0.691784 205.165 
0.675488 0.0157977 0.737202 -121.669 0.0705032 0.993806 -0.0858976 -19.8787 -0.733993 0.109998 0.67019 206.082 
0.65497 0.0174962 0.755452 -120.563 0.073507 0.993516 -0.0867395 -19.9967 -0.752071 0.112343 0.649437 207.15 
0.635705 0.0209207 0.771648 -119.762 0.0757679 0.993115 -0.0893448 -20.076 -0.768204 0.115263 0.629743 207.944 
0.619493 0.0214227 0.78471 -118.511 0.078704 0.992896 -0.0892393 -20.1954 -0.781047 0.117043 0.613406 208.832 
0.601943 0.021822 0.798241 -117.376 0.0831147 0.992485 -0.0898079 -20.3231 -0.794202 0.120405 0.595606 209.659 
0.586815 0.0227596 0.809401 -116.195 0.0877304 0.991933 -0.0914967 -20.426 -0.804954 0.124701 0.580085 210.427 
0.570007 0.0259806 0.821229 -115.018 0.0915923 0.991261 -0.0949329 -20.5203 -0.816519 0.129331 0.562646 211.28 
0.550687 0.0307788 0.834144 -113.751 0.09418 0.990648 -0.0987295 -20.5978 -0.829382 0.132929 0.542638 212.257 
0.531546 0.0328475 0.846392 -112.534 0.0955271 0.990548 -0.0984343 -20.7974 -0.841625 0.133176 0.523384 213.145 
0.516025 0.0376129 0.855747 -110.905 0.101724 0.989275 -0.104822 -20.7668 -0.850512 0.141141 0.506664 214.119 
0.494433 0.038197 0.868376 -109.364 0.107307 0.98871 -0.104588 -20.9118 -0.862567 0.144895 0.484752 215.205 
0.474584 0.0371314 0.879427 -108.073 0.113377 0.988208 -0.102908 -21.0334 -0.872878 0.148545 0.464778 216.024 
0.456563 0.0379402 0.888882 -106.737 0.113654 0.988418 -0.100566 -21.1542 -0.882402 0.14694 0.446963 216.75 
0.435966 0.0380087 0.89916 -105.297 0.117257 0.988192 -0.0986254 -21.2919 -0.892292 0.148431 0.426361 217.524 
0.416432 0.0404238 0.908268 -103.927 0.121687 0.987544 -0.0997442 -21.4363 -0.900987 0.152061 0.406326 218.209 
0.396781 0.0435122 0.916881 -102.598 0.121607 0.987579 -0.0994927 -21.5884 -0.909822 0.150976 0.386562 218.796 
0.374676 0.0451048 0.926058 -101.272 0.11604 0.988681 -0.0951037 -21.7824 -0.919866 0.143093 0.365201 219.384 
0.353307 0.042504 0.934541 -99.9015 0.118574 0.988876 -0.0898024 -21.9463 -0.927963 0.14254 0.344337 219.923 
0.33017 0.0401121 0.943069 -98.3275 0.123136 0.988729 -0.0851643 -22.0929 -0.935856 0.144245 0.321509 220.584 
0.305202 0.0385841 0.951506 -97.0376 0.122296 0.989317 -0.0793447 -22.2529 -0.944402 0.140581 0.297223 221.123 
0.282496 0.037067 0.958552 -95.5475 0.124644 0.989363 -0.0749926 -22.4053 -0.951136 0.140663 0.274871 221.606 
0.258244 0.0357834 0.965417 -94.0099 0.128974 0.989092 -0.0711606 -22.5464 -0.957432 0.14289 0.250811 222.114 
0.235681 0.0345027 0.971218 -92.6544 0.132579 0.988885 -0.0673028 -22.6841 -0.962745 0.144626 0.228487 222.507 
0.213622 0.0350763 0.976286 -91.2363 0.13433 0.988808 -0.0649189 -22.8059 -0.967637 0.145012 0.20652 222.846 
0.190821 0.0347182 0.981011 -89.7801 0.138058 0.988492 -0.0618373 -22.9497 -0.971868 0.147237 0.183832 223.195 
0.167885 0.0339173 0.985223 -88.4502 0.140268 0.988417 -0.0579295 -23.043 -0.975776 0.147921 0.161183 223.434 
0.146799 0.0338277 0.988588 -87.1271 0.14091 0.988507 -0.0547492 -23.1506 -0.979078 0.147339 0.140345 223.648 
0.12681 0.0386883 0.991172 -85.9038 0.144285 0.987892 -0.0570201 -23.2363 -0.981377 0.150242 0.119693 223.831 
0.107969 0.0466215 0.99306 -84.5648 0.146115 0.987308 -0.0622375 -23.3418 -0.983358 0.151821 0.0997868 223.966 
0.0880781 0.055996 0.994538 -83.2563 0.14443 0.98715 -0.068371 -23.3823 -0.985587 0.149664 0.0788588 224.088 
0.0687135 0.0597362 0.995846 -81.9322 0.143365 0.987254 -0.0691129 -23.4904 -0.987282 0.147518 0.0592736 224.188 
0.0485525 0.0608543 0.996965 -80.5184 0.139511 0.987945 -0.0670978 -23.5921 -0.98903 0.142345 0.0394774 224.287 
0.0287406 0.0597572 0.997799 -79.1641 0.136929 0.988566 -0.0631483 -23.7014 -0.990164 0.138443 0.0202294 224.354 
0.00820377 0.0601304 0.998157 -77.9102 0.132707 0.989296 -0.0606873 -23.8074 -0.991121 0.13296 0.000136245 224.411 
-0.0109795 0.058757 0.998212 -76.5985 0.131343 0.989708 -0.0568117 -23.907 -0.991276 0.130484 -0.0185838 224.433 
-0.0306603 0.0585376 0.997814 -75.4271 0.130668 0.989951 -0.0540611 -23.9953 -0.990952 0.128725 -0.0380012 224.487 
-0.0467924 0.0602306 0.997087 -74.0878 0.130427 0.990004 -0.0536819 -24.0545 -0.990353 0.127535 -0.0541804 224.342 
-0.066729 0.0635832 0.995743 -72.8437 0.126742 0.990424 -0.05475 -24.1339 -0.989689 0.122549 -0.0741487 224.355 
-0.0841711 0.065308 0.994309 -71.5961 0.125673 0.990578 -0.0544242 -24.2106 -0.988495 0.120377 -0.0915855 224.223 
-0.0997943 0.0619516 0.993078 -70.3824 0.123144 0.991156 -0.049457 -24.2886 -0.987359 0.117356 -0.106541 224.075 
-0.11466 0.0584376 0.991685 -69.1801 0.124635 0.991227 -0.044 -24.3583 -0.985555 0.118554 -0.120938 223.949 
-0.127459 0.0542319 0.99036 -67.9347 0.122609 0.991707 -0.0385258 -24.423 -0.984236 0.116517 -0.133052 223.757 
-0.140551 0.0518855 0.988713 -66.7857 0.12448 0.991628 -0.0343429 -24.4772 -0.982217 0.118248 -0.145833 223.637 
-0.151417 0.0519519 0.987104 -65.6605 0.1248 0.991631 -0.0330465 -24.5512 -0.98056 0.118187 -0.156633 223.488 
-0.15953 0.0558311 0.985613 -64.5245 0.123941 0.991632 -0.0361111 -24.5697 -0.979382 0.116398 -0.165114 223.327 
-0.166583 0.0563248 0.984417 -63.4105 0.123974 0.991641 -0.0357591 -24.6662 -0.978203 0.116086 -0.172173 223.17 
-0.173941 0.0612676 0.982848 -62.2805 0.122745 0.991628 -0.0400919 -24.7149 -0.977076 0.113666 -0.180005 223.023 
-0.178953 0.0687899 0.98145 -61.1813 0.123786 0.9912 -0.0469028 -24.8186 -0.976039 0.113096 -0.185893 222.843 
-0.181947 0.0713377 0.980717 -60.0853 0.120665 0.991447 -0.0497318 -24.8625 -0.975877 0.10929 -0.188999 222.617 
-0.186126 0.0624873 0.980537 -59.0138 0.121587 0.991769 -0.0401233 -24.9489 -0.974974 0.111753 -0.192191 222.444 
-0.188124 0.0529506 0.980717 -57.9524 0.122283 0.992039 -0.0301052 -25.009 -0.974503 0.114262 -0.193101 222.241 
-0.190253 0.049955 0.980463 -56.8739 0.122521 0.992105 -0.0267736 -25.057 -0.97406 0.115034 -0.194871 222.051 
-0.189804 0.0508543 0.980504 -55.7916 0.121669 0.992178 -0.0279074 -25.1216 -0.974254 0.114 -0.194507 221.855 
-0.189439 0.0542852 0.980391 -54.7457 0.122533 0.991972 -0.0312496 -25.1776 -0.974217 0.11421 -0.19457 221.672 
-0.185461 0.0572212 0.980984 -53.6548 0.121563 0.991971 -0.0348798 -25.2217 -0.975103 0.112782 -0.190928 221.44 
-0.183806 0.057626 0.981272 -52.6467 0.11939 0.992198 -0.0359042 -25.2734 -0.975685 0.110555 -0.189252 221.26 
-0.181722 0.0594452 0.981552 -51.6733 0.117197 0.992366 -0.0384025 -25.3102 -0.976341 0.108057 -0.187302 221.127 
-0.179783 0.0597866 0.981888 -50.6859 0.115337 0.992548 -0.0393175 -25.3734 -0.976921 0.106179 -0.185339 221.004 
-0.170067 0.0586626 0.983685 -49.5664 0.120043 0.992026 -0.0384061 -25.4963 -0.978094 0.111553 -0.175752 220.713 
-0.164548 0.0580042 0.984662 -48.5465 0.120479 0.991977 -0.0383017 -25.5506 -0.978984 0.112328 -0.170216 220.551 
-0.158473 0.0584453 0.985632 -47.5361 0.120874 0.991886 -0.0393817 -25.5623 -0.979937 0.112896 -0.164252 220.408 
-0.152937 0.058294 0.986515 -46.5423 0.120396 0.991922 -0.0399487 -25.612 -0.980875 0.112663 -0.15872 220.287 
-0.144385 0.0600148 0.9877 -45.5194 0.123032 0.991502 -0.0422606 -25.6604 -0.981843 0.115417 -0.150542 220.121 
-0.138232 0.0600935 0.988575 -44.5045 0.12284 0.99149 -0.043094 -25.7172 -0.982752 0.11548 -0.144438 219.998 
-0.131295 0.0593675 0.989564 -43.5186 0.123318 0.99143 -0.0431176 -25.7625 -0.983643 0.11637 -0.137491 219.887 
-0.126428 0.0582034 0.990267 -42.5606 0.122124 0.991596 -0.0426898 -25.8162 -0.98443 0.115539 -0.132474 219.825 
-0.119478 0.0567116 0.991216 -41.5614 0.122054 0.991633 -0.0420235 -25.8794 -0.985306 0.115961 -0.1254 219.712 
-0.113596 0.0567156 0.991907 -40.6033 0.12276 0.99152 -0.0426346 -25.9567 -0.985914 0.116923 -0.119595 219.631 
-0.106062 0.0592183 0.992595 -39.5987 0.12348 0.991283 -0.0459458 -26.0154 -0.986663 0.117692 -0.112449 219.534 
-0.100415 0.061625 0.993035 -38.6327 0.122953 0.991198 -0.0490781 -26.0668 -0.987319 0.117169 -0.107108 219.462 
-0.093291 0.0631491 0.993634 -37.6368 0.120775 0.991335 -0.0516635 -26.1343 -0.988287 0.115186 -0.100109 219.371 
-0.0875569 0.0640687 0.994097 -36.6594 0.119024 0.991454 -0.0534151 -26.184 -0.989023 0.113644 -0.0944343 219.324 
-0.0806257 0.063842 0.994698 -35.6691 0.119326 0.991388 -0.0539575 -26.2496 -0.989576 0.114343 -0.0875493 219.255 
-0.0749522 0.061815 0.995269 -34.7168 0.118894 0.991511 -0.0526278 -26.3148 -0.990074 0.114387 -0.0816653 219.217 
-0.0654873 0.0607615 0.996002 -33.7224 0.119936 0.991388 -0.0525941 -26.3625 -0.990619 0.116012 -0.0722108 219.07 
-0.0593813 0.0608173 0.996381 -32.7148 0.119976 0.991342 -0.0533595 -26.4253 -0.990999 0.116373 -0.0661638 219.054 
-0.0527441 0.0611844 0.996732 -31.7273 0.119853 0.991294 -0.0545083 -26.5129 -0.99139 0.116586 -0.0596181 219.033 
-0.0466557 0.0626702 0.996943 -30.791 0.122323 0.990877 -0.0565643 -26.5783 -0.991393 0.11931 -0.053896 219.017 
-0.0368696 0.0642546 0.997252 -29.8734 0.123486 0.990575 -0.059259 -26.6629 -0.991661 0.120962 -0.0444566 218.978 
-0.0281908 0.0661583 0.997411 -28.9483 0.123702 0.990368 -0.0621949 -26.7408 -0.991919 0.121628 -0.0361031 218.966 
-0.0178399 0.0677961 0.99754 -28.0022 0.124019 0.990144 -0.0650755 -26.8082 -0.992119 0.122553 -0.0260721 218.946 
-0.00975121 0.0670651 0.997701 -27.0884 0.12157 0.990427 -0.0653879 -26.8834 -0.992535 0.120653 -0.017811 218.932 
