1 2.12261e-08 -2.11895e-08 0 2.12261e-08 1 2.10703e-08 0 -2.11895e-08 2.10703e-08 1 0 
0.999865 -0.000127523 0.0164448 -0.0316665 0.000143477 1 -0.000966399 0.00720695 -0.0164447 0.00096867 0.999864 0.12789 
0.999269 0.00231911 0.0381598 -0.0317401 -0.00229413 0.999997 -0.000697244 0.0153767 -0.0381614 0.000609232 0.999271 0.317886 
0.997581 0.00408292 0.0693907 -0.140997 -0.0040153 0.999991 -0.00111321 0.0590847 -0.0693946 0.000831933 0.997589 0.455698 
0.994525 0.00281146 0.104464 -0.163689 -0.00295565 0.999995 0.00122593 0.0795046 -0.10446 -0.00152794 0.994528 0.668693 
0.989434 0.000685097 0.14498 -0.153657 -0.00118311 0.999994 0.00334917 0.0749691 -0.144977 -0.00348527 0.989429 0.803958 
0.982615 -0.00248243 0.185639 -0.107674 0.00197572 0.999994 0.00291476 0.0857522 -0.185645 -0.00249728 0.982614 1.04034 
0.972082 0.000273527 0.234643 -0.223368 -0.000976627 0.999995 0.00288047 0.121777 -0.234642 -0.00302917 0.972077 1.15916 
0.96425 -0.00439673 0.264959 0.341222 0.00197949 0.999954 0.00938956 -0.0292119 -0.264988 -0.00852936 0.964214 1.05519 
0.950237 -0.00613581 0.311468 0.46062 0.00181606 0.999898 0.0141573 0.0442347 -0.311523 -0.0128871 0.950151 1.21498 
0.933204 -0.0170575 0.358943 0.5672 0.00895884 0.999667 0.0242141 -0.0272032 -0.359236 -0.0193809 0.933045 1.40863 
0.911978 -0.0236048 0.40956 0.695322 0.0130468 0.999507 0.0285546 -0.0208309 -0.410032 -0.0206977 0.911836 1.56401 
0.88826 -0.0238465 0.458722 0.899255 0.00978067 0.999407 0.0330148 -0.0163867 -0.459237 -0.0248391 0.887967 1.72265 
0.860282 -0.0275236 0.509074 1.06714 0.00910468 0.999212 0.0386376 -0.0251051 -0.509737 -0.0286043 0.859855 1.88155 
0.828369 -0.0332631 0.559195 1.19714 0.010497 0.998982 0.0438736 -0.0627131 -0.560085 -0.0304736 0.827875 2.01634 
0.791248 -0.0382852 0.610296 1.3408 0.0134367 0.998886 0.0452417 -0.00643483 -0.611348 -0.027597 0.79088 2.22841 
0.752445 -0.0437959 0.657197 1.55822 0.0154508 0.998686 0.0488628 -0.0165873 -0.658474 -0.0266123 0.752133 2.43032 
0.711563 -0.046101 0.701108 1.79055 0.0157326 0.99864 0.0496979 0.0129546 -0.702446 -0.0243329 0.711321 2.63513 
0.669991 -0.0482101 0.740802 2.04494 0.0145238 0.998549 0.0518483 0.00670709 -0.742227 -0.0239786 0.669719 2.77015 
0.627657 -0.0479171 0.777014 2.33041 0.00847191 0.998465 0.0547303 0.0146168 -0.778444 -0.027769 0.6271 2.93303 
0.58549 -0.0476275 0.809279 2.62219 0.00554404 0.998485 0.0547517 0.0491195 -0.810661 -0.0275699 0.584867 3.12078 
0.544851 -0.0476941 0.837175 2.95247 0.0029207 0.998483 0.0549831 0.0809645 -0.838528 -0.0275125 0.544164 3.3138 
0.506025 -0.0495547 0.861094 3.38012 0.00262433 0.998432 0.0559162 0.131297 -0.862515 -0.0260352 0.505362 3.5463 
0.468369 -0.0496913 0.882135 3.78875 0.000554696 0.998434 0.0559481 0.147806 -0.883533 -0.025715 0.467663 3.74935 
0.433257 -0.0488178 0.899947 4.27427 -0.000957623 0.998507 0.0546253 0.180815 -0.90127 -0.0245286 0.432564 3.92003 
0.398857 -0.0479729 0.915757 4.76275 0.000555649 0.998643 0.052073 0.196404 -0.917013 -0.0202608 0.398343 4.1255 
0.370659 -0.0461402 0.927622 5.25144 0.00312208 0.998822 0.0484342 0.221726 -0.928764 -0.0150565 0.370366 4.262 
0.344926 -0.0439213 0.937602 5.76357 0.00482263 0.998974 0.0450221 0.257516 -0.938618 -0.0110076 0.344784 4.44361 
0.326996 -0.043953 0.944003 6.32086 0.00578202 0.998992 0.0445105 0.25913 -0.945008 -0.00909649 0.32692 4.56461 
0.312213 -0.0443645 0.948976 6.92046 0.00661104 0.998986 0.0445275 0.286363 -0.949989 -0.00762837 0.31219 4.76442 
0.3022 -0.0457267 0.952147 7.55884 0.00793007 0.998935 0.0454568 0.310594 -0.953212 -0.00618644 0.302241 4.92334 
0.293019 -0.0465932 0.954971 8.20834 0.00689231 0.998889 0.0466212 0.354357 -0.956082 -0.00707895 0.293015 5.08377 
0.283391 -0.0476658 0.957819 8.8751 0.00551521 0.998829 0.0480749 0.390331 -0.958989 -0.0083414 0.283322 5.2701 
0.274625 -0.0487494 0.960315 9.56739 0.00417818 0.998765 0.0495065 0.435724 -0.961542 -0.00958332 0.274489 5.44573 
0.264707 -0.0505856 0.963001 10.2711 0.00340113 0.998666 0.0515242 0.464107 -0.964323 -0.0103635 0.264526 5.63705 
0.254522 -0.0512267 0.965709 11.0176 0.00440804 0.998647 0.0518121 0.514982 -0.967057 -0.00893042 0.254403 5.83966 
0.244399 -0.051678 0.968297 11.7627 0.00531406 0.998635 0.051956 0.558443 -0.96966 -0.00755239 0.24434 6.03156 
0.233772 -0.0551249 0.970728 12.5215 0.00358575 0.998434 0.0558348 0.575941 -0.972285 -0.0095718 0.233603 6.23472 
0.222809 -0.0582041 0.973123 13.2961 0.00156281 0.998236 0.0593484 0.620447 -0.974861 -0.0117025 0.222507 6.4239 
0.210196 -0.0617791 0.975705 14.0728 0.00104811 0.998015 0.0629659 0.663384 -0.977659 -0.0122126 0.209844 6.60682 
0.197534 -0.0642501 0.978188 14.8852 0.0003106 0.997854 0.0654791 0.692505 -0.980296 -0.0126305 0.19713 6.77431 
0.18417 -0.0635356 0.980839 15.681 -0.000218191 0.997906 0.0646821 0.753952 -0.982894 -0.0121265 0.183771 6.91742 
0.169981 -0.0625259 0.983462 16.4776 -0.001851 0.997963 0.0637679 0.78416 -0.985446 -0.0126597 0.169519 7.06039 
0.154099 -0.0622496 0.986093 17.2764 -0.0017507 0.997995 0.0632746 0.807039 -0.988054 -0.0114769 0.153681 7.17269 
0.133581 -0.0586813 0.989299 18.1099 -0.0043962 0.998201 0.059803 0.872567 -0.991028 -0.0123377 0.133083 7.29357 
0.106544 -0.058026 0.992613 18.9135 -0.00878108 0.998202 0.0592952 0.896714 -0.994269 -0.0150338 0.105843 7.42354 
0.0770405 -0.0578569 0.995348 19.7252 -0.0122403 0.998185 0.0589692 0.921256 -0.996953 -0.0167263 0.0761924 7.47898 
0.0439591 -0.0576209 0.99737 20.5692 -0.014855 0.998187 0.0583229 0.954266 -0.998923 -0.0173798 0.0430235 7.50644 
0.00930868 -0.0572413 0.998317 21.4055 -0.0169045 0.998209 0.0573927 0.98513 -0.999814 -0.0174103 0.00832437 7.52948 
-0.0249731 -0.0563756 0.998097 22.2375 -0.017462 0.998281 0.0559491 1.00901 -0.999536 -0.0160316 -0.0259146 7.51728 
-0.0589179 -0.0540895 0.996796 23.0445 -0.0203602 0.998388 0.0529725 1.03705 -0.998055 -0.0171739 -0.0599242 7.49256 
-0.0929445 -0.0519006 0.994318 23.8645 -0.0236814 0.998473 0.0499039 1.05299 -0.99539 -0.0189086 -0.0940317 7.44758 
-0.125307 -0.0470736 0.991001 24.6978 -0.0197853 0.998794 0.0449421 1.07471 -0.991921 -0.0139757 -0.126087 7.34393 
-0.157553 -0.0402648 0.986689 25.5492 -0.0150453 0.99915 0.038371 1.11105 -0.987396 -0.0087996 -0.158025 7.22366 
-0.188755 -0.0331632 0.981464 26.3561 -0.0079162 0.999449 0.0322484 1.12654 -0.981992 -0.00168241 -0.188914 7.07477 
-0.218624 -0.0269055 0.975438 27.1192 -0.00103357 0.999626 0.027341 1.15227 -0.975809 0.00496921 -0.21857 6.91699 
-0.247048 -0.0211776 0.968772 27.9695 0.0083501 0.999678 0.0239826 1.14803 -0.968967 0.0140142 -0.246792 6.69637 
-0.273108 -0.00955222 0.961936 28.7766 0.0153941 0.999779 0.0142987 1.15607 -0.96186 0.0187132 -0.2729 6.45186 
-0.298942 0.00569207 0.954254 29.5579 0.0179265 0.999839 -0.000348058 1.15109 -0.954103 0.0170024 -0.298996 6.21719 
-0.323584 0.0234722 0.945908 30.3486 0.0194664 0.999646 -0.0181464 1.14143 -0.945999 0.0125415 -0.323926 5.95722 
-0.348427 0.0376412 0.93658 31.126 0.016579 0.999285 -0.0339936 1.11662 -0.937189 0.00368321 -0.348802 5.66004 
-0.373299 0.0484766 0.926444 31.8722 0.0229752 0.998811 -0.0430056 1.0725 -0.927426 0.00523123 -0.373969 5.39523 
-0.397056 0.0528389 0.916272 32.613 0.0238814 0.998598 -0.0472376 1.04561 -0.917484 0.00312587 -0.397762 5.08864 
-0.419791 0.0532057 0.90606 33.3748 0.0269905 0.998571 -0.0461329 1.00831 -0.907219 0.00508881 -0.420627 4.74675 
-0.441529 0.0485113 0.895935 34.0594 0.0301338 0.998776 -0.0392294 0.957416 -0.896741 0.00967703 -0.44245 4.46939 
-0.458963 0.0476861 0.887175 34.757 0.0385437 0.998687 -0.03374 0.913087 -0.887619 0.0187096 -0.460198 4.10896 
-0.473267 0.0484576 0.879585 35.464 0.0404742 0.998628 -0.0332383 0.869348 -0.879989 0.0198699 -0.474579 3.75077 
-0.485772 0.0516776 0.872557 36.1136 0.0398043 0.998523 -0.0369781 0.850341 -0.873179 0.0167686 -0.487111 3.43806 
-0.496118 0.0545285 0.866541 36.8208 0.0402214 0.998398 -0.039798 0.817887 -0.867323 0.0151089 -0.497517 3.0716 
-0.507343 0.0534433 0.860086 37.5204 0.034601 0.998534 -0.0416357 0.750466 -0.86105 0.00863626 -0.508448 2.69348 
-0.518923 0.0526038 0.853201 38.2344 0.0350701 0.998575 -0.0402368 0.700974 -0.854101 0.00904201 -0.520028 2.30565 
-0.527652 0.0540046 0.847742 38.8927 0.0377779 0.998482 -0.0400936 0.652576 -0.84862 0.0108705 -0.528891 1.91049 
-0.534475 0.0572828 0.843241 39.5716 0.0403509 0.998292 -0.0422399 0.629076 -0.84422 0.0114493 -0.535874 1.47049 
-0.538409 0.0607424 0.840492 40.2674 0.0422801 0.99809 -0.0450479 0.586351 -0.841622 0.0112819 -0.539949 1.05634 
-0.538377 0.0626526 0.840372 40.9875 0.0409928 0.997999 -0.0481425 0.556091 -0.841707 0.00853032 -0.539868 0.628587 
-0.53542 0.0631796 0.84222 41.6973 0.0430864 0.997943 -0.0474702 0.513775 -0.843486 0.0108717 -0.537041 0.219648 
-0.529887 0.0626908 0.845748 42.4308 0.0406155 0.997996 -0.0485292 0.485831 -0.847095 0.0086355 -0.531371 -0.205926 
-0.525672 0.0618611 0.848435 43.0796 0.0401029 0.998046 -0.0479226 0.43375 -0.849742 0.00883309 -0.527126 -0.476245 
-0.518723 0.0612076 0.852749 43.8282 0.0398158 0.998081 -0.0474193 0.365106 -0.854015 0.0093554 -0.520165 -0.890607 
-0.512749 0.0607736 0.856385 44.6041 0.0375605 0.998124 -0.0483433 0.328233 -0.857717 0.00737828 -0.51407 -1.31899 
-0.508992 0.0580883 0.858809 45.3853 0.0331668 0.998303 -0.0478663 0.255594 -0.860132 0.00412038 -0.510055 -1.7253 
-0.50874 0.0551955 0.859149 46.1402 0.0272528 0.998475 -0.0480088 0.22078 -0.860489 -0.00100976 -0.509469 -2.10165 
-0.508493 0.0542011 0.859359 46.9792 0.0252482 0.998526 -0.0480389 0.167382 -0.860696 -0.00273017 -0.509112 -2.58404 
-0.509523 0.0532892 0.858805 47.8209 0.0237431 0.998571 -0.0478751 0.131273 -0.860129 -0.00400283 -0.510061 -3.04249 
-0.509405 0.0536104 0.858856 48.686 0.0260098 0.998561 -0.0469039 0.0651842 -0.860134 -0.00155442 -0.510066 -3.54001 
-0.509363 0.0535445 0.858884 49.5506 0.0259829 0.998564 -0.0468433 0.009655 -0.860159 -0.00154397 -0.510023 -4.04445 
-0.50922 0.053995 0.858941 50.4262 0.0275819 0.998541 -0.0464187 -0.0232596 -0.860194 5.38647e-05 -0.509966 -4.55772 
-0.509712 0.0535229 0.858679 51.2608 0.0241518 0.99856 -0.0479053 -0.05688 -0.860006 -0.00367926 -0.51027 -5.0073 
-0.510553 0.0509541 0.858335 52.1412 0.0194704 0.998672 -0.0477037 -0.111856 -0.859626 -0.00764315 -0.510867 -5.49143 
-0.509294 0.0505342 0.859108 52.9625 0.0196471 0.998697 -0.0470979 -0.20027 -0.860368 -0.00710775 -0.509623 -6.00118 
-0.510814 0.0489606 0.858296 53.9714 0.0176135 0.998763 -0.0464907 -0.30578 -0.859511 -0.00863052 -0.511045 -6.46321 
-0.511413 0.046685 0.858066 54.8651 0.0139124 0.998842 -0.0460523 -0.363556 -0.859222 -0.011614 -0.511471 -6.88331 
-0.511474 0.0446722 0.858137 55.7945 0.0121738 0.998924 -0.0447452 -0.408496 -0.859213 -0.0124392 -0.511468 -7.30156 
-0.508853 0.0426229 0.859798 56.7381 0.00917779 0.998985 -0.0440911 -0.461 -0.860805 -0.0145449 -0.508728 -7.8203 
-0.507043 0.0425333 0.860871 57.5832 0.00894582 0.998988 -0.0440882 -0.526537 -0.861875 -0.0146534 -0.50691 -8.28652 
-0.506472 0.0432026 0.861174 58.4661 0.00935431 0.998961 -0.0446135 -0.586776 -0.862206 -0.0145398 -0.506349 -8.74514 
-0.506513 0.0447044 0.861073 59.3051 0.00922941 0.998879 -0.0464298 -0.629613 -0.862183 -0.0155701 -0.506358 -9.20081 
-0.508615 0.0458206 0.859774 60.1638 0.00786739 0.998789 -0.0485751 -0.694414 -0.860958 -0.0179419 -0.508359 -9.65844 
-0.511389 0.0476217 0.858029 61.0477 0.00613794 0.99864 -0.0517675 -0.765495 -0.859328 -0.0212068 -0.510986 -10.1623 
-0.516291 0.0472627 0.855108 61.943 0.0050282 0.998626 -0.0521592 -0.857045 -0.856398 -0.0226297 -0.51582 -10.6489 
-0.521621 0.0460241 0.851935 62.7622 0.00498353 0.998691 -0.050901 -0.921696 -0.853163 -0.0223054 -0.521168 -11.1434 
-0.527159 0.0442323 0.848615 63.6236 0.0076901 0.998852 -0.0472859 -0.992482 -0.849732 -0.0184013 -0.526894 -11.6492 
-0.532755 0.0429409 0.84518 64.5159 0.00627073 0.998885 -0.0467974 -1.04526 -0.846247 -0.0196316 -0.53243 -12.1569 
-0.538899 0.047437 0.841034 65.3616 0.00918939 0.998685 -0.0504408 -1.08768 -0.84232 -0.0194539 -0.538626 -12.6521 
-0.543919 0.0490547 0.837702 66.1916 0.00910668 0.998576 -0.0525623 -1.15858 -0.839088 -0.0209609 -0.543592 -13.1655 
-0.54808 0.0486773 0.835009 67.009 0.00619762 0.998514 -0.054141 -1.22538 -0.836403 -0.0244985 -0.547567 -13.6807 
-0.552432 0.0492162 0.832104 67.8285 0.00528898 0.998442 -0.0555433 -1.2857 -0.833541 -0.0262829 -0.551832 -14.1799 
-0.556074 0.0497088 0.829645 68.6692 0.00789835 0.998481 -0.0545308 -1.35048 -0.831095 -0.0237704 -0.555622 -14.6956 
-0.557653 0.0422457 0.828999 69.4935 0.00784629 0.998928 -0.0456272 -1.41946 -0.830037 -0.0189395 -0.557386 -15.2573 
-0.560361 0.0324785 0.827611 70.3407 0.00524828 0.99935 -0.0356646 -1.47694 -0.828232 -0.0156416 -0.560168 -15.8169 
-0.561394 0.0326549 0.826904 71.1552 0.00943031 0.999409 -0.0330648 -1.5471 -0.827495 -0.0107644 -0.56137 -16.3594 
-0.561815 0.0378312 0.826397 71.9371 0.0127885 0.999232 -0.0370491 -1.62991 -0.827164 -0.0102464 -0.561867 -16.8736 
-0.563578 0.0431466 0.824935 72.7128 0.0139812 0.99899 -0.0426985 -1.69181 -0.825944 -0.0125303 -0.563612 -17.3628 
-0.564632 0.0473111 0.823986 73.509 0.0182498 0.998827 -0.0448444 -1.7316 -0.825141 -0.010283 -0.564834 -17.8774 
-0.564434 0.0489659 0.824025 74.2977 0.0227135 0.998782 -0.0437924 -1.8011 -0.825166 -0.00600143 -0.564859 -18.3972 
-0.564749 0.0458456 0.823989 75.0711 0.0207371 0.998929 -0.0413661 -1.84634 -0.825003 -0.00627435 -0.565094 -18.8812 
-0.562483 0.0416817 0.825758 75.8545 0.0224034 0.99913 -0.0351724 -1.92022 -0.826506 -0.00128409 -0.562927 -19.4393 
-0.562123 0.0352327 0.826303 76.6284 0.017201 0.999374 -0.0309106 -1.9482 -0.826875 -0.00316236 -0.562377 -19.927 
-0.562186 0.0297319 0.826476 77.4095 0.00755255 0.999496 -0.0308188 -1.97685 -0.826976 -0.0110839 -0.562128 -20.4057 
-0.559677 0.0249644 0.828335 78.2201 0.00245361 0.999592 -0.0284678 -2.03852 -0.828708 -0.0139004 -0.559509 -20.943 
-0.558381 0.0259025 0.82918 78.9998 0.00569443 0.999609 -0.0273917 -2.07984 -0.829565 -0.0105733 -0.55831 -21.4231 
-0.555458 0.0294548 0.831023 79.7745 0.00877574 0.999524 -0.0295614 -2.11253 -0.831498 -0.00912728 -0.555452 -21.9146 
-0.550524 0.0320474 0.834204 80.5387 0.00752093 0.999413 -0.0334308 -2.13697 -0.834786 -0.0121304 -0.550441 -22.3957 
-0.543555 0.033629 0.8387 81.2848 0.0104484 0.999391 -0.0333006 -2.17363 -0.839309 -0.00933758 -0.543575 -22.8344 
-0.536183 0.0374138 0.843273 82.079 0.0181873 0.999297 -0.0327721 -2.21839 -0.843906 -0.00223503 -0.536486 -23.3185 
-0.526732 0.0366321 0.849242 82.8617 0.0157162 0.99932 -0.0333579 -2.26339 -0.849886 -0.00422384 -0.526949 -23.7836 
-0.514045 0.0344452 0.857071 83.6741 0.0136974 0.999396 -0.0319498 -2.3126 -0.857654 -0.00468406 -0.514207 -24.2833 
-0.502744 0.0296968 0.863925 84.4907 0.00810818 0.999528 -0.0296396 -2.33062 -0.864397 -0.00789628 -0.502748 -24.7371 
-0.492416 0.028666 0.869888 85.305 0.00569954 0.999542 -0.0297122 -2.36911 -0.870341 -0.00967281 -0.492354 -25.169 
-0.481048 0.0296957 0.876191 86.11 0.00913619 0.999542 -0.0288602 -2.4111 -0.876647 -0.00587812 -0.481099 -25.5813 
-0.469214 0.0304369 0.88256 86.9856 0.0100847 0.999525 -0.0291092 -2.4659 -0.883027 -0.00475813 -0.469299 -26.025 
-0.457914 0.0341521 0.88834 87.8116 0.00959812 0.999394 -0.0334739 -2.5145 -0.888945 -0.00680181 -0.457964 -26.4202 
-0.446467 0.043021 0.893765 88.6374 0.00776616 0.998992 -0.0442066 -2.54337 -0.894766 -0.0127957 -0.446351 -26.8275 
-0.432043 0.0472478 0.900615 89.4706 0.00304705 0.998698 -0.0509316 -2.57215 -0.901848 -0.0192604 -0.431624 -27.2304 
-0.421479 0.043375 0.9058 90.2993 0.000257387 0.998861 -0.0477115 -2.63405 -0.906838 -0.0198763 -0.421011 -27.5887 
-0.408234 0.0397736 0.91201 91.1688 -0.00296698 0.998987 -0.0448948 -2.69041 -0.912872 -0.0210335 -0.407703 -27.984 
-0.398495 0.0398553 0.916304 91.9653 -0.00719282 0.998889 -0.0465755 -2.74385 -0.917142 -0.0251509 -0.397765 -28.2986 
-0.392061 0.0438156 0.918895 92.8129 -0.0162264 0.99838 -0.0545289 -2.7791 -0.919796 -0.0362891 -0.390715 -28.6415 
-0.387441 0.0485784 0.920614 93.6234 -0.023604 0.997761 -0.062583 -2.83159 -0.921592 -0.0459774 -0.385427 -28.9402 
-0.38406 0.0496522 0.921972 94.4491 -0.0284504 0.997442 -0.0655679 -2.89821 -0.92287 -0.0514124 -0.381665 -29.2562 
-0.38015 0.0507172 0.923533 95.2728 -0.0270608 0.997458 -0.0659158 -2.96821 -0.924529 -0.0500495 -0.377811 -29.5833 
-0.375543 0.0509356 0.925404 96.0849 -0.0295121 0.997325 -0.0668706 -3.0258 -0.926335 -0.0524234 -0.373035 -29.8916 
-0.370263 0.0456923 0.927803 96.9478 -0.0354 0.99737 -0.0632456 -3.10313 -0.928252 -0.0562617 -0.367672 -30.1988 
-0.363734 0.0433337 0.930495 97.7156 -0.0329654 0.997693 -0.0593494 -3.15694 -0.93092 -0.0522615 -0.361466 -30.5071 
-0.358468 0.0393205 0.932714 98.5818 -0.0357726 0.9978 -0.0558127 -3.25145 -0.932857 -0.0533727 -0.356272 -30.8006 
-0.352741 0.0377191 0.934961 99.4414 -0.045056 0.997344 -0.0572344 -3.30889 -0.934636 -0.0623145 -0.350104 -31.1089 
-0.346712 0.0376923 0.937214 100.291 -0.0528109 0.996823 -0.0596264 -3.3719 -0.936484 -0.0701684 -0.34362 -31.3819 
-0.341331 0.0427424 0.938971 101.167 -0.0496092 0.996754 -0.0634064 -3.42537 -0.938633 -0.0682242 -0.338102 -31.6323 
-0.334253 0.046136 0.941353 102 -0.0475771 0.996702 -0.0657421 -3.4965 -0.941282 -0.0667613 -0.330956 -31.9095 
-0.327741 0.0433293 0.943774 102.865 -0.0488918 0.996831 -0.0627437 -3.57231 -0.943502 -0.0667065 -0.324584 -32.1835 
-0.321477 0.0385664 0.946132 103.771 -0.0492112 0.99714 -0.0573666 -3.65454 -0.945638 -0.0650023 -0.31866 -32.4348 
-0.313933 0.037552 0.948702 104.684 -0.0516308 0.997064 -0.0565512 -3.70301 -0.94804 -0.0667356 -0.311072 -32.7118 
-0.305923 0.0414023 0.951156 105.622 -0.0507278 0.996926 -0.0597103 -3.76446 -0.950704 -0.0665168 -0.302882 -33.0555 
-0.299873 0.0435545 0.952984 106.46 -0.0518296 0.996738 -0.0618632 -3.84071 -0.95257 -0.0679439 -0.296638 -33.2768 
-0.294794 0.0431742 0.954585 107.202 -0.0545502 0.996589 -0.0619201 -3.91673 -0.954003 -0.0703265 -0.291433 -33.4257 
-0.287408 0.0431625 0.956835 107.998 -0.0517707 0.996824 -0.0605168 -3.99217 -0.956408 -0.066929 -0.28426 -33.6494 
-0.278622 0.0426346 0.959454 108.837 -0.0542043 0.996724 -0.0600315 -4.02896 -0.95887 -0.0687327 -0.275399 -33.8981 
-0.270925 0.0464034 0.961481 109.742 -0.047099 0.997002 -0.0613892 -4.05681 -0.961447 -0.0619166 -0.267927 -34.1353 
-0.264576 0.0465085 0.963243 110.488 -0.0446557 0.997174 -0.0604125 -4.12959 -0.96333 -0.058998 -0.261752 -34.3284 
-0.260451 0.0450699 0.964435 111.257 -0.0510918 0.996867 -0.0603831 -4.18818 -0.964134 -0.0650015 -0.257332 -34.425 
-0.254115 0.0435174 0.966194 112.12 -0.0572286 0.99656 -0.0599366 -4.24164 -0.965479 -0.0705248 -0.250751 -34.6364 
-0.249752 0.0437242 0.967322 113.002 -0.0530533 0.996862 -0.0587572 -4.30769 -0.966855 -0.0659944 -0.246649 -34.8365 
-0.243985 0.0443139 0.968766 113.906 -0.0531426 0.996844 -0.0589822 -4.37245 -0.968322 -0.0658735 -0.24086 -35.0749 
-0.238663 0.0456077 0.970031 114.776 -0.0519827 0.996864 -0.0596589 -4.43717 -0.96971 -0.0646632 -0.235544 -35.2748 
-0.233019 0.0453369 0.971415 115.646 -0.0458171 0.997292 -0.057535 -4.49419 -0.971392 -0.0579142 -0.230311 -35.4627 
-0.227315 0.0433924 0.972854 116.515 -0.0384624 0.997827 -0.0534933 -4.5657 -0.973061 -0.0495781 -0.225152 -35.6563 
-0.218875 0.042195 0.97484 117.43 -0.0401265 0.99783 -0.0521994 -4.62274 -0.974927 -0.0505421 -0.216707 -35.9304 
-0.216348 0.044482 0.975303 118.292 -0.0412047 0.997656 -0.0546417 -4.67293 -0.975447 -0.0520086 -0.214007 -36.0727 
-0.210929 0.0457593 0.97643 119.154 -0.0412568 0.997597 -0.0556635 -4.75512 -0.97663 -0.0520255 -0.208535 -36.2519 
-0.210008 0.0448669 0.97667 120.01 -0.0430853 0.997551 -0.0550905 -4.81897 -0.97675 -0.0536496 -0.207561 -36.3964 
-0.20774 0.0440615 0.977191 120.873 -0.0483017 0.997304 -0.0552368 -4.85061 -0.976991 -0.0586749 -0.205052 -36.571 
-0.205601 0.0395024 0.977838 121.75 -0.0465472 0.997659 -0.0500902 -4.91985 -0.977528 -0.0558142 -0.203281 -36.7638 
-0.203942 0.0349164 0.97836 122.672 -0.0517179 0.997584 -0.0463832 -4.94693 -0.977616 -0.0600582 -0.201643 -36.9692 
-0.200358 0.0335426 0.979149 123.542 -0.055661 0.99741 -0.0455577 -4.98682 -0.97814 -0.0636282 -0.197972 -37.1831 
-0.20003 0.038769 0.979022 124.373 -0.0610367 0.996783 -0.0519431 -5.00394 -0.977887 -0.0701465 -0.197021 -37.33 
-0.202323 0.0428189 0.978382 125.177 -0.0628355 0.996418 -0.0566022 -5.05319 -0.977301 -0.0729291 -0.198908 -37.4267 
-0.2028 0.0424943 0.978298 126.03 -0.0649519 0.996274 -0.0567395 -5.11046 -0.977064 -0.0750491 -0.199284 -37.5801 
-0.201756 0.0406381 0.978592 126.912 -0.0547698 0.997107 -0.0526988 -5.24136 -0.977903 -0.0642296 -0.198947 -37.7427 
-0.201096 0.0423748 0.978655 127.767 -0.0578531 0.996806 -0.0550485 -5.27614 -0.977862 -0.0676882 -0.198002 -37.9104 
-0.202316 0.0450355 0.978284 128.551 -0.0551099 0.996836 -0.0572866 -5.35564 -0.977768 -0.0655032 -0.199194 -38.0004 
-0.203396 0.04613 0.978009 129.372 -0.063623 0.996156 -0.0602175 -5.41929 -0.977027 -0.0744719 -0.199679 -38.1293 
-0.204051 0.0465794 0.977852 130.213 -0.0734315 0.995325 -0.0627349 -5.47445 -0.976202 -0.0846063 -0.199677 -38.2642 
-0.206141 0.0484798 0.977321 130.932 -0.0802851 0.994567 -0.0662694 -5.54146 -0.975223 -0.0921251 -0.201129 -38.3654 
-0.204488 0.0500102 0.977591 131.74 -0.08048 0.994454 -0.0677072 -5.59325 -0.975555 -0.0925218 -0.199329 -38.5323 
-0.203346 0.05031 0.977813 132.591 -0.0881818 0.993679 -0.0694646 -5.66889 -0.975128 -0.100351 -0.197625 -38.6677 
-0.200854 0.048465 0.978422 133.265 -0.0822506 0.994414 -0.0661419 -5.75608 -0.976162 -0.0937607 -0.195746 -38.8261 
-0.19663 0.0466902 0.979365 134.369 -0.0755168 0.995177 -0.0626058 -5.81419 -0.977565 -0.0862687 -0.192156 -39.0063 
-0.196001 0.0430476 0.979658 135.305 -0.0685604 0.99599 -0.0574821 -5.86179 -0.978204 -0.0784323 -0.192263 -39.152 
-0.193484 0.0414554 0.980227 136.116 -0.0735555 0.995682 -0.0566278 -5.92542 -0.978342 -0.0830577 -0.189599 -39.2871 
-0.187681 0.0469341 0.981108 136.784 -0.0654842 0.996038 -0.060175 -5.99955 -0.980045 -0.0755408 -0.183864 -39.4279 
-0.182819 0.0500089 0.981874 137.488 -0.065749 0.995848 -0.0629626 -6.05373 -0.980946 -0.076068 -0.178772 -39.508 
-0.172012 0.0508555 0.983781 138.074 -0.0680387 0.995668 -0.0633663 -6.10245 -0.982742 -0.077835 -0.167807 -39.6236 
-0.162106 0.0476908 0.98562 138.8 -0.0653318 0.996121 -0.058944 -6.15432 -0.984608 -0.0739475 -0.158362 -39.7185 
-0.150394 0.0474363 0.987487 139.511 -0.054448 0.996935 -0.0561825 -6.22217 -0.987126 -0.0622163 -0.147351 -39.7881 
-0.138835 0.0482417 0.98914 140.329 -0.0498682 0.997205 -0.0556345 -6.29642 -0.989059 -0.0570506 -0.136041 -39.8535 
-0.128805 0.0468436 0.990563 141.095 -0.0566065 0.996908 -0.0545043 -6.40518 -0.990053 -0.0630928 -0.125755 -39.8723 
-0.113211 0.0465191 0.992481 141.898 -0.0579384 0.996894 -0.0533349 -6.45353 -0.99188 -0.0635409 -0.110164 -39.9622 
-0.09814 0.0476534 0.994031 142.69 -0.0556734 0.997026 -0.0532935 -6.51678 -0.993614 -0.0605713 -0.0951951 -40.0455 
-0.0858819 0.0538081 0.994851 143.435 -0.0583947 0.996552 -0.058941 -6.57576 -0.994593 -0.063156 -0.0824436 -40.0739 
-0.0719615 0.0615362 0.995507 144.021 -0.0626465 0.995845 -0.0660856 -6.6421 -0.995438 -0.0671206 -0.0678075 -40.1214 
-0.0583871 0.0702853 0.995817 144.861 -0.0707439 0.994719 -0.0743557 -6.69372 -0.995784 -0.0747893 -0.0531065 -40.1368 
-0.0461554 0.0709528 0.996411 145.627 -0.0751839 0.994398 -0.074292 -6.74854 -0.996101 -0.0783431 -0.0405624 -40.1403 
-0.0340986 0.0680879 0.997096 146.353 -0.0788646 0.994382 -0.0705995 -6.80055 -0.996302 -0.081043 -0.0285373 -40.138 
-0.0232282 0.0660771 0.997544 147.079 -0.0809571 0.994412 -0.0677547 -6.86607 -0.996447 -0.0823321 -0.017749 -40.1179 
-0.0130705 0.0710605 0.997386 147.836 -0.0802175 0.994182 -0.0718834 -6.95241 -0.996692 -0.0809474 -0.00729417 -40.1244 
-0.00425356 0.0798591 0.996797 148.41 -0.0857302 0.993107 -0.0799292 -6.98558 -0.996309 -0.0857956 0.00262209 -40.1595 
-0.0021095 0.0812029 0.996695 149.08 -0.0913316 0.992516 -0.0810557 -7.09419 -0.995818 -0.0912008 0.00532268 -40.122 
-0.0022336 0.0764901 0.997068 149.757 -0.0950456 0.99254 -0.0763557 -7.15867 -0.99547 -0.0949375 0.00505311 -40.1112 
-0.00268935 0.0725029 0.997365 150.472 -0.0989633 0.992453 -0.0724126 -7.22573 -0.995087 -0.0988972 0.00450606 -40.1119 
-0.00767666 0.0702028 0.997503 151.22 -0.0952812 0.992943 -0.070615 -7.27589 -0.995421 -0.0955854 -0.000933484 -40.0627 
-0.00973524 0.0713977 0.9974 151.937 -0.0930608 0.993054 -0.0719949 -7.3294 -0.995613 -0.0935198 -0.00302329 -40.0673 
-0.0129968 0.072309 0.997298 152.731 -0.0982723 0.992461 -0.073239 -7.37578 -0.995075 -0.0989586 -0.00579287 -40.0909 
-0.01563 0.0712881 0.997333 153.533 -0.0987645 0.992467 -0.0724881 -7.44629 -0.994988 -0.0996341 -0.00847153 -40.1227 
-0.0211618 0.0713188 0.997229 154.212 -0.0936198 0.992928 -0.0729978 -7.51354 -0.995383 -0.0949052 -0.0143353 -40.0863 
-0.0265757 0.0694903 0.997229 154.995 -0.0968897 0.992705 -0.0717571 -7.57362 -0.99494 -0.0985282 -0.0196489 -40.1071 
-0.0338054 0.0679791 0.997114 155.723 -0.095458 0.992903 -0.0709283 -7.62286 -0.994859 -0.0975802 -0.0270764 -40.0966 
-0.0404745 0.0682907 0.996844 156.428 -0.0988629 0.992492 -0.0720067 -7.66688 -0.994278 -0.101465 -0.0334193 -40.0912 
-0.0458675 0.0693517 0.996537 157.062 -0.0984805 0.992414 -0.0735975 -7.73068 -0.994081 -0.101515 -0.0386897 -40.0921 
-0.0491485 0.071302 0.996243 157.784 -0.096849 0.992408 -0.0758054 -7.80311 -0.994085 -0.100211 -0.0418698 -40.1046 
-0.0546585 0.0736547 0.995785 158.572 -0.0981919 0.992045 -0.0787678 -7.87487 -0.993665 -0.102083 -0.0469915 -40.057 
-0.0556459 0.0763425 0.995528 159.292 -0.0957432 0.99207 -0.081429 -7.92774 -0.99385 -0.0998462 -0.0478954 -40.0941 
-0.0552324 0.0744136 0.995697 160.011 -0.0906786 0.992724 -0.0792214 -7.98607 -0.994347 -0.094664 -0.0480828 -40.1089 
-0.0512505 0.0712002 0.996145 160.715 -0.0866788 0.993374 -0.0754617 -8.05257 -0.994917 -0.0902121 -0.0447394 -40.1402 
-0.0437575 0.070467 0.996554 161.392 -0.084952 0.993634 -0.0739906 -8.12398 -0.995424 -0.0878969 -0.0374926 -40.1434 
-0.0321916 0.0717948 0.9969 162.072 -0.0837259 0.993717 -0.0742693 -8.17713 -0.995969 -0.0858572 -0.0259783 -40.1486 
-0.0183104 0.0710029 0.997308 162.749 -0.0770063 0.994412 -0.0722105 -8.23848 -0.996862 -0.0781212 -0.0127404 -40.1339 
-0.00334631 0.0697659 0.997558 163.444 -0.0801344 0.994337 -0.0698094 -8.28234 -0.996778 -0.0801723 0.00226329 -40.1101 
0.0122971 0.0647575 0.997825 164.133 -0.0843881 0.994408 -0.0634957 -8.34318 -0.996357 -0.0834238 0.017693 -40.067 
0.0273564 0.059503 0.997853 164.797 -0.0865077 0.994623 -0.0569387 -8.38451 -0.995876 -0.0847643 0.0323568 -40.0012 
0.0457909 0.0510807 0.997644 165.49 -0.0832236 0.995415 -0.0471467 -8.44902 -0.995478 -0.0808686 0.0498321 -39.9621 
0.0639764 0.0435848 0.996999 166.136 -0.0812077 0.99596 -0.0383283 -8.48353 -0.994642 -0.0785119 0.0672574 -39.9282 
0.0809681 0.0406584 0.995887 166.535 -0.0912636 0.995273 -0.0332133 -8.46618 -0.99253 -0.088199 0.084296 -39.8957 
0.0991708 0.0387517 0.994316 167.185 -0.0930926 0.99522 -0.0295021 -8.50153 -0.990706 -0.0896377 0.102304 -39.8056 
0.11777 0.0373313 0.992339 167.808 -0.0917069 0.995432 -0.0265639 -8.5318 -0.988797 -0.0878759 0.120655 -39.7224 
0.134342 0.0380109 0.990206 168.455 -0.0959347 0.995069 -0.025182 -8.5578 -0.98628 -0.0916121 0.137326 -39.604 
0.150738 0.0366278 0.987895 169.087 -0.102071 0.994549 -0.0213 -8.58978 -0.98329 -0.0976243 0.153655 -39.4842 
0.164657 0.0332671 0.98579 169.701 -0.102037 0.994643 -0.0165225 -8.59693 -0.981059 -0.0978665 0.167169 -39.3413 
0.176764 0.0289664 0.983827 170.321 -0.100627 0.994861 -0.0112117 -8.62674 -0.979096 -0.0970176 0.17877 -39.2184 
0.187914 0.0285522 0.98177 170.95 -0.0984827 0.995088 -0.0100896 -8.62996 -0.977236 -0.0947914 0.189803 -39.0804 
0.197532 0.0324419 0.97976 171.54 -0.101489 0.994758 -0.0124771 -8.64223 -0.975029 -0.0969703 0.199789 -38.9412 
0.20745 0.0399537 0.97743 172.116 -0.105343 0.994268 -0.0182839 -8.65799 -0.972557 -0.0991726 0.210469 -38.809 
0.215942 0.0515409 0.975045 172.695 -0.110657 0.993464 -0.0280074 -8.65708 -0.970115 -0.101848 0.220234 -38.6616 
0.224789 0.0576403 0.972701 173.309 -0.104798 0.993889 -0.0346771 -8.66188 -0.968755 -0.0941423 0.229456 -38.5121 
0.23071 0.0557562 0.971424 173.911 -0.103481 0.994101 -0.0324812 -8.67593 -0.967504 -0.0930305 0.235118 -38.3433 
0.23425 0.0486978 0.970956 174.363 -0.105693 0.9941 -0.0243595 -8.66114 -0.966414 -0.0969168 0.238015 -38.1366 
0.240004 0.0376713 0.970041 174.999 -0.109232 0.993949 -0.011574 -8.69263 -0.964607 -0.103181 0.242667 -37.9938 
0.241592 0.0299584 0.969915 175.606 -0.108751 0.994063 -0.00361605 -8.70818 -0.964265 -0.104605 0.243415 -37.8134 
0.243209 0.0283173 0.969561 176.222 -0.104093 0.994563 -0.0029363 -8.73203 -0.964372 -0.10021 0.244834 -37.6608 
0.244466 0.030529 0.969177 176.831 -0.100839 0.994885 -0.00590307 -8.74613 -0.9644 -0.0962876 0.246294 -37.4916 
0.247098 0.0292778 0.968548 177.454 -0.0975727 0.995215 -0.00519087 -8.76568 -0.964065 -0.0932211 0.248773 -37.3396 
0.24998 0.0266773 0.967883 178.124 -0.0988182 0.995104 -0.0019053 -8.78197 -0.963195 -0.0951682 0.251392 -37.1811 
0.253062 0.0228886 0.967179 178.739 -0.0998131 0.995003 0.00256902 -8.80505 -0.962287 -0.0971873 0.254082 -37.0046 
0.255315 0.0182274 0.966686 179.326 -0.0989799 0.995062 0.00737957 -8.79068 -0.961778 -0.0975666 0.255858 -36.8126 
0.260198 0.0151739 0.965436 179.962 -0.0974466 0.995184 0.0106217 -8.79518 -0.960626 -0.0968423 0.260423 -36.6327 
0.266995 0.0135611 0.963602 180.597 -0.094977 0.995403 0.0123076 -8.77394 -0.959006 -0.0948061 0.267056 -36.4454 
0.273982 0.0111997 0.96167 181.208 -0.0936342 0.995492 0.015083 -8.77313 -0.957166 -0.0941777 0.273795 -36.2417 
0.284703 0.0101627 0.958562 181.822 -0.0895127 0.995857 0.0160282 -8.7561 -0.954427 -0.0903668 0.284433 -36.0754 
0.295553 0.0121044 0.95525 182.461 -0.0914473 0.995687 0.015677 -8.7602 -0.950939 -0.0919884 0.295385 -35.8599 
0.306962 0.015937 0.951588 183.106 -0.0940446 0.995474 0.0136649 -8.77325 -0.947064 -0.0936863 0.307072 -35.6165 
0.317669 0.0196287 0.947999 183.786 -0.0930047 0.99561 0.0105509 -8.72708 -0.94363 -0.09152 0.318099 -35.3374 
0.329839 0.0203615 0.943818 184.402 -0.0923227 0.995671 0.0107843 -8.72766 -0.939512 -0.0906928 0.330291 -35.1044 
0.340787 0.0173571 0.93998 185.016 -0.09172 0.995674 0.0148674 -8.73519 -0.935656 -0.0912816 0.340905 -34.8568 
0.352215 0.0171428 0.935762 185.639 -0.0932057 0.995504 0.0168448 -8.72534 -0.931267 -0.0931513 0.352229 -34.6014 
0.363237 0.0165607 0.93155 186.254 -0.0986642 0.994904 0.020785 -8.75399 -0.926458 -0.0994605 0.36302 -34.3354 
0.372383 0.0149085 0.927959 186.886 -0.101204 0.994561 0.0246341 -8.74252 -0.922545 -0.103087 0.371867 -34.0491 
0.381795 0.0155134 0.924117 187.504 -0.105602 0.994044 0.0269416 -8.74745 -0.918194 -0.107874 0.381159 -33.813 
0.386248 0.0126748 0.922308 188.17 -0.102563 0.994295 0.0292878 -8.71301 -0.916675 -0.105907 0.385345 -33.5048 
0.387652 0.00806166 0.921771 188.822 -0.101856 0.994213 0.0341403 -8.72211 -0.916161 -0.107122 0.38623 -33.2021 
0.387843 0.00848372 0.921687 189.466 -0.09678 0.994805 0.031568 -8.70714 -0.916631 -0.101444 0.386649 -32.911 
0.385803 0.010127 0.922525 190.128 -0.0960285 0.994949 0.0292375 -8.68429 -0.91757 -0.0998687 0.384827 -32.598 
0.384184 0.0110946 0.92319 190.771 -0.0917105 0.995441 0.0262023 -8.65689 -0.918691 -0.0947327 0.38345 -32.3004 
0.383318 0.0105782 0.923556 191.415 -0.0903509 0.995568 0.0260967 -8.63117 -0.919187 -0.0934475 0.382575 -32.0122 
0.382805 0.00573643 0.923811 192.136 -0.0868008 0.99578 0.0297849 -8.591 -0.919742 -0.0915893 0.381688 -31.6884 
0.383774 0.00119946 0.923426 192.841 -0.0846323 0.995836 0.0338796 -8.59695 -0.919541 -0.0911538 0.382278 -31.4229 
0.380233 -0.00068195 0.92489 193.533 -0.0854517 0.995697 0.0358644 -8.59329 -0.920935 -0.0926702 0.378539 -31.0865 
0.37916 0.000980623 0.925331 194.259 -0.0891683 0.995384 0.0354824 -8.57008 -0.921025 -0.0959637 0.377497 -30.773 
0.377009 0.000653414 0.926209 194.932 -0.0892174 0.995375 0.0356134 -8.54476 -0.921903 -0.0960605 0.375324 -30.4909 
0.374275 0.00158333 0.927316 195.586 -0.093072 0.995013 0.035866 -8.56863 -0.922635 -0.0997309 0.372556 -30.1998 
0.37411 0.00541697 0.927368 196.305 -0.0914345 0.995326 0.0310718 -8.55993 -0.922866 -0.0964178 0.372857 -29.9185 
0.37178 0.0116542 0.928248 197.057 -0.0886388 0.995798 0.0229991 -8.50369 -0.92408 -0.0908293 0.37125 -29.5454 
0.371159 0.0142647 0.92846 197.635 -0.0891693 0.995809 0.0203468 -8.49247 -0.924278 -0.090342 0.370876 -29.3273 
0.370183 0.0103089 0.928902 198.303 -0.0877783 0.995853 0.0239294 -8.49061 -0.924802 -0.0903956 0.369553 -29.0581 
0.368316 0.00718958 0.929673 198.982 -0.0902847 0.99552 0.02807 -8.48202 -0.925307 -0.0942739 0.367315 -28.7648 
0.365671 0.00750478 0.930714 199.676 -0.0962811 0.994908 0.0298058 -8.49822 -0.925751 -0.100509 0.364531 -28.4731 
0.359442 0.00773546 0.933135 200.421 -0.0986572 0.994677 0.029757 -8.48544 -0.927938 -0.102756 0.358292 -28.1165 
0.352322 0.00660627 0.935855 201.095 -0.0991731 0.994608 0.0303148 -8.48183 -0.930609 -0.103492 0.351078 -27.8521 
0.343489 0.00570083 0.93914 201.773 -0.0986351 0.99467 0.0300377 -8.4834 -0.933963 -0.10295 0.34222 -27.5882 
0.331556 0.00740487 0.943407 202.522 -0.0940555 0.995247 0.0252436 -8.45893 -0.938736 -0.0971022 0.330676 -27.2686 
0.32011 0.0118634 0.947306 203.213 -0.0955466 0.995228 0.0198232 -8.44043 -0.94255 -0.0968574 0.319715 -26.9983 
0.307433 0.0118984 0.951495 203.927 -0.0983194 0.994967 0.0193255 -8.42838 -0.946477 -0.0994917 0.307055 -26.7327 
0.296448 0.00411307 0.95504 204.624 -0.0969522 0.994954 0.0258094 -8.44392 -0.950115 -0.100244 0.295351 -26.5185 
0.288416 -0.0044982 0.957495 205.351 -0.0906798 0.995366 0.0319907 -8.4279 -0.953202 -0.096052 0.286672 -26.2985 
0.281616 -0.0095444 0.95948 205.696 -0.0920528 0.99507 0.0369169 -8.44041 -0.955101 -0.0987192 0.279349 -26.25 
0.277671 -0.0100128 0.960624 206.425 -0.0957997 0.994673 0.0380588 -8.40785 -0.955888 -0.102595 0.275232 -26.0217 
0.275783 -0.0119178 0.961146 207.16 -0.094619 0.99473 0.0394834 -8.38637 -0.956552 -0.101832 0.273202 -25.804 
0.273633 -0.0134672 0.96174 207.86 -0.0920711 0.994944 0.0401281 -8.37317 -0.957417 -0.0995288 0.27101 -25.5904 
0.271963 -0.0109393 0.962246 208.583 -0.0920215 0.995057 0.0373207 -8.35338 -0.957898 -0.0986971 0.269612 -25.3455 
0.271362 -0.00952559 0.96243 209.346 -0.0970352 0.994585 0.0372035 -8.34691 -0.957573 -0.103485 0.268968 -25.1045 
0.27258 -0.00915862 0.96209 210.054 -0.100052 0.994264 0.0378117 -8.32434 -0.956917 -0.106566 0.2701 -24.9011 
0.273948 -0.0105362 0.961687 210.73 -0.0975237 0.994481 0.0386764 -8.28724 -0.956787 -0.104383 0.271409 -24.7038 
0.274404 -0.0122646 0.961536 211.44 -0.0946579 0.994718 0.0397015 -8.2597 -0.956944 -0.101911 0.271794 -24.4774 
0.276883 -0.0132946 0.960812 212.183 -0.0918893 0.994956 0.0402473 -8.24953 -0.9565 -0.0994321 0.274264 -24.2605 
0.279608 -0.0142032 0.960009 212.925 -0.0909554 0.995002 0.0412123 -8.22033 -0.955796 -0.0988413 0.276919 -24.0319 
0.284217 -0.0157623 0.95863 213.605 -0.092148 0.994787 0.0436772 -8.2028 -0.954321 -0.10075 0.281283 -23.8353 
0.289632 -0.021152 0.956904 214.316 -0.0911646 0.994601 0.0495787 -8.19031 -0.952787 -0.101595 0.28614 -23.5967 
0.294231 -0.0242257 0.955427 215.035 -0.0916055 0.994361 0.0534235 -8.15221 -0.951334 -0.103241 0.290352 -23.3448 
0.298877 -0.0242597 0.953983 215.753 -0.0912368 0.994371 0.0538708 -8.13141 -0.94992 -0.103139 0.294982 -23.1172 
0.302861 -0.0205087 0.952814 216.45 -0.0965711 0.993962 0.0520905 -8.13161 -0.948129 -0.10779 0.299052 -22.8617 
0.308376 -0.0146068 0.951152 217.16 -0.100482 0.993788 0.0478392 -8.0957 -0.945943 -0.110326 0.304993 -22.6245 
0.313237 -0.0118558 0.949601 217.897 -0.102718 0.993633 0.0462883 -8.06455 -0.944104 -0.11204 0.310025 -22.3692 
0.317579 -0.0117783 0.948159 218.591 -0.103672 0.993497 0.0470659 -8.03174 -0.942547 -0.113245 0.314293 -22.1144 
0.322257 -0.00953005 0.946604 219.311 -0.105935 0.993306 0.0460641 -8.01583 -0.940706 -0.115123 0.31909 -21.854 
0.32638 -0.00697944 0.945213 220.074 -0.105932 0.993403 0.0439135 -7.99902 -0.939284 -0.114461 0.323488 -21.5756 
0.330852 -0.00524482 0.943668 220.802 -0.108334 0.993162 0.0435021 -7.95764 -0.937444 -0.116624 0.328022 -21.3016 
0.335692 -0.00680296 0.941947 221.536 -0.107522 0.993161 0.0454918 -7.93485 -0.935815 -0.116552 0.332665 -21.028 
0.340886 -0.00676566 0.94008 222.257 -0.104826 0.993465 0.0451612 -7.91538 -0.934242 -0.113939 0.337949 -20.7723 
0.344787 -0.00725822 0.938653 222.988 -0.100764 0.993906 0.0446981 -7.88964 -0.933257 -0.109994 0.341954 -20.4805 
0.349923 -0.00415849 0.936769 223.709 -0.103092 0.993745 0.0429206 -7.85902 -0.931089 -0.111592 0.347306 -20.2126 
0.353155 -0.00333531 0.935559 224.41 -0.108771 0.993066 0.0445993 -7.82287 -0.92922 -0.117512 0.350343 -19.9067 
0.357236 -0.00350114 0.934008 225.125 -0.110828 0.992769 0.0461107 -7.7988 -0.927416 -0.119987 0.354264 -19.6039 
0.361819 -0.000674446 0.932248 225.894 -0.108411 0.993185 0.0427945 -7.79122 -0.925923 -0.11655 0.35928 -19.2985 
0.364934 0.00726645 0.931005 226.617 -0.109649 0.993346 0.0352269 -7.75525 -0.924554 -0.114939 0.363302 -18.9884 
0.368084 0.0146373 0.929677 227.353 -0.115905 0.992799 0.0302589 -7.72263 -0.92254 -0.118892 0.36713 -18.6722 
0.370271 0.0150749 0.928802 228.083 -0.123709 0.991762 0.0332202 -7.67988 -0.92065 -0.127201 0.369085 -18.3451 
0.374689 0.0036265 0.927143 228.801 -0.120584 0.991689 0.0448531 -7.69151 -0.919276 -0.128605 0.372012 -18.0859 
0.376303 -0.00804817 0.926462 229.544 -0.117998 0.991403 0.0565398 -7.65634 -0.918952 -0.130597 0.372118 -17.7721 
0.378487 -0.0157978 0.925472 230.259 -0.118802 0.990755 0.0654985 -7.62591 -0.917951 -0.134739 0.373112 -17.4761 
0.379334 -0.0152151 0.925135 230.985 -0.12443 0.989943 0.0673012 -7.57659 -0.916855 -0.140644 0.373626 -17.1266 
0.381622 -0.00908148 0.924274 231.694 -0.12622 0.990073 0.0618426 -7.52938 -0.91566 -0.140262 0.376687 -16.802 
0.385929 -0.00328439 0.922523 232.43 -0.124781 0.990618 0.0557279 -7.49291 -0.914051 -0.136621 0.381898 -16.4883 
0.390453 0.00371629 0.920615 233.179 -0.128267 0.990458 0.0504027 -7.44434 -0.911644 -0.137765 0.387204 -16.1545 
0.393683 0.00581025 0.919228 233.847 -0.126307 0.990837 0.0478316 -7.4005 -0.910527 -0.134936 0.39081 -15.8178 
0.397812 0.00703285 0.91744 234.6 -0.124723 0.991102 0.0464838 -7.37607 -0.90895 -0.132918 0.39515 -15.4564 
0.402731 0.00550536 0.915302 235.302 -0.121091 0.991513 0.0473162 -7.32743 -0.907273 -0.129891 0.39998 -15.1679 
0.406536 0.000525507 0.913635 236.03 -0.117507 0.991725 0.0517162 -7.27496 -0.906047 -0.128383 0.403233 -14.8536 
0.409461 -0.00552304 0.912311 236.747 -0.116127 0.991532 0.0581225 -7.243 -0.904907 -0.129743 0.405353 -14.5041 
0.412381 -0.0109132 0.910946 237.436 -0.11401 0.991449 0.0634897 -7.21093 -0.903849 -0.130039 0.407611 -14.1958 
0.413338 -0.0168342 0.910422 238.177 -0.110728 0.99148 0.0686044 -7.16333 -0.90382 -0.129166 0.407952 -13.8042 
0.415164 -0.0232871 0.909448 238.89 -0.111922 0.990771 0.076462 -7.14544 -0.902836 -0.133532 0.408726 -13.4763 
0.416684 -0.024012 0.908734 239.57 -0.110613 0.990884 0.0769025 -7.08905 -0.902297 -0.132562 0.41023 -13.1505 
0.417222 -0.0114141 0.908733 240.276 -0.121322 0.990272 0.0681404 -7.05097 -0.90067 -0.138679 0.411779 -12.7822 
0.416882 0.00258235 0.908957 241.009 -0.121965 0.991112 0.0531222 -6.98541 -0.900741 -0.133007 0.413492 -12.3715 
0.417861 0.0116528 0.908436 241.657 -0.124871 0.991165 0.0447238 -6.96621 -0.899889 -0.132125 0.415624 -12.0722 
0.417926 0.00987344 0.908427 242.369 -0.124681 0.991103 0.0465881 -6.91984 -0.899885 -0.132734 0.415439 -11.7344 
0.417502 0.00529164 0.908661 243.091 -0.126375 0.990603 0.0522966 -6.88666 -0.899845 -0.136666 0.414247 -11.3787 
0.419195 0.00464219 0.907884 243.8 -0.126263 0.990567 0.0532343 -6.86556 -0.899074 -0.136948 0.415827 -11.0409 
