1 -4.23778e-08 4.22719e-08 0 -4.23778e-08 1 -4.19404e-08 0 4.22719e-08 -4.19404e-08 1 0 
0.999994 -0.00228947 -0.00249491 -0.0205264 0.0022859 0.999996 -0.00139948 -0.018383 0.00249819 0.00139368 0.999996 0.671745 
0.999978 -0.00108938 -0.00646021 -0.0438729 0.00106964 0.999995 -0.00304537 -0.0184028 0.00646358 0.00303831 0.999974 1.36932 
0.99994 -0.000314732 -0.0109235 -0.0648448 0.000267677 0.999991 -0.00430112 -0.0255788 0.0109249 0.00429786 0.999931 2.06614 
0.999875 0.000752146 -0.0157871 -0.0971932 -0.000833805 0.999986 -0.00516122 -0.0276247 0.0157831 0.00517365 0.999862 2.77875 
0.999787 0.000111171 -0.02064 -0.12555 -0.000236903 0.999981 -0.00608524 -0.0220393 0.0206391 0.00608875 0.999768 3.53905 
0.999701 0.00204924 -0.0243423 -0.175372 -0.00219699 0.999979 -0.00604082 -0.0452827 0.0243295 0.00609241 0.999685 4.24913 
0.999595 0.00469895 -0.0280646 -0.243235 -0.00490469 0.999962 -0.00726382 -0.0514684 0.0280294 0.00739844 0.99958 4.99432 
0.999483 0.00530571 -0.0317139 -0.298278 -0.00548889 0.999969 -0.00568939 -0.055908 0.0316828 0.00586044 0.999481 5.76281 
0.999399 0.00413785 -0.034408 -0.371014 -0.00425252 0.999986 -0.00325769 -0.0423812 0.0343941 0.00340197 0.999402 6.49265 
0.999294 0.00392245 -0.0373584 -0.424908 -0.00396766 0.999991 -0.00113406 -0.0347034 0.0373537 0.0012814 0.999301 7.31791 
0.999209 0.00728518 -0.0391005 -0.498686 -0.00731798 0.999973 -0.000693726 -0.0618733 0.0390945 0.000979229 0.999235 8.1614 
0.999173 0.00593498 -0.0402155 -0.56378 -0.00599665 0.999981 -0.00141102 -0.0489557 0.0402064 0.00165092 0.99919 8.94411 
0.999128 0.00287861 -0.0416419 -0.610791 -0.00295689 0.999994 -0.00181644 -0.0674585 0.0416365 0.00193791 0.999131 9.77968 
0.999076 0.00353422 -0.0428411 -0.705656 -0.00361105 0.999992 -0.00171413 -0.069724 0.0428348 0.00186716 0.99908 10.6566 
0.999021 0.0016514 -0.0441981 -0.758215 -0.00175724 0.999996 -0.00235408 -0.0712927 0.0441942 0.00242936 0.99902 11.525 
0.999061 0.00485028 -0.0430435 -0.868659 -0.00508647 0.999973 -0.0053775 -0.0751759 0.0430163 0.00559131 0.999059 12.356 
0.99892 0.00601243 -0.0460639 -0.903992 -0.00640365 0.999945 -0.00834831 -0.0717946 0.0460112 0.00863419 0.998904 13.2118 
0.99882 0.00958016 -0.0476133 -0.971615 -0.0101058 0.99989 -0.0108103 -0.0714153 0.0475046 0.0112786 0.998807 14.0931 
0.998792 0.0118803 -0.0476778 -1.05147 -0.0123652 0.999875 -0.00988673 -0.0986541 0.0475545 0.0104642 0.998814 14.9698 
0.998741 0.00915 -0.04933 -1.10385 -0.00956367 0.999921 -0.00815467 -0.113129 0.0492516 0.00861609 0.998749 15.8543 
0.998774 0.0107798 -0.0483142 -1.19507 -0.0110816 0.999921 -0.00598019 -0.140499 0.048246 0.00650817 0.998814 16.7432 
0.998673 0.00965876 -0.0505757 -1.22304 -0.0100166 0.999926 -0.00682433 -0.137285 0.0505062 0.00732179 0.998697 17.6008 
0.998517 0.0092539 -0.053648 -1.25721 -0.00972852 0.999916 -0.00859097 -0.141739 0.0535641 0.00910006 0.998523 18.4975 
0.998461 0.00744424 -0.0549578 -1.30289 -0.00790392 0.999935 -0.00815006 -0.168038 0.0548937 0.00857182 0.998455 19.3935 
0.998466 0.00765684 -0.0548403 -1.37472 -0.00807061 0.999941 -0.00732602 -0.175336 0.054781 0.00775729 0.998468 20.3379 
0.998396 0.00894953 -0.055903 -1.42484 -0.00921624 0.999947 -0.00451343 -0.179307 0.0558597 0.00502132 0.998426 21.2905 
0.998459 0.0102422 -0.054536 -1.50541 -0.0103299 0.999946 -0.00132535 -0.18045 0.0545195 0.00188657 0.998511 22.2225 
0.998542 0.00865454 -0.053272 -1.55162 -0.0086005 0.999962 0.00124513 -0.181874 0.0532808 -0.000785232 0.998579 23.1552 
0.998618 0.0075943 -0.0519993 -1.61857 -0.00747421 0.999969 0.00250504 -0.20511 0.0520168 -0.00211301 0.998644 24.0738 
0.998605 0.00950804 -0.0519464 -1.64495 -0.00956096 0.999954 -0.000768667 -0.190895 0.0519367 0.00126417 0.998649 25.0327 
0.998698 0.0102245 -0.0499748 -1.72195 -0.0105574 0.999924 -0.00640026 -0.194488 0.0499057 0.00691945 0.99873 25.9897 
0.998804 0.00950211 -0.0479678 -1.80185 -0.00993884 0.999911 -0.00887257 -0.212043 0.0478793 0.00933861 0.998809 26.9201 
0.998868 0.00747372 -0.0469856 -1.87429 -0.00788027 0.999933 -0.00847167 -0.213811 0.0469192 0.00883225 0.99886 27.843 
0.998831 0.00488608 -0.0480882 -1.92599 -0.00508848 0.999979 -0.00408574 -0.226452 0.0480673 0.00432557 0.998835 28.8242 
0.998825 -0.0023546 -0.0484069 -1.99678 0.00244982 0.999995 0.00190959 -0.292828 0.0484022 -0.00202602 0.998826 29.771 
0.998786 -0.00729236 -0.0487158 -2.06049 0.00737698 0.999971 0.0015591 -0.309595 0.0487031 -0.00191667 0.998811 30.731 
0.998739 -0.00899876 -0.0493984 -2.12637 0.00887545 0.999957 -0.00271351 -0.316954 0.0494208 0.00227157 0.998775 31.6824 
0.998692 -0.0093257 -0.0502706 -2.20212 0.00897766 0.999934 -0.00714298 -0.325008 0.0503339 0.00668224 0.99871 32.6139 
0.998688 -0.0068012 -0.0507594 -2.3047 0.00639628 0.999946 -0.00813382 -0.326964 0.0508121 0.00779839 0.998678 33.5597 
0.998621 -0.0066213 -0.0520694 -2.36272 0.00627947 0.999958 -0.00672408 -0.335825 0.0521118 0.00638776 0.998621 34.5579 
0.998573 -0.00416782 -0.0532305 -2.44027 0.00391754 0.999981 -0.00480373 -0.351878 0.0532496 0.00458826 0.998571 35.5458 
0.998522 -0.00404348 -0.0541883 -2.49891 0.00384629 0.999986 -0.0037413 -0.368693 0.0542027 0.00352726 0.998524 36.5559 
0.998496 -0.000854724 -0.0548098 -2.57993 0.000775219 0.999999 -0.00147031 -0.384961 0.0548111 0.00142553 0.998496 37.5381 
0.99851 -0.00149193 -0.0545452 -2.65031 0.00163586 0.999995 0.00259579 -0.420438 0.0545411 -0.00268124 0.998508 38.5294 
0.998492 0.00420195 -0.0547312 -2.7351 -0.00396009 0.999982 0.00452836 -0.429219 0.0547493 -0.00430488 0.998491 39.5115 
0.998447 0.0053023 -0.055449 -2.79825 -0.00516328 0.999983 0.00265154 -0.430902 0.0554622 -0.00236121 0.998458 40.5141 
0.998491 0.0059028 -0.0546036 -2.87112 -0.0058213 0.999982 0.00165295 -0.45194 0.0546124 -0.00133268 0.998507 41.5142 
0.998453 0.00921295 -0.054841 -2.94772 -0.00932226 0.999955 -0.0017363 -0.448286 0.0548226 0.00224477 0.998494 42.473 
0.998401 0.00956539 -0.0557148 -3.01804 -0.00967893 0.999952 -0.00176702 -0.470334 0.0556953 0.00230337 0.998445 43.459 
0.998389 0.00796982 -0.0561786 -3.09369 -0.00799992 0.999968 -0.000309377 -0.497856 0.0561744 0.000758217 0.998421 44.4243 
0.998355 0.00993771 -0.0564579 -3.17247 -0.00994392 0.99995 0.00017234 -0.502835 0.0564569 0.000389271 0.998405 45.3939 
0.998341 0.0120398 -0.0563021 -3.24413 -0.0122251 0.999921 -0.00294712 -0.531449 0.0562622 0.00363045 0.998409 46.3657 
0.998299 0.0128888 -0.0568511 -3.32881 -0.0132273 0.999897 -0.00558127 -0.567113 0.0567733 0.00632368 0.998367 47.3138 
0.998283 0.0138614 -0.0569062 -3.40796 -0.0143145 0.999869 -0.00756033 -0.575201 0.056794 0.00836184 0.998351 48.2646 
0.998204 0.012691 -0.0585475 -3.43147 -0.012997 0.999904 -0.00484876 -0.577303 0.0584804 0.00560091 0.998273 49.2639 
0.998225 0.00993373 -0.0587238 -3.50576 -0.0100374 0.999948 -0.00146941 -0.600656 0.0587062 0.00205615 0.998273 50.209 
0.99818 0.00786657 -0.0597869 -3.56063 -0.00792832 0.999968 -0.00079426 -0.615753 0.0597789 0.00126674 0.998211 51.1919 
0.998212 0.0048371 -0.0595678 -3.63414 -0.00497231 0.999985 -0.00212047 -0.636407 0.0595567 0.00241279 0.998222 52.1511 
0.998265 0.0024874 -0.0588275 -3.72772 -0.00273371 0.999988 -0.00410552 -0.646377 0.0588167 0.00425913 0.99826 53.0837 
0.998274 0.00184837 -0.0587054 -3.81355 -0.00204189 0.999993 -0.00323508 -0.649814 0.058699 0.00334928 0.99827 54.0255 
0.998245 -0.000817735 -0.0592054 -3.88559 0.000924574 0.999998 0.00177857 -0.676968 0.0592039 -0.00183028 0.998244 54.955 
0.998227 -0.00145837 -0.0595005 -3.95315 0.00184319 0.999978 0.00641455 -0.694338 0.0594899 -0.00651293 0.998208 55.8994 
0.998198 0.000142284 -0.0600074 -4.01826 0.000374417 0.999963 0.00860066 -0.697827 0.0600064 -0.00860771 0.998161 56.8696 
0.998189 0.000946379 -0.0601423 -4.11806 -0.000658312 0.999988 0.00481075 -0.711419 0.0601463 -0.00476254 0.998178 57.7935 
0.998086 0.00231367 -0.0617944 -4.18085 -0.00251748 0.999992 -0.00321924 -0.715831 0.0617865 0.00336856 0.998084 58.7077 
0.998047 0.00430024 -0.0623235 -4.25681 -0.0048429 0.999952 -0.00855744 -0.728697 0.0622838 0.00884247 0.998019 59.6148 
0.997982 0.00865584 -0.0629024 -4.34046 -0.00912347 0.999933 -0.00714948 -0.758166 0.0628364 0.00770886 0.997994 60.4915 
0.997856 0.0119721 -0.0643402 -4.41965 -0.0123063 0.999913 -0.00479975 -0.779404 0.0642772 0.00558117 0.997916 61.3744 
0.997833 0.0154123 -0.0639694 -4.52749 -0.0156286 0.999874 -0.00288075 -0.804555 0.063917 0.00387417 0.997948 62.2127 
0.99778 0.0154425 -0.064774 -4.60273 -0.015677 0.999872 -0.00311249 -0.827553 0.0647178 0.00412096 0.997895 63.0374 
0.997651 0.01787 -0.0661326 -4.66085 -0.0181133 0.999831 -0.00308061 -0.823523 0.0660665 0.00427116 0.997806 63.861 
0.997531 0.0184033 -0.0677753 -4.73188 -0.0185822 0.999825 -0.00200945 -0.858626 0.0677265 0.00326381 0.997699 64.6778 
0.997464 0.0171457 -0.0690763 -4.79809 -0.0173142 0.999848 -0.00183996 -0.862059 0.0690344 0.00303121 0.99761 65.4704 
0.997373 0.0170413 -0.0704064 -4.86869 -0.0171674 0.999852 -0.0011861 -0.873886 0.0703759 0.0023916 0.997518 66.2649 
0.997248 0.0217289 -0.070882 -4.95939 -0.0216173 0.999763 0.00234222 -0.910872 0.0709162 -0.00080358 0.997482 67.0422 
0.997136 0.0226615 -0.0721529 -5.03141 -0.0223146 0.999735 0.00561112 -0.91488 0.072261 -0.00398507 0.997378 67.8458 
0.996891 0.0255632 -0.074529 -5.09125 -0.0250343 0.999654 0.00802357 -0.937507 0.0747084 -0.00613293 0.997186 68.6077 
0.996764 0.0279386 -0.0753726 -5.17267 -0.0277109 0.999608 0.00406623 -0.96252 0.0754567 -0.00196452 0.997147 69.359 
0.996568 0.0276784 -0.0780125 -5.21296 -0.0280779 0.999598 -0.0040267 -0.959944 0.0778697 0.00620322 0.996944 70.101 
0.996543 0.0269005 -0.0786061 -5.29696 -0.0276874 0.999577 -0.00893641 -0.9872 0.0783325 0.0110818 0.996866 70.7954 
0.996434 0.0281234 -0.0795549 -5.34961 -0.0289905 0.999532 -0.00976456 -1.00215 0.0792431 0.012036 0.996783 71.4877 
0.996349 0.031355 -0.0794026 -5.44249 -0.0319793 0.999467 -0.00660159 -1.00968 0.0791534 0.00911665 0.996821 72.1479 
0.996208 0.0311445 -0.0812391 -5.50336 -0.0316578 0.999486 -0.00503725 -1.0191 0.0810406 0.00758991 0.996682 72.8118 
0.996211 0.0280241 -0.0823302 -5.56271 -0.0288021 0.999551 -0.00827649 -1.02564 0.0820614 0.0106163 0.996571 73.4373 
0.996378 0.0196311 -0.0827356 -5.61106 -0.0207581 0.999703 -0.0127825 -1.0595 0.0824601 0.0144536 0.996489 74.0383 
0.996581 0.016488 -0.0809645 -5.6859 -0.0179654 0.999684 -0.0175521 -1.08053 0.0806496 0.0189466 0.996562 74.6323 
0.996662 0.0186217 -0.0794839 -5.7075 -0.0199539 0.999673 -0.0159991 -1.12888 0.0791601 0.0175317 0.996708 75.2134 
0.996847 0.0238908 -0.0756603 -5.76242 -0.0250129 0.99959 -0.0139165 -1.12885 0.0752969 0.015765 0.997036 75.7707 
0.997231 0.0218375 -0.0710808 -5.80801 -0.0226641 0.999684 -0.010842 -1.15023 0.0708217 0.0124229 0.997412 76.3276 
0.997702 0.0182638 -0.0652433 -5.84327 -0.0187094 0.999806 -0.00622413 -1.16965 0.065117 0.0074304 0.99785 76.8462 
0.9983 0.0138577 -0.0566031 -5.8835 -0.014081 0.999894 -0.003547 -1.17594 0.056548 0.00433791 0.99839 77.3623 
0.99869 0.0177553 -0.0479901 -5.86049 -0.0179321 0.999834 -0.00325479 -1.20573 0.0479244 0.004111 0.998842 77.8953 
0.999217 0.0228848 -0.0322653 -5.89528 -0.0229894 0.999732 -0.00287112 -1.23067 0.032191 0.00361054 0.999475 78.4031 
0.999498 0.0280582 -0.0147026 -5.89104 -0.0281066 0.9996 -0.00308898 -1.23729 0.0146101 0.00350059 0.999887 78.8884 
0.999611 0.0267014 0.00800011 -5.89431 -0.0266813 0.99964 -0.00261403 -1.24234 -0.00806695 0.00239948 0.999964 79.3621 
0.999142 0.0226283 0.0346759 -5.87048 -0.0225829 0.999743 -0.00170408 -1.26006 -0.0347055 0.000919457 0.999397 79.816 
0.99767 0.0219378 0.064603 -5.83525 -0.0219161 0.999759 -0.00104493 -1.26096 -0.0646102 -0.000373435 0.99791 80.2696 
0.994893 0.0225796 0.0983722 -5.78792 -0.0226377 0.999744 -0.000527072 -1.26115 -0.0983588 -0.00170261 0.995149 80.7131 
0.990485 0.0220724 0.135836 -5.71598 -0.0222682 0.999752 -7.88293e-05 -1.27892 -0.135804 -0.00294682 0.990731 81.1333 
0.983751 0.022921 0.178069 -5.62547 -0.023142 0.999732 -0.000836356 -1.28411 -0.17804 -0.00329819 0.984018 81.5446 
0.974396 0.0217534 0.223785 -5.5386 -0.0222052 0.999753 -0.00049828 -1.30765 -0.22374 -0.00448373 0.974638 81.9262 
0.961782 0.0226407 0.272878 -5.41346 -0.022655 0.999738 -0.003099 -1.32247 -0.272877 -0.00320158 0.962043 82.3104 
0.945546 0.023837 0.324614 -5.24737 -0.0228642 0.999715 -0.00681159 -1.33459 -0.324684 -0.000981444 0.945822 82.6557 
0.924737 0.0248612 0.379795 -5.07022 -0.0227152 0.999691 -0.0101318 -1.33707 -0.379929 0.000742014 0.925015 82.9997 
0.898856 0.0240881 0.437582 -4.90454 -0.0210318 0.999709 -0.0118299 -1.35498 -0.43774 0.00143015 0.8991 83.3303 
0.868684 0.0220529 0.494876 -4.70305 -0.0181213 0.999755 -0.0127424 -1.38844 -0.495036 0.00210126 0.86887 83.6218 
0.834189 0.0222466 0.551029 -4.46103 -0.0153533 0.999735 -0.0171193 -1.3767 -0.551264 0.00582052 0.83431 83.9144 
0.796252 0.0213002 0.60459 -4.20463 -0.0127248 0.999748 -0.0184634 -1.39264 -0.604831 0.00700818 0.796323 84.1842 
0.755062 0.0199826 0.655349 -3.93049 -0.010883 0.99978 -0.0179461 -1.40859 -0.655563 0.00641827 0.755113 84.4371 
0.710756 0.0196026 0.703166 -3.64374 -0.01323 0.999807 -0.0144996 -1.43108 -0.703314 0.00100274 0.710878 84.683 
0.662818 0.0185447 0.748551 -3.3398 -0.0124621 0.999828 -0.0137353 -1.44645 -0.748677 -0.000224552 0.662935 84.9354 
0.614829 0.017328 0.78847 -3.03157 -0.00781638 0.999843 -0.0158783 -1.45205 -0.788621 0.00359946 0.614869 85.117 
0.566019 0.0148153 0.824259 -2.70401 -0.00214621 0.999862 -0.0164979 -1.46791 -0.824389 0.00756906 0.565973 85.3061 
0.51808 0.0173877 0.855155 -2.3801 -0.00212899 0.999816 -0.0190394 -1.47123 -0.855329 0.00804328 0.518022 85.4605 
0.469946 0.0198993 0.882471 -2.04706 -0.00685995 0.999798 -0.018892 -1.49069 -0.882668 0.00282448 0.469988 85.608 
0.423883 0.0222464 0.905444 -1.69714 -0.00271263 0.999725 -0.0232931 -1.47456 -0.905713 0.00741738 0.423826 85.7464 
0.380959 0.0197673 0.924381 -1.34905 0.00384818 0.999729 -0.0229646 -1.49119 -0.924584 0.0123057 0.380779 85.8434 
0.340064 0.0119777 0.940326 -0.979061 0.0204301 0.999589 -0.0201211 -1.49742 -0.94018 0.0260535 0.33968 85.9377 
0.304991 0.00825626 0.952319 -0.616108 0.0263982 0.999505 -0.0171198 -1.50411 -0.951989 0.0303609 0.304622 86.012 
0.272716 0.0126546 0.962011 -0.250482 0.023755 0.99952 -0.0198823 -1.51375 -0.961801 0.0282748 0.272285 86.0963 
0.2409 0.0183865 0.970376 0.108624 0.0133752 0.999663 -0.022262 -1.54604 -0.970458 0.0183418 0.240573 86.1837 
0.211822 0.0234559 0.977027 0.472688 0.00751584 0.999643 -0.0256284 -1.56346 -0.977279 0.0127718 0.21157 86.26 
0.185554 0.0249002 0.982318 0.874473 0.00879015 0.999597 -0.0269987 -1.58949 -0.982595 0.0136444 0.185261 86.3299 
0.162558 0.0259491 0.986358 1.28071 0.0164629 0.999444 -0.0290067 -1.60517 -0.986562 0.0209536 0.162041 86.3703 
0.142182 0.032464 0.989308 1.68211 0.0225502 0.999096 -0.0360262 -1.61154 -0.989584 0.0274314 0.141322 86.4102 
0.121462 0.0385605 0.991847 2.10005 0.0215413 0.998907 -0.041473 -1.62389 -0.992362 0.026403 0.120499 86.4587 
0.102105 0.0406187 0.993944 2.48581 0.0159751 0.99897 -0.0424653 -1.64226 -0.994645 0.0202143 0.101351 86.5173 
0.0861502 0.0363299 0.995619 2.87001 0.01043 0.999247 -0.0373648 -1.66763 -0.996227 0.0136033 0.0857065 86.58 
0.0713795 0.0346515 0.996847 3.32973 0.0124389 0.999288 -0.0356271 -1.66642 -0.997372 0.0149427 0.0708976 86.62 
0.0590711 0.0313906 0.99776 3.80485 0.0143744 0.999375 -0.0322926 -1.70001 -0.99815 0.0162497 0.058583 86.6142 
0.0479621 0.0317539 0.998344 4.32821 0.0193687 0.999277 -0.0327141 -1.70985 -0.998661 0.0209057 0.0473124 86.6289 
0.0383686 0.0320099 0.998751 4.81776 0.0229033 0.999196 -0.0329041 -1.7304 -0.999001 0.0241372 0.0376047 86.6303 
0.0316889 0.0324819 0.99897 5.27323 0.0253965 0.999123 -0.0332926 -1.75989 -0.999175 0.0264254 0.0308361 86.6045 
0.0269204 0.0326398 0.999104 5.82535 0.0271025 0.999075 -0.0333692 -1.78035 -0.99927 0.0279766 0.0260109 86.6161 
0.0216397 0.0339831 0.999188 6.33504 0.0292619 0.998972 -0.0346096 -1.80224 -0.999337 0.0299871 0.020623 86.6241 
0.0150484 0.0344827 0.999292 6.94605 0.0280326 0.998998 -0.0348948 -1.82706 -0.999494 0.0285379 0.0140667 86.6447 
0.0104852 0.0353318 0.999321 7.51732 0.0326235 0.998831 -0.0356569 -1.8462 -0.999413 0.0329752 0.00932035 86.6665 
0.00834484 0.0354555 0.999336 8.11329 0.0341978 0.998776 -0.0357213 -1.87298 -0.99938 0.0344732 0.00712213 86.6645 
0.00390619 0.0354362 0.999364 8.73024 0.0339771 0.99879 -0.0355487 -1.88947 -0.999415 0.0340944 0.00269744 86.693 
0.00161065 0.0359041 0.999354 9.37913 0.0351464 0.998736 -0.0359386 -1.90243 -0.999381 0.0351815 0.00034672 86.6956 
0.000867584 0.0358856 0.999355 10.0251 0.0407708 0.998524 -0.0358912 -1.91379 -0.999168 0.0407757 -0.000596782 86.7167 
0.00192352 0.0354248 0.99937 10.7347 0.0443647 0.998385 -0.0354754 -1.95272 -0.999013 0.044405 0.000348801 86.7227 
0.00421199 0.0362737 0.999333 11.4448 0.0463144 0.998262 -0.0364302 -1.96633 -0.998918 0.0464369 0.00252468 86.7352 
0.006449 0.0360293 0.99933 12.1225 0.0490362 0.998137 -0.0363028 -2.00483 -0.998776 0.0492374 0.00467025 86.8013 
0.0107708 0.0356187 0.999307 12.8878 0.0495778 0.998117 -0.0361107 -2.03861 -0.998712 0.0499324 0.00898458 86.8298 
0.0146569 0.0332299 0.99934 13.6346 0.0512319 0.99811 -0.0339405 -2.08322 -0.998579 0.0516956 0.0129267 86.8643 
0.0176777 0.032597 0.999312 14.4012 0.051283 0.998123 -0.0334655 -2.10007 -0.998528 0.0518393 0.0159729 86.9126 
0.0209538 0.0292041 0.999354 15.1671 0.0484819 0.998368 -0.0301919 -2.14955 -0.998604 0.0490832 0.0195037 86.96 
0.0251909 0.0300024 0.999232 15.9721 0.0461022 0.998451 -0.0311413 -2.15363 -0.998619 0.0468513 0.0237687 86.9892 
0.0292775 0.0309769 0.999091 16.7748 0.0439276 0.998514 -0.0322464 -2.18235 -0.998606 0.0448317 0.0278733 87.033 
0.031226 0.0344057 0.99892 17.5725 0.042191 0.998471 -0.0357092 -2.231 -0.998621 0.0432605 0.0297267 87.0914 
0.0328108 0.0392775 0.998689 18.3638 0.036789 0.998503 -0.0404789 -2.26698 -0.998784 0.0380689 0.0313167 87.1269 
0.0324006 0.0417953 0.998601 19.1568 0.0340285 0.9985 -0.0428952 -2.3107 -0.998895 0.0353708 0.0309297 87.1733 
0.0319499 0.0412147 0.998639 19.9578 0.0318191 0.998601 -0.0422312 -2.35949 -0.998983 0.0331251 0.0305938 87.2281 
0.0326008 0.0395994 0.998684 20.7911 0.0294884 0.998742 -0.0405644 -2.40155 -0.999033 0.030772 0.031392 87.2468 
0.0318363 0.0382485 0.998761 21.6141 0.0300899 0.998778 -0.0392083 -2.44257 -0.99904 0.0313009 0.0306465 87.3047 
0.0317458 0.0376801 0.998785 22.4428 0.0282427 0.998856 -0.0385805 -2.47925 -0.999097 0.0294332 0.0306453 87.3505 
0.0312187 0.0378276 0.998796 23.2522 0.0253609 0.998932 -0.0386255 -2.51926 -0.999191 0.0265362 0.030226 87.3994 
0.0313867 0.0391523 0.99874 24.0642 0.0221575 0.99896 -0.0398573 -2.55538 -0.999262 0.0233806 0.0304865 87.4372 
0.0304005 0.0402832 0.998726 24.8782 0.0197457 0.998968 -0.0408941 -2.59879 -0.999343 0.0209637 0.0295737 87.4752 
0.0279357 0.04015 0.998803 25.7036 0.015727 0.999052 -0.0405999 -2.63681 -0.999486 0.0168423 0.0272778 87.5037 
0.0237705 0.0392473 0.998947 26.5359 0.0134962 0.999125 -0.0395755 -2.67503 -0.999626 0.0144228 0.02322 87.5401 
0.0186696 0.0367902 0.999149 27.3473 0.0110229 0.999254 -0.0370002 -2.7192 -0.999765 0.0117043 0.0182501 87.5676 
0.013442 0.0349463 0.999299 28.1612 0.00996817 0.999335 -0.0350818 -2.76042 -0.99986 0.0104328 0.0130847 87.5765 
0.00541127 0.0352958 0.999362 28.9651 0.0106179 0.999318 -0.0353518 -2.80028 -0.999929 0.0108024 0.00503282 87.6028 
-0.00312177 0.0371769 0.999304 29.7704 0.0110599 0.999249 -0.0371403 -2.82948 -0.999934 0.0109363 -0.0035306 87.5996 
-0.0120647 0.0381923 0.999197 30.5683 0.0121159 0.999202 -0.0380463 -2.86284 -0.999854 0.0116471 -0.0125178 87.5727 
-0.0218174 0.0371446 0.999072 31.357 0.0141473 0.999221 -0.0368413 -2.90645 -0.999662 0.0133304 -0.0223259 87.562 
-0.0325495 0.0368365 0.998791 32.1499 0.0130436 0.999251 -0.0364285 -2.93272 -0.999385 0.0118421 -0.0330056 87.5539 
-0.0448921 0.0365932 0.998321 32.9356 0.0140199 0.999253 -0.0359971 -2.97255 -0.998893 0.0123804 -0.0453716 87.5395 
-0.0555327 0.0361689 0.997801 33.726 0.0144903 0.999268 -0.0354156 -3.02487 -0.998352 0.0124917 -0.0560161 87.507 
-0.0660525 0.0371588 0.997124 34.4739 0.0159518 0.999218 -0.0361802 -3.05467 -0.997689 0.0135161 -0.0665936 87.4397 
-0.0769965 0.0378327 0.996313 35.249 0.0167555 0.999188 -0.0366471 -3.10467 -0.99689 0.013872 -0.0775679 87.4038 
-0.0877114 0.0397056 0.995354 36.0127 0.0187033 0.999095 -0.0382068 -3.11983 -0.99597 0.0152652 -0.0883747 87.3541 
-0.0998028 0.040161 0.994196 36.776 0.0189206 0.999081 -0.0384591 -3.18593 -0.994827 0.0149724 -0.100471 87.3434 
-0.11031 0.0407285 0.993062 37.5172 0.0212844 0.999028 -0.038609 -3.21186 -0.993669 0.0168778 -0.111069 87.2885 
-0.119616 0.0416439 0.991946 38.2659 0.0214574 0.998995 -0.0393524 -3.24434 -0.992588 0.0165774 -0.120389 87.1948 
-0.127398 0.0417651 0.990972 39.0015 0.0223497 0.99898 -0.0392294 -3.27154 -0.9916 0.0171501 -0.128202 87.0837 
-0.136894 0.0395762 0.989795 39.7001 0.0238992 0.999043 -0.0366406 -3.32716 -0.990297 0.0186394 -0.137709 87.0264 
-0.142587 0.0381236 0.989048 40.4147 0.0267251 0.999042 -0.0346561 -3.36091 -0.989421 0.0214909 -0.14347 86.9385 
-0.146622 0.0356357 0.98855 41.1227 0.029104 0.999074 -0.0316984 -3.40768 -0.988764 0.0241231 -0.147523 86.841 
-0.149704 0.0347487 0.98812 41.833 0.0295628 0.999093 -0.0306557 -3.43483 -0.988289 0.0246224 -0.150595 86.7403 
-0.152059 0.0343907 0.987773 42.5211 0.0304468 0.999083 -0.0300976 -3.46987 -0.987902 0.025498 -0.152966 86.6577 
-0.151839 0.0343801 0.987807 43.1794 0.0317582 0.999048 -0.0298898 -3.51384 -0.987895 0.0268325 -0.152786 86.5482 
-0.152484 0.0352935 0.987675 43.8409 0.0316976 0.999023 -0.0308054 -3.5376 -0.987797 0.0266097 -0.153454 86.4775 
-0.14895 0.0380045 0.988114 44.485 0.0332788 0.998888 -0.0334025 -3.56272 -0.988285 0.027908 -0.150049 86.3802 
-0.143264 0.0388021 0.988923 45.1117 0.0335912 0.998846 -0.0343252 -3.58353 -0.989114 0.0283016 -0.144402 86.2926 
-0.134679 0.0395436 0.9901 45.7045 0.0338503 0.998804 -0.0352868 -3.61154 -0.990311 0.0287628 -0.135856 86.2172 
-0.124622 0.0400063 0.991397 46.2795 0.0334281 0.998789 -0.0361026 -3.64695 -0.991641 0.0286414 -0.125808 86.1741 
-0.111068 0.0400476 0.993005 46.8055 0.0335074 0.99877 -0.0365323 -3.67936 -0.993248 0.0292155 -0.112274 86.1354 
-0.0938032 0.0411289 0.994741 47.3354 0.032939 0.998727 -0.0381877 -3.71052 -0.995046 0.0291837 -0.0950386 86.0954 
-0.0719575 0.0432683 0.996469 47.8742 0.031199 0.998667 -0.0411109 -3.75347 -0.99692 0.0281306 -0.0732115 86.0659 
-0.0483417 0.0453188 0.997802 48.394 0.0275814 0.99865 -0.0440212 -3.80343 -0.99845 0.0253927 -0.0495264 86.0743 
-0.0203825 0.0465748 0.998707 48.8974 0.0254868 0.998614 -0.0460504 -3.84257 -0.999467 0.0245152 -0.0215413 86.0848 
0.01285 0.0462033 0.998849 49.4307 0.024164 0.998626 -0.0465039 -3.87128 -0.999625 0.0247338 0.0117159 86.118 
0.0510453 0.0436099 0.997744 49.9589 0.0223784 0.998745 -0.0447987 -3.90201 -0.998445 0.0246147 0.0500054 86.1668 
0.0944294 0.0388009 0.994775 50.4489 0.0168074 0.999036 -0.0405626 -3.96181 -0.99539 0.0205499 0.0936862 86.2232 
0.141102 0.0343221 0.9894 50.9628 0.0141246 0.999227 -0.0366775 -3.98917 -0.989894 0.0191501 0.140508 86.3182 
0.190992 0.0311189 0.981098 51.4601 0.0101811 0.999381 -0.0336809 -4.00928 -0.981539 0.0164215 0.190557 86.4409 
0.244215 0.0290337 0.969286 51.9499 0.00594377 0.999488 -0.031436 -4.05259 -0.969703 0.0134383 0.243918 86.581 
0.299897 0.0288335 0.953536 52.4353 0.00413183 0.999494 -0.0315228 -4.0751 -0.953963 0.0133934 0.299626 86.7707 
0.359953 0.0309748 0.932456 52.9064 0.00565124 0.999358 -0.0353788 -4.08082 -0.932953 0.0180042 0.359547 86.9668 
0.420822 0.0373777 0.906373 53.3619 0.00359542 0.999074 -0.04287 -4.07893 -0.907136 0.0212994 0.420298 87.2291 
0.480229 0.0403482 0.876215 53.7576 0.00268497 0.998869 -0.0474679 -4.11546 -0.877139 0.0251481 0.479578 87.5066 
0.54124 0.0430607 0.839765 54.17 -0.00229217 0.99876 -0.0497362 -4.15472 -0.840865 0.0249943 0.540668 87.7929 
0.599252 0.046948 0.799183 54.5253 -0.00822423 0.998587 -0.0524954 -4.17406 -0.800518 0.0248853 0.598792 88.0972 
0.652941 0.051875 0.75563 54.8593 -0.0140054 0.998308 -0.0564332 -4.1647 -0.757279 0.0262646 0.652563 88.4588 
0.702379 0.0482031 0.710169 55.1325 -0.0137183 0.998436 -0.0542017 -4.19977 -0.711671 0.0283278 0.701942 88.7964 
0.749044 0.0454166 0.660961 55.3975 -0.017638 0.998661 -0.0486326 -4.21823 -0.662285 0.0247699 0.748842 89.1742 
0.791954 0.0407069 0.609222 55.6318 -0.0196681 0.998958 -0.041181 -4.23464 -0.610263 0.0206312 0.79193 89.5529 
0.830556 0.0379858 0.555638 55.8623 -0.0227419 0.999152 -0.0343125 -4.25384 -0.55647 0.0158622 0.830716 89.965 
0.863219 0.0331474 0.50374 56.0627 -0.0231307 0.999391 -0.0261254 -4.268 -0.504299 0.0109 0.86346 90.407 
0.890249 0.033848 0.454215 56.2263 -0.0278404 0.999414 -0.0199099 -4.2917 -0.454623 0.0050792 0.89067 90.8355 
0.911951 0.036521 0.40867 56.387 -0.0327913 0.999332 -0.0161319 -4.30109 -0.408986 0.00131066 0.91254 91.2894 
0.927875 0.0446219 0.370211 56.4938 -0.0426279 0.998999 -0.0135704 -4.31482 -0.370446 -0.00318971 0.928849 91.7403 
0.940712 0.0485002 0.33572 56.6153 -0.0464931 0.99882 -0.0140191 -4.31867 -0.336004 -0.00242083 0.941857 92.2119 
0.950931 0.0511723 0.30514 56.7318 -0.0496002 0.998686 -0.0129082 -4.33207 -0.3054 -0.00286029 0.95222 92.6552 
0.958075 0.0453135 0.28291 56.8606 -0.0438109 0.998972 -0.0116392 -4.34754 -0.283147 -0.00124337 0.959076 93.1333 
0.962248 0.0436293 0.268653 56.9566 -0.0423135 0.999047 -0.0106892 -4.36869 -0.268864 -0.00108213 0.963178 93.6439 
0.965939 0.0469048 0.254481 57.0791 -0.0456709 0.998899 -0.0107586 -4.37299 -0.254706 -0.00123035 0.967018 94.1462 
0.968046 0.0523122 0.245255 57.1831 -0.051404 0.998627 -0.0101077 -4.37727 -0.245447 -0.00282239 0.969406 94.6435 
0.968804 0.0611705 0.240159 57.2771 -0.0600015 0.998124 -0.0121837 -4.38606 -0.240454 -0.00260633 0.970657 95.1081 
0.969447 0.0655471 0.236379 57.3937 -0.0632875 0.997848 -0.017143 -4.37589 -0.236994 0.00165938 0.97151 95.6304 
0.969479 0.0673517 0.235744 57.5073 -0.0647224 0.997725 -0.0188831 -4.40155 -0.236479 0.00304878 0.971632 96.1555 
0.968803 0.0666898 0.23869 57.6281 -0.0631551 0.997751 -0.0224355 -4.42207 -0.239649 0.00666102 0.970837 96.6867 
0.968159 0.0651445 0.24171 57.7735 -0.0597948 0.997777 -0.029411 -4.43498 -0.243089 0.0140215 0.969903 97.2346 
0.967447 0.065809 0.244367 57.9321 -0.0594285 0.997674 -0.033401 -4.45759 -0.245997 0.0177912 0.969107 97.779 
0.966032 0.0708285 0.248526 58.0715 -0.0645068 0.997355 -0.0335002 -4.47454 -0.250241 0.0163306 0.968046 98.3463 
0.964417 0.0730282 0.254101 58.2206 -0.0678312 0.99727 -0.0291673 -4.50465 -0.255537 0.0108934 0.966738 98.9253 
0.963423 0.0704138 0.258568 58.3762 -0.066067 0.99749 -0.0254737 -4.51956 -0.259713 0.00745909 0.965657 99.5014 
0.962617 0.0655328 0.262818 58.537 -0.0622748 0.997844 -0.0207171 -4.53223 -0.263609 0.00357569 0.964623 100.124 
0.96178 0.063662 0.266319 58.7093 -0.0617758 0.99797 -0.0154629 -4.56619 -0.266763 -0.00158021 0.963761 100.762 
0.961249 0.0590342 0.269288 58.8792 -0.0570895 0.998255 -0.0150549 -4.57655 -0.269707 -0.000902109 0.962942 101.384 
0.961471 0.0557539 0.269194 59.0524 -0.0526241 0.998437 -0.0188351 -4.58421 -0.269823 0.00394324 0.962902 102.001 
0.961368 0.0559803 0.269515 59.2051 -0.0511196 0.998379 -0.0250261 -4.6118 -0.270479 0.0102817 0.962671 102.642 
0.962358 0.0558677 0.26598 59.4304 -0.0492357 0.998289 -0.031543 -4.65241 -0.267287 0.0172599 0.963462 103.282 
0.963145 0.0580618 0.262643 59.6097 -0.0502727 0.998076 -0.0362862 -4.6553 -0.264244 0.0217451 0.964211 103.966 
0.963755 0.0568023 0.260671 59.7741 -0.0503085 0.998236 -0.0315229 -4.67955 -0.262002 0.0172663 0.964913 104.648 
0.96423 0.0532238 0.259667 59.9486 -0.0486847 0.998528 -0.0238858 -4.70762 -0.260556 0.0103896 0.965403 105.364 
0.965159 0.052363 0.256373 60.1374 -0.0494436 0.998618 -0.0178249 -4.73891 -0.256952 0.00452784 0.966414 106.072 
0.965362 0.0560065 0.254833 60.31 -0.053218 0.998424 -0.01783 -4.77122 -0.25543 0.0036506 0.966821 106.789 
0.965674 0.0618016 0.252297 60.4736 -0.0578278 0.998058 -0.023143 -4.78378 -0.253237 0.00775876 0.967373 107.511 
0.966809 0.0623807 0.247766 60.6623 -0.0570843 0.997962 -0.0285108 -4.80228 -0.24904 0.0134209 0.9684 108.264 
0.96812 0.0601529 0.243157 60.845 -0.0541805 0.998044 -0.0311818 -4.82697 -0.244557 0.0170133 0.969486 109.009 
0.96949 0.0574965 0.238292 61.0472 -0.0518388 0.998206 -0.0299476 -4.85665 -0.239586 0.016681 0.970732 109.772 
0.970315 0.0534058 0.235874 61.2136 -0.0480326 0.99844 -0.028472 -4.87813 -0.237027 0.0162971 0.971366 110.583 
0.97092 0.0519281 0.233705 61.3893 -0.0473556 0.998562 -0.0251386 -4.92099 -0.234675 0.0133402 0.971982 111.341 
0.971421 0.0486549 0.232321 61.5688 -0.0443673 0.998735 -0.0236485 -4.93926 -0.233178 0.0126651 0.972351 112.141 
0.971666 0.044077 0.232211 61.7539 -0.039631 0.998931 -0.0237796 -4.94196 -0.233011 0.013903 0.972375 112.947 
0.972061 0.0435808 0.230646 61.9448 -0.0395663 0.998975 -0.0220046 -4.97241 -0.231369 0.012264 0.972789 113.715 
0.971774 0.0499376 0.230567 62.1356 -0.0456835 0.998673 -0.0237564 -5.0124 -0.231448 0.0125527 0.972766 114.533 
0.971439 0.0556401 0.230673 62.309 -0.0506079 0.998335 -0.0276801 -5.03217 -0.231829 0.0152156 0.972638 115.365 
0.970729 0.0642663 0.23142 62.4826 -0.0590902 0.997824 -0.0292371 -5.07012 -0.232795 0.0147066 0.972414 116.177 
0.969618 0.0702565 0.234316 62.6547 -0.0654981 0.997459 -0.0280383 -5.10809 -0.23569 0.0118391 0.971756 116.99 
0.968822 0.0722495 0.236989 62.8403 -0.0679015 0.997341 -0.0264693 -5.13801 -0.238271 0.00955209 0.971152 117.848 
0.968253 0.07253 0.239217 63.037 -0.0679608 0.997314 -0.0273059 -5.16761 -0.240555 0.0101816 0.970582 118.68 
0.968017 0.071113 0.240594 63.2364 -0.0659196 0.997386 -0.0295766 -5.20803 -0.242068 0.0127707 0.970175 119.499 
0.968096 0.0651803 0.241953 63.4489 -0.0601034 0.99779 -0.0283133 -5.24423 -0.243263 0.0128678 0.969875 120.344 
0.968567 0.0579168 0.241918 63.6675 -0.0522874 0.998192 -0.0296317 -5.29009 -0.243196 0.0160509 0.969844 121.202 
0.968492 0.0568722 0.242464 63.8649 -0.051251 0.998252 -0.0294343 -5.32774 -0.243714 0.0160803 0.969714 122.035 
0.967988 0.0595432 0.24383 64.0653 -0.0547811 0.998153 -0.0262719 -5.36625 -0.244944 0.0120735 0.969462 122.875 
0.96753 0.0614161 0.245181 64.2632 -0.0580885 0.998095 -0.0207881 -5.40038 -0.245991 0.00587086 0.969254 123.716 
0.96688 0.0652221 0.246755 64.4515 -0.063157 0.997871 -0.0162835 -5.43227 -0.247292 0.000159797 0.968941 124.568 
0.966778 0.0634659 0.247615 64.6457 -0.0595938 0.997955 -0.0231096 -5.46304 -0.248575 0.00758547 0.968583 125.385 
0.966898 0.0620432 0.247505 64.8359 -0.0548614 0.997851 -0.0358157 -5.51117 -0.249195 0.0210516 0.968224 126.183 
0.967422 0.0589284 0.246217 65.0451 -0.0492577 0.99776 -0.0452591 -5.54648 -0.248332 0.0316565 0.968157 126.986 
0.967778 0.0552906 0.245658 65.2455 -0.0477523 0.99819 -0.0365427 -5.57652 -0.247234 0.0236344 0.968668 127.804 
0.968153 0.0493741 0.245443 65.4464 -0.0469323 0.998773 -0.0157918 -5.61605 -0.245921 0.00376961 0.969282 128.64 
0.96869 0.0452269 0.244117 65.6575 -0.0464648 0.99892 -0.000688834 -5.64747 -0.243884 -0.0106757 0.969745 129.47 
0.968634 0.0507672 0.24325 65.8459 -0.0507969 0.99869 -0.00615487 -5.68496 -0.243244 -0.00639461 0.969944 130.301 
0.968521 0.0588123 0.241884 66.013 -0.0550179 0.998234 -0.022418 -5.6983 -0.242775 0.00840429 0.970046 131.141 
0.968825 0.0588629 0.240653 66.1997 -0.0530977 0.998127 -0.030377 -5.72878 -0.24199 0.0166518 0.970136 131.943 
0.969815 0.0546705 0.237633 66.3966 -0.0486069 0.998327 -0.0313065 -5.76711 -0.238946 0.0188109 0.97085 132.735 
0.97057 0.0537534 0.234741 66.5858 -0.0478749 0.998382 -0.0306744 -5.78986 -0.23601 0.0185334 0.971574 133.532 
0.971394 0.0530907 0.231461 66.7589 -0.0469199 0.998383 -0.0320886 -5.82415 -0.23279 0.0203105 0.972315 134.351 
0.972493 0.0541874 0.226541 66.927 -0.0479701 0.998308 -0.0328649 -5.86915 -0.227939 0.0210937 0.973447 135.154 
0.972827 0.0602186 0.223563 67.0978 -0.0541518 0.997981 -0.0331754 -5.91161 -0.22511 0.0201675 0.974125 135.97 
0.972904 0.0662966 0.221499 67.2558 -0.0604509 0.997623 -0.0330752 -5.94981 -0.223165 0.0187891 0.974599 136.766 
0.973265 0.0682198 0.21932 67.4257 -0.0630362 0.997543 -0.0305554 -5.99414 -0.220866 0.0159133 0.975174 137.558 
0.973603 0.0655158 0.218643 67.5838 -0.0614502 0.997788 -0.0253515 -6.03471 -0.21982 0.0112465 0.975475 138.328 
0.974063 0.064976 0.216746 67.7381 -0.0611279 0.997831 -0.0244188 -6.08877 -0.217863 0.0105361 0.975922 139.08 
0.974738 0.0643962 0.213865 67.9126 -0.0596496 0.99781 -0.0285813 -6.09985 -0.215237 0.0151022 0.976445 139.909 
0.976023 0.0558714 0.210376 67.9882 -0.0506247 0.99826 -0.0302478 -6.18363 -0.2117 0.0188722 0.977152 140.645 
0.977583 0.053158 0.203731 68.1355 -0.0479186 0.998383 -0.0305687 -6.22917 -0.205027 0.0201208 0.978549 141.408 
0.97894 0.0521885 0.197362 68.2724 -0.0479383 0.998505 -0.0262555 -6.23386 -0.198438 0.0162413 0.979979 142.209 
0.980336 0.0491224 0.191125 68.4313 -0.0465964 0.998757 -0.0176919 -6.26273 -0.191757 0.00843821 0.981406 143.002 
0.98132 0.0462806 0.186731 68.596 -0.0451026 0.998927 -0.0105547 -6.23977 -0.187019 0.00193537 0.982354 143.782 
0.981852 0.0536872 0.181889 68.7222 -0.0532445 0.998555 -0.00732009 -6.27156 -0.182019 -0.0024974 0.983292 144.544 
0.982749 0.0561199 0.176226 68.8588 -0.0548937 0.998422 -0.0118298 -6.30083 -0.176611 0.00195197 0.984279 145.333 
0.983838 0.057013 0.169741 68.9544 -0.0543011 0.998312 -0.0205812 -6.34054 -0.170628 0.0110314 0.985274 146.132 
0.985074 0.0542416 0.163359 69.079 -0.0506086 0.998372 -0.0263234 -6.34947 -0.164521 0.0176631 0.986215 146.931 
0.986255 0.0546843 0.155921 69.2059 -0.0513177 0.998356 -0.0255396 -6.37254 -0.157062 0.017187 0.987439 147.718 
0.987049 0.059861 0.148832 69.2921 -0.0571396 0.998113 -0.0224987 -6.39137 -0.149898 0.013703 0.988606 148.536 
0.988002 0.064729 0.140223 69.3884 -0.0620379 0.997797 -0.0234837 -6.42939 -0.141434 0.0145028 0.989841 149.356 
0.989074 0.0676017 0.131007 69.4593 -0.0643318 0.997506 -0.0290386 -6.4554 -0.132644 0.0202933 0.990956 150.141 
0.990279 0.0661025 0.122383 69.5485 -0.0626698 0.997531 -0.0316932 -6.47833 -0.124176 0.0237153 0.991977 150.957 
0.991194 0.0668652 0.114292 69.6284 -0.0638597 0.997515 -0.029764 -6.49741 -0.115998 0.0222031 0.993001 151.767 
0.991928 0.0695219 0.106044 69.7048 -0.0676123 0.99748 -0.0215033 -6.53742 -0.107272 0.0141597 0.994129 152.579 
0.99241 0.0739209 0.098279 69.7578 -0.0726626 0.997223 -0.016327 -6.55779 -0.0992129 0.0090618 0.995025 153.404 
0.993078 0.0736747 0.0914819 69.8128 -0.0728147 0.997264 -0.012708 -6.58333 -0.0921678 0.00595874 0.995726 154.234 
0.993504 0.0743374 0.0861577 69.8529 -0.0736948 0.997224 -0.0106205 -6.5973 -0.0867079 0.00420207 0.996225 155.063 
0.993816 0.0739917 0.0827947 69.8994 -0.0732051 0.997238 -0.0125011 -6.62618 -0.0834909 0.00636268 0.996488 155.866 
0.993738 0.0788518 0.0791691 69.9281 -0.0777449 0.996829 -0.0169738 -6.6552 -0.0802563 0.0107125 0.996717 156.683 
0.993445 0.0863119 0.0749443 69.9529 -0.0848594 0.996142 -0.022361 -6.70702 -0.0765851 0.0158546 0.996937 157.513 
0.993693 0.0864171 0.0714587 69.9857 -0.0849124 0.996103 -0.0238397 -6.73736 -0.0732403 0.0176216 0.997159 158.34 
0.993733 0.0875287 0.0695273 70.0049 -0.0864134 0.99608 -0.0188965 -6.74285 -0.0709087 0.0127699 0.997401 159.199 
0.9935 0.0911519 0.0681835 70.0317 -0.0908385 0.995836 -0.00769108 -6.78729 -0.0686006 0.00144732 0.997643 160.058 
0.993486 0.0928377 0.0660815 70.0606 -0.0930739 0.995659 0.000497521 -6.81409 -0.0657483 -0.00664482 0.997814 160.89 
0.994129 0.0891821 0.0612702 70.0899 -0.0891185 0.996014 -0.00377726 -6.81458 -0.0613628 -0.0017053 0.998114 161.715 
0.995444 0.0775411 0.0554871 70.1234 -0.0769178 0.996949 -0.0132862 -6.83969 -0.0563479 0.00895766 0.998371 162.537 
0.996059 0.0749678 0.0474032 70.1644 -0.0742324 0.997094 -0.0170933 -6.86543 -0.0485468 0.013507 0.998729 163.335 
0.995949 0.0805571 0.0399542 70.1897 -0.080018 0.996682 -0.0149173 -6.89289 -0.0410232 0.0116598 0.99909 164.155 
0.996367 0.0785014 0.0330037 70.2015 -0.0782875 0.996901 -0.00772863 -6.91758 -0.033508 0.0051167 0.999425 164.98 
0.997008 0.0727641 0.0260683 70.2154 -0.0726716 0.997346 -0.00448045 -6.92237 -0.0263251 0.00257253 0.99965 165.827 
0.997798 0.0630215 0.0206717 70.2193 -0.0630226 0.998012 -0.000601751 -6.92086 -0.0206684 -0.000702436 0.999786 166.663 
0.998175 0.0588346 0.0136047 70.2358 -0.0588305 0.998268 -0.000703619 -6.93236 -0.0136224 -9.81154e-05 0.999907 167.496 
0.998431 0.0557429 0.00523639 70.25 -0.0556955 0.998409 -0.00881738 -6.92998 -0.00571948 0.00851183 0.999947 168.324 
0.998858 0.0477471 -0.0018422 70.228 -0.0477732 0.998687 -0.0184955 -6.94977 0.000956758 0.0185623 0.999827 169.152 
0.999221 0.0381495 -0.0101237 70.2571 -0.03836 0.999033 -0.0214699 -6.98193 0.00929497 0.0218414 0.999718 169.959 
0.999035 0.0407866 -0.0163009 70.2311 -0.0410156 0.999061 -0.0139661 -6.99393 0.0157161 0.0146211 0.99977 170.788 
0.998437 0.0517422 -0.0211003 70.175 -0.0517743 0.998658 -0.000972511 -7.00818 0.0210217 0.00206336 0.999777 171.64 
0.998155 0.05546 -0.0246997 70.113 -0.0553343 0.998451 0.00574652 -7.01311 0.0249802 -0.00436926 0.999678 172.493 
0.997962 0.057779 -0.0270816 70.0591 -0.0577214 0.998328 0.00290839 -7.03884 0.0272045 -0.00133936 0.999629 173.34 
0.997815 0.0591516 -0.0294298 70.0174 -0.0593671 0.998215 -0.00650186 -7.05023 0.0289928 0.00823474 0.999546 174.159 
0.997024 0.0698797 -0.0325421 69.9571 -0.0704002 0.997404 -0.0151303 -7.07063 0.0314004 0.0173762 0.999356 174.966 
0.997081 0.0677746 -0.0351464 69.9019 -0.0684577 0.99748 -0.0186074 -7.08485 0.0337968 0.020959 0.999209 175.81 
0.997375 0.0619094 -0.0375646 69.8622 -0.0624748 0.997947 -0.0140643 -7.09607 0.0366169 0.0163741 0.999195 176.676 
0.997392 0.0619269 -0.0370564 69.8186 -0.0622162 0.99804 -0.00670299 -7.09623 0.0365688 0.00899094 0.999291 177.539 
0.997344 0.0642201 -0.0343678 69.7245 -0.0642967 0.99793 -0.0011246 -7.10701 0.0342245 0.00333126 0.999409 178.415 
0.997308 0.0636911 -0.0363286 69.691 -0.0638288 0.997957 -0.00263882 -7.11173 0.0360864 0.00495044 0.999336 179.27 
0.997362 0.0610557 -0.0392478 69.6524 -0.0615149 0.99805 -0.0106 -7.14125 0.0385241 0.0129862 0.999173 180.115 
0.997807 0.0509393 -0.0422615 69.6214 -0.0519196 0.998399 -0.0224297 -7.15331 0.0410513 0.0245747 0.998855 180.955 
0.998213 0.0407157 -0.0437321 69.5685 -0.0418269 0.998817 -0.0247985 -7.19683 0.0426708 0.0265833 0.998735 181.814 
0.998162 0.0416906 -0.0439776 69.511 -0.0426705 0.998856 -0.0215817 -7.20771 0.0430276 0.0234185 0.998799 182.669 
0.997872 0.047692 -0.0444689 69.4522 -0.0481873 0.998787 -0.0101301 -7.23973 0.0439319 0.0122513 0.998959 183.522 
0.997717 0.0490781 -0.0463893 69.4165 -0.0494689 0.998749 -0.00731284 -7.26101 0.0459725 0.00959089 0.998897 184.333 
0.997772 0.0466759 -0.0476603 69.3573 -0.0473986 0.998776 -0.014145 -7.24808 0.0469418 0.0163725 0.998763 185.193 
0.997706 0.0497098 -0.0459537 69.2759 -0.0506355 0.998533 -0.0192003 -7.29543 0.0449319 0.021483 0.998759 186.065 
0.997383 0.0553993 -0.0464633 69.2187 -0.0563427 0.998226 -0.0192434 -7.31779 0.0453149 0.0218108 0.998735 186.897 
0.997133 0.0593564 -0.0469359 69.1653 -0.0601628 0.998061 -0.0159549 -7.34685 0.0458979 0.0187329 0.99877 187.737 
0.996809 0.0638101 -0.0479517 69.1112 -0.0645014 0.997833 -0.0130063 -7.36711 0.0470179 0.0160576 0.998765 188.583 
0.996542 0.067887 -0.0479127 69.0524 -0.0684791 0.997594 -0.0108227 -7.38287 0.0470628 0.0140662 0.998793 189.408 
0.996358 0.0688328 -0.0503324 69.0155 -0.0693762 0.997549 -0.00912581 -7.41558 0.0495809 0.0125844 0.998691 190.257 
0.99648 0.0671015 -0.0502482 68.9518 -0.0677969 0.997624 -0.0122617 -7.44838 0.0493061 0.0156251 0.998661 191.083 
