1 -4.23778e-08 4.22719e-08 0 -4.23778e-08 1 -4.19404e-08 0 4.22719e-08 -4.19404e-08 1 0 
0.999097 -0.00250975 0.0424113 0.165345 0.00268518 0.999988 -0.00408199 0.00458367 -0.0424004 0.00419211 0.999092 1.17917 
0.996082 -0.00393114 0.0883447 0.186685 0.00460341 0.999962 -0.00740821 -0.000693415 -0.0883121 0.00778579 0.996062 2.16013 
0.990757 -0.00507858 0.135549 0.186291 0.00675756 0.999906 -0.0119299 -0.0400523 -0.135476 0.0127356 0.990699 3.19424 
0.983422 -0.00374876 0.181294 0.246126 0.00609596 0.999905 -0.012392 -0.149987 -0.18123 0.0132916 0.983351 4.02371 
0.973947 -0.00513829 0.226716 0.624798 0.00795166 0.999902 -0.0114981 -0.211103 -0.226635 0.0130012 0.973893 5.15431 
0.962432 -0.00928963 0.271364 1.04495 0.013414 0.999821 -0.013348 -0.211352 -0.271191 0.0164866 0.962384 6.52348 
0.949086 -0.0123913 0.314774 1.31439 0.0178716 0.999735 -0.0145304 -0.284019 -0.314511 0.019416 0.949055 7.43729 
0.933964 -0.0160265 0.357007 1.6495 0.0236586 0.999575 -0.0170212 -0.314281 -0.356582 0.0243434 0.933947 8.33184 
0.917241 -0.0163196 0.397999 1.9688 0.0247207 0.999566 -0.0159859 -0.391776 -0.397565 0.0245017 0.917247 8.97311 
0.898193 -0.0173235 0.439259 2.15523 0.0258237 0.999577 -0.013383 -0.449294 -0.438841 0.0233637 0.898261 9.43196 
0.876713 -0.0165321 0.480729 2.56265 0.0253062 0.99961 -0.0117752 -0.470842 -0.480347 0.0224888 0.87679 10.2579 
0.852714 -0.0162437 0.522125 3.02205 0.0253033 0.999627 -0.0102254 -0.505506 -0.521765 0.0219308 0.852807 11.0913 
0.826098 -0.0199314 0.563173 3.07384 0.0299695 0.999514 -0.0085873 -0.566118 -0.562728 0.0239719 0.826294 11.4097 
0.79817 -0.0202899 0.60209 3.59732 0.0308716 0.999497 -0.00724337 -0.623102 -0.601641 0.0243689 0.798395 12.1584 
0.769731 -0.0215145 0.638006 3.77447 0.0329937 0.999437 -0.00610335 -0.698422 -0.637516 0.0257481 0.770007 12.3506 
0.738356 -0.0218285 0.674058 3.84864 0.0319984 0.999484 -0.00268381 -0.816707 -0.673652 0.0235504 0.738673 12.51 
0.705584 -0.021675 0.708295 4.31737 0.0316922 0.999497 -0.000984777 -0.887198 -0.707917 0.0231422 0.705916 12.9929 
0.671506 -0.0209958 0.740702 5.06518 0.0335612 0.999434 -0.00209633 -0.895597 -0.740239 0.0262665 0.671831 13.7167 
0.635452 -0.0231248 0.771794 5.58074 0.0382843 0.999266 -0.00158096 -0.899284 -0.771191 0.0305522 0.635871 14.1823 
0.598491 -0.0213354 0.800845 6.27419 0.0374813 0.999296 -0.00138845 -0.957806 -0.800252 0.0308477 0.598869 14.7697 
0.559479 -0.0218115 0.828558 7.02836 0.0423663 0.999099 -0.00230673 -1.01458 -0.827761 0.0363935 0.559899 15.4182 
0.521611 -0.020105 0.852946 7.74207 0.0461382 0.998924 -0.00466963 -1.03501 -0.851935 0.0417891 0.521978 15.8275 
0.479152 -0.019568 0.877514 8.45057 0.0481849 0.99883 -0.00403747 -1.04356 -0.876408 0.0442175 0.479535 16.4056 
0.439902 -0.0207964 0.897805 9.41505 0.0534075 0.998568 -0.00303797 -1.02857 -0.896456 0.0492859 0.440383 16.8692 
0.402724 -0.0202407 0.915098 10.3617 0.0564271 0.998403 -0.00274973 -1.00014 -0.913581 0.0527437 0.403223 17.288 
0.364716 -0.0180935 0.930943 11.0708 0.0567363 0.998385 -0.00282348 -1.10522 -0.929388 0.053848 0.365154 17.6696 
0.331729 -0.019124 0.943181 11.9936 0.0581869 0.998306 -0.000223485 -1.09047 -0.941578 0.0549549 0.33228 18.0449 
0.299142 -0.0213084 0.953971 12.9207 0.0632955 0.997992 0.0024436 -1.09844 -0.952107 0.059651 0.29989 18.3342 
0.263775 -0.0212034 0.964351 13.8978 0.0624742 0.998035 0.00485559 -1.11672 -0.962559 0.0589663 0.264582 18.6815 
0.232192 -0.0175739 0.972511 14.8269 0.0618722 0.998079 0.00326353 -1.12496 -0.9707 0.0594136 0.232833 18.9171 
0.201561 -0.0163863 0.979339 15.7757 0.0634789 0.997976 0.00363328 -1.11311 -0.977417 0.061435 0.202194 19.1375 
0.171169 -0.0164881 0.985104 16.7564 0.0664976 0.997773 0.00514568 -1.1079 -0.982995 0.0646262 0.171884 19.3275 
0.140616 -0.0163854 0.989928 17.7534 0.0649028 0.997865 0.00729746 -1.11915 -0.987934 0.063223 0.14138 19.4977 
0.111006 -0.0158226 0.993694 18.9311 0.0649967 0.997848 0.00862779 -1.10563 -0.991692 0.0636291 0.111796 19.5718 
0.0807848 -0.0158631 0.996605 19.886 0.0622394 0.998002 0.0108401 -1.12688 -0.994786 0.0611524 0.0816107 19.7164 
0.0539588 -0.016228 0.998411 20.8085 0.0641267 0.99786 0.0127532 -1.19514 -0.996482 0.0633367 0.054884 19.6983 
0.0280656 -0.0164334 0.999471 21.6082 0.0669751 0.997649 0.0145227 -1.22914 -0.99736 0.066532 0.0291002 19.7425 
0.00612475 -0.0157611 0.999857 22.6209 0.0713589 0.997334 0.0152841 -1.27684 -0.997432 0.0712551 0.00723311 19.7106 
-0.0149877 -0.0158704 0.999762 23.6327 0.0761858 0.996949 0.0169678 -1.2582 -0.996981 0.076422 -0.0137329 19.7215 
-0.0317882 -0.0175134 0.999341 24.7849 0.080816 0.996528 0.0200347 -1.26986 -0.996222 0.0813996 -0.0302625 19.7276 
-0.048141 -0.0173559 0.99869 25.9717 0.0845826 0.996187 0.0213895 -1.26627 -0.995253 0.0855015 -0.0464894 19.6822 
-0.0627278 -0.0168798 0.997888 27.4164 0.0860165 0.996045 0.0222556 -1.20071 -0.994317 0.0872309 -0.0610277 19.6405 
-0.0783511 -0.01697 0.996781 28.8516 0.0857336 0.996036 0.0236963 -1.13601 -0.993232 0.0873143 -0.0765857 19.6148 
-0.0944286 -0.0198171 0.995334 30.371 0.0841656 0.996063 0.0278165 -1.04981 -0.991967 0.0863996 -0.092389 19.5989 
-0.105116 -0.017239 0.99431 31.3964 0.0812498 0.996358 0.0258639 -1.06732 -0.991135 0.0835062 -0.103333 19.4488 
-0.118158 -0.0146176 0.992887 32.6566 0.0795655 0.996537 0.0241399 -1.06626 -0.989802 0.0818519 -0.116586 19.3346 
-0.127473 -0.0104791 0.991787 34.1369 0.0870305 0.995969 0.0217091 -0.978887 -0.988016 0.089083 -0.126047 19.2528 
-0.134235 -0.0104446 0.990894 35.1443 0.0874279 0.99592 0.0223412 -1.00289 -0.987085 0.0896308 -0.132774 19.0497 
-0.140639 -0.0112236 0.989997 36.0994 0.0869127 0.995935 0.0236376 -1.05571 -0.986239 0.0893677 -0.139092 18.8363 
-0.14824 -0.0101803 0.988899 37.0201 0.0898764 0.99567 0.0237228 -1.11063 -0.984859 0.0923953 -0.146684 18.8367 
-0.152709 -0.00777577 0.988241 38.1712 0.0901611 0.995689 0.0217665 -1.10696 -0.98415 0.0924248 -0.151349 18.6305 
-0.157775 -0.00808714 0.987442 39.4443 0.0908622 0.995605 0.0226721 -1.09878 -0.983286 0.0932982 -0.156347 18.455 
-0.162698 -0.00984687 0.986627 40.7538 0.103492 0.994264 0.0269892 -1.11538 -0.981233 0.106499 -0.160746 18.2307 
-0.167639 -0.0115402 0.985781 42.0622 0.116082 0.992744 0.0313622 -1.12602 -0.97899 0.119689 -0.165083 17.9999 
-0.170001 -0.0125392 0.985364 43.5069 0.116145 0.992695 0.0326706 -1.08597 -0.978575 0.119999 -0.167303 17.7956 
-0.172519 -0.0107077 0.984948 44.9021 0.120814 0.992161 0.0319474 -1.04187 -0.977569 0.124507 -0.169873 17.5824 
-0.174552 -0.00989199 0.984598 46.5975 0.123989 0.991769 0.0319451 -0.966197 -0.97681 0.127656 -0.171889 17.3425 
-0.180093 -0.00936778 0.983605 48.6888 0.128055 0.991222 0.0328865 -0.889596 -0.975278 0.131879 -0.177313 17.1758 
-0.181479 -0.00892379 0.983354 49.9563 0.127496 0.991306 0.0325254 -0.83573 -0.975095 0.131277 -0.178763 16.9857 
-0.18076 -0.00725346 0.9835 51.4178 0.127149 0.991409 0.0306808 -0.808911 -0.975274 0.130597 -0.178285 16.74 
-0.179093 -0.0068491 0.983808 52.8151 0.127028 0.991444 0.0300264 -0.768056 -0.975597 0.130349 -0.176691 16.4496 
-0.179915 -0.00657783 0.98366 54.3407 0.128727 0.991221 0.0301729 -0.738934 -0.975223 0.132052 -0.177489 16.2559 
-0.179631 -0.00644062 0.983713 55.6132 0.129796 0.991081 0.0301902 -0.758898 -0.975134 0.133105 -0.177193 16.0167 
-0.180178 -0.00687885 0.98361 57.3068 0.12882 0.991198 0.0305293 -0.793311 -0.975162 0.13221 -0.177706 15.8289 
-0.178946 -0.00706583 0.983834 58.9017 0.129739 0.991072 0.0307155 -0.743151 -0.975267 0.133138 -0.176431 15.5681 
-0.178631 -0.00712508 0.98389 60.5145 0.126891 0.991456 0.0302176 -0.720335 -0.975699 0.130245 -0.176201 15.3109 
-0.177858 -0.00947274 0.98401 62.0962 0.128701 0.991141 0.0328038 -0.687195 -0.975604 0.132478 -0.175064 15.0526 
-0.179064 -0.00985576 0.983788 63.679 0.131173 0.990783 0.0338011 -0.608688 -0.975054 0.135099 -0.176121 14.9325 
-0.181727 -0.0108076 0.98329 65.5608 0.132658 0.990529 0.0354043 -0.581576 -0.97436 0.136875 -0.178572 14.8691 
-0.18579 -0.0105452 0.982533 67.3903 0.129663 0.990935 0.0351538 -0.709351 -0.973997 0.13393 -0.182739 14.8737 
-0.193386 -0.0108831 0.981062 69.5629 0.126523 0.991312 0.0359368 -0.93536 -0.97293 0.131077 -0.190329 15.127 
-0.200969 -0.0112433 0.979533 71.7376 0.123376 0.991681 0.0366954 -1.15769 -0.971797 0.128225 -0.19791 15.3644 
-0.201049 -0.0109667 0.97952 73.5238 0.123274 0.991705 0.0364055 -1.10425 -0.971794 0.128069 -0.198029 15.0855 
-0.199689 -0.0101303 0.979807 75.2191 0.128971 0.990975 0.0365306 -1.05346 -0.971334 0.133662 -0.19658 14.7681 
-0.200916 -0.0103091 0.979554 76.9102 0.130528 0.990746 0.0371993 -1.04459 -0.970873 0.135333 -0.197711 14.5402 
-0.198463 -0.00956089 0.980062 78.5608 0.132473 0.990515 0.0364887 -0.996502 -0.971114 0.137073 -0.195314 14.1439 
-0.200357 -0.00834274 0.979687 80.197 0.134113 0.990317 0.0358608 -0.985322 -0.9705 0.138574 -0.197298 13.9154 
-0.202144 -0.00885947 0.979316 81.952 0.132299 0.990546 0.0362692 -0.964039 -0.970379 0.136894 -0.199061 13.6083 
-0.205937 -0.00875321 0.978526 83.5371 0.128461 0.991064 0.0359009 -0.943707 -0.970097 0.133096 -0.202973 13.3785 
-0.207231 -0.0103559 0.978237 85.2987 0.126572 0.991256 0.0373068 -0.909129 -0.970069 0.131549 -0.204108 13.1195 
-0.206716 -0.0113188 0.978335 87.0543 0.13071 0.99065 0.0390793 -0.866558 -0.969631 0.135956 -0.203304 12.7285 
-0.208763 -0.0123523 0.977888 88.7954 0.129627 0.990748 0.0401878 -0.827076 -0.969337 0.13515 -0.205231 12.4305 
-0.211683 -0.0127658 0.977255 90.3751 0.12933 0.990755 0.0409561 -0.830634 -0.968744 0.135058 -0.208075 12.162 
-0.218065 -0.0132097 0.975845 92.0556 0.123439 0.991505 0.0410056 -0.873686 -0.968096 0.129399 -0.214582 12.0226 
-0.223563 -0.0138266 0.974591 93.9205 0.123392 0.991453 0.0423708 -0.85276 -0.966847 0.129729 -0.219946 11.6494 
-0.230197 -0.0146384 0.973034 95.6798 0.117462 0.992158 0.0427148 -0.797913 -0.966029 0.124127 -0.226673 11.3078 
-0.233824 -0.0160973 0.972145 97.4147 0.115111 0.992372 0.044119 -0.738107 -0.965441 0.12222 -0.230188 10.91 
-0.238723 -0.0194505 0.970893 99.1725 0.115425 0.992143 0.0482569 -0.814687 -0.964203 0.123585 -0.234603 10.5578 
-0.24282 -0.0184102 0.969897 101.068 0.118323 0.991792 0.0484486 -0.799968 -0.962828 0.126525 -0.238648 10.0887 
-0.247088 -0.017879 0.968828 102.872 0.121162 0.991413 0.0491967 -0.772585 -0.961388 0.129541 -0.2428 9.71992 
-0.250271 -0.0185245 0.967998 104.763 0.11591 0.992053 0.0489527 -0.687008 -0.961212 0.124452 -0.246135 9.19968 
-0.254877 -0.0183766 0.966799 106.339 0.113762 0.992306 0.0488525 -0.622534 -0.960258 0.122437 -0.250825 8.82523 
-0.25922 -0.0187313 0.965637 108.408 0.114801 0.992126 0.0500629 -0.535586 -0.958971 0.123834 -0.255028 8.29111 
-0.263862 -0.0190238 0.964373 110.351 0.115088 0.992042 0.0510588 -0.452274 -0.95767 0.12446 -0.259573 7.76335 
-0.270443 -0.0201551 0.962525 112.269 0.115583 0.99187 0.053245 -0.387261 -0.955773 0.125651 -0.265914 7.28565 
-0.277597 -0.020114 0.960487 114.298 0.115811 0.991789 0.0542409 -0.344019 -0.953692 0.126292 -0.272988 6.79653 
-0.283019 -0.0186461 0.958933 116.3 0.114931 0.991947 0.0532085 -0.252335 -0.952203 0.12527 -0.278597 6.22984 
-0.288534 -0.0182531 0.957296 118.306 0.118017 0.991516 0.0544765 -0.153981 -0.950169 0.128696 -0.283931 5.65031 
-0.293648 -0.0167294 0.955767 120.293 0.116219 0.991805 0.053067 -0.0283632 -0.948822 0.126661 -0.289298 5.10497 
-0.301398 -0.017284 0.953342 122.163 0.116635 0.991659 0.0548526 0.0145251 -0.946338 0.127725 -0.296868 4.57955 
-0.306806 -0.0171363 0.951618 123.845 0.115686 0.991753 0.0551565 0.126427 -0.944715 0.127011 -0.302294 4.07534 
-0.31085 -0.0169257 0.950308 125.679 0.118404 0.991363 0.0563874 0.188579 -0.943055 0.130049 -0.306161 3.49127 
-0.316636 -0.0145755 0.948435 127.685 0.123702 0.990708 0.0565231 0.324721 -0.940446 0.135221 -0.311891 2.90237 
-0.317746 -0.0133137 0.948082 129.797 0.128862 0.990018 0.0570901 0.439101 -0.939379 0.140312 -0.312858 2.09397 
-0.319673 -0.0125222 0.947445 131.837 0.129881 0.989895 0.0569057 0.536583 -0.938584 0.141246 -0.314816 1.4029 
-0.320435 -0.0105461 0.947212 133.882 0.132346 0.989632 0.0557899 0.683199 -0.93798 0.143236 -0.315717 0.696659 
-0.325604 -0.0105089 0.945448 135.771 0.129677 0.989993 0.0556636 0.772035 -0.936571 0.140727 -0.320983 0.0610862 
-0.328723 -0.00724411 0.944399 137.873 0.138292 0.988823 0.0557208 0.875902 -0.934247 0.148919 -0.324047 -0.606351 
-0.332675 -0.00676092 0.943017 139.539 0.141052 0.988369 0.0568458 0.932402 -0.932433 0.151925 -0.327852 -1.1454 
-0.336266 -0.00717963 0.94174 141.267 0.140589 0.988383 0.057735 1.01322 -0.931214 0.151812 -0.33135 -1.87534 
-0.344527 -0.00448773 0.938766 143.001 0.142337 0.988178 0.0569616 1.09513 -0.927923 0.153246 -0.339815 -2.17139 
-0.349966 -0.00748752 0.936732 144.64 0.137163 0.988781 0.0591481 1.17406 -0.926666 0.149185 -0.345013 -2.74441 
-0.354038 -0.0086164 0.935191 146.583 0.13516 0.988988 0.0602799 1.245 -0.925413 0.147742 -0.348975 -3.43224 
-0.358895 -0.00796328 0.933344 148.232 0.137373 0.988623 0.0612585 1.34164 -0.923213 0.150202 -0.353718 -3.93568 
-0.364683 -0.00750601 0.931101 150.177 0.137615 0.988552 0.0618685 1.40129 -0.920906 0.150696 -0.359475 -4.56094 
-0.370341 -0.00639501 0.928874 151.78 0.135116 0.98897 0.0606793 1.53733 -0.919016 0.147978 -0.365392 -5.02585 
-0.373114 -0.00548276 0.927769 153.571 0.13484 0.989045 0.0600723 1.59192 -0.917935 0.147514 -0.368287 -5.73054 
-0.377263 -0.00373722 0.926098 155.067 0.138295 0.988552 0.060326 1.63705 -0.915722 0.150833 -0.372427 -6.28113 
-0.380794 -0.00287517 0.924655 156.302 0.137937 0.988629 0.0598797 1.68852 -0.914313 0.150346 -0.376068 -6.69183 
-0.383871 -0.00272449 0.923383 158.189 0.138394 0.988531 0.0604501 1.79396 -0.912957 0.150996 -0.379091 -7.43894 
-0.388952 -0.0019171 0.921256 159.985 0.140335 0.988204 0.0613054 1.8397 -0.910507 0.153129 -0.384095 -8.14342 
-0.393603 -0.00164003 0.919279 161.914 0.140193 0.988194 0.0617886 1.93002 -0.908528 0.153197 -0.388727 -8.92614 
-0.396265 -0.00276565 0.918132 163.695 0.141113 0.98793 0.0638802 1.97502 -0.907227 0.154874 -0.391092 -9.69989 
-0.399361 -0.0099383 0.91674 165.407 0.13395 0.988578 0.0690698 1.93198 -0.906955 0.150381 -0.393468 -10.4346 
-0.40261 -0.0081768 0.915335 167.472 0.136085 0.988313 0.0686855 2.08993 -0.905199 0.152217 -0.396792 -11.2552 
-0.406069 -0.0060098 0.913822 169.386 0.136672 0.988332 0.067232 2.19547 -0.903564 0.152195 -0.40051 -12.0196 
-0.409548 -0.00532926 0.912273 171.169 0.136285 0.988404 0.0669567 2.23518 -0.902051 0.151751 -0.404073 -12.7725 
-0.41248 -0.00384043 0.910958 173.157 0.132982 0.989025 0.0643832 2.36731 -0.901208 0.147698 -0.407442 -13.6006 
-0.420099 -0.00505189 0.907464 175.075 0.130854 0.989197 0.0660841 2.29849 -0.897994 0.146507 -0.4149 -14.0841 
-0.427266 -0.00415773 0.904116 177.047 0.128453 0.989566 0.0652549 2.38488 -0.894955 0.144018 -0.422274 -14.7181 
-0.435019 -0.00189063 0.900419 178.62 0.13274 0.988937 0.0662069 2.38101 -0.890583 0.148323 -0.429956 -15.0551 
-0.436858 -0.00227896 0.899527 180.356 0.134109 0.988656 0.0676351 2.4625 -0.889477 0.150182 -0.431597 -15.917 
-0.441067 -0.00337301 0.897468 182.164 0.132685 0.988759 0.0689253 2.53067 -0.887611 0.149482 -0.435662 -16.733 
-0.447039 -0.00521881 0.894499 184.023 0.132945 0.98849 0.0722081 2.57904 -0.88458 0.151199 -0.4412 -17.5263 
-0.45106 -0.00233126 0.89249 186.125 0.133671 0.988541 0.0701389 2.72795 -0.882426 0.150937 -0.44558 -18.4787 
-0.456898 -0.00125536 0.889518 188.017 0.131626 0.988895 0.0690051 2.84505 -0.879726 0.148612 -0.451659 -19.2881 
-0.460076 -0.00051517 0.887879 190.022 0.130746 0.989059 0.0683231 3.00848 -0.8782 0.147521 -0.454975 -20.2525 
-0.463506 0.00122217 0.886093 191.783 0.133024 0.988762 0.0682196 3.12476 -0.876052 0.149492 -0.458459 -21.1442 
-0.46658 -5.65297e-05 0.884479 193.613 0.132388 0.98873 0.0699005 3.22819 -0.874515 0.149709 -0.461314 -22.0611 
-0.470665 -0.00245331 0.882308 195.714 0.12934 0.989001 0.0717463 3.37543 -0.87278 0.147887 -0.465171 -23.0844 
-0.472707 -0.00259835 0.881215 197.392 0.130184 0.988817 0.0727495 3.4525 -0.87155 0.149109 -0.467083 -23.9824 
-0.474712 -0.00301364 0.880136 198.797 0.129325 0.988901 0.0731393 3.47094 -0.870588 0.148544 -0.469054 -24.8694 
-0.478706 -0.00446909 0.877964 200.602 0.125777 0.989323 0.0736155 3.54528 -0.868919 0.145668 -0.473033 -25.6709 
-0.480978 -0.00334568 0.876726 202.471 0.126764 0.989219 0.0733184 3.6031 -0.86752 0.146402 -0.475368 -26.7625 
-0.485483 -0.00340994 0.87424 204.236 0.126294 0.989229 0.0739919 3.67631 -0.865076 0.146333 -0.479823 -27.6386 
-0.487204 -0.00315175 0.873283 205.97 0.125389 0.989379 0.0735249 3.79647 -0.86424 0.145321 -0.481634 -28.5596 
-0.491414 -0.00430884 0.870915 207.675 0.123917 0.989468 0.0748158 3.8086 -0.862065 0.144687 -0.485705 -29.4106 
-0.495152 -0.00528159 0.86879 209.628 0.124414 0.989244 0.0769214 3.90577 -0.859852 0.146178 -0.489169 -30.3698 
-0.499173 -0.0069132 0.866475 211.333 0.122845 0.989303 0.0786636 4.00521 -0.85775 0.145709 -0.492984 -31.2864 
-0.501529 -0.0112026 0.865068 212.975 0.117038 0.989845 0.0806722 3.95083 -0.857187 0.141706 -0.495125 -32.4588 
-0.506184 -0.0128117 0.86233 214.887 0.114713 0.990005 0.0820444 3.93271 -0.854762 0.14045 -0.499655 -33.3951 
-0.510718 -0.0134807 0.859643 216.666 0.113855 0.99001 0.0831666 4.07756 -0.852176 0.140349 -0.504081 -34.3499 
-0.515614 -0.0127717 0.856726 218.287 0.119921 0.988971 0.0869168 4.16424 -0.848388 0.147555 -0.508395 -35.2259 
-0.520411 -0.0135999 0.853808 219.722 0.117536 0.989215 0.087397 4.25569 -0.845788 0.145836 -0.5132 -36.0584 
-0.52763 -0.0137975 0.849362 221.615 0.11562 0.989397 0.0878964 4.36293 -0.841569 0.14458 -0.52044 -36.9286 
-0.531326 -0.0197103 0.846938 222.939 0.110027 0.989656 0.0920572 4.29167 -0.839992 0.142099 -0.523662 -37.8747 
-0.537365 -0.0253685 0.842968 224.945 0.105966 0.989595 0.0973313 4.05659 -0.836666 0.141629 -0.529085 -38.7958 
-0.541198 -0.0244505 0.84054 226.743 0.104443 0.989883 0.0960422 4.24254 -0.834384 0.139766 -0.533169 -39.8504 
-0.541929 -0.0230073 0.840109 228.702 0.105773 0.989809 0.095338 4.48317 -0.833742 0.140527 -0.533973 -41.1542 
-0.545614 -0.0214277 0.837763 230.78 0.1064 0.989812 0.0946124 4.73067 -0.831255 0.14076 -0.537775 -42.4903 
-0.550329 -0.0204209 0.834698 232.898 0.106848 0.989759 0.0946611 4.97291 -0.828083 0.141281 -0.542511 -43.8366 
-0.554144 -0.0183977 0.832217 234.435 0.109625 0.989435 0.0948684 5.09132 -0.82517 0.143802 -0.546273 -44.7827 
-0.560422 -0.018626 0.827997 236.261 0.109304 0.989339 0.0962366 5.19522 -0.820962 0.144436 -0.552412 -45.7574 
-0.564 -0.0171428 0.825596 237.712 0.110636 0.989202 0.0961198 5.31329 -0.81833 0.145552 -0.556014 -46.6699 
-0.566336 -0.0129633 0.824073 239.086 0.115599 0.988743 0.0949982 5.57169 -0.816027 0.149063 -0.558462 -47.718 
-0.568969 -0.0131299 0.822254 240.933 0.116357 0.988528 0.0962999 5.67789 -0.814086 0.150467 -0.560914 -48.9555 
-0.57225 -0.00934846 0.820025 242.909 0.11963 0.988287 0.0947497 5.9051 -0.811306 0.15232 -0.564429 -50.1442 
-0.575537 -0.00891546 0.817727 244.317 0.119515 0.988287 0.094893 6.04721 -0.808995 0.152345 -0.56773 -51.1064 
-0.58134 -0.0124926 0.813565 246.19 0.117605 0.988092 0.099208 6.03388 -0.805116 0.153353 -0.572949 -52.1697 
-0.582042 -0.0175343 0.81297 247.642 0.110458 0.988796 0.100408 6.04574 -0.805622 0.148241 -0.573584 -53.5512 
-0.579002 -0.0197047 0.815088 248.94 0.109492 0.988773 0.101681 6.0474 -0.807941 0.148119 -0.570344 -54.9694 
-0.582252 -0.0169214 0.812832 250.719 0.111018 0.988763 0.100109 6.27265 -0.805393 0.148527 -0.573831 -56.23 
-0.589996 -0.0183334 0.807198 252.838 0.107616 0.989036 0.101122 6.42022 -0.800202 0.146528 -0.581555 -57.4904 
-0.599287 -0.0196442 0.800293 255.027 0.104992 0.989135 0.102901 6.53595 -0.793619 0.145692 -0.590714 -58.74 
-0.600611 -0.0203454 0.799282 256.569 0.104519 0.9891 0.103716 6.72054 -0.79268 0.145833 -0.591938 -59.9026 
-0.605919 -0.0228816 0.795197 258.487 0.102994 0.988917 0.106934 6.84077 -0.788831 0.146694 -0.596847 -61.064 
-0.611744 -0.0246158 0.790673 260.345 0.102655 0.988594 0.110202 6.88824 -0.784367 0.148582 -0.602239 -62.1238 
-0.617672 -0.0261089 0.786002 262.15 0.102444 0.988262 0.113332 6.95928 -0.779735 0.150523 -0.607747 -63.1027 
-0.623565 -0.027587 0.781284 263.948 0.102209 0.987922 0.116459 7.03676 -0.775061 0.152474 -0.613214 -64.0944 
-0.629424 -0.02905 0.776519 265.738 0.10195 0.987576 0.119584 7.1207 -0.770345 0.154435 -0.618642 -65.0989 
-0.635248 -0.0304979 0.771706 267.521 0.101668 0.987222 0.122705 7.21108 -0.765587 0.156406 -0.62403 -66.1163 
-0.641037 -0.0319305 0.766846 269.297 0.101362 0.986861 0.125824 7.30793 -0.760787 0.158387 -0.629377 -67.1463 
-0.64679 -0.0333479 0.761939 271.064 0.101032 0.986492 0.12894 7.41123 -0.755947 0.160377 -0.634684 -68.189 
-0.652507 -0.0347498 0.756986 272.824 0.100679 0.986117 0.132052 7.52099 -0.751065 0.162377 -0.639949 -69.2443 
-0.658187 -0.0361362 0.751987 274.575 0.100302 0.985734 0.13516 7.63721 -0.746143 0.164387 -0.645173 -70.3121 
-0.663831 -0.0375071 0.746942 276.319 0.0999022 0.985344 0.138264 7.7599 -0.74118 0.166405 -0.650354 -71.3923 
-0.669437 -0.0388622 0.741851 278.054 0.0994784 0.984947 0.141365 7.88905 -0.736178 0.168433 -0.655494 -72.4849 
-0.675006 -0.0402016 0.736716 279.781 0.0990312 0.984542 0.144461 8.02467 -0.731136 0.17047 -0.660591 -73.5898 
-0.680537 -0.0415252 0.731536 281.5 0.0985604 0.984131 0.147553 8.16675 -0.726054 0.172516 -0.665645 -74.7069 
-0.68603 -0.0428329 0.726311 283.21 0.0980663 0.983713 0.15064 8.31529 -0.720934 0.17457 -0.670656 -75.8361 
-0.691485 -0.0441245 0.721042 284.911 0.0975487 0.983287 0.153723 8.4703 -0.715775 0.176634 -0.675624 -76.9774 
-0.6969 -0.0454001 0.71573 286.604 0.0970078 0.982855 0.1568 8.63176 -0.710577 0.178705 -0.680547 -78.1308 
-0.702277 -0.0466595 0.710373 288.288 0.0964435 0.982415 0.159872 8.79969 -0.705341 0.180785 -0.685427 -79.296 
-0.707613 -0.0479027 0.704974 289.963 0.095856 0.981969 0.162939 8.97408 -0.700068 0.182874 -0.690262 -80.4732 
-0.71291 -0.0491295 0.699532 291.629 0.0952451 0.981515 0.166 9.15492 -0.694757 0.18497 -0.695053 -81.662 
-0.718167 -0.05034 0.694047 293.286 0.0946111 0.981055 0.169056 9.34222 -0.689409 0.187075 -0.699799 -82.8626 
-0.721722 -0.0510457 0.690298 294.235 0.0960788 0.980235 0.172938 9.54371 -0.685482 0.191137 -0.702553 -83.9464 
-0.724808 -0.0492335 0.68719 295.05 0.0993135 0.979559 0.17493 9.71278 -0.681755 0.195038 -0.705103 -84.8008 
-0.728535 -0.0458369 0.683473 295.857 0.10495 0.97851 0.177493 9.87022 -0.676921 0.201041 -0.708069 -85.6571 
-0.731459 -0.0465611 0.680294 296.613 0.10452 0.97822 0.179333 10.0584 -0.673827 0.202279 -0.710662 -86.4551 
-0.735334 -0.0421911 0.67639 297.384 0.109692 0.97749 0.180224 10.2153 -0.668769 0.20672 -0.714154 -87.2644 
-0.739765 -0.032035 0.672102 298.152 0.128472 0.973765 0.187819 10.2563 -0.660487 0.225288 -0.716242 -88.1227 
-0.741325 -0.0182928 0.670896 298.913 0.155391 0.967788 0.198091 10.2505 -0.652909 0.251101 -0.714603 -89.0382 
-0.742972 -0.0202692 0.669016 299.71 0.154484 0.96736 0.200869 10.4847 -0.651251 0.252593 -0.71559 -89.935 
-0.743632 -0.0164107 0.668388 300.365 0.16632 0.963732 0.208706 10.5172 -0.647572 0.266367 -0.713932 -90.6335 
-0.744243 -0.0125395 0.667791 301.018 0.178105 0.959895 0.21652 10.5573 -0.643724 0.28008 -0.712162 -91.3328 
-0.744807 -0.00865631 0.667224 301.671 0.189836 0.955849 0.22431 10.6051 -0.639707 0.293731 -0.71028 -92.0326 
-0.745322 -0.00476203 0.666688 302.322 0.20151 0.951596 0.232075 10.6605 -0.635523 0.307315 -0.708285 -92.7329 
-0.745788 -0.000857496 0.666183 302.972 0.213126 0.947136 0.239812 10.7237 -0.631172 0.320829 -0.70618 -93.4336 
-0.746205 0.00305643 0.665709 303.621 0.224679 0.942472 0.24752 10.7946 -0.626655 0.334272 -0.703964 -94.1346 
-0.746574 0.0069789 0.665266 304.27 0.236169 0.937602 0.255197 10.8732 -0.621974 0.347639 -0.701637 -94.8357 
-0.746893 0.0109091 0.664854 304.917 0.247592 0.93253 0.262842 10.9595 -0.617129 0.360928 -0.699201 -95.5369 
-0.747164 0.014846 0.664474 305.563 0.258947 0.927255 0.270453 11.0535 -0.612122 0.374136 -0.696655 -96.238 
-0.747385 0.018789 0.664125 306.208 0.270229 0.921779 0.278029 11.1552 -0.606953 0.387261 -0.694001 -96.939 
-0.747557 0.0227371 0.663808 306.852 0.281438 0.916103 0.285567 11.2647 -0.601623 0.400298 -0.691239 -97.6396 
-0.747681 0.0266894 0.663522 307.495 0.29257 0.910228 0.293065 11.3819 -0.596135 0.413246 -0.688369 -98.3398 
-0.747755 0.0306451 0.663268 308.137 0.303623 0.904156 0.300524 11.5068 -0.590488 0.426101 -0.685392 -99.0395 
-0.747779 0.0346033 0.663045 308.778 0.314595 0.897888 0.307939 11.6394 -0.584685 0.438861 -0.682308 -99.7386 
-0.747755 0.0385632 0.662854 309.419 0.325483 0.891425 0.315311 11.7797 -0.578725 0.451524 -0.679119 -100.437 
-0.747681 0.0425238 0.662695 310.059 0.336285 0.884769 0.322638 11.9277 -0.572612 0.464085 -0.675826 -101.134 
-0.747558 0.0464844 0.662567 310.698 0.346999 0.877921 0.329917 12.0834 -0.566346 0.476543 -0.672428 -101.831 
-0.747386 0.0504441 0.662472 311.336 0.357622 0.870883 0.337148 12.2468 -0.559928 0.488894 -0.668926 -102.526 
-0.747165 0.054402 0.662408 311.974 0.368152 0.863656 0.344328 12.4178 -0.553361 0.501137 -0.665322 -103.221 
-0.746895 0.0583572 0.662376 312.61 0.378587 0.856242 0.351457 12.5965 -0.546644 0.513268 -0.661616 -103.914 
-0.748503 0.0629402 0.660138 312.975 0.379829 0.8567 0.348992 12.7616 -0.543574 0.511961 -0.665149 -104.111 
-0.753143 0.0615606 0.65497 313.353 0.375162 0.858038 0.350747 12.9011 -0.540397 0.509883 -0.669321 -104.316 
-0.760085 0.0555393 0.647445 314.36 0.362809 0.86286 0.351911 13.2307 -0.53911 0.502382 -0.675998 -104.612 
-0.768065 0.0504734 0.638379 315.438 0.349483 0.868379 0.351822 13.6044 -0.536598 0.493325 -0.684611 -104.937 
-0.775885 0.0452787 0.629247 316.509 0.336101 0.873754 0.351552 13.9861 -0.53389 0.484255 -0.693151 -105.274 
-0.783543 0.0399568 0.620051 317.573 0.322667 0.878984 0.351102 14.3755 -0.530987 0.475174 -0.701615 -105.624 
-0.786296 0.041302 0.616467 318.616 0.324362 0.876802 0.354975 14.6838 -0.525859 0.479074 -0.702823 -106.694 
-0.790087 0.0426369 0.61151 319.728 0.325364 0.874627 0.359396 14.9769 -0.51952 0.482917 -0.704904 -107.734 
-0.791181 0.0429207 0.610073 320.643 0.327226 0.872446 0.362988 15.4306 -0.516677 0.486821 -0.704308 -108.838 
-0.793294 0.0436357 0.607272 321.335 0.328253 0.8707 0.36624 15.8079 -0.512771 0.489875 -0.705045 -109.66 
-0.795098 0.0450694 0.604804 322.052 0.331747 0.867136 0.371509 16.1457 -0.507704 0.496028 -0.70441 -110.484 
-0.796885 0.0465247 0.602337 322.767 0.335205 0.863528 0.376773 16.4897 -0.502605 0.502151 -0.703728 -111.308 
-0.798656 0.0480014 0.59987 323.478 0.338624 0.859875 0.382031 16.8398 -0.497476 0.508242 -0.702999 -112.131 
-0.80041 0.0494996 0.597405 324.187 0.342006 0.85618 0.387283 17.1961 -0.492316 0.514302 -0.702224 -112.955 
-0.802148 0.0510191 0.594941 324.893 0.34535 0.85244 0.392528 17.5585 -0.487125 0.520329 -0.701403 -113.779 
-0.80387 0.0525598 0.592479 325.596 0.348656 0.848658 0.397767 17.9271 -0.481905 0.526324 -0.700536 -114.602 
-0.805574 0.0541217 0.590018 326.296 0.351923 0.844832 0.402999 18.3018 -0.476655 0.532286 -0.699622 -115.425 
-0.810668 0.0527468 0.583126 327.403 0.347753 0.844617 0.40705 18.6561 -0.471047 0.532766 -0.703047 -115.885 
-0.816198 0.0464695 0.5759 328.619 0.335231 0.849915 0.406528 19.0718 -0.470575 0.524867 -0.709277 -116.412 
-0.821599 0.0401045 0.568653 329.828 0.322658 0.855076 0.405877 19.4949 -0.469965 0.516949 -0.71547 -116.948 
-0.826869 0.033653 0.561387 331.03 0.310038 0.860101 0.405096 19.9253 -0.469217 0.509012 -0.721625 -117.494 
-0.832007 0.0271164 0.554102 332.225 0.297372 0.864988 0.404185 20.3629 -0.468331 0.501059 -0.72774 -118.049 
-0.837012 0.0204959 0.5468 333.414 0.284663 0.869736 0.403146 20.8075 -0.467309 0.493092 -0.733814 -118.613 
-0.841883 0.0137931 0.539483 334.595 0.271914 0.874344 0.401977 21.259 -0.466149 0.485111 -0.739846 -119.186 
-0.84662 0.0070091 0.532152 335.77 0.259127 0.878811 0.40068 21.7172 -0.464853 0.477118 -0.745835 -119.769 
-0.85122 0.000145447 0.524809 336.937 0.246305 0.883136 0.399254 22.182 -0.46342 0.469116 -0.751779 -120.36 
-0.855684 -0.0067965 0.517454 338.097 0.233451 0.887319 0.397699 22.6531 -0.46185 0.461105 -0.757678 -120.962 
-0.860009 -0.0138153 0.510091 339.249 0.220568 0.891359 0.396017 23.1305 -0.460145 0.453088 -0.76353 -121.572 
-0.864197 -0.0209096 0.502719 340.394 0.207657 0.895254 0.394207 23.614 -0.458304 0.445066 -0.769333 -122.192 
-0.868244 -0.0280778 0.495342 341.531 0.194722 0.899004 0.39227 24.1034 -0.456328 0.43704 -0.775087 -122.822 
-0.872152 -0.0353186 0.487959 342.66 0.181764 0.902608 0.390206 24.5985 -0.454217 0.429013 -0.780791 -123.46 
-0.875918 -0.0426304 0.480573 343.781 0.168788 0.906065 0.388016 25.0992 -0.451972 0.420985 -0.786443 -124.109 
-0.879542 -0.0500117 0.473186 344.895 0.155795 0.909375 0.3857 25.6053 -0.449593 0.412959 -0.792042 -124.766 
-0.883024 -0.0574611 0.465798 346 0.142788 0.912537 0.383258 26.1167 -0.44708 0.404937 -0.797587 -125.434 
-0.886362 -0.064977 0.458411 347.097 0.12977 0.915551 0.380692 26.6332 -0.444435 0.396919 -0.803077 -126.11 
-0.888948 -0.0678498 0.452954 348.052 0.123015 0.917257 0.378822 27.0624 -0.441179 0.392473 -0.807048 -126.874 
-0.891238 -0.0690174 0.448253 349.147 0.119452 0.917736 0.378804 27.5621 -0.437522 0.391149 -0.809677 -127.77 
-0.893289 -0.0718376 0.443705 350.011 0.113103 0.919458 0.376569 27.9292 -0.43502 0.38657 -0.813217 -128.508 
-0.895778 -0.0718768 0.438651 350.953 0.110498 0.919854 0.376376 28.3172 -0.430548 0.38562 -0.816043 -129.29 
-0.898239 -0.0719218 0.433583 351.891 0.107894 0.920248 0.376168 28.7062 -0.426059 0.384669 -0.818843 -130.077 
-0.90067 -0.0719726 0.428502 352.824 0.10529 0.920641 0.375944 29.0961 -0.421554 0.383718 -0.821616 -130.87 
-0.900059 -0.072659 0.429667 353.153 0.105315 0.920503 0.376274 29.3674 -0.42285 0.383919 -0.820856 -131.458 
-0.899898 -0.0733284 0.429891 353.76 0.104272 0.92099 0.375373 29.795 -0.423451 0.382623 -0.821151 -132.18 
-0.899326 -0.0770057 0.430444 353.818 0.101808 0.920448 0.377373 29.9236 -0.425262 0.383204 -0.819943 -132.615 
-0.899011 -0.0763024 0.431228 354.349 0.103269 0.919996 0.378078 30.2347 -0.425576 0.384429 -0.819207 -133.436 
-0.900278 -0.0765168 0.428538 355.156 0.10105 0.920807 0.3767 30.633 -0.423425 0.382439 -0.82125 -134.152 
-0.9028 -0.0741921 0.423613 356.401 0.100932 0.920943 0.3764 31.2101 -0.418049 0.38257 -0.823939 -135.07 
-0.90529 -0.0718666 0.418672 357.641 0.100815 0.921079 0.376098 31.7868 -0.412658 0.382686 -0.826598 -135.996 
-0.907747 -0.0695405 0.413714 358.875 0.100701 0.921215 0.375796 32.3632 -0.407253 0.382789 -0.829227 -136.929 
-0.910172 -0.0672138 0.408742 360.103 0.100588 0.92135 0.375493 32.9392 -0.401833 0.382878 -0.831826 -137.87 
-0.912564 -0.0648865 0.403753 361.325 0.100477 0.921486 0.37519 33.5149 -0.396398 0.382953 -0.834395 -138.819 
-0.914924 -0.0625589 0.398749 362.542 0.100369 0.921622 0.374886 34.0901 -0.390949 0.383014 -0.836935 -139.775 
-0.91725 -0.060231 0.393731 363.753 0.100262 0.921757 0.37458 34.665 -0.385486 0.38306 -0.839444 -140.738 
-0.919544 -0.0579028 0.388697 364.959 0.100157 0.921893 0.374275 35.2396 -0.380008 0.383093 -0.841922 -141.709 
-0.921806 -0.0555744 0.383648 366.158 0.100055 0.922029 0.373968 35.8137 -0.374518 0.383112 -0.844371 -142.687 
-0.92223 -0.0562819 0.382522 366.658 0.0984042 0.922602 0.37299 36.1642 -0.373909 0.381625 -0.845313 -143.347 
-0.922772 -0.0565442 0.381174 367.292 0.0968349 0.923408 0.371404 36.5734 -0.37298 0.379633 -0.84662 -144.037 
-0.923009 -0.0563145 0.380635 368.152 0.0966959 0.923538 0.371115 37.0011 -0.372431 0.379349 -0.846989 -145.122 
-0.923799 -0.0574257 0.378546 369.187 0.0946237 0.923777 0.371056 37.5293 -0.371001 0.378601 -0.84795 -146.372 
-0.922848 -0.0584133 0.380709 369.412 0.0954293 0.922938 0.372932 37.785 -0.373155 0.380491 -0.846157 -147.617 
-0.923154 -0.0580267 0.380025 369.746 0.0953676 0.923074 0.372612 38.2089 -0.372413 0.38022 -0.846606 -148.623 
-0.923424 -0.0576681 0.379425 370.281 0.0956316 0.922885 0.373011 38.5944 -0.371676 0.380732 -0.846699 -149.671 
-0.923692 -0.0573091 0.378824 370.815 0.0958952 0.922697 0.373409 38.9803 -0.37094 0.381243 -0.846792 -150.718 
-0.923961 -0.0569497 0.378223 371.349 0.0961584 0.922508 0.373809 39.3668 -0.370202 0.381754 -0.846885 -151.766 
-0.924229 -0.05659 0.377623 371.881 0.0964213 0.922318 0.374208 39.7538 -0.369465 0.382264 -0.846977 -152.814 
-0.924496 -0.0562299 0.377022 372.413 0.0966838 0.922129 0.374607 40.1412 -0.368727 0.382774 -0.847068 -153.863 
-0.924762 -0.0558695 0.376421 372.945 0.096946 0.921939 0.375006 40.5292 -0.367989 0.383284 -0.847158 -154.911 
-0.925029 -0.0555087 0.37582 373.475 0.0972078 0.921749 0.375406 40.9176 -0.36725 0.383794 -0.847248 -155.96 
-0.925294 -0.0551475 0.375219 374.005 0.0974692 0.921559 0.375805 41.3065 -0.366511 0.384303 -0.847337 -157.009 
-0.926353 -0.0580758 0.372151 374.99 0.0918022 0.923432 0.372619 41.8279 -0.365297 0.379341 -0.850093 -158.092 
-0.927908 -0.0592669 0.368069 376.248 0.0872053 0.925388 0.368853 42.4762 -0.362467 0.374359 -0.853506 -159.3 
-0.929439 -0.0604812 0.363985 377.501 0.0826202 0.927312 0.365057 43.1211 -0.359607 0.369371 -0.856883 -160.516 
-0.930947 -0.0617187 0.359899 378.747 0.078047 0.929204 0.361232 43.7627 -0.356715 0.364377 -0.860223 -161.74 
-0.932433 -0.0629794 0.355812 379.987 0.073486 0.931065 0.357376 44.4007 -0.353792 0.359376 -0.863528 -162.973 
-0.933895 -0.0642631 0.351724 381.221 0.0689375 0.932894 0.35349 45.0352 -0.350838 0.35437 -0.866796 -164.213 
-0.935334 -0.0655697 0.347635 382.449 0.0644016 0.934692 0.349575 45.6661 -0.347853 0.349358 -0.870027 -165.461 
-0.93675 -0.0668994 0.343545 383.67 0.0598787 0.936458 0.345631 46.2933 -0.344838 0.344341 -0.873222 -166.717 
-0.938143 -0.0682519 0.339455 384.886 0.0553689 0.938192 0.341658 46.9168 -0.341793 0.339319 -0.876379 -167.982 
-0.939512 -0.0696271 0.335364 386.095 0.0508725 0.939894 0.337655 47.5366 -0.338717 0.334292 -0.8795 -169.254 
-0.940858 -0.0710251 0.331273 387.297 0.0463898 0.941564 0.333624 48.1524 -0.335611 0.329261 -0.882583 -170.533 
-0.94218 -0.0724457 0.327183 388.494 0.0419209 0.943202 0.329565 48.7644 -0.332475 0.324225 -0.885629 -171.821 
-0.943478 -0.0738889 0.323093 389.684 0.037466 0.944807 0.325477 49.3724 -0.329309 0.319186 -0.888637 -173.116 
-0.944753 -0.0753546 0.319003 390.867 0.0330255 0.946381 0.321361 49.9764 -0.326114 0.314142 -0.891608 -174.419 
-0.94512 -0.07947 0.316909 391.846 0.0279279 0.946767 0.320706 50.7248 -0.325526 0.311956 -0.892589 -176.513 
-0.945652 -0.0852212 0.313816 392.848 0.0212062 0.946832 0.321029 51.3887 -0.324489 0.310236 -0.893566 -178.31 
-0.946138 -0.0909747 0.310719 393.843 0.0144832 0.946857 0.321329 52.0556 -0.323439 0.308522 -0.89454 -180.109 
-0.945305 -0.0921477 0.3129 394.153 0.0148346 0.946129 0.323448 52.5592 -0.325849 0.310399 -0.893014 -181.643 
-0.944265 -0.0929425 0.315794 394.491 0.0160817 0.945145 0.326255 53.0944 -0.328794 0.31315 -0.890972 -183.34 
-0.944919 -0.0954998 0.313063 395.151 0.0127077 0.945061 0.326646 53.4257 -0.327059 0.312632 -0.891792 -184.354 
-0.946262 -0.0973117 0.308413 395.994 0.00878174 0.945572 0.325295 54.0068 -0.323281 0.310522 -0.893904 -185.888 
-0.945502 -0.0936496 0.311859 396.216 0.0138311 0.945333 0.325813 54.3061 -0.325323 0.31237 -0.892519 -187.275 
-0.94412 -0.0935501 0.316045 396.581 0.0156685 0.945052 0.326544 54.7195 -0.329228 0.313248 -0.890777 -188.877 
-0.94272 -0.0934545 0.320226 396.953 0.017509 0.94477 0.327266 55.1345 -0.333125 0.314127 -0.889017 -190.476 
-0.941301 -0.0933631 0.324401 397.332 0.0193527 0.944486 0.32798 55.551 -0.337013 0.315006 -0.887239 -192.074 
-0.941899 -0.0940914 0.322449 397.938 0.0174225 0.944987 0.326642 55.8774 -0.335444 0.313282 -0.888443 -192.901 
-0.94216 -0.0960483 0.321106 398.593 0.0159078 0.944164 0.32909 56.1531 -0.334786 0.315164 -0.888026 -193.952 
-0.942417 -0.098002 0.319758 399.247 0.0143912 0.943333 0.331535 56.4323 -0.33413 0.317046 -0.887603 -195.003 
-0.942275 -0.0982608 0.320097 399.376 0.0144891 0.943111 0.332161 56.6256 -0.334526 0.317625 -0.887247 -195.531 
-0.942848 -0.0996429 0.317975 400.073 0.0122558 0.943229 0.331917 56.9743 -0.332997 0.316844 -0.888101 -196.369 
-0.942876 -0.0991085 0.318059 400.852 0.0123451 0.943673 0.330649 57.3982 -0.332914 0.315687 -0.888543 -197.287 
-0.941768 -0.0996575 0.321155 401.181 0.0127115 0.94384 0.330158 57.7585 -0.336022 0.315015 -0.887612 -198.656 
-0.939439 -0.103889 0.326591 401.481 0.00948941 0.944698 0.327805 58.1122 -0.342585 0.311051 -0.8865 -199.941 
-0.937057 -0.108094 0.332024 401.789 0.00624988 0.945533 0.325467 58.4621 -0.349121 0.307056 -0.885342 -201.224 
-0.938295 -0.105217 0.329443 402.539 0.0100645 0.943885 0.330121 58.6529 -0.34569 0.313066 -0.884583 -202.419 
-0.940302 -0.101263 0.324928 403.314 0.0143428 0.942073 0.3351 58.8256 -0.340039 0.319756 -0.884381 -203.462 
-0.942266 -0.0972734 0.320425 404.083 0.0185888 0.94021 0.340088 59.0033 -0.334349 0.32641 -0.884119 -204.509 
-0.944187 -0.0932488 0.315936 404.847 0.0228024 0.938294 0.345084 59.186 -0.32862 0.333028 -0.883799 -205.56 
-0.944579 -0.0922852 0.315046 405.764 0.0225934 0.939124 0.342834 59.7273 -0.327506 0.330952 -0.884992 -206.61 
-0.944773 -0.0927871 0.314317 406.373 0.0216468 0.939321 0.342356 60.1787 -0.327011 0.330252 -0.885436 -207.58 
-0.945566 -0.0939635 0.31157 407.133 0.0188357 0.940001 0.34065 60.6796 -0.324885 0.327976 -0.887064 -208.57 
-0.944489 -0.0939072 0.314837 407.124 0.0207385 0.939329 0.34239 60.8584 -0.327889 0.329912 -0.885238 -209.475 
-0.944362 -0.0944198 0.315063 407.285 0.0207665 0.938881 0.343614 60.9742 -0.328251 0.331039 -0.884683 -210.338 
-0.944549 -0.0946517 0.314432 407.311 0.0201758 0.939018 0.343275 61.1001 -0.327749 0.330584 -0.885039 -210.754 
-0.945182 -0.0974516 0.311662 407.899 0.0157258 0.939738 0.341532 61.4261 -0.326164 0.327711 -0.886692 -211.605 
-0.94507 -0.101565 0.310687 408.539 0.0116454 0.939435 0.342529 61.7832 -0.326659 0.327332 -0.886649 -212.526 
-0.945563 -0.0999244 0.309719 409.307 0.0134616 0.938871 0.344005 62.0189 -0.325161 0.329448 -0.886417 -213.306 
-0.945585 -0.100158 0.309576 409.676 0.013019 0.939035 0.343573 62.3355 -0.325115 0.328908 -0.886634 -213.936 
-0.945719 -0.105067 0.307531 410.161 0.00724564 0.939244 0.343172 62.6592 -0.324903 0.326773 -0.887501 -214.605 
-0.946188 -0.105948 0.305782 410.612 0.00543109 0.939558 0.342346 62.9996 -0.323571 0.325585 -0.888423 -215.446 
-0.94599 -0.107142 0.30598 411.478 0.00452607 0.939354 0.342918 63.399 -0.324165 0.325782 -0.888135 -216.673 
-0.946819 -0.106782 0.30353 412.174 0.00370839 0.939644 0.342133 63.8865 -0.321744 0.325064 -0.889277 -217.416 
-0.94687 -0.106015 0.303642 412.692 0.00424861 0.939904 0.341411 64.4383 -0.321589 0.324562 -0.889517 -218.379 
-0.94692 -0.105248 0.303753 413.211 0.00478896 0.940164 0.340689 64.9891 -0.321435 0.324059 -0.889756 -219.342 
-0.945844 -0.106062 0.306807 413.373 0.00576663 0.939481 0.342552 65.2044 -0.324571 0.32577 -0.887991 -220.503 
-0.945169 -0.106023 0.308894 413.653 0.00690867 0.939133 0.343483 65.4811 -0.32651 0.326784 -0.886907 -221.704 
-0.944304 -0.105382 0.311744 414.137 0.00845713 0.939253 0.343122 66.2214 -0.328965 0.326648 -0.886049 -223.253 
-0.945201 -0.105442 0.308992 414.897 0.00774222 0.938908 0.344081 66.8468 -0.326396 0.327618 -0.886641 -224.841 
-0.945709 -0.108299 0.306441 415.526 0.00347313 0.939431 0.34272 67.6011 -0.324997 0.325178 -0.888052 -226.473 
-0.945711 -0.110342 0.305703 416.103 0.0011022 0.939509 0.342521 67.9878 -0.325005 0.324263 -0.888383 -227.347 
-0.946507 -0.108556 0.303876 417.095 0.00173984 0.939983 0.341218 68.6567 -0.32268 0.323493 -0.889511 -228.653 
-0.947295 -0.106772 0.302045 418.084 0.00238088 0.940453 0.339915 69.3231 -0.320352 0.322719 -0.890633 -229.962 
-0.947258 -0.107827 0.301786 418.603 0.000932792 0.940765 0.339058 69.6898 -0.32047 0.321457 -0.891047 -230.767 
