1 -4.23778e-08 4.22719e-08 0 -4.23778e-08 1 -4.19404e-08 0 4.22719e-08 -4.19404e-08 1 0 
0.999998 -0.00144384 -0.00130715 -0.0618904 0.00144817 0.999993 0.00337769 -0.0318532 0.00130235 -0.00337966 0.999993 1.50582 
0.999996 -0.00145546 -0.00225414 -0.118594 0.00146537 0.999989 0.00444153 -0.0527393 0.00224773 -0.0044449 0.999988 2.97288 
0.999992 -0.000681835 -0.00387526 -0.142023 0.000695876 0.999993 0.00364481 -0.0572779 0.00387283 -0.00364756 0.999986 4.48877 
0.999991 -0.000343991 -0.00431832 -0.209558 0.000354778 0.999997 0.00251703 -0.0551366 0.00431752 -0.00251862 0.999987 6.00064 
0.99998 -0.000821944 -0.00621903 -0.216278 0.000837914 0.999996 0.00257924 -0.0939162 0.00621698 -0.00258449 0.999977 7.38662 
0.999974 9.00241e-05 -0.00726539 -0.279917 -7.51227e-05 0.999998 0.00206287 -0.101643 0.00726564 -0.00206236 0.999971 8.75275 
0.999973 -0.00150334 -0.00721078 -0.403803 0.00151119 0.999998 0.00109538 -0.11862 0.00720921 -0.00110633 0.999973 10.1617 
0.999969 -0.000937373 -0.00780454 -0.490568 0.000947865 0.999999 0.00135158 -0.142443 0.00780335 -0.00135902 0.999969 11.7096 
0.999959 -0.00087707 -0.00896963 -0.565284 0.000890738 0.999998 0.00152931 -0.17658 0.00896836 -0.00153733 0.999959 13.1882 
0.999949 0.00138005 -0.0100254 -0.604787 -0.00136167 0.999997 0.00184834 -0.19063 0.010028 -0.00183468 0.999948 14.4973 
0.999937 0.0025542 -0.0109172 -0.630522 -0.00251806 0.999991 0.00333063 -0.216004 0.0109256 -0.00330302 0.999935 15.9667 
0.99993 0.00543532 -0.0104607 -0.671151 -0.00540989 0.999982 0.00246572 -0.218451 0.010474 -0.00240904 0.999942 17.4027 
0.999923 0.00247126 -0.0121318 -0.720088 -0.00242041 0.999988 0.00421072 -0.274514 0.0121421 -0.00418112 0.999917 18.775 
0.999898 0.00596337 -0.0129424 -0.713356 -0.00591 0.999974 0.00416487 -0.307803 0.012967 -0.00408804 0.999907 20.3283 
0.999884 0.00480701 -0.0144195 -0.718165 -0.00474449 0.999979 0.00437221 -0.321598 0.0144403 -0.00430338 0.999886 21.809 
0.99988 0.00525017 -0.0145755 -0.730491 -0.00516557 0.99997 0.00584177 -0.39616 0.0146058 -0.00576587 0.999877 23.3528 
0.999862 0.0046141 -0.015946 -0.73586 -0.0045048 0.999966 0.00688893 -0.398058 0.0159773 -0.00681623 0.999849 24.7951 
0.999835 0.00408914 -0.0176899 -0.743115 -0.00397517 0.999971 0.0064774 -0.426669 0.017716 -0.00640609 0.999822 26.1159 
0.999855 0.00322824 -0.0167215 -0.882924 -0.00316389 0.999987 0.00387844 -0.397343 0.0167339 -0.00382506 0.999853 27.4644 
0.999832 0.000242834 -0.0183144 -0.85481 -0.000163029 0.99999 0.00436344 -0.447866 0.0183154 -0.0043598 0.999823 28.6258 
0.999836 -7.80594e-05 -0.0181186 -0.899462 0.000229348 0.999965 0.00835258 -0.484183 0.0181174 -0.00835545 0.999801 29.9633 
0.999832 -0.00285618 -0.0181144 -0.934454 0.00304286 0.999942 0.0102909 -0.504745 0.0180841 -0.0103444 0.999783 31.3465 
0.999809 -0.00475642 -0.0189708 -0.977407 0.00491207 0.999954 0.00817099 -0.51 0.0189312 -0.00826269 0.999787 32.7821 
0.999796 -0.00491139 -0.01959 -0.998789 0.00503708 0.999967 0.00637625 -0.521484 0.0195581 -0.00647371 0.999788 34.162 
0.999816 -0.00166994 -0.0191294 -1.052 0.00179073 0.999978 0.00630327 -0.562543 0.0191185 -0.00633645 0.999797 35.4192 
0.999819 -0.00212018 -0.0189159 -1.08167 0.00223418 0.999979 0.00601158 -0.592842 0.0189028 -0.00605284 0.999803 36.5432 
0.999824 -0.00229124 -0.0186284 -1.10635 0.0024312 0.999969 0.00749861 -0.615389 0.0186107 -0.00754266 0.999798 37.9177 
0.999828 -0.00325975 -0.0182483 -1.13676 0.00345222 0.999939 0.0105305 -0.649955 0.018213 -0.0105918 0.999778 39.1435 
0.999824 -0.00539549 -0.0179645 -1.14316 0.00558772 0.999927 0.0106724 -0.667038 0.0179057 -0.010771 0.999782 40.379 
0.999836 -0.0034108 -0.0178086 -1.15141 0.0036149 0.999928 0.0114458 -0.665026 0.0177684 -0.0115084 0.999776 41.667 
0.999888 -0.00408971 -0.0144128 -1.20908 0.00426368 0.999918 0.0120665 -0.688342 0.0143623 -0.0121267 0.999823 42.9443 
0.999892 -0.0046376 -0.0139512 -1.1596 0.0047889 0.99993 0.0108375 -0.715608 0.0139001 -0.0109032 0.999844 44.1189 
0.999922 -0.00544978 -0.0112056 -1.20457 0.00554153 0.999951 0.00818074 -0.688832 0.0111605 -0.00824228 0.999904 45.4837 
0.999946 -0.00602319 -0.00845872 -1.20236 0.00610208 0.999938 0.00934209 -0.724348 0.00840201 -0.00939328 0.99992 46.7158 
0.99998 -0.00438486 -0.0045631 -1.19147 0.00442403 0.999953 0.00862921 -0.713066 0.00452513 -0.0086493 0.999952 47.8982 
0.999991 -0.00427218 0.000178057 -1.21471 0.00427048 0.999956 0.00828688 -0.723469 -0.000213368 -0.00828613 0.999966 48.6798 
0.99996 -0.0028677 0.00850062 -1.26515 0.00278937 0.999954 0.0092018 -0.739828 -0.00852653 -0.0091778 0.999921 49.8167 
0.99988 -0.00161785 0.0154195 -1.24175 0.00145771 0.999945 0.0103855 -0.758672 -0.0154354 -0.0103618 0.999827 50.969 
0.999657 -0.000688786 0.026181 -1.25901 0.00037507 0.999928 0.0119823 -0.801827 -0.0261873 -0.0119685 0.999585 52.0347 
0.999255 0.00169024 0.0385502 -1.19376 -0.00216384 0.999923 0.0122446 -0.812567 -0.0385264 -0.012319 0.999182 53.1236 
0.998562 0.00334287 0.0535017 -1.1604 -0.00404231 0.999908 0.0129687 -0.833582 -0.0534533 -0.0131664 0.998483 54.3451 
0.997648 0.00515114 0.0683568 -1.09285 -0.006135 0.99988 0.0141896 -0.841351 -0.0682754 -0.0145757 0.99756 55.3377 
0.996262 0.00585238 0.0861865 -1.03633 -0.0071922 0.999858 0.0152422 -0.846261 -0.086085 -0.0158052 0.996162 56.3803 
0.994443 0.00453684 0.105174 -0.944118 -0.0061562 0.999867 0.0150765 -0.868171 -0.105092 -0.0156403 0.994339 57.3004 
0.992331 0.00394644 0.123542 -0.787415 -0.00573273 0.999884 0.0141062 -0.862169 -0.123471 -0.0147063 0.992239 58.3578 
0.989435 0.00119789 0.144973 -0.665585 -0.00329182 0.999894 0.0142039 -0.867439 -0.144941 -0.0145312 0.989334 59.4598 
0.986053 -0.00278971 0.166409 -0.502835 5.8046e-05 0.999865 0.0164174 -0.863721 -0.166432 -0.0161789 0.98592 60.4983 
0.981941 -0.00907095 0.188969 -0.290227 0.00586565 0.999829 0.0175139 -0.850707 -0.189095 -0.0160893 0.981827 61.5689 
0.977241 -0.0143947 0.211645 -0.0852597 0.0110307 0.999793 0.0170664 -0.874181 -0.211847 -0.0143435 0.977198 62.4934 
0.971479 -0.0202452 0.236258 0.153959 0.0171307 0.999737 0.0152277 -0.845945 -0.236505 -0.0107462 0.971571 63.4897 
0.964909 -0.0238909 0.261495 0.442741 0.0204645 0.999665 0.0158183 -0.826788 -0.261785 -0.00991198 0.965075 64.4321 
0.956487 -0.0265941 0.29056 0.699852 0.0226644 0.9996 0.016882 -0.804588 -0.290893 -0.00956212 0.956708 65.4921 
0.947495 -0.0316093 0.318205 1.01021 0.0267663 0.99945 0.0195814 -0.786119 -0.318649 -0.0100361 0.947819 66.3747 
0.93711 -0.035143 0.347261 1.31716 0.0299881 0.999346 0.0202091 -0.812225 -0.347744 -0.00852452 0.937551 67.2851 
0.926083 -0.034763 0.375714 1.65723 0.0307995 0.999388 0.0165518 -0.821179 -0.37606 -0.00375657 0.926588 68.1219 
0.913943 -0.0356465 0.404273 2.02641 0.0339809 0.999359 0.0112966 -0.817297 -0.404417 0.00341302 0.914568 68.9941 
0.90013 -0.0376218 0.433994 2.40356 0.0379481 0.999248 0.00791535 -0.806906 -0.433966 0.00934436 0.900881 69.8456 
0.885124 -0.0379653 0.463803 2.80556 0.0371917 0.99925 0.010818 -0.808795 -0.463866 0.00767425 0.885872 70.6783 
0.867957 -0.0364084 0.495303 3.22148 0.031913 0.999337 0.0175347 -0.813245 -0.495612 0.00058717 0.868543 71.5157 
0.849113 -0.0359821 0.526985 3.72856 0.0294157 0.99935 0.0208381 -0.784418 -0.527392 -0.0021923 0.849619 72.3223 
0.829698 -0.0293797 0.557439 4.23971 0.0244984 0.999568 0.016218 -0.77574 -0.557675 0.000200272 0.830059 73.0704 
0.808222 -0.0213034 0.588492 4.7713 0.0207693 0.999755 0.00766679 -0.755584 -0.588511 0.00602606 0.808466 73.8051 
0.786737 -0.0203162 0.616954 5.34717 0.0205006 0.999767 0.00677979 -0.760296 -0.616948 0.00731396 0.78697 74.534 
0.764307 -0.0214053 0.644498 5.95017 0.0204673 0.999751 0.00893184 -0.744201 -0.644528 0.00636441 0.764554 75.238 
0.740924 -0.0210636 0.671258 6.56625 0.0200643 0.999756 0.00922476 -0.742205 -0.671289 0.00663348 0.741166 75.9342 
0.717041 -0.0205879 0.696727 7.18359 0.022626 0.999724 0.00625544 -0.748752 -0.696664 0.0112787 0.717309 76.5508 
0.691643 -0.0202372 0.721956 7.86095 0.0245281 0.999689 0.00452396 -0.765032 -0.721823 0.0145792 0.691924 77.1867 
0.665952 -0.0179438 0.745779 8.51284 0.0223288 0.999742 0.0041154 -0.777332 -0.745661 0.0139117 0.666181 77.7658 
0.637197 -0.0160567 0.770534 9.19853 0.0222811 0.999749 0.00240753 -0.761956 -0.770379 0.0156342 0.637395 78.3897 
0.609367 -0.00971571 0.792829 9.82168 0.0208897 0.999774 -0.00380419 -0.77969 -0.792613 0.0188801 0.609432 78.8678 
0.578789 -0.00138047 0.815476 10.492 0.0190707 0.999748 -0.0118432 -0.820992 -0.815254 0.0224064 0.578669 79.391 
0.548807 0.0081907 0.835909 11.2547 0.018003 0.999604 -0.0216144 -0.81858 -0.835755 0.026911 0.548442 79.8916 
0.517295 0.0129867 0.855709 12.0399 0.0157606 0.999571 -0.0246978 -0.836691 -0.855662 0.0262625 0.516868 80.3782 
0.48438 0.0133432 0.874756 12.7939 0.0113759 0.999703 -0.0215485 -0.884875 -0.874783 0.0203888 0.484085 80.8458 
0.452564 0.011466 0.891658 13.6598 0.00810298 0.999823 -0.0169697 -0.918034 -0.891695 0.0149049 0.452391 81.2989 
0.417946 0.0125998 0.908384 14.4338 0.00376216 0.999871 -0.0155999 -0.941278 -0.908464 0.00993739 0.417845 81.704 
0.383801 0.0163936 0.92327 15.2993 -0.00112256 0.99985 -0.0172868 -0.940474 -0.923415 0.00559824 0.383762 82.059 
0.348034 0.0188047 0.937293 16.1648 -0.00540556 0.999822 -0.0180521 -0.966302 -0.937466 0.00121615 0.348074 82.4124 
0.312323 0.0182605 0.9498 17.0649 -0.00810268 0.99983 -0.016558 -0.994919 -0.949941 -0.00252449 0.312418 82.7208 
0.276918 0.0176704 0.960731 17.9771 -0.00953196 0.999832 -0.0156422 -1.0171 -0.960846 -0.00482605 0.27704 82.9783 
0.241263 0.0170413 0.97031 18.8514 -0.00764087 0.999848 -0.0156603 -1.03458 -0.97043 -0.00363577 0.241356 83.2076 
0.205417 0.0157316 0.978548 19.7729 -0.00830355 0.999863 -0.0143313 -1.05537 -0.978639 -0.00518153 0.205519 83.4225 
0.17175 0.0151032 0.985025 20.6939 -3.31273e-05 0.999882 -0.0153254 -1.0603 -0.985141 0.00259949 0.17173 83.5781 
0.137033 0.0180981 0.990401 21.6951 0.00145651 0.999828 -0.018472 -1.10231 -0.990565 0.00397379 0.136983 83.7432 
0.103371 0.0225249 0.994388 22.6406 0.00234446 0.999735 -0.0228898 -1.13388 -0.99464 0.00469745 0.103291 83.8838 
0.0740428 0.026646 0.996899 23.5909 0.0093967 0.99958 -0.0274156 -1.15509 -0.997211 0.0113975 0.0737613 83.9703 
0.0478797 0.023285 0.998582 24.5608 0.0121131 0.999641 -0.0238906 -1.20048 -0.99878 0.0132398 0.0475805 84.0389 
0.0263223 0.0208594 0.999436 25.5577 0.0145543 0.999668 -0.0212476 -1.209 -0.999547 0.0151053 0.02601 84.072 
0.00741715 0.0180013 0.99981 26.5495 0.0138292 0.99974 -0.0181028 -1.23725 -0.999877 0.0139608 0.00716629 84.0757 
-0.0114044 0.020741 0.99972 27.5227 0.0134179 0.999698 -0.0205875 -1.27842 -0.999845 0.0131793 -0.0116793 84.1214 
-0.0269624 0.0248424 0.999328 28.5416 0.0166708 0.999563 -0.0243985 -1.31198 -0.999497 0.0160018 -0.0273647 84.1024 
-0.0392634 0.0303408 0.998768 29.5927 0.0201305 0.99936 -0.0295675 -1.32037 -0.999026 0.0189448 -0.039849 84.0534 
-0.0486365 0.0323943 0.998291 30.5476 0.026016 0.999176 -0.0311556 -1.37527 -0.998478 0.0244563 -0.0494392 84.0291 
-0.053328 0.0376575 0.997867 31.5454 0.0334105 0.998796 -0.0359072 -1.40944 -0.998018 0.0314244 -0.0545219 83.9686 
-0.057626 0.0434087 0.997394 32.5883 0.0364427 0.99848 -0.0413505 -1.44344 -0.997673 0.0339649 -0.0591204 83.9163 
-0.0602992 0.0486234 0.996995 33.6142 0.0398697 0.998133 -0.0462676 -1.46661 -0.997384 0.03696 -0.0621252 83.8595 
-0.0634642 0.0509826 0.996681 34.6523 0.0395468 0.998038 -0.0485339 -1.53055 -0.9972 0.0363354 -0.065356 83.8108 
-0.0657689 0.0536875 0.996389 35.6564 0.0404904 0.997873 -0.0510948 -1.61968 -0.997013 0.0369838 -0.0678028 83.7581 
-0.0676392 0.0574512 0.996054 36.6159 0.0428639 0.997586 -0.0546288 -1.68409 -0.996789 0.0389997 -0.0699385 83.689 
-0.0709753 0.0584923 0.995762 37.6763 0.0458302 0.997416 -0.0553229 -1.75487 -0.996425 0.0417094 -0.0734726 83.6156 
-0.0724201 0.0570287 0.995742 38.7554 0.0471293 0.997444 -0.0536985 -1.84553 -0.99626 0.0430398 -0.0749228 83.5307 
-0.072296 0.0563992 0.995787 39.7935 0.0499038 0.997354 -0.0528649 -1.93654 -0.996134 0.0458717 -0.0749192 83.4041 
-0.0748347 0.05853 0.995477 40.8055 0.051207 0.997184 -0.054781 -1.99924 -0.99588 0.0468758 -0.0776212 83.3536 
-0.0784015 0.0593699 0.995152 41.8468 0.0477607 0.997303 -0.0557355 -2.08147 -0.995777 0.0431594 -0.0810255 83.2967 
-0.0783682 0.0622727 0.994978 42.9019 0.0467938 0.997177 -0.0587248 -2.14036 -0.995826 0.0419567 -0.081061 83.1846 
-0.0813307 0.0667575 0.994449 43.991 0.0436317 0.997036 -0.0633629 -2.18687 -0.995732 0.0382361 -0.0840024 83.1135 
-0.0820435 0.0708641 0.994106 45.0114 0.0404856 0.996882 -0.0677208 -2.26836 -0.995806 0.0346909 -0.0846567 83.0379 
-0.0821603 0.0754875 0.993756 46.0573 0.0376764 0.99665 -0.0725925 -2.30266 -0.995907 0.031477 -0.0847291 82.9245 
-0.0850029 0.0737367 0.993648 47.1233 0.0352336 0.996857 -0.0709608 -2.38125 -0.995757 0.028978 -0.0873337 82.8388 
-0.0889226 0.0709852 0.993506 48.0582 0.0286964 0.997226 -0.0686827 -2.43706 -0.995625 0.0224026 -0.0907129 82.8121 
-0.0924417 0.0697338 0.993273 49.108 0.0286937 0.997317 -0.0673473 -2.51542 -0.995304 0.022275 -0.0941946 82.72 
-0.0950829 0.0708386 0.992946 50.1712 0.0295069 0.997227 -0.0683185 -2.57675 -0.995032 0.0228029 -0.0969094 82.6606 
-0.097264 0.0740889 0.992497 51.1472 0.0300462 0.996989 -0.0714798 -2.62992 -0.994805 0.0228684 -0.0991973 82.6028 
-0.101435 0.07807 0.991774 52.0975 0.0282223 0.996741 -0.0755746 -2.70263 -0.994442 0.0203242 -0.103308 82.5796 
-0.103199 0.0798057 0.991454 53.1712 0.0268049 0.996637 -0.0774329 -2.76678 -0.994299 0.0185848 -0.104991 82.516 
-0.101944 0.0769828 0.991807 54.1291 0.0250863 0.996883 -0.0747984 -2.88783 -0.994474 0.0172555 -0.103558 82.3968 
-0.102986 0.0764133 0.991743 55.2085 0.0227016 0.996966 -0.0744584 -2.97654 -0.994424 0.0148461 -0.104408 82.3326 
-0.0998865 0.0769099 0.992022 56.3174 0.018004 0.996985 -0.0754819 -3.06388 -0.994836 0.0103207 -0.10097 82.1907 
-0.100979 0.078126 0.991816 57.4208 0.0145171 0.996921 -0.0770502 -3.14564 -0.994783 0.00661778 -0.101803 82.1009 
-0.0996484 0.0781292 0.991951 58.5091 0.0109448 0.996938 -0.0774227 -3.23378 -0.994962 0.00314162 -0.100198 81.9762 
-0.101293 0.073647 0.992127 59.6238 0.0113536 0.997277 -0.0728702 -3.30986 -0.994792 0.00388294 -0.101853 81.9447 
-0.103443 0.0657792 0.992458 60.7028 0.014493 0.997804 -0.0646231 -3.38454 -0.99453 0.00769892 -0.104169 81.8622 
-0.104222 0.0609693 0.992683 61.8794 0.0190943 0.998058 -0.0592947 -3.44141 -0.994371 0.0127748 -0.105184 81.7563 
-0.104151 0.0633552 0.992541 62.9481 0.027028 0.997781 -0.0608536 -3.5139 -0.994194 0.0204885 -0.105632 81.6507 
-0.102536 0.0689768 0.992335 64.0219 0.0341067 0.99725 -0.0657943 -3.58031 -0.994144 0.027099 -0.104606 81.5469 
-0.103865 0.0761324 0.991673 65.1114 0.0363551 0.99669 -0.0727099 -3.64213 -0.993927 0.0285004 -0.106289 81.4818 
-0.104138 0.0793715 0.991391 66.2382 0.0386513 0.99638 -0.075711 -3.73629 -0.993811 0.0304341 -0.106829 81.4033 
-0.103293 0.0761684 0.99173 67.3386 0.0363876 0.996685 -0.0727591 -3.83807 -0.993985 0.0285712 -0.105722 81.2728 
-0.102036 0.072899 0.992106 68.4178 0.0364043 0.996917 -0.0695084 -3.90077 -0.994114 0.0290246 -0.104376 81.1708 
-0.100824 0.0707489 0.992386 69.5536 0.0343605 0.997121 -0.0675957 -4.00555 -0.994311 0.0272836 -0.102964 81.0359 
-0.10176 0.0719462 0.992204 70.7626 0.0334084 0.997066 -0.0688725 -4.08947 -0.994248 0.0261395 -0.103865 80.9365 
-0.102523 0.0738253 0.991987 71.8129 0.0339393 0.996921 -0.0706849 -4.22875 -0.994151 0.0264206 -0.104713 80.9095 
-0.100995 0.0779255 0.99183 72.9736 0.0332778 0.996634 -0.0749145 -4.2917 -0.99433 0.0254399 -0.103249 80.8041 
-0.102613 0.0777727 0.991676 74.1341 0.0336498 0.99664 -0.0746802 -4.35632 -0.994152 0.0257065 -0.104885 80.7658 
-0.102242 0.0720458 0.992147 75.2677 0.0363166 0.996979 -0.0686543 -4.43089 -0.994096 0.0290121 -0.10455 80.6687 
-0.104549 0.0704972 0.992018 76.3925 0.0352692 0.99712 -0.0671428 -4.51643 -0.993894 0.027968 -0.106734 80.613 
-0.105654 0.074627 0.991599 77.5485 0.0325484 0.996905 -0.0715584 -4.5767 -0.99387 0.0247145 -0.107756 80.5399 
-0.105831 0.0751667 0.991539 78.6826 0.031917 0.996882 -0.0721652 -4.71019 -0.993872 0.0240096 -0.1079 80.4543 
-0.108357 0.0758418 0.991215 79.7818 0.031578 0.996845 -0.0728207 -4.7859 -0.99361 0.0234099 -0.110411 80.4112 
-0.111771 0.0705409 0.991227 80.8937 0.031712 0.997222 -0.0673918 -4.90761 -0.993228 0.0239013 -0.113698 80.3749 
-0.1104 0.0697007 0.99144 82.0793 0.0322059 0.997265 -0.0665241 -4.98879 -0.993365 0.024586 -0.112342 80.2571 
-0.109096 0.0693828 0.991607 83.2704 0.0324905 0.997277 -0.0662051 -5.07214 -0.9935 0.0249951 -0.111053 80.1371 
-0.109887 0.0692636 0.991528 84.4522 0.0355161 0.997205 -0.0657241 -5.15291 -0.993309 0.027993 -0.11204 80.0602 
-0.110643 0.0697378 0.99141 85.6059 0.0342371 0.99721 -0.0663249 -5.22108 -0.99327 0.0266047 -0.112722 79.9999 
-0.109991 0.0711853 0.99138 86.8084 0.0344146 0.997107 -0.0677784 -5.30477 -0.993337 0.0266629 -0.112122 79.8988 
-0.111268 0.0704446 0.99129 88.0328 0.0351086 0.99714 -0.0669196 -5.37225 -0.99317 0.0273568 -0.113423 79.8349 
-0.111566 0.0705541 0.991249 89.299 0.0339347 0.997165 -0.0671559 -5.45406 -0.993177 0.0261455 -0.113644 79.745 
-0.1119 0.0706495 0.991205 90.5947 0.0348563 0.997135 -0.0671372 -5.51834 -0.993108 0.0270371 -0.114042 79.6768 
-0.111047 0.0712663 0.991257 91.8276 0.0336285 0.997124 -0.0679209 -5.62218 -0.993246 0.025792 -0.113124 79.5744 
-0.111224 0.0749503 0.990965 93.0573 0.0356351 0.996811 -0.0713929 -5.69285 -0.993156 0.0273726 -0.11354 79.5059 
-0.108608 0.0740837 0.99132 94.2714 0.0351844 0.996881 -0.0706446 -5.77886 -0.993462 0.0272064 -0.110876 79.3404 
-0.108377 0.0717962 0.991514 95.447 0.0301713 0.997167 -0.0689078 -5.88096 -0.993652 0.0224473 -0.110236 79.2073 
-0.107004 0.0732805 0.991554 96.7877 0.0316278 0.997026 -0.0702718 -5.94617 -0.993755 0.0238413 -0.109004 79.1177 
-0.107905 0.0727232 0.991498 97.9541 0.028586 0.997135 -0.0700257 -6.05601 -0.99375 0.0207868 -0.109675 78.979 
-0.108304 0.0704146 0.991621 99.1359 0.0264663 0.997339 -0.0679301 -6.13888 -0.993765 0.0188875 -0.109879 78.8528 
-0.107629 0.0666012 0.991958 100.345 0.0229377 0.997654 -0.064495 -6.26115 -0.993926 0.0158117 -0.108904 78.682 
-0.109891 0.0667171 0.991702 101.684 0.0199134 0.997692 -0.0649136 -6.35054 -0.993744 0.0126148 -0.110966 78.5773 
-0.111635 0.0662744 0.991537 102.963 0.0205574 0.997714 -0.0643728 -6.45659 -0.993537 0.0131972 -0.112742 78.466 
-0.115841 0.0649838 0.99114 104.197 0.021169 0.997792 -0.0629459 -6.53136 -0.993042 0.0136897 -0.11696 78.3835 
-0.118045 0.0591489 0.991245 105.428 0.0190402 0.998176 -0.0572951 -6.63686 -0.992826 0.0121101 -0.118955 78.2414 
-0.122862 0.060007 0.990608 106.646 0.0186901 0.998133 -0.0581448 -6.69112 -0.992248 0.0113708 -0.123754 78.1355 
-0.12719 0.0651069 0.989739 107.882 0.0122422 0.99787 -0.0640686 -6.79344 -0.991803 0.0039677 -0.127716 77.9894 
-0.134689 0.0702706 0.988393 109.088 0.0130006 0.997522 -0.069148 -6.8385 -0.990802 0.00353617 -0.135269 77.847 
-0.145628 0.0674171 0.98704 110.396 0.0153921 0.997709 -0.065875 -6.90112 -0.98922 0.00559939 -0.146332 77.7356 
-0.154681 0.0670134 0.985689 111.622 0.018701 0.997717 -0.0648965 -6.97909 -0.987787 0.0083951 -0.155581 77.5345 
-0.170896 0.0668661 0.983017 112.846 0.0199545 0.997725 -0.0643975 -7.07761 -0.985087 0.00861036 -0.171841 77.3815 
-0.18586 0.0680914 0.980214 114.059 0.0209812 0.997643 -0.0653239 -7.1419 -0.982352 0.00842498 -0.18685 77.196 
-0.198499 0.0672635 0.97779 115.214 0.0237795 0.997679 -0.0638044 -7.21329 -0.979813 0.0105863 -0.199637 76.9516 
-0.216034 0.0702574 0.973855 116.428 0.026458 0.997463 -0.0660913 -7.29066 -0.976027 0.0114883 -0.217345 76.7386 
-0.229863 0.0785989 0.970044 117.529 0.027057 0.996864 -0.0743606 -7.27753 -0.972847 0.00915373 -0.231269 76.4556 
-0.24576 0.080886 0.96595 118.655 0.0280799 0.996688 -0.0763159 -7.41982 -0.968924 0.00836836 -0.247217 76.2168 
-0.260928 0.0793789 0.962089 119.81 0.0264421 0.996827 -0.0750738 -7.51722 -0.964996 0.00585082 -0.262199 75.9114 
-0.277843 0.0729971 0.957849 120.987 0.0210743 0.997332 -0.0698931 -7.61175 -0.960395 0.000766754 -0.27864 75.5934 
-0.296675 0.0713577 0.952309 122.151 0.0204959 0.99745 -0.0683552 -7.66742 -0.954759 -0.000760859 -0.297381 75.3039 
-0.310896 0.0743151 0.947534 123.246 0.0201664 0.99723 -0.071596 -7.74445 -0.95023 -0.0031506 -0.311534 74.961 
-0.327399 0.0707528 0.942233 124.333 0.015966 0.997464 -0.0693525 -7.91779 -0.944751 -0.00766223 -0.327699 74.6076 
-0.343262 0.0754386 0.936205 125.493 0.0172949 0.997108 -0.0740049 -7.98508 -0.93908 -0.00921146 -0.343574 74.2456 
-0.359029 0.0748806 0.930318 126.568 0.0190115 0.997156 -0.0729236 -8.0862 -0.933133 -0.00849495 -0.359431 73.8918 
-0.372362 0.0731568 0.9252 127.689 0.020011 0.997289 -0.0708033 -8.17819 -0.927872 -0.0078503 -0.372817 73.4613 
-0.385972 0.071803 0.919712 128.804 0.0187051 0.99737 -0.0700161 -8.24735 -0.922321 -0.00982095 -0.386301 73.0232 
-0.398701 0.0739885 0.914091 129.907 0.0171923 0.997168 -0.0732142 -8.34429 -0.91692 -0.0134752 -0.398844 72.52 
-0.412929 0.0783057 0.907391 130.98 0.0171891 0.99679 -0.0781984 -8.40954 -0.910601 -0.0166931 -0.412949 72.0405 
-0.425692 0.0771127 0.901576 132.117 0.0182262 0.996891 -0.0766594 -8.54086 -0.904685 -0.0162009 -0.425774 71.4826 
-0.440706 0.0796271 0.894113 133.14 0.0190627 0.996663 -0.0793641 -8.62352 -0.897449 -0.017932 -0.440754 71.0177 
-0.454708 0.0847211 0.886602 134.225 0.0202539 0.996192 -0.0848057 -8.71807 -0.89041 -0.0206046 -0.454692 70.4835 
-0.466205 0.0878167 0.880307 135.293 0.0218199 0.9959 -0.0877923 -8.82064 -0.884407 -0.021721 -0.46621 69.8739 
-0.478506 0.0879738 0.873666 136.345 0.0245137 0.995919 -0.086858 -8.89728 -0.877742 -0.0201453 -0.47871 69.2528 
-0.497531 0.0864863 0.863124 137.535 0.0267165 0.996073 -0.0844079 -8.97428 -0.867034 -0.0189359 -0.497888 68.7453 
-0.514187 0.0858854 0.853367 138.556 0.0270464 0.996102 -0.0839543 -9.12383 -0.857252 -0.0200877 -0.514506 68.1784 
-0.531706 0.0882826 0.842315 139.763 0.0284104 0.995852 -0.0864409 -9.16345 -0.846452 -0.0220307 -0.532009 67.5906 
-0.547681 0.0868762 0.832165 140.788 0.0282265 0.995947 -0.0853978 -9.27212 -0.836211 -0.0232817 -0.547913 66.967 
-0.563306 0.086637 0.821693 141.815 0.027132 0.995891 -0.0864037 -9.36631 -0.825803 -0.0263775 -0.563342 66.3099 
-0.578478 0.0853989 0.811215 142.74 0.0262311 0.995938 -0.0861398 -9.46306 -0.815276 -0.028551 -0.578368 65.7827 
-0.593976 0.0830461 0.800185 143.757 0.0261785 0.996126 -0.0839493 -9.55725 -0.804056 -0.0289162 -0.593849 65.0798 
-0.60771 0.0813423 0.789982 144.733 0.0285622 0.996336 -0.080618 -9.64639 -0.793645 -0.0264287 -0.607807 64.3295 
-0.622263 0.0808701 0.77862 145.896 0.0300427 0.996384 -0.0794781 -9.72785 -0.782231 -0.0260644 -0.622442 63.5322 
-0.636551 0.0783105 0.767249 146.688 0.0314947 0.996641 -0.0755942 -9.85433 -0.770592 -0.0239552 -0.636879 62.8781 
-0.652438 0.0853327 0.753022 147.746 0.0356205 0.995995 -0.082004 -9.91816 -0.757004 -0.0266795 -0.652865 62.0648 
-0.665516 0.0862687 0.741381 148.617 0.0380073 0.995926 -0.0817702 -10.0781 -0.745415 -0.0262415 -0.666084 61.2585 
-0.682851 0.0830898 0.725817 149.59 0.0353765 0.996106 -0.0807495 -10.1676 -0.729701 -0.029463 -0.683132 60.4991 
-0.699027 0.0758443 0.711062 150.622 0.0332953 0.996733 -0.0735832 -10.3425 -0.71432 -0.0277616 -0.699268 59.5319 
-0.716682 0.0710039 0.693776 151.45 0.0305338 0.997044 -0.0704998 -10.4497 -0.696732 -0.0293423 -0.716731 58.8141 
-0.735893 0.0690901 0.673564 152.407 0.0293959 0.997102 -0.0701607 -10.5347 -0.67646 -0.0318307 -0.735791 57.9317 
-0.753456 0.0649971 0.654277 153.253 0.0272854 0.997335 -0.0676558 -10.6617 -0.656931 -0.0331235 -0.753222 57.0456 
-0.771433 0.065316 0.63295 154.128 0.0272 0.997193 -0.0697524 -10.6894 -0.635729 -0.036593 -0.771044 56.1132 
-0.786824 0.0669441 0.613535 154.945 0.0286314 0.996989 -0.0720654 -10.7916 -0.616512 -0.0391364 -0.786372 55.0838 
-0.801197 0.065772 0.594775 155.821 0.0283081 0.996994 -0.0721179 -10.8463 -0.597731 -0.0409436 -0.80065 53.8697 
-0.815775 0.0680436 0.574353 156.597 0.0327515 0.996897 -0.0715841 -10.9329 -0.577441 -0.0395856 -0.815472 52.8275 
-0.830348 0.06806 0.553072 157.373 0.0341297 0.996861 -0.0714316 -11.0543 -0.556198 -0.0404369 -0.830065 51.745 
-0.843042 0.0708308 0.533164 158.097 0.0356889 0.996473 -0.07595 -11.1398 -0.536663 -0.045001 -0.842596 50.5274 
-0.85678 0.0716227 0.510683 158.786 0.038748 0.99645 -0.0747428 -11.2382 -0.514223 -0.0442503 -0.856514 49.6079 
-0.868727 0.0687177 0.490501 159.438 0.0379036 0.996648 -0.0724963 -11.3109 -0.493839 -0.0443877 -0.86842 48.5617 
-0.879143 0.0715833 0.471152 160.063 0.0429983 0.996537 -0.0711742 -11.4389 -0.474615 -0.0423135 -0.879176 47.5447 
-0.889154 0.0748284 0.451449 160.671 0.0460554 0.996164 -0.0744073 -11.499 -0.455285 -0.0453679 -0.889189 46.5287 
-0.899989 0.0716931 0.429977 161.387 0.0435871 0.99624 -0.0748776 -11.606 -0.433728 -0.0486476 -0.899729 45.5023 
-0.90868 0.0698921 0.411602 162.04 0.0426757 0.996273 -0.0749586 -11.6764 -0.415307 -0.0505479 -0.908276 44.3823 
-0.915465 0.0670765 0.396768 162.589 0.0397938 0.996267 -0.0766097 -11.7661 -0.400425 -0.0543446 -0.914716 43.1085 
-0.922245 0.0645973 0.38117 163.166 0.0388658 0.996438 -0.0748313 -11.8564 -0.384647 -0.0541983 -0.921471 41.9188 
-0.928812 0.0609894 0.365499 163.731 0.0359794 0.996545 -0.0748582 -11.9536 -0.368801 -0.0563787 -0.927797 40.7533 
-0.93434 0.0556702 0.352007 164.165 0.0329005 0.99698 -0.0703444 -12.0772 -0.354861 -0.0541444 -0.93335 39.6306 
-0.939106 0.0562946 0.338985 164.694 0.0346635 0.996977 -0.0695363 -12.0981 -0.341875 -0.0535516 -0.938218 38.361 
-0.944087 0.0552311 0.325038 165.161 0.0357007 0.997197 -0.0657516 -12.1935 -0.327758 -0.0504711 -0.943412 37.2645 
-0.946376 0.0595918 0.317523 165.531 0.0397727 0.996855 -0.0685445 -12.2581 -0.320609 -0.0522401 -0.94577 36.0424 
-0.946746 0.0702272 0.31423 165.837 0.0510163 0.996314 -0.0689585 -12.3091 -0.317914 -0.0492554 -0.946839 34.8089 
-0.948188 0.0733785 0.309118 166.15 0.0537264 0.995983 -0.0716266 -12.3847 -0.313133 -0.0513077 -0.948322 33.7255 
-0.948811 0.072622 0.307381 166.52 0.0533012 0.996065 -0.0708029 -12.4616 -0.311314 -0.0507948 -0.948949 32.486 
-0.951453 0.0631805 0.301239 167.013 0.0452439 0.996783 -0.0661592 -12.5922 -0.30445 -0.0493181 -0.951251 31.223 
-0.953101 0.058329 0.296978 167.422 0.0404483 0.996999 -0.066007 -12.6437 -0.299937 -0.0508991 -0.9526 29.9736 
-0.954551 0.0539051 0.293133 167.843 0.0356255 0.997093 -0.0673485 -12.7495 -0.295911 -0.0538446 -0.953697 28.6406 
-0.954656 0.0515365 0.293216 168.194 0.0325629 0.997069 -0.0692291 -12.862 -0.295925 -0.056542 -0.953536 27.2956 
-0.956775 0.0503393 0.286439 168.656 0.0309151 0.99693 -0.0719384 -12.9665 -0.289181 -0.0599735 -0.955394 26.111 
-0.958197 0.050192 0.281672 169.078 0.0315842 0.997031 -0.0702202 -13.1118 -0.284361 -0.0583884 -0.956938 24.9815 
-0.95802 0.0550798 0.281359 169.475 0.0364323 0.996805 -0.0710866 -13.2093 -0.284376 -0.0578519 -0.956966 23.7737 
-0.959778 0.0496417 0.276338 169.995 0.0311282 0.996991 -0.0709866 -13.3554 -0.27903 -0.0595294 -0.958435 22.6662 
-0.961034 0.0456816 0.272631 170.434 0.0263254 0.996893 -0.0742401 -13.4375 -0.275175 -0.0641702 -0.95925 21.5503 
-0.961695 0.0431393 0.270706 170.79 0.0242048 0.997045 -0.0728992 -13.572 -0.273051 -0.0635544 -0.959898 20.5066 
-0.961359 0.0403602 0.272324 171.157 0.0215354 0.997189 -0.0717656 -13.7018 -0.274455 -0.0631279 -0.959525 19.4525 
-0.960899 0.0384074 0.274224 171.7 0.0188535 0.99711 -0.0735899 -13.8082 -0.276258 -0.0655424 -0.958846 18.0828 
-0.960551 0.0377763 0.275526 172.285 0.0167337 0.996787 -0.078328 -13.8578 -0.277599 -0.0706275 -0.958097 16.5985 
-0.959482 0.033793 0.279737 172.671 0.0132681 0.997099 -0.0749435 -13.9974 -0.281458 -0.0681954 -0.957147 15.423 
-0.958323 0.0331869 0.283752 173.073 0.0134299 0.997365 -0.0712921 -14.1045 -0.285371 -0.0645101 -0.956244 14.2836 
-0.957101 0.0342326 0.287726 173.52 0.0136893 0.99723 -0.0731103 -14.1728 -0.289432 -0.0660351 -0.954918 13.1476 
-0.955762 0.0312592 0.292476 173.887 0.0106745 0.997368 -0.0717141 -14.3132 -0.293948 -0.0654195 -0.95358 12.1817 
-0.95279 0.0291576 0.302228 174.298 0.00522001 0.996804 -0.0797109 -14.366 -0.303586 -0.0743701 -0.949897 10.9548 
-0.948646 0.0319995 0.314718 174.624 0.0073225 0.996825 -0.0792821 -14.4518 -0.316256 -0.0729061 -0.945868 9.79586 
-0.945126 0.0297141 0.325351 174.989 0.00339947 0.996696 -0.0811524 -14.5615 -0.326687 -0.0755933 -0.942105 8.76101 
-0.941158 0.0306665 0.336571 175.437 0.00281107 0.996551 -0.0829395 -14.6829 -0.337954 -0.0771131 -0.937998 7.64272 
-0.937041 0.0261 0.348243 175.9 -0.00438394 0.996245 -0.0864624 -14.8045 -0.349192 -0.0825454 -0.933408 6.50962 
-0.933263 0.0245407 0.358355 176.374 -0.00558579 0.996551 -0.0827925 -14.9356 -0.359151 -0.0792689 -0.929907 5.49408 
-0.927604 0.0288592 0.372448 176.864 -0.0014122 0.996733 -0.0807492 -15.0793 -0.373562 -0.0754293 -0.924533 4.32725 
-0.922579 0.029231 0.384698 177.336 -0.00392288 0.996363 -0.0851158 -15.1447 -0.385787 -0.0800352 -0.91911 3.29332 
-0.91673 0.0248154 0.398735 177.849 -0.0102346 0.996283 -0.0855344 -15.2566 -0.399375 -0.0824928 -0.913069 2.20357 
-0.909173 0.0324983 0.415148 178.365 -0.000279301 0.996902 -0.0786504 -15.3889 -0.416418 -0.0716228 -0.906348 1.09888 
-0.905119 0.0267771 0.424315 178.696 -0.00712873 0.996918 -0.0781188 -15.5404 -0.425099 -0.0737316 -0.902139 0.340836 
-0.900206 0.0295539 0.434461 179.266 -0.00807014 0.996391 -0.0845003 -15.53 -0.43539 -0.0795738 -0.896718 -0.675121 
-0.89236 0.0288883 0.450398 179.714 -0.0066678 0.996997 -0.0771577 -15.7195 -0.451274 -0.0718556 -0.889488 -1.55721 
-0.894493 0.020073 0.44663 180.199 -0.0199783 0.996199 -0.0847842 -15.7822 -0.446634 -0.0847619 -0.890693 -1.9923 
-0.885811 0.0284729 0.463172 180.837 -0.0124677 0.996295 -0.0850904 -15.8283 -0.463879 -0.0811487 -0.882174 -3.12715 
-0.875377 0.0296583 0.482531 181.436 -0.0138509 0.996168 -0.0863561 -15.926 -0.483243 -0.0822776 -0.871612 -4.24015 
-0.867542 0.0281334 0.496567 181.913 -0.0164148 0.996235 -0.0851205 -16.0497 -0.497093 -0.0819967 -0.863814 -5.0389 
-0.856546 0.030846 0.515147 182.638 -0.0133942 0.996547 -0.0819422 -16.1562 -0.515896 -0.0770873 -0.853176 -6.11003 
-0.845877 0.0278395 0.532651 183.211 -0.0184916 0.996506 -0.0814489 -16.2849 -0.533058 -0.0787452 -0.842406 -7.01283 
-0.832296 0.0327714 0.553361 183.811 -0.0159462 0.996422 -0.0829948 -16.3314 -0.554101 -0.0779002 -0.828796 -7.87858 
-0.821575 0.0376254 0.568858 184.325 -0.0148457 0.996069 -0.0873229 -16.3656 -0.569907 -0.0801874 -0.817787 -8.42639 
-0.807801 0.0388268 0.588174 185.04 -0.0150336 0.996147 -0.0864053 -16.4776 -0.589263 -0.0786407 -0.804105 -9.33063 
-0.793988 0.036992 0.606806 185.648 -0.0186197 0.996199 -0.0850935 -16.6133 -0.607648 -0.0788618 -0.790281 -10.1253 
-0.778386 0.0355175 0.626781 186.37 -0.024012 0.995983 -0.086259 -16.7051 -0.627327 -0.0821931 -0.774406 -10.9379 
-0.761925 0.0375616 0.646575 187.077 -0.0224567 0.996184 -0.0843347 -16.8251 -0.647276 -0.0787766 -0.758174 -11.7217 
-0.745755 0.0352339 0.665288 187.862 -0.0321287 0.995537 -0.0887387 -16.9058 -0.665445 -0.0875521 -0.741294 -12.5099 
-0.728616 0.039895 0.683759 188.566 -0.0291775 0.995588 -0.0891808 -16.9646 -0.6843 -0.084929 -0.724238 -13.2804 
-0.71383 0.0459292 0.698811 189.17 -0.0242721 0.995625 -0.0902311 -16.9974 -0.699898 -0.0813713 -0.709592 -13.8095 
-0.707211 0.0340929 0.70618 190.004 -0.0491433 0.99405 -0.0972058 -17.2544 -0.705292 -0.103449 -0.701328 -14.1432 
-0.685475 0.038448 0.72708 190.872 -0.0483653 0.993995 -0.0981603 -17.3708 -0.726488 -0.102452 -0.679499 -14.9523 
-0.665676 0.037791 0.745283 191.729 -0.0574422 0.993159 -0.101667 -17.4551 -0.744027 -0.110488 -0.658951 -15.5954 
-0.641571 0.0374307 0.766149 192.654 -0.0620884 0.992997 -0.100506 -17.5754 -0.764546 -0.112051 -0.634755 -16.3657 
-0.615722 0.0338916 0.787234 193.642 -0.0713968 0.992565 -0.0985732 -17.7188 -0.784722 -0.1169 -0.608724 -17.1813 
-0.589159 0.0305163 0.807441 194.658 -0.0806324 0.992078 -0.0963289 -17.8597 -0.803984 -0.121859 -0.582031 -17.9632 
-0.563943 0.0313241 0.82522 195.432 -0.0862443 0.991582 -0.096577 -17.9814 -0.821298 -0.125634 -0.556494 -18.4967 
-0.537408 0.0330926 0.842673 196.376 -0.0866954 0.991768 -0.0942372 -18.0881 -0.838854 -0.1237 -0.530115 -19.0143 
-0.509366 0.0340228 0.859877 197.41 -0.0894391 0.991714 -0.0922203 -18.2014 -0.85589 -0.12388 -0.502102 -19.5796 
-0.482486 0.0372134 0.875113 198.733 -0.0946896 0.991026 -0.0943489 -18.2174 -0.87077 -0.128386 -0.474632 -20.0346 
-0.452114 0.0373722 0.891177 199.918 -0.106931 0.989645 -0.0957502 -18.3108 -0.885527 -0.138585 -0.443437 -20.5722 
-0.41899 0.0371606 0.90723 200.98 -0.103067 0.990758 -0.0881817 -18.3982 -0.902122 -0.130452 -0.411288 -21.0464 
-0.388978 0.0355689 0.92056 202.022 -0.105336 0.990984 -0.0827992 -18.5276 -0.915205 -0.129175 -0.381724 -21.4251 
-0.356937 0.0359747 0.933435 203.289 -0.110502 0.990616 -0.0804335 -18.6156 -0.927569 -0.131856 -0.349612 -21.7802 
-0.323881 0.0357705 0.945421 204.412 -0.102999 0.992012 -0.0728186 -18.7025 -0.940474 -0.120962 -0.31761 -22.1066 
-0.284898 0.038845 0.95777 205.962 -0.102414 0.992226 -0.0707065 -18.7363 -0.953071 -0.118233 -0.278705 -22.4594 
-0.248589 0.0428928 0.967659 207.495 -0.102498 0.992245 -0.070314 -18.7407 -0.963171 -0.116662 -0.242265 -22.7197 
-0.214568 0.04751 0.975553 208.692 -0.110594 0.991211 -0.0725972 -18.7585 -0.970427 -0.123467 -0.207428 -22.9681 
-0.18131 0.050285 0.982139 209.789 -0.116125 0.99061 -0.0721564 -18.7909 -0.976546 -0.127134 -0.173768 -23.1747 
-0.152751 0.0540224 0.986787 211.03 -0.124935 0.989438 -0.073507 -18.8094 -0.980336 -0.134512 -0.144388 -23.2189 
-0.124226 0.0517324 0.990904 211.903 -0.123433 0.990077 -0.0671636 -18.9286 -0.984547 -0.130653 -0.116608 -23.2342 
-0.0929598 0.053056 0.994255 213.056 -0.12791 0.989668 -0.0647705 -18.9716 -0.98742 -0.133196 -0.085213 -23.3226 
-0.0602062 0.0495742 0.996954 214.21 -0.125346 0.990484 -0.0568223 -19.1062 -0.990285 -0.128385 -0.0534194 -23.3979 
-0.0288054 0.0491675 0.998375 215.347 -0.123139 0.991007 -0.0523576 -19.1892 -0.991971 -0.124447 -0.022492 -23.4483 
0.00232031 0.0483354 0.998828 216.485 -0.119792 0.991652 -0.0477099 -19.271 -0.992796 -0.119541 0.00809113 -23.4408 
0.0322703 0.0493362 0.998261 217.637 -0.119866 0.991763 -0.0451404 -19.3185 -0.992265 -0.118201 0.0379182 -23.3809 
0.061283 0.0502881 0.996853 218.758 -0.11821 0.992067 -0.0427796 -19.3454 -0.991096 -0.115216 0.0667414 -23.2712 
0.0924367 0.04942 0.994491 219.923 -0.116352 0.992461 -0.0385044 -19.3927 -0.988897 -0.112152 0.09749 -23.1602 
0.121079 0.0498561 0.99139 220.995 -0.113352 0.992899 -0.0360884 -19.4189 -0.98615 -0.108007 0.12587 -22.9628 
0.151615 0.0470236 0.98732 222.146 -0.107142 0.993764 -0.0308777 -19.493 -0.982616 -0.101102 0.155708 -22.7788 
0.17996 0.0464023 0.982579 223.139 -0.108113 0.993768 -0.0271298 -19.5171 -0.977715 -0.101347 0.183856 -22.5684 
0.200978 0.0456795 0.97853 223.934 -0.102809 0.994379 -0.0253037 -19.4851 -0.974186 -0.0955167 0.204545 -22.2226 
0.233035 0.0481535 0.971275 225.217 -0.103998 0.994279 -0.0243421 -19.5457 -0.966891 -0.0953384 0.23671 -21.9326 
0.262419 0.0508192 0.963615 226.371 -0.0997116 0.994694 -0.0253041 -19.5493 -0.959788 -0.0894433 0.266094 -21.5844 
0.290945 0.0488406 0.955492 227.493 -0.0962954 0.99512 -0.0215446 -19.5964 -0.951881 -0.0857412 0.294228 -21.2151 
0.315591 0.046426 0.947759 228.454 -0.0935565 0.995458 -0.0176096 -19.6156 -0.944272 -0.0831116 0.318501 -20.7598 
0.343867 0.0427381 0.938045 229.425 -0.0907703 0.995798 -0.0120951 -19.6527 -0.934621 -0.0809875 0.346302 -20.4087 
0.370937 0.0427232 0.927675 230.487 -0.0899717 0.995895 -0.00988937 -19.6859 -0.924289 -0.0797962 0.373258 -20.0551 
0.388268 0.0417431 0.920601 231.368 -0.0896013 0.99595 -0.00737002 -19.6938 -0.91718 -0.0796255 0.390436 -19.5264 
0.411067 0.0368601 0.91086 232.37 -0.0859992 0.996294 -0.0015064 -19.7593 -0.907539 -0.077714 0.412714 -19.0738 
0.431054 0.0344106 0.90167 233.388 -0.0865376 0.996243 0.00335038 -19.779 -0.898167 -0.0794725 0.432413 -18.5392 
0.452009 0.0307496 0.891483 234.467 -0.0828509 0.996533 0.00763487 -19.7751 -0.888157 -0.0773113 0.45299 -18.0047 
0.472432 0.0299537 0.880858 235.537 -0.0816011 0.996616 0.00987504 -19.7597 -0.877581 -0.0765443 0.473278 -17.445 
0.489203 0.0333951 0.87153 236.622 -0.0841748 0.99641 0.0090683 -19.6988 -0.868098 -0.0777972 0.490258 -16.8206 
0.505133 0.0310242 0.862484 237.583 -0.0815586 0.996597 0.0119181 -19.7079 -0.859179 -0.0763632 0.505944 -16.1712 
0.521713 0.0307407 0.852567 238.592 -0.0813175 0.996592 0.0138269 -19.7115 -0.849237 -0.0765423 0.522435 -15.4996 
0.53813 0.0259932 0.842461 239.482 -0.0803909 0.99655 0.0206029 -19.7336 -0.839019 -0.0788133 0.538364 -14.8508 
0.552068 0.0260292 0.833393 240.469 -0.0809766 0.996461 0.0225193 -19.6808 -0.829858 -0.0799175 0.552222 -14.0919 
0.567791 0.0236518 0.822833 241.42 -0.0773872 0.996694 0.024751 -19.647 -0.819527 -0.0777301 0.567744 -13.3761 
0.584367 0.0270016 0.81104 242.49 -0.0792505 0.996568 0.0239229 -19.6159 -0.80761 -0.0782551 0.584501 -12.6211 
0.600251 0.0279507 0.799323 243.437 -0.0776616 0.996703 0.023467 -19.5681 -0.796032 -0.0761629 0.600443 -11.878 
0.614171 0.0265219 0.788727 244.387 -0.0761865 0.996759 0.025808 -19.5318 -0.785487 -0.0759409 0.614202 -11.0885 
0.626856 0.0235136 0.77878 245.382 -0.0744283 0.996781 0.0298131 -19.527 -0.775572 -0.0766518 0.626588 -10.245 
0.638673 0.0224051 0.769152 246.307 -0.073433 0.996788 0.0319396 -19.4866 -0.765966 -0.0768802 0.638267 -9.38726 
0.651918 0.023092 0.757938 247.258 -0.0730911 0.996796 0.0324978 -19.4631 -0.754759 -0.0765845 0.651517 -8.57812 
0.664125 0.0233153 0.747258 248.187 -0.0699186 0.99707 0.0310303 -19.4142 -0.744345 -0.0728553 0.663809 -7.73199 
0.674287 0.0237836 0.738087 249.082 -0.0696119 0.997078 0.0314654 -19.3558 -0.735181 -0.0725963 0.673972 -6.86898 
0.68487 0.021664 0.728343 249.994 -0.0649668 0.997392 0.0314222 -19.2806 -0.725764 -0.0688383 0.684491 -6.03714 
0.693267 0.0211326 0.720371 250.931 -0.0652269 0.997307 0.0335159 -19.2705 -0.717723 -0.0702231 0.692779 -5.10772 
0.700429 0.0213565 0.713403 251.859 -0.0647347 0.997333 0.033701 -19.2118 -0.710781 -0.0697871 0.699943 -4.20005 
0.704309 0.0194445 0.709627 252.739 -0.0641763 0.997276 0.0363688 -19.1875 -0.706987 -0.0711562 0.703638 -3.27893 
0.708324 0.01663 0.705691 253.646 -0.0597268 0.997549 0.0364416 -19.0955 -0.703356 -0.0679612 0.707581 -2.28816 
0.71261 0.0133698 0.701433 254.481 -0.056029 0.997709 0.0379046 -19.0756 -0.699319 -0.0663119 0.711727 -1.4386 
0.715499 0.0165818 0.698416 255.322 -0.0617971 0.997302 0.0396306 -19.06 -0.695875 -0.0715158 0.714593 -0.581363 
0.716859 0.0173003 0.697004 256.071 -0.0659952 0.996887 0.0431313 -19.0395 -0.694088 -0.076918 0.715769 0.253699 
0.720251 0.0169857 0.693505 256.952 -0.0660058 0.996843 0.0441361 -18.9978 -0.690566 -0.0775646 0.719098 1.1761 
0.723835 0.0157456 0.689794 257.895 -0.0638977 0.996973 0.0442934 -18.9408 -0.687008 -0.0761374 0.72265 2.1567 
0.727576 0.0141144 0.685881 258.926 -0.0617365 0.997079 0.044971 -18.8877 -0.683243 -0.0750638 0.726322 3.19126 
0.731919 0.0123564 0.681279 259.903 -0.0597853 0.997144 0.0461438 -18.8515 -0.678763 -0.0745041 0.730568 4.19507 
0.734 0.0130517 0.679024 260.875 -0.0593894 0.997219 0.0450298 -18.7786 -0.676548 -0.0733787 0.732733 5.26887 
0.737242 0.013624 0.675492 261.827 -0.0609943 0.997056 0.0464603 -18.7441 -0.67287 -0.0754536 0.735902 6.29555 
0.739725 0.0143145 0.672757 262.819 -0.0620284 0.996968 0.0469898 -18.6879 -0.670044 -0.0764896 0.73837 7.38402 
0.741153 0.0166123 0.67113 263.699 -0.0674558 0.996477 0.0498282 -18.6663 -0.667938 -0.082202 0.739663 8.38518 
0.741184 0.0151018 0.671132 264.537 -0.0654218 0.996613 0.0498246 -18.6203 -0.668106 -0.0808358 0.739662 9.34843 
