1 2.12261e-08 -2.11895e-08 0 2.12261e-08 1 2.10703e-08 0 -2.11895e-08 2.10703e-08 1 0 
1 0.000112527 0.00057237 -0.0220775 -0.000113396 0.999999 0.00159266 -0.0177422 -0.000572232 -0.00159268 0.999999 1.35295 
1 -4.93666e-05 0.00059974 -0.0591994 4.93904e-05 1 3.12528e-05 -0.0338083 -0.000599784 -3.1181e-05 1 2.64686 
0.999973 -0.00736342 -0.000806381 -0.0136135 0.00736394 0.999973 0.000586132 -0.0617682 0.000802001 -0.000592011 1 3.88856 
0.999963 -0.00858221 -0.000880055 -0.0225517 0.00858413 0.999961 0.00215428 -0.157996 0.00086149 -0.00216171 0.999997 5.26149 
0.999965 -0.00838132 -0.000416352 -0.0790298 0.00838279 0.999959 0.00355363 -0.181815 0.000386509 -0.00355695 0.999994 6.59124 
0.99994 -0.00926837 0.00592294 -0.234536 0.0092498 0.999952 0.00316328 -0.156969 -0.00595202 -0.00310826 0.999977 7.46094 
0.999931 -0.00942431 0.00696611 -0.316692 0.00939885 0.999949 0.00368496 -0.17266 -0.00700052 -0.0036192 0.999969 8.70263 
0.999921 -0.0108473 0.00630799 -0.305744 0.0108279 0.999937 0.00311244 -0.193736 -0.00634139 -0.00304385 0.999975 10.003 
0.999912 -0.010219 0.00845685 -0.399722 0.010203 0.999946 0.00193832 -0.235617 -0.00847625 -0.00185182 0.999962 11.2303 
0.999941 -0.00467212 0.00984357 -0.462747 0.0046674 0.999989 0.000506508 -0.254572 -0.00984587 -0.000460492 0.999951 12.5036 
0.999937 -0.000745245 0.0112345 -0.527016 0.000753421 0.999999 -0.00071974 -0.25577 -0.011234 0.000728201 0.999937 13.7812 
0.99989 0.0024215 0.0146064 -0.609313 -0.00240371 0.999996 -0.00123235 -0.255157 -0.0146094 0.00119715 0.999893 14.9916 
0.999877 0.0012032 0.0156518 -0.618422 -0.00123142 0.999998 0.00179598 -0.302784 -0.0156496 -0.00181499 0.999876 16.4148 
0.99985 -0.00268704 0.0171288 -0.667727 0.00262373 0.99999 0.00371996 -0.319181 -0.0171387 -0.00367442 0.999846 17.81 
0.999837 -0.0031331 0.0177647 -0.682663 0.00311666 0.999995 0.000955412 -0.333626 -0.0177676 -0.000899848 0.999842 19.1017 
0.999825 -0.00625898 0.0176458 -0.658632 0.00625005 0.99998 0.000563515 -0.368327 -0.017649 -0.000453088 0.999844 20.4773 
0.999795 -0.00185331 0.02018 -0.704516 0.00187033 0.999998 -0.000822721 -0.399061 -0.0201784 0.000860338 0.999796 21.8864 
0.999773 1.63913e-05 0.021323 -0.70658 -4.21968e-05 0.999999 0.00121178 -0.421225 -0.021323 -0.00121236 0.999772 23.2622 
0.999698 0.00123143 0.0245614 -0.757681 -0.00135452 0.999987 0.00499733 -0.435464 -0.024555 -0.00502905 0.999686 24.5375 
0.999719 -9.87547e-05 0.0236948 -0.718264 -4.3362e-05 0.999982 0.00599902 -0.448387 -0.023695 -0.00599832 0.999701 25.8958 
0.999707 -0.00222664 0.0241194 -0.74977 0.00213339 0.99999 0.00389284 -0.451546 -0.0241279 -0.0038402 0.999702 27.212 
0.999682 -0.00431638 0.024831 -0.782604 0.0042896 0.99999 0.00113319 -0.45821 -0.0248357 -0.00102627 0.999691 28.6319 
0.999683 -0.00377019 0.024882 -0.747476 0.00379386 0.999992 -0.000902424 -0.484695 -0.0248785 0.000996579 0.99969 30.0151 
0.999659 -0.00247124 0.0259967 -0.778537 0.00252798 0.999995 -0.0021481 -0.493356 -0.0259913 0.00221313 0.99966 31.4163 
0.99963 -0.000382053 0.0271875 -0.797355 0.000494193 0.999991 -0.00411652 -0.541728 -0.0271857 0.00412848 0.999622 32.789 
0.999625 -0.000277808 0.0273828 -0.773649 0.000369013 0.999994 -0.00332419 -0.557454 -0.0273818 0.00333309 0.99962 34.2495 
0.999604 0.000171644 0.0281379 -0.779689 -0.000112844 0.999998 -0.00208973 -0.589253 -0.0281383 0.00208577 0.999602 35.5857 
0.999552 0.0034233 0.0297338 -0.808436 -0.00336279 0.999992 -0.00208323 -0.60567 -0.0297408 0.00198235 0.999556 36.963 
0.999472 0.00568827 0.0319904 -0.858052 -0.00565773 0.999983 -0.00104379 -0.645404 -0.0319958 0.000862286 0.999488 38.3361 
0.999418 0.0086023 0.0330208 -0.843995 -0.0085663 0.999963 -0.00123013 -0.661557 -0.0330302 0.000946592 0.999454 39.711 
0.999362 0.0100345 0.0342648 -0.836616 -0.0100062 0.999949 -0.000993713 -0.687349 -0.0342731 0.000650259 0.999412 41.1037 
0.999319 0.0113239 0.0351214 -0.851809 -0.0112505 0.999934 -0.00228535 -0.687499 -0.035145 0.0018887 0.99938 42.4829 
0.999242 0.0111523 0.0372927 -0.860388 -0.0110682 0.999936 -0.00245995 -0.727047 -0.0373178 0.00204536 0.999301 43.7 
0.999215 0.0108059 0.0381249 -0.865072 -0.0106925 0.999938 -0.00317537 -0.747479 -0.0381569 0.00276526 0.999268 45.0861 
0.999265 0.00995341 0.0370245 -0.828642 -0.0098509 0.999947 -0.00294905 -0.784638 -0.0370519 0.0025822 0.99931 46.5572 
0.999319 0.0079804 0.0360137 -0.84485 -0.00788949 0.999965 -0.00266445 -0.762556 -0.0360338 0.00237854 0.999348 48.1041 
0.999289 0.0108049 0.0361186 -0.856862 -0.0106464 0.999933 -0.00457545 -0.773211 -0.0361657 0.0041877 0.999337 49.5556 
0.999286 0.00828955 0.0368543 -0.890092 -0.00814061 0.999958 -0.00418855 -0.782556 -0.0368876 0.00388559 0.999312 50.8925 
0.999295 0.0092839 0.0363755 -0.920228 -0.0091377 0.99995 -0.00418203 -0.802861 -0.0364125 0.00384674 0.999329 52.3598 
0.999309 0.00647412 0.0366032 -0.91634 -0.00636439 0.999975 -0.00311219 -0.818503 -0.0366224 0.00287713 0.999325 53.8687 
0.999205 0.00826702 0.0389933 -0.977003 -0.00810852 0.999958 -0.00422005 -0.840753 -0.0390266 0.00390056 0.999231 55.1696 
0.999307 0.00386 0.0370312 -0.911722 -0.0037398 0.999988 -0.00331337 -0.8729 -0.0370436 0.00317262 0.999309 56.555 
0.999327 0.0035095 0.0365274 -0.8778 -0.00336381 0.999986 -0.00404812 -0.889878 -0.0365411 0.00392257 0.999324 57.9763 
0.999342 -0.00167165 0.0362325 -0.854295 0.00175797 0.999996 -0.00234964 -0.916466 -0.0362284 0.00241183 0.999341 59.4741 
0.999281 -0.00404801 0.0377044 -0.849679 0.00412221 0.99999 -0.00188924 -0.93218 -0.0376965 0.00204335 0.999287 60.8525 
0.999242 -0.00671783 0.0383479 -0.82121 0.00679677 0.999975 -0.00192724 -0.959624 -0.038334 0.00218646 0.999263 62.2266 
0.999207 -0.0051356 0.0394972 -0.823435 0.00529162 0.999979 -0.00384553 -0.969346 -0.0394767 0.00405152 0.999212 63.7464 
0.999207 -0.00369962 0.039652 -0.8079 0.00384077 0.999987 -0.00348307 -1.00352 -0.0396387 0.00363264 0.999208 65.2291 
0.999182 -0.00348889 0.0402897 -0.771436 0.00360339 0.99999 -0.00276855 -1.03558 -0.0402797 0.00291151 0.999184 66.6 
0.999043 -0.000328171 0.0437387 -0.845311 0.000353515 1 -0.000570733 -1.10241 -0.0437385 0.00058569 0.999043 67.7673 
0.998959 0.00525605 0.0453223 -0.842272 -0.00525849 0.999986 -6.44384e-05 -1.12304 -0.0453221 -0.000173915 0.998972 69.1456 
0.998914 0.00867248 0.0457883 -0.818828 -0.0086832 0.999962 3.5993e-05 -1.1483 -0.0457863 -0.000433502 0.998951 70.5131 
0.99887 0.0104984 0.0463624 -0.795645 -0.0105641 0.999944 0.0011736 -1.18438 -0.0463475 -0.00166201 0.998924 71.826 
0.998701 0.0165825 0.0481836 -0.840763 -0.0165568 0.999863 -0.000931734 -1.20446 -0.0481924 0.000132797 0.998838 73.1176 
0.998441 0.0226433 0.0510198 -0.835749 -0.0225339 0.999742 -0.00271748 -1.23521 -0.0510682 0.00156361 0.998694 74.4438 
0.998372 0.0243422 0.0515836 -0.799448 -0.0241335 0.999698 -0.00466542 -1.22284 -0.0516817 0.00341297 0.998658 75.9037 
0.998293 0.0219622 0.0541131 -0.828639 -0.0218496 0.999758 -0.00266933 -1.30092 -0.0541586 0.00148246 0.998531 77.2215 
0.998085 0.0236064 0.0571776 -0.875812 -0.0233742 0.999716 -0.00472562 -1.32238 -0.057273 0.00338013 0.998353 78.5045 
0.998121 0.0235209 0.0565765 -0.832316 -0.0232548 0.999715 -0.00535635 -1.35835 -0.0566864 0.00403065 0.998384 79.9573 
0.998146 0.0236234 0.0560961 -0.760903 -0.0233849 0.999715 -0.00490362 -1.38902 -0.056196 0.00358276 0.998413 81.3599 
0.998186 0.0229994 0.0556329 -0.693988 -0.0226805 0.999723 -0.00635769 -1.37505 -0.0557637 0.00508442 0.998431 82.7122 
0.998164 0.0235344 0.0558082 -0.681132 -0.0231597 0.999705 -0.00735001 -1.37308 -0.0559648 0.00604405 0.998414 84.0461 
0.998244 0.0231332 0.0545402 -0.639056 -0.0227338 0.99971 -0.00793187 -1.39567 -0.054708 0.00667807 0.99848 85.4228 
0.99823 0.0228719 0.0548997 -0.641688 -0.0224445 0.999713 -0.00838778 -1.39423 -0.0550758 0.00714078 0.998457 86.8426 
0.998397 0.0201388 0.0528864 -0.594698 -0.0198023 0.99978 -0.00687843 -1.44491 -0.0530133 0.00582018 0.998577 88.2283 
0.998378 0.0185457 0.0538255 -0.564421 -0.0181151 0.9998 -0.00847525 -1.46005 -0.0539719 0.00748649 0.998514 89.5538 
0.998351 0.0172682 0.0547447 -0.532967 -0.016759 0.999812 -0.00974552 -1.48836 -0.0549027 0.00881202 0.998453 90.8833 
0.998364 0.0179809 0.054273 -0.479769 -0.0174371 0.999793 -0.0104771 -1.49412 -0.0544502 0.0095136 0.998471 92.232 
0.998333 0.0195323 0.0543183 -0.433995 -0.0188906 0.999746 -0.0123014 -1.4939 -0.0545448 0.0112548 0.998448 93.6351 
0.998305 0.0193711 0.054887 -0.399135 -0.0187134 0.999747 -0.0124706 -1.53909 -0.0551147 0.0114224 0.998415 94.9703 
0.998166 0.0220759 0.0563635 -0.388984 -0.0212539 0.999659 -0.0151411 -1.54309 -0.0566786 0.0139154 0.998296 96.3157 
0.998138 0.0229971 0.0565011 -0.336371 -0.0222267 0.999652 -0.0142245 -1.58332 -0.0568086 0.0129422 0.998301 97.6978 
0.997987 0.02595 0.0578724 -0.303881 -0.0252104 0.999591 -0.0134724 -1.60827 -0.0581984 0.0119863 0.998233 99.0652 
0.997933 0.025199 0.0591245 -0.28783 -0.0246196 0.999642 -0.0105066 -1.67616 -0.0593681 0.00902925 0.998195 100.382 
0.997928 0.0245143 0.0594936 -0.264302 -0.0238662 0.999648 -0.0115796 -1.72032 -0.0597566 0.0101357 0.998162 101.637 
0.997875 0.0258882 0.0597863 -0.203967 -0.0250741 0.999583 -0.0143253 -1.75819 -0.0601323 0.0127959 0.998108 102.979 
0.997738 0.0247428 0.0625045 -0.247907 -0.0238044 0.999593 -0.0157139 -1.768 -0.0628679 0.0141905 0.997921 104.223 
0.997766 0.021545 0.0632315 -0.216774 -0.0206689 0.999682 -0.0144767 -1.7932 -0.0635233 0.0131375 0.997894 105.488 
0.997737 0.0192764 0.0644163 -0.16992 -0.0184593 0.999742 -0.0132566 -1.83131 -0.0646552 0.0120375 0.997835 106.812 
0.997694 0.0177745 0.0655096 -0.126819 -0.0169549 0.999771 -0.0130449 -1.87027 -0.0657265 0.0119042 0.997767 108.006 
0.997638 0.01644 0.0667003 -0.0786324 -0.0155438 0.999782 -0.0139323 -1.91304 -0.0669148 0.0128627 0.997676 109.274 
0.997469 0.0209441 0.0679457 -0.0313332 -0.0197882 0.999649 -0.0176405 -1.91324 -0.0682913 0.0162514 0.997533 110.584 
0.997377 0.0238511 0.068346 0.0468724 -0.0224902 0.999535 -0.020612 -1.93815 -0.0688059 0.0190208 0.997449 111.892 
0.997093 0.0272257 0.0711672 0.0827884 -0.0257583 0.999438 -0.0214549 -1.96754 -0.0717114 0.0195594 0.997234 113.166 
0.99684 0.0291825 0.0738759 0.122892 -0.0279048 0.999444 -0.0182679 -2.04297 -0.0743679 0.0161487 0.9971 114.43 
0.996612 0.0309335 0.0762115 0.164062 -0.0297447 0.999418 -0.0166852 -2.0919 -0.0766833 0.0143618 0.996952 115.688 
0.996514 0.0303204 0.0777165 0.219121 -0.0290677 0.99943 -0.0171987 -2.12044 -0.0781937 0.0148798 0.996827 117.038 
0.996326 0.0320702 0.0794126 0.268728 -0.0306637 0.999352 -0.0188686 -2.15109 -0.0799663 0.0163642 0.996663 118.388 
0.996023 0.0347438 0.0820442 0.317134 -0.0332823 0.999263 -0.0191142 -2.2018 -0.0826479 0.0163076 0.996445 119.667 
0.995802 0.0372667 0.0836047 0.369291 -0.0357538 0.99917 -0.0195201 -2.27015 -0.0842628 0.016449 0.996308 120.967 
0.995504 0.0375504 0.0869564 0.355831 -0.0358901 0.999144 -0.0205786 -2.31758 -0.0876547 0.0173653 0.996 122.237 
0.995228 0.03877 0.0895435 0.396467 -0.0369387 0.999075 -0.022019 -2.35242 -0.0903144 0.0186063 0.99574 123.575 
0.994881 0.0385923 0.0933921 0.430778 -0.0366565 0.999078 -0.0223544 -2.40097 -0.0941688 0.0188166 0.995378 124.88 
0.994728 0.038729 0.0949549 0.508804 -0.0367989 0.999081 -0.0219941 -2.43906 -0.0957194 0.018384 0.995239 126.252 
0.994587 0.0370935 0.0970644 0.568156 -0.035215 0.999159 -0.0209954 -2.51672 -0.0977616 0.0174637 0.995057 127.654 
0.994605 0.0365322 0.0970848 0.71463 -0.0347187 0.999191 -0.020303 -2.58493 -0.097748 0.0168228 0.995069 129.053 
0.994647 0.0357221 0.0969639 0.833509 -0.0338784 0.999214 -0.0205951 -2.63077 -0.0976234 0.0171999 0.995075 130.415 
0.99472 0.0324468 0.0973572 0.890541 -0.0307271 0.999345 -0.0191111 -2.69816 -0.0979136 0.0160187 0.995066 131.647 
0.994759 0.0320587 0.0970927 0.996511 -0.0302919 0.999349 -0.0196171 -2.74986 -0.0976584 0.0165732 0.995082 133.058 
0.994864 0.0300934 0.0966469 1.08881 -0.0283084 0.999403 -0.0197876 -2.78796 -0.0971847 0.0169501 0.995122 134.417 
0.994884 0.0304695 0.0963198 1.18489 -0.0288132 0.999413 -0.01854 -2.83831 -0.0968282 0.0156699 0.995178 135.704 
0.995078 0.0263377 0.0955335 1.28393 -0.0248141 0.999546 -0.0171015 -2.90736 -0.0959406 0.0146468 0.995279 137.049 
0.995129 0.0275171 0.0946683 1.37113 -0.0260182 0.999516 -0.0170311 -2.96346 -0.0950912 0.0144851 0.995363 138.405 
0.995108 0.0306262 0.0939312 1.42167 -0.0290497 0.999414 -0.0181057 -2.99235 -0.0944307 0.0152885 0.995414 139.63 
0.995115 0.0302156 0.0939896 1.49262 -0.0285729 0.999415 -0.018775 -3.02159 -0.094502 0.0159978 0.995396 140.919 
0.995156 0.0262127 0.0947464 1.52278 -0.0244043 0.999498 -0.0201949 -3.07344 -0.0952283 0.0177849 0.995297 142.206 
0.995145 0.0241207 0.0954152 1.58349 -0.022184 0.999527 -0.0213065 -3.10522 -0.095884 0.0190865 0.99521 143.553 
0.995196 0.0172666 0.0963717 1.63329 -0.0154109 0.999682 -0.0199657 -3.12171 -0.0966858 0.0183847 0.995145 144.895 
0.995581 0.00914939 0.0934638 1.7615 -0.00746296 0.999803 -0.0183768 -3.1632 -0.0936136 0.0175981 0.995453 146.172 
0.995735 0.00699074 0.0919939 1.89139 -0.00500762 0.999751 -0.0217698 -3.21122 -0.0921232 0.0212163 0.995522 147.516 
0.995584 0.00662486 0.0936417 1.94598 -0.00437187 0.999697 -0.0242439 -3.26846 -0.0937739 0.0237275 0.995311 148.815 
0.995446 0.00705062 0.0950666 2.05033 -0.00474024 0.999688 -0.0245062 -3.37315 -0.0952098 0.023944 0.995169 150.171 
0.995228 0.00739775 0.0973003 2.12916 -0.00507877 0.999698 -0.0240589 -3.43182 -0.0974489 0.0234499 0.994964 151.463 
0.995225 0.00492706 0.0974856 2.22841 -0.0028592 0.999768 -0.0213398 -3.46719 -0.0975682 0.0209592 0.995008 152.725 
0.995139 -0.000577169 0.0984795 2.33423 0.00244989 0.999818 -0.018896 -3.51414 -0.0984507 0.0190454 0.99496 154.07 
0.995081 -0.0029067 0.0990262 2.43574 0.0047779 0.999814 -0.0186636 -3.54051 -0.0989537 0.019045 0.99491 155.413 
0.994966 -0.00412767 0.100132 2.53851 0.00603926 0.999805 -0.0187947 -3.58291 -0.100035 0.0193048 0.994797 156.736 
0.9946 -0.00131441 0.103778 2.59162 0.0032615 0.999822 -0.0185942 -3.60708 -0.103735 0.0188323 0.994427 157.997 
0.994186 0.00290735 0.107636 2.58789 -0.00084457 0.999815 -0.0192047 -3.66009 -0.107672 0.0190021 0.994005 159.186 
0.993864 0.00530777 0.110486 2.65046 -0.00304687 0.999783 -0.0206215 -3.71915 -0.110572 0.0201584 0.993664 160.406 
0.993544 0.00975966 0.113026 2.73062 -0.00742759 0.999751 -0.0210355 -3.77643 -0.113203 0.0200602 0.993369 161.696 
0.99332 0.0126611 0.114692 2.81518 -0.0104338 0.999746 -0.0199998 -3.82453 -0.114916 0.0186695 0.9932 162.997 
0.99329 0.0171981 0.114368 2.92835 -0.0147612 0.999646 -0.0221202 -3.85094 -0.114708 0.0202836 0.993192 164.282 
0.993199 0.0198457 0.114727 3.03564 -0.0170927 0.999543 -0.0249297 -3.88733 -0.115169 0.0227992 0.993084 165.636 
0.993069 0.0244526 0.114964 3.08154 -0.0215406 0.999417 -0.0265044 -3.9475 -0.115545 0.0238444 0.993016 166.981 
0.992791 0.0335376 0.115075 3.22053 -0.0303073 0.999099 -0.0297064 -3.99234 -0.115968 0.0260047 0.992913 168.485 
0.992436 0.0370949 0.117021 3.21998 -0.0341737 0.999055 -0.0268721 -4.06919 -0.117907 0.0226698 0.992766 169.35 
0.992512 0.0394852 0.115591 3.36345 -0.0367962 0.999002 -0.025306 -4.1129 -0.116475 0.0208633 0.992974 170.775 
0.992361 0.0424722 0.115831 3.47991 -0.0398947 0.998904 -0.0244816 -4.17059 -0.116743 0.0196736 0.992967 171.957 
0.992357 0.0401269 0.116694 3.56002 -0.0377163 0.999029 -0.0227933 -4.24751 -0.117495 0.0182179 0.992906 173.196 
0.992569 0.0366933 0.116021 3.64854 -0.0347423 0.99922 -0.0187935 -4.46081 -0.11662 0.014623 0.993069 174.404 
0.992898 0.0348562 0.113752 3.77501 -0.0325649 0.999229 -0.0219393 -4.52587 -0.114429 0.0180791 0.993267 175.733 
0.992952 0.0366892 0.1127 3.88868 -0.0337541 0.999042 -0.0278422 -4.51649 -0.113613 0.0238419 0.993239 177.164 
0.99283 0.041563 0.112078 4.01383 -0.0385839 0.998845 -0.0286205 -4.59027 -0.113138 0.024091 0.993287 178.618 
0.992513 0.0442903 0.113829 4.07212 -0.041492 0.998778 -0.0268367 -4.65566 -0.114879 0.0219128 0.993138 179.915 
0.992421 0.0447465 0.114449 4.18117 -0.0423034 0.998824 -0.0236884 -4.67354 -0.115374 0.0186673 0.993147 181.327 
0.991952 0.0476009 0.117327 4.24816 -0.0452359 0.998718 -0.0227396 -4.73305 -0.118259 0.0172492 0.992833 182.612 
0.991604 0.0476226 0.120224 4.29542 -0.0451878 0.998716 -0.0228984 -4.73696 -0.121161 0.0172735 0.992483 183.969 
0.991537 0.0460068 0.121402 4.42389 -0.0436124 0.998799 -0.0223077 -4.80897 -0.122283 0.0168243 0.992353 185.236 
0.991736 0.0428401 0.120933 4.5914 -0.0405872 0.998955 -0.021032 -4.87474 -0.121707 0.0159499 0.992438 186.692 
0.991834 0.0383878 0.121619 4.736 -0.0362787 0.999151 -0.0195098 -4.96479 -0.122265 0.0149383 0.992385 188.064 
0.991791 0.0357943 0.12276 4.87319 -0.0337263 0.999253 -0.0188828 -5.00792 -0.123344 0.0145876 0.992257 189.59 
0.991747 0.032422 0.124042 4.98737 -0.0303906 0.999372 -0.0182339 -5.04224 -0.124555 0.0143137 0.992109 190.957 
0.991793 0.0312488 0.123978 5.14652 -0.0290416 0.999387 -0.0195705 -5.06508 -0.124514 0.0158094 0.992092 192.389 
0.99142 0.0362124 0.125601 5.26091 -0.0333436 0.999135 -0.0248687 -5.11353 -0.126393 0.0204673 0.991769 193.823 
0.991241 0.0413107 0.125442 5.42465 -0.0380469 0.998875 -0.0283045 -5.17617 -0.12647 0.0232839 0.991697 195.26 
0.990322 0.0505493 0.129258 5.50046 -0.0472224 0.998473 -0.0286763 -5.22018 -0.130511 0.0222949 0.991196 196.594 
0.98945 0.0590128 0.132314 5.59071 -0.0561341 0.998101 -0.0253852 -5.2748 -0.13356 0.0176901 0.990883 197.959 
0.989463 0.0574368 0.132905 5.72224 -0.0549847 0.998244 -0.0220502 -5.34662 -0.133938 0.0145101 0.990884 199.362 
0.989237 0.0580597 0.134313 5.85864 -0.0555333 0.998204 -0.0224832 -5.37727 -0.135377 0.0147824 0.990684 200.808 
0.989624 0.0547988 0.132823 6.02651 -0.05221 0.998374 -0.0228978 -5.42248 -0.133862 0.0157255 0.990875 202.363 
0.989793 0.0546945 0.131598 6.19979 -0.052033 0.998367 -0.0235816 -5.4788 -0.132673 0.0164935 0.991023 203.777 
0.989676 0.0560212 0.131919 6.33332 -0.0532189 0.998278 -0.024676 -5.52616 -0.133074 0.0174007 0.990953 205.194 
0.989783 0.0547027 0.131673 6.52082 -0.0519061 0.998349 -0.0245804 -5.5836 -0.1328 0.0174947 0.990988 206.609 
0.989727 0.0554945 0.131757 6.67416 -0.0527823 0.998318 -0.0239915 -5.6404 -0.132867 0.0167906 0.990992 208.108 
0.989879 0.0546592 0.130965 6.84735 -0.0518501 0.998348 -0.0247666 -5.69968 -0.132102 0.0177255 0.991078 209.553 
0.989651 0.0561186 0.132065 6.95747 -0.0531166 0.998246 -0.0261476 -5.76491 -0.133301 0.0188622 0.990896 210.881 
0.989652 0.054992 0.132536 7.1094 -0.0519146 0.998298 -0.0265664 -5.81582 -0.133771 0.019411 0.990822 212.324 
0.989725 0.0534845 0.132605 7.21344 -0.0504539 0.998385 -0.0261122 -5.88547 -0.133787 0.0191535 0.990825 213.72 
0.989623 0.0556852 0.132463 7.40395 -0.0524623 0.998239 -0.0277 -5.9301 -0.133772 0.0204632 0.990801 215.282 
0.98948 0.0560858 0.133359 7.57177 -0.0529136 0.998228 -0.0272161 -6.01432 -0.134649 0.0198733 0.990694 216.744 
0.9893 0.0585594 0.133626 7.71019 -0.0553278 0.998082 -0.0277734 -6.08735 -0.134996 0.0200831 0.990643 218.157 
0.989583 0.057787 0.131859 7.91111 -0.0545092 0.998111 -0.0283365 -6.14844 -0.133248 0.0208538 0.990863 219.718 
0.989128 0.0592973 0.134574 7.97993 -0.0558167 0.998005 -0.0294941 -6.18521 -0.136055 0.021662 0.990465 221.127 
0.98898 0.0605864 0.135082 8.11739 -0.0570847 0.997929 -0.0296503 -6.2501 -0.136598 0.0216125 0.990391 222.576 
0.989038 0.0586196 0.13553 8.28812 -0.0551226 0.998046 -0.0294161 -6.29904 -0.136989 0.0216229 0.990337 223.989 
0.989162 0.0539754 0.136548 8.42222 -0.0505662 0.998319 -0.0283159 -6.38532 -0.137847 0.0211044 0.990229 225.471 
0.989035 0.0533718 0.137703 8.55233 -0.0502911 0.998402 -0.0257572 -6.47918 -0.138858 0.0185496 0.990139 226.899 
0.988901 0.0533522 0.13867 8.69868 -0.0503064 0.998411 -0.02538 -6.54908 -0.139804 0.0181223 0.990013 228.344 
0.988596 0.0542362 0.140489 8.84653 -0.0509803 0.998343 -0.0266742 -6.59508 -0.141703 0.0192079 0.989723 229.875 
0.988697 0.0527232 0.140355 9.03786 -0.0493845 0.99841 -0.0271672 -6.63638 -0.141564 0.0199288 0.989729 231.29 
0.988285 0.054693 0.142482 9.14876 -0.0514684 0.99833 -0.0262223 -6.70639 -0.143678 0.0185819 0.98945 232.796 
0.988364 0.0520038 0.142943 9.32595 -0.0490468 0.998505 -0.0241354 -6.77905 -0.143984 0.0168437 0.989437 234.286 
0.987639 0.0551446 0.146725 9.43861 -0.052191 0.998351 -0.0239069 -6.8457 -0.147802 0.0159537 0.988888 235.773 
0.987655 0.054336 0.146917 9.63897 -0.0511976 0.998374 -0.0250617 -6.89607 -0.14804 0.0172305 0.988831 237.364 
0.986883 0.06106 0.149445 9.83909 -0.0573981 0.997939 -0.028699 -6.91871 -0.150889 0.0197447 0.988354 239.018 
0.9867 0.0620152 0.150258 10.0338 -0.0582058 0.997865 -0.0296232 -6.95254 -0.151775 0.0204833 0.988203 240.528 
0.986633 0.0601647 0.151443 10.2188 -0.0565864 0.99801 -0.0278317 -7.02392 -0.152816 0.0188901 0.988074 242.102 
0.986443 0.0579924 0.153517 10.359 -0.0545505 0.998158 -0.0265419 -7.10792 -0.154774 0.0178076 0.987789 243.446 
0.986673 0.0584941 0.151837 10.6094 -0.0547642 0.998089 -0.0286351 -7.13017 -0.153222 0.0199383 0.987991 245.108 
0.986487 0.0589736 0.152857 10.8429 -0.055158 0.998054 -0.029087 -7.18537 -0.154275 0.0202627 0.98782 246.757 
0.986006 0.0613711 0.155003 11.0429 -0.0573692 0.997897 -0.0301647 -7.24035 -0.156528 0.0208503 0.987453 248.304 
0.986131 0.06097 0.154364 11.2702 -0.0571271 0.997939 -0.0292134 -7.31951 -0.155827 0.0199899 0.987582 249.792 
0.986189 0.0611978 0.153906 11.4938 -0.0573361 0.997922 -0.0294098 -7.38437 -0.155386 0.0201793 0.987648 251.307 
0.985898 0.0624481 0.15526 11.7286 -0.0584721 0.997837 -0.030049 -7.4182 -0.1568 0.0205469 0.987417 252.887 
0.985817 0.0628948 0.155593 11.9376 -0.0589687 0.997817 -0.0297256 -7.48028 -0.157123 0.0201289 0.987374 254.431 
0.986264 0.0598754 0.15394 12.1967 -0.0559404 0.99799 -0.0297711 -7.55626 -0.155413 0.0207507 0.987632 256.063 
0.986456 0.0563058 0.154058 12.3798 -0.0523229 0.998186 -0.0297894 -7.63562 -0.155455 0.0213253 0.987613 257.531 
0.986335 0.056672 0.154699 12.5966 -0.0527703 0.998179 -0.0292151 -7.67594 -0.156073 0.0206524 0.98753 259.014 
0.986309 0.0535242 0.155982 12.7848 -0.0497688 0.998371 -0.0278853 -7.72982 -0.157221 0.0197405 0.987366 260.499 
0.986264 0.0525615 0.156593 12.9783 -0.048638 0.998402 -0.028785 -7.80413 -0.157855 0.0207732 0.987244 261.935 
0.986047 0.0538313 0.157523 13.1663 -0.0498624 0.998334 -0.0290424 -7.89912 -0.158824 0.0207827 0.987088 263.471 
0.985765 0.0563332 0.158413 13.4013 -0.0522061 0.998183 -0.0300977 -7.95789 -0.15982 0.0213992 0.986914 265.118 
0.985383 0.0587009 0.15992 13.608 -0.0543747 0.99803 -0.0312991 -8.01468 -0.161442 0.0221461 0.986634 266.638 
0.985068 0.0584437 0.161946 13.8218 -0.0539673 0.998033 -0.0319069 -8.10402 -0.163492 0.0226907 0.986284 268.305 
0.984367 0.0590724 0.165926 13.9595 -0.0545047 0.998002 -0.0319526 -8.18213 -0.167482 0.0224094 0.98562 269.766 
0.983471 0.0644802 0.169196 14.1296 -0.0596009 0.997651 -0.0337651 -8.24569 -0.170976 0.0231228 0.985004 271.359 
0.983179 0.0663712 0.170159 14.3705 -0.0614276 0.997527 -0.0341605 -8.35834 -0.172005 0.0231334 0.984824 272.911 
0.983324 0.0639435 0.170249 14.6578 -0.0592281 0.997711 -0.0326384 -8.45102 -0.171947 0.0220106 0.98486 274.285 
0.982658 0.0619207 0.174783 14.7439 -0.0571958 0.997852 -0.0319465 -8.54045 -0.176386 0.0213957 0.984089 275.976 
0.982307 0.0627995 0.176434 14.9594 -0.0579926 0.997795 -0.0322751 -8.59597 -0.178072 0.0214722 0.983783 277.522 
0.981981 0.0644557 0.177647 15.1827 -0.0594283 0.997671 -0.0334823 -8.65576 -0.179392 0.0223217 0.983524 279.091 
0.982039 0.0668885 0.176424 15.4757 -0.0615645 0.997472 -0.0354865 -8.76747 -0.178351 0.0239877 0.983674 280.555 
0.982427 0.063459 0.175528 15.7477 -0.0579148 0.997653 -0.036535 -8.83027 -0.177434 0.0257273 0.983796 282.116 
0.982514 0.0642176 0.174765 15.9896 -0.0587175 0.997608 -0.0364671 -8.91323 -0.176689 0.0255677 0.983935 283.594 
0.982897 0.0658291 0.171989 16.2593 -0.0604749 0.997513 -0.0361929 -8.98623 -0.173944 0.0251729 0.984434 285.164 
0.983252 0.0638242 0.170709 16.5297 -0.0583972 0.997621 -0.03663 -9.07293 -0.172641 0.0260477 0.98464 286.661 
0.983539 0.063626 0.169123 16.7777 -0.0581166 0.997612 -0.0373339 -9.14362 -0.171094 0.0268905 0.984888 288.337 
0.984033 0.0608848 0.167248 17.0355 -0.0557755 0.997827 -0.0350822 -9.2504 -0.16902 0.0251938 0.985291 289.871 
0.984684 0.0541556 0.165723 17.2759 -0.0489889 0.998182 -0.0351102 -9.32164 -0.167323 0.0264539 0.985547 291.24 
0.984631 0.0547736 0.165839 17.4575 -0.0497982 0.99818 -0.034015 -9.39668 -0.1674 0.0252337 0.985566 292.781 
0.984442 0.0591792 0.165445 17.669 -0.0545444 0.997985 -0.032422 -9.48751 -0.16703 0.0228936 0.985686 294.076 
0.984183 0.0627519 0.165668 17.8307 -0.0588689 0.997866 -0.0282499 -9.63422 -0.167087 0.0180505 0.985777 294.997 
0.983866 0.0610565 0.168165 17.9968 -0.0572001 0.997979 -0.0276858 -9.6979 -0.169516 0.0176201 0.98537 296.528 
0.983678 0.0610731 0.169255 18.2364 -0.0571234 0.997971 -0.0281123 -9.76735 -0.170629 0.0179851 0.985171 298.114 
0.983808 0.0591188 0.169195 18.4954 -0.0548965 0.998055 -0.0295294 -9.83659 -0.170612 0.0197631 0.98514 299.762 
0.98393 0.0576775 0.168981 18.7346 -0.0530799 0.99809 -0.0316038 -9.91403 -0.170481 0.0221265 0.985113 301.406 
0.983703 0.0559019 0.170891 18.8387 -0.0512711 0.998191 -0.0313951 -9.99955 -0.172337 0.0221217 0.98479 302.733 
0.983552 0.0569454 0.171416 18.9107 -0.0522894 0.998133 -0.0315593 -10.0824 -0.172894 0.022077 0.984693 304.154 
0.983806 0.0581555 0.169539 19.1503 -0.0533177 0.998034 -0.0329532 -10.1036 -0.171122 0.0233802 0.984972 305.757 
0.983771 0.0583185 0.169684 19.3803 -0.0543406 0.99813 -0.0279972 -10.1952 -0.171 0.0183222 0.985101 307.387 
0.983265 0.0581418 0.172655 19.5589 -0.054609 0.998191 -0.0251454 -10.2719 -0.173805 0.0152961 0.984661 309.01 
0.983076 0.0581428 0.173729 19.7778 -0.0546163 0.998194 -0.0250145 -10.3039 -0.17487 0.0151028 0.984476 310.611 
0.982807 0.0578514 0.175339 20.0037 -0.0540617 0.998191 -0.0263174 -10.3658 -0.176545 0.0163858 0.984156 312.255 
0.98297 0.0568766 0.174744 20.2424 -0.0531738 0.998252 -0.0258026 -10.4255 -0.175907 0.0160714 0.984276 313.824 
0.983076 0.0544501 0.174918 20.4699 -0.0511247 0.998417 -0.0234647 -10.5318 -0.175918 0.014125 0.984303 315.33 
0.982456 0.053547 0.178641 20.5519 -0.0503534 0.998481 -0.0223663 -10.6035 -0.179568 0.0129788 0.98366 316.705 
0.982161 0.0561064 0.179479 20.7508 -0.0525252 0.998315 -0.0246471 -10.641 -0.18056 0.0147803 0.983453 318.23 
0.981765 0.0569108 0.18138 20.9811 -0.0533353 0.998275 -0.0245337 -10.7172 -0.182464 0.0144125 0.983107 319.831 
0.981247 0.0563549 0.184333 21.16 -0.0529371 0.998323 -0.023414 -10.7619 -0.185344 0.0132169 0.982585 321.336 
0.981247 0.0561471 0.184396 21.4467 -0.0528175 0.998341 -0.0229229 -10.8253 -0.185377 0.0127538 0.982585 323.012 
0.980638 0.0591831 0.186672 21.6125 -0.0552137 0.998126 -0.0263968 -10.8475 -0.187885 0.0155789 0.982068 324.419 
0.980376 0.0599798 0.18779 21.8344 -0.0560159 0.998082 -0.0263491 -10.9112 -0.18901 0.0153129 0.981856 325.941 
0.980462 0.0604152 0.1872 22.113 -0.0561824 0.998032 -0.0278393 -10.9962 -0.188514 0.0167781 0.981927 327.583 
0.980209 0.0639928 0.187338 22.4001 -0.0591726 0.99776 -0.0312156 -11.0711 -0.188916 0.0195125 0.981799 329.083 
0.979726 0.0657179 0.189257 22.5525 -0.0610096 0.997668 -0.0306035 -11.1551 -0.190827 0.0184366 0.981451 330.683 
0.979449 0.0680944 0.189848 22.8163 -0.0638973 0.997559 -0.0281491 -11.2173 -0.191301 0.0154399 0.98141 332.344 
0.979371 0.0668625 0.190686 23.075 -0.0634209 0.997696 -0.0241008 -11.2786 -0.191858 0.0115103 0.981355 333.931 
0.979327 0.0682088 0.190437 23.3374 -0.0646303 0.997597 -0.0249462 -11.3456 -0.191681 0.0121225 0.981383 335.493 
0.979436 0.0707482 0.188943 23.6179 -0.0667704 0.997394 -0.0273436 -11.4191 -0.190386 0.0141655 0.981607 336.975 
0.979769 0.0709256 0.187142 23.9142 -0.0672222 0.997397 -0.0260694 -11.4787 -0.188504 0.0129619 0.981987 338.629 
0.980032 0.0697548 0.186203 24.2139 -0.0658846 0.997465 -0.0268999 -11.5204 -0.187607 0.0140949 0.982143 340.267 
0.979833 0.0697979 0.187232 24.4261 -0.0657666 0.997452 -0.0276646 -11.6014 -0.188686 0.0147931 0.981926 341.832 
0.979256 0.0738665 0.188685 24.5742 -0.0697502 0.997161 -0.0283725 -11.6258 -0.190245 0.0146231 0.981628 343.172 
0.979321 0.0733757 0.188539 24.8514 -0.0691222 0.997185 -0.0290458 -11.6845 -0.190139 0.015413 0.981636 344.69 
0.979292 0.0733917 0.18868 25.0651 -0.0690062 0.997174 -0.0297168 -11.735 -0.190328 0.0160814 0.981589 346.134 
0.97927 0.0740144 0.188552 25.3329 -0.0694093 0.997109 -0.030919 -11.8166 -0.190296 0.0171908 0.981576 347.701 
0.978984 0.075862 0.189301 25.5923 -0.0711976 0.99697 -0.0313297 -11.9312 -0.191105 0.0171935 0.981419 349.211 
0.979158 0.0751435 0.188686 25.9343 -0.0706954 0.997041 -0.0302042 -12.0107 -0.190397 0.0162355 0.981573 350.953 
0.979094 0.0767326 0.188381 26.1957 -0.0720802 0.996903 -0.0314346 -12.0808 -0.19021 0.0171989 0.981593 352.521 
0.978892 0.0746811 0.190243 26.4279 -0.0696126 0.997022 -0.0331963 -12.1396 -0.192156 0.0192523 0.981176 354.113 
0.979123 0.0728259 0.189774 26.7098 -0.0680333 0.997181 -0.0316563 -12.2198 -0.191545 0.0180845 0.981317 355.725 
0.97964 0.0725511 0.187193 27.0554 -0.0676883 0.997185 -0.0322481 -12.2766 -0.189005 0.0189208 0.981794 357.368 
0.979342 0.0737146 0.188295 27.2804 -0.0686928 0.99709 -0.0330663 -12.3477 -0.190184 0.0194488 0.981556 358.915 
0.979331 0.0738826 0.188286 27.5574 -0.0685162 0.997041 -0.0348611 -12.4008 -0.190304 0.02124 0.981495 360.474 
0.979216 0.0758862 0.188089 27.828 -0.0707639 0.99692 -0.0338097 -12.4829 -0.190075 0.0197972 0.98157 361.998 
0.979526 0.0745422 0.187011 28.1001 -0.0695959 0.997033 -0.0328858 -12.5714 -0.188908 0.0191973 0.981807 363.534 
0.979349 0.0766604 0.187081 28.4003 -0.0716636 0.996872 -0.0333378 -12.6476 -0.189052 0.0192424 0.981779 365.136 
0.979099 0.0764234 0.188481 28.653 -0.0709986 0.996849 -0.0353767 -12.711 -0.190591 0.0212554 0.981439 366.755 
0.978402 0.0791525 0.190957 28.8868 -0.073504 0.996627 -0.0364953 -12.7694 -0.193202 0.021671 0.98092 368.326 
0.978332 0.0782615 0.191682 29.1617 -0.0726524 0.996703 -0.0361291 -12.862 -0.193878 0.0214201 0.980792 369.898 
0.978184 0.0809643 0.191316 29.4262 -0.0751614 0.99647 -0.0374082 -12.9283 -0.19367 0.0222126 0.980815 371.396 
0.977911 0.0834809 0.191629 29.7312 -0.077815 0.996284 -0.036918 -13.0339 -0.193999 0.0211909 0.980773 372.944 
0.977633 0.0841524 0.192748 30.0006 -0.0782513 0.996208 -0.0380403 -13.1044 -0.195218 0.0221067 0.980511 374.538 
0.977192 0.0874028 0.193537 30.2587 -0.0810831 0.99589 -0.0403532 -13.1831 -0.196268 0.0237403 0.980263 376.004 
0.976947 0.087484 0.194734 30.5332 -0.0814684 0.995924 -0.0387048 -13.2823 -0.197326 0.0219479 0.980092 377.624 
0.977311 0.084259 0.19433 30.8537 -0.0787453 0.996247 -0.035939 -13.418 -0.196629 0.019821 0.980278 379.26 
0.976752 0.0887283 0.195148 31.1262 -0.0833316 0.995882 -0.0357088 -13.5638 -0.197512 0.0186167 0.980124 380.922 
0.976851 0.0863851 0.195703 31.4049 -0.0804217 0.996028 -0.0382304 -13.6181 -0.198229 0.0216067 0.979918 382.465 
0.976939 0.0865798 0.195179 31.6698 -0.0806526 0.996013 -0.0381287 -13.6957 -0.197702 0.0215078 0.980026 383.869 
0.977657 0.0840725 0.19266 32.0433 -0.0777842 0.996168 -0.0399872 -13.7077 -0.195283 0.024108 0.980451 385.54 
0.978159 0.0755607 0.193638 32.3301 -0.0690572 0.996805 -0.0401282 -13.7775 -0.196052 0.0258797 0.980252 387.314 
0.979245 0.0715973 0.189611 32.7406 -0.0656188 0.997135 -0.0376311 -13.922 -0.191762 0.0244081 0.981138 388.92 
0.979552 0.0678127 0.189418 33.0713 -0.0619727 0.997407 -0.036593 -14.0395 -0.191408 0.024106 0.981215 390.508 
0.979948 0.0655337 0.188167 33.3464 -0.0599724 0.997583 -0.0351039 -14.1221 -0.190013 0.0231152 0.98151 391.89 
0.97959 0.0667456 0.1896 33.6142 -0.0613214 0.997527 -0.0343391 -14.1905 -0.191424 0.0220117 0.981261 393.588 
0.980038 0.0618491 0.188945 33.919 -0.0566754 0.997858 -0.0326688 -14.2963 -0.190561 0.0213082 0.981444 395.221 
0.980081 0.0608352 0.189052 34.223 -0.0554805 0.997898 -0.0334933 -14.385 -0.190692 0.0223375 0.981396 396.915 
