1 2.12261e-08 -2.11895e-08 0 2.12261e-08 1 2.10703e-08 0 -2.11895e-08 2.10703e-08 1 0 
0.999998 -0.00169546 -0.00144281 -0.0179834 0.00169439 0.999998 -0.000774528 -0.00876244 0.00144408 0.000772123 0.999999 0.578346 
0.999996 -0.0022388 -0.001594 -0.0567816 0.00223609 0.999996 -0.00172429 -0.0266306 0.00159782 0.00172076 0.999997 1.14092 
0.999989 -0.00237458 -0.00394469 -0.0627506 0.002364 0.999994 -0.00269593 -0.045231 0.00395102 0.00268662 0.999989 1.69425 
0.999969 -0.00430428 -0.00660802 -0.0544894 0.00427225 0.999979 -0.0048589 -0.0580254 0.00662876 0.00483056 0.999966 2.27668 
0.999949 -0.00651128 -0.00772789 -0.0745355 0.00645289 0.999951 -0.00756236 -0.0472472 0.0077767 0.00751214 0.999942 2.81514 
0.999907 -0.00917327 -0.0101231 -0.0628037 0.00910469 0.999935 -0.00680378 -0.0989999 0.0101848 0.00671102 0.999926 3.40391 
0.99991 -0.0086179 -0.0102788 -0.105785 0.00854197 0.999936 -0.00741255 -0.0900551 0.010342 0.00732413 0.99992 3.95681 
0.999893 -0.00940218 -0.0112406 -0.128244 0.00931923 0.999929 -0.00741335 -0.115162 0.0113095 0.00730785 0.999909 4.54182 
0.999885 -0.00875683 -0.012407 -0.140098 0.00862838 0.999909 -0.0103726 -0.119155 0.0124966 0.0102644 0.999869 5.17311 
0.999921 -0.00597166 -0.0110522 -0.255958 0.00581929 0.999888 -0.0137714 -0.145979 0.0111331 0.0137061 0.999844 5.75487 
0.999901 -0.00563926 -0.0128725 -0.271644 0.00542258 0.999844 -0.0168091 -0.170545 0.0129652 0.0167377 0.999776 6.35245 
0.999892 -0.00413681 -0.0141014 -0.283838 0.00389854 0.99985 -0.0168856 -0.184112 0.0141691 0.0168289 0.999758 6.97559 
0.999879 -0.00173584 -0.015474 -0.304899 0.00157208 0.999943 -0.0105917 -0.200309 0.0154915 0.0105661 0.999824 7.6222 
0.999875 -0.000332264 -0.0158093 -0.348247 0.000324785 1 -0.000478342 -0.206157 0.0158095 0.00047319 0.999875 8.28763 
0.99988 0.00277573 -0.0152204 -0.408048 -0.00269166 0.999981 0.0055389 -0.217798 0.0152354 -0.00549722 0.999869 8.94867 
0.999841 0.00409294 -0.0173371 -0.422529 -0.00401067 0.999981 0.00477503 -0.239252 0.0173563 -0.00470469 0.999838 9.61986 
0.999835 0.00671674 -0.016907 -0.465139 -0.00674883 0.999976 -0.00184452 -0.254057 0.0168941 0.00195836 0.999855 10.3138 
0.999831 0.00716738 -0.016942 -0.519592 -0.00730059 0.999943 -0.00781656 -0.252871 0.016885 0.00793896 0.999826 10.9835 
0.999863 0.00443818 -0.0159734 -0.607651 -0.00453535 0.999971 -0.00605465 -0.259532 0.015946 0.0061263 0.999854 11.6818 
0.999859 0.00314245 -0.0164741 -0.622064 -0.00306406 0.999984 0.00477886 -0.288976 0.0164888 -0.00472766 0.999853 12.4134 
0.999856 0.00326385 -0.0166399 -0.658338 -0.00306586 0.999924 0.0119079 -0.292211 0.0166775 -0.0118551 0.999791 13.1655 
0.99986 0.00366394 -0.0163178 -0.700233 -0.00341738 0.99988 0.0151094 -0.302447 0.0163712 -0.0150515 0.999753 13.8914 
0.999852 0.00103624 -0.0171771 -0.720507 -0.000774275 0.999883 0.0152481 -0.316413 0.0171909 -0.0152325 0.999736 14.6747 
0.999862 0.000442545 -0.0165965 -0.750587 -0.000222204 0.999912 0.0132733 -0.332548 0.0166009 -0.0132678 0.999774 15.5128 
0.999873 0.00398224 -0.0154603 -0.796002 -0.0038442 0.999953 0.00894561 -0.328255 0.0154951 -0.00888499 0.999841 16.3763 
0.999896 -0.000771369 -0.0144122 -0.829315 0.000812433 0.999996 0.00284072 -0.323175 0.0144099 -0.00285209 0.999892 17.1821 
0.999893 -0.00433221 -0.013985 -0.851019 0.00429957 0.999988 -0.00236593 -0.339569 0.0139951 0.00230559 0.999899 18.0349 
0.999915 -0.00192108 -0.012899 -0.873901 0.00181822 0.999967 -0.00798488 -0.356869 0.0129138 0.00796079 0.999885 18.9019 
0.999918 -0.000999196 -0.0127444 -0.921511 0.000876558 0.999953 -0.00962816 -0.361406 0.0127534 0.00961624 0.999872 19.8308 
0.999897 -0.00222384 -0.0142085 -0.918867 0.00209683 0.999958 -0.00895071 -0.381006 0.0142277 0.00892004 0.999859 20.7415 
0.999874 -0.000910637 -0.0158305 -0.934923 0.000749476 0.999948 -0.010186 -0.396681 0.0158389 0.0101729 0.999823 21.6958 
0.999897 0.00263203 -0.0140765 -0.989602 -0.00280782 0.999918 -0.0124859 -0.413323 0.0140424 0.0125242 0.999823 22.6222 
0.999867 0.00685411 -0.0147858 -1.01913 -0.00705297 0.999885 -0.0134423 -0.420537 0.014692 0.0135448 0.9998 23.5745 
0.999854 0.00885489 -0.0146132 -1.07055 -0.00904902 0.999871 -0.0132751 -0.443127 0.0144937 0.0134054 0.999805 24.5836 
0.999841 0.0101999 -0.0146336 -1.1037 -0.0103975 0.999855 -0.0134938 -0.467191 0.0144938 0.0136438 0.999802 25.5596 
0.999845 0.00825223 -0.015566 -1.11622 -0.00846866 0.999868 -0.0138924 -0.48675 0.0154493 0.0140221 0.999782 26.5216 
0.99983 0.00902163 -0.0160579 -1.15301 -0.00922962 0.999874 -0.0129289 -0.523315 0.0159392 0.013075 0.999788 27.5231 
0.999795 0.0108207 -0.0170978 -1.17101 -0.0110115 0.999878 -0.011106 -0.545474 0.0169755 0.011292 0.999792 28.5288 
0.999793 0.0104113 -0.0174594 -1.20564 -0.0105884 0.999893 -0.010084 -0.571844 0.0173525 0.0102668 0.999797 29.5495 
0.999771 0.0100787 -0.0188625 -1.21362 -0.0102948 0.999882 -0.0113986 -0.592887 0.0187454 0.0115903 0.999757 30.556 
0.999766 0.0111656 -0.0185142 -1.25722 -0.0113809 0.999868 -0.0115656 -0.622809 0.0183826 0.0117736 0.999762 31.6117 
0.999799 0.00865264 -0.0181035 -1.33218 -0.00885747 0.999897 -0.0112669 -0.640105 0.0180041 0.011425 0.999773 32.6667 
0.999751 0.010159 -0.0198629 -1.37023 -0.0103248 0.999913 -0.00826052 -0.666573 0.0197772 0.00846359 0.999769 33.7079 
0.999743 0.0103486 -0.0201697 -1.41554 -0.0104206 0.99994 -0.00346933 -0.691837 0.0201325 0.00367866 0.999791 34.7405 
0.99973 0.00971271 -0.0210898 -1.44679 -0.00974205 0.999952 -0.00129102 -0.714213 0.0210762 0.00149618 0.999777 35.8172 
0.999701 0.00934157 -0.022601 -1.47625 -0.00938863 0.999954 -0.00197881 -0.717189 0.0225815 0.00219045 0.999743 36.8882 
0.999662 0.0105721 -0.0237431 -1.5153 -0.0106649 0.999936 -0.00378949 -0.734705 0.0237015 0.00404147 0.999711 37.9218 
0.999638 0.0140422 -0.0229566 -1.58498 -0.014166 0.999886 -0.0052401 -0.728532 0.0228804 0.00556345 0.999723 38.9585 
0.999629 0.0137394 -0.0235356 -1.6379 -0.0138491 0.999894 -0.00450646 -0.743889 0.0234711 0.00483078 0.999713 40.0226 
0.999552 0.0173078 -0.0244305 -1.68348 -0.0173801 0.999845 -0.00275329 -0.759539 0.024379 0.0031767 0.999698 41.0844 
0.99954 0.0187033 -0.0238952 -1.74272 -0.0187368 0.999824 -0.00118158 -0.773398 0.0238688 0.00162879 0.999714 42.1729 
0.999502 0.0210388 -0.0235253 -1.80714 -0.0210755 0.999777 -0.00131593 -0.808848 0.0234923 0.00181112 0.999722 43.1852 
0.999433 0.0225185 -0.0250272 -1.82361 -0.0226502 0.999731 -0.00499153 -0.845286 0.0249081 0.00555562 0.999674 44.2266 
0.999383 0.024415 -0.0252369 -1.87173 -0.0246484 0.999656 -0.00897784 -0.872095 0.025009 0.0095944 0.999641 45.321 
0.999349 0.0249128 -0.0261153 -1.90638 -0.025185 0.999631 -0.0101457 -0.88869 0.0258529 0.0107968 0.999607 46.4054 
0.999295 0.0264301 -0.0266571 -1.93972 -0.0266518 0.999613 -0.00799817 -0.910358 0.0264353 0.00870303 0.999613 47.5078 
0.999292 0.0274681 -0.0256973 -2.00832 -0.0276181 0.999603 -0.0055015 -0.948355 0.025536 0.00620736 0.999655 48.5622 
0.999341 0.0259351 -0.0253998 -2.06691 -0.0260413 0.999653 -0.00386171 -0.984306 0.0252908 0.00452065 0.99967 49.6652 
0.999307 0.0274856 -0.025117 -2.12662 -0.0276198 0.999606 -0.00500983 -1.0144 0.0249694 0.00570012 0.999672 50.7483 
0.999378 0.0243437 -0.0255001 -2.1681 -0.0245204 0.999677 -0.00663959 -1.0378 0.0253302 0.00726077 0.999653 51.841 
0.999417 0.0238589 -0.0244304 -2.23057 -0.0240882 0.999668 -0.00913684 -1.05413 0.0242042 0.00972004 0.99966 52.9323 
0.99946 0.0229899 -0.0234817 -2.2947 -0.0232733 0.999659 -0.0118718 -1.07134 0.0232007 0.012412 0.999654 54.0153 
0.999465 0.0213881 -0.0247501 -2.31285 -0.021763 0.999651 -0.014979 -1.1024 0.024421 0.0155097 0.999581 55.1201 
0.999505 0.0201964 -0.0241181 -2.36536 -0.0205897 0.999657 -0.0161736 -1.14655 0.0237831 0.0166622 0.999578 56.2204 
0.999563 0.017929 -0.0235254 -2.417 -0.018255 0.999739 -0.0137201 -1.17132 0.0232733 0.0141436 0.999629 57.3082 
0.999564 0.0182035 -0.0232361 -2.46682 -0.0184016 0.999796 -0.00834456 -1.18838 0.0230794 0.00876855 0.999695 58.4205 
0.999573 0.0159812 -0.0244459 -2.48642 -0.0160404 0.999869 -0.00223018 -1.20636 0.024407 0.00262139 0.999699 59.5416 
0.999611 0.0129624 -0.0247108 -2.55954 -0.0130044 0.999914 -0.00153976 -1.24131 0.0246887 0.00186056 0.999693 60.5866 
0.999661 0.00895338 -0.0244684 -2.58702 -0.00907742 0.999947 -0.00496496 -1.2723 0.0244226 0.00518543 0.999688 61.721 
0.999649 0.00593905 -0.0258277 -2.60915 -0.00613047 0.999954 -0.00734001 -1.33369 0.0257829 0.00749581 0.99964 62.7367 
0.999635 0.007781 -0.0258856 -2.67026 -0.00806392 0.999909 -0.010845 -1.36351 0.0257988 0.0110498 0.999606 63.8116 
0.999626 0.00803933 -0.0261517 -2.70734 -0.00843104 0.999853 -0.0149043 -1.38742 0.026028 0.0151192 0.999547 64.8564 
0.999647 0.00983312 -0.024696 -2.83614 -0.0102272 0.999822 -0.0158818 -1.41608 0.0245354 0.0161288 0.999569 66.0734 
0.999595 0.0142389 -0.0246431 -2.88362 -0.0145439 0.999819 -0.0122451 -1.45386 0.0244642 0.0125986 0.999621 67.207 
0.999585 0.016687 -0.0234619 -2.94705 -0.0169405 0.9998 -0.0106488 -1.48993 0.0232795 0.0110419 0.999668 68.266 
0.999584 0.0163022 -0.0237736 -2.97391 -0.0165462 0.999812 -0.0101056 -1.50804 0.0236043 0.0104948 0.999666 69.3119 
0.999603 0.0167358 -0.0226465 -3.07931 -0.0169629 0.999807 -0.00987296 -1.55878 0.0224769 0.0102532 0.999695 70.4979 
0.999614 0.0149082 -0.0234646 -3.1152 -0.0151236 0.999845 -0.00902855 -1.58034 0.0233263 0.00937997 0.999684 71.5983 
0.999597 0.0127284 -0.025381 -3.10692 -0.0129157 0.99989 -0.00722976 -1.61085 0.0252862 0.0075547 0.999652 72.6769 
0.99956 0.010718 -0.0276476 -3.12943 -0.0108745 0.999926 -0.00551637 -1.63836 0.0275864 0.00581464 0.999603 73.79 
0.999529 0.010727 -0.0287571 -3.17731 -0.0109174 0.999919 -0.0064737 -1.67533 0.0286853 0.00678464 0.999566 74.8797 
0.99949 0.0115663 -0.0297698 -3.2184 -0.011857 0.999884 -0.0096087 -1.71204 0.0296552 0.00995682 0.999511 75.9452 
0.999475 0.0125108 -0.0298772 -3.29379 -0.0128738 0.999845 -0.0119906 -1.74191 0.0297225 0.0123689 0.999482 77.0577 
0.99942 0.0137019 -0.0311725 -3.34287 -0.0140256 0.99985 -0.0101896 -1.78327 0.0310282 0.010621 0.999462 78.1537 
0.999407 0.0149029 -0.0310366 -3.40034 -0.0150941 0.999868 -0.00593631 -1.81828 0.030944 0.00640131 0.999501 79.1425 
0.999364 0.0157233 -0.0320122 -3.44119 -0.0157677 0.999875 -0.00113847 -1.84677 0.0319902 0.00164255 0.999487 80.2641 
0.999271 0.0180278 -0.0336606 -3.46275 -0.0180841 0.999836 -0.00136879 -1.85429 0.0336304 0.00197656 0.999432 81.2452 
0.999319 0.0167987 -0.0328449 -3.56068 -0.0169149 0.999852 -0.00326279 -1.89068 0.0327852 0.00381618 0.999455 82.2608 
0.999305 0.0188215 -0.032174 -3.66101 -0.0189394 0.999815 -0.00336506 -1.93315 0.0321047 0.00397212 0.999477 83.3214 
0.99928 0.0181365 -0.0333276 -3.72949 -0.0182624 0.999827 -0.00347849 -1.97018 0.0332587 0.00408467 0.999438 84.3879 
0.999325 0.0174491 -0.0323296 -3.8147 -0.0175442 0.999843 -0.00266038 -1.99857 0.032278 0.00322583 0.999474 85.4096 
0.999314 0.0171474 -0.0328229 -3.87534 -0.0172171 0.99985 -0.00184246 -2.01784 0.0327863 0.00240635 0.99946 86.4248 
0.999349 0.0160505 -0.0323067 -3.95053 -0.0160374 0.999871 0.000661665 -2.04383 0.0323132 -0.000143075 0.999478 87.4414 
0.999326 0.0165799 -0.0327439 -4.00364 -0.0165252 0.999862 0.00193946 -2.08919 0.0327715 -0.00139702 0.999462 88.3897 
0.999272 0.0140088 -0.0355 -4.03479 -0.0139469 0.999901 0.00199193 -2.09217 0.0355244 -0.00149533 0.999368 89.4092 
0.999161 0.0131856 -0.0387779 -4.08263 -0.0131465 0.999913 0.00126172 -2.12585 0.0387912 -0.000750821 0.999247 90.3548 
0.999029 0.0142888 -0.0416845 -4.14447 -0.014302 0.999898 -1.86797e-05 -2.1411 0.0416799 0.000614877 0.999131 91.2839 
0.998935 0.0144529 -0.043823 -4.21613 -0.0144598 0.999895 0.000156935 -2.15912 0.0438206 0.000476948 0.999039 92.1706 
0.998742 0.0151802 -0.0477966 -4.25765 -0.0151559 0.999885 0.000868066 -2.17631 0.0478042 -0.000142528 0.998857 93.0731 
0.998596 0.0156559 -0.0506043 -4.32656 -0.0156011 0.999877 0.00147611 -2.20203 0.0506211 -0.000684515 0.998718 93.917 
0.998434 0.02012 -0.0521971 -4.41392 -0.0200045 0.999796 0.00273354 -2.22142 0.0522414 -0.00168504 0.998633 94.755 
0.998334 0.0213802 -0.0535865 -4.49006 -0.0212478 0.99977 0.00303691 -2.23673 0.0536391 -0.00189321 0.998559 95.5164 
0.998196 0.0230854 -0.0554297 -4.58088 -0.0228811 0.999729 0.00431668 -2.27074 0.0555143 -0.00304056 0.998453 96.2698 
0.99807 0.0239651 -0.0572876 -4.66263 -0.0238285 0.999711 0.00306659 -2.28089 0.0573445 -0.00169555 0.998353 96.9929 
0.997865 0.0262214 -0.0598123 -4.73505 -0.0263671 0.999651 -0.00164834 -2.28525 0.0597482 0.00322194 0.998208 97.6468 
0.997727 0.0275715 -0.0614934 -4.79059 -0.0279454 0.999596 -0.0052277 -2.30052 0.0613244 0.00693431 0.998094 98.2889 
0.99757 0.0307426 -0.0625216 -4.86614 -0.0313363 0.999472 -0.00853848 -2.29987 0.062226 0.010477 0.998007 98.9104 
0.997408 0.032701 -0.0641011 -4.92498 -0.0333532 0.999402 -0.00913109 -2.3308 0.0637641 0.0112454 0.997902 99.5386 
0.997453 0.035866 -0.061652 -4.99134 -0.0364744 0.999296 -0.00877047 -2.34838 0.061294 0.0109969 0.998059 100.116 
0.997556 0.0380821 -0.0585833 -5.04645 -0.0386035 0.999224 -0.00779577 -2.35711 0.0582409 0.0100383 0.998252 100.69 
0.997745 0.0406372 -0.0534276 -5.0889 -0.0411097 0.999124 -0.00777503 -2.35388 0.0530648 0.00995393 0.998542 101.23 
0.998144 0.0416426 -0.0444457 -5.14873 -0.0419646 0.999099 -0.00633806 -2.36062 0.0441417 0.00819148 0.998992 101.772 
0.998548 0.041488 -0.0343495 -5.18491 -0.041652 0.999124 -0.00407313 -2.367 0.0341504 0.00549799 0.999402 102.248 
0.998862 0.0424831 -0.021664 -5.2189 -0.0425625 0.999089 -0.00321839 -2.37423 0.0215075 0.00413685 0.99976 102.738 
0.999123 0.041148 -0.00775463 -5.23558 -0.0411738 0.999147 -0.003203 -2.39269 0.00761618 0.00351952 0.999965 103.192 
0.999158 0.04022 0.00805824 -5.24683 -0.0401928 0.999186 -0.00351049 -2.42616 -0.00819291 0.00318369 0.999961 103.62 
0.998878 0.0393835 0.0262993 -5.24247 -0.0392044 0.999205 -0.00728775 -2.43295 -0.0265654 0.00624856 0.999628 104.027 
0.998104 0.038813 0.0477645 -5.23044 -0.0383021 0.999199 -0.0115665 -2.45095 -0.0481753 0.00971509 0.998792 104.414 
0.996684 0.0378347 0.0720409 -5.19361 -0.0366141 0.999164 -0.0181887 -2.44396 -0.0726689 0.0154908 0.997236 104.835 
0.994543 0.0357878 0.0979986 -5.12581 -0.0337926 0.999188 -0.0219443 -2.4412 -0.0987044 0.018513 0.994945 105.199 
0.991095 0.0333174 0.128919 -5.08086 -0.0305162 0.999255 -0.023643 -2.45217 -0.129611 0.0194984 0.991373 105.559 
0.986489 0.0310019 0.160865 -4.98705 -0.0270955 0.999284 -0.0264214 -2.46742 -0.161569 0.0217057 0.986623 105.94 
0.980036 0.0289929 0.196693 -4.89397 -0.0238035 0.999305 -0.0286969 -2.47771 -0.197388 0.023442 0.980045 106.293 
0.971647 0.0262887 0.234971 -4.74452 -0.0197686 0.999353 -0.0300615 -2.48898 -0.23561 0.0245642 0.971537 106.689 
0.961174 0.0235444 0.274938 -4.62125 -0.0158392 0.999418 -0.0302123 -2.52007 -0.275489 0.0246845 0.960987 106.998 
0.947916 0.0247294 0.317558 -4.5268 -0.0152782 0.999364 -0.0322182 -2.54539 -0.318153 0.0256885 0.947691 107.307 
0.932038 0.0254942 0.361464 -4.39357 -0.014945 0.999378 -0.0319507 -2.58884 -0.362053 0.0243772 0.931839 107.595 
0.913235 0.0258195 0.406614 -4.24704 -0.0147264 0.99943 -0.0303877 -2.61293 -0.407167 0.0217632 0.913095 107.904 
0.892017 0.0252568 0.451296 -4.09441 -0.0128796 0.999453 -0.030477 -2.62442 -0.451819 0.0213735 0.891854 108.182 
0.868407 0.0237112 0.495285 -3.90213 -0.00899762 0.999445 -0.0320712 -2.63489 -0.495771 0.0233945 0.868138 108.438 
0.843434 0.0241474 0.53669 -3.69293 -0.00686534 0.999392 -0.0341765 -2.65888 -0.537189 0.0251411 0.843087 108.654 
0.814334 0.0262721 0.579802 -3.49433 -0.00555669 0.999282 -0.0374752 -2.68855 -0.58037 0.0272955 0.813895 108.916 
0.781983 0.0316706 0.622495 -3.28204 -0.00647943 0.999067 -0.0426899 -2.70463 -0.623266 0.0293494 0.781459 109.18 
0.747148 0.0374198 0.663603 -3.04041 -0.00806507 0.998851 -0.0472435 -2.72198 -0.664608 0.0299459 0.746592 109.42 
0.709903 0.042199 0.703034 -2.77723 -0.0080249 0.998623 -0.0518382 -2.71799 -0.704253 0.0311583 0.709265 109.614 
0.668836 0.0424418 0.742197 -2.5033 -0.00619948 0.998653 -0.0515201 -2.75764 -0.743384 0.0298573 0.668198 109.833 
0.626283 0.0403081 0.778553 -2.20939 -0.00210345 0.998746 -0.0500161 -2.77674 -0.779593 0.0296866 0.625582 110.029 
0.581412 0.0385323 0.812696 -1.89357 0.0015541 0.998824 -0.0484689 -2.78728 -0.813608 0.0294434 0.580668 110.212 
0.53388 0.0367969 0.844759 -1.63375 0.000965332 0.999026 -0.0441266 -2.83025 -0.84556 0.0243738 0.533324 110.347 
0.484703 0.0343348 0.874005 -1.32101 0.00336616 0.999149 -0.0411177 -2.85179 -0.874673 0.0228719 0.484174 110.496 
0.432724 0.0303532 0.901016 -0.956986 0.00609201 0.999312 -0.0365903 -2.88369 -0.901506 0.0213225 0.432241 110.657 
0.379869 0.0307868 0.924528 -0.60595 0.00561437 0.999351 -0.0355851 -2.89444 -0.925023 0.0187083 0.37945 110.79 
0.32876 0.0363675 0.943713 -0.249616 0.00293424 0.999214 -0.0395284 -2.90216 -0.944409 0.0157645 0.328395 110.882 
0.27978 0.0411495 0.959182 0.149275 0.00508954 0.999003 -0.0443424 -2.92464 -0.960051 0.0172879 0.279292 110.931 
0.231968 0.0431889 0.971764 0.560497 0.00662023 0.998921 -0.0459761 -2.95211 -0.972701 0.0170983 0.231432 111.006 
0.190607 0.0431169 0.980719 0.972329 0.0126843 0.998843 -0.0463789 -2.97419 -0.981585 0.0212799 0.18984 111.047 
0.155335 0.042429 0.98695 1.37527 0.0226173 0.998663 -0.0464922 -3.0026 -0.987603 0.0295441 0.154168 111.093 
0.124527 0.0435498 0.99126 1.82658 0.0268139 0.998524 -0.0472373 -3.02547 -0.991854 0.0324619 0.123175 111.136 
0.0963787 0.0417989 0.994467 2.29474 0.0255225 0.998686 -0.0444497 -3.04125 -0.995018 0.0296653 0.0951852 111.181 
0.0704005 0.0385882 0.996772 2.77139 0.0185269 0.999029 -0.039984 -3.06657 -0.997347 0.021282 0.0696172 111.214 
0.0478951 0.0342289 0.998266 3.28371 0.0143612 0.999286 -0.0349528 -3.09222 -0.998749 0.0160104 0.0473693 111.218 
0.0241501 0.0325473 0.999178 3.76526 0.0184639 0.999285 -0.032997 -3.11166 -0.999538 0.0192456 0.0235319 111.241 
0.00425168 0.0333541 0.999435 4.2763 0.0251278 0.999124 -0.0334506 -3.14296 -0.999675 0.0252558 0.00340984 111.224 
-0.0128339 0.0356527 0.999282 4.83419 0.0304532 0.998915 -0.0352484 -3.17067 -0.999454 0.029979 -0.0139057 111.214 
-0.0265183 0.0416709 0.998779 5.47397 0.0334053 0.99861 -0.0407769 -3.17462 -0.99909 0.0322832 -0.0278735 111.225 
-0.0371793 0.0460866 0.998245 6.06603 0.030767 0.998515 -0.0449531 -3.20112 -0.998835 0.0290417 -0.038542 111.212 
-0.0449244 0.0462223 0.997921 6.68021 0.0324133 0.998471 -0.0447886 -3.22716 -0.998464 0.0303338 -0.0463539 111.212 
-0.0486875 0.0437678 0.997855 7.34124 0.0387201 0.998371 -0.0419012 -3.25079 -0.998063 0.036597 -0.0503029 111.228 
-0.048164 0.041952 0.997958 8.00702 0.0393413 0.998422 -0.0400727 -3.28928 -0.998064 0.0373309 -0.0497384 111.201 
-0.0461444 0.0416808 0.998065 8.66539 0.0384635 0.998462 -0.039919 -3.32241 -0.998194 0.036547 -0.0476766 111.168 
-0.0441886 0.0421398 0.998134 9.31138 0.0354195 0.998548 -0.0405892 -3.34993 -0.998395 0.0335598 -0.045617 111.142 
-0.043027 0.0426461 0.998163 10.0549 0.0331023 0.998601 -0.0412378 -3.41056 -0.998525 0.0312671 -0.0443784 111.144 
-0.0417179 0.0433719 0.998188 10.7752 0.0330871 0.998569 -0.0420056 -3.4489 -0.998581 0.0312748 -0.0430933 111.13 
-0.0410075 0.0429108 0.998237 11.543 0.0330378 0.998589 -0.0415687 -3.48659 -0.998613 0.0312749 -0.0423674 111.12 
-0.0407024 0.0415631 0.998307 12.2988 0.0324284 0.998663 -0.0402557 -3.52202 -0.998645 0.030735 -0.0419958 111.105 
-0.0406248 0.0400962 0.99837 13.07 0.0321849 0.998729 -0.0388009 -3.55738 -0.998656 0.0305562 -0.0418636 111.101 
-0.0409618 0.03856 0.998416 13.886 0.0323703 0.998782 -0.037246 -3.59368 -0.998636 0.0307934 -0.04216 111.081 
-0.0422255 0.0371283 0.998418 14.6684 0.0304482 0.998893 -0.0358582 -3.62074 -0.998644 0.0288859 -0.0433093 111.075 
-0.0434395 0.0364193 0.998392 15.4188 0.0304821 0.998918 -0.0351122 -3.65578 -0.998591 0.0289078 -0.0445026 111.054 
-0.0443008 0.0345241 0.998422 16.2174 0.0324108 0.998926 -0.0331034 -3.6779 -0.998492 0.0308931 -0.0453722 111.02 
-0.0458036 0.0329397 0.998407 17.0292 0.0340932 0.998926 -0.0313927 -3.71378 -0.998369 0.032601 -0.0468774 111.008 
-0.0472805 0.0318989 0.998372 17.8432 0.0323446 0.999015 -0.0303877 -3.75753 -0.998358 0.0308552 -0.0482657 110.98 
-0.0476815 0.0356144 0.998228 18.6428 0.0296206 0.998975 -0.0342261 -3.80331 -0.998423 0.0279361 -0.0486875 110.955 
-0.0483337 0.0402883 0.998018 19.469 0.0317915 0.998742 -0.0387778 -3.85141 -0.998325 0.0298542 -0.0495537 110.927 
-0.0487012 0.0412485 0.997961 20.2672 0.0319697 0.998699 -0.0397188 -3.90596 -0.998302 0.0299702 -0.0499565 110.879 
-0.0497302 0.0378401 0.998046 21.0753 0.0284127 0.998931 -0.0364579 -3.96762 -0.998359 0.0265441 -0.0507522 110.843 
-0.0511399 0.0338019 0.998119 21.9218 0.0260458 0.999132 -0.0325017 -4.00928 -0.998352 0.0243347 -0.0519759 110.819 
-0.0520621 0.028041 0.99825 22.7537 0.0235528 0.999362 -0.0268439 -4.05462 -0.998366 0.022114 -0.0526893 110.797 
-0.0521738 0.0225133 0.998384 23.5876 0.0193878 0.99958 -0.021527 -4.08652 -0.99845 0.0182334 -0.0525884 110.759 
-0.0521403 0.0214183 0.99841 24.43 0.0179812 0.999628 -0.0205054 -4.12368 -0.998478 0.0168834 -0.052506 110.73 
-0.0519677 0.0291241 0.998224 25.271 0.0210683 0.999384 -0.0280611 -4.15354 -0.998427 0.0195726 -0.0525493 110.716 
-0.0512343 0.0399489 0.997887 26.1026 0.0221554 0.998999 -0.0388558 -4.18624 -0.998441 0.0201178 -0.0520681 110.695 
-0.0493924 0.0457797 0.99773 26.9273 0.0245805 0.998702 -0.0446075 -4.20726 -0.998477 0.0223214 -0.0504536 110.646 
-0.0496912 0.0404553 0.997945 27.7922 0.0258513 0.998897 -0.0392066 -4.24603 -0.99843 0.02385 -0.0506822 110.647 
-0.0488644 0.0335949 0.99824 28.6266 0.0287579 0.999067 -0.032215 -4.2907 -0.998391 0.0271332 -0.049785 110.612 
-0.0482973 0.029697 0.998391 29.4629 0.02967 0.99916 -0.0282845 -4.34182 -0.998392 0.0282562 -0.0491379 110.587 
-0.0470504 0.0306657 0.998422 30.2752 0.0288881 0.999152 -0.0293268 -4.38712 -0.998475 0.0274627 -0.0478963 110.544 
-0.0489377 0.0314679 0.998306 31.1172 0.0252496 0.999223 -0.030259 -4.42608 -0.998483 0.023726 -0.0496942 110.529 
-0.0501916 0.0322649 0.998218 31.9305 0.0253592 0.999197 -0.0310214 -4.46045 -0.998418 0.023757 -0.0509695 110.494 
-0.051327 0.0336365 0.998115 32.7193 0.0273911 0.999104 -0.0322612 -4.48925 -0.998306 0.0256836 -0.0522023 110.45 
-0.0520624 0.0332181 0.998091 33.5001 0.0250939 0.999175 -0.0319452 -4.53393 -0.998329 0.0233829 -0.052853 110.407 
-0.0534075 0.0345773 0.997974 34.2972 0.0242469 0.999151 -0.0333204 -4.56392 -0.998278 0.0224182 -0.0542005 110.376 
-0.055304 0.033149 0.997919 35.0885 0.0225897 0.999234 -0.0319407 -4.60981 -0.998214 0.0207762 -0.0560105 110.347 
-0.0579766 0.0320698 0.997803 35.8695 0.0220361 0.999282 -0.0308369 -4.64474 -0.998075 0.0201999 -0.0586416 110.326 
-0.0593954 0.0332643 0.99768 36.6508 0.0231464 0.999222 -0.0319377 -4.68466 -0.997966 0.0211958 -0.0601192 110.282 
-0.0607446 0.0355522 0.99752 37.4788 0.0245092 0.999117 -0.0341166 -4.70967 -0.997852 0.022376 -0.0615623 110.239 
-0.0620225 0.0355183 0.997443 38.2731 0.0243608 0.999123 -0.0340633 -4.74629 -0.997777 0.0221858 -0.0628333 110.207 
-0.0631735 0.0329579 0.997458 39.0606 0.0256278 0.999179 -0.0313916 -4.80093 -0.997673 0.0235795 -0.0639663 110.173 
-0.0631656 0.0330512 0.997456 39.8265 0.0272552 0.999136 -0.0313808 -4.8367 -0.997631 0.0252037 -0.0640118 110.129 
-0.0634568 0.0327173 0.997448 40.5674 0.0260669 0.999176 -0.0311156 -4.87985 -0.997644 0.0240259 -0.0642573 110.09 
-0.0641767 0.0311179 0.997453 41.3135 0.0253519 0.999242 -0.0295425 -4.93402 -0.997617 0.0233914 -0.0649169 110.052 
-0.0651402 0.0309587 0.997396 42.069 0.025081 0.999254 -0.0293783 -4.96329 -0.997561 0.023102 -0.065868 110.015 
-0.0651262 0.031082 0.997393 42.7761 0.0248686 0.999255 -0.0295161 -4.99537 -0.997567 0.0228815 -0.0658506 109.979 
-0.065218 0.0337925 0.997299 43.4818 0.0255545 0.999155 -0.0321842 -5.03762 -0.997544 0.0233865 -0.0660264 109.946 
-0.0647703 0.0366783 0.997226 44.1982 0.0261678 0.999043 -0.0350455 -5.08291 -0.997557 0.0238253 -0.0656681 109.907 
-0.0657688 0.0395851 0.997049 44.9275 0.0250739 0.998963 -0.0380071 -5.09596 -0.99752 0.0225002 -0.0666931 109.907 
-0.0645125 0.0423489 0.997018 45.6098 0.0270222 0.998807 -0.0406764 -5.12841 -0.997551 0.0243175 -0.0655799 109.866 
-0.0636063 0.0413432 0.997118 46.2848 0.0280699 0.99882 -0.0396231 -5.17739 -0.99758 0.0254688 -0.0646918 109.821 
-0.0649668 0.0409682 0.997046 46.986 0.0291966 0.998807 -0.0391381 -5.22837 -0.99746 0.0265676 -0.0660855 109.791 
-0.0651314 0.041094 0.99703 47.6268 0.0260387 0.998881 -0.0394693 -5.26942 -0.997537 0.0233907 -0.0661286 109.764 
-0.0650572 0.0409823 0.99704 48.3429 0.0229751 0.998953 -0.0395617 -5.31177 -0.997617 0.0203333 -0.0659307 109.719 
-0.0657771 0.0401614 0.997026 49.032 0.0235658 0.998974 -0.0386851 -5.34824 -0.997556 0.0209511 -0.066656 109.7 
-0.0669592 0.038946 0.996995 49.6838 0.0223062 0.999047 -0.037528 -5.38614 -0.997506 0.0197263 -0.0677641 109.665 
-0.0710969 0.0382934 0.996734 50.3478 0.0194575 0.999126 -0.0369973 -5.42892 -0.99728 0.0167636 -0.0717799 109.648 
-0.0749085 0.0382165 0.996458 50.9965 0.0174117 0.999163 -0.0370113 -5.4689 -0.997038 0.0145775 -0.0755112 109.602 
-0.0816844 0.0416867 0.995786 51.6825 0.0202776 0.998988 -0.0401573 -5.50302 -0.996452 0.0169119 -0.082447 109.571 
-0.0881108 0.0447497 0.995105 52.3645 0.0227036 0.998821 -0.0429065 -5.54074 -0.995852 0.0188119 -0.0890229 109.512 
-0.0955279 0.0468293 0.994325 53.0168 0.0219051 0.99875 -0.0449332 -5.57536 -0.995186 0.0174885 -0.0964343 109.457 
-0.100727 0.045585 0.993869 53.7005 0.01947 0.998849 -0.0438401 -5.62851 -0.994724 0.0149347 -0.101499 109.376 
-0.106163 0.0445025 0.993352 54.3821 0.0194128 0.9989 -0.0426763 -5.66737 -0.994159 0.0147532 -0.10691 109.318 
-0.110157 0.0456013 0.992868 55.0719 0.0182016 0.998872 -0.0438576 -5.70084 -0.993748 0.0132405 -0.110863 109.24 
-0.113344 0.0444284 0.992562 55.7416 0.0154282 0.998958 -0.0429528 -5.74381 -0.993436 0.010445 -0.113912 109.17 
-0.114442 0.0428891 0.992504 56.4225 0.0174509 0.999 -0.0411576 -5.75439 -0.993277 0.0126099 -0.115076 109.079 
-0.116481 0.0410557 0.992344 57.1538 0.020425 0.999033 -0.0389349 -5.78496 -0.992983 0.0157334 -0.117207 109.012 
-0.117762 0.0394658 0.992257 57.8712 0.0219603 0.999069 -0.0371304 -5.8124 -0.992799 0.0174177 -0.118519 108.943 
-0.11718 0.0389532 0.992347 58.5595 0.0204188 0.999114 -0.0368077 -5.8489 -0.992901 0.0159494 -0.117871 108.847 
-0.114927 0.0425409 0.992463 59.2246 0.0223623 0.99894 -0.040229 -5.8876 -0.993122 0.0175704 -0.115757 108.742 
-0.115418 0.0477835 0.992167 59.9569 0.0298619 0.998558 -0.0446175 -5.9203 -0.992868 0.0244783 -0.116679 108.669 
-0.11446 0.053178 0.992004 60.6825 0.0384481 0.998055 -0.0490662 -5.96132 -0.992684 0.0325245 -0.116282 108.569 
-0.113867 0.0555907 0.99194 61.4139 0.0401558 0.997875 -0.0513137 -5.99022 -0.992684 0.0339892 -0.115857 108.478 
-0.112237 0.0546465 0.992178 62.1568 0.039588 0.99794 -0.0504856 -6.0286 -0.992893 0.033612 -0.114169 108.394 
-0.111823 0.0509183 0.992423 62.9318 0.0399899 0.998108 -0.0467041 -6.06312 -0.992923 0.0344644 -0.113647 108.311 
-0.109924 0.0506492 0.992649 63.6787 0.0442239 0.997961 -0.0460229 -6.10301 -0.992956 0.0388397 -0.11194 108.218 
-0.110407 0.0500699 0.992625 64.4273 0.0443701 0.997983 -0.045405 -6.15295 -0.992896 0.0390298 -0.112406 108.149 
-0.111023 0.0518941 0.992462 65.2055 0.0443727 0.997899 -0.0472145 -6.20859 -0.992827 0.0387963 -0.113092 108.044 
-0.113348 0.0531602 0.992132 65.9382 0.0427082 0.997905 -0.0485902 -6.24501 -0.992637 0.0368645 -0.115381 107.985 
-0.115348 0.0530863 0.991906 66.6836 0.0455157 0.997805 -0.048109 -6.29989 -0.992282 0.039598 -0.117511 107.907 
-0.115798 0.0543513 0.991785 67.4431 0.0460383 0.997722 -0.0493013 -6.3416 -0.992205 0.0399511 -0.118036 107.803 
-0.118698 0.0518626 0.991575 68.183 0.0440377 0.997927 -0.0469233 -6.40106 -0.991953 0.0380969 -0.120736 107.747 
-0.121013 0.0526927 0.991251 68.8964 0.0409467 0.998005 -0.0480529 -6.45653 -0.991806 0.0347735 -0.122929 107.673 
-0.121019 0.0546713 0.991144 69.6375 0.0420607 0.997868 -0.0499066 -6.50821 -0.991759 0.0356485 -0.123061 107.574 
-0.122603 0.0538862 0.990992 70.3995 0.0396968 0.997992 -0.0493556 -6.56292 -0.991662 0.033288 -0.124496 107.508 
-0.124162 0.0555773 0.990704 71.1622 0.0409944 0.997865 -0.0508413 -6.58907 -0.991415 0.0343008 -0.126175 107.443 
-0.126557 0.0531245 0.990536 71.9369 0.0397385 0.998035 -0.0484494 -6.64659 -0.991163 0.0332308 -0.12842 107.383 
-0.127049 0.052491 0.990507 72.7122 0.036758 0.998162 -0.0481818 -6.67279 -0.991215 0.0302876 -0.128745 107.287 
-0.128661 0.0506848 0.990393 73.5107 0.0331138 0.998356 -0.0467905 -6.71705 -0.991136 0.0267755 -0.130128 107.198 
-0.130552 0.0511693 0.99012 74.3167 0.0349683 0.998284 -0.0469804 -6.75004 -0.990825 0.0284895 -0.132117 107.105 
-0.132092 0.0524065 0.989851 75.1036 0.0361513 0.998192 -0.0480238 -6.79613 -0.990578 0.0294409 -0.133748 107.01 
-0.134051 0.052743 0.98957 75.889 0.035647 0.998193 -0.0483736 -6.85949 -0.990333 0.0287907 -0.135689 106.911 
-0.135359 0.0566393 0.989176 76.7035 0.0367709 0.997964 -0.0521107 -6.9111 -0.990114 0.0293192 -0.137166 106.815 
-0.136471 0.0620876 0.988697 77.5089 0.0391981 0.997591 -0.0572355 -6.95421 -0.989868 0.030944 -0.138576 106.722 
-0.136534 0.0653248 0.988479 78.314 0.0411551 0.997336 -0.0602255 -7.02102 -0.98978 0.0324581 -0.138859 106.615 
-0.136039 0.0657438 0.98852 79.1319 0.0429651 0.997248 -0.0604115 -7.08843 -0.989771 0.0342535 -0.138489 106.515 
-0.1355 0.0650271 0.988641 79.9574 0.0471015 0.997138 -0.0591304 -7.14917 -0.989657 0.0385543 -0.138175 106.408 
-0.134825 0.0634953 0.988833 80.8053 0.0480211 0.997191 -0.0574844 -7.21443 -0.989705 0.0397345 -0.137495 106.298 
-0.134302 0.0610833 0.989056 81.6501 0.0471754 0.997361 -0.0551903 -7.28643 -0.989817 0.0392469 -0.136829 106.198 
-0.133503 0.0588945 0.989297 82.4995 0.0465962 0.997502 -0.0530948 -7.35105 -0.989952 0.0390092 -0.135914 106.114 
-0.131262 0.0573244 0.989689 83.3448 0.04662 0.997579 -0.0515982 -7.38393 -0.990251 0.0393664 -0.133617 106.013 
-0.131957 0.0543978 0.989762 84.2324 0.0450314 0.997791 -0.0488354 -7.43701 -0.990232 0.0381262 -0.134115 105.938 
-0.13006 0.053772 0.990047 85.0876 0.0419311 0.997933 -0.0486919 -7.4953 -0.990619 0.0351809 -0.132046 105.855 
-0.129313 0.0575727 0.989931 85.944 0.0435201 0.997681 -0.0523384 -7.56784 -0.990648 0.0363138 -0.131519 105.757 
-0.127306 0.0651059 0.989724 86.789 0.0437657 0.99724 -0.0599708 -7.60757 -0.990897 0.0356813 -0.129804 105.678 
-0.126627 0.0680663 0.989612 87.6376 0.0410766 0.997147 -0.0633285 -7.68345 -0.9911 0.0326308 -0.129062 105.596 
-0.125948 0.0663736 0.989814 88.551 0.0389578 0.997321 -0.0619197 -7.73256 -0.991272 0.0307623 -0.128196 105.519 
-0.124681 0.0642819 0.990112 89.3898 0.0395101 0.997429 -0.0597815 -7.78611 -0.99141 0.0316658 -0.1269 105.434 
-0.125331 0.0627043 0.990132 90.1819 0.0405385 0.997491 -0.058039 -7.85437 -0.991286 0.0328644 -0.127558 105.388 
-0.125142 0.0627476 0.990153 91.0425 0.0393731 0.997526 -0.0582386 -7.92444 -0.991357 0.0316973 -0.127303 105.304 
-0.124506 0.0634112 0.990191 91.8978 0.0403821 0.997453 -0.0587986 -7.99768 -0.991397 0.0326652 -0.126749 105.211 
-0.12258 0.0617606 0.990535 92.7744 0.0429634 0.997456 -0.0568753 -8.06422 -0.991528 0.035585 -0.124921 105.09 
-0.120999 0.0612555 0.990761 93.6581 0.045891 0.997372 -0.0560597 -8.12607 -0.991591 0.0386839 -0.123492 104.982 
-0.120333 0.0622746 0.990778 94.5147 0.0488026 0.997195 -0.0567506 -8.21127 -0.991533 0.0415236 -0.123034 104.908 
-0.118911 0.0641841 0.990828 95.37 0.0498831 0.997035 -0.0585995 -8.27933 -0.991651 0.0424575 -0.12176 104.811 
-0.117187 0.0656232 0.990939 96.2298 0.0482402 0.997013 -0.0603205 -8.35312 -0.991938 0.0407343 -0.120003 104.701 
-0.116473 0.0618861 0.991264 97.0996 0.0441579 0.997393 -0.0570801 -8.42151 -0.992212 0.0371239 -0.118902 104.612 
-0.116234 0.0596343 0.99143 97.9585 0.0394895 0.997684 -0.0553808 -8.48488 -0.992437 0.0327139 -0.11832 104.522 
-0.116462 0.0607245 0.991337 98.7984 0.0366567 0.997712 -0.0568085 -8.55171 -0.992518 0.0297231 -0.118421 104.432 
-0.118114 0.0645975 0.990897 99.6463 0.0339598 0.997561 -0.060984 -8.63713 -0.992419 0.0264476 -0.12002 104.363 
-0.118623 0.0673714 0.990651 100.497 0.0341104 0.997383 -0.0637447 -8.70199 -0.992353 0.0262299 -0.120611 104.277 
-0.118771 0.0679888 0.990591 101.333 0.0345541 0.997332 -0.0643084 -8.76758 -0.99232 0.0265911 -0.120803 104.181 
-0.118609 0.0670158 0.990677 102.156 0.0354559 0.997369 -0.0632235 -8.83826 -0.992308 0.0276264 -0.120674 104.093 
-0.118674 0.0684923 0.990568 102.969 0.0369302 0.997232 -0.0645287 -8.89401 -0.992246 0.028924 -0.120875 103.998 
-0.118727 0.0705905 0.990415 103.785 0.0388996 0.997035 -0.0663992 -8.97758 -0.992165 0.0306434 -0.12112 103.92 
-0.119245 0.0737852 0.990119 104.608 0.039562 0.996796 -0.069518 -9.02245 -0.992076 0.0308814 -0.121782 103.832 
-0.120429 0.0748616 0.989895 105.458 0.0380308 0.996769 -0.0707546 -9.0885 -0.991993 0.0291256 -0.122887 103.743 
-0.123063 0.0742157 0.98962 106.266 0.0371185 0.996846 -0.0701417 -9.15892 -0.991704 0.0281013 -0.12543 103.67 
-0.126066 0.0767107 0.989052 107.04 0.0381359 0.996644 -0.0724387 -9.21276 -0.991289 0.0285863 -0.128568 103.587 
-0.130433 0.0793884 0.988274 107.842 0.0382981 0.996449 -0.0749904 -9.2872 -0.990717 0.0280678 -0.13301 103.519 
-0.133843 0.0809958 0.987687 108.628 0.0385951 0.996324 -0.076474 -9.35621 -0.990251 0.0278844 -0.136477 103.433 
-0.137886 0.0809885 0.987131 109.398 0.0376092 0.996361 -0.0764923 -9.42543 -0.989734 0.026578 -0.14043 103.345 
-0.138982 0.0799623 0.987061 110.164 0.0401337 0.996371 -0.0750655 -9.49555 -0.989481 0.0291816 -0.141687 103.228 
-0.141442 0.0804611 0.986671 110.936 0.0411706 0.996307 -0.075345 -9.57326 -0.98909 0.0299649 -0.144232 103.124 
-0.141873 0.0843296 0.986286 111.691 0.0382273 0.996088 -0.0796688 -9.66047 -0.989146 0.0264002 -0.144542 103.014 
-0.142667 0.0916677 0.985517 112.464 0.0358361 0.995528 -0.0874111 -9.73397 -0.989122 0.0228464 -0.145314 102.91 
-0.145291 0.0952153 0.984797 113.22 0.0400489 0.995109 -0.0903037 -9.80297 -0.988578 0.0263196 -0.148394 102.81 
-0.147187 0.0937467 0.984656 113.981 0.0432238 0.995157 -0.0882853 -9.87662 -0.988164 0.0295661 -0.150526 102.695 
-0.150398 0.0862722 0.984854 114.75 0.0407715 0.995879 -0.0810117 -9.95652 -0.987784 0.02797 -0.153296 102.584 
-0.153521 0.0835653 0.984606 115.521 0.0393654 0.996144 -0.0784067 -10.0368 -0.987361 0.0267223 -0.156218 102.494 
-0.155409 0.0872081 0.983993 116.262 0.039453 0.995849 -0.0820277 -10.1078 -0.987062 0.0260737 -0.158204 102.393 
-0.158722 0.0896834 0.983242 116.998 0.0363851 0.995721 -0.084948 -10.1913 -0.986653 0.0222922 -0.161306 102.292 
-0.160926 0.0927043 0.982603 117.736 0.0356182 0.995476 -0.0880854 -10.2621 -0.986324 0.0208233 -0.1635 102.179 
-0.163468 0.0969484 0.981774 118.471 0.039061 0.995015 -0.0917523 -10.3415 -0.985775 0.0233505 -0.16644 102.071 
-0.165912 0.102653 0.980783 119.221 0.0389397 0.994474 -0.097499 -10.4057 -0.985372 0.0220152 -0.168992 101.964 
-0.168974 0.104424 0.980073 119.975 0.0386577 0.994309 -0.0992754 -10.4903 -0.984862 0.0211124 -0.172049 101.851 
-0.171395 0.102662 0.979839 120.73 0.0406079 0.994447 -0.097089 -10.5643 -0.984365 0.0231486 -0.174612 101.728 
-0.175661 0.0980848 0.979552 121.487 0.0414427 0.994879 -0.0921877 -10.6785 -0.983578 0.0244015 -0.178826 101.602 
-0.181344 0.0951147 0.978809 122.206 0.0440805 0.995098 -0.0885307 -10.7778 -0.982431 0.0270919 -0.184647 101.473 
-0.188191 0.0943917 0.977586 122.936 0.0430622 0.995207 -0.0878034 -10.8451 -0.981188 0.0255732 -0.191354 101.357 
-0.197097 0.0964072 0.975632 123.664 0.0438962 0.995023 -0.0894554 -10.9041 -0.979401 0.0251951 -0.200348 101.233 
-0.208204 0.0956966 0.973393 124.372 0.0445606 0.995097 -0.0882991 -10.9915 -0.97707 0.0249907 -0.211448 101.091 
-0.219264 0.0967674 0.970855 125.051 0.0460368 0.994987 -0.0887754 -11.0645 -0.974579 0.0252298 -0.22262 100.937 
-0.231103 0.0985386 0.967926 125.75 0.0476884 0.994809 -0.0898892 -11.1328 -0.97176 0.0253852 -0.234603 100.772 
-0.243549 0.0986497 0.964859 126.459 0.0512317 0.994734 -0.0887723 -11.2088 -0.968535 0.0278109 -0.24732 100.611 
-0.256268 0.0992729 0.961495 127.168 0.0565011 0.99455 -0.0876264 -11.2738 -0.964953 0.0318697 -0.26048 100.47 
-0.267956 0.0995842 0.958271 127.874 0.0584093 0.994493 -0.0870157 -11.3368 -0.961659 0.0326555 -0.272297 100.301 
-0.276669 0.101708 0.955568 128.556 0.0627636 0.994173 -0.0876448 -11.3868 -0.958913 0.0357262 -0.281441 100.108 
-0.282571 0.102052 0.953803 129.233 0.069978 0.993869 -0.085607 -11.4583 -0.956691 0.0425551 -0.28798 99.8843 
-0.287232 0.102528 0.952358 129.925 0.0700577 0.993841 -0.0858645 -11.5327 -0.955296 0.042057 -0.292646 99.6527 
-0.294215 0.100942 0.950394 130.571 0.0729934 0.993876 -0.0829635 -11.5997 -0.952948 0.0449633 -0.299781 99.4761 
-0.296508 0.0987342 0.949913 131.269 0.0796461 0.993733 -0.0784279 -11.6643 -0.951703 0.0524024 -0.302514 99.2598 
-0.295806 0.096887 0.950322 131.949 0.0866998 0.99346 -0.074298 -11.7319 -0.951305 0.060415 -0.302271 99.025 
-0.295861 0.0952283 0.950473 132.62 0.0887263 0.993456 -0.0719164 -11.8002 -0.951102 0.0630546 -0.302374 98.8105 
-0.293987 0.101565 0.950398 133.263 0.094349 0.992566 -0.0768862 -11.8612 -0.951141 0.0670656 -0.301384 98.5896 
-0.293322 0.106746 0.950035 133.913 0.0927593 0.992236 -0.0828482 -11.9043 -0.951503 0.0638234 -0.300947 98.3985 
-0.294028 0.106694 0.949823 134.56 0.0941325 0.992151 -0.0823093 -11.9653 -0.95115 0.0652079 -0.301764 98.2148 
-0.291495 0.104167 0.950884 135.197 0.0952057 0.992277 -0.0795158 -12.0346 -0.951823 0.067351 -0.299161 98.0082 
-0.288935 0.102831 0.95181 135.841 0.0956701 0.992339 -0.0781679 -12.0911 -0.952556 0.0684743 -0.29656 97.8207 
-0.287486 0.102659 0.952267 136.493 0.0974351 0.992216 -0.0775506 -12.1696 -0.952816 0.0704895 -0.295251 97.6265 
-0.284543 0.105997 0.952785 137.14 0.0979918 0.991879 -0.081081 -12.2253 -0.953642 0.0702941 -0.292619 97.4383 
-0.278556 0.108028 0.954325 137.801 0.0955001 0.991845 -0.0844002 -12.2813 -0.95566 0.067628 -0.286601 97.2304 
-0.273633 0.107503 0.955808 138.424 0.101151 0.99144 -0.082553 -12.3514 -0.956501 0.0740914 -0.282165 97.0728 
-0.269603 0.104868 0.957244 139.045 0.101351 0.991622 -0.0800892 -12.4191 -0.957623 0.0754253 -0.277973 96.9138 
-0.267748 0.103867 0.957874 139.742 0.0995531 0.991834 -0.0797217 -12.4821 -0.958332 0.074014 -0.275902 96.7832 
-0.264275 0.102837 0.958949 140.38 0.099483 0.991902 -0.0789545 -12.5435 -0.959303 0.0745334 -0.272366 96.6256 
-0.260362 0.101936 0.960115 140.964 0.100314 0.991885 -0.078106 -12.6045 -0.960286 0.0759771 -0.268474 96.4655 
-0.257336 0.100256 0.961107 141.605 0.104921 0.991622 -0.0753471 -12.6704 -0.960609 0.0814505 -0.265699 96.3217 
-0.252995 0.0993805 0.96235 142.171 0.108282 0.991369 -0.0739107 -12.7174 -0.961389 0.085506 -0.261572 96.1601 
-0.250939 0.0979521 0.963034 142.746 0.107824 0.991505 -0.072752 -12.7819 -0.961979 0.085582 -0.259369 96.0547 
-0.245691 0.0988855 0.964291 143.353 0.105607 0.991592 -0.0747775 -12.8505 -0.963578 0.083464 -0.254069 95.883 
-0.2431 0.101765 0.964648 143.934 0.10435 0.991454 -0.0782958 -12.9066 -0.964372 0.0816274 -0.251641 95.7657 
-0.235918 0.10546 0.966034 144.483 0.10718 0.990853 -0.081995 -12.9621 -0.965844 0.0841954 -0.245063 95.6192 
-0.228498 0.106068 0.967749 145.046 0.10508 0.990927 -0.0837969 -13.0136 -0.967857 0.082544 -0.237571 95.4901 
-0.220206 0.10452 0.969838 145.628 0.101313 0.991316 -0.0838315 -13.074 -0.970178 0.0797966 -0.228883 95.3757 
-0.210928 0.102466 0.972116 146.196 0.100175 0.991521 -0.0827756 -13.1387 -0.972355 0.0799218 -0.219404 95.299 
-0.197635 0.102168 0.974937 146.769 0.10011 0.991458 -0.0836051 -13.1838 -0.975151 0.0810774 -0.206175 95.1812 
