1 2.12261e-08 -2.11895e-08 0 2.12261e-08 1 2.10703e-08 0 -2.11895e-08 2.10703e-08 1 0 
0.999993 0.00112956 0.00350038 -0.0235563 -0.00112468 0.999998 -0.0013848 -0.0131168 -0.00350198 0.00138089 0.999993 1.2615 
0.999984 0.00180437 0.00538005 -0.0507969 -0.00179972 0.999998 -0.000860548 -0.0326502 -0.00538163 0.000850893 0.999985 2.47782 
0.999978 0.00189382 0.00643719 -0.0622986 -0.00189117 0.999998 -0.00041192 -0.0479161 -0.006438 0.000399779 0.999979 3.65683 
0.999981 0.00181201 0.00595688 -0.0497598 -0.00181133 0.999998 -0.000113631 -0.0753189 -0.00595712 0.000102881 0.999982 4.86845 
0.999986 0.000440741 0.00527271 -0.0332279 -0.000438971 1 -0.000328671 -0.103392 -0.0052729 0.000326393 0.999986 6.11937 
0.99998 0.00337464 0.00528196 -0.0262181 -0.00337146 0.999994 -0.000601573 -0.120221 -0.005284 0.000583796 0.999986 7.39709 
0.999966 0.004417 0.00701091 -0.0618117 -0.00440384 0.999989 -0.00188506 -0.120282 -0.0070192 0.00185416 0.999974 8.64206 
0.999963 0.00376704 0.00767865 -0.0883693 -0.00375528 0.999992 -0.00153973 -0.118423 -0.00768443 0.00151088 0.999969 9.79604 
0.999985 0.0021105 0.00498997 -0.0807944 -0.00210784 0.999998 -0.000530424 -0.138991 -0.00499112 0.00051994 0.999987 10.9121 
0.999995 0.00180014 0.00244597 -0.120844 -0.00179683 0.999998 -0.0013395 -0.1519 -0.00244842 0.00133514 0.999996 12.1334 
0.999998 0.001977 0.000778967 -0.135866 -0.00197666 0.999998 -0.000388382 -0.198382 -0.000779776 0.000386884 1 13.3458 
0.999999 0.00128898 0.000267228 -0.189174 -0.00128868 0.999999 -0.000992043 -0.224255 -0.000268549 0.00099174 1 14.5136 
0.999993 0.00352686 -0.00101402 -0.195404 -0.00352895 0.999992 -0.00210818 -0.22902 0.00100654 0.00211179 0.999997 15.6549 
0.999999 -0.000914892 -0.000843562 -0.272822 0.000914092 0.999999 -0.000998236 -0.301937 0.000844432 0.000997506 0.999999 16.8798 
0.999998 -0.00169049 -0.000778667 -0.320205 0.00169008 0.999998 -0.000586706 -0.329909 0.000779615 0.000585431 1 18.0781 
0.999999 -0.000184502 -0.0015554 -0.324419 0.000184835 1 0.00018675 -0.358556 0.00155533 -0.000186996 0.999999 19.2949 
0.999998 0.000439689 -0.00183276 -0.348024 -0.000442169 0.999999 -0.00137647 -0.37592 0.00183211 0.00137732 0.999997 20.479 
0.999997 0.000597735 -0.00254571 -0.378193 -0.000601575 0.999999 -0.00152471 -0.410218 0.00254476 0.00152628 0.999996 21.6689 
0.999983 0.00115475 -0.00577113 -0.350177 -0.00115756 0.999999 -0.000490211 -0.456415 0.00577052 0.000496926 0.999983 22.8595 
0.999975 0.000349721 -0.00701037 -0.376494 -0.000355557 1 -0.000837232 -0.482531 0.00701003 0.000839746 0.999975 24.0516 
0.99997 0.0011823 -0.00760656 -0.41331 -0.00119535 0.999998 -0.00171619 -0.493145 0.00760448 0.00172528 0.99997 25.2729 
0.999961 0.00362885 -0.00800959 -0.451429 -0.00365649 0.999987 -0.00344318 -0.473766 0.00799695 0.00347237 0.999962 26.5049 
0.99996 0.00124744 -0.00890764 -0.471752 -0.00125384 0.999999 -0.000717158 -0.514653 0.00890669 0.00072834 0.99996 27.7008 
0.999959 0.00274323 -0.00864687 -0.53831 -0.00276033 0.999994 -0.001972 -0.516496 0.00864137 0.00199583 0.999961 28.862 
0.999971 0.00221942 -0.00722464 -0.64641 -0.00223728 0.999994 -0.00247122 -0.554469 0.00721908 0.00248735 0.999971 30.0335 
0.999954 -0.00334552 -0.00903801 -0.65247 0.00332199 0.999991 -0.00262116 -0.590658 0.00904666 0.00259105 0.999956 31.1818 
0.999942 0.00315111 -0.0103175 -0.675207 -0.0031758 0.999992 -0.00238165 -0.643047 0.0103099 0.00241432 0.999944 32.4304 
0.999954 0.00114524 -0.00947896 -0.797027 -0.00117033 0.999996 -0.00264674 -0.630787 0.00947585 0.00265776 0.999952 33.8493 
0.999969 0.000554038 -0.00788373 -0.863583 -0.000574325 0.999997 -0.0025766 -0.66195 0.00788223 0.00258109 0.999966 35.0666 
0.999963 0.00141717 -0.0084644 -0.870317 -0.00144827 0.999992 -0.00367327 -0.670428 0.00845909 0.00368544 0.999957 36.2514 
0.999892 -0.00118769 -0.0146228 -0.779174 0.00117681 0.999999 -0.000755107 -0.772169 0.0146237 0.00073786 0.999893 37.3026 
0.999883 -0.00071507 -0.0152726 -0.781963 0.000712678 1 -0.000164804 -0.79864 0.0152727 0.000153942 0.999883 38.6741 
0.999903 0.00122678 -0.0138965 -0.884778 -0.0012341 0.999999 -0.000521726 -0.770662 0.0138958 0.000538867 0.999903 39.7492 
0.999889 0.00221663 -0.0147327 -0.903585 -0.0022152 0.999998 0.000109983 -0.79066 0.0147329 -7.72924e-05 0.999892 40.9395 
0.99988 0.00355347 -0.0150935 -0.930487 -0.00354996 0.999994 0.000257013 -0.820019 0.0150943 -0.000203359 0.999886 42.1251 
0.999884 0.00531677 -0.0142857 -0.983679 -0.00529659 0.999985 0.00144738 -0.864602 0.0142931 -0.00137151 0.999897 43.3575 
0.999812 0.0102832 -0.0164704 -1.014 -0.0102181 0.99994 0.00403339 -0.896536 0.0165109 -0.00386429 0.999856 44.5237 
0.999837 0.00783926 -0.016295 -1.01639 -0.00773917 0.999951 0.0061938 -0.914762 0.0163427 -0.00606664 0.999848 45.7684 
0.99984 0.00865446 -0.0156666 -1.04583 -0.00852329 0.999928 0.00841696 -0.913327 0.0157383 -0.00828203 0.999842 46.9749 
0.999857 0.00761918 -0.0151141 -1.08003 -0.00745268 0.999911 0.0110394 -0.918706 0.0151968 -0.0109252 0.999825 48.1748 
0.999892 0.00708842 -0.0128494 -1.14078 -0.00692419 0.999894 0.0127778 -0.921913 0.0129386 -0.0126874 0.999836 49.3804 
0.999923 0.00490545 -0.0113645 -1.17064 -0.00476986 0.999918 0.0119244 -0.941528 0.011422 -0.0118692 0.999864 50.5774 
0.999927 0.00376662 -0.01148 -1.19662 -0.00363489 0.999928 0.0114705 -0.978638 0.0115223 -0.0114279 0.999868 51.7807 
0.999943 0.00349641 -0.0101026 -1.25692 -0.00337716 0.999925 0.0117923 -0.995579 0.010143 -0.0117574 0.999879 52.9757 
0.999948 0.00214016 -0.00993683 -1.30204 -0.00201226 0.999915 0.0128594 -1.02896 0.00996347 -0.0128387 0.999868 54.1352 
0.999955 0.00170369 -0.00938297 -1.38197 -0.00158302 0.999916 0.0128491 -1.05797 0.00940403 -0.0128336 0.999873 55.3254 
0.999955 0.00142295 -0.00942803 -1.47153 -0.00129152 0.999902 0.0139273 -1.08684 0.00944688 -0.0139144 0.999859 56.562 
0.999953 0.00197699 -0.00954254 -1.51598 -0.00183672 0.999891 0.0146821 -1.08875 0.00957048 -0.0146639 0.999847 57.7683 
0.999944 0.00048486 -0.0105536 -1.56305 -0.000320712 0.999879 0.0155458 -1.10021 0.0105599 -0.0155415 0.999824 58.8862 
0.999904 0.00102779 -0.0137851 -1.57218 -0.000806829 0.999871 0.016022 -1.12356 0.0137997 -0.0160093 0.999777 60.0494 
0.999908 0.000392219 -0.0135405 -1.62635 -0.000193047 0.999892 0.0147044 -1.1014 0.0135448 -0.0147004 0.9998 61.2816 
0.999917 0.00013148 -0.0129099 -1.67949 4.13123e-05 0.999911 0.01338 -1.09367 0.0129105 -0.0133794 0.999827 62.5087 
0.999891 -0.00223995 -0.0146155 -1.67797 0.00241972 0.999922 0.0122909 -1.11444 0.0145868 -0.0123249 0.999818 63.7223 
0.999866 -0.00285189 -0.0161465 -1.71699 0.00307615 0.999899 0.0138786 -1.13293 0.0161052 -0.0139263 0.999773 64.8875 
0.999823 -0.00176674 -0.0187419 -1.70812 0.00204237 0.99989 0.0146957 -1.1102 0.0187138 -0.0147313 0.999716 66.1224 
0.999807 0.000914045 -0.0196519 -1.74992 -0.000667355 0.999921 0.0125537 -1.12287 0.0196618 -0.0125381 0.999728 67.3335 
0.99981 0.000130172 -0.0195016 -1.79635 0.000118215 0.999919 0.0127328 -1.14982 0.0195017 -0.0127327 0.999729 68.5398 
0.999795 0.00183534 -0.0201672 -1.84773 -0.00153987 0.999891 0.0146545 -1.18799 0.0201919 -0.0146204 0.999689 69.7348 
0.99981 0.00583844 -0.018579 -1.93773 -0.00558632 0.999892 0.0135909 -1.1532 0.0186563 -0.0134845 0.999735 70.8776 
0.999785 0.00524559 -0.0200414 -1.95949 -0.00499591 0.99991 0.0124862 -1.14722 0.0201051 -0.0123834 0.999721 72.0505 
0.999762 0.0043847 -0.0213768 -1.97123 -0.00409919 0.999902 0.0133798 -1.16132 0.0214333 -0.013289 0.999682 73.2046 
0.999784 0.0040411 -0.0203805 -2.0058 -0.0037526 0.999893 0.0141723 -1.18586 0.0204355 -0.0140927 0.999692 74.3939 
0.999836 0.000933722 -0.0181122 -2.06966 -0.000702626 0.999918 0.012759 -1.21517 0.0181226 -0.0127442 0.999755 75.5194 
0.999857 -0.00275291 -0.0167155 -2.08035 0.00287517 0.999969 0.0072917 -1.22472 0.0166949 -0.00733867 0.999834 76.7413 
0.999912 -0.00289856 -0.0129291 -2.14618 0.00300626 0.999961 0.00831535 -1.25895 0.0129044 -0.00835345 0.999882 77.8935 
0.999939 -0.000924642 -0.0110386 -2.17228 0.00105193 0.999933 0.0115271 -1.28326 0.0110272 -0.0115379 0.999873 79.0636 
0.999981 0.00181742 -0.00587243 -2.23545 -0.00174445 0.999922 0.0123998 -1.27819 0.00589446 -0.0123892 0.999906 80.1881 
0.999992 0.0036888 -0.00132526 -2.23074 -0.00367477 0.999939 0.0104036 -1.30052 0.00136351 -0.0103986 0.999945 81.2462 
0.999991 -0.00123069 0.00406785 -2.28625 0.0011914 0.999953 0.00965918 -1.31729 -0.00407959 -0.00965421 0.999945 82.3071 
0.999956 -0.0011528 0.00933853 -2.34518 0.00111216 0.99999 0.00436062 -1.32567 -0.0093435 -0.00435 0.999947 83.5065 
0.99991 -0.00192075 0.0133081 -2.36648 0.0018724 0.999992 0.00364783 -1.3397 -0.013315 -0.00362254 0.999905 84.6462 
0.999804 -0.00286384 0.0195872 -2.42306 0.00275054 0.999979 0.00581095 -1.36346 -0.0196035 -0.00575589 0.999791 85.7152 
0.999712 -0.0011562 0.0239829 -2.42135 0.0010381 0.999987 0.00493829 -1.36004 -0.0239884 -0.00491193 0.9997 86.8642 
0.999581 -0.00194385 0.0288847 -2.43186 0.00184171 0.999992 0.00356399 -1.38512 -0.0288915 -0.00350926 0.999576 88 
0.999486 -0.00308918 0.0319108 -2.41705 0.00302178 0.999993 0.00216135 -1.41951 -0.0319173 -0.00206377 0.999488 89.1706 
0.999366 -0.00220046 0.0355297 -2.42668 0.00213597 0.999996 0.00185421 -1.42688 -0.0355337 -0.0017771 0.999367 90.3348 
0.999232 -0.00415388 0.0389674 -2.44059 0.00410271 0.999991 0.00139415 -1.45845 -0.0389729 -0.00123316 0.99924 91.4223 
0.99914 -0.00319277 0.0413508 -2.40392 0.00306542 0.99999 0.00314378 -1.47041 -0.0413604 -0.00301428 0.99914 92.6487 
0.999065 -0.0030688 0.0431292 -2.35335 0.00287534 0.999986 0.00454787 -1.48321 -0.0431426 -0.00441956 0.999059 93.8074 
0.998897 -0.0033783 0.0468378 -2.36856 0.0031324 0.999981 0.0053233 -1.49643 -0.046855 -0.00517067 0.998888 95.0163 
0.998681 -0.00286379 0.0512595 -2.41937 0.00279335 0.999995 0.00144667 -1.4745 -0.0512635 -0.00130153 0.998684 96.3129 
0.998553 -0.00441018 0.0536025 -2.40697 0.00459144 0.999984 -0.00325804 -1.47099 -0.0535873 0.00349948 0.998557 97.4454 
0.998362 -0.00416773 0.0570667 -2.39836 0.0045512 0.999968 -0.00659072 -1.48513 -0.0570374 0.00683969 0.998349 98.5913 
0.998313 -0.00117312 0.058042 -2.32644 0.00161579 0.99997 -0.00757951 -1.54093 -0.0580314 0.00766055 0.998285 99.6289 
0.998169 -0.00325816 0.0604033 -2.34305 0.003577 0.99998 -0.00517052 -1.60447 -0.0603853 0.00537716 0.998161 100.611 
0.997974 -0.00242227 0.0635777 -2.5129 0.00261158 0.999992 -0.00289401 -1.65649 -0.0635703 0.00305422 0.997973 101.788 
0.99787 -0.00191379 0.0652082 -2.56814 0.00206752 0.999995 -0.00228944 -1.65695 -0.0652035 0.00241942 0.997869 102.844 
0.99793 -0.00403008 0.0641774 -2.54393 0.00407013 0.999992 -0.000492756 -1.70573 -0.0641749 0.000752987 0.997938 103.967 
0.997885 -0.00359675 0.0649033 -2.5717 0.00361357 0.999994 -0.00014102 -1.73652 -0.0649024 0.000375295 0.997892 104.894 
0.997947 -0.00335567 0.0639637 -2.56976 0.0034217 0.999994 -0.00092214 -1.71864 -0.0639603 0.00113915 0.997952 106.003 
0.998149 -0.00199568 0.0607774 -2.55203 0.00205073 0.999998 -0.000842615 -1.75791 -0.0607756 0.000965735 0.998151 107.2 
0.998296 -0.00176319 0.0583256 -2.5607 0.00179758 0.999998 -0.000536431 -1.78492 -0.0583245 0.000640403 0.998298 108.323 
0.998485 -0.00174729 0.055001 -2.48965 0.00176344 0.999998 -0.000244243 -1.80777 -0.0550005 0.000340904 0.998486 109.496 
0.998453 -0.000557143 0.0556025 -2.61042 0.00052547 1 0.000585034 -1.84635 -0.0556028 -0.000554871 0.998453 110.515 
0.998569 0.000532489 0.0534729 -2.626 -0.000545396 1 0.000227596 -1.86451 -0.0534729 -0.000256393 0.998569 111.669 
0.998727 0.000772943 0.0504386 -2.61145 -0.000769894 1 -7.90258e-05 -1.8825 -0.0504387 4.01339e-05 0.998727 112.812 
0.998861 0.00149106 0.0476916 -2.62284 -0.00138891 0.999997 -0.00217397 -1.86964 -0.0476947 0.0021053 0.99886 113.926 
0.99904 0.00204906 0.0437548 -2.63071 -0.00191397 0.999993 -0.00312805 -1.88478 -0.043761 0.00304134 0.999037 115.083 
0.999248 0.00359902 0.0386163 -2.58367 -0.00343603 0.999985 -0.00428511 -1.90512 -0.0386312 0.00414924 0.999245 116.325 
0.999345 0.00570123 0.0357391 -2.59284 -0.00553053 0.999973 -0.00487225 -1.9164 -0.0357659 0.00467144 0.999349 117.515 
0.999292 0.00964628 0.0363537 -2.66477 -0.00944642 0.999939 -0.00566421 -1.94492 -0.0364062 0.00531683 0.999323 118.679 
0.999361 0.0103686 0.0342081 -2.63432 -0.0102078 0.999936 -0.00487225 -1.99185 -0.0342564 0.00451999 0.999403 119.892 
0.999408 0.0100844 0.0328918 -2.58521 -0.0099723 0.999944 -0.00356992 -2.03687 -0.032926 0.00323984 0.999453 121.12 
0.999362 0.0125661 0.0334429 -2.59589 -0.0124528 0.999916 -0.00359355 -2.04386 -0.0334852 0.00317484 0.999434 122.524 
0.999402 0.0129564 0.0320526 -2.5572 -0.0128675 0.999913 -0.00297731 -2.06893 -0.0320884 0.00256314 0.999482 123.762 
0.999369 0.0171908 0.0310891 -2.54156 -0.0172117 0.999852 0.000407621 -2.09731 -0.0310776 -0.000942421 0.999517 124.988 
0.999375 0.0173905 0.030769 -2.51737 -0.0174593 0.999846 0.00197082 -2.09055 -0.03073 -0.00250675 0.999525 126.293 
0.999424 0.016934 0.0294121 -2.47831 -0.0169996 0.999854 0.00198058 -2.11606 -0.0293743 -0.00247939 0.999565 127.468 
0.999433 0.0161544 0.0295446 -2.4716 -0.0162175 0.999867 0.00189879 -2.18786 -0.02951 -0.00237681 0.999562 128.575 
0.999494 0.0115531 0.029635 -2.4771 -0.0116647 0.999926 0.00359625 -2.20755 -0.0295912 -0.00394007 0.999554 129.888 
0.999557 0.00961052 0.0281833 -2.45424 -0.00975708 0.99994 0.00506916 -2.20178 -0.0281329 -0.00534186 0.99959 131.159 
0.999517 0.00946752 0.0296158 -2.43569 -0.0096551 0.999934 0.0061988 -2.19668 -0.0295552 -0.0064817 0.999542 132.598 
0.999575 0.00769588 0.028136 -2.3788 -0.00786512 0.999952 0.00591097 -2.17799 -0.0280892 -0.00612971 0.999587 133.965 
0.999578 0.00263281 0.028946 -2.37324 -0.00278027 0.999983 0.00505672 -2.21895 -0.0289322 -0.00513502 0.999568 135.263 
0.999553 5.17473e-05 0.0298953 -2.37766 -0.000152971 0.999994 0.00338509 -2.22718 -0.029895 -0.00338811 0.999547 136.562 
0.999553 -0.00131142 0.0298657 -2.35004 0.00120814 0.999993 0.00347736 -2.24977 -0.0298701 -0.00343969 0.999548 137.889 
0.999444 -0.000714714 0.0333306 -2.46668 0.000587967 0.999993 0.00381367 -2.27283 -0.0333331 -0.00379191 0.999437 139.027 
0.999459 -0.00138288 0.0328567 -2.41086 0.0012073 0.999985 0.00536443 -2.27738 -0.0328637 -0.00532182 0.999446 140.394 
0.999459 0.000256786 0.0328939 -2.34905 -0.000463252 0.99998 0.00627054 -2.30187 -0.0328917 -0.00628235 0.999439 141.695 
0.999404 0.000672664 0.0345245 -2.36134 -0.000792112 0.999994 0.00344748 -2.29228 -0.034522 -0.00347273 0.999398 142.955 
0.999369 0.000623807 0.0355034 -2.35024 -0.000666095 0.999999 0.00118051 -2.30233 -0.0355026 -0.00120337 0.999369 144.256 
0.999354 0.000391019 0.035931 -2.35922 -0.000372812 1 -0.00051221 -2.33934 -0.0359312 0.000498525 0.999354 145.517 
0.999261 6.2113e-05 0.0384387 -2.37649 0.000154864 0.999984 -0.00564061 -2.35201 -0.0384385 0.00564244 0.999245 146.808 
0.999259 -0.00305619 0.0383807 -2.34464 0.00341909 0.99995 -0.00939199 -2.38666 -0.0383502 0.00951629 0.999219 148.086 
0.999247 0.000249343 0.0388014 -2.31989 0.000171789 0.999941 -0.0108487 -2.418 -0.0388018 0.0108472 0.999188 149.33 
0.999228 -0.00191378 0.0392427 -2.29061 0.00236805 0.999931 -0.0115316 -2.44478 -0.0392179 0.0116157 0.999163 150.584 
0.999187 -0.000682922 0.0403151 -2.29502 0.00111289 0.999943 -0.0106426 -2.49639 -0.0403056 0.0106788 0.99913 151.922 
0.999207 -0.0035305 0.0396723 -2.25262 0.00394432 0.999939 -0.0103565 -2.50111 -0.0396333 0.0105048 0.999159 153.172 
0.999188 -0.00405353 0.0400795 -2.24033 0.0044548 0.999941 -0.00992669 -2.52991 -0.0400369 0.0100972 0.999147 154.446 
0.999244 -0.00610689 0.0384029 -2.21794 0.00654159 0.999916 -0.011203 -2.57013 -0.0383313 0.0114458 0.9992 155.822 
0.999247 -0.00499775 0.0384856 -2.22729 0.0054315 0.999923 -0.0111731 -2.59459 -0.0384269 0.0113737 0.999197 157.101 
0.999289 -0.00711802 0.0370369 -2.19856 0.00744665 0.999934 -0.00874169 -2.67511 -0.0369723 0.00901131 0.999276 158.45 
0.999278 -0.0038681 0.0377973 -2.20143 0.00423454 0.999945 -0.00961843 -2.67999 -0.0377581 0.00977158 0.999239 159.709 
0.999315 -0.0022212 0.0369501 -2.16638 0.00263617 0.999934 -0.0111845 -2.69543 -0.0369228 0.0112743 0.999255 160.923 
0.999311 -0.00259711 0.0370198 -2.15937 0.00307488 0.999913 -0.0128538 -2.72368 -0.0369832 0.0129588 0.999232 162.226 
0.999342 -0.00343767 0.0361045 -2.12889 0.00393398 0.999899 -0.0136835 -2.74099 -0.0360538 0.0138165 0.999254 163.436 
0.999388 -0.00353584 0.0348003 -2.11001 0.00404123 0.999887 -0.0144618 -2.7803 -0.0347453 0.0145937 0.99929 164.657 
0.999421 -0.00249433 0.0339274 -2.10127 0.00303428 0.999869 -0.0158717 -2.83155 -0.0338834 0.0159655 0.999298 165.854 
0.999435 -0.00243999 0.0335114 -2.09419 0.0029873 0.999863 -0.0162902 -2.85628 -0.0334671 0.0163812 0.999306 167.139 
0.99948 -0.005087 0.0318553 -2.0715 0.00553205 0.999888 -0.013897 -2.9196 -0.0317811 0.014066 0.999396 168.401 
0.999532 -0.00541788 0.0300966 -2.05181 0.00583952 0.999886 -0.0139378 -2.96184 -0.0300177 0.0141071 0.99945 169.631 
0.999569 -0.00642693 0.0286571 -2.01683 0.00678826 0.999899 -0.0125278 -3.03792 -0.0285738 0.0127169 0.999511 170.962 
0.999603 -0.00634848 0.027456 -2.00368 0.00670613 0.999894 -0.012952 -3.08655 -0.0273709 0.013131 0.999539 172.234 
0.999645 -0.0061968 0.0259169 -1.97226 0.00653232 0.999896 -0.0128796 -3.15154 -0.0258344 0.0130444 0.999581 173.524 
0.99966 -0.00476095 0.0256197 -1.97113 0.0050976 0.999901 -0.0130895 -3.20029 -0.0255549 0.0132157 0.999586 174.843 
0.999667 -0.00531145 0.0252567 -1.96636 0.00564186 0.999899 -0.0130272 -3.23774 -0.025185 0.0131654 0.999596 176.113 
0.999649 -0.00624718 0.0257439 -1.95209 0.00661761 0.999875 -0.0143276 -3.2736 -0.0256512 0.014493 0.999566 177.475 
0.999636 -0.00582566 0.0263534 -1.9432 0.00623306 0.999862 -0.0154022 -3.31399 -0.0262601 0.0155609 0.999534 178.733 
0.999634 -0.00851175 0.0256811 -1.92001 0.0089215 0.999834 -0.0158816 -3.35034 -0.0255417 0.016105 0.999544 180.012 
0.999589 -0.0091654 0.0271733 -1.95312 0.00949461 0.999883 -0.0120094 -3.39574 -0.0270601 0.0122625 0.999559 181.311 
0.999607 -0.0108659 0.0258502 -1.93271 0.0110581 0.999912 -0.00729984 -3.44464 -0.0257686 0.00758286 0.999639 182.585 
0.999593 -0.0110155 0.0263195 -1.93505 0.0112266 0.999906 -0.00788254 -3.48015 -0.0262303 0.00817485 0.999623 183.811 
0.999606 -0.00715272 0.0271483 -1.93845 0.00744896 0.999914 -0.0108249 -3.52117 -0.0270686 0.0110229 0.999573 185.069 
0.999597 -0.0138612 0.0247659 -1.90414 0.0141605 0.999828 -0.0119488 -3.58625 -0.0245961 0.0122947 0.999622 186.367 
0.999599 -0.0111376 0.0260436 -1.92573 0.0114896 0.999844 -0.013404 -3.60339 -0.0258903 0.0136979 0.999571 187.644 
0.999609 -0.011932 0.0253041 -1.87738 0.0122464 0.999849 -0.0123086 -3.63955 -0.0251535 0.0126137 0.999604 188.986 
0.999594 -0.0112638 0.0261847 -1.90385 0.0115367 0.999881 -0.0102919 -3.68676 -0.0260657 0.0105898 0.999604 190.152 
0.999545 -0.0141245 0.0266471 -1.89817 0.0143492 0.999863 -0.00825989 -3.75219 -0.0265268 0.00863854 0.999611 191.431 
0.999486 -0.0133932 0.0291159 -1.90147 0.0136555 0.999868 -0.0088289 -3.79623 -0.0289939 0.009222 0.999537 192.689 
0.999483 -0.0110939 0.0301681 -1.85282 0.0114049 0.999883 -0.0101519 -3.82173 -0.030052 0.0104907 0.999493 193.94 
0.999442 -0.0132315 0.0306652 -1.81431 0.0136062 0.999835 -0.0120409 -3.85605 -0.0305009 0.0124515 0.999457 195.2 
0.999382 -0.0145423 0.0319896 -1.82333 0.0149274 0.999819 -0.0118303 -3.90903 -0.0318118 0.0123005 0.999418 196.483 
0.999327 -0.0137933 0.0339881 -1.83094 0.0142037 0.999829 -0.0118611 -3.9313 -0.0338187 0.0123359 0.999352 197.678 
0.999316 -0.0137973 0.0343005 -1.75317 0.0141989 0.999833 -0.0114898 -3.95534 -0.0341363 0.011969 0.999346 198.973 
0.999305 -0.014415 0.0343745 -1.74526 0.0147887 0.999834 -0.0106412 -4.0139 -0.0342155 0.0111422 0.999352 200.148 
0.999294 -0.0162716 0.0338756 -1.67265 0.016652 0.999801 -0.0109763 -4.05897 -0.0336903 0.0115327 0.999366 201.419 
0.999269 -0.0163809 0.0345357 -1.63142 0.0167451 0.999807 -0.010282 -4.11458 -0.0343606 0.0108529 0.999351 202.651 
0.999225 -0.015559 0.0361541 -1.6504 0.0159473 0.999818 -0.0104751 -4.13076 -0.0359846 0.0110436 0.999291 203.804 
0.999194 -0.0142827 0.0375141 -1.64892 0.0146825 0.999838 -0.0104021 -4.17835 -0.0373595 0.0109446 0.999242 204.974 
0.99917 -0.0140564 0.0382219 -1.62399 0.0144854 0.999835 -0.010969 -4.18965 -0.0380614 0.0115136 0.999209 206.154 
0.999108 -0.016648 0.0388192 -1.59716 0.0170502 0.999804 -0.0100518 -4.24487 -0.0386443 0.0107047 0.999196 207.321 
0.999119 -0.0158237 0.0388644 -1.55472 0.0161996 0.999825 -0.00937566 -4.27965 -0.0387092 0.00999703 0.999201 208.475 
0.999086 -0.0163861 0.0394924 -1.5512 0.0167277 0.999825 -0.00833245 -4.32663 -0.039349 0.00898549 0.999185 209.608 
0.999101 -0.0150839 0.0396162 -1.54908 0.0154314 0.999845 -0.00847941 -4.35631 -0.0394822 0.00908317 0.999179 210.712 
0.999129 -0.015948 0.0385539 -1.50545 0.0163598 0.999812 -0.0103869 -4.3822 -0.0383811 0.0110087 0.999203 211.824 
0.999131 -0.0148255 0.0389503 -1.49356 0.0152352 0.999832 -0.0102421 -4.42408 -0.0387919 0.0108267 0.999189 212.925 
0.99917 -0.0143732 0.038124 -1.46054 0.0148001 0.999831 -0.0109391 -4.45675 -0.0379604 0.0114943 0.999213 214.005 
0.999254 -0.0149319 0.0356094 -1.42739 0.0153452 0.999818 -0.0113578 -4.47589 -0.0354334 0.0118959 0.999301 215.092 
0.99928 -0.018163 0.0333187 -1.40871 0.0185465 0.999765 -0.0112362 -4.53081 -0.0331068 0.0118461 0.999382 216.133 
0.999345 -0.018358 0.0311763 -1.37107 0.0186618 0.999781 -0.00947856 -4.56878 -0.0309956 0.0100542 0.999469 217.243 
0.999367 -0.0194381 0.0297912 -1.37921 0.0197109 0.999766 -0.00888743 -4.58458 -0.0296115 0.00946905 0.999517 218.274 
0.99949 -0.0175877 0.0266657 -1.35356 0.0178248 0.999803 -0.00868018 -4.62324 -0.0265079 0.0091511 0.999607 219.29 
0.999562 -0.0172294 0.0240498 -1.32002 0.0174453 0.999809 -0.00879823 -4.65829 -0.0238936 0.00921398 0.999672 220.355 
0.999627 -0.0175087 0.0209821 -1.30264 0.0176996 0.999803 -0.00894494 -4.68444 -0.0208214 0.00931301 0.99974 221.363 
0.999674 -0.0175385 0.0185737 -1.31384 0.0176966 0.999808 -0.008379 -4.7186 -0.0184232 0.00870499 0.999792 222.32 
0.999735 -0.0170954 0.0154089 -1.3129 0.0172397 0.999808 -0.00927748 -4.74332 -0.0152474 0.00954071 0.999838 223.272 
0.999753 -0.0189201 0.0116344 -1.29991 0.0190353 0.99977 -0.00986572 -4.78071 -0.0114451 0.0100848 0.999884 224.199 
0.999812 -0.0177094 0.00786845 -1.30434 0.0177799 0.999802 -0.0089773 -4.8305 -0.00770794 0.00911555 0.999929 225.078 
0.999859 -0.0163117 0.00396099 -1.31003 0.0163478 0.999824 -0.0092434 -4.85238 -0.00380956 0.0093069 0.999949 225.937 
0.999874 -0.0157359 0.00190647 -1.35007 0.0157551 0.999821 -0.010493 -4.87705 -0.00174106 0.0105218 0.999943 226.793 
0.99992 -0.0126091 0.000936927 -1.39244 0.0126176 0.999873 -0.00972573 -4.90407 -0.000814217 0.00973682 0.999952 227.607 
0.999945 -0.0101542 0.00246113 -1.44984 0.0101757 0.999909 -0.00885469 -4.93569 -0.00237104 0.0088793 0.999958 228.383 
0.999939 -0.010656 0.00279324 -1.45916 0.0106793 0.999907 -0.00846469 -4.95839 -0.00270283 0.00849405 0.99996 229.139 
0.999936 -0.0104383 0.00444328 -1.50613 0.0104743 0.999912 -0.00814354 -4.97503 -0.00435793 0.0081896 0.999957 229.825 
0.999934 -0.0110879 0.00297386 -1.49633 0.0111154 0.999894 -0.00938119 -4.98727 -0.00286957 0.00941367 0.999952 230.566 
0.999967 -0.00785914 0.00188326 -1.49866 0.00787965 0.999907 -0.0111178 -5.00389 -0.00179575 0.0111323 0.999936 231.305 
0.999938 -0.0104881 0.00363153 -1.52115 0.0105374 0.999849 -0.0138249 -5.0321 -0.00348603 0.0138624 0.999898 232.029 
0.999936 -0.0101415 0.00494223 -1.525 0.0102169 0.999828 -0.0154692 -5.0491 -0.00478454 0.0155188 0.999868 232.766 
0.999937 -0.00986119 0.00537716 -1.52167 0.00994909 0.999813 -0.0165653 -5.06731 -0.00521284 0.0166178 0.999848 233.498 
0.999923 -0.00990925 0.00741044 -1.53643 0.0100298 0.999815 -0.0164076 -5.09742 -0.00724652 0.0164807 0.999838 234.216 
0.999893 -0.010964 0.00967609 -1.54378 0.0111313 0.999787 -0.0173991 -5.11247 -0.0094833 0.017505 0.999802 234.941 
0.999879 -0.0101517 0.0118221 -1.55965 0.0103515 0.999803 -0.0169592 -5.14399 -0.0116476 0.0170795 0.999786 235.652 
0.999841 -0.0109738 0.014054 -1.5687 0.0112044 0.999802 -0.0164315 -5.17938 -0.0138709 0.0165864 0.999766 236.387 
0.999792 -0.011695 0.0166904 -1.56783 0.0119538 0.999809 -0.0154913 -5.22846 -0.016506 0.0156876 0.999741 237.097 
0.99972 -0.0128498 0.01986 -1.56662 0.0131461 0.999803 -0.0148573 -5.24667 -0.0196652 0.0151143 0.999692 237.814 
0.999612 -0.0148232 0.0235821 -1.60499 0.0151552 0.999788 -0.01396 -5.29086 -0.0233702 0.014312 0.999624 238.492 
0.99953 -0.0149891 0.0267307 -1.59109 0.0153439 0.999796 -0.0131164 -5.32157 -0.0265287 0.0135205 0.999557 239.199 
0.999435 -0.0153526 0.029907 -1.57952 0.0157526 0.999789 -0.0131836 -5.34729 -0.0296983 0.0136473 0.999466 239.896 
0.999335 -0.0152323 0.0331363 -1.5729 0.0156413 0.999804 -0.0121183 -5.38321 -0.0329453 0.0126286 0.999377 240.591 
0.99924 -0.0135447 0.0365583 -1.57281 0.0140887 0.999793 -0.0146637 -5.37912 -0.0363521 0.0151676 0.999224 241.26 
0.999095 -0.0114841 0.0409561 -1.58423 0.0121644 0.999792 -0.0163971 -5.38318 -0.0407593 0.0168805 0.999026 241.918 
0.998983 -0.0134937 0.0430222 -1.55334 0.014091 0.999808 -0.0136081 -5.43056 -0.0428304 0.0142005 0.998981 242.632 
0.998862 -0.012965 0.0458894 -1.53861 0.0136099 0.999813 -0.0137695 -5.44744 -0.0457024 0.0143784 0.998852 243.32 
0.99874 -0.0124761 0.0486156 -1.52171 0.0131608 0.999818 -0.0137878 -5.4658 -0.0484348 0.0144103 0.998722 244.026 
0.998572 -0.0104788 0.05239 -1.50916 0.0113526 0.999801 -0.0164087 -5.48015 -0.0522077 0.0169801 0.998492 244.728 
0.998427 -0.0136233 0.0543866 -1.48891 0.0146141 0.999734 -0.0178606 -5.515 -0.0541288 0.0186273 0.99836 245.426 
0.998376 -0.00974781 0.0561305 -1.48275 0.010935 0.999722 -0.0208807 -5.52415 -0.0559114 0.0214606 0.998205 246.1 
0.998299 -0.00905784 0.0575975 -1.48617 0.0102568 0.999736 -0.0205545 -5.55312 -0.0573962 0.0211104 0.998128 246.772 
0.998156 -0.0173561 0.0581732 -1.52068 0.0186389 0.999593 -0.0215806 -5.5976 -0.0577751 0.0226251 0.998073 247.368 
0.998189 -0.0173419 0.0575968 -1.46488 0.018582 0.999605 -0.0210644 -5.63117 -0.0572088 0.0220966 0.998118 248.017 
0.998067 -0.0183751 0.059376 -1.50268 0.0196751 0.999578 -0.0213835 -5.64922 -0.058958 0.0225104 0.998007 248.744 
0.997999 -0.0158477 0.0612063 -1.49986 0.0173494 0.99956 -0.0240809 -5.70486 -0.0607977 0.0250946 0.997835 249.475 
0.997939 -0.0202707 0.0608846 -1.44157 0.0218914 0.99942 -0.0260691 -5.72717 -0.0603209 0.0273483 0.997804 250.236 
0.997714 -0.0228681 0.0635906 -1.49567 0.0246259 0.999332 -0.0269964 -5.76676 -0.0629308 0.0285007 0.997611 251.044 
0.997724 -0.0195798 0.0645198 -1.47799 0.0211202 0.999506 -0.023279 -5.79067 -0.0640321 0.0245888 0.997645 251.91 
0.997684 -0.014963 0.0663502 -1.48816 0.0161323 0.999723 -0.0171226 -5.81714 -0.0660756 0.0181534 0.99765 252.661 
0.997632 -0.0178811 0.0664175 -1.43387 0.0188445 0.999726 -0.0139078 -5.83919 -0.0661507 0.0151265 0.997695 253.451 
0.997419 -0.0182047 0.0694587 -1.40981 0.0193312 0.999692 -0.0155808 -5.87167 -0.0691537 0.0168833 0.997463 254.228 
0.997179 -0.0161285 0.0733053 -1.34873 0.0177715 0.999604 -0.0218153 -5.89098 -0.0729245 0.0230566 0.997071 255.031 
0.996952 -0.0140953 0.0767333 -1.29878 0.0160761 0.999552 -0.025257 -5.92246 -0.076343 0.0264136 0.996732 255.842 
0.996603 -0.0123959 0.0814208 -1.27126 0.014453 0.99959 -0.0247244 -5.96731 -0.081081 0.0258172 0.996373 256.629 
0.996326 -0.0133305 0.0845964 -1.21204 0.0154254 0.999589 -0.0241579 -5.96337 -0.0842396 0.0253741 0.996122 257.473 
0.996012 -0.0163277 0.0877148 -1.15954 0.0182609 0.999607 -0.021282 -5.98776 -0.0873329 0.0227989 0.995918 258.274 
0.995659 -0.0189565 0.0911232 -1.08743 0.0208495 0.999585 -0.0198664 -6.01229 -0.0907088 0.0216801 0.995641 259.125 
0.995407 -0.0177403 0.0940777 -1.01942 0.0196835 0.999611 -0.0197668 -6.02918 -0.0936905 0.0215278 0.995369 259.95 
0.995096 -0.015376 0.0977069 -0.996744 0.0175893 0.999607 -0.0218318 -6.05074 -0.0973329 0.0234434 0.994976 260.742 
0.994837 -0.0142512 0.10048 -0.941874 0.0167412 0.999572 -0.0239809 -6.07135 -0.100095 0.0255393 0.99465 261.564 
0.994595 -0.01436 0.102836 -0.858676 0.0168789 0.999577 -0.0236657 -6.12281 -0.102453 0.0252735 0.994417 262.419 
0.994093 -0.0148642 0.107513 -0.844623 0.0172285 0.999629 -0.0210948 -6.1653 -0.107159 0.0228225 0.99398 263.152 
0.993864 -0.0131852 0.109822 -0.734631 0.0154411 0.999686 -0.0197159 -6.19985 -0.109527 0.0212907 0.993756 264.048 
0.993687 -0.0114491 0.111599 -0.630892 0.0137478 0.999708 -0.0198499 -6.23265 -0.111339 0.0212589 0.993555 264.893 
0.993261 -0.0121601 0.115258 -0.583567 0.0146015 0.999686 -0.020361 -6.25564 -0.114974 0.0219068 0.993127 265.728 
0.992844 -0.0130956 0.118695 -0.506391 0.0156672 0.999662 -0.0207577 -6.29267 -0.118383 0.0224688 0.992714 266.576 
0.992502 -0.0151039 0.12129 -0.418519 0.0178077 0.999616 -0.0212387 -6.30083 -0.120922 0.0232394 0.99239 267.41 
0.992351 -0.0150415 0.122528 -0.347691 0.0177155 0.999628 -0.0207627 -6.33153 -0.12217 0.0227746 0.992248 268.24 
0.992335 -0.0154156 0.122608 -0.247872 0.0181575 0.999609 -0.0212773 -6.34156 -0.122232 0.0233405 0.992227 269.031 
0.99218 -0.0139252 0.124038 -0.189227 0.0166848 0.999635 -0.0212364 -6.36625 -0.123697 0.0231399 0.99205 269.824 
0.992288 -0.0119225 0.123376 -0.0871569 0.0147181 0.999655 -0.0217724 -6.38973 -0.123074 0.0234204 0.992121 270.67 
0.992139 -0.0110767 0.124651 -0.0272673 0.0139689 0.999653 -0.0223516 -6.39608 -0.12436 0.0239171 0.991949 271.532 
0.992417 -0.00792432 0.122663 0.0591675 0.0108596 0.99967 -0.0232791 -6.40923 -0.122438 0.0244347 0.992175 272.361 
0.992556 -0.00820949 0.121511 0.136155 0.0113025 0.999629 -0.0247872 -6.44181 -0.121262 0.0259761 0.992281 273.187 
0.992791 -0.00562496 0.119723 0.215978 0.00864207 0.999658 -0.024696 -6.48359 -0.119544 0.0255527 0.9925 274.036 
0.993028 -0.00537207 0.117758 0.292419 0.00831841 0.999664 -0.0245426 -6.51915 -0.117587 0.0253511 0.992739 274.858 
0.993131 -0.00600666 0.116854 0.346581 0.00885576 0.999676 -0.0238775 -6.56203 -0.116672 0.0247483 0.992862 275.664 
0.993266 -0.00481589 0.115755 0.411345 0.00762418 0.999687 -0.0238297 -6.5899 -0.115604 0.0245518 0.992992 276.522 
0.993615 -0.0045917 0.112731 0.486735 0.00717373 0.999721 -0.0225089 -6.62624 -0.112597 0.023174 0.993371 277.384 
0.994014 -0.00969508 0.108818 0.544546 0.011609 0.999789 -0.0169686 -6.70911 -0.10863 0.0181303 0.993917 278.231 
0.994277 -0.00858306 0.106485 0.554421 0.0103189 0.999823 -0.0157601 -6.7281 -0.106331 0.0167688 0.994189 279.004 
0.994607 -0.00884213 0.103336 0.574147 0.0103976 0.999841 -0.0145233 -6.75531 -0.103191 0.0155195 0.99454 279.805 
0.995092 -0.00980236 0.0984643 0.646838 0.0112694 0.999834 -0.0143535 -6.78346 -0.0983073 0.0153927 0.995037 280.628 
0.995433 -0.0107837 0.0948544 0.696432 0.0122067 0.999821 -0.0144334 -6.81109 -0.0946819 0.0155254 0.995387 281.432 
0.995884 -0.0120018 0.0898375 0.755348 0.0133827 0.999801 -0.0147846 -6.82292 -0.0896422 0.0159261 0.995847 282.238 
0.996121 -0.010551 0.0873587 0.787481 0.0118667 0.999824 -0.0145555 -6.85485 -0.0871897 0.0155358 0.996071 283.017 
0.996351 -0.0102805 0.0847287 0.801526 0.011603 0.999818 -0.0151311 -6.87508 -0.0845577 0.016059 0.996289 283.833 
0.996613 -0.00988904 0.0816339 0.827111 0.011165 0.999822 -0.0151883 -6.89786 -0.0814693 0.0160484 0.996547 284.556 
0.99691 -0.00861563 0.0780794 0.860479 0.00982267 0.999838 -0.0150876 -6.93068 -0.0779368 0.0158079 0.996833 285.274 
0.997105 -0.00906571 0.0754912 0.872357 0.0103408 0.99981 -0.0165167 -6.95243 -0.0753272 0.0172495 0.99701 285.992 
0.997479 -0.00890044 0.0704047 0.908002 0.0101693 0.999792 -0.017684 -6.97665 -0.0702327 0.0183554 0.997362 286.69 
0.997839 -0.00771361 0.0652452 0.908409 0.00897874 0.999777 -0.0191188 -7.00687 -0.0650832 0.0196633 0.997686 287.342 
0.998261 -0.00645879 0.0585871 0.893557 0.00768283 0.999756 -0.0206908 -7.029 -0.0584393 0.021105 0.998068 287.987 
0.998819 -0.00672995 0.0481155 0.904698 0.0077682 0.99974 -0.0214232 -7.06789 -0.0479589 0.0217717 0.998612 288.598 
0.999313 -0.00668658 0.0364586 0.859845 0.00753236 0.999705 -0.0231095 -7.06601 -0.0362934 0.0233682 0.999068 289.297 
0.999794 -0.00469222 0.0197646 0.837427 0.0051256 0.999746 -0.0219317 -7.09824 -0.0196567 0.0220285 0.999564 289.907 
0.999996 -0.00260419 -0.00116789 0.815096 0.00257823 0.99976 -0.0217355 -7.11284 0.00122417 0.0217324 0.999763 290.599 
0.999762 -0.00186117 -0.0217592 0.722395 0.00138181 0.999756 -0.0220267 -7.12027 0.0217948 0.0219914 0.999521 291.18 
0.998897 -0.000489324 -0.0469529 0.677426 -0.00053888 0.99976 -0.0218844 -7.15056 0.0469523 0.0218856 0.998657 291.744 
0.997142 0.00073007 -0.0755459 0.608678 -0.00244006 0.999743 -0.0225458 -7.16356 0.07551 0.0226658 0.996887 292.393 
0.994324 0.00162482 -0.106383 0.506137 -0.00387367 0.999773 -0.0209363 -7.18893 0.106325 0.0212296 0.994105 292.954 
0.990121 0.0013433 -0.140207 0.385256 -0.00410305 0.999803 -0.0193965 -7.20469 0.140153 0.0197802 0.989932 293.532 
0.984467 0.000990878 -0.175565 0.199686 -0.00411008 0.99984 -0.0174041 -7.23076 0.17552 0.0178554 0.984314 294.028 
0.976676 0.00202514 -0.214708 0.0701415 -0.00544142 0.999868 -0.0153216 -7.25088 0.214648 0.0161326 0.976558 294.602 
0.966499 0.00247598 -0.25666 -0.0445039 -0.00603591 0.999896 -0.0130835 -7.27571 0.256601 0.0141944 0.966413 295.158 
0.954564 0.00292464 -0.297992 -0.221716 -0.00674081 0.999908 -0.0117795 -7.27843 0.29793 0.013253 0.954496 295.64 
0.94041 0.00354502 -0.340023 -0.428997 -0.0072419 0.999928 -0.00960415 -7.30391 0.339964 0.0114943 0.940368 296.128 
0.923659 0.0027126 -0.383205 -0.659045 -0.00638552 0.999945 -0.00831309 -7.31105 0.383162 0.0101255 0.923626 296.6 
0.903324 0.00217008 -0.428954 -0.851088 -0.00680684 0.999934 -0.00927577 -7.29048 0.428905 0.0112989 0.903279 297.06 
0.879783 0.00172186 -0.475373 -1.09039 -0.00598908 0.999954 -0.00746221 -7.31711 0.475338 0.00941222 0.879753 297.514 
0.854303 0.00186724 -0.519772 -1.38629 -0.00555651 0.999969 -0.00554048 -7.33796 0.519746 0.00762141 0.854287 297.911 
0.825712 0.00366481 -0.56408 -1.68227 -0.0068573 0.99997 -0.00354112 -7.3788 0.56405 0.00679206 0.825712 298.265 
0.793522 0.001966 -0.608538 -2.03341 -0.00501735 0.999982 -0.00331194 -7.36796 0.60852 0.0056814 0.793518 298.634 
0.75895 3.26927e-05 -0.651149 -2.397 -0.000290035 1 -0.00028788 -7.39149 0.651149 0.000407394 0.75895 298.914 
0.719509 -0.00152716 -0.694482 -2.79056 0.00436794 0.999988 0.00232635 -7.37027 0.694469 -0.00470724 0.719507 299.211 
0.675413 -0.00132582 -0.737438 -3.18055 0.00804794 0.999952 0.00557321 -7.38763 0.737396 -0.00969903 0.675391 299.482 
0.626115 0.00232436 -0.779728 -3.5458 0.00734942 0.999934 0.00888229 -7.40603 0.779696 -0.0112918 0.626056 299.758 
0.577079 0.0104571 -0.816622 -3.98247 0.000908257 0.999909 0.013446 -7.45662 0.816688 -0.00850104 0.577017 299.928 
0.52541 0.0137915 -0.850738 -4.40639 -0.000990102 0.999878 0.0155978 -7.44825 0.850849 -0.00735285 0.525359 300.068 
0.469606 0.0164024 -0.882724 -4.80328 -0.00246985 0.999848 0.0172648 -7.44796 0.882873 -0.00592742 0.469575 300.236 
0.413182 0.0154777 -0.910517 -5.24273 8.55098e-05 0.999855 0.0170352 -7.39371 0.910648 -0.00711644 0.413121 300.364 
0.354804 0.0175797 -0.934776 -5.64885 0.00207907 0.999806 0.0195918 -7.37789 0.934938 -0.00889467 0.354698 300.487 
0.295503 0.022483 -0.955077 -6.0542 0.00279622 0.999698 0.0243986 -7.3972 0.955338 -0.0098804 0.295351 300.585 
0.233276 0.0248984 -0.972092 -6.47445 0.00505271 0.999628 0.0268162 -7.38314 0.972397 -0.0111672 0.233064 300.654 
0.169199 0.0285438 -0.985169 -6.93303 0.00439653 0.999549 0.0297156 -7.36542 0.985572 -0.00935912 0.168997 300.684 
0.10268 0.0346234 -0.994112 -7.37568 0.00560703 0.999358 0.0353853 -7.36095 0.994699 -0.00920733 0.10242 300.71 
0.0360239 0.0398228 -0.998557 -7.87068 0.00694408 0.999172 0.0400978 -7.31611 0.999327 -0.0083785 0.0357176 300.669 
-0.0326134 0.0468729 -0.998368 -8.36389 0.00816667 0.998879 0.0466301 -7.30667 0.999435 -0.00663254 -0.0329597 300.621 
-0.101323 0.0529378 -0.993444 -8.84855 0.00986718 0.998588 0.0522055 -7.29135 0.994805 -0.00451286 -0.101702 300.539 
-0.169695 0.0593851 -0.983706 -9.3282 0.013175 0.99823 0.0579892 -7.27484 0.985409 -0.00311985 -0.170177 300.434 
-0.235136 0.0647404 -0.969804 -9.74182 0.017071 0.9979 0.062477 -7.27503 0.971813 -0.00186486 -0.235748 300.299 
-0.297135 0.0677015 -0.952432 -10.205 0.0215707 0.997705 0.0641901 -7.2495 0.954592 -0.00147149 -0.297913 300.089 
-0.358469 0.0678049 -0.931076 -10.6985 0.0248439 0.997699 0.0630916 -7.20555 0.933211 -0.000515137 -0.359328 299.864 
-0.416628 0.0674616 -0.906571 -11.196 0.0270094 0.997721 0.0618319 -7.16718 0.908676 0.00127499 -0.417501 299.604 
-0.468935 0.0672923 -0.880666 -11.6624 0.0286053 0.997728 0.0610054 -7.12836 0.88277 0.00341585 -0.469794 299.28 
-0.516865 0.0676695 -0.853388 -12.1265 0.0307882 0.997695 0.0604652 -7.09742 0.855513 0.00497807 -0.517757 298.943 
-0.555723 0.0696551 -0.828444 -12.5177 0.0330058 0.997547 0.0617328 -7.07388 0.830712 0.00696293 -0.556659 298.504 
-0.594548 0.0744193 -0.800609 -12.9824 0.038437 0.9972 0.064149 -7.05064 0.803141 0.00736674 -0.595744 298.107 
-0.63354 0.0816319 -0.769392 -13.4789 0.0472211 0.996644 0.06686 -7.01373 0.772268 0.00602702 -0.635269 297.677 
-0.670358 0.0883295 -0.736762 -13.918 0.0547192 0.996071 0.0696305 -6.98605 0.740018 0.0063623 -0.672557 297.207 
-0.703281 0.0920509 -0.704927 -14.294 0.0596183 0.995725 0.0705449 -6.96476 0.708408 0.00758626 -0.705762 296.695 
-0.735444 0.0902725 -0.671545 -14.7525 0.0606312 0.995877 0.0674705 -6.95067 0.674867 0.00890425 -0.737886 296.129 
-0.764415 0.0897244 -0.63845 -15.1793 0.0637247 0.995935 0.0636659 -6.9429 0.641567 0.00798214 -0.767025 295.526 
-0.791543 0.083337 -0.605404 -15.6246 0.0621326 0.996499 0.0559371 -6.87626 0.607946 0.00666131 -0.79395 294.876 
-0.817274 0.0799368 -0.570679 -16.0553 0.0619674 0.996781 0.0508782 -6.83013 0.572908 0.00621793 -0.819596 294.218 
-0.840467 0.0789658 -0.536079 -16.4872 0.0623752 0.996847 0.0490461 -6.78636 0.538261 0.00778362 -0.842742 293.479 
-0.86246 0.0753513 -0.500484 -16.8838 0.0596604 0.997097 0.0473098 -6.76428 0.502596 0.0109438 -0.864452 292.734 
-0.882122 0.0759427 -0.464858 -17.2339 0.0618414 0.997047 0.0455337 -6.73711 0.466943 0.0114188 -0.884214 291.955 
-0.90121 0.079679 -0.425996 -17.5963 0.0669047 0.996749 0.0448943 -6.7034 0.428188 0.0119581 -0.903611 291.147 
-0.917251 0.0839192 -0.389368 -17.9126 0.0722372 0.996391 0.0445766 -6.68652 0.391704 0.0127611 -0.920003 290.284 
-0.931838 0.0856767 -0.352614 -18.2329 0.0742606 0.996186 0.0458039 -6.65724 0.355194 0.0164965 -0.934647 289.372 
-0.944545 0.0898326 -0.315855 -18.53 0.0795175 0.995798 0.0454237 -6.61297 0.318608 0.0177888 -0.94772 288.421 
-0.955772 0.0902362 -0.279923 -18.7796 0.0812685 0.995742 0.0435041 -6.58102 0.282657 0.0188311 -0.959036 287.502 
-0.965147 0.0880574 -0.246447 -18.9738 0.0811416 0.995974 0.0380984 -6.53399 0.24881 0.0167734 -0.968407 286.558 
-0.973289 0.0849763 -0.213279 -19.1807 0.0795853 0.996257 0.0337527 -6.49461 0.215349 0.0158772 -0.976408 285.543 
-0.979817 0.0836803 -0.181541 -19.3617 0.0790654 0.996339 0.0325234 -6.46992 0.183598 0.0175134 -0.982846 284.506 
-0.985075 0.0824594 -0.151087 -19.5099 0.0785504 0.996407 0.0316711 -6.4423 0.153156 0.0193304 -0.988013 283.421 
-0.989028 0.081908 -0.122944 -19.6186 0.0788449 0.996448 0.0295844 -6.41653 0.124931 0.0195663 -0.991973 282.36 
-0.992028 0.0817248 -0.0959213 -19.7125 0.0793581 0.996446 0.0282401 -6.38575 0.0978883 0.0204028 -0.994988 281.262 
-0.994336 0.0776694 -0.0725486 -19.7445 0.0758299 0.996734 0.0277789 -6.36029 0.0744693 0.0221202 -0.996978 280.137 
-0.995859 0.0766405 -0.0488903 -19.7916 0.0752991 0.996747 0.028716 -6.34533 0.0509322 0.0249157 -0.998391 278.95 
