1 2.12261e-08 -2.11895e-08 0 2.12261e-08 1 2.10703e-08 0 -2.11895e-08 2.10703e-08 1 0 
0.999976 0.00010496 -0.0069468 0.00224627 -0.000102914 1 0.000288855 0.00484846 0.00694679 -0.000288091 0.999976 0.0859479 
0.999892 0.000690758 -0.0146709 -0.00584821 -0.000687884 1 0.00019809 0.00472614 0.014671 -0.000187935 0.999892 0.17934 
0.999752 0.000982216 -0.0222432 -0.00426507 -0.00098522 1 -0.000125966 0.00056744 0.0222431 0.000147892 0.999753 0.277359 
0.999505 0.00142055 -0.0314263 -0.0258398 -0.00146235 0.999998 -0.00130866 -0.00138422 0.0314243 0.00135401 0.999505 0.375923 
0.999067 0.00187382 -0.0431424 -0.0336017 -0.00197055 0.999996 -0.00220064 -0.0140407 0.043138 0.00228365 0.999067 0.488766 
0.998339 0.00187304 -0.0575852 -0.0488551 -0.00207894 0.999992 -0.00351662 -0.01262 0.0575781 0.00363054 0.998334 0.627346 
0.99725 0.00225432 -0.0740775 -0.0730478 -0.00252158 0.999991 -0.00351509 -0.0135831 0.0740689 0.00369225 0.997246 0.765405 
0.995742 0.00069694 -0.092184 -0.118435 -0.000992322 0.999995 -0.0031589 -0.0161243 0.0921812 0.00323697 0.995737 0.934113 
0.993614 -0.000525238 -0.112829 -0.145823 0.00019094 0.999996 -0.00297403 -0.0244252 0.11283 0.00293354 0.99361 1.10107 
0.990976 6.94277e-05 -0.134037 -0.216441 -0.000451473 0.999996 -0.00282019 -0.0308639 0.134037 0.0028553 0.990972 1.26737 
0.98726 0.00405983 -0.159062 -0.262055 -0.00484756 0.999978 -0.0045649 -0.0310685 0.15904 0.00527786 0.987258 1.44381 
0.982687 0.00765281 -0.185118 -0.321593 -0.00889515 0.999943 -0.0058817 -0.0387567 0.185062 0.00742656 0.982699 1.61386 
0.976983 0.0100858 -0.213077 -0.382867 -0.0118809 0.999904 -0.00714614 -0.0404001 0.212985 0.00951326 0.977009 1.8098 
0.970185 0.0112833 -0.242102 -0.471916 -0.0136395 0.999875 -0.00805844 -0.034092 0.241981 0.0111204 0.970217 2.00666 
0.962101 0.0131113 -0.272377 -0.574126 -0.0156091 0.999854 -0.00700582 -0.0420059 0.272245 0.0109919 0.962165 2.194 
0.952735 0.0142428 -0.303469 -0.693837 -0.0167199 0.999845 -0.00556604 -0.0481638 0.303343 0.010377 0.952825 2.39351 
0.941286 0.0170255 -0.33718 -0.79896 -0.0194202 0.999804 -0.00373051 -0.0577114 0.337051 0.0100596 0.941433 2.58297 
0.928056 0.0164802 -0.372076 -0.890383 -0.0198351 0.99979 -0.00519076 -0.0344721 0.371912 0.0121975 0.928188 2.77808 
0.913908 0.0199362 -0.405432 -1.02403 -0.0239017 0.999703 -0.00472026 -0.0350533 0.405218 0.0140045 0.914113 2.97222 
0.897155 0.0208969 -0.44122 -1.14646 -0.0250168 0.999681 -0.00352141 -0.042337 0.441006 0.0141972 0.897392 3.17217 
0.877826 0.0152463 -0.478738 -1.27045 -0.0197055 0.999797 -0.00429214 -0.0438529 0.478575 0.0132016 0.877947 3.37014 
0.855686 0.0101084 -0.517396 -1.41441 -0.0150595 0.999872 -0.00537134 -0.0364268 0.517276 0.0123879 0.855729 3.58621 
0.829512 0.0112455 -0.558375 -1.57567 -0.014947 0.999886 -0.00206766 -0.042359 0.558289 0.0100612 0.829586 3.76941 
0.799906 0.0159249 -0.599914 -1.78435 -0.0197163 0.999806 0.000251006 -0.0252836 0.599801 0.0116273 0.800065 3.966 
0.76589 0.0190798 -0.642689 -1.98549 -0.0231068 0.999731 0.00214313 -0.0318782 0.642557 0.0132091 0.766124 4.14498 
0.728865 0.0180683 -0.684419 -2.1986 -0.0220484 0.999753 0.00291261 -0.034683 0.684302 0.0129675 0.729084 4.31209 
0.687963 0.0147345 -0.725596 -2.43797 -0.0154181 0.999865 0.00568549 -0.0455756 0.725582 0.00727598 0.688097 4.50105 
0.645201 0.0122718 -0.763914 -2.66398 -0.0111204 0.999916 0.00667062 -0.0507065 0.763932 0.00419122 0.645284 4.63947 
0.600278 0.0119988 -0.799701 -2.93422 -0.00894906 0.999926 0.00828553 -0.0464887 0.799741 0.00218301 0.600341 4.77736 
0.551431 0.0126888 -0.834124 -3.23275 -0.00729418 0.999919 0.0103888 -0.0341638 0.834189 0.000355584 0.551479 4.92056 
0.499422 0.0130701 -0.866261 -3.538 -0.00479427 0.999913 0.0123226 -0.0332409 0.866346 -0.00200105 0.499441 5.04786 
0.446339 0.0147063 -0.894743 -3.86631 -0.00362688 0.999887 0.0146253 -0.0290252 0.894857 -0.00328264 0.446342 5.15092 
0.391363 0.0159451 -0.920098 -4.17273 -0.00199836 0.999862 0.0164774 -0.0175783 0.920234 -0.00460989 0.39134 5.23486 
0.33574 0.0185167 -0.941773 -4.51376 -0.00112083 0.999814 0.0192583 -0.0267234 0.941954 -0.00541018 0.335698 5.30677 
0.279676 0.0205477 -0.959874 -4.90535 0.000212453 0.99977 0.0214637 -0.00619326 0.960094 -0.00620676 0.279608 5.37364 
0.226347 0.0230844 -0.973773 -5.32634 0.00359298 0.999693 0.024534 -0.00812598 0.97404 -0.0090519 0.226194 5.4248 
0.175054 0.0227188 -0.984297 -5.72491 0.00559991 0.999695 0.0240701 0.0116902 0.984543 -0.00972549 0.174873 5.45336 
0.12797 0.0240917 -0.991485 -6.1642 0.00399441 0.999684 0.0248065 0.00768729 0.99177 -0.00713485 0.127834 5.4532 
0.0854603 0.0244586 -0.996041 -6.56202 0.00266716 0.999689 0.024777 0.00871589 0.996338 -0.00477401 0.0853685 5.4394 
0.0483059 0.0224813 -0.99858 -7.03108 -0.000956885 0.999747 0.0224613 0.0288285 0.998832 -0.000129448 0.0483153 5.41129 
0.0133657 0.0199651 -0.999711 -7.51195 0.000712927 0.9998 0.0199764 0.0384677 0.99991 -0.000979678 0.0133488 5.39265 
-0.0175758 0.0171664 -0.999698 -8.01277 0.000438885 0.999853 0.0171614 0.0482846 0.999845 -0.000137087 -0.0175807 5.35226 
-0.0446616 0.0159772 -0.998874 -8.53254 0.000535768 0.999872 0.0159692 0.0426128 0.999002 0.000178085 -0.0446645 5.31002 
-0.065334 0.0138709 -0.997767 -9.04584 0.000954531 0.999904 0.0138381 0.0451102 0.997863 -4.82578e-05 -0.065341 5.24307 
-0.0826212 0.0127922 -0.996499 -9.561 0.00269898 0.999917 0.0126123 0.0539801 0.996577 -0.00164745 -0.0826489 5.18645 
-0.0952541 0.0129838 -0.995368 -10.1059 0.00365344 0.999913 0.0126934 0.0615043 0.995446 -0.00242738 -0.0952932 5.11409 
-0.105513 0.0138512 -0.994322 -10.6444 0.00118208 0.999904 0.0138035 0.0625311 0.994417 0.00028112 -0.105519 5.04914 
-0.111897 0.0152725 -0.993602 -11.2112 -0.000909844 0.99988 0.0154715 0.0631682 0.993719 0.00263527 -0.11187 4.95578 
-0.117499 0.0160482 -0.992943 -11.8267 -0.000913524 0.999867 0.0162682 0.0701831 0.993073 0.00281861 -0.117469 4.88614 
-0.118505 0.016574 -0.992815 -12.4231 0.00110259 0.999862 0.01656 0.0741849 0.992953 0.000867824 -0.118507 4.79702 
-0.118276 0.0190512 -0.992798 -13.0402 0.0043558 0.999816 0.018667 0.0657641 0.992971 -0.00211653 -0.118338 4.72848 
-0.11622 0.0221208 -0.992977 -13.6453 0.0037367 0.999755 0.0218344 0.0601381 0.993216 -0.00117281 -0.116274 4.63618 
-0.114667 0.0219145 -0.993162 -14.3067 8.00303e-05 0.999757 0.0220508 0.0593242 0.993404 0.00244906 -0.114641 4.54836 
-0.112842 0.0193018 -0.993426 -14.9652 -0.00117982 0.999808 0.0195599 0.0687701 0.993612 0.00337927 -0.112797 4.45183 
-0.11086 0.0192446 -0.99365 -15.6493 -0.00108895 0.99981 0.0194854 0.0788574 0.993836 0.00324222 -0.110818 4.36169 
-0.109126 0.021889 -0.993787 -16.3347 -0.000367815 0.999757 0.0220609 0.0949569 0.994028 0.00277299 -0.109092 4.28677 
-0.106988 0.0245759 -0.993957 -17.0706 -0.00149026 0.999689 0.0248781 0.108053 0.994259 0.00414294 -0.106918 4.18117 
-0.105747 0.0273616 -0.994017 -17.7907 -0.00350249 0.999605 0.027888 0.0973233 0.994387 0.00643064 -0.105609 4.10496 
-0.10441 0.0268173 -0.994173 -18.5167 -0.00284862 0.999624 0.0272635 0.0927814 0.99453 0.00567865 -0.104295 4.02719 
-0.101328 0.0234938 -0.994576 -19.2435 -0.00804383 0.999669 0.0244337 0.100833 0.994821 0.0104761 -0.101106 3.92937 
-0.0990397 0.0222581 -0.994835 -20.0398 -0.00875521 0.999692 0.0232384 0.131136 0.995045 0.0110115 -0.0988143 3.81878 
-0.0979228 0.0255233 -0.994867 -20.7862 -0.00414077 0.999652 0.0260537 0.126695 0.995185 0.0066708 -0.0977831 3.74927 
-0.0955276 0.0274029 -0.99505 -21.5327 -0.00204129 0.999614 0.0277246 0.139223 0.995425 0.00467969 -0.0954347 3.63746 
-0.0941257 0.0282071 -0.995161 -22.3723 0.000999337 0.999601 0.0282384 0.174621 0.99556 0.0016635 -0.0941163 3.52634 
-0.0938622 0.0233191 -0.995312 -23.161 0.00264416 0.999728 0.0231732 0.180755 0.995582 -0.00045663 -0.0938983 3.44617 
-0.0952371 0.0170879 -0.995308 -23.9249 0.0043859 0.99985 0.0167462 0.170483 0.995445 -0.00277042 -0.0952978 3.39053 
-0.0945591 0.0126281 -0.995439 -24.746 0.00771429 0.999899 0.0119519 0.180349 0.995489 -0.00654891 -0.0946469 3.28748 
-0.0952853 0.0134771 -0.995359 -25.5652 0.00897484 0.999879 0.0126791 0.181142 0.99541 -0.00772501 -0.0953948 3.20335 
-0.0959397 0.021069 -0.995164 -26.3979 0.00911669 0.999753 0.0202873 0.180995 0.995345 -0.0071262 -0.0961081 3.11251 
-0.0952211 0.0282557 -0.995055 -27.2401 0.00794582 0.999587 0.0276241 0.185372 0.995424 -0.0052761 -0.0954062 3.00734 
-0.0954126 0.0327594 -0.994899 -28.0999 0.00650956 0.999458 0.0322852 0.210431 0.995417 -0.0033959 -0.095574 2.90447 
-0.0961818 0.0334531 -0.994802 -28.9276 0.0053184 0.999438 0.0330948 0.210884 0.99535 -0.0021076 -0.0963057 2.80741 
-0.0970329 0.0296801 -0.994839 -29.7759 0.0047856 0.999558 0.0293541 0.220105 0.99527 -0.00191255 -0.097132 2.70728 
-0.097783 0.0275671 -0.994826 -30.6117 0.0036851 0.99962 0.0273377 0.218592 0.995201 -0.000992834 -0.0978473 2.62179 
-0.0987495 0.0272553 -0.994739 -31.4457 0.00247007 0.999629 0.0271441 0.243074 0.995109 0.00022343 -0.0987801 2.5406 
-0.098805 0.0294507 -0.994671 -32.2732 0.00123984 0.999565 0.0294725 0.251648 0.995106 0.00167883 -0.0987985 2.44327 
-0.0982891 0.0284465 -0.994751 -33.114 -0.00110445 0.999588 0.028694 0.243219 0.995157 0.003919 -0.0982171 2.34351 
-0.0981589 0.0236148 -0.994891 -33.9335 -0.00212871 0.999711 0.0239393 0.248679 0.995169 0.00446773 -0.0980803 2.24413 
-0.0985627 0.0198767 -0.994932 -34.7733 -0.00474111 0.99978 0.0204432 0.241203 0.99512 0.00673206 -0.0984468 2.14747 
-0.0986518 0.0202761 -0.994915 -35.5985 -0.00481479 0.999771 0.0208525 0.250231 0.99511 0.00684748 -0.0985315 2.08234 
-0.0979171 0.0231931 -0.994924 -36.4195 -0.00365674 0.999713 0.0236646 0.242213 0.995188 0.0059554 -0.0978042 1.9624 
-0.098303 0.0270063 -0.99479 -37.2595 -0.00385287 0.999614 0.027518 0.27649 0.995149 0.00653794 -0.098161 1.88167 
-0.098509 0.0321972 -0.994615 -38.1197 -0.000521737 0.999475 0.0324062 0.293821 0.995136 0.00371127 -0.0984405 1.7989 
-0.0996365 0.0358368 -0.994378 -38.9266 -0.000660631 0.999349 0.0360822 0.303536 0.995024 0.00425206 -0.0995479 1.71775 
-0.0998367 0.0352558 -0.994379 -39.7435 -0.000157199 0.999372 0.0354486 0.31811 0.995004 0.00369543 -0.0997684 1.6249 
-0.0999178 0.030957 -0.994514 -40.5727 4.7566e-05 0.999516 0.0311079 0.326319 0.994996 0.00306097 -0.0998709 1.52165 
-0.101478 0.0274421 -0.994459 -41.3657 -0.00128439 0.999615 0.0277155 0.317042 0.994837 0.00408983 -0.101404 1.45828 
-0.1017 0.0241829 -0.994521 -42.1781 -0.00462261 0.999682 0.0247811 0.33125 0.994804 0.00711756 -0.101556 1.34855 
-0.1012 0.0218579 -0.994626 -43.0227 -0.00733587 0.999715 0.0227161 0.344637 0.994839 0.00959536 -0.101011 1.22345 
-0.103563 0.019927 -0.994423 -43.851 -0.00668197 0.999763 0.0207299 0.345379 0.9946 0.0087916 -0.103406 1.15288 
-0.10561 0.0166218 -0.994269 -44.7028 -0.00259666 0.999852 0.016991 0.342459 0.994404 0.00437623 -0.105551 1.07672 
-0.107512 0.014672 -0.994096 -45.5223 0.00145675 0.999892 0.0146 0.349307 0.994203 0.000121572 -0.107522 1.00328 
-0.110081 0.0178433 -0.993762 -46.3475 0.00227322 0.999841 0.0177006 0.353417 0.99392 -0.000310502 -0.110104 0.907063 
-0.112188 0.0249439 -0.993374 -47.1721 0.00432004 0.999688 0.0246145 0.347254 0.993678 -0.00152991 -0.112261 0.804567 
-0.112678 0.0276914 -0.993246 -47.9701 0.00697445 0.999609 0.0270776 0.359253 0.993607 -0.00387627 -0.112827 0.682352 
-0.113606 0.0277941 -0.993137 -48.7671 0.00723484 0.999605 0.0271475 0.354844 0.9935 -0.00410103 -0.113762 0.560743 
-0.11527 0.0244625 -0.993033 -49.552 0.00358772 0.9997 0.0242103 0.351912 0.993328 -0.00077196 -0.115323 0.461915 
-0.115581 0.020033 -0.993096 -50.3435 -0.00269746 0.999787 0.0204819 0.356911 0.993294 0.00504619 -0.115502 0.338387 
-0.117212 0.0174073 -0.992954 -51.1361 -0.00633894 0.999813 0.0182758 0.368204 0.993087 0.00843647 -0.11708 0.227161 
-0.118338 0.0195473 -0.992781 -51.9163 -0.00870888 0.999747 0.0207226 0.35461 0.992935 0.0110983 -0.118138 0.114951 
-0.119629 0.0208618 -0.9926 -52.7021 -0.00767973 0.99973 0.0219372 0.353445 0.992789 0.0102473 -0.119436 0.0066243 
-0.120973 0.0201823 -0.992451 -53.4732 -0.00854593 0.999735 0.0213721 0.355463 0.992619 0.0110669 -0.120768 -0.0900516 
-0.12194 0.0207294 -0.992321 -54.1692 -0.0096782 0.99971 0.022073 0.334324 0.99249 0.0122955 -0.121704 -0.193596 
-0.122816 0.0212957 -0.992201 -54.9705 -0.00740349 0.999722 0.0223736 0.349589 0.992402 0.0100936 -0.122624 -0.298622 
-0.123157 0.0229151 -0.992123 -55.773 -0.0048075 0.999708 0.0236871 0.38019 0.992376 0.00768691 -0.123011 -0.410194 
-0.123737 0.0270885 -0.991945 -56.4598 -0.00706618 0.999578 0.0281784 0.377514 0.99229 0.010496 -0.123493 -0.510893 
-0.124291 0.0283439 -0.991841 -57.2438 -0.00711039 0.999541 0.029455 0.395798 0.99222 0.0107134 -0.124033 -0.614573 
-0.12535 0.0282504 -0.99171 -57.9461 -0.00820492 0.999531 0.0295103 0.405684 0.992079 0.0118361 -0.125059 -0.71932 
-0.127036 0.026573 -0.991542 -58.703 -0.00657356 0.999597 0.0276311 0.397625 0.991876 0.0100281 -0.12681 -0.804464 
-0.127184 0.0232745 -0.991606 -59.4334 -0.00586912 0.99969 0.0242171 0.400483 0.991862 0.0088999 -0.127007 -0.914353 
-0.12855 0.0203272 -0.991495 -60.1584 -0.00590271 0.999757 0.0212619 0.403171 0.991686 0.00858575 -0.128398 -0.99207 
-0.129179 0.0184274 -0.99145 -60.8543 -0.00591569 0.999795 0.0193532 0.398514 0.991604 0.00836519 -0.129044 -1.05478 
-0.127412 0.016917 -0.991706 -61.5327 -0.00757546 0.999809 0.0180285 0.413384 0.991821 0.00980971 -0.127259 -1.16633 
-0.124099 0.0166623 -0.99213 -62.2044 -0.0060047 0.999828 0.0175426 0.432042 0.992252 0.00813451 -0.123977 -1.25699 
-0.119296 0.0172442 -0.992709 -62.8592 -0.00418265 0.999832 0.0178706 0.442503 0.99285 0.00628407 -0.119204 -1.33687 
-0.111405 0.0176848 -0.993618 -63.5101 -0.00264767 0.999833 0.0180923 0.453128 0.993772 0.00464639 -0.111339 -1.43705 
-0.103511 0.0196509 -0.994434 -64.1428 -0.00405083 0.999788 0.0201784 0.44388 0.99462 0.00611702 -0.10341 -1.5002 
-0.0927915 0.0202354 -0.99548 -64.764 -0.00561287 0.999767 0.0208458 0.461969 0.99567 0.00752184 -0.0926563 -1.54427 
-0.0785365 0.0217626 -0.996674 -65.3713 -0.00919703 0.999703 0.0225535 0.465263 0.996869 0.0109378 -0.078313 -1.59534 
-0.0610301 0.0230634 -0.997869 -65.9355 -0.0097328 0.999672 0.0237003 0.4607 0.998089 0.0111585 -0.0607856 -1.61089 
-0.0399193 0.0229405 -0.99894 -66.4965 -0.00965722 0.999681 0.0233435 0.462561 0.999156 0.0105789 -0.0396851 -1.61642 
-0.0139105 0.022806 -0.999643 -67.0301 -0.00857642 0.9997 0.0229266 0.470876 0.999867 0.00889232 -0.0137107 -1.6261 
0.0151428 0.022372 -0.999635 -67.5372 -0.00619332 0.999733 0.0222803 0.470546 0.999866 0.00585372 0.0152773 -1.60183 
0.0485435 0.022818 -0.99856 -68.0313 -0.00520309 0.999731 0.0225918 0.46136 0.998808 0.00409896 0.0486491 -1.54186 
0.0859484 0.0225712 -0.996044 -68.4919 -0.00380824 0.999744 0.0223265 0.475411 0.996292 0.00187429 0.0860123 -1.476 
0.127893 0.0232422 -0.991516 -68.9519 -0.00299401 0.99973 0.0230486 0.458243 0.991784 2.09053e-05 0.127928 -1.41516 
0.173085 0.0236305 -0.984623 -69.3719 -0.00157372 0.999718 0.0237161 0.465874 0.984906 -0.00255534 0.173074 -1.31529 
0.223138 0.0223467 -0.974531 -69.8161 0.00172752 0.999727 0.02332 0.458911 0.974785 -0.00688705 0.223039 -1.21607 
0.274208 0.0187987 -0.961487 -70.2113 0.00979382 0.999703 0.022339 0.442676 0.961621 -0.0155421 0.273942 -1.07336 
0.327086 0.0137512 -0.944895 -70.6027 0.0148459 0.999696 0.0196878 0.437067 0.944878 -0.0204673 0.326783 -0.919372 
0.379525 0.00913561 -0.925137 -70.9866 0.0212535 0.999601 0.0185899 0.439872 0.924938 -0.0267177 0.379179 -0.710857 
0.432459 0.00809966 -0.901617 -71.367 0.0207362 0.999606 0.018926 0.462023 0.901415 -0.0268808 0.43212 -0.511785 
0.48227 0.00732353 -0.875992 -71.7241 0.0229034 0.999518 0.0209655 0.456054 0.875723 -0.0301741 0.48187 -0.293984 
0.52796 0.00281839 -0.849264 -72.0737 0.0316235 0.999236 0.0229754 0.46853 0.84868 -0.0389867 0.527468 -0.0287943 
0.574374 -0.0031416 -0.818587 -72.4222 0.0413549 0.998827 0.0251839 0.47925 0.817548 -0.0483175 0.57383 0.241306 
0.617722 -0.00927959 -0.786342 -72.719 0.0436252 0.998795 0.0224836 0.492735 0.785186 -0.0481929 0.617382 0.526161 
0.660468 -0.0147647 -0.750709 -73.0307 0.0409775 0.999025 0.0164031 0.499184 0.749735 -0.0415959 0.660429 0.822892 
0.702702 -0.0222939 -0.711135 -73.3105 0.0378532 0.999265 0.00607757 0.507329 0.710476 -0.0311894 0.703029 1.1243 
0.74385 -0.0226124 -0.667965 -73.5861 0.0301937 0.999544 -0.000213457 0.505378 0.667665 -0.0200095 0.744193 1.44765 
0.782518 -0.0241116 -0.622162 -73.8356 0.0289389 0.999578 -0.0023407 0.507769 0.621956 -0.016173 0.782885 1.81289 
0.818268 -0.0260918 -0.574245 -74.0955 0.029618 0.999556 -0.00321255 0.513461 0.574074 -0.0143792 0.818678 2.21831 
0.850672 -0.0244875 -0.525126 -74.3452 0.0260399 0.999651 -0.00443254 0.51503 0.525051 -0.00990353 0.851013 2.63869 
0.877748 -0.0238219 -0.47853 -74.5572 0.0257256 0.999666 -0.0025776 0.521975 0.478431 -0.0100479 0.878068 3.09658 
0.90077 -0.0174343 -0.433947 -74.7779 0.0191313 0.999817 -0.00045683 0.506672 0.433876 -0.00789045 0.900938 3.56022 
0.919847 -0.0127415 -0.39207 -74.9908 0.0133583 0.99991 -0.00115492 0.502527 0.392049 -0.00417497 0.919935 4.02001 
0.934717 -0.00726889 -0.35532 -75.1996 0.00806774 0.999967 0.000766545 0.507676 0.355302 -0.00358308 0.934745 4.53845 
0.945598 -0.00750943 -0.325251 -75.3847 0.00903246 0.999954 0.0031728 0.498003 0.325212 -0.00593797 0.945622 5.08012 
0.953657 -0.00827179 -0.300783 -75.5518 0.0102485 0.999935 0.00499461 0.50175 0.300722 -0.00784568 0.95368 5.64297 
0.960089 -0.0112159 -0.279469 -75.7396 0.0135318 0.999888 0.00635874 0.493192 0.279367 -0.00988664 0.960134 6.21321 
0.965329 -0.00896981 -0.260882 -75.9097 0.011822 0.999886 0.00936542 0.488868 0.260769 -0.0121248 0.965325 6.83097 
0.969452 -0.00456879 -0.245238 -76.0867 0.00769879 0.999901 0.0118059 0.483427 0.245159 -0.0133332 0.969391 7.42254 
0.973033 -0.00191238 -0.230657 -76.2642 0.00492006 0.99991 0.012465 0.490368 0.230612 -0.0132636 0.972955 8.04567 
0.976212 -0.00293276 -0.216799 -76.4465 0.00593713 0.999895 0.0132077 0.486351 0.216737 -0.0141806 0.976127 8.63669 
0.979178 -0.00225265 -0.202993 -76.5949 0.00498048 0.999904 0.0129281 0.494166 0.202944 -0.0136698 0.979095 9.31112 
0.981959 -0.00205732 -0.189084 -76.7298 0.00470937 0.999897 0.0135773 0.496369 0.189037 -0.0142228 0.981867 9.99279 
0.984388 0.000645895 -0.176009 -76.8463 0.00181364 0.999903 0.0138125 0.505301 0.176001 -0.013916 0.984292 10.7181 
0.986797 0.00104896 -0.161959 -76.9923 0.00078526 0.999936 0.0112606 0.497381 0.16196 -0.011239 0.986733 11.3773 
0.988516 0.0017949 -0.151106 -77.1102 -0.00076799 0.999976 0.0068538 0.483848 0.151114 -0.006659 0.988494 12.1042 
0.989817 -0.00107781 -0.142345 -77.2103 0.00133524 0.999998 0.00171271 0.464647 0.142343 -0.00188529 0.989816 12.8458 
0.991076 -0.00222663 -0.13328 -77.3306 0.00251191 0.999995 0.00197201 0.458878 0.133275 -0.00228916 0.991076 13.6202 
0.99208 0.000983994 -0.125608 -77.4537 -3.29734e-05 0.999971 0.00757287 0.463756 0.125612 -0.00750871 0.992051 14.3592 
0.992712 0.0035008 -0.120458 -77.5735 -0.00154584 0.999866 0.0163187 0.450747 0.120499 -0.0160135 0.992584 15.0934 
0.99334 0.00468936 -0.115122 -77.6928 -0.00231148 0.999781 0.0207798 0.441683 0.115194 -0.0203753 0.993134 15.8379 
0.993839 0.00328606 -0.110788 -77.8058 -0.00104968 0.999795 0.020238 0.427629 0.110832 -0.019997 0.993638 16.5721 
0.994166 0.003942 -0.107786 -77.8945 -0.00184704 0.999808 0.0195288 0.430698 0.107843 -0.0192157 0.993982 17.3297 
0.99448 0.00124533 -0.104916 -77.9826 0.000983721 0.999775 0.0211912 0.437372 0.104919 -0.0211774 0.994255 18.0779 
0.994842 -0.000819868 -0.101429 -78.084 0.00318796 0.999726 0.0231869 0.443386 0.101382 -0.0233907 0.994573 18.8588 
0.995094 -0.000946108 -0.098926 -78.1667 0.00341112 0.999688 0.0247512 0.445951 0.0988716 -0.0249672 0.994787 19.6258 
0.995405 -0.00261978 -0.09572 -78.2583 0.0046782 0.999763 0.0212862 0.444219 0.0956414 -0.0216361 0.995181 20.3815 
0.995538 -0.000253709 -0.0943584 -78.3355 0.00161675 0.999895 0.0143688 0.438734 0.0943449 -0.0144572 0.995435 21.1184 
0.995696 0.000596851 -0.0926794 -78.4222 3.91421e-06 0.999979 0.00648143 0.432292 0.0926813 -0.00645385 0.995675 21.8691 
0.995741 0.000526096 -0.09219 -78.4925 -0.000300116 0.999997 0.00246465 0.42456 0.092191 -0.00242644 0.995738 22.6231 
0.995889 0.00067868 -0.0905824 -78.5656 -0.000358787 0.999994 0.00354731 0.424695 0.0905842 -0.00350018 0.995883 23.3363 
0.996075 0.0047087 -0.088387 -78.6532 -0.00405574 0.999963 0.00756519 0.411882 0.0884193 -0.00717698 0.996058 24.1092 
0.996122 0.00772526 -0.0876436 -78.7183 -0.00662587 0.999896 0.0128273 0.400576 0.0877335 -0.0121968 0.996069 24.8492 
0.996456 0.00762633 -0.0837659 -78.8156 -0.00643142 0.999874 0.0145249 0.393719 0.083866 -0.0139347 0.99638 25.6165 
0.996528 0.00374619 -0.0831723 -78.8948 -0.00254004 0.99989 0.0146024 0.384108 0.0832178 -0.0143404 0.996428 26.3786 
0.996633 0.00126409 -0.0819855 -78.97 -0.000151005 0.999908 0.0135809 0.395014 0.0819951 -0.0135227 0.996541 27.1241 
0.996636 -0.000496529 -0.0819502 -79.0284 0.00155306 0.999917 0.0128286 0.386215 0.0819369 -0.0129126 0.996554 27.8661 
0.996596 -0.00229071 -0.0824049 -79.0778 0.00325877 0.999927 0.0116146 0.392146 0.0823723 -0.0118435 0.996531 28.5802 
0.996614 -0.00414286 -0.0821207 -79.159 0.00499316 0.999936 0.0101511 0.396132 0.0820734 -0.0105267 0.996571 29.3351 
0.996718 -0.000646919 -0.0809455 -79.2573 0.0015573 0.999936 0.0111837 0.401947 0.0809331 -0.0112731 0.996656 30.0927 
0.996804 -0.000345441 -0.0798882 -79.3448 0.00110816 0.999954 0.00950268 0.405564 0.0798813 -0.0095608 0.996759 30.8811 
0.996535 -0.00242417 -0.0831414 -79.3975 0.003266 0.999945 0.00999027 0.388933 0.0831125 -0.0102271 0.996488 31.6643 
0.996471 -0.00315238 -0.083875 -79.501 0.00394598 0.999949 0.00929719 0.416138 0.0838413 -0.00959531 0.996433 32.4068 
0.996162 -0.0034108 -0.0874582 -79.5827 0.00425627 0.999946 0.00948204 0.390841 0.0874211 -0.00981785 0.996123 33.1949 
0.995988 0.000820682 -0.0894865 -79.691 1.46613e-05 0.999956 0.00933335 0.389795 0.0894902 -0.00929717 0.995944 33.9721 
0.995764 0.00101036 -0.0919398 -79.7813 -0.000663945 0.999993 0.00379795 0.390386 0.0919429 -0.00372077 0.995757 34.7445 
0.995409 0.000608048 -0.0957124 -79.8551 -0.000521994 0.999999 0.000923705 0.37682 0.0957128 -0.000869459 0.995409 35.5369 
0.995232 -0.000135483 -0.0975408 -79.9506 -1.93579e-05 0.999999 -0.00158692 0.379303 0.0975408 0.00158128 0.99523 36.3428 
0.995075 -0.000520851 -0.0991211 -80.0555 0.000386726 0.999999 -0.00137276 0.380202 0.0991217 0.00132771 0.995074 37.1651 
0.994924 -0.00120842 -0.100621 -80.1606 0.00111555 0.999999 -0.000979688 0.375833 0.100622 0.000862512 0.994924 37.9782 
0.994735 -0.000761953 -0.102482 -80.2679 0.000820837 1 0.000532016 0.372183 0.102482 -0.000613292 0.994735 38.7879 
0.994609 -0.000277337 -0.103701 -80.3685 0.000723647 0.999991 0.00426583 0.361519 0.103699 -0.00431783 0.994599 39.6218 
0.994633 -0.000924436 -0.103463 -80.5058 0.00180059 0.999963 0.00837487 0.361655 0.103451 -0.00851618 0.994598 40.3996 
0.994713 -0.00098146 -0.102685 -80.6115 0.00200803 0.999949 0.00989398 0.36475 0.10267 -0.0100478 0.994665 41.248 
0.994902 0.00311974 -0.100796 -80.7156 -0.00209469 0.999945 0.0102733 0.360165 0.100822 -0.0100098 0.994854 42.078 
0.995018 0.00160582 -0.0996838 -80.8174 -0.000647722 0.999953 0.00964259 0.340782 0.0996946 -0.00952994 0.994972 42.9481 
0.995158 -0.000875102 -0.0982877 -80.9117 0.00166126 0.999967 0.00791662 0.328004 0.0982775 -0.00804152 0.995127 43.7991 
0.995411 -0.00376944 -0.0956138 -81.0154 0.00425878 0.999979 0.00491384 0.338223 0.0955932 -0.00529845 0.995406 44.6613 
0.995522 -0.00591863 -0.0943445 -81.1049 0.00645053 0.999965 0.00533341 0.320402 0.0943095 -0.00591805 0.995525 45.5237 
0.995616 -0.00941798 -0.09306 -81.2098 0.01017 0.999919 0.00760917 0.314763 0.0929808 -0.00852219 0.995631 46.3868 
0.99585 -0.0106994 -0.0903794 -81.3294 0.0116791 0.999879 0.0103175 0.313001 0.0902579 -0.0113302 0.995854 47.2318 
0.995814 -0.0117321 -0.090647 -81.4161 0.0127568 0.999861 0.0107334 0.306985 0.0905085 -0.0118448 0.995825 48.1224 
0.996002 -0.0105467 -0.0887091 -81.5233 0.0112806 0.999906 0.00777564 0.282217 0.0886188 -0.0087452 0.996027 48.9943 
0.996074 -0.00732972 -0.0882235 -81.6184 0.00758075 0.999968 0.00251016 0.266537 0.0882023 -0.00316906 0.996098 49.8566 
0.996259 -0.00639813 -0.086183 -81.7204 0.00621921 0.999978 -0.00234492 0.24281 0.0861961 0.0018002 0.996277 50.6715 
0.996363 -0.00235746 -0.0851729 -81.8198 0.00175708 0.999973 -0.00712374 0.203749 0.0851874 0.00694822 0.996341 51.5055 
0.996418 -0.00312832 -0.0845077 -81.9078 0.00243758 0.999963 -0.00827618 0.185605 0.0845304 0.00804059 0.996388 52.3383 
0.996454 -0.00494971 -0.0839998 -81.9961 0.00479203 0.999986 -0.00207919 0.168647 0.0840089 0.00166933 0.996464 53.1815 
0.996402 -0.00544861 -0.0845808 -82.1001 0.00603573 0.999959 0.00668693 0.156456 0.0845409 -0.00717333 0.996394 54.0418 
0.996233 -0.00543673 -0.0865432 -82.1795 0.00661234 0.99989 0.0133028 0.160712 0.0864613 -0.0138249 0.996159 54.894 
0.996107 -0.00674319 -0.0878939 -82.2759 0.00776461 0.999906 0.0112839 0.153212 0.0878095 -0.0119224 0.996066 55.7353 
0.995837 -0.011692 -0.0904049 -82.35 0.012405 0.999896 0.00732849 0.148407 0.0903098 -0.00841941 0.995878 56.5565 
0.995628 -0.0132379 -0.0924663 -82.4509 0.0137866 0.999891 0.00529742 0.143863 0.092386 -0.00654901 0.995702 57.3984 
0.995404 -0.0119154 -0.0950184 -82.5414 0.0122785 0.999919 0.00323673 0.124956 0.0949721 -0.00438849 0.99547 58.2177 
0.995184 -0.0110636 -0.0973994 -82.6559 0.0110413 0.999939 -0.000767657 0.112327 0.0974019 -0.000311413 0.995245 59.0265 
0.994832 -0.0107402 -0.100968 -82.76 0.0103552 0.999937 -0.00433619 0.100179 0.101008 0.00326827 0.99488 59.8314 
0.994608 -0.00737004 -0.103445 -82.8698 0.0065199 0.999942 -0.00855442 0.0950336 0.103502 0.00783389 0.994598 60.6297 
0.994255 -0.00444962 -0.106947 -82.972 0.00349157 0.999952 -0.00914412 0.075479 0.106982 0.00871822 0.994223 61.4409 
0.993978 -0.000568652 -0.109578 -83.0936 -0.000272755 0.999971 -0.00766381 0.057095 0.10958 0.00764759 0.993949 62.2467 
0.993626 0.00571444 -0.112581 -83.221 -0.00610865 0.999976 -0.00315728 0.0623753 0.11256 0.00382492 0.993638 62.9921 
0.993091 0.00665873 -0.117157 -83.3276 -0.00639406 0.999976 0.00263442 0.0403996 0.117172 -0.00186706 0.99311 63.7886 
0.992552 0.00778479 -0.121571 -83.4471 -0.00713126 0.999958 0.00580958 0.032896 0.121611 -0.00489931 0.992566 64.5585 
0.991828 0.00734555 -0.127371 -83.5726 -0.00654202 0.999956 0.00672543 0.025798 0.127415 -0.00583717 0.991832 65.3468 
0.99106 0.0076156 -0.1332 -83.6955 -0.0063011 0.999927 0.0102871 0.0177323 0.133268 -0.00935578 0.991036 66.12 
0.990339 0.00867599 -0.138396 -83.8466 -0.00752461 0.999933 0.00884025 0.0317282 0.138464 -0.00771342 0.990338 66.8814 
0.98936 0.0119286 -0.144998 -83.9733 -0.0108317 0.999906 0.008352 0.0185019 0.145084 -0.00669252 0.989397 67.6641 
0.988784 0.0102896 -0.148996 -84.1508 -0.00981863 0.999944 0.00389622 0.0185189 0.149028 -0.00238954 0.98883 68.4867 
0.988089 0.0123362 -0.153389 -84.3064 -0.0122193 0.999924 0.00170434 0.00798608 0.153398 0.000190303 0.988165 69.2384 
0.987303 0.0133011 -0.158291 -84.462 -0.013465 0.999909 3.68052e-05 -0.000710993 0.158277 0.0020951 0.987393 69.9822 
0.986594 0.0130356 -0.162673 -84.6096 -0.0125176 0.999913 0.00420878 0.00607819 0.162714 -0.00211604 0.986671 70.7219 
0.985478 0.0131599 -0.169292 -84.7392 -0.0118607 0.999892 0.00868302 0.00144412 0.169387 -0.00654896 0.985528 71.4637 
0.984678 0.0144229 -0.173787 -84.8936 -0.0128372 0.999865 0.0102449 -0.00115103 0.173911 -0.00785691 0.98473 72.1798 
0.983447 0.0131821 -0.180716 -85.0757 -0.0122862 0.999906 0.00607549 -0.00193225 0.180779 -0.00375457 0.983517 73.0062 
0.982024 0.0135604 -0.188269 -85.2574 -0.013982 0.999902 -0.000911942 -0.0108066 0.188238 0.00352798 0.982117 73.751 
0.980118 0.0110512 -0.198109 -85.3981 -0.0115386 0.999933 -0.00130625 -0.0418869 0.198081 0.00356622 0.980179 74.4459 
0.977774 0.0115851 -0.209339 -85.5735 -0.0116437 0.999932 0.000952411 -0.0498738 0.209336 0.00150629 0.977843 75.1984 
0.975194 0.00977032 -0.221136 -85.7442 -0.00871501 0.999946 0.00574726 -0.0462828 0.22118 -0.00367744 0.975226 75.892 
0.973016 0.0112721 -0.230464 -85.9853 -0.00806904 0.999857 0.0148359 -0.0880004 0.230599 -0.0125759 0.972968 76.5563 
0.970333 0.0144457 -0.241341 -86.1926 -0.0105255 0.999791 0.0175246 -0.0883101 0.241544 -0.0144644 0.970282 77.2762 
0.967464 0.0152757 -0.252546 -86.4135 -0.0124665 0.999841 0.0127198 -0.104611 0.2527 -0.00915755 0.967501 78.0003 
0.964327 0.0150308 -0.264286 -86.6304 -0.0144535 0.999887 0.00412869 -0.118542 0.264318 -0.000161488 0.964436 78.6802 
0.961261 0.0144043 -0.275264 -86.8729 -0.0155125 0.999878 -0.00184928 -0.100499 0.275203 0.00604772 0.961367 79.3627 
0.957741 0.0128303 -0.287346 -87.1016 -0.012791 0.999916 0.00201403 -0.0922932 0.287348 0.00174656 0.957825 80.0439 
0.954712 0.0159596 -0.297103 -87.3677 -0.0135522 0.999857 0.010161 -0.109354 0.297223 -0.00567441 0.954791 80.7821 
0.951303 0.0149265 -0.307897 -87.6348 -0.0108486 0.999829 0.0149516 -0.119297 0.308068 -0.0108832 0.951302 81.4756 
0.947112 0.0113953 -0.320701 -87.886 -0.00741307 0.99988 0.0136353 -0.133475 0.320818 -0.0105367 0.947082 82.1544 
0.942888 0.00903995 -0.332988 -88.1397 -0.0062585 0.999936 0.00942461 -0.149955 0.333052 -0.0068023 0.942884 82.8572 
0.939534 0.00376572 -0.342436 -88.3994 -0.00312469 0.999992 0.00242351 -0.162967 0.342443 -0.00120691 0.939538 83.5288 
0.936896 0.00129016 -0.349605 -88.6756 -0.00286905 0.999988 -0.00399849 -0.152407 0.349595 0.00474925 0.936889 84.2211 
0.934433 0.00176627 -0.356134 -88.9672 -0.00440462 0.999969 -0.00659764 -0.161565 0.356111 0.00773374 0.934412 84.8981 
0.931897 0.00775202 -0.362639 -89.2872 -0.0107273 0.999923 -0.0061918 -0.184359 0.362563 0.00966032 0.931909 85.5954 
0.928888 0.0082034 -0.370269 -89.5928 -0.0101901 0.999942 -0.00340991 -0.206767 0.37022 0.00694056 0.928918 86.2918 
0.925753 0.0122641 -0.37793 -89.9108 -0.0117403 0.999924 0.00368988 -0.232013 0.377947 0.00102114 0.925827 86.9891 
0.922856 0.0138622 -0.384896 -90.2077 -0.00995605 0.999877 0.0121395 -0.232169 0.385016 -0.00737095 0.92288 87.684 
0.920945 0.0239735 -0.388955 -90.5646 -0.018461 0.999669 0.0179045 -0.232749 0.389256 -0.00930849 0.921083 88.3644 
0.918425 0.0305163 -0.394416 -90.9057 -0.0266421 0.999528 0.0152962 -0.245695 0.394696 -0.00354031 0.918805 89.0409 
0.916013 0.0265319 -0.400269 -91.2259 -0.0258027 0.999641 0.00721193 -0.238565 0.400317 0.00372187 0.916369 89.7189 
0.914593 0.0181942 -0.403966 -91.5662 -0.0198631 0.999803 5.92949e-05 -0.248745 0.403887 0.00796983 0.914774 90.4064 
0.91322 0.0182195 -0.407059 -91.9038 -0.0204841 0.999789 -0.00120589 -0.255006 0.406951 0.00943953 0.913401 91.0978 
0.910524 0.0228496 -0.412824 -92.2272 -0.0240872 0.999707 0.00220656 -0.242944 0.412753 0.00793467 0.910808 91.7897 
0.908482 0.0253519 -0.417154 -92.5789 -0.0245825 0.999672 0.00721751 -0.260249 0.4172 0.00369777 0.908807 92.4699 
0.906893 0.0215026 -0.420812 -92.9274 -0.0212841 0.99976 0.00521604 -0.276525 0.420823 0.00422629 0.907133 93.1484 
0.903714 0.0212935 -0.427608 -93.235 -0.0233479 0.999727 0.000439235 -0.304564 0.427501 0.00958687 0.903964 93.8375 
0.901577 0.0177472 -0.432254 -93.587 -0.0229606 0.999713 -0.00684466 -0.306007 0.432009 0.0160959 0.901726 94.5198 
0.898639 0.0187357 -0.438288 -93.9294 -0.0248209 0.999659 -0.00815835 -0.31407 0.437986 0.0182102 0.898797 95.2338 
0.896589 0.0229438 -0.442269 -94.2926 -0.0271343 0.999627 -0.00314992 -0.340901 0.442031 0.0148249 0.896877 95.9001 
0.895204 0.0242584 -0.444997 -94.6666 -0.0277471 0.999614 -0.00132637 -0.348851 0.444793 0.0135348 0.895531 96.5882 
0.892661 0.0258621 -0.449987 -95.0249 -0.0288335 0.999584 0.000250587 -0.379504 0.449806 0.0127511 0.893035 97.2634 
0.890497 0.0248053 -0.454313 -95.3925 -0.0282283 0.999601 -0.000752305 -0.391202 0.454113 0.0134945 0.890842 97.9531 
0.888341 0.0216282 -0.458675 -95.7585 -0.0258163 0.999663 -0.00286215 -0.392905 0.458459 0.0143839 0.888599 98.6237 
0.885863 0.0215343 -0.463447 -96.1183 -0.0251591 0.999682 -0.00164019 -0.415868 0.463264 0.0131129 0.886123 99.2917 
0.883879 0.0223139 -0.467184 -96.4931 -0.0259096 0.999664 -0.00127257 -0.425291 0.466998 0.0132294 0.884159 99.9449 
0.881521 0.0228665 -0.471592 -96.8639 -0.0260703 0.99966 -0.000260322 -0.44745 0.471425 0.0125241 0.881817 100.596 
0.879393 0.0194018 -0.475702 -97.2374 -0.0248892 0.999677 -0.00523834 -0.45822 0.475446 0.0164464 0.879591 101.243 
0.878429 0.0166251 -0.477584 -97.6423 -0.0236441 0.999683 -0.00868928 -0.479036 0.477288 0.018925 0.878543 101.86 
0.877151 0.0151904 -0.479975 -98.0239 -0.0229696 0.999683 -0.0103386 -0.506123 0.479665 0.0200934 0.877221 102.48 
0.874892 0.0184184 -0.483968 -98.3851 -0.0245298 0.999679 -0.00629886 -0.525326 0.483697 0.0173825 0.875063 103.119 
0.87285 0.0227558 -0.487458 -98.7558 -0.0240884 0.999704 0.00353574 -0.555182 0.487394 0.00865594 0.873139 103.769 
0.87071 0.0244752 -0.491188 -99.1043 -0.0216228 0.9997 0.0114837 -0.546287 0.491322 0.000621898 0.870978 104.398 
0.871302 0.025292 -0.490095 -99.5082 -0.0201712 0.999673 0.0157287 -0.540158 0.490332 -0.00381858 0.871527 104.988 
0.870731 0.0227532 -0.491233 -99.8817 -0.0180314 0.999735 0.0143447 -0.528922 0.491429 -0.00363272 0.87091 105.57 
0.870299 0.0235869 -0.491959 -100.248 -0.0201281 0.999721 0.012324 -0.548652 0.492112 -0.000823345 0.870531 106.118 
0.86686 0.0200191 -0.49815 -100.553 -0.0182258 0.999798 0.008463 -0.550146 0.498218 0.00174296 0.86705 106.738 
0.866164 0.0187597 -0.499408 -100.898 -0.0183547 0.999815 0.00572275 -0.534316 0.499423 0.00420971 0.866348 107.28 
0.864779 0.0179584 -0.501831 -101.225 -0.0180755 0.999826 0.00463089 -0.527074 0.501827 0.00506618 0.864953 107.833 
0.863078 0.0186557 -0.504726 -101.533 -0.019289 0.999806 0.00397067 -0.510385 0.504702 0.00630871 0.863271 108.353 
0.8629 0.0204146 -0.504962 -101.861 -0.0207042 0.999773 0.00503844 -0.511098 0.50495 0.00610723 0.863127 108.831 
0.861715 0.0189531 -0.507038 -102.164 -0.019915 0.999795 0.00352652 -0.494338 0.507001 0.00705888 0.861916 109.31 
0.862024 0.0130834 -0.506699 -102.482 -0.0120227 0.999913 0.00536503 -0.5432 0.506725 0.00146713 0.862107 109.689 
0.861273 0.0122226 -0.507995 -102.756 -0.0122512 0.99992 0.00328747 -0.540342 0.507995 0.00339218 0.861354 110.088 
0.859187 0.0109252 -0.511546 -103.006 -0.0123762 0.999923 0.000568645 -0.56693 0.511513 0.00584246 0.859256 110.529 
0.858078 0.00755062 -0.513465 -103.262 -0.0113608 0.999926 -0.00428145 -0.557292 0.513394 0.00950721 0.8581 110.922 
0.854658 0.002913 -0.519184 -103.481 -0.00842496 0.99993 -0.00825853 -0.537639 0.519123 0.0114324 0.854623 111.338 
0.852214 -0.00238473 -0.523187 -103.721 -0.00318231 0.999948 -0.00974153 -0.506969 0.523183 0.00996687 0.852162 111.711 
0.84911 -0.000861084 -0.528216 -103.956 -0.00437353 0.999953 -0.00866062 -0.514633 0.528198 0.00966404 0.849066 112.064 
0.845574 0.00239523 -0.533853 -104.188 -0.00765197 0.999942 -0.00763364 -0.508295 0.533803 0.0105399 0.845543 112.391 
0.842491 0.0080954 -0.538649 -104.419 -0.0118346 0.999924 -0.00348238 -0.508507 0.53858 0.00930861 0.842523 112.705 
0.838356 0.0144817 -0.544931 -104.611 -0.0143998 0.999887 0.00441866 -0.529063 0.544933 0.00414251 0.838469 112.995 
0.83381 0.0171366 -0.551786 -104.808 -0.0141856 0.999853 0.00961599 -0.554602 0.55187 -0.000190448 0.83393 113.277 
0.828207 0.0150547 -0.56022 -104.986 -0.00986371 0.999876 0.0122874 -0.573786 0.560335 -0.00465059 0.828253 113.542 
0.822417 0.0115317 -0.568768 -105.206 -0.0062503 0.999917 0.0112355 -0.548503 0.568851 -0.00568521 0.822421 113.793 
0.813898 0.0104731 -0.580913 -105.384 -0.00388736 0.999913 0.0125806 -0.557471 0.580995 -0.00798104 0.813868 114.016 
0.802945 0.0113151 -0.595946 -105.536 -0.00364076 0.999894 0.0140794 -0.561096 0.596043 -0.00913519 0.802901 114.24 
0.790424 0.0139921 -0.6124 -105.697 -0.00653804 0.999875 0.0144064 -0.573536 0.612525 -0.00738322 0.790417 114.442 
0.77644 0.0128036 -0.630061 -105.86 -0.00623086 0.999901 0.0126408 -0.587505 0.63016 -0.00588895 0.776443 114.617 
0.76093 0.0108955 -0.648742 -106.003 -0.0069839 0.999939 0.00860208 -0.59647 0.648796 -0.00201478 0.76096 114.79 
0.746635 0.00731569 -0.665194 -106.176 -0.0073944 0.999969 0.00269775 -0.593019 0.665193 0.00290453 0.746666 114.939 
0.731453 0.0082128 -0.681843 -106.352 -0.0120188 0.999927 -0.000849157 -0.595445 0.681786 0.00881609 0.731498 115.073 
0.716373 0.0117537 -0.697619 -106.525 -0.0193646 0.999808 -0.00304011 -0.581564 0.697449 0.015687 0.716463 115.202 
0.699341 0.0118442 -0.714691 -106.707 -0.0213043 0.999764 -0.00427823 -0.559603 0.714471 0.018218 0.699428 115.334 
0.679479 0.012066 -0.733596 -106.854 -0.0192943 0.999813 -0.00142636 -0.577895 0.733441 0.0151235 0.679585 115.485 
0.660582 0.00943582 -0.750695 -107.05 -0.0162692 0.999866 -0.00174849 -0.550715 0.750578 0.0133683 0.660647 115.61 
0.640209 0.00776359 -0.768162 -107.247 -0.0143366 0.999896 -0.00184295 -0.521569 0.768067 0.0121928 0.640253 115.701 
0.617122 0.0117935 -0.786779 -107.46 -0.0178617 0.99984 0.000977134 -0.512443 0.786665 0.0134502 0.617234 115.815 
0.591135 0.0148642 -0.806436 -107.629 -0.0203818 0.999786 0.00348776 -0.498771 0.806315 0.0143749 0.591311 115.948 
0.568187 0.017345 -0.822717 -107.841 -0.0225284 0.999731 0.0055183 -0.492002 0.822591 0.0153991 0.568425 116.02 
0.542773 0.0201219 -0.839638 -108.05 -0.0251062 0.999655 0.00772709 -0.487696 0.839504 0.0168861 0.543091 116.109 
0.517689 0.0238446 -0.855236 -108.278 -0.0298678 0.999506 0.00978737 -0.479733 0.855047 0.0204773 0.518146 116.174 
0.490123 0.0257732 -0.871272 -108.477 -0.0348151 0.999344 0.00997686 -0.457114 0.870958 0.0254436 0.490699 116.247 
0.46028 0.0223648 -0.887492 -108.693 -0.0342953 0.999384 0.00739785 -0.427646 0.887111 0.0270318 0.460764 116.339 
0.42883 0.0203822 -0.903155 -108.924 -0.0356373 0.999349 0.00563195 -0.437264 0.902682 0.0297709 0.429278 116.408 
0.393857 0.0131722 -0.919077 -109.176 -0.0347617 0.999396 -0.000573247 -0.401439 0.918514 0.0321745 0.394077 116.489 
0.358152 0.0126752 -0.933577 -109.379 -0.0363824 0.999338 -0.000389531 -0.413791 0.932954 0.0341053 0.358376 116.508 
0.315767 0.0111264 -0.948772 -109.673 -0.0368731 0.99932 -0.000552762 -0.405353 0.94812 0.0351587 0.315962 116.577 
0.272024 0.00836267 -0.962254 -109.939 -0.0358878 0.999355 -0.00146018 -0.393585 0.961621 0.0349304 0.272148 116.629 
0.225522 0.00550965 -0.974223 -110.242 -0.0340747 0.999417 -0.00223581 -0.386468 0.973642 0.0337006 0.225578 116.653 
0.174454 0.00251099 -0.984662 -110.583 -0.0355155 0.999362 -0.00374387 -0.361895 0.984025 0.0356239 0.174432 116.702 
0.125827 0.00223941 -0.99205 -110.925 -0.0347712 0.999393 -0.00215425 -0.363846 0.991443 0.0347659 0.125829 116.677 
0.0737722 0.00323614 -0.99727 -111.28 -0.0343501 0.99941 0.000702061 -0.358259 0.996683 0.0342046 0.0738398 116.662 
0.0201391 0.00462416 -0.999787 -111.678 -0.0313155 0.999502 0.00399205 -0.339908 0.999307 0.0312285 0.0202738 116.64 
-0.0332297 -0.00015109 -0.999448 -112.079 -0.0314471 0.999505 0.000894457 -0.261109 0.998953 0.0314595 -0.033218 116.592 
-0.0866027 0.00593922 -0.996225 -112.414 -0.0255998 0.999639 0.00818499 -0.312218 0.995914 0.026212 -0.0864194 116.511 
-0.140602 0.0077238 -0.990036 -112.823 -0.0238648 0.999653 0.011188 -0.312075 0.989779 0.0252001 -0.140368 116.425 
-0.191826 0.00761783 -0.981399 -113.237 -0.024519 0.999621 0.0125518 -0.288038 0.981123 0.0264707 -0.191567 116.294 
-0.241976 0.00859384 -0.970244 -113.65 -0.0222695 0.999648 0.0144082 -0.289487 0.970027 0.0250933 -0.241699 116.158 
-0.290177 0.0104749 -0.956916 -114.069 -0.0182085 0.999699 0.0164648 -0.27679 0.9568 0.0222017 -0.289899 115.983 
-0.337256 0.0130978 -0.941322 -114.522 -0.0125894 0.999751 0.0184213 -0.276368 0.941329 0.0180634 -0.337007 115.776 
