1 2.12261e-08 -2.11895e-08 -6.35689e-15 2.12261e-08 1 2.10703e-08 -2.66454e-15 -2.11895e-08 2.10703e-08 1 2.27596e-15 
0.999997 0.00240851 0.00023365 -0.034797 -0.00240887 0.999996 0.00175097 -0.0331164 -0.000229475 -0.00175148 0.999998 0.768732 
0.999993 0.00362088 0.000951103 -0.0598171 -0.00362349 0.99999 0.00280186 -0.0482699 -0.000940991 -0.00280525 0.999996 1.4157 
0.999984 0.00496954 0.00286454 -0.10903 -0.00497675 0.999984 0.00253268 -0.0685116 -0.00285195 -0.00254685 0.999993 2.1203 
0.999968 0.00671661 0.00435193 -0.16154 -0.00672181 0.999977 0.00119216 -0.0485069 -0.00434387 -0.00122133 0.99999 2.80361 
0.999962 0.00692432 0.00527293 -0.180212 -0.00692928 0.999976 0.0009304 -0.0622092 -0.0052664 -0.00096686 0.999986 3.4794 
0.999961 0.00677283 0.00558966 -0.20125 -0.00678663 0.999974 0.00246153 -0.101888 -0.00557289 -0.00249933 0.999981 4.17639 
0.999954 0.00769778 0.00576308 -0.196556 -0.00771971 0.999963 0.00379971 -0.0917841 -0.00573366 -0.00384398 0.999976 4.85967 
0.999939 0.00740094 0.00814325 -0.221171 -0.0074636 0.999943 0.00769708 -0.0961172 -0.00808586 -0.00775735 0.999937 5.5484 
0.999947 0.00580418 0.00855394 -0.202404 -0.00590082 0.999919 0.01132 -0.109333 -0.00848759 -0.0113698 0.999899 6.14924 
0.999937 0.0049647 0.0101154 -0.225766 -0.00510511 0.99989 0.0139072 -0.119581 -0.0100453 -0.0139579 0.999852 6.75567 
0.999936 0.00376328 0.0106558 -0.200437 -0.00390475 0.999904 0.0132911 -0.12217 -0.0106048 -0.0133318 0.999855 7.36002 
0.999905 0.00693244 0.0119037 -0.223831 -0.00706621 0.999912 0.0112366 -0.137516 -0.0118248 -0.0113197 0.999866 7.9107 
0.999892 0.00786119 0.0124087 -0.226985 -0.00796466 0.999934 0.00831508 -0.126706 -0.0123426 -0.00841298 0.999888 8.45088 
0.999879 0.0059135 0.0144249 -0.243969 -0.00599293 0.999967 0.00547309 -0.106882 -0.0143921 -0.00555883 0.999881 8.97978 
0.999836 0.00266593 0.0179037 -0.278007 -0.00272143 0.999992 0.00307911 -0.112447 -0.0178954 -0.00312729 0.999835 9.44053 
0.999781 0.00124149 0.0208912 -0.291242 -0.00126747 0.999998 0.00123265 -0.113572 -0.0208897 -0.00125882 0.999781 9.87703 
0.99973 0.00555419 0.0225708 -0.269031 -0.00554596 0.999985 -0.000425525 -0.130349 -0.0225729 0.000300275 0.999745 10.3074 
0.999602 0.0112225 0.0258718 -0.286586 -0.0111726 0.999935 -0.00207208 -0.132077 -0.0258934 0.00178224 0.999663 10.6582 
0.999536 0.0103735 0.0286325 -0.268275 -0.0103353 0.999946 -0.00148071 -0.130955 -0.0286463 0.00118414 0.999589 11.0284 
0.999443 0.00612564 0.0328092 -0.272312 -0.00607858 0.99998 -0.0015326 -0.125656 -0.032818 0.00133235 0.999461 11.3699 
0.999381 0.00140487 0.0351494 -0.255555 -0.0013361 0.999997 -0.00197844 -0.129239 -0.0351521 0.0019303 0.99938 11.6467 
0.99927 -0.00135728 0.0381853 -0.252248 0.00143673 0.999997 -0.00205231 -0.113413 -0.0381824 0.00210571 0.999269 11.9115 
0.999185 -0.00246321 0.0402859 -0.225315 0.00250833 0.999996 -0.00106823 -0.122291 -0.0402832 0.00116845 0.999188 12.1721 
0.99909 -0.00116723 0.0426453 -0.218985 0.0012572 0.999997 -0.00208208 -0.125495 -0.0426428 0.00213384 0.999088 12.3596 
0.998991 -0.000810345 0.044912 -0.217213 0.000942016 0.999995 -0.00290971 -0.145448 -0.0449094 0.00294912 0.998987 12.5455 
0.998882 0.000938354 0.047267 -0.216179 -0.000770614 0.999993 -0.00356595 -0.155282 -0.0472701 0.00352558 0.998876 12.7132 
0.998785 0.00391024 0.0491292 -0.220512 -0.00373186 0.999986 -0.00372128 -0.16701 -0.0491431 0.00353345 0.998786 12.8698 
0.99871 0.00537269 0.0504849 -0.228937 -0.00509882 0.999972 -0.00555111 -0.165675 -0.0505133 0.00528657 0.998709 13.0083 
0.998663 0.00374607 0.0515551 -0.198385 -0.00337607 0.999968 -0.00726112 -0.171276 -0.0515807 0.0070774 0.998644 13.174 
0.998592 0.00302339 0.052961 -0.184309 -0.00256058 0.999958 -0.00880344 -0.170093 -0.0529854 0.00865547 0.998558 13.3297 
0.998525 0.00151486 0.0542724 -0.182374 -0.000985162 0.999952 -0.00978465 -0.178991 -0.0542846 0.00971679 0.998478 13.4587 
0.998418 0.00311671 0.0561452 -0.174485 -0.00248572 0.999933 -0.0113041 -0.180957 -0.0561767 0.0111467 0.998359 13.6005 
0.998306 0.00340057 0.0580857 -0.192759 -0.0026524 0.999913 -0.012952 -0.191954 -0.0581247 0.012776 0.998228 13.7012 
0.998237 0.00379298 0.0592272 -0.200686 -0.00290724 0.999883 -0.0150334 -0.195875 -0.0592773 0.0148347 0.998131 13.81 
0.99825 0.00410535 0.058986 -0.165356 -0.00305929 0.999837 -0.0178128 -0.197353 -0.0590495 0.0176012 0.9981 13.9443 
0.998323 0.00191786 0.0578566 -0.136328 -0.000805601 0.999815 -0.0192409 -0.200269 -0.0578828 0.0191621 0.99814 14.1129 
0.998407 0.00176009 0.0564042 -0.159222 -0.000653336 0.999807 -0.0196335 -0.217385 -0.056428 0.0195654 0.998215 14.1894 
0.99859 0.00231367 0.0530399 -0.153793 -0.00121909 0.999786 -0.0206591 -0.20881 -0.0530764 0.0205653 0.998379 14.3274 
0.998776 0.00369918 0.0493215 -0.16241 -0.0026358 0.999763 -0.0216069 -0.209781 -0.0493897 0.0214505 0.998549 14.4408 
0.998992 0.00516436 0.0445981 -0.188969 -0.0041583 0.999736 -0.0226207 -0.225047 -0.0447032 0.0224125 0.998749 14.5433 
0.999254 0.00496554 0.03831 -0.198876 -0.00407384 0.99972 -0.023318 -0.23096 -0.0384151 0.0231445 0.998994 14.6612 
0.999508 0.00560064 0.030874 -0.203138 -0.00486747 0.999706 -0.0237702 -0.237338 -0.0309981 0.0236083 0.999241 14.7833 
0.999707 0.00555979 0.0235445 -0.228622 -0.00498188 0.999687 -0.0245318 -0.235213 -0.0236736 0.0244074 0.999422 14.9016 
0.999904 0.00397486 0.0132855 -0.23861 -0.00362678 0.999652 -0.0261191 -0.23493 -0.0133848 0.0260685 0.999571 15.0383 
0.999997 0.00258899 -0.000103855 -0.240361 -0.00259083 0.999615 -0.0276403 -0.240647 3.22129e-05 0.0276405 0.999618 15.2034 
0.999869 0.00173852 -0.016123 -0.25993 -0.00222579 0.99954 -0.0302561 -0.23527 0.016063 0.0302881 0.999412 15.3613 
0.999402 0.00200748 -0.0345275 -0.300117 -0.00307033 0.999522 -0.0307586 -0.239084 0.0344492 0.0308462 0.99893 15.5301 
0.998388 0.00274182 -0.0566949 -0.327698 -0.00446399 0.999532 -0.0302727 -0.246578 0.0565853 0.030477 0.997933 15.712 
0.996712 0.00426098 -0.0809121 -0.367472 -0.00666673 0.999543 -0.0294866 -0.232227 0.0807495 0.0299291 0.996285 15.9283 
0.994192 0.0043829 -0.107531 -0.426648 -0.0074907 0.999565 -0.0285148 -0.237072 0.10736 0.0291547 0.993793 16.1509 
0.990494 0.00600096 -0.137425 -0.508667 -0.00968567 0.999611 -0.0261598 -0.244193 0.137214 0.0272422 0.990167 16.3793 
0.985271 0.0063444 -0.170884 -0.575048 -0.0102641 0.999704 -0.0220645 -0.251565 0.170693 0.0234935 0.985044 16.6197 
0.978085 0.00582317 -0.208123 -0.658472 -0.00984209 0.999785 -0.0182801 -0.247711 0.207972 0.019928 0.977932 16.905 
0.968566 0.00799419 -0.248629 -0.77312 -0.0114146 0.999859 -0.0123188 -0.257946 0.248495 0.0147696 0.96852 17.1924 
0.956845 0.012687 -0.29032 -0.901237 -0.0156164 0.999848 -0.0077757 -0.261199 0.290178 0.0119739 0.956898 17.466 
0.942706 0.0158449 -0.333249 -1.02685 -0.0178903 0.999835 -0.00306996 -0.27017 0.333145 0.00885603 0.942834 17.7557 
0.925858 0.0181397 -0.377435 -1.19236 -0.0183281 0.999827 0.00309279 -0.277812 0.377426 0.00405422 0.926031 18.069 
0.9063 0.0207713 -0.422125 -1.37794 -0.0179679 0.999782 0.0106187 -0.270705 0.422254 -0.00203899 0.906475 18.3965 
0.88402 0.0241746 -0.466824 -1.5783 -0.018318 0.999686 0.0170803 -0.264964 0.467091 -0.00654794 0.884185 18.7381 
0.858413 0.0291938 -0.512128 -1.7918 -0.020714 0.999538 0.0222584 -0.268367 0.512541 -0.0084986 0.858621 19.0423 
0.82973 0.0320582 -0.557244 -2.00219 -0.0216165 0.999446 0.0253113 -0.267887 0.557747 -0.00895578 0.829963 19.3268 
0.798599 0.0352604 -0.60083 -2.24291 -0.0231842 0.999344 0.027832 -0.277985 0.601417 -0.00829678 0.798892 19.5815 
0.763482 0.0372687 -0.644753 -2.51325 -0.0234247 0.999275 0.0300228 -0.257354 0.645404 -0.00781866 0.763801 19.8697 
0.726687 0.0412435 -0.68573 -2.82827 -0.0256984 0.99913 0.0328598 -0.229016 0.686488 -0.00625658 0.727114 20.1292 
0.686942 0.042097 -0.725492 -3.17661 -0.0224966 0.999074 0.0366706 -0.232577 0.726364 -0.00886944 0.687253 20.4166 
0.646015 0.0415508 -0.762193 -3.55988 -0.0211408 0.999108 0.0365478 -0.196109 0.763032 -0.00749698 0.646317 20.6866 
0.60268 0.0406765 -0.796946 -3.95199 -0.0148198 0.999098 0.0397871 -0.195556 0.797846 -0.0121682 0.602739 20.9418 
0.558434 0.0400489 -0.828582 -4.37886 -0.0100866 0.999088 0.0414921 -0.161306 0.829488 -0.014813 0.558328 21.1713 
0.511642 0.0406471 -0.858237 -4.83609 -0.00684103 0.999041 0.0432374 -0.134985 0.859171 -0.0162508 0.51143 21.4016 
0.462169 0.0399804 -0.88589 -5.3052 -0.00516493 0.999088 0.0423944 -0.114084 0.886777 -0.0150178 0.461954 21.5934 
0.410315 0.0390399 -0.911108 -5.77081 0.000232359 0.999079 0.0429139 -0.103343 0.911944 -0.0178199 0.409928 21.7556 
0.357062 0.0380838 -0.933304 -6.28696 0.00495794 0.999077 0.0426645 -0.0820828 0.934067 -0.0198611 0.356544 21.9091 
0.302264 0.0376477 -0.95248 -6.81489 0.00713423 0.999102 0.0417545 -0.0634725 0.953197 -0.0194161 0.301725 22.0327 
0.248623 0.043263 -0.967634 -7.39282 0.00839375 0.998868 0.0468161 -0.0407173 0.968564 -0.0197616 0.247978 22.1482 
0.196431 0.0484402 -0.97932 -7.98506 0.0127437 0.998569 0.0519484 -0.0187067 0.980435 -0.0226844 0.195532 22.2347 
0.147828 0.0488778 -0.987805 -8.61588 0.0195043 0.99844 0.0523229 0.0114473 0.988821 -0.0270012 0.146644 22.3006 
0.103562 0.050382 -0.993346 -9.21021 0.0232966 0.998319 0.0530631 0.0352674 0.99435 -0.0286368 0.102214 22.3248 
0.0634179 0.0486533 -0.9968 -9.86218 0.0235988 0.998459 0.0502356 0.0666151 0.997708 -0.0267091 0.062172 22.3326 
0.028746 0.0443035 -0.998605 -10.5676 0.0189531 0.998814 0.0448583 0.108499 0.999407 -0.0202161 0.0278722 22.305 
-0.0018259 0.0434766 -0.999053 -11.2579 0.0179061 0.998896 0.0434371 0.138988 0.999838 -0.0178098 -0.00260238 22.2855 
-0.022476 0.0476313 -0.998612 -11.9494 0.016337 0.998749 0.0472701 0.173304 0.999614 -0.0152518 -0.0232261 22.2456 
-0.0344789 0.0540902 -0.997941 -12.6017 0.0185506 0.998397 0.053474 0.183282 0.999233 -0.0166686 -0.035427 22.1512 
-0.0421771 0.0567645 -0.997496 -13.3203 0.0181421 0.998264 0.0560411 0.201629 0.998945 -0.015733 -0.0431337 22.0838 
-0.0461958 0.0542719 -0.997457 -14.1554 0.0198443 0.998376 0.0534029 0.228156 0.998735 -0.0173268 -0.0471977 22.0539 
-0.0457458 0.0502669 -0.997688 -14.9469 0.0273663 0.998421 0.049049 0.2715 0.998578 -0.0250592 -0.0470492 22.0166 
-0.0425452 0.0473099 -0.997974 -15.761 0.0407926 0.998128 0.0455781 0.320638 0.998261 -0.0387707 -0.0443954 22.0152 
-0.0380108 0.0472856 -0.998158 -16.6596 0.0417401 0.998083 0.0456925 0.367412 0.998405 -0.0399264 -0.0399116 22.0304 
-0.0347558 0.0454217 -0.998363 -17.691 0.0372535 0.998331 0.0441234 0.427178 0.998701 -0.035659 -0.0363899 22.1029 
-0.0321038 0.0381786 -0.998755 -18.5332 0.0460556 0.998265 0.0366794 0.444661 0.998423 -0.0448207 -0.0338064 22.0782 
-0.0311129 0.0274939 -0.999138 -19.439 0.0439293 0.998693 0.0261137 0.464163 0.99855 -0.0430789 -0.03228 22.078 
-0.0317755 0.0196465 -0.999302 -20.3291 0.0363921 0.999167 0.0184866 0.477606 0.998832 -0.0357792 -0.032464 22.0545 
-0.0336215 0.0163627 -0.999301 -21.2332 0.031324 0.999392 0.0153102 0.499793 0.998944 -0.0307873 -0.0341136 21.9947 
-0.0393114 0.0224868 -0.998974 -22.1657 0.0220097 0.999524 0.021633 0.502435 0.998985 -0.0211367 -0.0397876 21.9858 
-0.0450114 0.0306242 -0.998517 -23.1605 0.0187147 0.999381 0.029807 0.509649 0.998811 -0.0173452 -0.0455566 21.9256 
-0.0496212 0.0398681 -0.997972 -24.1712 0.0168335 0.999094 0.0390759 0.53983 0.998626 -0.0148604 -0.0502474 21.8484 
-0.0517314 0.049828 -0.997417 -25.1785 0.015836 0.99867 0.0490693 0.57509 0.998536 -0.0132567 -0.0524516 21.7803 
-0.0533082 0.057677 -0.996911 -26.2075 0.0177399 0.998228 0.0568045 0.603008 0.998421 -0.014657 -0.0542369 21.7206 
-0.056495 0.0582629 -0.996701 -27.2662 0.0181806 0.99819 0.0573194 0.654166 0.998237 -0.0148823 -0.057452 21.6712 
-0.0585059 0.0564098 -0.996692 -28.2691 0.0175592 0.998306 0.0554704 0.672946 0.998133 -0.0142558 -0.0593973 21.6024 
-0.0607107 0.0514828 -0.996827 -29.3087 0.0174637 0.998571 0.0505093 0.711209 0.998003 -0.0143418 -0.061523 21.5055 
-0.0655448 0.0457977 -0.996798 -30.3556 0.0179116 0.998839 0.0447137 0.748769 0.997689 -0.0149234 -0.066289 21.4148 
-0.0717472 0.0414247 -0.996562 -31.3961 0.0186366 0.999018 0.0401851 0.776377 0.997249 -0.0156893 -0.0724488 21.3253 
-0.0796823 0.0416074 -0.995952 -32.4432 0.0172878 0.999036 0.0403532 0.782456 0.99667 -0.0140024 -0.0803248 21.2394 
-0.0844051 0.0422672 -0.995535 -33.4853 0.0174091 0.99901 0.0409388 0.846741 0.996279 -0.0138759 -0.0850573 21.0686 
-0.0905563 0.0461053 -0.994824 -34.5584 0.017319 0.99885 0.0447154 0.901231 0.995741 -0.0131801 -0.0912506 20.9503 
-0.0955042 0.0490438 -0.99422 -35.608 0.0134182 0.998758 0.0479787 0.933476 0.995339 -0.00875839 -0.0960436 20.7872 
-0.102295 0.0515881 -0.993416 -36.6827 0.0109572 0.998652 0.0507317 0.971278 0.994694 -0.00569541 -0.102722 20.6842 
-0.103565 0.0512837 -0.9933 -37.7881 0.00689095 0.998683 0.0508432 1.02852 0.994599 -0.00157919 -0.103782 20.515 
-0.105611 0.051972 -0.993048 -38.8773 0.00274343 0.998645 0.0519731 1.06973 0.994404 0.00276462 -0.105611 20.3637 
-0.106924 0.0517952 -0.992917 -40.0088 0.000572744 0.998645 0.0520323 1.11488 0.994267 0.00499488 -0.106809 20.2107 
-0.10759 0.0505635 -0.992909 -41.1246 0.000269185 0.998707 0.0508296 1.17016 0.994195 0.0052015 -0.107464 20.0573 
-0.108759 0.049289 -0.992845 -42.2074 -0.00215234 0.998756 0.0498182 1.21788 0.994066 0.00755516 -0.108518 19.9234 
-0.107881 0.0469272 -0.993056 -43.4291 -0.00459437 0.998851 0.0477002 1.30593 0.994153 0.00970845 -0.107542 19.7492 
-0.110407 0.0456856 -0.992836 -44.4437 -0.0109774 0.998826 0.0471819 1.31468 0.993826 0.016108 -0.109776 19.6248 
-0.1117 0.0402301 -0.992927 -45.5226 -0.0157241 0.998984 0.0422444 1.34723 0.993618 0.0203317 -0.110954 19.4922 
-0.109442 0.039599 -0.993204 -46.6512 -0.0168397 0.998989 0.0416853 1.38183 0.993851 0.0212875 -0.108665 19.2984 
-0.10859 0.0439775 -0.993113 -47.7658 -0.0177707 0.998776 0.0461713 1.40474 0.993928 0.0226621 -0.107676 19.1656 
-0.106656 0.0473252 -0.993169 -48.9215 -0.0181487 0.998608 0.0495333 1.45749 0.99413 0.0233078 -0.105648 19.034 
-0.105685 0.0460561 -0.993333 -49.9893 -0.0164146 0.99871 0.0480519 1.50079 0.994264 0.0213836 -0.104793 18.909 
-0.103174 0.0449496 -0.993647 -51.0881 -0.0152947 0.998789 0.0467702 1.54935 0.994546 0.020023 -0.102361 18.776 
-0.099643 0.0456283 -0.993977 -52.1648 -0.0192709 0.998672 0.0477757 1.57196 0.994837 0.0239154 -0.0986314 18.6576 
-0.0942901 0.0466306 -0.994452 -53.3036 -0.0237585 0.998513 0.0490737 1.59804 0.995261 0.0282539 -0.0930419 18.5351 
-0.0882176 0.0461422 -0.995032 -54.4341 -0.0273307 0.998438 0.0487232 1.64777 0.995726 0.0314932 -0.0868187 18.4064 
-0.0818812 0.0446937 -0.99564 -55.5517 -0.0299732 0.998432 0.047284 1.6953 0.996191 0.0337142 -0.0804132 18.282 
-0.0775354 0.0443319 -0.996004 -56.6789 -0.0296549 0.998466 0.04675 1.72691 0.996549 0.0331612 -0.0761018 18.181 
-0.0727537 0.0431813 -0.996415 -57.7784 -0.0308172 0.998488 0.0455212 1.78576 0.996874 0.0340186 -0.071313 18.0927 
-0.0695554 0.0441414 -0.996601 -58.9502 -0.030239 0.998468 0.0463346 1.82841 0.99712 0.0333591 -0.0681141 18.0217 
-0.0649041 0.0450265 -0.996875 -60.0296 -0.0279952 0.998506 0.0469229 1.87294 0.997499 0.0309532 -0.0635466 17.9489 
-0.0587873 0.0456696 -0.997225 -61.1466 -0.0296427 0.998433 0.0474724 1.92477 0.99783 0.0323513 -0.0573414 17.8467 
-0.0538985 0.0435107 -0.997598 -62.2976 -0.0250847 0.998676 0.044913 1.98891 0.998231 0.0274453 -0.0527357 17.7815 
-0.0470403 0.0385323 -0.99815 -63.4584 -0.0281682 0.998807 0.0398852 2.02338 0.998496 0.0299923 -0.0458988 17.6682 
-0.043704 0.0338879 -0.99847 -64.5943 -0.0256267 0.999058 0.0350296 2.03715 0.998716 0.0271184 -0.0427944 17.6186 
-0.0406452 0.031547 -0.998676 -65.7699 -0.0232632 0.999201 0.0325103 2.09679 0.998903 0.0245538 -0.0398788 17.5292 
-0.0383463 0.0324245 -0.998738 -66.9822 -0.024323 0.999147 0.0333716 2.15127 0.998968 0.0255721 -0.0375249 17.4812 
-0.0354169 0.0326623 -0.998839 -68.1219 -0.0217934 0.999203 0.0334469 2.1456 0.999135 0.0229527 -0.0346768 17.413 
-0.032638 0.0325704 -0.998936 -69.3074 -0.0261228 0.9991 0.0334293 2.1715 0.999126 0.0271861 -0.0317578 17.3064 
-0.0356392 0.0339952 -0.998786 -70.4217 -0.0269867 0.999024 0.0349663 2.19215 0.999 0.0282001 -0.034687 17.2965 
-0.035395 0.0324396 -0.998847 -71.6016 -0.024641 0.999141 0.0333224 2.22607 0.99907 0.0257921 -0.0345652 17.2469 
-0.0318689 0.0294908 -0.999057 -72.7743 -0.026119 0.999199 0.0303281 2.25509 0.999151 0.0270609 -0.0310731 17.1555 
-0.0337898 0.0291004 -0.999005 -73.9367 -0.0234205 0.999279 0.0299005 2.2636 0.999155 0.0244075 -0.0330838 17.1229 
-0.0327128 0.0278416 -0.999077 -75.1721 -0.0227036 0.999333 0.0285921 2.29198 0.999207 0.023618 -0.0320589 17.0335 
-0.0332172 0.0290699 -0.999025 -76.3833 -0.0198404 0.999361 0.0297394 2.30734 0.999251 0.020809 -0.0326193 16.9984 
-0.031706 0.0315999 -0.998998 -77.5759 -0.0174464 0.99933 0.0321641 2.32676 0.999345 0.0184488 -0.0311335 16.9312 
-0.0300848 0.0343618 -0.998957 -78.7357 -0.024698 0.999078 0.0351098 2.33873 0.999242 0.0257285 -0.0292084 16.8415 
-0.0286417 0.0335015 -0.999028 -79.9045 -0.0256876 0.999084 0.0342398 2.36144 0.99926 0.0266433 -0.0277548 16.7728 
-0.0294788 0.0308485 -0.999089 -81.02 -0.0275389 0.999119 0.031662 2.36526 0.999186 0.0284472 -0.0286033 16.7243 
-0.0283298 0.0285014 -0.999192 -82.1879 -0.027503 0.999193 0.0292812 2.39949 0.99922 0.0283104 -0.027523 16.6532 
-0.028924 0.0287462 -0.999168 -83.3829 -0.0298852 0.999115 0.0296098 2.37494 0.999135 0.0307168 -0.0280393 16.5842 
-0.0274447 0.0292616 -0.999195 -84.497 -0.0300417 0.999096 0.0300838 2.41488 0.999172 0.0308432 -0.0265408 16.5243 
-0.0279263 0.0321415 -0.999093 -85.6972 -0.0256869 0.99913 0.0328606 2.43148 0.99928 0.0265813 -0.0270764 16.4826 
-0.0282254 0.0347789 -0.998996 -86.8609 -0.0279748 0.998976 0.0355686 2.43275 0.99921 0.0289507 -0.0272236 16.4305 
-0.0272722 0.0350161 -0.999015 -88.0353 -0.0281203 0.998964 0.035782 2.44553 0.999232 0.0290685 -0.0262593 16.3613 
-0.0260893 0.0322436 -0.99914 -89.2362 -0.0290082 0.999034 0.0329977 2.47378 0.999239 0.0298442 -0.0251288 16.3024 
-0.0234603 0.032098 -0.999209 -90.3274 -0.0263418 0.999118 0.0327136 2.46934 0.999378 0.0270885 -0.0225941 16.2205 
-0.0252181 0.0348473 -0.999074 -91.4052 -0.0238825 0.999086 0.0354505 2.44257 0.999397 0.0247544 -0.0243628 16.1787 
-0.027164 0.0377268 -0.998919 -92.5039 -0.0182671 0.999102 0.0382305 2.46161 0.999464 0.0192859 -0.0264504 16.1773 
-0.0268273 0.0414548 -0.99878 -93.6506 -0.0193054 0.998932 0.0419797 2.47139 0.999454 0.0204081 -0.0259984 16.1123 
-0.0271614 0.0451871 -0.998609 -94.8331 -0.0210671 0.99873 0.0457656 2.46917 0.999409 0.0222809 -0.026175 16.0995 
-0.0270625 0.0472869 -0.998515 -96.0091 -0.02279 0.998592 0.0479083 2.50082 0.999374 0.0240527 -0.0259467 16.0504 
-0.0285771 0.0455126 -0.998555 -97.1273 -0.0218861 0.998695 0.0461453 2.52769 0.999352 0.0231732 -0.0275437 16.0147 
-0.0279822 0.0409494 -0.998769 -98.2656 -0.0245271 0.998832 0.0416391 2.56664 0.999308 0.0256621 -0.0269452 15.9434 
-0.0292872 0.0391872 -0.998803 -99.4115 -0.0260817 0.998861 0.0399542 2.60041 0.999231 0.0272206 -0.0282318 15.9076 
-0.029645 0.0372511 -0.998866 -100.535 -0.025683 0.998947 0.0380164 2.62351 0.999231 0.0267809 -0.0286571 15.8517 
-0.0313691 0.037906 -0.998789 -101.7 -0.0251824 0.998933 0.0387024 2.64965 0.999191 0.026366 -0.0303811 15.8315 
-0.0322954 0.0397597 -0.998687 -102.906 -0.0243694 0.99888 0.0405554 2.67494 0.999181 0.0256472 -0.0312903 15.8004 
-0.0315496 0.0424843 -0.998599 -104.057 -0.0237418 0.998783 0.0432423 2.69518 0.99922 0.0250729 -0.0305025 15.7243 
-0.0319219 0.0403419 -0.998676 -105.253 -0.0261475 0.998809 0.0411831 2.75232 0.999148 0.0274276 -0.0308291 15.6554 
-0.034612 0.0416306 -0.998533 -106.387 -0.0283856 0.998688 0.042621 2.77848 0.998998 0.0298192 -0.0333849 15.6211 
-0.0335968 0.0409448 -0.998596 -107.586 -0.0325232 0.998587 0.0420386 2.81566 0.998906 0.03389 -0.0322177 15.5326 
-0.0330282 0.0367378 -0.998779 -108.778 -0.0341764 0.998698 0.037865 2.84874 0.99887 0.0353853 -0.0317297 15.4577 
-0.0316494 0.0336138 -0.998934 -109.991 -0.0355978 0.998762 0.0347359 2.87307 0.998865 0.0366592 -0.0304136 15.3552 
-0.033674 0.0337931 -0.998861 -111.172 -0.0323887 0.998866 0.0348851 2.88702 0.998908 0.0335266 -0.0325413 15.325 
-0.0354221 0.0330243 -0.998827 -112.327 -0.0279232 0.999031 0.0340213 2.91605 0.998982 0.0290956 -0.0344656 15.2881 
-0.0350153 0.0364995 -0.99872 -113.494 -0.0293451 0.998864 0.0375337 2.92546 0.998956 0.0306218 -0.0339044 15.2188 
-0.0373701 0.0393563 -0.998526 -114.715 -0.028325 0.998781 0.0404264 2.96692 0.9989 0.029794 -0.0362098 15.1806 
-0.0363185 0.0381653 -0.998611 -115.989 -0.0274272 0.998856 0.0391721 3.02401 0.998964 0.0288119 -0.0352302 15.0886 
-0.0372332 0.0340514 -0.998726 -117.192 -0.0271397 0.999016 0.0350731 3.0512 0.998938 0.0284111 -0.0362724 15.026 
-0.0388056 0.0301757 -0.998791 -118.392 -0.0272446 0.99914 0.0312448 3.08469 0.998875 0.0284242 -0.0379501 14.9575 
-0.0417516 0.0292176 -0.998701 -119.614 -0.0259042 0.999205 0.0303153 3.09097 0.998792 0.0271363 -0.0409615 14.9049 
-0.0427584 0.0285123 -0.998679 -120.862 -0.026471 0.999209 0.0296608 3.15006 0.998735 0.0277043 -0.0419698 14.8457 
-0.0450496 0.0339949 -0.998406 -122.071 -0.0301661 0.998919 0.0353735 3.14847 0.998529 0.0317116 -0.0439754 14.7753 
-0.046941 0.0376996 -0.998186 -123.271 -0.0347625 0.998621 0.0393508 3.15356 0.998293 0.0365467 -0.0455657 14.7086 
-0.0481805 0.0379312 -0.998118 -124.53 -0.0420433 0.998316 0.0399682 3.18075 0.997953 0.0438899 -0.0465046 14.6283 
-0.0490253 0.0366481 -0.998125 -125.779 -0.0460376 0.998182 0.0389115 3.19797 0.997736 0.0478589 -0.047249 14.5525 
-0.0496111 0.035397 -0.998141 -127.07 -0.0468939 0.998187 0.0377294 3.21934 0.997667 0.0486786 -0.0478613 14.4573 
-0.0528773 0.0358403 -0.997958 -128.316 -0.0476668 0.998126 0.038372 3.23047 0.997463 0.0495985 -0.0510698 14.4135 
-0.053683 0.0346686 -0.997956 -129.582 -0.0430305 0.998388 0.0369984 3.26197 0.99763 0.0449288 -0.0521047 14.3413 
-0.0516244 0.0345446 -0.998069 -130.886 -0.0439992 0.998352 0.0368303 3.30944 0.997697 0.0458156 -0.0500194 14.2206 
-0.0521038 0.0404165 -0.997824 -132.164 -0.044411 0.998098 0.0427467 3.32149 0.997654 0.0465416 -0.0502098 14.1187 
-0.0565704 0.0440884 -0.997425 -133.396 -0.0421765 0.998027 0.0465072 3.36533 0.997507 0.0446989 -0.0545993 14.1078 
-0.0598541 0.0425485 -0.9973 -134.616 -0.0408658 0.998149 0.0450373 3.39025 0.99737 0.0434512 -0.0580045 14.078 
-0.061756 0.0406721 -0.997262 -135.807 -0.03915 0.998302 0.0431389 3.43384 0.997323 0.041707 -0.0600588 14.0126 
-0.063027 0.0401555 -0.997204 -137.035 -0.0387659 0.998338 0.0426514 3.45943 0.997259 0.0413457 -0.0613655 13.95 
-0.0644192 0.0383894 -0.997184 -138.236 -0.0378387 0.998447 0.0408824 3.49659 0.997205 0.0403658 -0.0628665 13.8738 
-0.0636887 0.0426089 -0.99706 -139.449 -0.0397882 0.998185 0.0451985 3.50438 0.997176 0.0425499 -0.0618778 13.7618 
-0.0634045 0.0451435 -0.996966 -140.703 -0.038344 0.998129 0.0476347 3.53211 0.997251 0.041248 -0.0615548 13.6539 
-0.0660177 0.047506 -0.996687 -141.866 -0.0390728 0.997977 0.0501556 3.53948 0.997053 0.0422545 -0.064028 13.6039 
-0.0660065 0.046059 -0.996756 -143.127 -0.0420066 0.99792 0.0488945 3.55082 0.996935 0.0450978 -0.0639344 13.5104 
-0.0665673 0.0432146 -0.996846 -144.34 -0.0397697 0.998153 0.045927 3.58608 0.996989 0.0427016 -0.0647257 13.4139 
-0.0684526 0.0406155 -0.996827 -145.542 -0.0345528 0.998475 0.0430554 3.6269 0.997056 0.0373904 -0.0669448 13.353 
-0.0731956 0.0397061 -0.996527 -146.628 -0.0316689 0.998611 0.0421152 3.65889 0.996815 0.0346416 -0.0718364 13.3421 
-0.0763426 0.0394259 -0.996302 -147.842 -0.0286715 0.998718 0.0417185 3.71214 0.996669 0.0317504 -0.0751143 13.2801 
-0.080143 0.0389774 -0.996021 -149 -0.0251677 0.998838 0.0411127 3.72051 0.996466 0.0283625 -0.0790689 13.227 
-0.0825534 0.0405126 -0.995763 -150.175 -0.0255492 0.998759 0.0427526 3.73769 0.996259 0.0289703 -0.0814159 13.1331 
-0.0826453 0.0450056 -0.995562 -151.413 -0.0241049 0.998597 0.0471439 3.75614 0.996288 0.0278942 -0.0814445 13.0075 
-0.0798152 0.044421 -0.995819 -152.7 -0.0225181 0.998671 0.0463531 3.82069 0.996555 0.0261237 -0.0787088 12.8298 
-0.0796547 0.0451515 -0.995799 -153.887 -0.0252679 0.998561 0.047298 3.84371 0.996502 0.0289293 -0.0783992 12.6798 
-0.0826183 0.04617 -0.995511 -155.072 -0.0269028 0.998459 0.0485394 3.87852 0.996218 0.0307923 -0.0812489 12.5841 
-0.0828214 0.0502562 -0.995296 -156.309 -0.0274876 0.998232 0.0526918 3.9345 0.996185 0.0317224 -0.0812936 12.4629 
-0.0858698 0.0568227 -0.994685 -157.491 -0.0322393 0.997691 0.0597776 3.96267 0.995785 0.037201 -0.0838396 12.381 
-0.0875334 0.0576073 -0.994495 -158.73 -0.0359034 0.997495 0.0609413 4.00525 0.995514 0.0410402 -0.0852459 12.273 
-0.0885741 0.0536674 -0.994623 -159.944 -0.0396246 0.997567 0.057355 4.05225 0.995281 0.0444917 -0.086232 12.1659 
-0.0876686 0.0468394 -0.995048 -161.124 -0.0398427 0.99793 0.0504854 4.11569 0.995353 0.0440714 -0.0856209 12.0471 
-0.0853422 0.0471037 -0.995238 -162.355 -0.0445551 0.997702 0.051041 4.13248 0.995355 0.0486989 -0.0830474 11.8988 
-0.0844868 0.0445172 -0.99543 -163.576 -0.040264 0.998033 0.048051 4.17841 0.995611 0.0441396 -0.0825282 11.775 
-0.0857255 0.0399242 -0.995519 -164.747 -0.0363192 0.998408 0.0431675 4.22324 0.995657 0.039857 -0.084139 11.6702 
-0.0858228 0.0371185 -0.995619 -165.833 -0.0292256 0.998782 0.0397556 4.2395 0.995882 0.0325095 -0.0846335 11.5457 
-0.0872424 0.0420709 -0.995298 -166.985 -0.0268478 0.998646 0.0445657 4.2371 0.995825 0.0306097 -0.0859948 11.4095 
-0.0862064 0.0477885 -0.995131 -168.194 -0.0249409 0.998432 0.0501077 4.28407 0.995965 0.029139 -0.0848794 11.2804 
-0.084591 0.0513934 -0.99509 -169.393 -0.0259532 0.998217 0.0537612 4.31932 0.996078 0.0303735 -0.0831063 11.1602 
-0.0851461 0.0471393 -0.995253 -170.571 -0.0247339 0.998472 0.0494079 4.37385 0.996061 0.0288234 -0.0838501 11.0731 
-0.0843488 0.0475001 -0.995304 -171.785 -0.0267297 0.998396 0.049913 4.3979 0.996078 0.0308143 -0.0829439 10.9497 
-0.0854666 0.0478221 -0.995193 -173.007 -0.0243218 0.99845 0.0500673 4.44368 0.996044 0.028484 -0.084171 10.8439 
-0.0835254 0.0454526 -0.995469 -174.236 -0.0264602 0.998506 0.0478114 4.49243 0.996154 0.0303338 -0.0821979 10.7046 
-0.0810549 0.0446879 -0.995707 -175.344 -0.0264015 0.998548 0.0469646 4.51221 0.99636 0.030095 -0.0797573 10.57 
-0.0773548 0.0449593 -0.995989 -176.502 -0.0320797 0.998353 0.0475575 4.56886 0.996487 0.0356299 -0.0757851 10.4257 
-0.0759783 0.0473521 -0.995985 -177.566 -0.0320723 0.998239 0.0499059 4.57357 0.996594 0.0357353 -0.0743258 10.3128 
-0.0769238 0.0480356 -0.995879 -178.641 -0.0340081 0.998131 0.0507711 4.62039 0.996457 0.0377735 -0.0751465 10.2145 
-0.077106 0.0487349 -0.995831 -179.694 -0.0334093 0.998117 0.0514337 4.65246 0.996463 0.0372359 -0.0753326 10.125 
-0.076794 0.0494099 -0.995822 -180.798 -0.0336781 0.998073 0.0521187 4.68914 0.996478 0.0375398 -0.0749819 9.97198 
-0.0775379 0.049136 -0.995778 -181.763 -0.0327735 0.998119 0.0518035 4.70664 0.996451 0.0366519 -0.0757817 9.90539 
-0.076476 0.049056 -0.995864 -182.731 -0.0340005 0.99808 0.0517762 4.7303 0.996492 0.0378195 -0.0746612 9.81195 
-0.0749223 0.0506053 -0.995905 -183.687 -0.0310044 0.99811 0.0530499 4.74904 0.996707 0.0348521 -0.0732117 9.73615 
-0.0744802 0.0492279 -0.996007 -184.619 -0.0309652 0.998185 0.0516511 4.77368 0.996742 0.0346886 -0.0728207 9.64576 
-0.0800384 0.0455041 -0.995753 -185.504 -0.0274659 0.998478 0.0478363 4.81457 0.996413 0.031178 -0.0786667 9.59614 
-0.0887014 0.0425922 -0.995147 -186.288 -0.026324 0.998636 0.0450879 4.8084 0.99571 0.0301957 -0.0874592 9.56928 
-0.0942303 0.0387436 -0.994796 -187.191 -0.0273703 0.998764 0.0414907 4.8417 0.995174 0.0311376 -0.0930534 9.48904 
-0.0989654 0.0377005 -0.994376 -188.151 -0.0298635 0.998719 0.0408373 4.87196 0.994643 0.0337371 -0.0977128 9.36248 
-0.101367 0.0368231 -0.994167 -189.061 -0.0311686 0.998707 0.0401692 4.91051 0.994361 0.0350587 -0.100088 9.24684 
-0.102712 0.0384029 -0.99397 -189.962 -0.0295594 0.998695 0.04164 4.94032 0.994272 0.0336581 -0.101443 9.1309 
-0.107233 0.0424207 -0.993329 -190.835 -0.0297752 0.998504 0.0458561 4.92707 0.993788 0.0344939 -0.105809 9.07064 
-0.107307 0.0417329 -0.99335 -191.756 -0.0296291 0.998541 0.0451517 4.98264 0.993784 0.0342772 -0.105914 8.93753 
-0.106854 0.0396276 -0.993485 -192.68 -0.0300697 0.99862 0.0430666 5.02727 0.99382 0.0344757 -0.105515 8.78272 
-0.109417 0.0391097 -0.993226 -193.54 -0.0331779 0.998525 0.0429734 5.0364 0.993442 0.0376552 -0.107958 8.69313 
-0.111672 0.0382942 -0.993007 -194.421 -0.0376191 0.998378 0.0427319 5.05312 0.993033 0.0421281 -0.110051 8.59568 
-0.110795 0.0373722 -0.99314 -195.3 -0.04115 0.998263 0.0421557 5.06281 0.992991 0.0455384 -0.109065 8.47545 
-0.108943 0.0344132 -0.993452 -196.171 -0.0434441 0.998281 0.0393446 5.09885 0.993098 0.047446 -0.10726 8.34498 
-0.110284 0.0312622 -0.993408 -197.087 -0.0446624 0.99834 0.0363756 5.12733 0.992896 0.0483797 -0.108704 8.24297 
-0.10584 0.0301693 -0.993925 -198.02 -0.0460062 0.998321 0.0352018 5.17043 0.993318 0.0494525 -0.104274 8.06907 
-0.107073 0.0314862 -0.993753 -198.926 -0.0410209 0.998508 0.0360566 5.20229 0.993405 0.0446253 -0.105621 7.98688 
-0.107671 0.0327218 -0.993648 -199.863 -0.0393501 0.998535 0.0371467 5.23121 0.993408 0.0430998 -0.106226 7.85438 
-0.10388 0.0300712 -0.994135 -200.763 -0.0335084 0.99887 0.0337158 5.22979 0.994025 0.0368144 -0.102755 7.70943 
-0.106764 0.0259097 -0.993947 -201.692 -0.0302884 0.999112 0.0292977 5.26319 0.993823 0.033233 -0.105885 7.63355 
-0.103974 0.0260057 -0.99424 -202.612 -0.0350603 0.998941 0.0297951 5.27781 0.993962 0.0379563 -0.102952 7.48111 
-0.102572 0.0292496 -0.994295 -203.551 -0.035543 0.998822 0.0330493 5.30727 0.99409 0.0387302 -0.101412 7.37305 
-0.0997963 0.0270756 -0.994639 -204.501 -0.0328912 0.998994 0.0304942 5.35857 0.994464 0.0357581 -0.0988053 7.26152 
-0.0982138 0.028596 -0.994754 -205.408 -0.0320597 0.998977 0.0318827 5.38171 0.994649 0.0350229 -0.0971965 7.15543 
-0.0962256 0.0324147 -0.994832 -206.437 -0.0333356 0.998804 0.0357685 5.42902 0.994801 0.0366052 -0.0950299 7.02965 
-0.0938128 0.0374181 -0.994886 -207.415 -0.0276288 0.998811 0.040171 5.445 0.995206 0.0312561 -0.0926674 6.92647 
-0.091433 0.0361738 -0.995154 -208.362 -0.0268581 0.998887 0.0387772 5.48782 0.995449 0.0302735 -0.0903596 6.79954 
-0.0871341 0.035021 -0.995581 -209.409 -0.0322807 0.998758 0.037958 5.55272 0.995673 0.0354455 -0.0858953 6.63688 
-0.0814882 0.0358528 -0.996029 -210.388 -0.0354221 0.998617 0.0388439 5.59047 0.996045 0.0384468 -0.0801055 6.5152 
-0.0775411 0.0368741 -0.996307 -211.441 -0.0367658 0.99853 0.0398178 5.60397 0.996311 0.0397175 -0.0760714 6.42565 
-0.0757732 0.034713 -0.996521 -212.389 -0.0373317 0.998594 0.0376239 5.61337 0.996426 0.0400528 -0.0743708 6.36298 
-0.0742869 0.0308349 -0.99676 -213.425 -0.034959 0.998827 0.0335043 5.63723 0.996624 0.0373347 -0.0731218 6.30494 
-0.0722494 0.0295208 -0.99695 -214.446 -0.0329997 0.998944 0.0319713 5.68199 0.996841 0.035209 -0.0711989 6.19364 
-0.0720967 0.0304724 -0.996932 -215.469 -0.0336673 0.998889 0.0329669 5.72648 0.996829 0.0359408 -0.0709906 6.13579 
-0.0761665 0.0316461 -0.996593 -216.623 -0.0350934 0.998792 0.034398 5.78355 0.996477 0.0375938 -0.0749639 6.16864 
-0.07279 0.0294455 -0.996913 -217.709 -0.0349578 0.998875 0.0320559 5.83878 0.996734 0.0371832 -0.0716788 6.03949 
-0.0696297 0.0270799 -0.997205 -218.711 -0.0361375 0.998907 0.0296494 5.85202 0.996918 0.038101 -0.068575 5.89883 
-0.0702206 0.0229471 -0.997268 -219.782 -0.033397 0.999121 0.0253414 5.90138 0.996972 0.0350853 -0.0693925 5.82157 
-0.0700818 0.0223749 -0.99729 -220.844 -0.025001 0.999395 0.0241789 5.92751 0.997228 0.0266278 -0.0694801 5.73606 
-0.0684328 0.0195811 -0.997464 -221.918 -0.0258708 0.999436 0.0213947 5.95938 0.99732 0.0272693 -0.0678876 5.58752 
-0.0696849 0.019864 -0.997371 -222.979 -0.025544 0.999438 0.0216899 5.96007 0.997242 0.0269884 -0.0691384 5.50731 
-0.0710085 0.020553 -0.997264 -224.055 -0.0296251 0.999303 0.0227044 5.97475 0.997036 0.0311563 -0.0703501 5.41079 
-0.0739253 0.0212907 -0.997037 -225.142 -0.0299348 0.999274 0.023558 6.00609 0.996814 0.0315876 -0.0732343 5.35539 
-0.0752582 0.0240869 -0.996873 -226.234 -0.0293275 0.999222 0.0263577 6.00467 0.996733 0.0312195 -0.0744933 5.25564 
-0.0761227 0.0247199 -0.996792 -227.365 -0.030712 0.99916 0.027124 6.04068 0.996625 0.0326783 -0.0752996 5.13105 
-0.0758189 0.022887 -0.996859 -228.523 -0.0337474 0.999105 0.0255054 6.09037 0.99655 0.0355752 -0.0749787 5.00195 
-0.0774887 0.0232835 -0.996721 -229.697 -0.0348013 0.999055 0.0260436 6.07525 0.996386 0.0367053 -0.0766052 4.90745 
-0.0780978 0.020264 -0.99674 -230.807 -0.0325668 0.999208 0.0228659 6.05949 0.996414 0.0342464 -0.077376 4.77837 
-0.0794308 0.0128296 -0.996758 -231.949 -0.0291287 0.99946 0.0151856 6.09097 0.996415 0.0302405 -0.0790143 4.661 
-0.0820717 0.0108732 -0.996567 -233.063 -0.0231342 0.99965 0.012812 6.06518 0.996358 0.0241063 -0.0817915 4.54893 
-0.0859848 0.0129654 -0.996212 -234.217 -0.0188849 0.999715 0.014641 6.04722 0.996117 0.0200724 -0.0857154 4.45803 
-0.0895049 0.0180637 -0.995823 -235.389 -0.0128298 0.999732 0.0192878 6.04481 0.995904 0.0145026 -0.0892491 4.33653 
-0.0926908 0.020011 -0.995494 -236.547 -0.0108381 0.999719 0.0211051 6.04936 0.995636 0.0127456 -0.0924478 4.22199 
-0.0943587 0.0203144 -0.995331 -237.722 -0.00783495 0.999746 0.0211473 6.04588 0.995507 0.00979384 -0.0941756 4.09202 
-0.0968976 0.0213734 -0.995065 -238.974 -0.00253992 0.999761 0.0217216 6.03503 0.995291 0.0046322 -0.0968201 3.97619 
-0.0999213 0.0238051 -0.994711 -240.074 -0.00078688 0.999712 0.0240038 6.03495 0.994995 0.00318125 -0.0998738 3.86842 
-0.102421 0.0240534 -0.99445 -241.275 0.00190768 0.999711 0.0239842 6.03296 0.994739 0.000559435 -0.102437 3.70619 
-0.108407 0.0224277 -0.993854 -242.453 0.00509509 0.999745 0.0220049 6.02883 0.994094 -0.00267824 -0.108494 3.63937 
-0.110158 0.0219314 -0.993672 -243.679 0.0040034 0.999758 0.0216219 6.04835 0.993906 -0.0015962 -0.11022 3.47241 
-0.113583 0.0230009 -0.993262 -244.867 0.0054263 0.999731 0.0225302 6.04899 0.993514 -0.00283065 -0.113678 3.31384 
-0.116518 0.023388 -0.992913 -246.097 0.00427673 0.999725 0.0230466 6.04726 0.993179 -0.00156104 -0.116586 3.14758 
-0.119686 0.0257683 -0.992477 -247.365 0.0015602 0.999667 0.0257668 6.02593 0.992811 0.00153549 -0.119686 2.98006 
-0.120901 0.0275982 -0.992281 -248.605 -0.00152736 0.999607 0.027988 6.03926 0.992663 0.00489939 -0.120811 2.77744 
-0.123841 0.0279372 -0.991909 -249.842 -0.00277952 0.99959 0.0285006 6.05026 0.992298 0.0062866 -0.123712 2.63369 
-0.125625 0.0281411 -0.991679 -251.012 -0.0045444 0.999571 0.0289407 6.05865 0.992067 0.0081423 -0.125443 2.47289 
-0.125348 0.0269067 -0.991748 -252.289 -0.00575574 0.999596 0.0278471 6.10522 0.992096 0.00919886 -0.125142 2.28639 
-0.128277 0.0268777 -0.991374 -253.379 -0.00123449 0.999628 0.0272612 6.07279 0.991738 0.00472086 -0.128196 2.15031 
-0.127175 0.0264973 -0.991526 -254.584 0.00176004 0.999648 0.0264885 6.08201 0.991879 0.0016236 -0.127177 1.96423 
-0.127645 0.0263183 -0.991471 -255.825 0.00214833 0.999653 0.0262589 6.10304 0.991818 0.00122185 -0.127657 1.79656 
-0.12893 0.0257631 -0.991319 -257.037 0.00495645 0.999667 0.0253354 6.11554 0.991641 -0.00164691 -0.129014 1.63342 
-0.129914 0.0256669 -0.991193 -258.27 0.00565 0.999668 0.0251458 6.13449 0.991509 -0.00233342 -0.130015 1.46664 
-0.13138 0.0264048 -0.99098 -259.557 0.00756468 0.999643 0.0256327 6.14837 0.991303 -0.00412879 -0.131533 1.29846 
-0.132371 0.0280198 -0.990804 -260.796 0.00996806 0.999587 0.0269365 6.14358 0.99115 -0.00631076 -0.132595 1.12281 
-0.133891 0.0306041 -0.990523 -262.029 0.0154137 0.999466 0.0287969 6.16267 0.990876 -0.011412 -0.134291 0.949907 
-0.134031 0.0342649 -0.990385 -263.217 0.0160449 0.999346 0.0324036 6.17452 0.990847 -0.0115476 -0.134493 0.755823 
-0.13334 0.0358713 -0.990421 -264.479 0.0190897 0.999252 0.0336211 6.21395 0.990886 -0.0144237 -0.133926 0.555311 
-0.133057 0.0356795 -0.990466 -265.694 0.0181935 0.999271 0.0335526 6.20096 0.990941 -0.0135555 -0.133609 0.37213 
-0.133206 0.0333058 -0.990529 -266.96 0.0168036 0.999367 0.0313432 6.22177 0.990946 -0.0124693 -0.133681 0.180095 
-0.132933 0.0352886 -0.990497 -268.171 0.010924 0.999357 0.0341382 6.24036 0.991065 -0.00628209 -0.133233 -0.0198535 
-0.133521 0.0408101 -0.990205 -269.449 0.00609018 0.999167 0.0403582 6.26421 0.991027 -0.000641816 -0.133659 -0.210706 
-0.133924 0.0398886 -0.990189 -270.659 0.00198073 0.999198 0.0399836 6.29067 0.99099 0.0033935 -0.133895 -0.393439 
-0.133898 0.0334886 -0.990429 -271.885 0.00379363 0.999439 0.0332804 6.2997 0.990988 0.00069888 -0.133949 -0.577225 
-0.13465 0.02798 -0.990498 -273.087 0.00923811 0.999593 0.0269811 6.31578 0.99085 -0.00551729 -0.134854 -0.76953 
-0.136029 0.0279306 -0.990311 -274.297 0.0148252 0.999548 0.0261547 6.3191 0.990594 -0.0111238 -0.136382 -0.924595 
-0.135418 0.0299593 -0.990336 -275.488 0.0190382 0.999437 0.0276314 6.32816 0.990606 -0.0151124 -0.135912 -1.11245 
-0.13457 0.032259 -0.990379 -276.699 0.0212254 0.999335 0.0296667 6.33283 0.990677 -0.0170289 -0.135166 -1.28072 
-0.134461 0.0349501 -0.990302 -277.913 0.0203806 0.999264 0.0324992 6.33367 0.990709 -0.015813 -0.135075 -1.46031 
-0.132469 0.0359113 -0.990536 -279.175 0.0190539 0.999251 0.0336791 6.36387 0.991004 -0.0144121 -0.133054 -1.68139 
-0.133342 0.0371444 -0.990374 -280.34 0.0192766 0.999206 0.0348803 6.37587 0.990883 -0.01444 -0.133952 -1.84637 
-0.133216 0.0361399 -0.990428 -281.539 0.0201957 0.999226 0.0337446 6.39134 0.990881 -0.015507 -0.133843 -2.02336 
-0.134558 0.0354053 -0.990273 -282.695 0.0204085 0.999249 0.0329531 6.40042 0.990696 -0.0157758 -0.13518 -2.19779 
-0.134619 0.0338845 -0.990318 -283.881 0.0202023 0.999301 0.0314457 6.42216 0.990692 -0.0157735 -0.135209 -2.37783 
-0.132261 0.0327077 -0.990675 -285.083 0.0188137 0.999358 0.0304827 6.44196 0.991036 -0.0146065 -0.132792 -2.60358 
-0.134052 0.0326103 -0.990438 -286.331 0.0199234 0.999345 0.0302071 6.4717 0.990774 -0.0156835 -0.134614 -2.75214 
-0.135697 0.0330168 -0.9902 -287.576 0.0160213 0.999387 0.0311276 6.47185 0.990621 -0.0116403 -0.136143 -2.89852 
-0.132273 0.0322965 -0.990687 -288.822 0.0162468 0.999405 0.0304115 6.51955 0.99108 -0.0120728 -0.132719 -3.15873 
-0.132616 0.0327937 -0.990625 -290.025 0.0139704 0.999415 0.0312145 6.51526 0.991069 -0.0096998 -0.132997 -3.34079 
-0.131917 0.0307486 -0.990784 -291.207 0.0148368 0.999468 0.0290427 6.53285 0.99115 -0.0108688 -0.132303 -3.54146 
-0.131552 0.027023 -0.990941 -292.387 0.0135299 0.999584 0.0254626 6.55189 0.991217 -0.0100576 -0.131863 -3.72833 
-0.13447 0.0249132 -0.990604 -293.563 0.0131666 0.999641 0.0233531 6.57436 0.99083 -0.00990255 -0.13475 -3.86618 
-0.134552 0.0246281 -0.990601 -294.738 0.00964934 0.999676 0.0235431 6.57284 0.99086 -0.00639083 -0.134746 -4.05025 
-0.131804 0.0239533 -0.990986 -295.936 0.00684599 0.999706 0.0232536 6.60691 0.991252 -0.00371934 -0.131929 -4.33725 
-0.133952 0.0257814 -0.990652 -297.121 0.00430985 0.999667 0.0254333 6.59188 0.990979 -0.000862681 -0.134018 -4.49142 
-0.135629 0.0256859 -0.990427 -298.324 0.00149588 0.999668 0.0257207 6.60557 0.990759 0.00200695 -0.135622 -4.6615 
-0.139415 0.024123 -0.98994 -299.531 0.00237502 0.999709 0.0240265 6.60515 0.990231 0.000998568 -0.139432 -4.77744 
-0.141303 0.0219167 -0.989724 -300.761 0.00545859 0.999757 0.0213595 6.61689 0.989951 -0.00238429 -0.141389 -4.9389 
-0.143782 0.0219677 -0.989366 -301.968 0.00819007 0.999746 0.0210079 6.62775 0.989576 -0.00508239 -0.143925 -5.1211 
-0.148121 0.0226198 -0.988711 -303.162 0.0131294 0.999695 0.0209042 6.6349 0.988882 -0.0098848 -0.148372 -5.26046 
-0.150391 0.0259323 -0.988286 -304.356 0.014473 0.999607 0.0240269 6.60432 0.988521 -0.01069 -0.150707 -5.44526 
