1 2.12261e-08 -2.11895e-08 0 2.12261e-08 1 2.10703e-08 0 -2.11895e-08 2.10703e-08 1 0 
0.999932 -0.00322652 0.0112269 0.0135918 0.00320847 0.999994 0.00162898 -0.0110795 -0.0112321 -0.0015928 0.999936 0.326834 
0.999817 -0.00382008 0.0187309 -0.00483557 0.00377446 0.99999 0.00247278 -0.0275466 -0.0187402 -0.00240159 0.999822 0.6103 
0.999762 -0.00704153 0.0206368 -0.0015575 0.00704095 0.999975 0.000102933 -0.0137803 -0.0206371 4.24358e-05 0.999787 0.910675 
0.999813 -0.00911062 0.0170436 0.0351941 0.00915814 0.999954 -0.00270925 -0.0130337 -0.0170182 0.00286487 0.999851 1.18857 
0.999875 -0.0119805 0.0103548 0.0266106 0.0120148 0.999923 -0.00325793 -0.018615 -0.010315 0.00338198 0.999941 1.5297 
0.999893 -0.0143857 -0.00265437 0.011633 0.0143734 0.999886 -0.00461753 -0.0297529 0.00272045 0.00457892 0.999986 1.8304 
0.999714 -0.0130643 -0.0200219 -0.0128807 0.0129515 0.9999 -0.00575078 -0.0236023 0.020095 0.00548987 0.999783 2.15763 
0.999219 -0.00729101 -0.0388271 -0.0716242 0.00705502 0.999956 -0.00621277 -0.0191477 0.0388706 0.00593404 0.999227 2.49706 
0.998192 -0.00528777 -0.0598729 -0.086748 0.00480343 0.999955 -0.00823117 -0.0132159 0.0599137 0.00792874 0.998172 2.8556 
0.996711 -0.00448901 -0.0809128 -0.121428 0.00376912 0.999952 -0.00904818 -0.0188498 0.0809495 0.0087135 0.99668 3.24259 
0.994874 -0.00556987 -0.100973 -0.208042 0.00477683 0.999956 -0.00809452 -0.0269995 0.101013 0.00757074 0.994856 3.61959 
0.992636 -0.00747751 -0.120906 -0.266991 0.00661136 0.99995 -0.00756371 -0.0452178 0.120956 0.0067087 0.992635 3.97803 
0.989973 -0.00667484 -0.141101 -0.324582 0.00527696 0.999933 -0.010279 -0.00861673 0.14116 0.00943143 0.989942 4.40205 
0.987875 -0.00434572 -0.155188 -0.426658 0.00276927 0.999942 -0.0103733 -0.00233005 0.155224 0.00981784 0.98783 4.82753 
0.985664 -0.00440675 -0.168666 -0.508438 0.0028154 0.999949 -0.00967315 -0.0252419 0.1687 0.00905966 0.985626 5.25928 
0.983484 -0.00625693 -0.180887 -0.601847 0.00407102 0.999914 -0.0124533 -0.0134667 0.18095 0.0115113 0.983425 5.69405 
0.981605 -0.0101854 -0.190651 -0.698473 0.00718798 0.99984 -0.0164073 -0.0089657 0.190788 0.0147351 0.981521 6.12787 
0.980235 -0.00835839 -0.197658 -0.808966 0.00469702 0.999809 -0.0189855 -0.0101927 0.197779 0.0176819 0.980087 6.57079 
0.97848 -0.00824146 -0.206177 -0.921509 0.0039677 0.999769 -0.0211337 -0.0178574 0.206303 0.0198609 0.978287 7.03279 
0.976863 -0.00683624 -0.213757 -1.04327 0.00161118 0.999696 -0.0246087 -0.0177958 0.213861 0.023695 0.976577 7.5229 
0.975516 -0.0103 -0.219688 -1.18539 0.00463506 0.999644 -0.0262865 -0.0426578 0.219881 0.0246246 0.975216 8.02342 
0.973796 -0.0159933 -0.226862 -1.33615 0.0103188 0.999604 -0.026177 -0.0703727 0.227191 0.0231501 0.973575 8.48896 
0.971833 -0.0163791 -0.235101 -1.37776 0.0100824 0.999558 -0.0279603 -0.102938 0.235455 0.0248024 0.971569 8.85281 
0.970683 -0.00580365 -0.240294 -1.60446 -0.00247143 0.999415 -0.0341217 -0.122226 0.240352 0.0337153 0.9701 9.39264 
0.967605 -0.00565062 -0.252406 -1.76959 -0.00459184 0.99919 -0.039972 -0.116909 0.252428 0.0398361 0.966795 10.019 
0.965517 -0.00409766 -0.260308 -1.72643 -0.00671008 0.999152 -0.0406169 -0.16886 0.260254 0.0409631 0.964671 10.2746 
0.962728 -0.011513 -0.270227 -1.92012 -0.000130673 0.999074 -0.0430312 -0.181153 0.270472 0.0414627 0.961835 10.9321 
0.961216 -0.00834333 -0.275672 -2.12906 -0.00453812 0.998929 -0.0460566 -0.205588 0.275761 0.0455214 0.960148 11.4735 
0.958598 -0.00976006 -0.284597 -2.30972 -0.00449162 0.99877 -0.0493813 -0.238904 0.284728 0.0486152 0.957375 12.0725 
0.956613 -0.0116977 -0.291127 -2.52406 -0.00415016 0.998545 -0.0537595 -0.282784 0.291332 0.0526353 0.955173 12.6665 
0.954667 -0.0131567 -0.297384 -2.71669 -0.00552016 0.998069 -0.0618769 -0.313089 0.297624 0.0607135 0.952751 13.2777 
0.953011 -0.0112084 -0.302729 -2.92104 -0.0100088 0.997605 -0.0684444 -0.381524 0.302771 0.0682583 0.950616 13.8851 
0.951894 -0.0122396 -0.306182 -3.14773 -0.0122277 0.996889 -0.0778656 -0.4084 0.306182 0.0778637 0.948783 14.5155 
0.950329 -0.0107453 -0.311063 -3.36568 -0.0171019 0.996091 -0.0866568 -0.485369 0.310778 0.0876723 0.94643 15.1779 
0.949986 -0.0137496 -0.311988 -3.68208 -0.0160708 0.995554 -0.0928098 -0.535856 0.311877 0.093182 0.945542 15.7473 
0.948346 -0.0124192 -0.316994 -3.8972 -0.0201869 0.994846 -0.0993691 -0.603877 0.316594 0.100636 0.943208 16.438 
0.947113 -0.011803 -0.320684 -4.23674 -0.0234715 0.994099 -0.10591 -0.668162 0.320042 0.107836 0.941247 17.1609 
0.946147 -0.00625282 -0.323677 -4.57385 -0.0317992 0.993184 -0.112139 -0.769059 0.322172 0.116393 0.939499 17.8452 
0.944476 -0.0100468 -0.328426 -4.84755 -0.0290181 0.993077 -0.113828 -0.847836 0.327295 0.117039 0.937646 18.5589 
0.942534 -0.00754271 -0.334025 -5.12244 -0.0327958 0.992829 -0.114961 -0.935791 0.332497 0.119309 0.935527 19.2786 
0.940767 -0.00424378 -0.339027 -5.48344 -0.0375221 0.992477 -0.116544 -1.00935 0.33697 0.122362 0.93353 20.039 
0.938517 -0.00486637 -0.3452 -5.77697 -0.036537 0.992885 -0.113332 -1.11102 0.343295 0.118977 0.931661 20.7606 
0.936571 -0.00463333 -0.350448 -6.08867 -0.036908 0.993049 -0.111766 -1.18514 0.34853 0.117611 0.92989 21.4092 
0.933799 -0.00301844 -0.357785 -6.45501 -0.0376643 0.993579 -0.106684 -1.30207 0.35581 0.113097 0.92769 22.176 
0.930568 -0.00184894 -0.366114 -6.76066 -0.0386751 0.993896 -0.103322 -1.35475 0.36407 0.110308 0.924816 22.9149 
0.926782 -0.000282468 -0.375601 -7.04692 -0.0392674 0.994447 -0.0976388 -1.45125 0.373542 0.105239 0.921624 23.6437 
0.922622 0.00415501 -0.385684 -7.39354 -0.0436706 0.994637 -0.0937523 -1.54147 0.383226 0.103341 0.917855 24.4613 
0.919761 0.00700846 -0.392415 -7.75013 -0.0467925 0.994667 -0.0919099 -1.61879 0.389678 0.102897 0.915185 25.0973 
0.916229 0.010471 -0.400519 -8.12067 -0.0519454 0.994326 -0.0928353 -1.68053 0.397274 0.105864 0.911573 25.793 
0.912635 0.0132426 -0.40856 -8.45449 -0.0548345 0.994408 -0.090257 -1.80481 0.40508 0.104775 0.908258 26.4925 
0.909306 0.0118432 -0.415961 -8.88839 -0.0543738 0.994406 -0.0905505 -1.87076 0.412561 0.104955 0.904863 27.2272 
0.903275 0.00441199 -0.429039 -9.30539 -0.0455963 0.995272 -0.0857614 -2.0586 0.426632 0.0970288 0.899206 28.3922 
0.899746 0.00822423 -0.436337 -9.78312 -0.049321 0.995333 -0.0829418 -2.12647 0.433619 0.0961471 0.895952 29.226 
0.895979 0.0117803 -0.443941 -10.2066 -0.0516651 0.995625 -0.0778529 -2.19497 0.441082 0.0926908 0.892668 30.0298 
0.891648 0.00814173 -0.452656 -10.5873 -0.0453119 0.996423 -0.0713339 -2.3195 0.450456 0.0841155 0.888828 30.7486 
0.889821 0.00732934 -0.456251 -11.1087 -0.0438661 0.996614 -0.0695418 -2.38459 0.454196 0.0818938 0.88713 31.5666 
0.886762 0.0043906 -0.462205 -11.5981 -0.0416606 0.996644 -0.0704604 -2.41594 0.460345 0.0817374 0.883969 32.4498 
0.883332 0.00669821 -0.468701 -12.1008 -0.0436788 0.996724 -0.0680747 -2.49682 0.466709 0.0806049 0.88073 33.3163 
0.88067 0.00408291 -0.473712 -12.5683 -0.0406755 0.996922 -0.0670267 -2.56558 0.47198 0.0782969 0.878125 34.1364 
0.877626 -0.0034095 -0.479334 -12.9897 -0.0313388 0.997427 -0.0644738 -2.66689 0.478321 0.0716057 0.875261 34.8408 
0.876224 -0.00563466 -0.481872 -13.5864 -0.0302618 0.997315 -0.0666894 -2.6889 0.480953 0.0730172 0.8737 35.7345 
0.874232 -0.00790957 -0.485445 -14.1233 -0.0288292 0.997257 -0.0681669 -2.73455 0.484653 0.0735887 0.871606 36.6617 
0.873725 -0.00700041 -0.486369 -14.6738 -0.0303044 0.997171 -0.0687921 -2.78623 0.485474 0.0748445 0.871041 37.5736 
0.873143 -0.00750926 -0.487406 -15.1897 -0.0299106 0.997172 -0.0689453 -2.83941 0.486545 0.0747777 0.87045 38.4973 
0.872433 -0.0136311 -0.488543 -15.6069 -0.0222471 0.997467 -0.0675596 -2.91731 0.488227 0.06981 0.86992 39.3102 
0.873279 -0.0136911 -0.487027 -16.0245 -0.021688 0.997522 -0.0669304 -3.02781 0.486737 0.0690117 0.870818 39.8316 
0.871854 -0.015446 -0.489522 -16.5142 -0.0201129 0.99753 -0.0672971 -3.11937 0.489352 0.068519 0.86939 40.7204 
0.870078 -0.0161423 -0.49265 -17.0341 -0.0180085 0.997755 -0.0644978 -3.22507 0.492585 0.06499 0.867834 41.6098 
0.869082 -0.0136143 -0.494482 -17.5881 -0.019069 0.997956 -0.0609912 -3.30115 0.494301 0.0624356 0.867046 42.4914 
0.866716 -0.0149647 -0.498577 -18.1885 -0.0159657 0.998205 -0.0577155 -3.3702 0.498546 0.0579831 0.864922 43.4197 
0.862018 -0.0143181 -0.506676 -18.5801 -0.016279 0.998303 -0.0559069 -3.43796 0.506616 0.056441 0.860322 44.2099 
0.857855 -0.0155654 -0.513657 -19.2906 -0.0177591 0.998046 -0.0599033 -3.50003 0.513586 0.0605105 0.855902 45.1745 
0.852192 -0.020318 -0.522835 -19.8675 -0.0155683 0.997819 -0.0641521 -3.57039 0.522998 0.0628097 0.850017 46.0595 
0.845607 -0.0220168 -0.533351 -20.4562 -0.0137069 0.997924 -0.0629263 -3.64927 0.53363 0.0605216 0.84355 46.9562 
0.840185 -0.0204635 -0.541914 -21.0449 -0.0131937 0.998221 -0.05815 -3.72761 0.542139 0.0560067 0.83842 47.8246 
0.834978 -0.0164061 -0.550038 -21.6363 -0.0164233 0.998367 -0.0547097 -3.801 0.550038 0.0547149 0.833346 48.6937 
0.8302 -0.0196753 -0.557118 -22.2489 -0.0142467 0.998302 -0.0564862 -3.86539 0.557283 0.054832 0.82851 49.6178 
0.826545 -0.0210044 -0.562479 -22.9011 -0.0156705 0.998057 -0.0602972 -3.95117 0.562653 0.0586527 0.82461 50.5214 
0.823145 -0.022907 -0.567369 -23.4741 -0.0177406 0.997661 -0.0660178 -4.04932 0.567554 0.0644077 0.820813 51.3497 
0.819593 -0.0256723 -0.572371 -24.0651 -0.01535 0.997653 -0.0667274 -4.14177 0.572741 0.0634752 0.817275 52.1528 
0.816324 -0.0243926 -0.57708 -24.7122 -0.0147945 0.997897 -0.0631081 -4.2231 0.577406 0.0600543 0.814246 53.0085 
0.813771 -0.0232192 -0.580721 -25.462 -0.0132234 0.998203 -0.0584416 -4.26384 0.581035 0.0552372 0.812002 53.8888 
0.810439 -0.0209065 -0.58545 -26.0855 -0.013932 0.998393 -0.0549388 -4.35232 0.585657 0.0526811 0.808845 54.7727 
0.808057 -0.0196886 -0.588775 -26.6943 -0.014862 0.998442 -0.053785 -4.43738 0.588917 0.0522118 0.806505 55.481 
0.803757 -0.0223266 -0.594539 -27.3181 -0.0139166 0.998317 -0.0563035 -4.50508 0.594796 0.0535283 0.802093 56.2962 
0.799091 -0.025837 -0.600655 -27.9996 -0.0129158 0.998108 -0.060116 -4.57366 0.601072 0.0557961 0.797245 57.1986 
0.795066 -0.0256698 -0.60598 -28.6867 -0.0150046 0.997966 -0.0619612 -4.63145 0.606338 0.0583558 0.793063 58.0484 
0.791142 -0.0250547 -0.611119 -29.3541 -0.0153125 0.998036 -0.0607408 -4.72843 0.611441 0.0574124 0.789205 58.8501 
0.785472 -0.0270949 -0.618304 -30.0315 -0.0111611 0.998259 -0.0579237 -4.84526 0.618796 0.0523984 0.783802 59.6973 
0.781056 -0.0277549 -0.623844 -30.6911 -0.0120003 0.99816 -0.0594328 -4.91652 0.624346 0.0539067 0.779286 60.475 
0.776446 -0.0254853 -0.629669 -31.3638 -0.015857 0.998075 -0.0599495 -5.01212 0.629985 0.0565322 0.774547 61.2503 
0.771397 -0.0279623 -0.635739 -31.9091 -0.0132173 0.998115 -0.0599388 -5.07393 0.636216 0.0546394 0.769573 61.895 
0.766351 -0.0316267 -0.641643 -32.7458 -0.0100031 0.998079 -0.0611428 -5.15864 0.642344 0.0532753 0.764562 62.7595 
0.760505 -0.0328914 -0.648498 -33.4482 -0.0103848 0.997972 -0.0627949 -5.23546 0.649249 0.0544904 0.758622 63.551 
0.75561 -0.0342673 -0.654125 -34.2957 -0.00924666 0.997973 -0.0629616 -5.3165 0.654956 0.053623 0.753762 64.4125 
0.749062 -0.0372887 -0.66145 -35.0251 -0.00381852 0.998155 -0.0605945 -5.38728 0.662489 0.0479148 0.747538 65.2243 
0.743545 -0.0321274 -0.667914 -35.8431 -0.0117204 0.998066 -0.0610556 -5.49158 0.668583 0.0532258 0.74173 66.0256 
0.735912 -0.0467351 -0.675462 -36.735 0.00712019 0.998094 -0.0613006 -5.48825 0.67704 0.0403025 0.734842 66.9222 
0.729581 -0.0477594 -0.682225 -37.5547 0.00687269 0.99802 -0.0625171 -5.59017 0.68386 0.0409226 0.728464 67.747 
0.722975 -0.0487779 -0.68915 -38.411 0.00527961 0.997865 -0.06509 -5.62568 0.690854 0.04342 0.721689 68.5786 
0.717632 -0.0491323 -0.694687 -39.2971 0.00595329 0.997905 -0.0644277 -5.71047 0.696397 0.0420998 0.716421 69.4146 
0.711664 -0.049181 -0.700797 -40.1028 0.00665975 0.997974 -0.0632735 -5.83632 0.702489 0.0403623 0.710549 70.3071 
0.707757 -0.0507626 -0.70463 -40.9722 0.00625257 0.997826 -0.0656045 -5.88084 0.706429 0.0420263 0.706535 71.0528 
0.70311 -0.0516141 -0.709206 -41.7923 0.00385678 0.997624 -0.0687809 -5.95969 0.711071 0.0456253 0.701639 71.7903 
0.699008 -0.0514168 -0.713263 -42.5995 0.000938399 0.997477 -0.0709853 -6.0449 0.715113 0.04895 0.697293 72.4993 
0.694692 -0.0514923 -0.717462 -43.4944 -0.00066441 0.997388 -0.0722259 -6.12996 0.719307 0.0506515 0.692843 73.2572 
0.693142 -0.0446317 -0.719418 -44.28 -0.00979271 0.997406 -0.0713127 -6.22691 0.720734 0.0564749 0.690907 73.8178 
0.689326 -0.0423967 -0.72321 -45.1629 -0.0126738 0.997428 -0.0705522 -6.34241 0.724341 0.0577993 0.687015 74.5614 
0.685066 -0.0433027 -0.727193 -45.9824 -0.0120389 0.997422 -0.0707357 -6.44472 0.728382 0.0572133 0.682779 75.3026 
0.680313 -0.0398922 -0.731836 -46.8512 -0.017387 0.997358 -0.0705288 -6.55607 0.732716 0.0607061 0.677822 76.0743 
0.676634 -0.0373921 -0.735369 -47.3762 -0.0201488 0.997396 -0.0692552 -6.67026 0.736044 0.0616773 0.674118 76.4608 
0.673469 -0.0412908 -0.738062 -48.2662 -0.0148197 0.997484 -0.0693269 -6.75507 0.739067 0.0576274 0.671162 77.1945 
0.670854 -0.0423476 -0.740379 -49.2025 -0.0151182 0.99738 -0.0707459 -6.84467 0.741435 0.0586535 0.668456 77.9361 
0.666472 -0.0464383 -0.744083 -50.0892 -0.0130513 0.997179 -0.0739241 -6.94597 0.745416 0.0589796 0.663985 78.7049 
0.661637 -0.0489404 -0.748225 -50.9285 -0.0109105 0.997134 -0.0748691 -7.06871 0.749745 0.0576998 0.659207 79.5004 
0.65491 -0.0511133 -0.753976 -51.8401 -0.00829394 0.997164 -0.0748037 -7.16877 0.755661 0.0552432 0.652629 80.2793 
0.647397 -0.0538665 -0.760247 -52.7503 -0.00563886 0.997133 -0.0754527 -7.2592 0.762132 0.0531349 0.645238 81.0084 
0.637737 -0.0564352 -0.768184 -53.6868 -0.000738942 0.997267 -0.0738784 -7.36268 0.770254 0.0476827 0.635952 81.8007 
0.629913 -0.0548298 -0.774728 -54.6461 -0.00231591 0.997368 -0.0724697 -7.46075 0.776662 0.0474439 0.628128 82.5335 
0.621592 -0.0524454 -0.781584 -55.5994 -0.00813867 0.99727 -0.0733909 -7.53415 0.783299 0.0519803 0.619468 83.2521 
0.61306 -0.0518876 -0.788331 -56.5963 -0.0123277 0.997091 -0.075215 -7.63393 0.78994 0.0558297 0.610637 83.9897 
0.605738 -0.0541183 -0.793822 -57.7289 -0.0134636 0.996844 -0.0782328 -7.71859 0.795551 0.0580763 0.603097 84.7156 
0.594347 -0.0561015 -0.80225 -58.6471 -0.0131032 0.996756 -0.0794109 -7.823 0.804102 0.0577098 0.591684 85.431 
0.585103 -0.0534311 -0.809197 -59.6671 -0.0140683 0.997008 -0.0760046 -7.97682 0.810837 0.0558546 0.582601 86.1528 
0.57519 -0.0548291 -0.81618 -60.758 -0.0113801 0.997118 -0.0750041 -8.08892 0.817941 0.0524299 0.572909 86.8965 
0.56629 -0.0537004 -0.822455 -61.701 -0.0131913 0.997157 -0.0741899 -8.22361 0.824101 0.0528622 0.563971 87.4802 
0.556366 -0.0526917 -0.829265 -62.8856 -0.0183135 0.996967 -0.0756343 -8.319 0.830735 0.0572671 0.553714 88.2276 
0.546489 -0.0538718 -0.835732 -63.9568 -0.0182111 0.996928 -0.076171 -8.43114 0.837268 0.0568462 0.543829 88.8918 
0.538377 -0.0553618 -0.840883 -65.0121 -0.0173703 0.996899 -0.0767549 -8.53633 0.842525 0.0559296 0.535746 89.4953 
0.5295 -0.0547626 -0.846541 -66.0724 -0.0199807 0.996832 -0.0769826 -8.64126 0.848075 0.0576768 0.526728 90.1147 
0.520605 -0.052599 -0.852176 -67.1415 -0.0219795 0.996944 -0.0749621 -8.74096 0.853515 0.0577562 0.517858 90.7564 
0.511995 -0.0500766 -0.857527 -68.2407 -0.0210627 0.997267 -0.0708127 -8.87719 0.85873 0.0543177 0.509541 91.4104 
0.503282 -0.0501787 -0.862664 -69.3247 -0.0205059 0.997338 -0.0699755 -9.00332 0.863879 0.0529071 0.500913 92.0623 
0.497939 -0.0522733 -0.865635 -70.4141 -0.0214419 0.997134 -0.0725482 -9.10865 0.866947 0.0546854 0.495391 92.6077 
0.489743 -0.0558698 -0.870075 -71.5759 -0.0175589 0.99711 -0.0739106 -9.21987 0.87169 0.0514748 0.487347 93.246 
0.48696 -0.0551909 -0.871679 -72.708 -0.0223633 0.996887 -0.0756116 -9.34202 0.873138 0.0563134 0.484209 93.7671 
0.483044 -0.0576273 -0.873698 -73.9909 -0.0222029 0.996705 -0.078016 -9.49152 0.875315 0.0570838 0.480173 94.3713 
0.47911 -0.0598792 -0.87571 -75.1284 -0.01678 0.996863 -0.0773439 -9.59682 0.877595 0.0517507 0.476602 94.9377 
0.476599 -0.0581616 -0.877195 -76.3001 -0.0117879 0.997297 -0.0725295 -9.70429 0.879042 0.0449077 0.474625 95.5099 
0.474481 -0.0561141 -0.878475 -77.3797 -0.00993949 0.997561 -0.0690894 -9.80841 0.88021 0.0415133 0.472766 96.0222 
0.470961 -0.0553396 -0.880417 -78.5085 -0.00862832 0.997694 -0.0673267 -9.91432 0.882112 0.0393048 0.469397 96.5915 
0.467167 -0.0536829 -0.882538 -79.6604 -0.00766477 0.997872 -0.0647557 -10.0608 0.884136 0.0370163 0.465762 97.1942 
0.462678 -0.0557482 -0.884772 -80.6747 -0.00034357 0.99801 -0.0630629 -10.1397 0.886527 0.0294818 0.461738 97.7548 
0.459555 -0.0570193 -0.886317 -81.7312 0.00371629 0.998052 -0.0622806 -10.2173 0.888142 0.0253276 0.458871 98.3076 
0.456947 -0.0594794 -0.887503 -82.7703 0.00791782 0.997994 -0.0628078 -10.2968 0.889459 0.0216728 0.456501 98.8512 
0.454565 -0.0632419 -0.888466 -83.9592 0.0145138 0.99787 -0.0636037 -10.3576 0.890595 0.016017 0.454514 99.4195 
0.454524 -0.0615722 -0.888604 -85.1778 0.0160273 0.998012 -0.0609551 -10.4599 0.89059 0.0134636 0.454607 99.9403 
0.455031 -0.0602117 -0.888438 -86.239 0.0183431 0.998133 -0.0582513 -10.5692 0.890287 0.0102094 0.455286 100.433 
0.45178 -0.0617008 -0.889993 -87.3835 0.0207317 0.998062 -0.0586691 -10.6757 0.891888 0.00805455 0.452184 101.016 
0.450181 -0.0611564 -0.890841 -88.4585 0.0211164 0.998102 -0.0578489 -10.772 0.892688 0.00723113 0.450618 101.525 
0.452622 -0.0621855 -0.889532 -89.5467 0.0198972 0.998021 -0.0596455 -10.8477 0.891481 0.00929772 0.452963 101.977 
0.453515 -0.0633733 -0.888993 -90.5823 0.0196793 0.997938 -0.0611003 -10.9336 0.891031 0.0102153 0.453827 102.465 
0.45584 -0.060736 -0.887987 -91.5884 0.0165743 0.998075 -0.0597575 -11.0406 0.889908 0.0125221 0.455969 102.964 
0.458855 -0.0609709 -0.886417 -92.6203 0.0113928 0.997965 -0.0627461 -11.1023 0.888438 0.0186926 0.458616 103.478 
0.460614 -0.0613235 -0.885479 -93.5864 0.009617 0.997897 -0.0641063 -11.191 0.887548 0.0210127 0.460235 104.015 
0.468517 -0.0626213 -0.881232 -94.5716 0.00976426 0.997791 -0.0657128 -11.2636 0.883401 0.022183 0.468093 104.512 
0.476848 -0.0599383 -0.87694 -95.651 0.00806271 0.997929 -0.0638236 -11.3822 0.878949 0.0233637 0.476344 105.03 
0.483884 -0.0581219 -0.8732 -96.5656 0.00739777 0.998028 -0.0623312 -11.4957 0.875101 0.0237014 0.48336 105.541 
0.492033 -0.0598341 -0.868518 -97.5121 0.00969892 0.99795 -0.0632563 -11.5708 0.870523 0.0227005 0.491604 106.069 
0.500642 -0.0605913 -0.863531 -98.4621 0.0086939 0.997849 -0.0649757 -11.6364 0.865611 0.0250222 0.500092 106.618 
0.50798 -0.0626168 -0.85909 -99.3248 0.010147 0.99772 -0.0667213 -11.7234 0.861309 0.025176 0.507458 107.168 
0.517559 -0.0640924 -0.853244 -100.008 0.0109448 0.997605 -0.0682973 -11.8258 0.855578 0.0260094 0.517021 107.575 
0.531547 -0.0688861 -0.844223 -100.98 0.00984106 0.997123 -0.075166 -11.86 0.846972 0.0316462 0.530695 108.123 
0.543053 -0.0680903 -0.836934 -101.879 0.00824971 0.997091 -0.0757674 -11.9155 0.839658 0.0342413 0.542035 108.655 
0.557649 -0.0663775 -0.827419 -102.832 0.00663986 0.997122 -0.0755166 -12.0001 0.83005 0.0366178 0.556485 109.219 
0.567905 -0.0624011 -0.820726 -103.614 0.0051732 0.997373 -0.0722523 -12.1328 0.823078 0.0367867 0.566735 109.79 
0.57898 -0.064603 -0.812779 -104.485 0.00644565 0.997188 -0.0746691 -12.1899 0.815316 0.0379931 0.577768 110.396 
0.590263 -0.064668 -0.804616 -105.343 0.00567511 0.997094 -0.0759745 -12.2868 0.807191 0.0402787 0.588915 111.031 
0.601431 -0.0623811 -0.796486 -106.206 0.00321279 0.997128 -0.0756695 -12.4008 0.798918 0.0429511 0.599904 111.651 
0.611347 -0.0646953 -0.788714 -107.059 0.00701594 0.997057 -0.0763467 -12.5143 0.791331 0.0411408 0.610002 112.313 
0.622013 -0.068197 -0.780031 -107.873 0.00782447 0.996692 -0.0809 -12.5648 0.782968 0.0442176 0.620489 112.94 
0.632229 -0.066825 -0.771895 -108.647 0.00999354 0.996894 -0.0781185 -12.6763 0.774718 0.0416748 0.630933 113.534 
0.64183 -0.0607579 -0.764436 -109.455 0.00667351 0.997261 -0.0736598 -12.7936 0.766818 0.0421756 0.640478 114.193 
0.649541 -0.0609259 -0.757882 -110.207 0.00691134 0.997216 -0.0742426 -12.867 0.760295 0.0429857 0.648154 114.881 
0.658417 -0.0588218 -0.750351 -110.934 0.00445252 0.997228 -0.0742681 -12.9679 0.75264 0.0455585 0.656854 115.533 
0.669685 -0.059872 -0.740228 -111.858 0.00374395 0.997004 -0.0772537 -13.02 0.742636 0.0489644 0.667903 116.188 
0.678626 -0.0614338 -0.73191 -112.476 0.00625552 0.996943 -0.0778796 -13.0985 0.734457 0.0482727 0.676936 116.78 
0.689998 -0.0595712 -0.721355 -113.128 0.00654907 0.99708 -0.0760769 -13.1789 0.723781 0.0477688 0.688374 117.27 
0.697736 -0.0578735 -0.714013 -113.774 0.00765128 0.997276 -0.0733563 -13.2714 0.716314 0.0457203 0.696279 117.905 
0.705897 -0.0582694 -0.705914 -114.475 0.00946132 0.997297 -0.0728605 -13.3516 0.708252 0.0447531 0.70454 118.569 
0.713256 -0.0565235 -0.698621 -115.15 0.00764107 0.997311 -0.0728886 -13.4506 0.700862 0.04665 0.71177 119.251 
0.719183 -0.057138 -0.692468 -115.785 0.00891455 0.99729 -0.0730316 -13.5182 0.694764 0.0463501 0.717743 119.935 
0.724562 -0.0557512 -0.686951 -116.438 0.00861274 0.997378 -0.0718605 -13.568 0.689156 0.0461509 0.723142 120.659 
0.731206 -0.0546781 -0.679961 -117.077 0.00908917 0.997475 -0.0704364 -13.6397 0.682096 0.0453233 0.729857 121.374 
0.737895 -0.0513843 -0.672957 -117.611 0.00664067 0.997602 -0.0688915 -13.7165 0.674883 0.0463659 0.736467 121.98 
0.744869 -0.0515552 -0.665216 -118.219 0.00782918 0.997617 -0.0685501 -13.8031 0.667165 0.0458528 0.743497 122.631 
0.75292 -0.0482367 -0.656342 -118.826 0.00701937 0.997842 -0.0652825 -13.8859 0.658074 0.0445455 0.751634 123.282 
0.761424 -0.0457402 -0.646639 -119.402 0.0064988 0.997996 -0.0629412 -13.9656 0.648222 0.0437226 0.760195 123.938 
0.77057 -0.0410026 -0.636035 -119.965 0.00459667 0.99826 -0.0587848 -14.0412 0.637339 0.0423742 0.769418 124.589 
0.780959 -0.0399803 -0.623301 -120.524 0.00377111 0.998233 -0.0593045 -14.0948 0.624571 0.0439639 0.77973 125.223 
0.791207 -0.0375698 -0.610393 -121.074 0.00108342 0.998196 -0.0600348 -14.1567 0.611547 0.0468387 0.78982 125.857 
0.800782 -0.0397733 -0.597633 -121.569 0.00224703 0.997985 -0.0634064 -14.1704 0.598951 0.0494319 0.799258 126.496 
0.810303 -0.0372541 -0.584826 -122.05 0.000978325 0.998062 -0.0622222 -14.2345 0.586011 0.0498467 0.808769 127.186 
0.820351 -0.0361044 -0.57072 -122.541 0.00173272 0.998157 -0.0606541 -14.306 0.571858 0.0487688 0.818902 127.812 
0.829152 -0.034872 -0.557935 -122.975 0.00264354 0.998286 -0.0584663 -14.3352 0.559018 0.0470025 0.827823 128.477 
0.837986 -0.0319614 -0.544755 -123.419 0.00173396 0.998434 -0.0559121 -14.3952 0.545689 0.045909 0.836729 129.176 
0.846818 -0.0312628 -0.530964 -123.871 0.00391168 0.99861 -0.0525589 -14.4541 0.531869 0.0424309 0.845763 129.902 
0.85465 -0.0310653 -0.518275 -124.246 0.00550401 0.998694 -0.0507853 -14.4896 0.519176 0.0405511 0.853705 130.356 
0.861491 -0.0331741 -0.506689 -124.706 0.00876355 0.998686 -0.0504863 -14.531 0.507698 0.0390531 0.86065 131.143 
0.867787 -0.0335684 -0.495801 -125.093 0.00975171 0.998674 -0.0505474 -14.5709 0.496841 0.0390296 0.866964 131.783 
0.874376 -0.0325904 -0.484154 -125.523 0.00949729 0.9987 -0.0500748 -14.6245 0.485156 0.0391861 0.873549 132.477 
0.880658 -0.03345 -0.472571 -125.938 0.0109983 0.998679 -0.0501937 -14.6758 0.473626 0.0390061 0.879862 133.232 
0.886682 -0.0344042 -0.461097 -126.374 0.0122507 0.998626 -0.0509533 -14.7172 0.462217 0.0395306 0.885886 134.036 
0.892306 -0.0342075 -0.450134 -126.721 0.0125883 0.998623 -0.0509356 -14.7556 0.451256 0.0397838 0.891507 134.735 
0.897203 -0.036774 -0.440086 -127.118 0.0154593 0.998532 -0.0519215 -14.7802 0.441349 0.0397807 0.896454 135.492 
0.901697 -0.0335837 -0.431063 -127.51 0.0129699 0.998631 -0.0506722 -14.8757 0.432174 0.0401002 0.900898 136.247 
0.904865 -0.0321023 -0.424487 -127.883 0.0120996 0.998689 -0.0497349 -14.9127 0.425527 0.0398673 0.904067 137.04 
0.907468 -0.0307964 -0.418991 -128.272 0.0121817 0.998819 -0.047031 -14.9536 0.419945 0.0375752 0.906772 137.886 
0.91061 -0.0290899 -0.412241 -128.671 0.012011 0.998961 -0.0439607 -14.9778 0.413091 0.0350797 0.910014 138.713 
0.913954 -0.0223445 -0.405202 -129.052 0.00640501 0.999153 -0.0406506 -15.0073 0.405767 0.0345575 0.913323 139.627 
0.917301 -0.0212166 -0.397629 -129.406 0.00637421 0.999234 -0.0386122 -15.0871 0.398144 0.0328844 0.916733 140.247 
0.920559 -0.0197661 -0.390103 -129.781 0.00592087 0.99931 -0.0366622 -15.1252 0.390558 0.03144 0.920041 141.024 
0.923731 -0.017762 -0.382629 -130.179 0.00531603 0.999423 -0.0335605 -15.1716 0.383004 0.0289669 0.923292 141.979 
0.927318 -0.0173541 -0.373872 -130.585 0.00592397 0.99948 -0.0316998 -15.2073 0.374228 0.027181 0.926939 142.841 
0.93108 -0.0176216 -0.36439 -130.967 0.00694975 0.999508 -0.0305776 -15.2438 0.364749 0.0259378 0.930744 143.668 
0.934618 -0.0183601 -0.355179 -131.35 0.00784618 0.999488 -0.0310196 -15.286 0.355566 0.0262048 0.934284 144.562 
0.938285 -0.0182051 -0.345385 -131.653 0.00826432 0.999509 -0.0302327 -15.3684 0.345765 0.0255126 0.937974 145.427 
0.941707 -0.0198657 -0.335847 -131.951 0.00991144 0.99946 -0.0313279 -15.4199 0.336288 0.026173 0.941395 146.348 
0.94535 -0.0193216 -0.325485 -132.238 0.00941087 0.999444 -0.0319963 -15.4895 0.325923 0.0271847 0.945006 147.279 
0.950273 -0.0160006 -0.311007 -132.553 0.00626297 0.999459 -0.0322835 -15.4923 0.311356 0.0287304 0.949859 147.536 
0.955342 -0.0126677 -0.295231 -132.824 0.00365335 0.999511 -0.0310651 -15.5367 0.29548 0.0285992 0.954921 148.495 
0.960705 -0.00725098 -0.277476 -132.973 -0.000217805 0.999639 -0.0268767 -15.6055 0.27757 0.0258811 0.960357 149.215 
0.966402 -0.0044016 -0.256999 -133.178 -0.00210753 0.999684 -0.0250467 -15.6342 0.257028 0.0247468 0.966087 149.862 
0.971584 -0.00106854 -0.236693 -133.287 -0.00461439 0.999714 -0.0234546 -15.7027 0.23665 0.0238804 0.971301 150.754 
0.976032 -5.45012e-05 -0.217628 -133.267 -0.00486654 0.999744 -0.0220763 -15.7633 0.217574 0.0226063 0.975782 151.442 
0.980471 0.00110627 -0.196658 -133.349 -0.00479745 0.999821 -0.0182943 -15.8319 0.196603 0.0188805 0.980301 152.239 
0.984615 0.0035597 -0.174704 -133.509 -0.00620385 0.999874 -0.0145915 -15.8621 0.17463 0.0154509 0.984513 152.929 
0.987954 0.00251198 -0.15473 -133.654 -0.00420047 0.999935 -0.0105868 -15.8702 0.154694 0.0111093 0.9879 153.493 
0.991249 0.00403012 -0.131942 -133.835 -0.00509904 0.999957 -0.0077649 -15.904 0.131905 0.00836978 0.991227 154.651 
0.993893 0.00577163 -0.110193 -133.895 -0.00666915 0.999948 -0.00777846 -15.9496 0.110143 0.0084659 0.99388 155.732 
0.996045 0.00570394 -0.0886687 -134.038 -0.00654617 0.999936 -0.00921111 -15.9964 0.0886105 0.00975516 0.996019 156.737 
0.9976 0.00493294 -0.0690639 -134.039 -0.0055909 0.999941 -0.00933729 -16.0412 0.0690137 0.00970105 0.997569 157.758 
0.99877 0.00485934 -0.0493411 -134.109 -0.00514644 0.999971 -0.00569408 -16.0983 0.0493119 0.00594105 0.998766 158.92 
0.999548 0.0063393 -0.0293857 -134.106 -0.00644582 0.999973 -0.00353309 -16.175 0.0293624 0.00372095 0.999562 160.24 
0.999932 0.00673555 -0.00947776 -134.136 -0.00676732 0.999972 -0.00332832 -16.1554 0.00945503 0.00339227 0.99995 161.389 
0.999939 0.00476811 0.0100122 -134.179 -0.00473671 0.999984 -0.0031532 -16.1437 -0.0100271 0.00310562 0.999945 162.6 
0.999541 0.00524314 0.0298527 -134.117 -0.00521299 0.999986 -0.00108648 -16.2177 -0.029858 0.000930399 0.999554 163.286 
0.998703 0.00716619 0.0504053 -134.173 -0.00713213 0.999974 -0.000854669 -16.2544 -0.0504102 0.000494104 0.998729 164.005 
0.99727 0.0060549 0.0735907 -134.449 -0.00594083 0.999981 -0.00176833 -16.2376 -0.0736 0.00132635 0.997287 164.578 
0.995577 0.00563225 0.0937823 -134.401 -0.00528813 0.999978 -0.00391705 -16.2695 -0.0938023 0.00340383 0.995585 165.607 
0.993466 0.00632529 0.113955 -134.35 -0.00564796 0.999964 -0.00626529 -16.2637 -0.113991 0.00558078 0.993466 166.667 
0.9908 0.00660625 0.135177 -134.299 -0.00540144 0.999942 -0.00927729 -16.1357 -0.13523 0.00846183 0.990778 167.737 
0.987989 0.00760882 0.154336 -134.177 -0.00583282 0.999912 -0.0119567 -16.1756 -0.154413 0.0109129 0.987946 168.845 
0.985316 0.00774274 0.170564 -133.778 -0.00516061 0.999865 -0.0155767 -16.2996 -0.170661 0.0144678 0.985224 169.82 
0.982248 0.00723663 0.18745 -133.525 -0.0033683 0.999775 -0.0209467 -16.371 -0.187559 0.0199435 0.982051 171.087 
0.979519 0.00443621 0.201304 -133.187 0.00114455 0.999618 -0.0275979 -16.4161 -0.20135 0.0272631 0.97914 172.53 
0.975743 0.00608196 0.218836 -132.933 0.000816359 0.999506 -0.0314184 -16.4938 -0.218919 0.0308349 0.975256 173.863 
0.971535 0.00714106 0.23679 -132.694 0.000664792 0.999459 -0.0328689 -16.5635 -0.236897 0.0320907 0.971005 175.09 
0.967209 0.00466212 0.253939 -132.35 0.00361213 0.999478 -0.0321075 -16.6364 -0.253956 0.0319719 0.966687 176.557 
0.962783 0.00497517 0.270231 -132.029 0.00382944 0.999479 -0.0320446 -16.7025 -0.27025 0.0318869 0.962262 177.726 
0.957849 0.00628187 0.287203 -131.638 0.0039735 0.999376 -0.0351107 -16.8411 -0.287245 0.034772 0.957226 178.786 
0.952827 0.00834742 0.3034 -131.221 0.00354059 0.999248 -0.0386113 -16.8945 -0.303494 0.0378641 0.952081 180.193 
0.947756 0.0088291 0.318873 -130.747 0.00339832 0.999281 -0.0377689 -17.0183 -0.318977 0.0368794 0.947045 181.488 
0.942323 0.0116781 0.334502 -130.186 0.000858024 0.999304 -0.0373046 -17.1105 -0.334704 0.03544 0.941657 182.848 
0.935756 0.014665 0.352342 -129.754 -0.000544851 0.999194 -0.0401408 -17.1669 -0.352647 0.0373701 0.93501 184.224 
0.929082 0.0154989 0.36955 -129.271 0.000366304 0.999083 -0.0428224 -17.2922 -0.369875 0.0399209 0.928224 185.585 
0.921084 0.0162021 0.389026 -129.114 0.000920513 0.99904 -0.0437873 -17.3866 -0.389362 0.0406899 0.920186 186.621 
0.912913 0.0168116 0.407807 -128.625 0.00323215 0.998822 -0.0484111 -17.4874 -0.408141 0.0455133 0.911784 187.913 
0.904249 0.0200323 0.426536 -128.008 0.00294565 0.998583 -0.0531431 -17.6168 -0.426996 0.0493111 0.902908 189.248 
0.893874 0.0231843 0.447719 -127.493 0.00173123 0.998476 -0.0551605 -17.7119 -0.448316 0.0500816 0.892471 190.432 
0.880771 0.0251751 0.472872 -126.983 0.000642612 0.998521 -0.0543568 -17.8859 -0.473541 0.0481798 0.879453 191.819 
0.86585 0.0312351 0.499329 -126.33 -0.00403466 0.998453 -0.0554611 -18.0073 -0.500288 0.0460064 0.864636 193.256 
0.850338 0.0353902 0.525046 -125.594 -0.00557233 0.998286 -0.0582637 -18.1126 -0.526208 0.0466182 0.849077 194.608 
0.834486 0.0388488 0.549658 -124.776 -0.00674077 0.998157 -0.060314 -18.2276 -0.550988 0.0466261 0.83321 195.954 
0.818192 0.0395619 0.573583 -123.956 -0.00463947 0.998052 -0.0622207 -18.3446 -0.574927 0.0482474 0.816781 197.286 
0.801246 0.0426966 0.59681 -123.108 -0.00555723 0.997939 -0.063933 -18.4651 -0.598309 0.0479094 0.799832 198.638 
0.784762 0.0441251 0.618225 -122.141 -0.0035758 0.997768 -0.0666755 -18.605 -0.619788 0.0501137 0.783168 199.873 
0.768095 0.0451748 0.638741 -121.185 0.000391708 0.997475 -0.0710171 -18.7501 -0.640336 0.0547981 0.766138 201.095 
0.751151 0.0487736 0.658326 -120.267 -0.000494152 0.997308 -0.073324 -18.8703 -0.660131 0.054752 0.749153 202.201 
0.734425 0.0500598 0.676841 -119.234 0.00231315 0.997086 -0.0762552 -18.9981 -0.678686 0.0575694 0.732169 203.353 
0.71847 0.0502614 0.693739 -118.18 0.0038952 0.997079 -0.0762724 -19.1591 -0.695547 0.0575017 0.716176 204.443 
0.7021 0.049402 0.710363 -117.165 0.00674848 0.997084 -0.0760118 -19.3678 -0.712047 0.0581618 0.699719 205.547 
0.685381 0.0505047 0.726431 -116.069 0.00901441 0.996927 -0.0778157 -19.4782 -0.728129 0.0598817 0.682819 206.726 
0.669415 0.0527947 0.74101 -114.925 0.010039 0.996738 -0.0800835 -19.6494 -0.742821 0.0610481 0.666701 207.845 
0.652836 0.0523799 0.755686 -113.849 0.0135045 0.996643 -0.0807482 -19.9621 -0.757379 0.0629205 0.649937 208.892 
0.636327 0.0541027 0.76952 -112.607 0.0149923 0.996482 -0.0824569 -20.1411 -0.771274 0.0640065 0.633277 210.02 
0.620479 0.0552283 0.782276 -111.394 0.013661 0.996605 -0.0811953 -20.3286 -0.784104 0.0610667 0.617618 210.973 
0.604931 0.055365 0.794351 -110.134 0.0127082 0.996782 -0.0791518 -20.5045 -0.796177 0.0579761 0.60228 211.857 
0.586756 0.0554253 0.807864 -109.007 0.0100319 0.997081 -0.0756931 -20.6693 -0.809701 0.0525179 0.584488 212.704 
0.568321 0.0575442 0.820792 -107.813 0.0049651 0.997293 -0.0733561 -20.8266 -0.822792 0.0457652 0.566497 213.573 
0.550292 0.0596277 0.83284 -106.594 0.00107709 0.997395 -0.0721207 -20.9541 -0.834972 0.0405845 0.548795 214.39 
0.532645 0.0623501 0.844039 -105.355 0.00145902 0.997214 -0.074586 -21.0237 -0.846337 0.0409594 0.53107 215.151 
0.513731 0.0650444 0.855482 -104.167 -0.00114072 0.997173 -0.0751324 -21.202 -0.857951 0.037622 0.512352 215.902 
0.49418 0.0643464 0.866975 -102.915 -0.00220807 0.997347 -0.0727638 -21.3734 -0.869357 0.0340441 0.493011 216.632 
0.472238 0.0612318 0.879342 -101.622 -0.000944958 0.997619 -0.0689604 -21.5403 -0.881471 0.0317348 0.471172 217.404 
0.448984 0.0617847 0.891401 -100.307 -0.00501289 0.997765 -0.066632 -21.6385 -0.893526 0.0254482 0.44829 218.151 
0.430561 0.0590049 0.900631 -99.0982 -0.00391723 0.997974 -0.0635096 -21.7762 -0.902553 0.0238168 0.42992 218.603 
0.411473 0.056712 0.909656 -97.9285 -0.00156278 0.998105 -0.0615193 -21.9021 -0.911421 0.0238919 0.410782 219.019 
0.396926 0.052185 0.916366 -96.9541 0.00322746 0.998297 -0.0582487 -22.0314 -0.917845 0.026078 0.396082 219.19 
0.37619 0.0494163 0.925224 -95.9587 0.00567482 0.998435 -0.0556338 -22.1717 -0.926525 0.0261794 0.375321 219.613 
0.352986 0.0508576 0.934246 -94.7461 0.0049259 0.998407 -0.0562115 -22.2825 -0.935616 0.0244439 0.352173 220.169 
0.333572 0.048838 0.941459 -93.4146 0.00961339 0.998429 -0.0551994 -22.4383 -0.942676 0.0274636 0.332578 220.585 
0.313219 0.0462947 0.948552 -92.2047 0.0107206 0.998575 -0.052276 -22.5687 -0.949621 0.0265429 0.312276 221.01 
0.292368 0.0460613 0.955196 -90.89 0.0108578 0.998615 -0.0514784 -22.6932 -0.956244 0.025422 0.291463 221.445 
0.272044 0.0505067 0.960959 -89.6913 0.0110887 0.998391 -0.0556132 -22.7858 -0.962221 0.025785 0.271046 221.858 
0.252164 0.0589583 0.965887 -88.3571 0.00865641 0.997965 -0.0631762 -22.9033 -0.967646 0.0242919 0.25114 222.26 
0.232806 0.0668683 0.970222 -87.0791 0.00513009 0.997535 -0.0699817 -23.0304 -0.97251 0.0212695 0.231889 222.589 
0.212858 0.0705081 0.974536 -85.8069 0.00356891 0.99733 -0.0729368 -23.1378 -0.977077 0.0190032 0.212038 222.94 
0.193933 0.0711383 0.978432 -84.5047 -0.000601939 0.997376 -0.0723963 -23.2731 -0.981015 0.0134511 0.193467 223.193 
0.175085 0.0704733 0.982028 -83.2083 -0.00316607 0.99747 -0.071017 -23.4105 -0.984548 0.00932481 0.174865 223.411 
0.155992 0.0700314 0.985273 -82.1463 -0.00521918 0.997528 -0.0700761 -23.5278 -0.987745 0.00578901 0.155972 223.622 
0.136664 0.0681425 0.988271 -80.9241 -0.00687598 0.997673 -0.0678399 -23.6471 -0.990594 0.00247596 0.136815 223.826 
0.118328 0.068787 0.990589 -79.6623 -0.00490664 0.997626 -0.0686895 -23.7413 -0.992962 0.00326744 0.118385 224.005 
0.100615 0.0686718 0.992553 -78.354 -0.00352008 0.997634 -0.0686665 -23.8782 -0.994919 0.00341503 0.100619 224.155 
0.0807322 0.0725895 0.994089 -77.0135 -0.00841141 0.997359 -0.0721451 -23.9869 -0.9967 -0.00253726 0.0811296 224.316 
0.0626239 0.0745767 0.995247 -75.9509 -0.00972922 0.997203 -0.074111 -24.0691 -0.99799 -0.00504185 0.0631743 224.383 
0.0452482 0.0711235 0.996441 -74.7527 -0.012196 0.997427 -0.07064 -24.1966 -0.998901 -0.00895626 0.0459992 224.466 
0.0295867 0.0668164 0.997327 -73.4886 -0.00883977 0.997742 -0.0665819 -24.3101 -0.999523 -0.0068462 0.0301105 224.566 
0.01543 0.0615911 0.997982 -72.2744 -0.00920909 0.998067 -0.061454 -24.444 -0.999839 -0.00824227 0.0159673 224.591 
0.00193386 0.0575473 0.998341 -71.1796 -0.00575678 0.998327 -0.0575352 -24.5566 -0.999982 -0.00563597 0.00226191 224.68 
-0.0093782 0.0589949 0.998214 -69.9641 -0.00687667 0.998231 -0.0590605 -24.6202 -0.999932 -0.00741828 -0.00895592 224.695 
-0.020284 0.0611159 0.997925 -68.8276 -0.00666321 0.9981 -0.061262 -24.7188 -0.999772 -0.00789202 -0.0198382 224.775 
-0.0264136 0.0617975 0.997739 -67.7071 -0.00816861 0.998041 -0.0620324 -24.8224 -0.999618 -0.00978864 -0.025857 224.762 
-0.0320322 0.0666345 0.997263 -66.5976 -0.00914033 0.997714 -0.0669582 -24.9026 -0.999445 -0.0112601 -0.0313499 224.746 
-0.0376236 0.0758291 0.996411 -65.5061 -0.00833682 0.997058 -0.0761931 -24.9917 -0.999257 -0.0111736 -0.0368807 224.747 
-0.0436986 0.0783337 0.995969 -64.431 -0.00969241 0.996841 -0.0788276 -25.0841 -0.998998 -0.013098 -0.0428013 224.773 
-0.048173 0.070292 0.996363 -63.3543 -0.0074868 0.997467 -0.0707319 -25.1828 -0.998811 -0.0108669 -0.0475247 224.758 
-0.0499116 0.0603381 0.996929 -62.2808 -0.00728839 0.998125 -0.0607753 -25.2731 -0.998727 -0.0102994 -0.0493782 224.72 
-0.0522828 0.0574001 0.996981 -61.1894 -0.00606087 0.99831 -0.0577944 -25.354 -0.998614 -0.00906423 -0.0518465 224.703 
-0.0508265 0.0588106 0.996974 -60.1477 -0.00584331 0.99823 -0.0591825 -25.4524 -0.99869 -0.00883368 -0.0503929 224.652 
-0.0511764 0.0617754 0.996777 -59.0845 -0.00567604 0.998051 -0.0621457 -25.5387 -0.998674 -0.00883814 -0.050726 224.628 
-0.0513435 0.0639892 0.996629 -58.027 -0.00900208 0.997875 -0.0645329 -25.6237 -0.998641 -0.0122851 -0.0506584 224.634 
-0.0502078 0.0647842 0.996635 -56.9902 -0.0111812 0.997795 -0.0654228 -25.7087 -0.998676 -0.0144284 -0.0493727 224.634 
-0.0467243 0.0652141 0.996777 -55.9583 -0.0109027 0.997774 -0.0657904 -25.8205 -0.998848 -0.0139416 -0.0459093 224.604 
-0.044463 0.0667073 0.996781 -54.959 -0.0140025 0.997629 -0.0673886 -25.8883 -0.998913 -0.0169537 -0.0434235 224.602 
-0.0404278 0.0681121 0.996858 -53.9346 -0.014592 0.997527 -0.0687495 -25.9575 -0.999076 -0.0173256 -0.039334 224.597 
-0.0336758 0.0683202 0.997095 -52.9116 -0.0156308 0.997503 -0.068876 -26.0215 -0.999311 -0.0179048 -0.0325238 224.571 
-0.0289454 0.0674206 0.997305 -51.9383 -0.014327 0.997592 -0.0678558 -26.0804 -0.999478 -0.0162525 -0.0279098 224.594 
-0.0218387 0.0666098 0.99754 -50.9505 -0.0115222 0.997695 -0.0668723 -26.175 -0.999695 -0.0129543 -0.0210209 224.607 
-0.0136251 0.0685032 0.997558 -49.9245 -0.0111834 0.997578 -0.0686572 -26.2359 -0.999845 -0.0120916 -0.012826 224.587 
-0.00785535 0.0691438 0.997576 -48.938 -0.0107813 0.997543 -0.0692264 -26.307 -0.999911 -0.011299 -0.00709059 224.604 
-0.00119682 0.0696614 0.99757 -47.932 -0.0121672 0.997496 -0.0696708 -26.3638 -0.999925 -0.0122211 -0.000346235 224.629 
0.00618803 0.0659732 0.997802 -46.9024 -0.0114877 0.99776 -0.0658991 -26.4593 -0.999915 -0.0110547 0.00693206 224.655 
0.0106476 0.0639133 0.997899 -45.9485 -0.00977981 0.997914 -0.0638099 -26.5401 -0.999896 -0.00907984 0.0112504 224.714 
0.0164061 0.0646459 0.997773 -44.9697 -0.00950228 0.997873 -0.0644961 -26.6152 -0.99982 -0.008423 0.0169854 224.768 
0.0234909 0.0665262 0.997508 -44.0051 -0.00856014 0.99776 -0.0663413 -26.7013 -0.999687 -0.00698039 0.0240078 224.82 
0.0288318 0.0677143 0.997288 -43.0534 -0.00769191 0.997688 -0.067519 -26.7798 -0.999555 -0.00572436 0.029286 224.886 
0.0358813 0.0704253 0.996872 -42.0481 -0.00932106 0.997494 -0.0701337 -26.858 -0.999313 -0.00677541 0.0364479 224.952 
0.0401964 0.0701663 0.996725 -41.1008 -0.0112804 0.9975 -0.0697659 -26.9449 -0.999128 -0.00843907 0.0408874 225.056 
0.0469478 0.0698381 0.996453 -40.1336 -0.0118255 0.997522 -0.0693559 -27.0132 -0.998827 -0.00852745 0.0476573 225.115 
0.0517294 0.0675272 0.996376 -39.1407 -0.0120473 0.997681 -0.0669902 -27.0883 -0.998589 -0.00853828 0.052423 225.217 
0.0586671 0.065736 0.996111 -38.1464 -0.0109691 0.997812 -0.0652022 -27.1706 -0.998217 -0.00710125 0.0592598 225.3 
0.0649191 0.0652778 0.995753 -37.2256 -0.0107498 0.997846 -0.0647141 -27.2513 -0.997833 -0.00650298 0.065481 225.369 
0.0722546 0.065017 0.995265 -36.2279 -0.00930377 0.997874 -0.064512 -27.3654 -0.997343 -0.00459843 0.0727059 225.471 
