1 2.12261e-08 -2.11895e-08 0 2.12261e-08 1 2.10703e-08 0 -2.11895e-08 2.10703e-08 1 0 
0.999883 0.00122066 0.0152472 0.0254004 -0.00121202 0.999999 -0.000572649 -0.0173847 -0.0152479 0.000554144 0.999884 0.147875 
0.999302 0.00353364 0.0371847 0.039359 -0.00351012 0.999994 -0.000696769 -0.00719656 -0.037187 0.000565801 0.999308 0.298444 
0.997946 0.00502034 0.0638716 0.0792536 -0.00509422 0.999987 0.000994527 -0.0106204 -0.0638658 -0.00131782 0.997958 0.420424 
0.995124 0.00522209 0.098496 0.107055 -0.00560824 0.999978 0.00364443 -0.0288209 -0.0984748 -0.00417901 0.995131 0.574358 
0.990752 0.000652163 0.135685 0.167809 -0.00146902 0.999981 0.00592057 -0.0140537 -0.135679 -0.0060651 0.990734 0.819534 
0.984758 -0.00172926 0.173924 0.260193 0.000625254 0.999979 0.00640249 -0.0058716 -0.173931 -0.00619612 0.984738 0.947349 
0.975596 -0.00113621 0.219572 0.325356 -0.000507387 0.999972 0.00742913 -0.00895305 -0.219574 -0.0073592 0.975568 1.16506 
0.963964 -0.000142694 0.266031 0.461557 -0.00288015 0.999936 0.0109727 -0.0151985 -0.266016 -0.0113435 0.963902 1.31027 
0.949327 -0.00373404 0.314268 0.577109 -0.00207611 0.999833 0.0181513 -0.0196419 -0.314284 -0.0178839 0.949161 1.54559 
0.93274 -0.0136259 0.360292 0.735335 0.00482388 0.999668 0.0253182 -0.0084611 -0.360518 -0.0218773 0.932496 1.72162 
0.911298 -0.0200245 0.41126 0.779426 0.00829898 0.999507 0.0302772 -0.0591608 -0.411664 -0.0241785 0.911015 1.83816 
0.885758 -0.0200336 0.463715 0.931997 0.00505051 0.999425 0.0335306 -0.0382141 -0.46412 -0.027358 0.88535 2.04256 
0.856387 -0.0237141 0.515789 0.964372 0.00446305 0.999247 0.0385316 -0.0716594 -0.516315 -0.030696 0.855848 2.16342 
0.823894 -0.0305257 0.565922 1.15302 0.00609114 0.998968 0.0450164 -0.0991914 -0.566712 -0.0336416 0.823229 2.35572 
0.787847 -0.0333217 0.614969 1.38418 0.00514428 0.998857 0.047532 -0.069305 -0.61585 -0.0342843 0.787117 2.56837 
0.748248 -0.0380275 0.662328 1.59559 0.00617509 0.998712 0.0503649 -0.0679216 -0.66339 -0.0335955 0.747519 2.76895 
0.707491 -0.0403334 0.70557 1.79976 0.00617913 0.998685 0.0508932 -0.0630361 -0.706695 -0.0316466 0.70681 2.94827 
0.665518 -0.0419745 0.745201 2.02999 0.00450562 0.998625 0.0522251 -0.0569875 -0.746369 -0.0313991 0.664792 3.07159 
0.622427 -0.0403763 0.781636 2.34139 -0.00166966 0.998598 0.0529133 -0.0110748 -0.782676 -0.0342397 0.621486 3.28106 
0.580727 -0.0416328 0.813033 2.65672 -0.00433885 0.998519 0.0542301 -0.00547298 -0.814087 -0.0350205 0.579686 3.45022 
0.539994 -0.0441924 0.840508 2.83169 -0.00444305 0.998457 0.0553516 -0.0321654 -0.841657 -0.0336239 0.538965 3.6065 
0.501516 -0.0467111 0.863886 3.25839 -0.00512658 0.998363 0.0569586 -0.0165123 -0.865133 -0.0329944 0.500456 3.80516 
0.463255 -0.045457 0.885059 3.66977 -0.00924675 0.998381 0.0561172 0.0271666 -0.886177 -0.0341805 0.462084 4.01307 
0.426138 -0.04526 0.903525 4.16187 -0.00831921 0.998509 0.0539417 0.0297787 -0.90462 -0.0305032 0.425127 4.25871 
0.391992 -0.0442369 0.918904 4.63471 -0.00621314 0.998693 0.0507285 0.039722 -0.919948 -0.0255944 0.391205 4.43503 
0.362109 -0.0425104 0.931166 5.11538 -0.00500731 0.998856 0.047548 0.0477087 -0.932122 -0.0218802 0.361482 4.58936 
0.336273 -0.0403205 0.940901 5.62587 -0.00470298 0.998999 0.044491 0.0858003 -0.941753 -0.0193862 0.335747 4.77989 
0.317003 -0.0386276 0.947638 6.13767 -0.00197858 0.999141 0.0413889 0.11565 -0.948423 -0.0149953 0.316654 4.92391 
0.303298 -0.0391004 0.952093 6.72974 9.02348e-05 0.999159 0.0410046 0.138721 -0.952896 -0.0123507 0.303047 5.07048 
0.291829 -0.0422477 0.955537 7.2239 -0.000318655 0.99902 0.0442676 0.113215 -0.95647 -0.0132231 0.29153 5.27768 
0.280544 -0.0442403 0.958821 7.81245 0.000104589 0.998939 0.0460608 0.138638 -0.959841 -0.0128218 0.280251 5.47002 
0.269887 -0.0461969 0.961783 8.46093 -0.00184141 0.998822 0.0484928 0.149096 -0.96289 -0.0148586 0.269484 5.65505 
0.260251 -0.0481327 0.964341 9.11367 -0.00171138 0.998732 0.0503112 0.18421 -0.96554 -0.0147439 0.259839 5.83173 
0.246527 -0.0499747 0.967847 9.83701 -0.00299056 0.998626 0.0523257 0.210877 -0.969131 -0.0157941 0.246039 6.10954 
0.237753 -0.0506035 0.970007 10.633 -0.000990031 0.998629 0.0523393 0.270007 -0.971325 -0.0134042 0.237377 6.27022 
0.225281 -0.0514079 0.972937 11.1763 -0.0028777 0.998568 0.0534286 0.306281 -0.97429 -0.0148363 0.22481 6.50058 
0.214316 -0.0542861 0.975255 11.9808 -0.00386721 0.998399 0.0564243 0.346379 -0.976757 -0.0158641 0.213763 6.69202 
0.203734 -0.0581741 0.977296 12.6742 -0.00317272 0.998189 0.0600792 0.370693 -0.979021 -0.0153409 0.203181 6.84147 
0.19163 -0.0622059 0.979494 13.465 -0.00448135 0.997924 0.0642531 0.403437 -0.981457 -0.0167022 0.190953 7.00082 
0.178861 -0.0637861 0.981804 14.237 -0.0037465 0.997845 0.0655108 0.458166 -0.983867 -0.0153957 0.178237 7.14524 
0.165071 -0.0630788 0.984263 15.0599 -1.93603e-05 0.997953 0.0639594 0.511777 -0.986282 -0.0105769 0.164732 7.27912 
0.150087 -0.0618002 0.986739 15.8452 -0.00101737 0.998034 0.0626624 0.553346 -0.988672 -0.0104087 0.149729 7.4246 
0.132381 -0.0607155 0.989338 16.6641 -0.00214117 0.998102 0.0615399 0.589735 -0.991197 -0.0102651 0.132 7.54886 
0.109455 -0.058934 0.992243 17.5263 -0.00486227 0.998197 0.059824 0.639809 -0.99398 -0.0113726 0.108972 7.69976 
0.083881 -0.0566244 0.994866 18.3372 -0.0101367 0.998284 0.0576737 0.687164 -0.996424 -0.0149224 0.0831631 7.77158 
0.0528761 -0.0566837 0.996991 19.1677 -0.0114286 0.998288 0.0573636 0.709287 -0.998536 -0.0144274 0.0521377 7.83539 
0.0181523 -0.0579012 0.998157 19.9866 -0.0169548 0.99816 0.0582098 0.719162 -0.999692 -0.0179802 0.0171372 7.89581 
-0.0173835 -0.0577849 0.998178 20.8383 -0.0197317 0.998154 0.0574399 0.723404 -0.999654 -0.0186973 -0.0184916 7.91372 
-0.0529037 -0.0566919 0.996989 21.6372 -0.0219793 0.998211 0.0555951 0.748312 -0.998358 -0.0189719 -0.0540551 7.87836 
-0.0861422 -0.0547726 0.994776 22.488 -0.025341 0.998285 0.0527714 0.786495 -0.995961 -0.0206627 -0.0873824 7.81053 
-0.119847 -0.0514252 0.99146 23.3325 -0.0276016 0.998444 0.0484511 0.816009 -0.992409 -0.0215592 -0.12108 7.73844 
-0.152729 -0.0477208 0.987115 24.2334 -0.0268016 0.998666 0.0441324 0.824544 -0.987905 -0.0197159 -0.153805 7.61885 
-0.183539 -0.0415137 0.982136 25.0926 -0.018826 0.999073 0.0387115 0.841158 -0.982832 -0.0113846 -0.18415 7.4419 
-0.214581 -0.0348467 0.976084 25.8973 -0.0121773 0.999381 0.0330014 0.869826 -0.97663 -0.00480456 -0.214873 7.25751 
-0.243747 -0.0301733 0.969369 26.7029 -0.0107562 0.999539 0.0284077 0.866147 -0.969779 -0.00350247 -0.243959 7.05838 
-0.271276 -0.0234622 0.962216 27.4844 -0.00200019 0.999714 0.0238127 0.879115 -0.962499 0.00453521 -0.271246 6.81288 
-0.298157 -0.0113327 0.95445 27.9279 0.00689761 0.999878 0.0140269 0.90727 -0.954492 0.0107656 -0.298043 6.76944 
-0.322091 0.00419312 0.9467 28.6763 0.0126775 0.99992 -0.000115589 0.883806 -0.946624 0.0119646 -0.322118 6.50665 
-0.347095 0.0225168 0.93756 29.4969 0.0144026 0.999722 -0.0186777 0.891321 -0.93772 0.00702036 -0.347322 6.20096 
-0.373524 0.0354593 0.926943 30.2209 0.0118552 0.99937 -0.0334527 0.856052 -0.927545 -0.00150627 -0.373709 5.97146 
-0.395895 0.0474522 0.917069 30.9579 0.0197534 0.998873 -0.0431576 0.795371 -0.918083 0.00102934 -0.396386 5.64266 
-0.42059 0.0512964 0.905799 31.712 0.0218863 0.998683 -0.0463941 0.752506 -0.906987 0.000311652 -0.421159 5.33512 
-0.443048 0.0515244 0.895016 32.4667 0.0278212 0.998656 -0.0437188 0.693287 -0.896066 0.00553094 -0.443886 4.98161 
-0.464375 0.0455666 0.884466 33.1334 0.0281974 0.99893 -0.036659 0.639 -0.88519 0.00791606 -0.465163 4.71265 
-0.481884 0.044665 0.875096 33.8233 0.037901 0.998828 -0.0301095 0.573264 -0.875415 0.0186578 -0.483012 4.34728 
-0.496528 0.0446693 0.86687 34.5376 0.0385368 0.998825 -0.0293956 0.533499 -0.867165 0.0188107 -0.497666 3.99739 
-0.511248 0.0468266 0.858157 35.1255 0.0399629 0.99873 -0.0306892 0.478264 -0.858504 0.0186046 -0.51247 3.80593 
-0.519974 0.0498536 0.852726 35.8573 0.0416227 0.998588 -0.0330006 0.43465 -0.853167 0.0183333 -0.521315 3.34862 
-0.533779 0.0476429 0.844281 36.4702 0.03474 0.998804 -0.034399 0.381431 -0.84491 0.0109689 -0.534795 3.11353 
-0.545237 0.0458821 0.837026 37.1297 0.0314184 0.998918 -0.0342904 0.360511 -0.837693 0.00760159 -0.546088 2.72057 
-0.55633 0.0475835 0.829598 37.7037 0.035108 0.998814 -0.0337457 0.298325 -0.830219 0.0103517 -0.557341 2.45338 
-0.565662 0.0506571 0.82308 38.4209 0.0359259 0.998678 -0.0367743 0.313978 -0.823854 0.00876802 -0.566734 2.07557 
-0.568855 0.0525305 0.820759 39.0721 0.0383151 0.998567 -0.037355 0.220888 -0.821545 0.0101979 -0.570053 1.61123 
-0.570329 0.0541826 0.819628 39.7213 0.0364469 0.998509 -0.0406465 0.156416 -0.820608 0.00669099 -0.571453 1.26043 
-0.567771 0.0545479 0.821377 40.3878 0.0373357 0.998482 -0.0405015 0.124625 -0.822339 0.00767111 -0.568946 0.850981 
-0.563573 0.0532149 0.82435 41.0746 0.0349613 0.998565 -0.0405596 0.0786204 -0.825326 0.00596205 -0.564625 0.477815 
-0.558722 0.0512852 0.827768 41.8112 0.0339314 0.998664 -0.0389704 -0.0101747 -0.828661 0.00631367 -0.559716 0.0943305 
-0.553535 0.0502614 0.831308 42.4475 0.0324291 0.998721 -0.03879 -0.0555568 -0.832194 0.00548694 -0.554457 -0.255331 
-0.548849 0.0482524 0.834528 43.1608 0.0291664 0.99883 -0.0385703 -0.112487 -0.835413 0.00317086 -0.549614 -0.625 
-0.547427 0.0443924 0.835675 43.7377 0.0247816 0.999014 -0.0368355 -0.195725 -0.836487 0.000544625 -0.547987 -0.828765 
-0.545959 0.0401986 0.836847 43.9446 0.0215889 0.999192 -0.0339124 -0.261234 -0.837533 -0.00044818 -0.546386 -1.14398 
-0.54476 0.0336684 0.837916 43.8865 0.0204523 0.99943 -0.0268614 -0.399176 -0.838343 0.00250428 -0.545138 -1.36152 
-0.549873 0.0321243 0.83463 44.3579 0.0179588 0.999484 -0.0266377 -0.423029 -0.835055 0.000341583 -0.550166 -1.55761 
-0.557414 0.0296411 0.829705 44.6151 0.0152759 0.99956 -0.0254463 -0.463094 -0.830094 -0.00150963 -0.557622 -1.52758 
-0.558996 0.0279794 0.828698 45.3476 0.0138344 0.999606 -0.0244178 -0.52505 -0.829055 -0.00218489 -0.559163 -1.92255 
-0.560615 0.026358 0.827657 46.1574 0.0128139 0.99965 -0.0231558 -0.569927 -0.827977 -0.00237598 -0.560756 -2.42015 
-0.561422 0.0267842 0.827096 47.1296 0.0134213 0.999639 -0.0232616 -0.579654 -0.827421 -0.00195888 -0.561579 -2.96384 
-0.563092 0.0243037 0.826037 47.9007 0.00961338 0.999693 -0.0228598 -0.613892 -0.826339 -0.00493114 -0.563152 -3.46316 
-0.563806 0.0227654 0.825593 48.755 0.00802006 0.999724 -0.02209 -0.703332 -0.825868 -0.00583319 -0.563833 -3.96992 
-0.563374 0.0245692 0.825836 49.5577 0.0112637 0.999693 -0.0220576 -0.704062 -0.826125 -0.00312468 -0.563478 -4.48279 
-0.566665 0.0193853 0.82372 50.7562 0.00579384 0.999792 -0.0195431 -0.898016 -0.823928 -0.00630192 -0.56666 -4.96268 
-0.567953 0.0164326 0.822897 51.5573 0.00635535 0.999858 -0.0155799 -0.971955 -0.823036 -0.00361888 -0.567977 -5.35212 
-0.570665 0.0146794 0.821052 52.272 0.00337335 0.999874 -0.0155319 -0.95447 -0.821176 -0.00609382 -0.570643 -5.5999 
-0.570603 0.0152347 0.821085 53.0636 0.00582062 0.999878 -0.0145071 -0.979246 -0.821206 -0.00349855 -0.570622 -6.04506 
-0.570828 0.0148308 0.820936 53.9023 0.0045052 0.999878 -0.0149309 -1.04346 -0.821058 -0.00482451 -0.570825 -6.4871 
-0.571494 0.0145126 0.820478 54.773 0.00373204 0.999879 -0.0150863 -1.1085 -0.820598 -0.00555968 -0.571479 -7.00293 
-0.574838 0.0151228 0.818127 55.6527 0.00161637 0.999848 -0.0173461 -1.14738 -0.818266 -0.00864878 -0.574775 -7.48196 
-0.578156 0.0148182 0.815792 56.5181 2.93889e-05 0.999835 -0.0181403 -1.2689 -0.815926 -0.0104639 -0.578061 -8.0289 
-0.584976 0.0139399 0.810931 57.3377 -0.0024738 0.999817 -0.0189713 -1.32614 -0.811047 -0.0131039 -0.584834 -8.49967 
-0.591512 0.0135649 0.806182 58.1666 -0.00123097 0.999842 -0.0177265 -1.34671 -0.806296 -0.0114778 -0.591402 -9.03321 
-0.596528 0.011252 0.802514 58.9887 -0.00176481 0.999881 -0.015331 -1.37772 -0.80259 -0.0105617 -0.596437 -9.62498 
-0.601825 0.00794223 0.798588 59.7949 -0.00623939 0.999873 -0.0146461 -1.41516 -0.798603 -0.0137971 -0.601699 -10.2113 
-0.606669 0.0106316 0.794884 60.5816 -0.00450076 0.999849 -0.016808 -1.46154 -0.794942 -0.0137745 -0.606529 -10.7936 
-0.612781 0.010901 0.790177 61.3696 -0.0054597 0.999823 -0.0180272 -1.52237 -0.790234 -0.0153609 -0.612613 -11.3259 
-0.619004 0.0115606 0.785303 62.1897 -0.00798994 0.999747 -0.0210155 -1.53807 -0.785347 -0.0192832 -0.618755 -11.8679 
-0.621498 0.011984 0.783325 62.9415 -0.00790394 0.999736 -0.0215659 -1.58481 -0.783376 -0.0195945 -0.621239 -12.4814 
-0.624916 0.0107252 0.780619 63.7427 -0.00829158 0.999758 -0.0203737 -1.62869 -0.780648 -0.0192044 -0.624676 -13.0699 
-0.627385 0.00377877 0.7787 64.5142 -0.00811419 0.999902 -0.0113896 -1.6864 -0.778667 -0.0134642 -0.627293 -13.6741 
-0.631732 -0.00342146 0.775179 65.2523 -0.00936226 0.999951 -0.00321619 -1.68384 -0.77513 -0.00928921 -0.631733 -14.1757 
-0.634296 -0.00624442 0.773065 66.0254 -0.0110814 0.999938 -0.00101525 -1.69681 -0.773011 -0.00921065 -0.634326 -14.768 
-0.63611 -0.00158497 0.771596 66.7643 -0.0101113 0.999929 -0.00628181 -1.72607 -0.771532 -0.0117978 -0.636081 -15.3335 
-0.63732 0.00431997 0.770587 67.5005 -0.00736766 0.999904 -0.011699 -1.77425 -0.770564 -0.0131334 -0.637227 -15.9167 
-0.638803 0.00757694 0.769333 68.2386 -0.00296055 0.99992 -0.0123061 -1.7999 -0.769365 -0.0101388 -0.638729 -16.4919 
-0.637068 0.00999302 0.770743 68.9777 0.00132726 0.999929 -0.0118674 -1.83588 -0.770806 -0.00653739 -0.637036 -17.1435 
-0.636016 0.00523393 0.771658 69.7222 -0.00137342 0.999968 -0.00791446 -1.87643 -0.771674 -0.00609354 -0.635989 -17.7674 
-0.634924 0.00119976 0.772574 70.4724 -0.00144666 0.999995 -0.00274181 -1.90395 -0.772573 -0.0028585 -0.634919 -18.3776 
-0.633651 -0.00541194 0.7736 71.2075 -0.00502023 0.999983 0.00288366 -1.9218 -0.773603 -0.00205643 -0.633668 -18.9614 
-0.633099 -0.0113983 0.773987 71.9361 -0.012565 0.999911 0.00444763 -1.94065 -0.773969 -0.0069094 -0.633186 -19.5106 
-0.631753 -0.018021 0.77496 72.6815 -0.0211299 0.999759 0.00602336 -1.9545 -0.774882 -0.0125695 -0.631981 -20.0686 
-0.631935 -0.0173433 0.774827 73.4009 -0.0174039 0.999815 0.00818502 -1.98814 -0.774826 -0.00831265 -0.63212 -20.5773 
-0.629856 -0.0141377 0.776584 74.1426 -0.0148964 0.99987 0.00612074 -1.98979 -0.776569 -0.00771313 -0.629985 -21.1407 
-0.626324 -0.0106434 0.779491 74.8814 -0.0130272 0.99991 0.00318572 -1.997 -0.779454 -0.00815931 -0.626406 -21.6793 
-0.620156 -0.00793631 0.784438 75.6227 -0.00974118 0.99995 0.00241559 -1.99103 -0.784418 -0.00614331 -0.620202 -22.2384 
-0.613727 -0.00558611 0.789499 76.3656 -0.0047157 0.999983 0.00340962 -2.00094 -0.789505 -0.00163048 -0.613743 -22.787 
-0.605604 -0.00589968 0.795744 77.1155 -0.00518098 0.999981 0.00347092 -2.00618 -0.795749 -0.00202074 -0.605623 -23.3118 
-0.596226 -0.00897634 0.802767 77.8783 -0.0111139 0.999934 0.00292663 -1.99881 -0.80274 -0.0071769 -0.596286 -23.8314 
-0.585389 -0.00895266 0.810703 78.6753 -0.00652414 0.999959 0.00633174 -1.99375 -0.810726 -0.00158262 -0.585423 -24.3883 
-0.576691 -0.0136346 0.816849 79.4638 -0.0122916 0.999892 0.00801213 -2.04868 -0.81687 -0.00541982 -0.576797 -24.8825 
-0.565764 -0.0122593 0.824476 80.19 -0.0106747 0.999915 0.00754291 -2.02787 -0.824498 -0.00453352 -0.565846 -25.3585 
-0.555331 -0.0115774 0.831549 80.993 -0.00769198 0.999932 0.00878481 -2.05087 -0.831594 -0.00151778 -0.555382 -25.8638 
-0.543818 -0.00890875 0.839156 81.7925 -0.00660574 0.999958 0.00633504 -2.07614 -0.839177 -0.00209814 -0.543854 -26.3655 
-0.533832 -0.000348923 0.845591 82.5795 -0.00567385 0.999979 -0.00316931 -2.08443 -0.845572 -0.00648964 -0.533823 -26.8232 
-0.520924 0.00347603 0.853596 83.3732 -0.00855888 0.99992 -0.0092951 -2.0932 -0.85356 -0.0121479 -0.520853 -27.2988 
-0.512741 0.000258149 0.858543 84.1047 -0.0115779 0.999907 -0.00721521 -2.10835 -0.858465 -0.0136397 -0.51269 -27.6791 
-0.501835 -0.00479935 0.86495 84.909 -0.016865 0.999849 -0.00423697 -2.13014 -0.864799 -0.0167136 -0.50184 -28.1193 
-0.494541 -0.00248832 0.869151 85.7251 -0.0134664 0.999898 -0.00479962 -2.1616 -0.86905 -0.0140779 -0.494524 -28.5255 
-0.488883 0.00423599 0.872339 86.4992 -0.0100921 0.999894 -0.0105112 -2.1944 -0.872291 -0.0139425 -0.488789 -28.9275 
-0.485202 0.00692204 0.874375 87.364 -0.0125451 0.999811 -0.0148765 -2.25943 -0.874312 -0.0181872 -0.485023 -29.3374 
-0.484509 0.00681106 0.87476 88.2717 -0.0194689 0.999638 -0.0185667 -2.26533 -0.87457 -0.0260264 -0.484201 -29.7415 
-0.479758 0.00742141 0.87737 89.0896 -0.0204894 0.999597 -0.0196591 -2.28415 -0.877162 -0.0274084 -0.479412 -30.177 
-0.474749 0.00593198 0.880101 89.7816 -0.0239499 0.99952 -0.0196561 -2.33673 -0.879795 -0.0304101 -0.474379 -30.574 
-0.470765 0.000290473 0.882258 90.6046 -0.0284769 0.999474 -0.015524 -2.38542 -0.881799 -0.0324322 -0.470509 -30.9501 
-0.466906 -0.00512708 0.884292 91.4243 -0.0321354 0.999421 -0.0111729 -2.41295 -0.883723 -0.0336338 -0.466801 -31.3261 
-0.462109 -0.00950073 0.886773 92.2316 -0.0363158 0.999307 -0.00821821 -2.43754 -0.88608 -0.0360016 -0.462133 -31.7086 
-0.458261 -0.0133094 0.888718 93.0909 -0.05023 0.998678 -0.0109446 -2.45783 -0.887397 -0.0496558 -0.458324 -32.0701 
-0.452748 -0.015333 0.891506 93.9345 -0.0582314 0.998226 -0.0124042 -2.4976 -0.889735 -0.0575297 -0.452838 -32.4372 
-0.447607 -0.0109859 0.894163 94.7397 -0.0560451 0.998303 -0.0157901 -2.53834 -0.892472 -0.0571812 -0.447464 -32.8032 
-0.442022 -0.00921885 0.896957 95.5316 -0.0577529 0.998165 -0.0182016 -2.57015 -0.895143 -0.0598473 -0.441743 -33.1496 
-0.437837 -0.0109881 0.898987 96.3495 -0.0622778 0.997894 -0.0181343 -2.59309 -0.896895 -0.0639268 -0.437599 -33.4762 
-0.432515 -0.0175752 0.901456 97.1543 -0.0673601 0.997646 -0.0128685 -2.63994 -0.899107 -0.066288 -0.43268 -33.8267 
-0.426622 -0.0205494 0.904197 98.0226 -0.0705431 0.997452 -0.0106152 -2.66595 -0.901675 -0.0683135 -0.426985 -34.1833 
-0.422953 -0.0184952 0.905963 98.8342 -0.0764385 0.996956 -0.0153328 -2.67849 -0.902922 -0.0757355 -0.423079 -34.4946 
-0.418798 -0.0172225 0.907916 99.6343 -0.0814386 0.996504 -0.0186625 -2.70665 -0.90442 -0.0817553 -0.418737 -34.8207 
-0.409784 -0.0152931 0.912055 100.449 -0.0807055 0.996546 -0.0195508 -2.71515 -0.908606 -0.0816194 -0.409603 -35.2139 
-0.405185 -0.0147395 0.914116 101.332 -0.0805126 0.996561 -0.0196186 -2.71116 -0.910683 -0.0815471 -0.404978 -35.5216 
-0.397496 -0.0146457 0.917487 102.151 -0.0757939 0.99698 -0.0169227 -2.75218 -0.914468 -0.0762667 -0.397406 -35.87 
-0.390728 -0.0147317 0.920388 102.964 -0.0785224 0.996761 -0.0173806 -2.79013 -0.917151 -0.0790622 -0.390619 -36.2011 
-0.384767 -0.0137813 0.922911 103.774 -0.0742564 0.99711 -0.0160687 -2.83321 -0.920022 -0.0747148 -0.384679 -36.5078 
-0.379291 -0.0158003 0.925143 104.527 -0.0807192 0.996607 -0.0160725 -2.85561 -0.92175 -0.0807729 -0.379279 -36.7818 
-0.3721 -0.0159204 0.928056 105.339 -0.0802148 0.996664 -0.0150644 -2.87127 -0.92472 -0.0800493 -0.372136 -37.114 
-0.368238 -0.0150854 0.929609 106.159 -0.077252 0.996907 -0.0144236 -2.89586 -0.926517 -0.0771255 -0.368264 -37.4146 
-0.363897 -0.0155801 0.931309 106.965 -0.0758237 0.997037 -0.0129474 -2.94681 -0.928348 -0.0753268 -0.364 -37.7072 
-0.358538 -0.0137609 0.933414 107.779 -0.0755947 0.997036 -0.0143381 -2.95736 -0.93045 -0.0757019 -0.358515 -38.0048 
-0.352147 -0.0141786 0.935837 108.638 -0.0674062 0.997673 -0.0102489 -2.99392 -0.933514 -0.0666904 -0.352284 -38.3273 
-0.348824 -0.0136091 0.93709 109.487 -0.059854 0.998177 -0.00778385 -3.00933 -0.935275 -0.0588037 -0.349003 -38.6126 
-0.345642 -0.0169301 0.938214 110.34 -0.0616158 0.998089 -0.00468891 -3.03908 -0.936342 -0.0594295 -0.346024 -38.8907 
-0.342656 -0.0154595 0.939334 111.187 -0.0638232 0.997938 -0.00685781 -3.05175 -0.937291 -0.0623012 -0.342936 -39.1548 
-0.339489 -0.0147235 0.940495 112.028 -0.0645231 0.997887 -0.00766877 -3.08324 -0.938395 -0.0632871 -0.339721 -39.4209 
-0.339356 -0.0155258 0.94053 112.855 -0.0682164 0.997637 -0.00814489 -3.09212 -0.938181 -0.0669236 -0.339614 -39.6739 
-0.338481 -0.0166449 0.940826 113.703 -0.0683937 0.997634 -0.006956 -3.11671 -0.938484 -0.0667011 -0.338819 -39.9386 
-0.336812 -0.018984 0.941381 114.525 -0.0640782 0.997941 -0.00280154 -3.14607 -0.939389 -0.0612655 -0.337335 -40.2357 
-0.336033 -0.0257464 0.941498 115.376 -0.0645558 0.997905 0.00424815 -3.18677 -0.939635 -0.0593517 -0.336991 -40.512 
-0.334359 -0.0271323 0.942055 116.144 -0.0614854 0.998084 0.00692332 -3.21894 -0.940438 -0.0556078 -0.335387 -40.7512 
-0.334793 -0.022496 0.942023 116.972 -0.0650228 0.997884 0.000721015 -3.21153 -0.940046 -0.0610116 -0.335547 -40.9978 
-0.334298 -0.0182886 0.94229 117.778 -0.064527 0.99791 -0.00352421 -3.21698 -0.940256 -0.0619813 -0.334779 -41.272 
-0.334749 -0.0169735 0.942154 118.665 -0.0690846 0.997589 -0.00657365 -3.20854 -0.939771 -0.0672889 -0.335115 -41.5688 
-0.331776 -0.0166336 0.943211 119.393 -0.069705 0.997544 -0.00692703 -3.22477 -0.940779 -0.0680447 -0.332121 -41.8198 
-0.332406 -0.015683 0.943006 120.201 -0.0688839 0.997595 -0.0076905 -3.24647 -0.940617 -0.0675143 -0.332687 -42.0816 
-0.334085 -0.0141951 0.942436 121.052 -0.0743933 0.997164 -0.0113522 -3.2519 -0.939603 -0.0739035 -0.334194 -42.3429 
-0.334147 -0.0141958 0.942414 121.855 -0.0804845 0.996664 -0.0135239 -3.29 -0.939078 -0.0803687 -0.334175 -42.5935 
-0.33297 -0.0161958 0.942798 122.616 -0.0920824 0.995632 -0.0154175 -3.31951 -0.93843 -0.0919487 -0.333007 -42.8121 
-0.333885 -0.0124748 0.942531 123.312 -0.0915056 0.995619 -0.0192377 -3.36207 -0.938162 -0.0926701 -0.333563 -43.0543 
-0.333483 -0.0126476 0.942671 124.064 -0.0854929 0.996196 -0.0168785 -3.41135 -0.938872 -0.0862205 -0.333296 -43.3024 
-0.331299 -0.00873773 0.943485 124.957 -0.0862962 0.996047 -0.0210779 -3.36985 -0.939571 -0.0884023 -0.330744 -43.6105 
-0.331032 -0.00952553 0.943571 125.738 -0.0811063 0.996536 -0.0183942 -3.41176 -0.940127 -0.0826186 -0.330658 -43.8458 
-0.331563 -0.0147174 0.943318 126.446 -0.0863546 0.996154 -0.0148106 -3.43955 -0.939473 -0.0863706 -0.331559 -44.016 
-0.330421 -0.022169 0.943573 127.291 -0.0960592 0.995323 -0.0102532 -3.47092 -0.938933 -0.0940268 -0.331005 -44.2702 
-0.328458 -0.0234468 0.944227 128.031 -0.0977463 0.995168 -0.00929021 -3.49952 -0.939447 -0.0953462 -0.329163 -44.4819 
-0.323117 -0.0189356 0.946169 129.165 -0.0962638 0.995272 -0.0129558 -3.52998 -0.94145 -0.0952681 -0.323412 -44.8173 
-0.318998 -0.0160385 0.94762 130.107 -0.103384 0.994479 -0.0179706 -3.5084 -0.9421 -0.103701 -0.318895 -45.0391 
-0.31378 -0.0163683 0.949355 130.894 -0.105414 0.994271 -0.0176986 -3.53426 -0.943626 -0.105629 -0.313707 -45.2459 
-0.304495 -0.0207438 0.952288 131.668 -0.106906 0.99419 -0.0125267 -3.54917 -0.946496 -0.10562 -0.304943 -45.4557 
-0.294809 -0.0210011 0.955325 132.436 -0.106666 0.994233 -0.0110601 -3.5619 -0.949584 -0.105161 -0.295349 -45.6555 
-0.279477 -0.0185128 0.959974 133.224 -0.10069 0.994866 -0.0101282 -3.5941 -0.954858 -0.0994906 -0.279907 -45.9028 
-0.266568 -0.0181436 0.963645 133.948 -0.103395 0.994591 -0.00987532 -3.61897 -0.958254 -0.102269 -0.267002 -46.071 
-0.25042 -0.016918 0.96799 134.698 -0.0947043 0.99548 -0.00710156 -3.6391 -0.963494 -0.0934512 -0.25089 -46.2816 
-0.243171 -0.0219304 0.969736 135.4 -0.101269 0.994855 -0.00289573 -3.72937 -0.964683 -0.0989084 -0.24414 -46.333 
-0.228858 -0.0139098 0.97336 136.151 -0.101212 0.994819 -0.00958054 -3.75207 -0.968184 -0.100708 -0.22908 -46.4909 
-0.215733 -0.00575673 0.976435 136.83 -0.109177 0.993855 -0.018262 -3.7443 -0.97033 -0.110544 -0.215036 -46.6248 
-0.203296 0.000730406 0.979117 137.547 -0.115029 0.993057 -0.0246244 -3.78114 -0.972337 -0.117632 -0.2018 -46.7263 
-0.191399 0.000200349 0.981512 138.342 -0.11258 0.993396 -0.0221563 -3.82652 -0.975034 -0.114739 -0.190112 -46.8542 
-0.179203 -0.00624547 0.983792 139.072 -0.120112 0.992638 -0.0155772 -3.85286 -0.976453 -0.120956 -0.178634 -46.9596 
-0.170348 -0.010605 0.985327 139.782 -0.130669 0.991354 -0.0119207 -3.88258 -0.976682 -0.130782 -0.170261 -47.0271 
-0.161104 -0.0025212 0.986934 140.559 -0.132613 0.990984 -0.0191156 -3.8772 -0.977988 -0.13396 -0.159985 -47.1341 
-0.152241 0.00508052 0.98833 141.407 -0.130268 0.991159 -0.0251613 -3.91455 -0.979721 -0.132579 -0.150233 -47.2714 
-0.151476 0.00829861 0.988426 142.163 -0.131541 0.990902 -0.028478 -3.90196 -0.979669 -0.134333 -0.149006 -47.3464 
-0.150822 0.00349299 0.988555 142.904 -0.130728 0.991141 -0.0234469 -3.92054 -0.979879 -0.132768 -0.149029 -47.4395 
-0.151076 0.000282456 0.988522 143.712 -0.12811 0.991561 -0.0198623 -3.91971 -0.980186 -0.12964 -0.149764 -47.5564 
-0.153868 -0.00078157 0.988091 144.44 -0.125295 0.991943 -0.0187266 -3.91839 -0.980115 -0.126684 -0.152726 -47.6619 
-0.156869 0.000628404 0.987619 145.173 -0.12271 0.992239 -0.0201221 -3.93102 -0.979967 -0.124348 -0.155574 -47.7617 
-0.159316 -0.00437442 0.987218 145.725 -0.130731 0.991277 -0.0167047 -4.02827 -0.978534 -0.131721 -0.158498 -47.8976 
-0.163098 -0.00785035 0.986579 146.38 -0.132182 0.991127 -0.0139653 -4.09094 -0.977715 -0.132685 -0.162689 -48.0019 
-0.169591 -0.00594459 0.985497 147.046 -0.131185 0.991219 -0.0165959 -4.06248 -0.976744 -0.132097 -0.168881 -48.0818 
-0.174968 -0.00880472 0.984535 147.687 -0.134187 0.990843 -0.0149861 -4.09628 -0.975387 -0.134734 -0.174547 -48.2029 
-0.181369 -0.0103633 0.98336 148.451 -0.129032 0.991551 -0.0133488 -4.11529 -0.974913 -0.129306 -0.181174 -48.3073 
-0.190644 -0.0117355 0.981589 149.215 -0.134113 0.990864 -0.014201 -4.11213 -0.972455 -0.134351 -0.190476 -48.3198 
-0.194491 -0.0117649 0.980834 149.8 -0.139535 0.990091 -0.0157927 -4.15822 -0.970929 -0.139933 -0.194205 -48.4767 
-0.198996 -0.010517 0.979944 150.476 -0.142087 0.989686 -0.0182317 -4.19715 -0.969645 -0.142865 -0.198438 -48.5958 
-0.200504 -0.00905616 0.979651 151.129 -0.14082 0.98984 -0.0196711 -4.23376 -0.969519 -0.141898 -0.199742 -48.7516 
-0.201388 -0.00625044 0.979492 151.841 -0.137924 0.990198 -0.0220389 -4.2357 -0.969753 -0.139533 -0.200276 -48.8894 
-0.201386 -0.00707217 0.979487 152.537 -0.134148 0.990751 -0.0204278 -4.24836 -0.970283 -0.13551 -0.200472 -49.0093 
-0.19515 -0.0104766 0.980718 153.25 -0.130799 0.991289 -0.0154377 -4.28111 -0.972012 -0.13129 -0.19482 -49.182 
-0.191566 -0.0105936 0.981423 153.882 -0.130702 0.991311 -0.0148116 -4.31378 -0.972738 -0.131112 -0.191286 -49.2321 
-0.18205 -0.00972958 0.983241 154.525 -0.127418 0.991754 -0.0137779 -4.33521 -0.974999 -0.12779 -0.181789 -49.3237 
-0.169393 -0.0105615 0.985492 155.172 -0.126213 0.991942 -0.0110637 -4.37342 -0.977434 -0.126256 -0.169361 -49.4103 
-0.157381 -0.0112323 0.987474 155.89 -0.132553 0.991127 -0.0098522 -4.36685 -0.978601 -0.132444 -0.157474 -49.4337 
-0.143746 -0.0164543 0.989478 156.568 -0.134857 0.99086 -0.00311401 -4.37349 -0.980383 -0.133886 -0.144652 -49.4816 
-0.12788 -0.0241272 0.991496 157.224 -0.132998 0.991092 0.00696375 -4.36992 -0.982832 -0.130976 -0.12995 -49.5417 
-0.108729 -0.0306671 0.993598 157.899 -0.127386 0.991713 0.0166692 -4.35022 -0.985876 -0.124758 -0.111734 -49.6274 
-0.0934841 -0.038046 0.994894 158.604 -0.133226 0.990761 0.0253695 -4.32896 -0.986667 -0.130174 -0.0976891 -49.6323 
-0.0768185 -0.0426337 0.996133 159.42 -0.13086 0.990874 0.0323171 -4.28393 -0.98842 -0.127871 -0.0816965 -49.6178 
-0.0624475 -0.0442754 0.997066 160.218 -0.138847 0.989686 0.0352516 -4.26861 -0.988343 -0.136239 -0.067951 -49.529 
-0.0443256 -0.0461277 0.997952 160.89 -0.13514 0.990028 0.0397591 -4.24765 -0.989835 -0.133101 -0.0501173 -49.5155 
-0.0284929 -0.0464191 0.998516 161.514 -0.13548 0.989883 0.0421519 -4.21478 -0.99037 -0.134077 -0.0344935 -49.512 
-0.0106927 -0.0486433 0.998759 162.178 -0.137623 0.989382 0.0467132 -4.19034 -0.990427 -0.136953 -0.0172736 -49.5115 
0.00319008 -0.0511134 0.998688 162.816 -0.139335 0.988928 0.051059 -4.14535 -0.99024 -0.139315 -0.00396715 -49.482 
0.0148906 -0.0549813 0.998376 163.439 -0.135086 0.989222 0.056492 -4.12525 -0.990722 -0.135708 0.00730291 -49.4618 
0.0268623 -0.0563404 0.99805 164.052 -0.128955 0.989873 0.0593497 -4.09557 -0.991287 -0.130298 0.0193249 -49.4527 
0.0368865 -0.053467 0.997888 164.668 -0.133742 0.98932 0.0579517 -4.07218 -0.99033 -0.135597 0.0293418 -49.4101 
0.0452331 -0.0474762 0.997848 165.25 -0.139719 0.988752 0.053377 -4.05149 -0.989158 -0.141833 0.0380909 -49.3524 
0.0539225 -0.0347376 0.997941 165.844 -0.14386 0.988698 0.0421892 -3.97965 -0.988128 -0.145839 0.0483157 -49.2918 
0.061185 -0.0269358 0.997763 166.489 -0.137974 0.989811 0.0351821 -3.93399 -0.988544 -0.139818 0.0568451 -49.2234 
0.0670489 -0.0283097 0.997348 167.077 -0.137671 0.989774 0.03735 -3.92042 -0.988206 -0.13981 0.0624658 -49.1837 
0.0729589 -0.0349554 0.996722 167.713 -0.140302 0.989088 0.0449576 -3.87565 -0.987417 -0.143122 0.0672584 -49.1249 
0.0792242 -0.0459777 0.995796 168.345 -0.146476 0.987556 0.0572508 -3.8405 -0.986037 -0.150396 0.0715037 -49.0734 
0.0803271 -0.0540615 0.995301 168.995 -0.145786 0.987153 0.0653849 -3.8108 -0.98605 -0.150353 0.0714138 -48.9902 
0.0813519 -0.0544723 0.995196 169.608 -0.14329 0.987493 0.065764 -3.79092 -0.986332 -0.147952 0.0725291 -48.9334 
0.0832919 -0.0516204 0.995187 170.239 -0.139372 0.988239 0.0629248 -3.75756 -0.986731 -0.143942 0.0751179 -48.8942 
0.0838427 -0.0523305 0.995104 170.821 -0.134769 0.988849 0.0633566 -3.72905 -0.987324 -0.139422 0.0758552 -48.8009 
0.0844921 -0.0526476 0.995032 171.455 -0.137054 0.988498 0.0639397 -3.65831 -0.986954 -0.141775 0.0763048 -48.728 
0.0885634 -0.0564126 0.994472 172.1 -0.137605 0.988129 0.0683074 -3.61629 -0.98652 -0.142894 0.0797494 -48.6729 
0.0906158 -0.0613081 0.993997 172.73 -0.134749 0.98817 0.0732329 -3.57559 -0.986728 -0.140576 0.0812826 -48.59 
0.0951608 -0.0640125 0.993402 173.338 -0.134181 0.987998 0.0765179 -3.5345 -0.986377 -0.140577 0.0854295 -48.5185 
0.101315 -0.0660007 0.992663 173.95 -0.133538 0.987865 0.0793112 -3.48272 -0.985851 -0.140594 0.0912724 -48.4176 
0.108734 -0.0685163 0.991707 174.616 -0.131909 0.987805 0.0827097 -3.42417 -0.98528 -0.139809 0.09837 -48.3317 
0.11989 -0.070147 0.990306 175.259 -0.128602 0.987999 0.0855527 -3.38664 -0.984423 -0.137613 0.10943 -48.2601 
0.132654 -0.068931 0.988763 175.96 -0.129644 0.987802 0.0862574 -3.36534 -0.982647 -0.13963 0.1221 -48.1641 
0.145429 -0.0645816 0.987259 176.556 -0.128398 0.988196 0.0835568 -3.27928 -0.981002 -0.138914 0.135421 -48.099 
0.157708 -0.0612834 0.985582 177.174 -0.128844 0.988263 0.0820671 -3.22626 -0.979044 -0.139929 0.147961 -47.9741 
0.166105 -0.0634077 0.984067 177.756 -0.126369 0.988334 0.0850129 -3.22067 -0.977978 -0.138476 0.156154 -47.7193 
0.176531 -0.0666023 0.982039 178.424 -0.125698 0.988014 0.0896029 -3.17195 -0.976236 -0.139258 0.166043 -47.557 
0.188636 -0.0688901 0.979628 179.076 -0.125176 0.987713 0.0935625 -3.12664 -0.974037 -0.140275 0.177695 -47.4396 
0.19946 -0.0717305 0.977277 179.743 -0.127107 0.986997 0.0983863 -3.10494 -0.971627 -0.143843 0.187749 -47.2432 
0.209452 -0.0745489 0.974973 180.452 -0.129514 0.98619 0.10323 -3.06463 -0.969204 -0.147894 0.196904 -47.0737 
0.217939 -0.0718198 0.973316 181.123 -0.1333 0.985752 0.102585 -2.95564 -0.966816 -0.1521 0.20526 -46.9243 
0.222569 -0.0780232 0.97179 181.785 -0.133257 0.985002 0.109604 -2.95322 -0.965767 -0.153892 0.208834 -46.7435 
0.227093 -0.0816819 0.970442 182.435 -0.129736 0.985057 0.113272 -2.90315 -0.965193 -0.151624 0.213102 -46.6384 
0.226892 -0.080236 0.970609 183.111 -0.124704 0.986004 0.11066 -2.82624 -0.965903 -0.146147 0.21371 -46.4822 
0.225744 -0.0788797 0.970988 183.807 -0.124126 0.986264 0.108979 -2.7498 -0.966247 -0.145126 0.212852 -46.3131 
0.224585 -0.0777574 0.971347 184.537 -0.119881 0.987034 0.106731 -2.67797 -0.967052 -0.140417 0.212352 -46.145 
0.225441 -0.0777686 0.971148 185.241 -0.118032 0.987286 0.106461 -2.60333 -0.967081 -0.138627 0.213396 -46.0017 
0.225495 -0.0832519 0.970681 185.957 -0.112032 0.987517 0.110722 -2.52615 -0.967781 -0.133715 0.213353 -45.8508 
0.225146 -0.0875615 0.970383 186.667 -0.113951 0.986752 0.115477 -2.46544 -0.967639 -0.136576 0.212186 -45.6833 
0.224546 -0.0892194 0.970371 187.351 -0.112605 0.986753 0.116783 -2.38983 -0.967936 -0.135492 0.211525 -45.5372 
0.223207 -0.0889066 0.970708 188.028 -0.114999 0.986476 0.116794 -2.32809 -0.967964 -0.1377 0.209964 -45.3713 
0.221206 -0.0897124 0.971092 188.728 -0.116161 0.986247 0.117573 -2.25799 -0.968284 -0.138811 0.207743 -45.2043 
0.219635 -0.0879776 0.971607 189.405 -0.119115 0.986056 0.116212 -2.1976 -0.968283 -0.141258 0.206093 -45.0451 
0.216583 -0.0838512 0.972657 190.14 -0.120239 0.986428 0.111812 -2.11108 -0.968832 -0.141168 0.203561 -44.8188 
0.216203 -0.077315 0.973282 190.854 -0.124138 0.986592 0.105948 -2.0358 -0.968424 -0.143728 0.203707 -44.6465 
0.214014 -0.072163 0.974161 191.555 -0.133278 0.985784 0.102304 -1.96139 -0.967696 -0.151729 0.201354 -44.4759 
0.213565 -0.0765391 0.973926 192.321 -0.132194 0.985493 0.106436 -1.8895 -0.967944 -0.151478 0.200349 -44.3035 
0.212895 -0.0806109 0.973744 192.914 -0.137118 0.984264 0.111461 -1.8504 -0.967406 -0.157247 0.198491 -44.1971 
0.212394 -0.0809263 0.973827 193.662 -0.143709 0.983142 0.113044 -1.81485 -0.966559 -0.163958 0.197183 -44.0583 
0.207657 -0.0824213 0.974723 194.379 -0.144439 0.982938 0.113887 -1.73187 -0.967479 -0.164437 0.192209 -43.9004 
0.201445 -0.0831281 0.975966 195.119 -0.143089 0.983206 0.113279 -1.65283 -0.968992 -0.16247 0.186167 -43.7573 
0.189844 -0.0853414 0.978098 195.911 -0.14473 0.982899 0.113852 -1.62018 -0.971088 -0.163174 0.174246 -43.5502 
0.178029 -0.0835371 0.980473 196.636 -0.142412 0.983713 0.109672 -1.54032 -0.973665 -0.159156 0.163233 -43.3967 
0.167681 -0.0814345 0.982472 197.351 -0.142625 0.984094 0.105911 -1.49019 -0.97547 -0.157884 0.153399 -43.2901 
0.155468 -0.0810106 0.984514 197.977 -0.14551 0.983882 0.103937 -1.4119 -0.977065 -0.159416 0.141174 -43.1895 
0.145829 -0.0876398 0.98542 198.703 -0.140004 0.984216 0.108251 -1.33203 -0.979353 -0.153748 0.131257 -43.1139 
0.135826 -0.0965575 0.986016 199.421 -0.137141 0.983826 0.115235 -1.26756 -0.981195 -0.150875 0.120388 -43.0028 
0.129085 -0.100981 0.986479 200.227 -0.136054 0.98359 0.118488 -1.1736 -0.982256 -0.14951 0.113228 -42.9292 
0.124005 -0.10367 0.986851 200.892 -0.144349 0.982063 0.121306 -1.10807 -0.981726 -0.157494 0.106816 -42.7907 
0.123604 -0.104808 0.986781 201.644 -0.144815 0.981856 0.122424 -1.00906 -0.981708 -0.158033 0.106184 -42.7508 
0.119675 -0.105094 0.987235 202.363 -0.145733 0.981751 0.122176 -0.914492 -0.982059 -0.158495 0.102176 -42.6544 
0.119572 -0.101317 0.987642 203.059 -0.149374 0.98162 0.118784 -0.795902 -0.981524 -0.161732 0.10224 -42.5538 
0.117657 -0.0993758 0.98807 203.811 -0.149759 0.981825 0.116581 -0.690839 -0.981697 -0.161689 0.100636 -42.4445 
0.11894 -0.0996261 0.987891 204.456 -0.148629 0.981957 0.116922 -0.611044 -0.981714 -0.160736 0.101987 -42.3884 
0.121569 -0.102069 0.987321 205.28 -0.147489 0.981799 0.119658 -0.534884 -0.981564 -0.160166 0.104302 -42.2887 
0.11981 -0.10379 0.987357 206.039 -0.144263 0.982145 0.120748 -0.440011 -0.98226 -0.156906 0.102697 -42.161 
0.124197 -0.103738 0.98682 206.804 -0.142854 0.98229 0.121241 -0.363063 -0.981921 -0.156029 0.107178 -42.0866 
0.126287 -0.104029 0.986524 207.605 -0.140817 0.982535 0.121635 -0.249652 -0.981948 -0.15428 0.109432 -41.9877 
0.130443 -0.104886 0.985892 208.361 -0.146504 0.981433 0.123796 -0.155308 -0.980572 -0.160585 0.112655 -41.8707 
0.137093 -0.110561 0.984369 209.137 -0.144394 0.980906 0.130282 -0.0840651 -0.979978 -0.159997 0.118511 -41.7579 
0.141691 -0.113342 0.983401 209.725 -0.148155 0.979806 0.134274 0.0194679 -0.978761 -0.164721 0.122038 -41.6478 
0.146738 -0.114199 0.982561 210.499 -0.148745 0.979471 0.136054 0.10285 -0.977928 -0.166116 0.126739 -41.5429 
0.15121 -0.108488 0.98253 211.272 -0.153504 0.979324 0.131759 0.215526 -0.97651 -0.170746 0.13143 -41.4149 
0.158215 -0.10478 0.981829 212.163 -0.153748 0.979611 0.129319 0.272658 -0.975361 -0.171415 0.13888 -41.3053 
0.161824 -0.10265 0.981466 212.938 -0.156861 0.979254 0.128282 0.36392 -0.974273 -0.174713 0.142365 -41.1458 
0.165884 -0.1042 0.980625 213.694 -0.160133 0.978358 0.131048 0.440692 -0.973057 -0.178769 0.145608 -40.9932 
0.169617 -0.101624 0.980256 214.441 -0.159854 0.97866 0.129118 0.536088 -0.972459 -0.178599 0.149752 -40.8581 
0.172685 -0.0982346 0.980066 215.228 -0.162818 0.978479 0.126764 0.636397 -0.971427 -0.181463 0.152974 -40.702 
0.177164 -0.0985126 0.979239 216.012 -0.161707 0.978542 0.127699 0.717182 -0.970806 -0.180974 0.157432 -40.5602 
0.183373 -0.099253 0.97802 216.805 -0.162736 0.978098 0.129773 0.816544 -0.96948 -0.182955 0.163205 -40.4244 
0.187094 -0.0987068 0.97737 217.569 -0.159135 0.978752 0.129309 0.914642 -0.969367 -0.179727 0.167411 -40.2655 
0.191707 -0.0975884 0.976588 218.405 -0.159028 0.978806 0.129028 1.01802 -0.968483 -0.180041 0.172125 -40.1225 
0.196447 -0.0947776 0.975923 219.148 -0.160128 0.978854 0.127295 1.10603 -0.967351 -0.18128 0.177117 -39.9756 
0.201662 -0.0959117 0.974748 219.919 -0.16658 0.977337 0.13063 1.20902 -0.965186 -0.188716 0.181115 -39.8081 
0.205903 -0.097536 0.9737 220.73 -0.163113 0.977679 0.132427 1.29878 -0.964882 -0.186091 0.185398 -39.6216 
0.209274 -0.0954307 0.973189 221.419 -0.15878 0.978703 0.130115 1.36098 -0.96488 -0.181753 0.189664 -39.4488 
0.213591 -0.0876462 0.972984 222.181 -0.158241 0.979711 0.12299 1.4554 -0.964022 -0.180235 0.195388 -39.2785 
0.216681 -0.0799591 0.972962 222.912 -0.168988 0.978523 0.11805 1.56243 -0.961505 -0.189998 0.198516 -39.0939 
0.220845 -0.0822423 0.971835 223.676 -0.172787 0.977377 0.121976 1.65457 -0.959881 -0.194858 0.201639 -38.9122 
0.222807 -0.0934364 0.970375 224.413 -0.17113 0.976191 0.13329 1.73801 -0.959725 -0.195758 0.201512 -38.721 
0.224675 -0.105033 0.968757 225.222 -0.167164 0.975281 0.14451 1.85204 -0.959988 -0.194409 0.201563 -38.5505 
0.225893 -0.113728 0.967491 225.93 -0.169842 0.973353 0.154073 1.94405 -0.959232 -0.199125 0.200557 -38.3483 
0.227917 -0.115103 0.966853 226.713 -0.170957 0.972832 0.156114 2.05594 -0.958555 -0.200871 0.202047 -38.1567 
0.230247 -0.11202 0.966663 227.395 -0.170502 0.973343 0.153405 2.1337 -0.958079 -0.200139 0.205009 -37.9566 
0.234339 -0.105509 0.966412 228.159 -0.169499 0.974432 0.147485 2.24592 -0.957264 -0.198367 0.210464 -37.7728 
0.23883 -0.100963 0.965798 228.891 -0.16836 0.975212 0.143581 2.33885 -0.956355 -0.196894 0.215912 -37.5784 
0.242852 -0.0991099 0.964987 229.645 -0.16538 0.975974 0.141858 2.44316 -0.955862 -0.19404 0.220627 -37.3822 
0.24648 -0.098058 0.964174 230.394 -0.164193 0.976261 0.141261 2.52541 -0.955138 -0.193129 0.224528 -37.17 
0.250332 -0.0992578 0.963059 231.11 -0.163628 0.976083 0.143133 2.62628 -0.954233 -0.193414 0.228103 -36.9538 
0.252808 -0.102865 0.962033 231.85 -0.164409 0.975304 0.147488 2.7329 -0.953445 -0.195453 0.229652 -36.7357 
0.256624 -0.107755 0.960486 232.621 -0.16201 0.974909 0.15266 2.85584 -0.952836 -0.194784 0.232728 -36.533 
0.257784 -0.113016 0.95957 233.385 -0.161242 0.974177 0.158053 2.97748 -0.952653 -0.195466 0.232904 -36.3178 
0.259991 -0.117958 0.958379 234.149 -0.159717 0.973586 0.163158 3.09259 -0.952311 -0.195489 0.234284 -36.1189 
0.262011 -0.125652 0.95685 234.949 -0.157018 0.972726 0.170733 3.21554 -0.952206 -0.194977 0.235135 -35.9161 
0.263995 -0.125989 0.95626 235.736 -0.159232 0.972136 0.17204 3.33299 -0.951289 -0.197685 0.236578 -35.7018 
0.26549 -0.115386 0.957184 236.47 -0.167302 0.972237 0.163604 3.44767 -0.949487 -0.203574 0.238815 -35.4695 
0.267401 -0.102237 0.958146 237.247 -0.167775 0.974227 0.150776 3.54714 -0.948867 -0.201071 0.243357 -35.2686 
0.26711 -0.0934386 0.959125 238 -0.168292 0.97547 0.141899 3.66283 -0.948857 -0.199316 0.244833 -35.0558 
0.267478 -0.097955 0.958572 238.717 -0.167314 0.974986 0.146319 3.72455 -0.948927 -0.199519 0.244398 -34.8599 
0.26681 -0.104856 0.958028 239.529 -0.159805 0.975489 0.151273 3.90061 -0.950408 -0.193458 0.243514 -34.6247 
0.268437 -0.107037 0.957332 240.281 -0.158054 0.975445 0.153381 3.99259 -0.950242 -0.192484 0.244928 -34.4373 
