1 -4.23778e-08 4.22719e-08 0 -4.23778e-08 1 -4.19404e-08 0 4.22719e-08 -4.19404e-08 1 0 
0.999989 -0.00304502 -0.00341845 -0.0101026 0.00303932 0.999994 -0.00164571 -0.0165101 0.00342352 0.00163522 0.999993 0.681373 
0.999973 -0.00131403 -0.00718238 -0.0348314 0.00129136 0.999994 -0.00314866 -0.0179719 0.00718656 0.00313922 0.999969 1.37548 
0.999936 -0.00156566 -0.0112324 -0.0567298 0.00151564 0.999989 -0.00445217 -0.0250478 0.0112394 0.00443478 0.999927 2.09493 
0.999869 -0.000249181 -0.0162021 -0.0833911 0.000167106 0.999987 -0.00506164 -0.0276648 0.0162032 0.00505818 0.999856 2.83487 
0.99979 -0.00154725 -0.0204515 -0.119714 0.00144515 0.999986 -0.00500212 -0.0398936 0.0204591 0.00497143 0.999778 3.57161 
0.999691 0.000266634 -0.0248353 -0.156441 -0.000413148 0.999982 -0.0058911 -0.0535412 0.0248333 0.00589946 0.999674 4.32749 
0.999547 0.00248809 -0.0299876 -0.191039 -0.0026806 0.999976 -0.00637812 -0.0642256 0.0299711 0.00645553 0.99953 5.10585 
0.999422 0.00274804 -0.0338883 -0.24341 -0.00291548 0.999984 -0.00488986 -0.0679769 0.0338744 0.00498575 0.999414 5.88027 
0.999269 0.00250177 -0.0381468 -0.301757 -0.00259044 0.999994 -0.00227303 -0.0802868 0.038141 0.0023701 0.999269 6.69106 
0.999129 0.00249493 -0.0416619 -0.353686 -0.00248457 0.999997 0.000302503 -0.0917191 0.0416626 -0.000198813 0.999132 7.51166 
0.999016 0.0037418 -0.044186 -0.410409 -0.00375861 0.999993 -0.000295578 -0.0995963 0.0441846 0.00046128 0.999023 8.3285 
0.99894 0.00337056 -0.0459086 -0.477441 -0.00340649 0.999994 -0.000702797 -0.0992717 0.045906 0.000858354 0.998945 9.15617 
0.99886 -3.95514e-06 -0.047744 -0.52081 -5.1816e-05 0.999999 -0.00116516 -0.101755 0.047744 0.00116622 0.998859 9.98813 
0.998767 -0.000141428 -0.0496448 -0.597392 0.000103426 1 -0.000766395 -0.105285 0.0496449 0.00076023 0.998767 10.855 
0.9987 -0.00219052 -0.0509235 -0.658596 0.00216008 0.999997 -0.000651061 -0.116496 0.0509249 0.000540129 0.998702 11.708 
0.998624 0.000188244 -0.0524477 -0.732557 -0.00033844 0.999996 -0.00285329 -0.127451 0.0524471 0.00286703 0.99862 12.5732 
0.998552 -0.000872771 -0.0537784 -0.812925 0.000592961 0.999986 -0.00521722 -0.126591 0.0537823 0.0051777 0.998539 13.4663 
0.998467 0.00286812 -0.0552672 -0.895153 -0.00325082 0.999971 -0.00683436 -0.134589 0.0552461 0.00700346 0.998448 14.3647 
0.998428 0.00374052 -0.055914 -0.975112 -0.00413299 0.999968 -0.00690367 -0.140081 0.0558865 0.00712383 0.998412 15.2651 
0.998366 0.0028004 -0.0570788 -1.05287 -0.00314729 0.999977 -0.00598702 -0.14296 0.0570608 0.00615679 0.998352 16.1733 
0.998305 0.00392692 -0.0580656 -1.13745 -0.0042065 0.99998 -0.00469203 -0.154096 0.0580461 0.00492825 0.998302 17.0887 
0.998263 0.00263129 -0.0588492 -1.21759 -0.00291777 0.999984 -0.00478128 -0.159192 0.0588357 0.0049446 0.998255 18.0047 
0.998186 0.000991567 -0.0601974 -1.2991 -0.00129967 0.999986 -0.0050779 -0.169356 0.0601916 0.00514684 0.998173 18.9231 
0.99809 -0.00154826 -0.0617565 -1.35902 0.00120942 0.999984 -0.00552239 -0.174864 0.0617642 0.00543707 0.998076 19.8376 
0.998083 -0.00149452 -0.0618762 -1.44396 0.00122968 0.99999 -0.00431671 -0.176202 0.0618821 0.00423226 0.998074 20.7788 
0.998081 0.000530842 -0.0619165 -1.52044 -0.000593304 0.999999 -0.000989095 -0.190871 0.061916 0.00102385 0.998081 21.7093 
0.998139 0.00246449 -0.060934 -1.60447 -0.00231246 0.999994 0.00256671 -0.206003 0.06094 -0.00242111 0.998138 22.658 
0.998231 0.00131621 -0.0594414 -1.67789 -0.000985987 0.999984 0.00558575 -0.214196 0.0594479 -0.00551735 0.998216 23.6055 
0.998343 0.000693358 -0.0575364 -1.76619 -0.000346925 0.999982 0.0060323 -0.209735 0.0575396 -0.00600243 0.998325 24.5719 
0.998429 0.00232032 -0.0559748 -1.8458 -0.00214824 0.999993 0.00313552 -0.223201 0.0559818 -0.00301044 0.998427 25.5355 
0.998496 0.00408588 -0.0546717 -1.93315 -0.00421269 0.999989 -0.00220296 -0.23183 0.0546621 0.00242988 0.998502 26.5042 
0.998569 0.00228898 -0.0534358 -2.01256 -0.00254976 0.999985 -0.00481088 -0.238725 0.0534241 0.00494016 0.99856 27.4878 
0.998628 0.000458583 -0.0523532 -2.09785 -0.000698789 0.999989 -0.00456838 -0.238831 0.0523506 0.00459861 0.998618 28.4761 
0.998619 -0.0017513 -0.0525046 -2.1765 0.00178743 0.999998 0.000642708 -0.252658 0.0525034 -0.000735755 0.99862 29.4718 
0.998567 -0.0049065 -0.0532915 -2.24967 0.00513472 0.999978 0.00414788 -0.272722 0.0532701 -0.00441566 0.99857 30.4665 
0.998437 -0.0131031 -0.0543318 -2.31664 0.0133398 0.999903 0.00399829 -0.284779 0.0542742 -0.0047169 0.998515 31.4516 
0.998366 -0.014315 -0.0553169 -2.39552 0.0143261 0.999897 -0.000194528 -0.298336 0.055314 -0.000598351 0.998469 32.4356 
0.99832 -0.0134854 -0.0563522 -2.47824 0.0132685 0.999903 -0.00421945 -0.318485 0.0564037 0.00346457 0.998402 33.4238 
0.998226 -0.0122706 -0.0582573 -2.56913 0.0120057 0.999916 -0.00489346 -0.32905 0.0583125 0.00418527 0.99829 34.4231 
0.998209 -0.0120407 -0.0585955 -2.63761 0.0118424 0.999923 -0.00372879 -0.342568 0.058636 0.00302812 0.998275 35.3935 
0.998175 -0.00809046 -0.0598371 -2.71843 0.00804574 0.999967 -0.000986954 -0.368464 0.0598432 0.000503633 0.998208 36.3916 
0.998119 -0.00812574 -0.0607684 -2.80625 0.00814313 0.999967 3.98867e-05 -0.375363 0.0607661 -0.000534743 0.998152 37.4011 
0.998066 -0.00614272 -0.0618553 -2.88008 0.00632064 0.999976 0.00268246 -0.393469 0.0618374 -0.00306833 0.998081 38.3914 
0.998091 -0.00541304 -0.0615138 -2.95933 0.00576274 0.999968 0.00551014 -0.409189 0.0614822 -0.00585419 0.998091 39.3837 
0.998073 0.00103185 -0.0620333 -3.04971 -0.000569334 0.999972 0.0074744 -0.418727 0.0620394 -0.00742477 0.998046 40.3858 
0.998074 0.00137041 -0.0620137 -3.136 -0.000944351 0.999976 0.00690051 -0.43091 0.0620217 -0.00682874 0.998051 41.3893 
0.998096 0.00120635 -0.0616638 -3.21462 -0.000858063 0.999983 0.0056757 -0.439951 0.0616697 -0.00561207 0.998081 42.3768 
0.998078 0.00350997 -0.0618668 -3.2931 -0.00327379 0.999987 0.00391987 -0.457143 0.0618798 -0.00370988 0.998077 43.37 
0.99804 0.00342874 -0.0624913 -3.37502 -0.00320284 0.999988 0.00371606 -0.467274 0.0625034 -0.00350871 0.998039 44.3608 
0.997976 0.00226771 -0.0635572 -3.45985 -0.00197566 0.999987 0.00465886 -0.47658 0.063567 -0.00452395 0.997967 45.3556 
0.997939 0.0032154 -0.0640893 -3.54744 -0.00287129 0.999981 0.00546183 -0.484674 0.0641057 -0.00526664 0.997929 46.3444 
0.997925 0.00643435 -0.0640695 -3.63764 -0.00634011 0.999978 0.00167538 -0.5034 0.064079 -0.00126578 0.997944 47.3135 
0.997874 0.00688972 -0.0648098 -3.73015 -0.00709315 0.999971 -0.00290801 -0.504631 0.064788 0.00336145 0.997893 48.2971 
0.99782 0.00811837 -0.0654973 -3.80096 -0.00839924 0.999957 -0.00401288 -0.52567 0.065462 0.00455417 0.997845 49.2566 
0.997828 0.00699172 -0.0655036 -3.88004 -0.00703651 0.999975 -0.00045182 -0.543393 0.0654989 0.000911669 0.997852 50.229 
0.997829 0.00498942 -0.0656667 -3.959 -0.00482488 0.999985 0.00266522 -0.55622 0.065679 -0.00234268 0.997838 51.2002 
0.997836 0.00464707 -0.0655809 -4.04258 -0.00445192 0.999985 0.00312276 -0.574351 0.0655945 -0.00282413 0.997842 52.1557 
0.997843 0.00130616 -0.0656383 -4.12238 -0.00116796 0.999997 0.00214509 -0.591652 0.0656409 -0.00206389 0.997841 53.1243 
0.997803 -0.000615417 -0.0662397 -4.18095 0.000682875 0.999999 0.000996988 -0.616134 0.0662392 -0.00104012 0.997803 54.0749 
0.997756 -0.00271581 -0.0668992 -4.28875 0.00284088 0.999994 0.00177577 -0.614979 0.0668941 -0.00196193 0.997758 55.0576 
0.997681 -0.00502343 -0.0678822 -4.36239 0.00545217 0.999966 0.00613341 -0.639431 0.0678492 -0.00648938 0.997674 55.996 
0.997636 -0.00569939 -0.0684869 -4.44605 0.00647104 0.999918 0.0110517 -0.645017 0.0684184 -0.0114688 0.997591 56.9649 
0.997641 -0.00310135 -0.0685733 -4.54606 0.00401471 0.999905 0.0131869 -0.654502 0.068526 -0.0134311 0.997559 57.9273 
0.997544 -0.00214597 -0.0700091 -4.63379 0.00278717 0.999955 0.00906349 -0.658556 0.0699866 -0.00923645 0.997505 58.8725 
0.997455 -0.000526101 -0.0712978 -4.72302 0.000619203 0.999999 0.00128485 -0.663916 0.0712971 -0.00132582 0.997454 59.8078 
0.997425 0.00207877 -0.0716816 -4.8263 -0.00236352 0.99999 -0.00388668 -0.677178 0.0716729 0.00404601 0.99742 60.7342 
0.997349 0.00765742 -0.072368 -4.91997 -0.0079151 0.999963 -0.00327338 -0.69268 0.0723403 0.00383742 0.997373 61.6423 
0.997241 0.010583 -0.0734731 -5.01258 -0.0106875 0.999942 -0.00102771 -0.710855 0.0734581 0.00181003 0.997297 62.5579 
0.997156 0.01332 -0.0741843 -5.10796 -0.0133281 0.999911 0.000386386 -0.725875 0.0741829 0.000603366 0.997244 63.4617 
0.997089 0.014332 -0.0748805 -5.1929 -0.0143554 0.999897 0.000227339 -0.744338 0.0748761 0.000848172 0.997192 64.3046 
0.996959 0.0161788 -0.0762263 -5.28401 -0.0161785 0.999869 0.00062302 -0.751907 0.0762265 0.000612015 0.99709 65.1629 
0.996845 0.0166348 -0.0776061 -5.36373 -0.0165914 0.999862 0.00120521 -0.765084 0.0776155 8.60936e-05 0.996983 66.0051 
0.996757 0.0167086 -0.0787205 -5.45227 -0.0166326 0.99986 0.00162217 -0.780952 0.0787366 -0.000307672 0.996895 66.8366 
0.996689 0.0162254 -0.0796664 -5.5486 -0.0161078 0.999868 0.0021199 -0.781233 0.0796904 -0.000829719 0.996819 67.663 
0.996538 0.0195181 -0.0808077 -5.63451 -0.0191792 0.999804 0.00496879 -0.794345 0.0808889 -0.00340185 0.996717 68.4617 
0.996425 0.0208101 -0.081873 -5.72216 -0.0201327 0.999756 0.00909089 -0.804064 0.0820423 -0.00741016 0.996601 69.2613 
0.996248 0.0239828 -0.0831582 -5.80975 -0.0231874 0.999676 0.0105185 -0.804794 0.0833836 -0.00855088 0.996481 70.0337 
0.996084 0.02669 -0.0842903 -5.90119 -0.0262556 0.999636 0.00625915 -0.813262 0.0844268 -0.00402163 0.996421 70.794 
0.995979 0.0270435 -0.0854061 -5.98721 -0.0272259 0.999629 -0.000970425 -0.826523 0.0853483 0.0032917 0.996346 71.5171 
0.995879 0.0262536 -0.0868043 -6.06698 -0.0269233 0.999616 -0.00655228 -0.842398 0.0865991 0.00886226 0.996204 72.2245 
0.995836 0.0272164 -0.0870026 -6.14475 -0.0279762 0.99958 -0.00752503 -0.858908 0.0867614 0.00992761 0.99618 72.9153 
0.99568 0.0301969 -0.0878066 -6.22188 -0.0306446 0.999523 -0.00375454 -0.879139 0.0876514 0.00642903 0.99613 73.5914 
0.9956 0.0302987 -0.0886679 -6.30601 -0.0305453 0.999532 -0.00142475 -0.897353 0.0885834 0.00412679 0.99606 74.2463 
0.995614 0.0271712 -0.0895192 -6.37524 -0.0276831 0.999607 -0.00448061 -0.919908 0.0893623 0.00693904 0.995975 74.8831 
0.995783 0.0192155 -0.0897042 -6.42903 -0.020163 0.99975 -0.00966732 -0.933779 0.0894961 0.0114352 0.995921 75.4992 
0.995936 0.0150627 -0.0887891 -6.48874 -0.0164052 0.999762 -0.0144079 -0.952015 0.088551 0.0158059 0.995946 76.1018 
0.996169 0.0176616 -0.0856506 -6.55089 -0.0190088 0.999708 -0.0149384 -0.959951 0.0853618 0.0165092 0.996213 76.6872 
0.996437 0.0225724 -0.0812626 -6.61897 -0.023621 0.999649 -0.0119648 -0.979315 0.0809641 0.0138416 0.996621 77.261 
0.996849 0.0209304 -0.0765066 -6.67074 -0.0216871 0.999724 -0.00907171 -0.991488 0.0762956 0.0107022 0.997028 77.8231 
0.997325 0.0169753 -0.0710925 -6.69857 -0.0173595 0.999838 -0.00478848 -1.00629 0.0709998 0.00600971 0.997458 78.3653 
0.997918 0.0125052 -0.0632758 -6.71855 -0.0125902 0.99992 -0.00094371 -1.02746 0.0632591 0.00173831 0.997996 78.8951 
0.99848 0.0162114 -0.0526797 -6.7463 -0.0162977 0.999866 -0.00120909 -1.03949 0.0526531 0.00206573 0.998611 79.4101 
0.999052 0.0214236 -0.037895 -6.76794 -0.0215215 0.999766 -0.00217555 -1.0433 0.0378396 0.00298896 0.999279 79.9149 
0.999448 0.026577 -0.0199228 -6.77827 -0.0266275 0.999643 -0.00227044 -1.04649 0.0198554 0.0027996 0.999799 80.407 
0.999681 0.0251871 0.00165125 -6.75555 -0.0251832 0.99968 -0.00238352 -1.04805 -0.00171067 0.0023411 0.999996 80.8899 
0.999374 0.0217483 0.0278882 -6.72535 -0.0217062 0.999763 -0.00181349 -1.0569 -0.0279209 0.00120693 0.999609 81.3508 
0.998123 0.0209142 0.0575548 -6.68321 -0.020903 0.999781 -0.00079849 -1.06602 -0.0575588 -0.000406156 0.998342 81.8021 
0.995755 0.0204446 0.0897405 -6.60931 -0.0205064 0.99979 -0.000234602 -1.07157 -0.0897264 -0.00160673 0.995965 82.2401 
0.991663 0.0206263 0.127199 -6.53214 -0.0207951 0.999784 -1.49065e-06 -1.08101 -0.127172 -0.00264373 0.991877 82.6724 
0.985465 0.0211618 0.168557 -6.4268 -0.0213424 0.999772 -0.000741078 -1.0823 -0.168534 -0.00286718 0.985692 83.0997 
0.976629 0.0209452 0.213907 -6.31709 -0.0210787 0.999776 -0.00165701 -1.08672 -0.213894 -0.00289068 0.976852 83.5065 
0.964622 0.0231937 0.262614 -6.18668 -0.0229136 0.999729 -0.00412993 -1.1039 -0.262639 -0.00203367 0.964892 83.8891 
0.948548 0.023781 0.315739 -6.03886 -0.0226883 0.999717 -0.00713716 -1.1212 -0.315819 -0.000393695 0.948819 84.2566 
0.928228 0.0237678 0.371251 -5.8687 -0.0218182 0.999717 -0.00945137 -1.13723 -0.371371 0.000672905 0.928484 84.6029 
0.903281 0.0242962 0.428361 -5.6835 -0.0212419 0.999703 -0.0119097 -1.14608 -0.428524 0.0016585 0.903529 84.9319 
0.873814 0.0241526 0.485661 -5.46743 -0.0197364 0.999704 -0.0142066 -1.15815 -0.48586 0.00282871 0.874032 85.243 
0.83959 0.0224652 0.542756 -5.24267 -0.0160205 0.999734 -0.016598 -1.17099 -0.542984 0.00524018 0.839726 85.5304 
0.802091 0.0214915 0.596815 -4.99183 -0.0136956 0.999751 -0.0175953 -1.19073 -0.597045 0.00593922 0.802186 85.8039 
0.761313 0.0205334 0.64806 -4.72392 -0.0124464 0.999777 -0.017056 -1.2041 -0.648265 0.00491892 0.761399 86.0666 
0.71769 0.0203016 0.696067 -4.4463 -0.013468 0.999793 -0.015274 -1.21622 -0.696233 0.00158732 0.717814 86.3071 
0.671491 0.0195397 0.740755 -4.15172 -0.0118548 0.999808 -0.0156268 -1.22292 -0.740918 0.0017117 0.671594 86.5287 
0.623909 0.0184443 0.781279 -3.84013 -0.0078114 0.999819 -0.0173657 -1.23279 -0.781458 0.00473171 0.62394 86.7317 
0.57606 0.0161298 0.817248 -3.51731 -0.00230267 0.999833 -0.0181104 -1.24828 -0.817404 0.00855081 0.576001 86.9118 
0.528062 0.0179848 0.849015 -3.194 -0.00366189 0.999815 -0.0189018 -1.26547 -0.849198 0.00687227 0.52803 87.0833 
0.479628 0.0209722 0.877221 -2.86509 -0.00714519 0.999774 -0.0199956 -1.28164 -0.877443 0.00332253 0.47967 87.2418 
0.433256 0.023193 0.900973 -2.53245 -0.00772645 0.999728 -0.0220198 -1.29638 -0.901238 0.00257886 0.433317 87.3764 
0.390256 0.0209776 0.920468 -2.18683 0.000121582 0.999739 -0.0228358 -1.30472 -0.920706 0.00902371 0.390151 87.4851 
0.350424 0.0135122 0.936493 -1.82196 0.0160881 0.999661 -0.0204437 -1.31137 -0.936453 0.0222303 0.350088 87.5715 
0.314757 0.00998178 0.94912 -1.45541 0.0205366 0.999639 -0.0173237 -1.31991 -0.94895 0.0249444 0.314438 87.6624 
0.281252 0.0141273 0.95953 -1.09199 0.0188112 0.999618 -0.0202315 -1.32935 -0.959449 0.02374 0.280879 87.756 
0.249556 0.0216594 0.968118 -0.721729 0.00857146 0.999661 -0.0245747 -1.35019 -0.968322 0.014431 0.249286 87.8575 
0.221038 0.0260988 0.974916 -0.329476 0.00415243 0.999608 -0.0277014 -1.37251 -0.975256 0.0101713 0.220843 87.946 
0.195284 0.0278176 0.980352 0.0637217 0.00636234 0.999541 -0.0296295 -1.3884 -0.980726 0.0120235 0.195018 88.0098 
0.171824 0.0292042 0.984695 0.466881 0.0147837 0.999371 -0.0322193 -1.39921 -0.985017 0.0200934 0.171284 88.0591 
0.151655 0.0354227 0.987799 0.870731 0.0211248 0.999013 -0.0390681 -1.41053 -0.988208 0.0267919 0.150757 88.0973 
0.132001 0.0422486 0.990349 1.29834 0.0240062 0.998662 -0.0458031 -1.41535 -0.990959 0.0298206 0.13081 88.1439 
0.113743 0.0428329 0.992586 1.7214 0.0214537 0.998731 -0.0455566 -1.43713 -0.993278 0.0264764 0.11268 88.2118 
0.0980878 0.0382952 0.994441 2.19658 0.0197305 0.998988 -0.0404165 -1.4669 -0.994982 0.0235852 0.0972329 88.2681 
0.0836318 0.0349042 0.995885 2.64933 0.0213996 0.999093 -0.0368138 -1.49473 -0.996267 0.0243903 0.082809 88.3027 
0.0703563 0.0325865 0.996989 3.14484 0.0230827 0.999145 -0.034286 -1.5156 -0.997255 0.0254254 0.069544 88.3304 
0.0587772 0.0317481 0.997766 3.6365 0.02648 0.999093 -0.0333503 -1.54379 -0.99792 0.0283811 0.0578832 88.3519 
0.0485242 0.0323852 0.998297 4.16021 0.0304133 0.998963 -0.0338852 -1.55766 -0.998359 0.0320058 0.047489 88.384 
0.0407179 0.0328801 0.998629 4.67519 0.0328136 0.998875 -0.0342262 -1.58164 -0.998632 0.0341622 0.0395932 88.4018 
0.0349793 0.0332197 0.998836 5.22205 0.0346718 0.998805 -0.034433 -1.60774 -0.998786 0.0358359 0.0337857 88.4226 
0.029438 0.0340317 0.998987 5.78732 0.0356265 0.998749 -0.0350735 -1.64214 -0.998931 0.0366229 0.0281888 88.4405 
0.0231878 0.0348314 0.999124 6.35502 0.036436 0.998699 -0.0356623 -1.65616 -0.999067 0.037231 0.0218885 88.4745 
0.0182798 0.0349848 0.999221 6.98253 0.0391394 0.998596 -0.035679 -1.67988 -0.999066 0.0397611 0.0168849 88.5094 
0.0145505 0.0351056 0.999278 7.64363 0.0395398 0.998581 -0.035657 -1.70688 -0.999112 0.0400301 0.0131418 88.5633 
0.0112797 0.0350302 0.999323 8.30571 0.0414623 0.99851 -0.0354698 -1.72299 -0.999076 0.0418343 0.00981045 88.593 
0.00909529 0.03463 0.999359 8.97023 0.043935 0.998421 -0.0349974 -1.74803 -0.998993 0.0442251 0.00755946 88.6001 
0.00827725 0.0345705 0.999368 9.65226 0.0474795 0.998261 -0.0349255 -1.77492 -0.998838 0.0477386 0.00662147 88.6128 
0.00900625 0.0342991 0.999371 10.3603 0.0512083 0.998084 -0.0347165 -1.80464 -0.998647 0.0514888 0.0072326 88.6411 
0.0113066 0.0343652 0.999345 11.0675 0.0522596 0.998023 -0.0349111 -1.83029 -0.998569 0.0526202 0.00948834 88.6563 
0.0151812 0.0345354 0.999288 11.787 0.0545252 0.997888 -0.0353154 -1.85936 -0.998397 0.0550225 0.013266 88.6727 
0.019471 0.0342517 0.999223 12.5309 0.0545098 0.99789 -0.0352683 -1.88678 -0.998323 0.0551542 0.0175628 88.6998 
0.0233841 0.0328793 0.999186 13.2921 0.0558322 0.997856 -0.0341423 -1.9125 -0.998166 0.0565851 0.0214983 88.7256 
0.0271395 0.0312157 0.999144 14.0699 0.0552735 0.997936 -0.0326795 -1.94885 -0.998102 0.0561131 0.0253581 88.7671 
0.0310405 0.0289485 0.999099 14.846 0.0523454 0.998162 -0.0305477 -1.98201 -0.998146 0.0532464 0.0294681 88.8127 
0.0348806 0.0281267 0.998996 15.6568 0.0517226 0.998213 -0.0299107 -2.00658 -0.998052 0.052714 0.0333635 88.8648 
0.0386235 0.0288168 0.998838 16.4642 0.0483045 0.998362 -0.030671 -2.04819 -0.998086 0.049433 0.0371683 88.9204 
0.041546 0.0326762 0.998602 17.2659 0.0449178 0.998393 -0.0345383 -2.09895 -0.998126 0.04629 0.0400115 88.9655 
0.0427438 0.0378518 0.998369 18.0707 0.038961 0.998459 -0.0395233 -2.14066 -0.998326 0.0405868 0.0412032 89.0211 
0.0427068 0.0409447 0.998248 18.8948 0.0367084 0.998421 -0.0425224 -2.17747 -0.998413 0.0384601 0.0411364 89.0705 
0.0426755 0.0403458 0.998274 19.6953 0.0336422 0.99856 -0.0417956 -2.22607 -0.998522 0.0353678 0.0412567 89.1135 
0.0421997 0.0385029 0.998367 20.5145 0.0307403 0.998734 -0.0398165 -2.27167 -0.998636 0.0323704 0.0409626 89.173 
0.0424191 0.037392 0.9984 21.323 0.0314057 0.998756 -0.0387398 -2.31194 -0.998606 0.0329987 0.041192 89.2035 
0.0424267 0.0366545 0.998427 22.1463 0.0295852 0.998842 -0.037927 -2.35388 -0.998661 0.0311478 0.0412931 89.262 
0.0423255 0.0368355 0.998425 22.96 0.0271054 0.99891 -0.0380025 -2.40556 -0.998736 0.0286712 0.0412809 89.3134 
0.0423679 0.037495 0.998398 23.7744 0.0243472 0.99896 -0.0385494 -2.44307 -0.998805 0.0259415 0.041411 89.3621 
0.0411588 0.0384454 0.998413 24.586 0.0213694 0.998997 -0.039349 -2.49147 -0.998924 0.022955 0.0402959 89.4088 
0.0383196 0.0381834 0.998536 25.3969 0.0179181 0.999083 -0.038892 -2.52922 -0.999105 0.0193822 0.0376003 89.4542 
0.0343604 0.0372485 0.998715 26.2118 0.0161936 0.999153 -0.037822 -2.56466 -0.999278 0.0174724 0.0337281 89.4994 
0.0298063 0.0343031 0.998967 27.0033 0.0133262 0.999308 -0.0347125 -2.61759 -0.999467 0.0143471 0.0293285 89.5241 
0.0232518 0.0319285 0.99922 27.8062 0.0103436 0.999429 -0.0321759 -2.66693 -0.999676 0.0110836 0.0229083 89.5575 
0.0162197 0.0324267 0.999342 28.6072 0.0108721 0.999409 -0.0326054 -2.7012 -0.999809 0.0113938 0.0158576 89.5712 
0.00747639 0.0333825 0.999415 29.4036 0.0106916 0.999383 -0.0334615 -2.7401 -0.999915 0.0109355 0.00711486 89.5859 
-0.00231412 0.0338755 0.999423 30.2011 0.0118128 0.999357 -0.033846 -2.77307 -0.999927 0.0117276 -0.0027128 89.5912 
-0.0124669 0.0330253 0.999377 30.9892 0.0137252 0.999366 -0.0328538 -2.81166 -0.999828 0.013307 -0.0129122 89.5823 
-0.0230317 0.0320362 0.999221 31.7886 0.0127198 0.999415 -0.0317493 -2.85013 -0.999654 0.0119786 -0.0234258 89.5686 
-0.033818 0.0315172 0.998931 32.5698 0.0147926 0.999409 -0.0310316 -2.88314 -0.999318 0.0137273 -0.0342642 89.5379 
-0.0448864 0.0318198 0.998485 33.3492 0.0149814 0.999402 -0.0311756 -2.92245 -0.99888 0.0135593 -0.0453363 89.5126 
-0.0556402 0.0322319 0.99793 34.1189 0.0146598 0.999397 -0.031462 -2.96362 -0.998343 0.0128789 -0.0560791 89.4644 
-0.0663473 0.0332577 0.997242 34.8741 0.0140407 0.999376 -0.0323948 -3.00132 -0.997698 0.0118527 -0.0667729 89.4194 
-0.0764458 0.0342011 0.996487 35.645 0.0143823 0.999345 -0.033196 -3.03866 -0.99697 0.0117941 -0.0768877 89.3667 
-0.0857616 0.035059 0.995699 36.3915 0.0153618 0.999308 -0.033863 -3.07256 -0.996197 0.0123916 -0.0862408 89.2985 
-0.0953962 0.0355719 0.994804 37.1397 0.0158649 0.999289 -0.034211 -3.10664 -0.995313 0.0125188 -0.0958927 89.2314 
-0.104645 0.0359633 0.993859 37.8788 0.0165529 0.99927 -0.0344164 -3.13997 -0.994372 0.0128497 -0.105164 89.1585 
-0.113311 0.0355102 0.992925 38.623 0.0177092 0.999274 -0.0337164 -3.17555 -0.993402 0.0137635 -0.113858 89.0803 
-0.120629 0.0343716 0.992102 39.3597 0.0201723 0.999279 -0.0321676 -3.20947 -0.992493 0.0161327 -0.121236 89.0007 
-0.125687 0.0331781 0.991515 40.0812 0.0234844 0.99926 -0.0304604 -3.23741 -0.991792 0.0194566 -0.126373 88.9105 
-0.1297 0.0312425 0.991061 40.8008 0.0255524 0.999277 -0.0281576 -3.28014 -0.991224 0.021672 -0.130404 88.8273 
-0.132352 0.03065 0.990729 41.5057 0.0279013 0.999241 -0.0271861 -3.29851 -0.99081 0.0240444 -0.133107 88.7416 
-0.133777 0.03002 0.990557 42.1926 0.0285642 0.999243 -0.0264256 -3.3198 -0.9906 0.0247593 -0.134533 88.6479 
-0.134762 0.0302867 0.990415 42.8409 0.0287103 0.999232 -0.0266499 -3.35527 -0.990462 0.0248437 -0.135528 88.5724 
-0.133766 0.0315143 0.990512 43.5072 0.0297325 0.999172 -0.0277746 -3.38478 -0.990567 0.0257351 -0.134592 88.4884 
-0.130607 0.0331066 0.990881 44.1303 0.0312008 0.999084 -0.0292682 -3.41625 -0.990943 0.0270936 -0.13152 88.4076 
-0.125706 0.0338826 0.991489 44.7608 0.0310122 0.999062 -0.0302096 -3.43798 -0.991583 0.0269508 -0.126639 88.3492 
-0.117275 0.0346793 0.992494 45.3674 0.0311415 0.999027 -0.031228 -3.46781 -0.992611 0.0272455 -0.11824 88.2814 
-0.106346 0.0345981 0.993727 45.9653 0.0294812 0.999065 -0.031629 -3.49606 -0.993892 0.0259326 -0.107267 88.2371 
-0.0926022 0.0346361 0.9951 46.5121 0.028033 0.999089 -0.0321663 -3.53294 -0.995308 0.024917 -0.0934888 88.1945 
-0.0752406 0.0356815 0.996527 47.0757 0.0264732 0.999079 -0.0337741 -3.56922 -0.996814 0.0238401 -0.0761159 88.1645 
-0.0538085 0.0381536 0.997822 47.6144 0.0252008 0.999003 -0.0368399 -3.59546 -0.998233 0.0231637 -0.0547163 88.152 
-0.0289498 0.0412467 0.998729 48.1553 0.02321 0.998907 -0.0405813 -3.62781 -0.999311 0.0220057 -0.0298755 88.1532 
-0.00067424 0.0424732 0.999097 48.6855 0.0202193 0.998894 -0.042451 -3.6662 -0.999795 0.0201724 -0.00153227 88.1776 
0.033118 0.0412521 0.9986 49.1931 0.0163224 0.998992 -0.0418097 -3.70886 -0.999318 0.0176842 0.0324113 88.2071 
0.0720247 0.0392331 0.996631 49.7016 0.0153329 0.999064 -0.0404371 -3.73081 -0.997285 0.0181937 0.0713558 88.2527 
0.115123 0.0349346 0.992737 50.2187 0.0117802 0.999263 -0.0365304 -3.76956 -0.993281 0.0159002 0.114627 88.325 
0.160948 0.0302572 0.986499 50.7438 0.00827072 0.999453 -0.032004 -3.80275 -0.986928 0.01331 0.16061 88.4326 
0.210774 0.0271939 0.977156 51.2481 0.00335363 0.999587 -0.0285416 -3.82391 -0.977529 0.00929283 0.210595 88.5569 
0.263927 0.0254404 0.964207 51.7429 -0.0006682 0.999657 -0.026193 -3.84725 -0.964542 0.00626875 0.263854 88.7083 
0.320156 0.0245735 0.947046 52.2267 -0.00220032 0.99968 -0.0251955 -3.87489 -0.947362 0.00598269 0.320108 88.8903 
0.381057 0.0248579 0.924217 52.6937 3.31544e-05 0.999638 -0.0269002 -3.89364 -0.924551 0.0102811 0.380918 89.0801 
0.441417 0.0278146 0.896871 53.1242 0.000246076 0.999516 -0.0311191 -3.92113 -0.897302 0.0139572 0.441196 89.328 
0.501878 0.0304803 0.864401 53.5282 0.000768664 0.999363 -0.0356856 -3.94686 -0.864938 0.0185742 0.501534 89.603 
0.560588 0.0343405 0.827382 53.9081 -0.00356781 0.999231 -0.0390558 -3.96691 -0.828087 0.0189423 0.56028 89.9153 
0.616488 0.0383586 0.786429 54.2564 -0.00867385 0.999083 -0.0419316 -3.97458 -0.787316 0.0190289 0.616255 90.256 
0.669416 0.0388119 0.741873 54.5438 -0.0105554 0.99903 -0.042741 -4.00237 -0.742813 0.0207807 0.669177 90.5804 
0.7186 0.0366935 0.694455 54.8096 -0.0113162 0.999092 -0.0410804 -4.02322 -0.695332 0.0216618 0.718362 90.9017 
0.764296 0.0317634 0.644083 55.0795 -0.0124929 0.999328 -0.0344582 -4.05267 -0.644745 0.0182897 0.764179 91.288 
0.805946 0.0277725 0.591337 55.3204 -0.0144129 0.999523 -0.0272998 -4.06358 -0.591813 0.0134793 0.805962 91.7024 
0.842681 0.0256415 0.537802 55.5149 -0.0174663 0.999641 -0.0202937 -4.08803 -0.538129 0.00770764 0.842827 92.0803 
0.874251 0.0214028 0.485001 55.7022 -0.0177924 0.999769 -0.0120471 -4.10493 -0.485147 0.00190276 0.87443 92.5078 
0.900183 0.0217473 0.434968 55.8557 -0.0212752 0.999756 -0.00595563 -4.12016 -0.434991 -0.00389293 0.900426 92.9492 
0.920622 0.0238103 0.389729 55.992 -0.0250507 0.999684 -0.00190047 -4.13271 -0.389651 -0.00801341 0.920928 93.4001 
0.936162 0.0298502 0.350298 56.1108 -0.0323368 0.999476 0.00124976 -4.14214 -0.350077 -0.0124976 0.936637 93.8567 
0.9484 0.033802 0.31527 56.2227 -0.0358102 0.999358 0.000577087 -4.14412 -0.315048 -0.0118372 0.949002 94.3181 
0.957899 0.0362728 0.284805 56.3288 -0.0381569 0.999271 0.00106721 -4.14758 -0.284558 -0.0118896 0.958585 94.7924 
0.964254 0.030983 0.263162 56.4368 -0.0325509 0.999469 0.00159891 -4.15387 -0.262972 -0.010108 0.96475 95.2862 
0.968412 0.0278696 0.247793 56.5425 -0.0293143 0.999568 0.00214167 -4.15718 -0.247627 -0.00933798 0.96881 95.7737 
0.97144 0.0317762 0.235148 56.6374 -0.033212 0.999446 0.0021464 -4.16486 -0.234949 -0.00989489 0.971957 96.2681 
0.973542 0.036642 0.225551 56.7309 -0.0381785 0.999268 0.0024519 -4.16039 -0.225296 -0.0109983 0.974228 96.7693 
0.974544 0.044841 0.219668 56.821 -0.0462186 0.998931 0.00113324 -4.16135 -0.219382 -0.0112572 0.975574 97.2886 
0.974917 0.0507056 0.216717 56.9166 -0.0513928 0.998675 -0.00246765 -4.16648 -0.216555 -0.00873203 0.976231 97.8059 
0.975022 0.0520198 0.215929 57.0211 -0.0521688 0.998626 -0.00501387 -4.17631 -0.215893 -0.00637619 0.976396 98.3365 
0.974602 0.0498562 0.218325 57.1382 -0.0491077 0.998754 -0.00885757 -4.17739 -0.218495 -0.00208891 0.975836 98.8807 
0.973734 0.0490568 0.222339 57.2553 -0.0468364 0.998786 -0.0152521 -4.1881 -0.222818 0.00443789 0.97485 99.4263 
0.972741 0.0495695 0.226532 57.3766 -0.0461882 0.998728 -0.0202067 -4.191 -0.227245 0.00919271 0.973794 100.003 
0.97146 0.0542113 0.230926 57.4983 -0.0509309 0.998499 -0.020148 -4.19903 -0.231672 0.00781158 0.972763 100.573 
0.969928 0.0572038 0.236573 57.6249 -0.0549684 0.998359 -0.0160401 -4.21372 -0.237103 0.00255366 0.971481 101.157 
0.968911 0.0539661 0.241453 57.7645 -0.0527377 0.998541 -0.0115524 -4.22809 -0.241724 -0.00154047 0.970344 101.76 
0.968173 0.0493232 0.245374 57.9128 -0.0493397 0.998763 -0.00608401 -4.23691 -0.24537 -0.00621636 0.969409 102.37 
0.967318 0.0471518 0.249144 58.0677 -0.0482973 0.998832 -0.0015172 -4.24654 -0.248924 -0.0105654 0.968465 102.996 
0.966764 0.0424776 0.252115 58.2265 -0.0436186 0.999048 -0.00106464 -4.24905 -0.25192 -0.00996771 0.967697 103.635 
0.966937 0.0387331 0.252055 58.3957 -0.0390055 0.999231 -0.00391812 -4.26252 -0.252013 -0.00604302 0.967705 104.273 
0.967041 0.0385016 0.251694 58.5551 -0.0369461 0.999258 -0.0109047 -4.2734 -0.251927 0.00124612 0.967745 104.924 
0.967068 0.0409147 0.25121 58.699 -0.0377441 0.999135 -0.0174289 -4.28867 -0.251705 0.00737318 0.967776 105.578 
0.967635 0.0440381 0.24848 58.8545 -0.0400484 0.998975 -0.0210913 -4.29922 -0.249154 0.0104574 0.968407 106.256 
0.968283 0.0425818 0.246199 59.0135 -0.0396813 0.999072 -0.0167329 -4.31383 -0.246683 0.00643258 0.969075 106.95 
0.968746 0.0384005 0.245066 59.1841 -0.0373116 0.999262 -0.00908681 -4.33215 -0.245234 -0.000341048 0.969464 107.659 
0.969405 0.0387322 0.242392 59.3524 -0.0391425 0.999229 -0.00312524 -4.34743 -0.242326 -0.00645827 0.970173 108.376 
0.969697 0.0419802 0.240678 59.5129 -0.0423214 0.999097 -0.00375377 -4.36227 -0.240618 -0.00654588 0.970598 109.108 
0.969978 0.0475581 0.238498 59.6712 -0.0468677 0.998864 -0.0085683 -4.36661 -0.238635 -0.00286687 0.971105 109.845 
0.970855 0.0489347 0.234619 59.83 -0.0469942 0.998799 -0.0138583 -4.37876 -0.235015 0.00242865 0.971989 110.582 
0.971827 0.0477545 0.230805 59.9942 -0.0451704 0.998843 -0.0164708 -4.39319 -0.231325 0.00558112 0.97286 111.332 
0.972848 0.0454743 0.226935 60.1645 -0.0431971 0.998954 -0.0149936 -4.40927 -0.227379 0.00478345 0.973794 112.098 
0.973798 0.0412276 0.223646 60.329 -0.0393211 0.999142 -0.0129736 -4.42549 -0.223989 0.00383958 0.974584 112.879 
0.974294 0.0398985 0.221718 60.4999 -0.038583 0.999203 -0.0102631 -4.44006 -0.22195 0.00144468 0.975057 113.667 
0.97462 0.0369546 0.220794 60.6623 -0.0360799 0.999317 -0.00799508 -4.45147 -0.220938 -0.000174123 0.975288 114.464 
0.974893 0.0314728 0.220437 60.8327 -0.0307119 0.999505 -0.00687948 -4.45915 -0.220544 -6.33536e-05 0.975377 115.263 
0.974943 0.0321273 0.220123 60.9886 -0.0316887 0.999482 -0.00552495 -4.46765 -0.220186 -0.00158895 0.975456 116.088 
0.974681 0.0375784 0.220419 61.1538 -0.0368703 0.999293 -0.00732755 -4.48496 -0.220538 -0.000984945 0.975378 116.907 
0.974332 0.0431953 0.220932 61.3205 -0.0418346 0.999066 -0.010837 -4.49945 -0.221194 0.00131616 0.975229 117.738 
0.973662 0.0526489 0.221833 61.4855 -0.0512047 0.998613 -0.0122609 -4.5209 -0.222171 0.000579025 0.975007 118.569 
0.972659 0.0582193 0.224821 61.6485 -0.0570408 0.998303 -0.0117398 -4.53469 -0.225122 -0.00140522 0.974329 119.398 
0.971867 0.0603514 0.227665 61.8213 -0.0596773 0.998169 -0.00985028 -4.55708 -0.227843 -0.00401335 0.97369 120.244 
0.971171 0.0612821 0.23037 62.0049 -0.0604301 0.998114 -0.0107596 -4.5744 -0.230595 -0.00347199 0.973043 121.087 
0.970865 0.0593602 0.232156 62.1927 -0.0578313 0.998236 -0.013393 -4.59358 -0.232542 -0.000423181 0.972586 121.923 
0.970904 0.0532366 0.233475 62.3912 -0.051823 0.998582 -0.0121901 -4.61014 -0.233793 -0.000264045 0.972286 122.761 
0.971214 0.0465009 0.233626 62.5896 -0.0445393 0.998914 -0.0136687 -4.6291 -0.234008 0.00286963 0.97223 123.601 
0.971032 0.0454253 0.234592 62.7845 -0.0434342 0.998963 -0.0136502 -4.65287 -0.234969 0.00306536 0.971998 124.436 
0.970489 0.0481355 0.236291 62.9779 -0.0469064 0.998841 -0.0108241 -4.67226 -0.236538 -0.00057892 0.971622 125.278 
0.969998 0.0501903 0.237876 63.16 -0.0503212 0.998718 -0.00552632 -4.68539 -0.237849 -0.00660976 0.97128 126.114 
0.969669 0.0534703 0.238503 63.3484 -0.0547835 0.998498 -0.00112461 -4.70668 -0.238204 -0.0119756 0.971141 126.948 
0.969397 0.0531786 0.23967 63.5351 -0.0529315 0.99857 -0.00747267 -4.72731 -0.239724 -0.00544216 0.970826 127.778 
0.969757 0.0490177 0.239099 63.7328 -0.0451793 0.998747 -0.0215118 -4.75293 -0.239854 0.0100588 0.970757 128.591 
0.970074 0.0470268 0.238211 63.9327 -0.0408863 0.998693 -0.0306565 -4.77305 -0.239341 0.0199995 0.970729 129.39 
0.970381 0.0441337 0.237512 64.1248 -0.0401768 0.998962 -0.0214774 -4.79344 -0.238213 0.0112987 0.971147 130.211 
0.970824 0.0373488 0.236866 64.3173 -0.0383505 0.999264 -0.000379091 -4.82238 -0.236706 -0.00871597 0.971542 131.043 
0.971215 0.0334316 0.235848 64.5092 -0.0380572 0.999162 0.0150862 -4.8479 -0.235146 -0.0236277 0.971673 131.873 
0.9712 0.0376789 0.235266 64.6847 -0.0409664 0.999119 0.00909939 -4.85627 -0.234715 -0.0184754 0.971888 132.686 
0.971424 0.0457367 0.232904 64.8588 -0.0453674 0.998946 -0.00694512 -4.8602 -0.232976 -0.00381968 0.972475 133.493 
0.971665 0.0464581 0.231752 65.0363 -0.0442284 0.998912 -0.0148108 -4.86886 -0.232188 0.00414101 0.972662 134.3 
0.972354 0.0424237 0.229625 65.2249 -0.0399886 0.999084 -0.0152502 -4.89491 -0.230062 0.00564615 0.97316 135.103 
0.973039 0.0414669 0.226884 65.4019 -0.0393819 0.99913 -0.0137111 -4.91864 -0.227255 0.00440624 0.973825 135.926 
0.973987 0.0406895 0.222921 65.5764 -0.0383742 0.999155 -0.0147103 -4.94275 -0.223331 0.00577318 0.974725 136.718 
0.975051 0.0423813 0.217896 65.7417 -0.0398398 0.999077 -0.0160465 -4.96763 -0.218375 0.00696521 0.97584 137.524 
0.975483 0.04704 0.214988 65.9004 -0.0445856 0.998873 -0.0162547 -4.99155 -0.215511 0.00627077 0.976481 138.324 
0.975556 0.0534261 0.213156 66.0505 -0.0510525 0.998557 -0.0166287 -5.01371 -0.213737 0.00534004 0.976877 139.129 
0.975864 0.0549574 0.21135 66.2097 -0.053073 0.998484 -0.0145834 -5.03832 -0.211831 0.0030144 0.977302 139.938 
0.976256 0.0526231 0.21013 66.3725 -0.0516917 0.998614 -0.00992668 -5.05712 -0.210361 -0.00117108 0.977623 140.74 
0.976699 0.0511089 0.20844 66.5316 -0.0501479 0.998693 -0.00989608 -5.07627 -0.208673 -0.000787396 0.977985 141.544 
0.977352 0.0495594 0.205734 66.688 -0.047937 0.998767 -0.0128663 -5.09836 -0.206118 0.00271256 0.978523 142.343 
0.978561 0.0451712 0.200941 66.8454 -0.0427413 0.998951 -0.0164178 -5.12055 -0.201471 0.00747728 0.979466 143.14 
0.979991 0.0418795 0.194586 66.9875 -0.0392613 0.999079 -0.0172944 -5.14194 -0.195131 0.00930857 0.980733 143.925 
0.981321 0.0402941 0.188109 67.1318 -0.0387047 0.999177 -0.0121169 -5.15469 -0.188443 0.00460979 0.982073 144.722 
0.982609 0.0375066 0.181859 67.2706 -0.0374587 0.999291 -0.0036999 -5.17125 -0.181869 -0.00317672 0.983318 145.531 
0.983363 0.034409 0.178361 67.4067 -0.0359655 0.999338 0.00549955 -5.18133 -0.178054 -0.011823 0.98395 146.336 
0.983867 0.0409671 0.174148 67.524 -0.0430161 0.999042 0.00800543 -5.18846 -0.173653 -0.0153675 0.984687 147.145 
0.984567 0.0438112 0.169434 67.6379 -0.0450344 0.99898 0.00338067 -5.19934 -0.169113 -0.0109589 0.985536 147.938 
0.985877 0.0444649 0.161457 67.7585 -0.0439278 0.999011 -0.00689762 -5.20482 -0.161604 -0.000292298 0.986856 148.728 
0.987027 0.0411684 0.155186 67.8718 -0.0397619 0.999135 -0.0121585 -5.21296 -0.155552 0.00583019 0.98781 149.528 
0.988066 0.040287 0.148669 67.9771 -0.0391023 0.999176 -0.0108842 -5.22676 -0.148985 0.00494096 0.988827 150.342 
0.988898 0.0465587 0.14111 68.0683 -0.045987 0.998915 -0.00731255 -5.24544 -0.141298 0.000742059 0.989967 151.157 
0.989773 0.0517608 0.132927 68.1535 -0.0510842 0.998658 -0.0084982 -5.26507 -0.133189 0.00162072 0.991089 151.966 
0.990928 0.0548533 0.122691 68.2345 -0.0535219 0.998467 -0.0141248 -5.2795 -0.123278 0.00742992 0.992344 152.772 
0.992015 0.0536167 0.114156 68.3128 -0.0521029 0.99851 -0.0162067 -5.29606 -0.114855 0.0101293 0.993331 153.586 
0.992916 0.0533636 0.106158 68.3858 -0.0522769 0.998548 -0.0129957 -5.31582 -0.106697 0.00735401 0.994264 154.406 
0.993534 0.0561698 0.098665 68.4424 -0.0558766 0.998421 -0.00573583 -5.33405 -0.0988313 0.000185608 0.995104 155.226 
0.994078 0.059801 0.0907341 68.4918 -0.0600278 0.998197 -0.00023032 -5.34523 -0.0905842 -0.00521769 0.995875 156.046 
0.9948 0.0587204 0.083218 68.54 -0.0592084 0.99824 0.00340478 -5.35654 -0.0828716 -0.00831436 0.996525 156.883 
0.995227 0.0597045 0.077193 68.584 -0.0603059 0.998165 0.00547986 -5.36121 -0.0767241 -0.010109 0.997001 157.717 
0.995595 0.0588415 0.0729887 68.6305 -0.0592936 0.998232 0.0040407 -5.37122 -0.0726218 -0.00835075 0.997325 158.54 
0.995604 0.0638578 0.0685176 68.6637 -0.0638976 0.997955 -0.00161439 -5.37916 -0.0684805 -0.00277089 0.997649 159.35 
0.995482 0.0696823 0.0645015 68.6945 -0.0693027 0.997563 -0.00810892 -5.39286 -0.0649093 0.00360208 0.997885 160.164 
0.995609 0.0707574 0.061289 68.7289 -0.0702637 0.997476 -0.0101768 -5.40676 -0.0618543 0.00582566 0.998068 160.982 
0.995681 0.0723277 0.0582054 68.7609 -0.0722083 0.997381 -0.00415746 -5.41678 -0.0583536 -6.34867e-05 0.998296 161.814 
0.995625 0.0741929 0.0568045 68.7777 -0.0746585 0.99719 0.00611435 -5.42421 -0.0561912 -0.0103286 0.998367 162.661 
0.995726 0.0753285 0.0534373 68.8108 -0.0761363 0.997009 0.0132411 -5.42807 -0.0522799 -0.0172531 0.998483 163.493 
0.996259 0.0719373 0.0478903 68.8467 -0.0724998 0.997317 0.01011 -5.43217 -0.0470345 -0.0135443 0.998801 164.316 
0.997295 0.0603214 0.0419901 68.8755 -0.0603888 0.998175 0.000336133 -5.4344 -0.0418931 -0.00287104 0.999118 165.142 
0.997688 0.0584044 0.0347511 68.9044 -0.0582953 0.998291 -0.00414526 -5.43793 -0.0349337 0.00210978 0.999387 165.936 
0.997624 0.0627626 0.0284154 68.8943 -0.0627079 0.998028 -0.00281515 -5.44562 -0.028536 0.00102651 0.999592 166.788 
0.997927 0.0607718 0.0211533 68.8963 -0.0608584 0.99814 0.00346736 -5.45896 -0.0209031 -0.00474761 0.99977 167.617 
0.998381 0.0552249 0.0136122 68.9023 -0.055328 0.998441 0.00731245 -5.4653 -0.0131871 -0.00805383 0.999881 168.443 
0.998869 0.0468324 0.00819112 68.8977 -0.0469248 0.998832 0.0114717 -5.46348 -0.00764423 -0.0118432 0.999901 169.294 
0.999091 0.0425772 0.00209234 68.893 -0.0425993 0.99902 0.0119664 -5.47309 -0.0015807 -0.0120448 0.999926 170.12 
0.999171 0.0404748 -0.00433953 68.8755 -0.0404517 0.999167 0.00529742 -5.48465 0.00455041 -0.00511757 0.999976 170.954 
0.999441 0.0310858 -0.0122905 68.8697 -0.0311484 0.999503 -0.00493194 -5.48507 0.0121312 0.00531193 0.999912 171.774 
0.999603 0.0210061 -0.0187954 68.8613 -0.0211751 0.999737 -0.0088302 -5.4922 0.0186051 0.0092246 0.999784 172.603 
0.99937 0.0245397 -0.0256233 68.8348 -0.0245772 0.999697 -0.00114724 -5.50238 0.0255875 0.00177619 0.999671 173.431 
0.998881 0.03596 -0.0307102 68.7868 -0.0356187 0.999298 0.0115891 -5.50861 0.0311055 -0.0104824 0.999461 174.274 
0.998556 0.0406211 -0.0351437 68.7313 -0.0399527 0.999011 0.0195192 -5.51414 0.0359019 -0.018087 0.999192 175.127 
0.998433 0.039969 -0.0391751 68.6918 -0.0393306 0.999083 0.0169361 -5.51722 0.0398162 -0.0153688 0.999089 175.958 
0.998293 0.0415303 -0.0410516 68.6302 -0.0413173 0.999128 0.00602665 -5.51506 0.0412662 -0.00432031 0.999139 176.794 
0.997655 0.0521776 -0.0442842 68.5661 -0.0523794 0.998621 -0.00340563 -5.51548 0.0440456 0.00571714 0.999013 177.626 
0.99767 0.0502846 -0.0461164 68.4926 -0.0506701 0.998689 -0.00722593 -5.51723 0.0456926 0.00954573 0.99891 178.492 
0.997835 0.0440929 -0.0487942 68.4585 -0.0442612 0.999017 -0.00237145 -5.5225 0.0486417 0.00452592 0.998806 179.345 
0.997857 0.0445201 -0.0479539 68.4008 -0.0442653 0.998999 0.00636384 -5.53367 0.0481893 -0.00422759 0.998829 180.209 
0.997764 0.046639 -0.0478777 68.3448 -0.0461285 0.998867 0.0117137 -5.53791 0.0483698 -0.00947902 0.998784 181.068 
0.997698 0.0467087 -0.0491668 68.2837 -0.0462311 0.998872 0.010809 -5.54324 0.0496164 -0.0085112 0.998732 181.918 
0.997732 0.0430497 -0.0517421 68.2289 -0.043013 0.999073 0.00182407 -5.54942 0.0517727 0.00040557 0.998659 182.774 
0.997994 0.0331205 -0.0539554 68.1808 -0.0336895 0.999385 -0.00967013 -5.56082 0.0536021 0.0114684 0.998496 183.623 
0.998166 0.0228692 -0.0560408 68.1378 -0.0236837 0.999623 -0.0139127 -5.56889 0.0557016 0.0152144 0.998331 184.473 
0.998063 0.0255331 -0.0567276 68.0754 -0.0261138 0.999614 -0.00951713 -5.58281 0.0564628 0.01098 0.998344 185.319 
0.99784 0.030995 -0.0579145 68.0127 -0.0309614 0.999519 0.00147901 -5.60237 0.0579326 0.000317215 0.99832 186.17 
0.99771 0.0323807 -0.0593763 67.9496 -0.032126 0.99947 0.00524086 -5.62004 0.0595146 -0.00332142 0.998222 187.017 
0.99767 0.0319015 -0.0603065 67.8901 -0.0318924 0.999491 0.0011142 -5.62962 0.0603114 0.000811629 0.998179 187.861 
0.997669 0.0321445 -0.0601993 67.8264 -0.0324955 0.99946 -0.00485932 -5.63816 0.0600106 0.00680411 0.998174 188.701 
0.997405 0.0383945 -0.0609077 67.7584 -0.0388011 0.999232 -0.00550483 -5.64633 0.0606496 0.00785375 0.998128 189.538 
0.997243 0.0420761 -0.061129 67.6901 -0.0423101 0.999101 -0.0025368 -5.66084 0.0609674 0.00511609 0.998127 190.376 
0.99704 0.0455826 -0.0619188 67.6258 -0.0456185 0.998959 0.00083442 -5.67989 0.0618924 0.00199261 0.998081 191.213 
0.996854 0.0495533 -0.0618544 67.5597 -0.0494277 0.998771 0.0035608 -5.68796 0.061955 -0.000492358 0.998079 192.047 
