1 -4.23778e-08 4.22719e-08 0 -4.23778e-08 1 -4.19404e-08 0 4.22719e-08 -4.19404e-08 1 0 
0.999067 -0.000568293 0.0431774 0.0427393 0.000664836 0.999997 -0.00222365 -0.0290017 -0.043176 0.0022502 0.999065 0.970744 
0.996074 -0.00464838 0.0883998 0.113916 0.0052946 0.999961 -0.00707815 -0.048119 -0.0883634 0.00751833 0.99606 2.00734 
0.991028 -0.00428688 0.133585 0.237334 0.0058288 0.999921 -0.0111544 -0.0672957 -0.133526 0.0118328 0.990975 3.05611 
0.983797 -0.00213724 0.179271 0.418238 0.00456863 0.999903 -0.0131513 -0.107427 -0.179226 0.0137572 0.983712 4.07229 
0.974377 -0.00431882 0.224881 0.657657 0.00747272 0.999885 -0.0131759 -0.13479 -0.224798 0.0145187 0.974297 5.10664 
0.962924 -0.0055407 0.269717 0.957318 0.00980926 0.999847 -0.0144812 -0.176004 -0.269595 0.0165899 0.962831 6.1499 
0.949687 -0.00820856 0.313092 1.26483 0.0142728 0.999752 -0.0170822 -0.211284 -0.312874 0.0206913 0.949569 7.0816 
0.93472 -0.0104387 0.355231 1.6438 0.0183005 0.999656 -0.0187787 -0.247223 -0.354913 0.0240537 0.93459 8.04405 
0.917478 -0.0102353 0.397654 2.0404 0.0195191 0.999623 -0.019306 -0.282873 -0.397306 0.0254746 0.917332 8.98597 
0.898111 -0.011091 0.439628 2.48045 0.0211771 0.999613 -0.0180443 -0.310448 -0.439258 0.0255158 0.897999 9.91102 
0.876377 -0.0110496 0.481499 2.96955 0.0220059 0.999611 -0.0171137 -0.342224 -0.481123 0.0255939 0.876279 10.823 
0.852593 -0.0114997 0.522448 3.4832 0.0232656 0.999602 -0.0159655 -0.376564 -0.522056 0.0257671 0.852521 11.6891 
0.82738 -0.012029 0.561513 4.07871 0.0253214 0.999553 -0.0158979 -0.413262 -0.561071 0.0273718 0.827315 12.5606 
0.800061 -0.0138838 0.599757 4.68375 0.0286845 0.999474 -0.0151278 -0.446368 -0.599232 0.0293069 0.800039 13.3835 
0.771652 -0.0130685 0.635911 5.31694 0.0295894 0.999444 -0.0153663 -0.493578 -0.635356 0.0306736 0.77161 14.145 
0.741064 -0.0165165 0.671231 5.98673 0.0346738 0.999305 -0.0136922 -0.524811 -0.670538 0.0334208 0.741122 14.9063 
0.708881 -0.0152463 0.705164 6.69448 0.0344577 0.999321 -0.0130332 -0.556392 -0.704486 0.0335373 0.708925 15.6514 
0.67285 -0.0144846 0.739637 7.36308 0.0355952 0.999284 -0.0128118 -0.666566 -0.738922 0.0349479 0.672884 16.5482 
0.636909 -0.0156995 0.770779 8.11462 0.0399551 0.999121 -0.0126653 -0.698664 -0.769903 0.0388631 0.636976 17.192 
0.599312 -0.0137822 0.800397 8.87305 0.0394828 0.999144 -0.0123591 -0.742826 -0.799541 0.0390088 0.599343 17.8232 
0.560986 -0.0120865 0.827737 9.74064 0.0415847 0.999042 -0.0135957 -0.783214 -0.82678 0.0420482 0.560951 18.4611 
0.521761 -0.0104742 0.853027 10.6047 0.0463135 0.998798 -0.016064 -0.809958 -0.851833 0.0478883 0.521619 19.0117 
0.482104 -0.0094028 0.876064 11.5379 0.0480165 0.998723 -0.0157046 -0.825665 -0.874797 0.0496367 0.48194 19.5729 
0.442736 -0.0104729 0.896591 12.5529 0.0528567 0.998498 -0.0144375 -0.827714 -0.895093 0.0537828 0.442624 20.1271 
0.405273 -0.0107592 0.914132 13.6053 0.0570186 0.998281 -0.0135292 -0.828816 -0.912416 0.0576056 0.40519 20.6609 
0.370345 -0.00823888 0.928858 14.6061 0.0589772 0.998152 -0.0146614 -0.838953 -0.92702 0.0602112 0.370147 21.0736 
0.337233 -0.00843568 0.941384 15.7164 0.0598876 0.998127 -0.0125095 -0.83532 -0.939514 0.0605958 0.337106 21.5028 
0.303853 -0.0100221 0.952666 16.7544 0.0625516 0.997997 -0.00945202 -0.85191 -0.950663 0.0624628 0.303872 21.8523 
0.270878 -0.00996567 0.962562 17.8108 0.0634746 0.997955 -0.00753057 -0.86694 -0.960519 0.0631381 0.270956 22.1725 
0.239884 -0.00710177 0.970776 18.753 0.0612235 0.998093 -0.00782714 -0.883628 -0.968869 0.0613119 0.239861 22.3884 
0.208974 -0.00551134 0.977906 19.816 0.061444 0.998082 -0.00750534 -0.9041 -0.975989 0.0616549 0.208912 22.6276 
0.17827 -0.00512031 0.983968 20.9592 0.0636813 0.99795 -0.00634445 -0.914442 -0.981919 0.0637914 0.178231 22.8701 
0.147466 -0.00511848 0.989054 22.1047 0.0652704 0.997857 -0.00456775 -0.925997 -0.986911 0.0652296 0.147484 23.0743 
0.116905 -0.0055133 0.993128 23.2652 0.0638646 0.997957 -0.00197772 -0.93004 -0.991087 0.0636569 0.117018 23.2557 
0.0870138 -0.00560393 0.996191 24.4313 0.06419 0.997938 6.89638e-06 -0.932159 -0.994137 0.0639449 0.0871941 23.4125 
0.059324 -0.00492661 0.998227 25.6308 0.0670641 0.997748 0.000938584 -0.929035 -0.995983 0.0668894 0.0595208 23.5268 
0.035032 -0.00426658 0.999377 26.8565 0.0714991 0.997439 0.00175191 -0.928626 -0.996825 0.0713932 0.0352473 23.5407 
0.0124351 -0.00359094 0.999916 28.0862 0.0754879 0.997143 0.00264212 -0.922837 -0.997069 0.0754487 0.0126707 23.5716 
-0.00745367 -0.00340673 0.999966 29.3626 0.0811903 0.99669 0.00400068 -0.91304 -0.996671 0.0812174 -0.00715242 23.5475 
-0.0246549 -0.00388237 0.999688 30.6139 0.0853733 0.996331 0.00597478 -0.910009 -0.996044 0.085494 -0.024233 23.5122 
-0.0393821 -0.00379274 0.999217 31.874 0.0887283 0.996029 0.0072776 -0.911398 -0.995277 0.0889454 -0.0388892 23.4389 
-0.0526793 -0.00428055 0.998602 33.1757 0.0914304 0.99577 0.00909157 -0.911961 -0.994417 0.0917816 -0.0520651 23.3254 
-0.0652011 -0.005362 0.997858 34.4706 0.0912132 0.995767 0.0113107 -0.903418 -0.993695 0.0917553 -0.064436 23.2113 
-0.0770981 -0.00507873 0.99701 35.7444 0.0909788 0.995779 0.0121077 -0.896919 -0.992864 0.0916403 -0.0763106 23.1193 
-0.0875637 -0.00214888 0.996157 37.0506 0.0911576 0.995785 0.0101609 -0.890994 -0.991979 0.0916969 -0.0869987 22.9789 
-0.0970064 0.00167312 0.995282 38.397 0.0916891 0.995761 0.00726259 -0.875293 -0.991051 0.0919611 -0.0967486 22.8 
-0.106259 0.00375316 0.994331 39.6942 0.0930617 0.995641 0.00618684 -0.88241 -0.989974 0.0931916 -0.106145 22.676 
-0.113413 0.0050852 0.993535 41.0004 0.0927711 0.995672 0.00549372 -0.870518 -0.989207 0.0927944 -0.113394 22.5389 
-0.118767 0.00577842 0.992905 42.339 0.0923434 0.995713 0.00525092 -0.864451 -0.988619 0.0923119 -0.118792 22.3777 
-0.123249 0.0074216 0.992348 43.681 0.0936446 0.995597 0.00418461 -0.861106 -0.987948 0.0934438 -0.123401 22.2044 
-0.126755 0.00876852 0.991895 45.0621 0.0933466 0.995629 0.00312726 -0.869116 -0.987532 0.0929864 -0.12702 22.0047 
-0.130179 0.00970002 0.991443 46.4658 0.0944244 0.995528 0.00265811 -0.87166 -0.986984 0.0939624 -0.130513 21.8084 
-0.131925 0.00911031 0.991218 47.9926 0.0938198 0.995584 0.00333629 -0.844676 -0.98681 0.093436 -0.132197 21.5327 
-0.13372 0.0074755 0.990991 49.4456 0.0950054 0.995463 0.0053103 -0.834485 -0.986455 0.0948596 -0.133823 21.321 
-0.135591 0.00651292 0.990743 50.8973 0.0950862 0.995448 0.00646938 -0.828416 -0.986191 0.0950832 -0.135593 21.1241 
-0.137108 0.00727218 0.990529 52.3626 0.0979688 0.99517 0.00625441 -0.82137 -0.985699 0.0978985 -0.137158 20.9083 
-0.138074 0.00731535 0.990395 53.82 0.0980174 0.995165 0.00631425 -0.814556 -0.98556 0.0979478 -0.138123 20.7198 
-0.137971 0.00871314 0.990398 55.4165 0.100583 0.994915 0.00525909 -0.810545 -0.985316 0.100343 -0.138146 20.4431 
-0.137566 0.00906712 0.990451 56.9512 0.101162 0.994858 0.00494299 -0.806334 -0.985313 0.100876 -0.137776 20.2342 
-0.136665 0.0105554 0.990561 58.4803 0.101169 0.994864 0.00335666 -0.804651 -0.985438 0.100673 -0.137031 20.032 
-0.134839 0.0105207 0.990812 60.0893 0.102272 0.994751 0.00335548 -0.800183 -0.985575 0.101785 -0.135207 19.7798 
-0.133112 0.00957046 0.991055 61.6698 0.101607 0.994816 0.00404041 -0.800302 -0.985879 0.101236 -0.133395 19.5719 
-0.131832 0.0106005 0.991215 63.2488 0.10259 0.994719 0.00300643 -0.796309 -0.985949 0.102085 -0.132224 19.3859 
-0.130578 0.0112714 0.991374 64.8495 0.10261 0.994719 0.00220573 -0.800172 -0.986114 0.102013 -0.131045 19.1853 
-0.128968 0.012027 0.991576 66.4987 0.104261 0.994549 0.00149739 -0.800239 -0.986153 0.103575 -0.129519 18.9694 
-0.127826 0.0122073 0.991721 68.1838 0.104435 0.994531 0.00121904 -0.798759 -0.986283 0.103727 -0.128402 18.7611 
-0.126452 0.0108533 0.991913 69.8631 0.107552 0.994195 0.00283282 -0.807354 -0.986125 0.107041 -0.126886 18.5443 
-0.125344 0.00886974 0.992074 71.5176 0.110289 0.993887 0.00504849 -0.82244 -0.985964 0.110047 -0.125556 18.3518 
-0.123778 0.0102121 0.992257 73.2545 0.112553 0.993638 0.00381403 -0.823307 -0.985906 0.112154 -0.12414 18.1174 
-0.122667 0.0119877 0.992375 74.9642 0.114938 0.99337 0.00220766 -0.830378 -0.98577 0.114332 -0.123232 17.9109 
-0.121475 0.0117065 0.992525 76.7047 0.114537 0.993416 0.00230105 -0.838012 -0.985964 0.11396 -0.122016 17.6925 
-0.120656 0.0114768 0.992628 78.4623 0.115315 0.993326 0.00253182 -0.854332 -0.985974 0.114771 -0.121174 17.4671 
-0.1198 0.010721 0.99274 80.2219 0.115391 0.993315 0.00319771 -0.848724 -0.986069 0.114937 -0.120236 17.2424 
-0.118902 0.0108897 0.992846 81.9756 0.117318 0.993089 0.0031574 -0.859652 -0.985951 0.116854 -0.119358 17.0272 
-0.118497 0.0108871 0.992895 83.7549 0.119178 0.992867 0.00333635 -0.86997 -0.985776 0.118726 -0.11895 16.8185 
-0.1174 0.0114617 0.993018 85.5483 0.121175 0.992627 0.00286871 -0.910047 -0.985664 0.120666 -0.117923 16.5791 
-0.116701 0.012017 0.993094 87.3611 0.121909 0.992538 0.00231558 -0.935414 -0.985657 0.121338 -0.117295 16.3219 
-0.116919 0.012328 0.993065 89.1768 0.121934 0.992536 0.00203452 -0.963818 -0.985628 0.121326 -0.11755 16.1043 
-0.117449 0.0129108 0.992995 91.0107 0.12235 0.992486 0.0015671 -0.988975 -0.985513 0.121677 -0.118146 15.8888 
-0.117806 0.0123303 0.99296 92.8747 0.12131 0.992612 0.00206631 -0.990981 -0.985599 0.120699 -0.118432 15.6688 
-0.11878 0.0121942 0.992846 94.718 0.121686 0.992566 0.00236722 -0.999554 -0.985436 0.121097 -0.119381 15.4595 
-0.118362 0.0115797 0.992903 96.5928 0.119797 0.992795 0.0027023 -0.999105 -0.985717 0.119267 -0.118897 15.226 
-0.119336 0.0123148 0.992777 98.4449 0.120034 0.992767 0.00211386 -1.0086 -0.985571 0.119419 -0.119951 14.9928 
-0.121744 0.0129329 0.992477 100.318 0.119873 0.992788 0.00176734 -1.03589 -0.985296 0.119187 -0.122416 14.7984 
-0.12525 0.0136863 0.992031 102.205 0.120853 0.992669 0.00156321 -1.0506 -0.984737 0.120086 -0.125985 14.5485 
-0.129071 0.0130863 0.991549 104.144 0.11895 0.992897 0.00237963 -1.04995 -0.984475 0.118251 -0.129711 14.2902 
-0.133483 0.0124261 0.990973 106.045 0.117408 0.993078 0.0033622 -1.05553 -0.984072 0.116797 -0.134018 14.045 
-0.137812 0.013077 0.990372 107.965 0.116314 0.993208 0.00307078 -1.06949 -0.983605 0.115617 -0.138397 13.7915 
-0.141552 0.0141199 0.98983 109.953 0.117518 0.993067 0.00263965 -1.09933 -0.982931 0.116696 -0.14223 13.4798 
-0.145254 0.0161931 0.989262 111.886 0.11707 0.993123 0.000933039 -1.09393 -0.982444 0.115948 -0.14615 13.1881 
-0.148826 0.016172 0.988731 113.745 0.116193 0.993226 0.00124395 -1.11432 -0.982013 0.115068 -0.149697 12.9171 
-0.152637 0.0156937 0.988158 115.692 0.114551 0.993415 0.00191698 -1.12962 -0.981621 0.113487 -0.153429 12.6136 
-0.157668 0.0152863 0.987374 117.689 0.112528 0.993645 0.00258548 -1.12896 -0.98106 0.111515 -0.158387 12.2906 
-0.162486 0.0150227 0.986596 119.671 0.112475 0.993649 0.00339379 -1.13961 -0.980279 0.111519 -0.163144 11.9692 
-0.167635 0.0149235 0.985736 121.649 0.112972 0.993589 0.0041696 -1.14624 -0.979355 0.11206 -0.168246 11.6518 
-0.172551 0.0164651 0.984863 123.613 0.113222 0.993564 0.00322603 -1.14937 -0.978472 0.112064 -0.173304 11.3134 
-0.17713 0.0173039 0.984035 125.569 0.11284 0.993609 0.00283928 -1.16176 -0.977697 0.111541 -0.17795 10.9403 
-0.182681 0.0177084 0.983013 127.538 0.114131 0.99346 0.00331322 -1.16427 -0.976525 0.112798 -0.183507 10.5932 
-0.187935 0.0176289 0.982023 129.5 0.113094 0.993577 0.003807 -1.17429 -0.975648 0.111776 -0.188722 10.2361 
-0.19187 0.0182987 0.98125 131.468 0.112528 0.993642 0.0034734 -1.18132 -0.974948 0.111084 -0.192709 9.83324 
-0.196005 0.0187911 0.980423 133.48 0.111898 0.993714 0.0033247 -1.18575 -0.974197 0.110359 -0.196876 9.40435 
-0.18818 0.0178294 0.981973 135.308 0.11288 0.993602 0.00359118 -1.15397 -0.975626 0.111521 -0.188989 8.69954 
-0.190928 0.0181084 0.981437 137.327 0.115173 0.993337 0.0040775 -1.14786 -0.974824 0.113813 -0.191741 8.29325 
-0.193797 0.0187145 0.980863 139.359 0.116728 0.993155 0.00411364 -1.16248 -0.974073 0.115291 -0.194655 7.89173 
-0.196492 0.0195861 0.98031 141.385 0.117019 0.993123 0.00361306 -1.16098 -0.973497 0.115425 -0.197433 7.49463 
-0.1998 0.0198592 0.979635 143.438 0.116454 0.993189 0.00361722 -1.16521 -0.972892 0.114805 -0.200752 7.10437 
-0.203646 0.0204308 0.978831 145.502 0.115207 0.993336 0.00323525 -1.17956 -0.972243 0.113427 -0.204642 6.69342 
-0.208039 0.0210441 0.977894 147.547 0.113588 0.993524 0.00278425 -1.18774 -0.971503 0.111656 -0.209082 6.27123 
-0.212548 0.0208308 0.976928 149.627 0.112744 0.993618 0.00334273 -1.19868 -0.970625 0.110853 -0.21354 5.85644 
-0.216981 0.0215768 0.975937 151.662 0.113717 0.993508 0.0033174 -1.21413 -0.96953 0.1117 -0.218025 5.4246 
-0.221475 0.0224407 0.974908 153.743 0.113936 0.993483 0.00301517 -1.22904 -0.968487 0.111745 -0.222589 4.98753 
-0.226003 0.0229575 0.973856 155.765 0.113864 0.993492 0.00300398 -1.23299 -0.967449 0.111566 -0.227146 4.56114 
-0.230039 0.0224924 0.972921 157.807 0.113615 0.993517 0.00389462 -1.23903 -0.966527 0.111434 -0.231103 4.10131 
-0.234392 0.0228367 0.971874 159.869 0.114758 0.993384 0.00433452 -1.25381 -0.965345 0.112546 -0.235462 3.64023 
-0.238129 0.0238427 0.970941 161.908 0.11625 0.993211 0.0041215 -1.26447 -0.964251 0.113854 -0.239284 3.16593 
-0.241632 0.0251966 0.970041 163.912 0.116909 0.993137 0.00332489 -1.2835 -0.9633 0.11421 -0.24292 2.70171 
-0.245199 0.0267293 0.969104 165.903 0.117147 0.993112 0.00224868 -1.30862 -0.962369 0.114079 -0.246642 2.23541 
-0.248631 0.0279365 0.968195 167.929 0.118277 0.992979 0.00172162 -1.32987 -0.96135 0.114943 -0.250189 1.75013 
-0.251592 0.0291024 0.967396 169.98 0.118836 0.992913 0.00103586 -1.34047 -0.96051 0.115222 -0.253268 1.23475 
-0.254771 0.029318 0.966557 172.065 0.119516 0.992831 0.00138766 -1.35677 -0.959587 0.115872 -0.256448 0.698824 
-0.258568 0.0298897 0.96553 174.174 0.119659 0.992814 0.00131019 -1.37271 -0.958553 0.115873 -0.260287 0.159318 
-0.262048 0.030828 0.964562 176.196 0.122631 0.992451 0.00159658 -1.39696 -0.957232 0.118704 -0.26385 -0.377123 
-0.265012 0.0316164 0.963727 178.265 0.125368 0.992108 0.00192682 -1.40218 -0.95606 0.121331 -0.266884 -0.924089 
-0.268303 0.0313131 0.962825 180.3 0.126986 0.991899 0.00312756 -1.44671 -0.954928 0.123105 -0.270106 -1.38017 
-0.271361 0.0312207 0.961971 182.432 0.126737 0.99193 0.00355784 -1.45019 -0.954097 0.122882 -0.273128 -1.95697 
-0.274034 0.032122 0.961183 184.515 0.126603 0.991949 0.00294439 -1.47022 -0.95335 0.122496 -0.275895 -2.51708 
-0.276779 0.0342455 0.960323 186.604 0.126706 0.99194 0.00114544 -1.50057 -0.952543 0.121996 -0.278887 -3.08665 
-0.279982 0.0361623 0.959324 188.651 0.12667 0.991945 -0.000422808 -1.52751 -0.951611 0.121399 -0.282308 -3.63454 
-0.283083 0.0373262 0.958369 190.736 0.12653 0.991962 -0.0012601 -1.55337 -0.950712 0.120906 -0.28553 -4.20073 
-0.28692 0.0384314 0.957183 192.815 0.125151 0.992135 -0.00232018 -1.57948 -0.949744 0.119127 -0.289473 -4.75196 
-0.291432 0.0391674 0.955789 194.943 0.125919 0.992038 -0.00225856 -1.59541 -0.948268 0.119694 -0.294043 -5.29278 
-0.295176 0.0388307 0.954653 197.017 0.125406 0.992104 -0.00157877 -1.60996 -0.947177 0.119254 -0.297715 -5.88764 
-0.298781 0.0386475 0.953539 199.128 0.125605 0.99208 -0.000852664 -1.63701 -0.94602 0.119515 -0.301269 -6.49862 
-0.302914 0.0387826 0.952228 201.26 0.125469 0.992097 -0.000493498 -1.65659 -0.944723 0.119326 -0.305386 -7.11998 
-0.307031 0.039196 0.950892 203.439 0.124881 0.992171 -0.00057512 -1.67919 -0.943471 0.118572 -0.309522 -7.76638 
-0.310777 0.0398122 0.949649 205.518 0.124566 0.992211 -0.000831689 -1.72024 -0.942285 0.118036 -0.313316 -8.41518 
-0.313941 0.0407287 0.948568 207.64 0.124946 0.992163 -0.00124811 -1.74493 -0.941185 0.118128 -0.31657 -9.08593 
-0.316713 0.0418698 0.947597 209.726 0.126113 0.992014 -0.00168204 -1.77201 -0.9401 0.118971 -0.319465 -9.75159 
-0.319194 0.0418839 0.946763 211.815 0.127437 0.991846 -0.000914018 -1.79787 -0.939082 0.120361 -0.321929 -10.4263 
-0.321423 0.0417599 0.946014 213.978 0.12904 0.991639 6.94079e-05 -1.81906 -0.938102 0.122096 -0.324124 -11.1401 
-0.324046 0.0427536 0.945075 216.117 0.130816 0.991407 4.23615e-06 -1.8508 -0.936953 0.123632 -0.326854 -11.8431 
-0.326446 0.0439601 0.944193 218.173 0.131335 0.991338 -0.000747233 -1.88595 -0.936047 0.123762 -0.329392 -12.5222 
-0.329301 0.0442322 0.943188 220.29 0.131034 0.991378 -0.000743614 -1.92169 -0.935089 0.123345 -0.332258 -13.1829 
-0.332887 0.045768 0.941855 222.408 0.131363 0.991333 -0.00174394 -1.96578 -0.933772 0.123144 -0.336014 -13.8104 
-0.336385 0.0469239 0.940555 224.477 0.131452 0.991319 -0.00244349 -2.02395 -0.932505 0.122816 -0.339633 -14.4601 
-0.339581 0.0471592 0.939394 226.58 0.129551 0.991568 -0.00294712 -2.06818 -0.931612 0.120699 -0.342827 -15.1203 
-0.342628 0.0481476 0.938236 228.54 0.130298 0.991469 -0.00329685 -2.10843 -0.930392 0.121121 -0.345979 -15.8162 
-0.34531 0.0473813 0.937292 230.571 0.131964 0.991253 -0.00149196 -2.16131 -0.929164 0.123174 -0.348542 -16.5106 
-0.348361 0.0467365 0.936195 232.62 0.132186 0.991225 -0.000296779 -2.17716 -0.927993 0.123649 -0.351482 -17.2294 
-0.351347 0.0464539 0.935092 234.581 0.131511 0.991315 0.00016652 -2.21262 -0.926963 0.123034 -0.354405 -17.9401 
-0.354141 0.0469325 0.934014 236.684 0.13047 0.991452 -0.000349756 -2.24481 -0.926046 0.121737 -0.357237 -18.7079 
-0.35768 0.046466 0.932687 238.77 0.129175 0.991622 0.000135643 -2.28674 -0.924867 0.120528 -0.360686 -19.4665 
-0.360645 0.0458516 0.931576 240.843 0.128553 0.991702 0.000956134 -2.31223 -0.923802 0.120101 -0.363546 -20.262 
-0.363974 0.0463355 0.930256 242.955 0.128468 0.991713 0.000868071 -2.34215 -0.922507 0.119824 -0.36691 -21.0514 
-0.368384 0.0460778 0.928531 245.042 0.128104 0.991759 0.00160821 -2.38778 -0.920806 0.119541 -0.371251 -21.7946 
-0.372159 0.0456097 0.927048 247.126 0.1274 0.991849 0.00234611 -2.41785 -0.919384 0.118979 -0.374936 -22.5964 
-0.376286 0.0461421 0.925354 249.226 0.126954 0.991906 0.00216397 -2.43413 -0.917764 0.118292 -0.379099 -23.3657 
-0.379521 0.0474418 0.923966 251.332 0.127969 0.991777 0.00163989 -2.44368 -0.91629 0.118861 -0.382472 -24.2177 
-0.383131 0.0483475 0.922428 253.498 0.128564 0.9917 0.0014207 -2.45457 -0.914703 0.119135 -0.386167 -25.0619 
-0.386348 0.0485104 0.921076 255.638 0.128511 0.991707 0.00167381 -2.46018 -0.913357 0.119015 -0.389378 -25.9607 
-0.389484 0.0485654 0.919752 257.727 0.127155 0.991882 0.0014718 -2.50682 -0.912213 0.117524 -0.392498 -26.8542 
-0.392716 0.0489993 0.918354 259.858 0.128173 0.99175 0.00189503 -2.53403 -0.910684 0.118452 -0.395756 -27.7655 
-0.396289 0.0495843 0.916786 261.99 0.128724 0.991678 0.00200722 -2.55336 -0.909057 0.118808 -0.399374 -28.6352 
-0.399678 0.0506511 0.915255 264.111 0.130495 0.991447 0.00211754 -2.59434 -0.907319 0.120283 -0.402869 -29.5146 
-0.403789 0.0526142 0.913338 266.178 0.132808 0.99114 0.0016184 -2.64297 -0.905161 0.121952 -0.407199 -30.346 
-0.407049 0.0529561 0.91187 268.257 0.133778 0.991009 0.00216514 -2.6836 -0.903557 0.12287 -0.410473 -31.1808 
-0.41033 0.0547768 0.91029 270.356 0.136114 0.990692 0.00174112 -2.73718 -0.901722 0.124618 -0.413967 -32.0539 
-0.412991 0.0574993 0.908918 272.429 0.138684 0.990336 0.000364889 -2.76661 -0.900114 0.126203 -0.416974 -32.9399 
-0.415556 0.0583388 0.907695 274.551 0.139982 0.990154 0.000447344 -2.78496 -0.898731 0.127247 -0.41963 -33.8952 
-0.418098 0.0596373 0.906442 276.778 0.140671 0.990056 -0.000253946 -2.79266 -0.897444 0.127404 -0.42233 -34.91 
-0.421293 0.0594645 0.904973 279.017 0.14008 0.99014 0.000150905 -2.81783 -0.896041 0.126833 -0.425469 -35.921 
-0.424371 0.0612968 0.903411 281.2 0.141478 0.989941 -0.000709674 -2.82994 -0.894367 0.127512 -0.428775 -36.9218 
-0.427397 0.0619195 0.901941 283.365 0.141204 0.98998 -0.00105209 -2.85607 -0.892969 0.126908 -0.431858 -37.9276 
-0.430315 0.0620818 0.900541 285.517 0.140901 0.990023 -0.000922683 -2.91126 -0.891614 0.12649 -0.434769 -38.9045 
-0.432648 0.0629541 0.899362 287.724 0.142877 0.98974 -0.000547869 -2.92323 -0.890169 0.128261 -0.437204 -39.9192 
-0.433891 0.0634274 0.89873 289.897 0.145122 0.989414 0.000234974 -2.94068 -0.889201 0.130528 -0.438502 -40.9868 
-0.436193 0.0636906 0.897596 292.028 0.146879 0.989154 0.00118952 -2.9782 -0.887785 0.132357 -0.440817 -41.9743 
-0.437638 0.0637007 0.896892 294.186 0.147591 0.989047 0.00177098 -3.00583 -0.886955 0.133148 -0.442246 -42.9977 
-0.43997 0.0632977 0.895779 296.433 0.147629 0.989039 0.00262182 -3.02597 -0.885794 0.133397 -0.444493 -44.0607 
-0.442203 0.0638193 0.894642 298.687 0.150069 0.988669 0.00364922 -3.05356 -0.884271 0.135872 -0.446769 -45.156 
-0.444794 0.0639062 0.89335 300.896 0.151453 0.988453 0.00469807 -3.08762 -0.882734 0.13739 -0.449337 -46.1812 
-0.44602 0.0649179 0.892665 303.149 0.151893 0.988389 0.0040141 -3.11991 -0.88204 0.13738 -0.450702 -47.2917 
-0.448158 0.0674738 0.891404 305.366 0.151698 0.988426 0.00144925 -3.12838 -0.880989 0.135874 -0.453207 -48.3889 
-0.451428 0.0674442 0.889755 307.585 0.151427 0.988467 0.00190161 -3.16236 -0.879365 0.135591 -0.456434 -49.4906 
-0.455852 0.0664397 0.887572 309.833 0.149802 0.988712 0.00292663 -3.16641 -0.877359 0.134294 -0.460659 -50.6017 
-0.460901 0.0644063 0.885111 312.131 0.147898 0.98899 0.00504915 -3.17463 -0.875041 0.133233 -0.465352 -51.749 
-0.465662 0.0632676 0.882698 314.534 0.146321 0.989217 0.0062884 -3.16835 -0.872783 0.132086 -0.469898 -53.0015 
-0.469304 0.0637243 0.880734 316.853 0.147759 0.988997 0.00717631 -3.18343 -0.870587 0.133504 -0.473556 -54.2218 
-0.473397 0.0654456 0.878415 319.158 0.150833 0.98853 0.0076373 -3.1862 -0.867839 0.136109 -0.477838 -55.4058 
-0.476935 0.0666649 0.876407 321.482 0.152743 0.988234 0.00795062 -3.1915 -0.865565 0.137657 -0.481506 -56.6733 
-0.480727 0.0668214 0.87432 323.8 0.153675 0.988081 0.00897907 -3.19535 -0.863299 0.138677 -0.485266 -57.9235 
-0.484668 0.0656323 0.872232 326.074 0.154286 0.98796 0.0113909 -3.19448 -0.860983 0.140094 -0.488959 -59.1423 
-0.487861 0.0645333 0.870533 328.368 0.153486 0.988068 0.0127695 -3.19393 -0.859322 0.139844 -0.491945 -60.4693 
-0.491742 0.0650226 0.86831 330.662 0.15426 0.98794 0.0133796 -3.21273 -0.856968 0.140525 -0.495842 -61.7324 
-0.495272 0.0651878 0.866289 332.932 0.154993 0.987812 0.0142798 -3.2087 -0.8548 0.141341 -0.49934 -63.0144 
-0.498917 0.0656106 0.864163 335.211 0.156815 0.987505 0.0155602 -3.19704 -0.852344 0.143277 -0.502972 -64.2897 
-0.502661 0.0653158 0.862012 337.435 0.157475 0.987376 0.0170127 -3.18178 -0.850019 0.144297 -0.506602 -65.5628 
-0.505828 0.0646946 0.860205 339.764 0.156419 0.987532 0.0177086 -3.16489 -0.848334 0.14351 -0.509641 -66.9425 
-0.510011 0.064625 0.857737 341.972 0.157941 0.987255 0.0195286 -3.16481 -0.845543 0.145432 -0.513718 -68.1415 
-0.513 0.0645421 0.855958 344.222 0.158059 0.987221 0.0202896 -3.13474 -0.843711 0.145701 -0.516646 -69.4325 
-0.515713 0.0641612 0.854356 346.429 0.156396 0.987487 0.0202457 -3.11536 -0.842366 0.144059 -0.519294 -70.7336 
-0.51947 0.0638102 0.852103 348.631 0.153666 0.987926 0.0196986 -3.11151 -0.840558 0.141173 -0.523004 -71.9449 
-0.523242 0.0638007 0.849792 350.894 0.151384 0.988292 0.0190127 -3.09937 -0.83863 0.138593 -0.526774 -73.2748 
-0.525403 0.0617499 0.84861 353.225 0.150201 0.988431 0.02107 -3.07869 -0.837491 0.138532 -0.528599 -74.6863 
-0.529831 0.0617204 0.845855 355.49 0.150241 0.988405 0.0219867 -3.03449 -0.83469 0.138731 -0.53296 -75.9863 
-0.532301 0.0622001 0.844267 357.757 0.150494 0.988364 0.0220687 -3.01434 -0.833071 0.138805 -0.535468 -77.4006 
-0.536267 0.0615135 0.841804 359.96 0.148568 0.988648 0.0224009 -2.98741 -0.83087 0.137078 -0.539319 -78.7121 
-0.540245 0.0578289 0.839518 362.182 0.14554 0.989023 0.0255302 -2.95285 -0.828826 0.135976 -0.542731 -80.0544 
-0.544377 0.0554068 0.837009 364.376 0.142265 0.989459 0.0270284 -2.92531 -0.826689 0.133791 -0.546522 -81.411 
-0.548024 0.0547354 0.834669 366.59 0.140669 0.989676 0.0274593 -2.88537 -0.824549 0.13246 -0.550066 -82.807 
-0.551383 0.0541694 0.832492 368.571 0.139502 0.989826 0.027989 -2.86965 -0.822506 0.131567 -0.55333 -84.1353 
-0.555196 0.053447 0.830001 370.672 0.13916 0.989835 0.0293457 -2.8481 -0.819995 0.131795 -0.55699 -85.4261 
-0.558261 0.0529665 0.827973 372.904 0.138886 0.989844 0.0303222 -2.81357 -0.817958 0.131921 -0.559948 -86.9056 
-0.562206 0.050978 0.825424 374.987 0.135033 0.990362 0.0308082 -2.80841 -0.815898 0.128781 -0.563671 -88.1869 
-0.566118 0.0482039 0.822914 377.219 0.123911 0.991922 0.0271398 -2.74943 -0.814958 0.117333 -0.567518 -89.6292 
-0.572109 0.0504608 0.818624 379.304 0.115589 0.993104 0.0195652 -2.78384 -0.811992 0.105817 -0.573996 -90.9266 
-0.57519 0.0593877 0.815861 381.409 0.125601 0.991946 0.0163445 -2.80953 -0.808319 0.111874 -0.578017 -92.3506 
-0.574704 0.0609 0.816092 383.467 0.133378 0.990864 0.0199845 -2.74748 -0.807419 0.120334 -0.577576 -93.8638 
-0.57686 0.0518037 0.815199 385.614 0.133862 0.99049 0.0317818 -2.72122 -0.8058 0.127458 -0.578309 -95.3444 
-0.580741 0.041627 0.813023 387.77 0.127934 0.990949 0.0406464 -2.64375 -0.803973 0.127619 -0.580811 -96.801 
-0.582324 0.0352213 0.812193 389.17 0.122084 0.99152 0.0445333 -2.62074 -0.803737 0.125088 -0.581686 -98.0699 
-0.583392 0.0294402 0.811657 390.585 0.116968 0.99197 0.048092 -2.56284 -0.803724 0.122994 -0.582151 -99.3506 
-0.585957 0.0353579 0.80957 392.735 0.123114 0.991334 0.0458122 -2.48298 -0.800935 0.126514 -0.585232 -100.885 
-0.588242 0.0418471 0.807602 394.611 0.127523 0.990965 0.0415372 -2.41578 -0.798567 0.127422 -0.588264 -102.135 
-0.590748 0.0446295 0.805621 396.763 0.129148 0.990826 0.0398127 -2.35901 -0.796453 0.127564 -0.591092 -103.661 
-0.592821 0.044903 0.804081 398.939 0.129316 0.990796 0.0400104 -2.27957 -0.794884 0.1277 -0.593172 -105.28 
-0.596402 0.0444473 0.801454 400.332 0.129588 0.990699 0.0414906 -2.25911 -0.792156 0.128604 -0.596615 -106.242 
-0.599621 0.0432644 0.799114 401.481 0.12889 0.990723 0.0430756 -2.20583 -0.789837 0.128827 -0.599635 -107.148 
-0.603979 0.0429179 0.795844 402.499 0.128539 0.990722 0.0441232 -2.21641 -0.786567 0.128947 -0.603892 -107.757 
-0.610173 0.0415805 0.791177 403.344 0.12545 0.991094 0.0446624 -2.26479 -0.782273 0.126505 -0.609955 -108.03 
-0.616327 0.0402239 0.786462 404.186 0.122355 0.991457 0.0451778 -2.3118 -0.777927 0.124072 -0.615983 -108.309 
-0.622441 0.0388482 0.781702 405.026 0.119256 0.991813 0.0456694 -2.35746 -0.773528 0.121649 -0.621978 -108.595 
-0.628515 0.0374535 0.776895 405.865 0.116152 0.992159 0.046137 -2.4018 -0.769076 0.119236 -0.627937 -108.887 
-0.634548 0.0360399 0.772043 406.701 0.113044 0.992497 0.0465807 -2.44482 -0.764572 0.116833 -0.633861 -109.185 
-0.640539 0.0346074 0.767145 407.535 0.109931 0.992827 0.0470004 -2.48656 -0.760016 0.114439 -0.639749 -109.49 
-0.646489 0.0331563 0.762202 408.367 0.106815 0.993149 0.0473961 -2.52703 -0.755409 0.112056 -0.645601 -109.8 
-0.652397 0.0316865 0.757215 409.196 0.103694 0.993461 0.0477679 -2.56624 -0.75075 0.109683 -0.651417 -110.117 
-0.658262 0.0301982 0.752183 410.024 0.10057 0.993766 0.0481155 -2.60421 -0.74604 0.10732 -0.657195 -110.44 
-0.664085 0.0286915 0.747107 410.848 0.097443 0.994062 0.0484391 -2.64097 -0.74128 0.104968 -0.662937 -110.769 
-0.669864 0.0271665 0.741987 411.671 0.0943123 0.994349 0.0487386 -2.67653 -0.73647 0.102627 -0.668641 -111.104 
-0.675599 0.0256232 0.736823 412.491 0.0911787 0.994628 0.049014 -2.71091 -0.731609 0.100296 -0.674306 -111.445 
-0.681291 0.0240618 0.731617 413.308 0.0880423 0.994898 0.0492653 -2.74413 -0.726699 0.0979773 -0.679933 -111.792 
-0.686938 0.0224824 0.726368 414.123 0.0849034 0.995159 0.0494924 -2.7762 -0.721739 0.0956693 -0.685522 -112.146 
-0.692541 0.0208851 0.721076 414.936 0.081762 0.995412 0.0496954 -2.80716 -0.71673 0.0933728 -0.691071 -112.505 
-0.698098 0.01927 0.715743 415.745 0.0786186 0.995656 0.0498742 -2.83701 -0.711673 0.0910878 -0.696581 -112.871 
-0.70361 0.0176372 0.710368 416.552 0.0754732 0.995892 0.0500288 -2.86577 -0.706567 0.0888145 -0.70205 -113.242 
-0.709076 0.0159868 0.704951 417.356 0.072326 0.996119 0.0501592 -2.89347 -0.701413 0.086553 -0.70748 -113.62 
-0.714495 0.0143189 0.699494 418.158 0.0691773 0.996337 0.0502654 -2.92012 -0.696212 0.0843036 -0.712869 -114.003 
-0.719868 0.0126337 0.693995 418.956 0.0660274 0.996547 0.0503474 -2.94575 -0.690963 0.0820662 -0.718217 -114.392 
-0.725194 0.0109312 0.688457 419.752 0.0628763 0.996748 0.0504052 -2.97037 -0.685667 0.0798412 -0.723523 -114.788 
-0.730473 0.00921156 0.682879 420.545 0.0597243 0.99694 0.0504388 -2.994 -0.680325 0.0776287 -0.728788 -115.189 
-0.735704 0.00747489 0.677261 421.334 0.0565716 0.997123 0.0504481 -3.01666 -0.674936 0.0754287 -0.734011 -115.596 
-0.740887 0.0057213 0.671605 422.121 0.0534185 0.997298 0.0504332 -3.03838 -0.669501 0.0732415 -0.739191 -116.009 
-0.746022 0.00395092 0.665909 422.905 0.0502651 0.997464 0.0503941 -3.05916 -0.664021 0.0710671 -0.744329 -116.428 
-0.751108 0.00216386 0.660175 423.685 0.0471116 0.997621 0.0503308 -3.07904 -0.658496 0.0689058 -0.749423 -116.853 
-0.756145 0.000360246 0.654403 424.463 0.0439583 0.997769 0.0502433 -3.09802 -0.652926 0.0667577 -0.754474 -117.283 
-0.761133 -0.00145981 0.648594 425.237 0.0408053 0.997909 0.0501315 -3.11614 -0.647311 0.0646229 -0.759482 -117.72 
-0.766071 -0.00329618 0.642747 426.008 0.037653 0.998039 0.0499956 -3.13341 -0.641652 0.0625015 -0.764445 -118.162 
-0.770959 -0.00514876 0.636864 426.775 0.0345014 0.998161 0.0498354 -3.14984 -0.63595 0.0603938 -0.769364 -118.61 
-0.775796 -0.0070174 0.630944 427.539 0.0313508 0.998274 0.0496511 -3.16547 -0.630204 0.0582998 -0.774238 -119.063 
-0.780583 -0.00890199 0.624988 428.3 0.0282014 0.998379 0.0494426 -3.1803 -0.624415 0.0562196 -0.779067 -119.523 
-0.785319 -0.0108024 0.618997 429.057 0.0250534 0.998474 0.0492099 -3.19437 -0.618584 0.0541535 -0.78385 -119.988 
-0.790004 -0.0127185 0.61297 429.811 0.021907 0.998561 0.0489532 -3.20769 -0.61271 0.0521015 -0.788588 -120.458 
-0.794637 -0.0146502 0.606908 430.562 0.0187625 0.998638 0.0486722 -3.22027 -0.606795 0.0500639 -0.79328 -120.935 
-0.792399 -0.0149846 0.609818 431.196 0.0196921 0.998549 0.0501245 -3.32974 -0.609684 0.0517272 -0.790955 -122.102 
-0.788638 -0.0154293 0.614664 431.826 0.0203029 0.998486 0.0511133 -3.41088 -0.614522 0.0527894 -0.787131 -123.272 
-0.788682 -0.0154603 0.614607 432.374 0.0210156 0.998422 0.052083 -3.42171 -0.614442 0.0539932 -0.787112 -123.984 
-0.787863 -0.0141085 0.615689 432.761 0.0210657 0.998535 0.049838 -3.14728 -0.61549 0.0522354 -0.786412 -124.431 
-0.787084 -0.0126421 0.616716 433.236 0.0212675 0.998639 0.0476137 -2.90626 -0.616479 0.050592 -0.785744 -124.749 
-0.786304 -0.0111734 0.617739 433.712 0.0214665 0.998739 0.0453889 -2.66648 -0.617467 0.0489502 -0.785072 -125.067 
-0.785522 -0.00970266 0.618758 434.189 0.0216628 0.998833 0.0431637 -2.42795 -0.618455 0.0473101 -0.784395 -125.384 
-0.784738 -0.00822977 0.619772 434.667 0.0218562 0.998923 0.040938 -2.19066 -0.619441 0.0456715 -0.783713 -125.702 
-0.785361 -0.00782544 0.618988 435.419 0.0219585 0.998939 0.0404894 -2.11169 -0.618648 0.0453908 -0.784356 -126.422 
-0.783606 -0.00838616 0.621201 436.134 0.0228054 0.998847 0.0422519 -2.22823 -0.620839 0.0472756 -0.782511 -127.661 
-0.780603 -0.0079197 0.624977 436.7 0.0238544 0.998814 0.0424513 -2.2326 -0.624572 0.0480461 -0.779488 -129.077 
-0.777657 -0.00731823 0.628646 437.337 0.024837 0.998794 0.0423513 -2.20907 -0.628198 0.0485485 -0.776537 -130.541 
-0.776648 -0.0088137 0.629873 438.05 0.0249221 0.998689 0.0447039 -2.28912 -0.629442 0.050417 -0.77541 -131.682 
-0.775752 -0.0118316 0.630927 438.951 0.022527 0.998668 0.0464257 -2.26558 -0.630636 0.0502277 -0.774452 -132.872 
-0.774099 -0.0121049 0.632949 439.7 0.0221307 0.998689 0.0461654 -2.25833 -0.632678 0.0497442 -0.772816 -134.058 
-0.771625 -0.0123412 0.635957 440.425 0.0219883 0.998697 0.0460595 -2.24084 -0.635697 0.0495243 -0.770348 -135.499 
-0.770116 -0.0126002 0.63778 441.247 0.0227077 0.99863 0.0471486 -2.35223 -0.6375 0.0507924 -0.768774 -136.833 
-0.767621 -0.0116736 0.640797 442.512 0.024575 0.998563 0.0476299 -2.31197 -0.640432 0.0523093 -0.766231 -138.631 
-0.764668 -0.00967579 0.644351 443.846 0.02807 0.998438 0.0483042 -2.2465 -0.643813 0.0550237 -0.763202 -140.456 
-0.761692 -0.00769049 0.647894 445.189 0.0315677 0.998302 0.0489621 -2.17899 -0.64717 0.0577466 -0.760155 -142.275 
-0.761094 -0.00759112 0.648597 446.285 0.0317897 0.998293 0.0489874 -2.18755 -0.647862 0.0579027 -0.759554 -143.51 
-0.760184 -0.00786376 0.64966 447.425 0.0321484 0.998247 0.0497008 -2.26844 -0.648912 0.0586673 -0.758598 -144.735 
-0.756863 -0.00814606 0.653522 448.517 0.0328776 0.998182 0.0505186 -2.23092 -0.652746 0.0597219 -0.755219 -146.459 
-0.75467 -0.0113999 0.656005 449.556 0.0303423 0.998173 0.0522519 -2.21176 -0.655402 0.0593377 -0.752945 -148.016 
-0.752088 -0.0109184 0.658972 450.5 0.0314072 0.998133 0.052383 -2.20524 -0.658314 0.0600931 -0.750341 -149.535 
-0.751211 -0.0112637 0.659966 451.23 0.0312683 0.998125 0.0526264 -2.25774 -0.659321 0.0601696 -0.74945 -150.584 
-0.751038 -0.0114083 0.660161 452.24 0.030984 0.99814 0.0524981 -2.17417 -0.659532 0.0598825 -0.749287 -151.573 
-0.750021 -0.0123489 0.661299 453.314 0.0301317 0.99815 0.0528133 -2.135 -0.660728 0.0595371 -0.748261 -152.916 
-0.748215 -0.0164216 0.663253 454.47 0.0225248 0.998488 0.0501318 -2.07033 -0.663074 0.0524491 -0.746714 -154.304 
-0.746372 -0.0204751 0.665213 455.63 0.0149087 0.998761 0.0474691 -2.01091 -0.665362 0.0453471 -0.745143 -155.69 
-0.746707 -0.0213954 0.664808 456.243 0.0148804 0.998695 0.0488543 -1.99338 -0.664986 0.0463725 -0.745414 -156.476 
-0.746727 -0.0265684 0.6646 456.934 0.0114538 0.99854 0.0527873 -2.07714 -0.665032 0.0470299 -0.745333 -157.23 
-0.74537 -0.0276312 0.666078 457.831 0.0105204 0.998529 0.0531951 -2.03257 -0.666568 0.0466575 -0.743983 -158.617 
-0.744952 -0.0277394 0.666541 458.719 0.00985417 0.998568 0.0525708 -2.13115 -0.667045 0.0457309 -0.743612 -159.864 
-0.747568 -0.0278429 0.663601 459.877 0.00826318 0.998654 0.0512095 -2.30767 -0.664134 0.0437661 -0.746332 -160.541 
-0.747458 -0.0275051 0.66374 460.723 0.00928993 0.998612 0.0518437 -2.31585 -0.664244 0.0449171 -0.746165 -161.581 
-0.746681 -0.030499 0.664483 461.728 0.00796273 0.998467 0.0547761 -2.33957 -0.665135 0.0461914 -0.745293 -162.901 
-0.74826 -0.0295854 0.662745 463.047 0.0103558 0.998362 0.0562596 -2.1796 -0.663325 0.0489601 -0.746728 -163.851 
-0.750492 -0.0285863 0.660261 464.478 0.0125134 0.99827 0.0574439 -1.97258 -0.660761 0.0513733 -0.748836 -164.619 
-0.752713 -0.027579 0.65777 465.907 0.0146668 0.998172 0.0586352 -1.76496 -0.658185 0.0537829 -0.750933 -165.392 
-0.754924 -0.0265637 0.655274 467.333 0.0168161 0.998067 0.0598333 -1.55673 -0.655597 0.0561888 -0.753018 -166.168 
-0.757124 -0.0255404 0.652771 468.757 0.0189612 0.997955 0.0610384 -1.34788 -0.652996 0.058591 -0.755092 -166.95 
-0.760021 -0.0268174 0.649344 470.035 0.0183399 0.997865 0.0626768 -1.39302 -0.649639 0.0595446 -0.757907 -167.69 
-0.761436 -0.0285974 0.647608 471.35 0.015748 0.997915 0.0625824 -1.28213 -0.648048 0.0578511 -0.759399 -168.667 
-0.763357 -0.0294335 0.645306 472.64 0.0163404 0.997762 0.0648392 -1.43966 -0.645771 0.06004 -0.761167 -169.569 
-0.766172 -0.0292882 0.641968 473.852 0.0172596 0.997663 0.0661147 -1.48975 -0.642404 0.0617353 -0.763876 -170.241 
-0.766944 -0.0302334 0.641001 475.078 0.0175489 0.997528 0.0680462 -1.51065 -0.641474 0.0634365 -0.764517 -171.4 
-0.768782 -0.0312572 0.638747 476.399 0.0160308 0.997549 0.0681094 -1.39881 -0.63931 0.0626009 -0.766396 -172.35 
-0.770912 -0.032822 0.636095 477.687 0.0140472 0.997552 0.0684973 -1.3069 -0.636786 0.0617408 -0.768564 -173.19 
-0.773341 -0.0328055 0.63314 479.032 0.0146842 0.997466 0.0696183 -1.37035 -0.63382 0.0631358 -0.7709 -174.008 
-0.775745 -0.0330641 0.63018 480.361 0.0154697 0.99733 0.0713706 -1.5262 -0.630857 0.0651141 -0.773162 -174.787 
-0.774356 -0.0325909 0.631911 481.538 0.0168444 0.997257 0.072075 -1.51044 -0.632526 0.0664558 -0.771682 -176.417 
-0.773037 -0.0340282 0.633447 482.647 0.0165765 0.997136 0.0737946 -1.48129 -0.634144 0.0675463 -0.770259 -177.943 
-0.771265 -0.0351522 0.635542 483.79 0.017063 0.996973 0.07585 -1.47174 -0.636285 0.0693448 -0.768331 -179.445 
-0.770259 -0.0343893 0.636803 484.879 0.0182674 0.996945 0.0759338 -1.4241 -0.637469 0.0701214 -0.767278 -180.913 
-0.768334 -0.0349561 0.639094 485.749 0.0182875 0.996901 0.0765125 -1.43211 -0.639788 0.0704747 -0.765314 -182.192 
-0.766445 -0.0337459 0.641423 486.513 0.0193489 0.996953 0.0755709 -1.41587 -0.642019 0.0703317 -0.763456 -183.274 
-0.764547 -0.0325352 0.643746 487.28 0.0204075 0.997003 0.0746259 -1.40077 -0.644245 0.0701923 -0.761592 -184.353 
-0.762642 -0.031324 0.646062 488.05 0.0214634 0.997051 0.0736778 -1.38681 -0.646465 0.0700565 -0.75972 -185.43 
-0.760728 -0.0301124 0.648371 488.823 0.0225164 0.997098 0.0727265 -1.37398 -0.64868 0.0699241 -0.757842 -186.505 
-0.758807 -0.0289003 0.650674 489.599 0.0235666 0.997143 0.071772 -1.36231 -0.650889 0.0697953 -0.755958 -187.578 
-0.759667 -0.0287538 0.649676 490.969 0.0230125 0.997208 0.0710436 -1.31267 -0.649905 0.0689202 -0.756884 -188.965 
-0.759815 -0.0286848 0.649506 492.395 0.0226823 0.997248 0.070577 -1.26995 -0.649743 0.0683578 -0.757074 -190.403 
-0.756803 -0.0306097 0.652926 493.542 0.0228843 0.99705 0.0732676 -1.21814 -0.653242 0.0703909 -0.75387 -192.459 
-0.755507 -0.0317417 0.654371 494.912 0.0235408 0.996865 0.0755342 -1.12537 -0.654718 0.0724711 -0.752391 -194.185 
-0.754208 -0.0328778 0.655812 496.286 0.0242018 0.996675 0.0777991 -1.02754 -0.656189 0.0745486 -0.750905 -195.907 
-0.751466 -0.0304574 0.659069 497.279 0.0257028 0.996824 0.075372 -0.849312 -0.659271 0.0735794 -0.748296 -197.613 
-0.74903 -0.0282021 0.661936 498.277 0.026587 0.997009 0.0725632 -0.653085 -0.662003 0.0719509 -0.74604 -199.191 
-0.746077 -0.02718 0.665304 499.48 0.0278386 0.99702 0.0719501 -0.477754 -0.665277 0.0722015 -0.743097 -201.036 
-0.742683 -0.0264389 0.669121 500.539 0.0298903 0.996915 0.0725672 -0.380582 -0.668976 0.0738946 -0.739602 -202.747 
-0.742049 -0.0264487 0.669823 502.018 0.030961 0.996803 0.0736592 -0.263647 -0.66963 0.0753972 -0.738858 -204.483 
-0.7421 -0.0268059 0.669753 503.916 0.0304918 0.996815 0.0736815 -0.079698 -0.669596 0.075101 -0.738919 -206.474 
-0.742365 -0.0276263 0.669425 505.939 0.0294259 0.996841 0.0737703 0.138892 -0.669349 0.074463 -0.739207 -208.563 
-0.742369 -0.027619 0.669422 507.74 0.0289907 0.99689 0.0732794 0.293816 -0.669364 0.0738074 -0.73926 -210.513 
-0.739867 -0.0276336 0.672185 509.154 0.0297246 0.996837 0.0736975 0.413857 -0.672096 0.0745068 -0.736706 -212.313 
-0.739378 -0.0285167 0.672686 510.602 0.0292662 0.996797 0.0744241 0.511355 -0.672654 0.0747145 -0.736175 -213.951 
-0.740397 -0.0287128 0.671556 512.631 0.0288361 0.996811 0.0744111 0.706726 -0.671551 0.0744588 -0.737207 -216.029 
-0.741319 -0.0286578 0.670541 514.646 0.0285427 0.996838 0.0741586 0.922878 -0.670546 0.0741142 -0.738156 -218.139 
-0.742239 -0.0286034 0.669524 516.658 0.0282497 0.996865 0.0739057 1.13831 -0.669539 0.0737696 -0.739104 -220.251 
-0.739195 -0.027733 0.67292 518.273 0.0298519 0.996821 0.0738739 1.32651 -0.672829 0.0746952 -0.736017 -222.521 
-0.736939 -0.0268051 0.675427 519.688 0.0312859 0.99679 0.0736939 1.52148 -0.675234 0.0754393 -0.733735 -224.4 
-0.734055 -0.0265016 0.678573 520.848 0.0323645 0.996737 0.0739383 1.6295 -0.678318 0.0762365 -0.730802 -226.086 
-0.731219 -0.0257558 0.681657 521.888 0.0342878 0.996636 0.0744377 1.74943 -0.681281 0.0778028 -0.727876 -227.674 
-0.728854 -0.0245583 0.684229 523.451 0.0354596 0.996661 0.0735443 1.84783 -0.683751 0.0778656 -0.725549 -229.44 
-0.725696 -0.0243237 0.687585 524.869 0.0366656 0.996587 0.0739527 1.96317 -0.687037 0.078878 -0.722328 -231.245 
-0.721454 -0.0228293 0.692086 526.223 0.03926 0.9965 0.0737967 2.19586 -0.691348 0.0804122 -0.718033 -233.096 
