1 -4.23778e-08 4.22719e-08 0 -4.23778e-08 1 -4.19404e-08 0 4.22719e-08 -4.19404e-08 1 0 
0.999996 -0.0027136 -0.00111641 -0.0293382 0.00271691 0.999992 0.00305163 -0.0234088 0.00110821 -0.00305474 0.999995 1.51489 
0.999993 -0.00298937 -0.00198538 -0.076798 0.00299618 0.999989 0.00347662 -0.0315171 0.00197506 -0.00348263 0.999992 3.01502 
0.999991 -0.00170918 -0.00376903 -0.0815313 0.00172161 0.999993 0.00331881 -0.0492975 0.00376342 -0.00332536 0.999987 4.48467 
0.999987 -0.000895488 -0.00502755 -0.118436 0.000912041 0.999994 0.00330801 -0.0647329 0.00502464 -0.00331264 0.999982 5.9863 
0.999978 -0.00125055 -0.00642513 -0.147794 0.00127207 0.999993 0.00335964 -0.0739143 0.00642097 -0.00336782 0.999974 7.48249 
0.999968 -0.0013102 -0.00782787 -0.187651 0.00133827 0.999993 0.00359268 -0.0896843 0.00782319 -0.00360313 0.999963 8.96172 
0.99995 -0.00266323 -0.00967755 -0.214806 0.00269471 0.999991 0.0032501 -0.115339 0.00966889 -0.00327609 0.999948 10.439 
0.999929 -0.00433292 -0.0110535 -0.242969 0.00436917 0.999985 0.00326513 -0.121617 0.0110393 -0.00331328 0.999933 11.9862 
0.999918 -0.00393069 -0.0121783 -0.28535 0.00397267 0.999986 0.00343186 -0.146687 0.0121647 -0.00348004 0.99992 13.4875 
0.999902 -0.00330699 -0.0135702 -0.309285 0.00335259 0.999989 0.00334521 -0.160029 0.013559 -0.00339046 0.999902 14.9656 
0.999901 -0.00176748 -0.0139218 -0.368409 0.00181891 0.999991 0.00368837 -0.173376 0.0139152 -0.00371342 0.999896 16.4522 
0.999891 -0.00130055 -0.0147257 -0.402741 0.00136374 0.99999 0.00428742 -0.19071 0.0147201 -0.00430712 0.999882 17.909 
0.999885 -0.00127154 -0.0151356 -0.441449 0.00134281 0.999988 0.00470505 -0.197298 0.0151295 -0.00472492 0.999874 19.4342 
0.999873 -0.00148647 -0.0158477 -0.471338 0.00156128 0.999988 0.00471435 -0.214846 0.0158405 -0.00473858 0.999863 20.8323 
0.999859 -0.000323293 -0.0167874 -0.501111 0.000400205 0.999989 0.00458336 -0.222707 0.0167858 -0.00458951 0.999848 22.2904 
0.999856 -9.16422e-05 -0.0169479 -0.547248 0.000175957 0.999988 0.00497847 -0.231566 0.0169473 -0.00498082 0.999844 23.773 
0.999855 0.000370843 -0.0169957 -0.588703 -0.000267654 0.999981 0.00607827 -0.244045 0.0169977 -0.00607293 0.999837 25.2501 
0.999854 6.57377e-05 -0.0171055 -0.626994 1.18845e-05 0.99999 0.0045426 -0.256506 0.0171058 -0.00454222 0.999843 26.7017 
0.999844 0.00148937 -0.0175837 -0.65242 -0.00143763 0.999995 0.00295934 -0.283255 0.0175881 -0.00293368 0.999841 28.1242 
0.999846 -0.000115088 -0.0175535 -0.678787 0.000163442 0.999996 0.00275804 -0.297274 0.0175532 -0.00276056 0.999842 29.5662 
0.999848 -0.000359807 -0.0174073 -0.72637 0.00045936 0.999983 0.00572022 -0.316155 0.0174051 -0.00572743 0.999832 30.9751 
0.999845 -0.00205525 -0.0174783 -0.763554 0.00217571 0.999974 0.00688009 -0.330788 0.0174638 -0.00691714 0.999823 32.4009 
0.999849 -0.00231737 -0.0172191 -0.809363 0.00242686 0.999977 0.00634507 -0.345013 0.0172041 -0.00638599 0.999832 33.779 
0.999848 -0.00260217 -0.0172128 -0.840334 0.00268021 0.999986 0.00451727 -0.362123 0.0172009 -0.0045628 0.999842 35.2045 
0.99986 -0.00137297 -0.0166615 -0.889128 0.00143967 0.999991 0.00399697 -0.382915 0.016656 -0.00402048 0.999853 36.566 
0.999877 -0.000542114 -0.0156961 -0.941679 0.000593034 0.999994 0.00324501 -0.410022 0.0156943 -0.003254 0.999871 37.8646 
0.999896 -8.71574e-05 -0.0143879 -0.992683 0.000144461 0.999992 0.00398758 -0.421909 0.0143876 -0.00398933 0.999888 39.1275 
0.999921 0.000477584 -0.012577 -1.04295 -0.000401627 0.999982 0.00604788 -0.444338 0.0125798 -0.00604243 0.999903 40.4751 
0.999935 -0.000100582 -0.0114273 -1.06583 0.000177556 0.999977 0.00674252 -0.453008 0.0114265 -0.00674419 0.999912 41.7995 
0.999955 0.000334682 -0.00947395 -1.0905 -0.000268479 0.999975 0.00699719 -0.461379 0.00947614 -0.00699441 0.999931 43.0983 
0.99998 -0.0001367 -0.00624311 -1.11541 0.000178152 0.999978 0.00665303 -0.476848 0.00624214 -0.00665409 0.999958 44.3881 
0.999996 -0.000740751 -0.00258413 -1.13136 0.000752754 0.999989 0.00467978 -0.488815 0.00258072 -0.0046818 0.999986 45.6091 
0.999999 -0.00104343 0.000897453 -1.14603 0.00104045 0.999994 0.0032265 -0.510816 -0.00090073 -0.00322565 0.999994 46.836 
0.999988 -0.000813024 0.00483891 -1.14963 0.000796238 0.999994 0.00345232 -0.52073 -0.0048416 -0.00344851 0.999982 48.0316 
0.999952 5.77147e-05 0.00977831 -1.14858 -9.00874e-05 0.999994 0.00330156 -0.541344 -0.00977799 -0.00330237 0.999947 49.2293 
0.999878 0.00163542 0.0155566 -1.13461 -0.00167356 0.999996 0.00243325 -0.55977 -0.0155524 -0.00245907 0.999876 50.4328 
0.999741 0.00250712 0.022601 -1.11259 -0.00256436 0.999994 0.00250027 -0.574363 -0.0225945 -0.00255766 0.999741 51.6393 
0.999522 0.0029633 0.0307669 -1.08288 -0.00305741 0.999991 0.00300933 -0.579745 -0.0307576 -0.00310204 0.999522 52.8484 
0.999155 0.00475327 0.0408141 -1.04437 -0.00490336 0.999982 0.00357588 -0.594017 -0.0407963 -0.00377306 0.99916 54.0404 
0.998549 0.00700971 0.0533913 -0.98326 -0.00720114 0.999968 0.00339224 -0.603671 -0.0533658 -0.00377188 0.998568 55.2653 
0.997671 0.00849409 0.0676746 -0.910702 -0.00876069 0.999955 0.00364231 -0.611709 -0.0676406 -0.00422679 0.997701 56.4394 
0.996439 0.0106336 0.0836485 -0.824271 -0.0110609 0.999928 0.00464436 -0.623101 -0.083593 -0.00555312 0.996484 57.5895 
0.994816 0.0107434 0.101126 -0.719406 -0.0113183 0.999923 0.00511195 -0.632093 -0.101063 -0.0062301 0.99486 58.734 
0.992756 0.0100698 0.119728 -0.591028 -0.010663 0.999934 0.00431456 -0.646403 -0.119677 -0.00556004 0.992797 59.8502 
0.990191 0.00916329 0.139416 -0.448127 -0.0097735 0.999945 0.00369219 -0.66476 -0.139375 -0.00501864 0.990227 60.9158 
0.98705 0.00626264 0.16029 -0.285709 -0.00687965 0.999971 0.00329407 -0.674924 -0.160264 -0.00435423 0.987064 61.9642 
0.983344 0.0010238 0.181752 -0.0970971 -0.00203492 0.999983 0.00537633 -0.68172 -0.181743 -0.0056567 0.98333 63.0437 
0.978829 -0.00464169 0.204627 0.12707 0.00334997 0.999972 0.00665806 -0.69184 -0.204652 -0.00583168 0.978817 64.1081 
0.973371 -0.0096682 0.229033 0.353477 0.00848425 0.999945 0.00615306 -0.701624 -0.22908 -0.0040461 0.973399 65.168 
0.96709 -0.0155165 0.253962 0.612507 0.0148823 0.999879 0.00441808 -0.709649 -0.254 -0.000493217 0.967204 66.1769 
0.959746 -0.0189113 0.280232 0.897621 0.0181792 0.999821 0.00521145 -0.720227 -0.28028 9.26471e-05 0.959918 67.1665 
0.951335 -0.021398 0.307415 1.20701 0.0200932 0.999771 0.00740883 -0.72787 -0.307503 -0.000871386 0.951547 68.1364 
0.941878 -0.0260156 0.334946 1.54543 0.0240065 0.99966 0.0101372 -0.726787 -0.335096 -0.00150721 0.942183 69.0973 
0.931251 -0.0287776 0.36324 1.90764 0.0269782 0.999586 0.0100267 -0.734207 -0.363378 0.000462145 0.931642 70.0113 
0.919443 -0.0280858 0.392219 2.28554 0.0279362 0.999591 0.00608962 -0.737437 -0.392229 0.00535796 0.919852 70.9242 
0.90667 -0.0289865 0.420843 2.69783 0.0316322 0.999499 0.000693552 -0.743203 -0.420652 0.0126833 0.907133 71.8033 
0.892618 -0.0311154 0.44974 3.1231 0.0355788 0.999366 -0.00147354 -0.753747 -0.449408 0.0173165 0.893158 72.663 
0.877043 -0.0314739 0.479379 3.56977 0.0347296 0.999395 0.0020763 -0.772371 -0.479154 0.0148276 0.877605 73.5047 
0.859408 -0.030308 0.510391 4.03591 0.030579 0.999501 0.00786256 -0.783535 -0.510375 0.00885003 0.859906 74.3397 
0.840036 -0.0303556 0.541681 4.54409 0.0285522 0.999523 0.0117341 -0.794048 -0.541779 0.00560907 0.840502 75.1399 
0.819173 -0.0243711 0.573029 5.07446 0.0249441 0.999665 0.00685705 -0.798312 -0.573004 0.00867655 0.819507 75.9249 
0.797436 -0.0173311 0.603154 5.62092 0.0219656 0.999759 -0.000313913 -0.798154 -0.603003 0.0134989 0.797625 76.6685 
0.775161 -0.0150094 0.631586 6.20339 0.0212053 0.999772 -0.00226678 -0.805961 -0.631408 0.01515 0.775303 77.3992 
0.7523 -0.0177412 0.658581 6.81075 0.0226314 0.999743 0.00107947 -0.820542 -0.658431 0.0140925 0.752509 78.0836 
0.728258 -0.0180435 0.685066 7.43723 0.0228052 0.999738 0.00208837 -0.838398 -0.684924 0.0141021 0.728478 78.7407 
0.703297 -0.0157883 0.71072 8.07453 0.0231821 0.999731 -0.000731644 -0.847084 -0.710517 0.0169905 0.703474 79.3724 
0.677238 -0.0130319 0.735649 8.73207 0.0227529 0.999736 -0.00323629 -0.85525 -0.735412 0.0189298 0.677355 79.9871 
0.650712 -0.0107923 0.759248 9.41712 0.021131 0.999769 -0.00389923 -0.872271 -0.759031 0.0185809 0.65079 80.5739 
0.622908 -0.00970465 0.782235 10.1187 0.0212747 0.999763 -0.00453817 -0.893503 -0.782006 0.0194686 0.622967 81.1392 
0.594523 -0.00305491 0.804073 10.8457 0.0201272 0.999736 -0.0110837 -0.90334 -0.803826 0.0227733 0.594428 81.685 
0.564779 0.00640158 0.825217 11.5812 0.0183847 0.999624 -0.0203371 -0.931324 -0.825037 0.0266573 0.564449 82.1983 
0.533972 0.0149029 0.845371 12.3452 0.0174739 0.999436 -0.0286563 -0.947854 -0.845322 0.0300736 0.53341 82.7014 
0.502589 0.019946 0.864295 13.131 0.0151293 0.999378 -0.0318613 -0.976604 -0.864393 0.0290893 0.501975 83.165 
0.470238 0.0200442 0.882312 13.9421 0.0131617 0.999472 -0.0297206 -0.998023 -0.882441 0.0255885 0.469726 83.6122 
0.437208 0.0190868 0.899158 14.7687 0.00887242 0.999634 -0.0255339 -1.02387 -0.899317 0.0191413 0.436879 84.0276 
0.403101 0.0205545 0.914924 15.6198 0.00507175 0.999682 -0.0246933 -1.04897 -0.915141 0.0145942 0.402869 84.4187 
0.368097 0.0234581 0.929491 16.4721 -0.00198675 0.999699 -0.0244433 -1.08513 -0.929785 0.0071508 0.368033 84.7731 
0.332153 0.0254304 0.942883 17.3488 -0.00748026 0.999676 -0.0243271 -1.12578 -0.943196 0.00102731 0.332236 85.1034 
0.295907 0.0251744 0.954885 18.2692 -0.00998438 0.999679 -0.0232615 -1.14966 -0.955165 -0.00265073 0.296063 85.4124 
0.259767 0.0249823 0.965348 19.1832 -0.01042 0.99968 -0.023067 -1.17301 -0.965615 -0.00406686 0.259945 85.6661 
0.223689 0.0247644 0.974346 20.1152 -0.0101113 0.999682 -0.0230871 -1.19981 -0.974608 -0.00468757 0.223868 85.8907 
0.188296 0.0237213 0.981826 21.0586 -0.00826998 0.999711 -0.0225675 -1.22886 -0.982077 -0.00387032 0.188438 86.0768 
0.153699 0.0226445 0.987858 22.0194 -0.000733428 0.99974 -0.0228028 -1.26032 -0.988117 0.00278024 0.153675 86.2338 
0.11977 0.0263785 0.992451 22.9886 0.000939823 0.999643 -0.0266832 -1.29258 -0.992801 0.00412856 0.119702 86.3621 
0.0874057 0.0309878 0.995691 23.9081 0.00193112 0.999509 -0.0312762 -1.33726 -0.996171 0.00465651 0.087303 86.432 
0.0583765 0.0351696 0.997675 24.8799 0.00841574 0.999326 -0.0357204 -1.3686 -0.998259 0.0104814 0.0580412 86.4886 
0.0327737 0.0335504 0.998899 25.8579 0.0101104 0.999374 -0.0338982 -1.40528 -0.999412 0.0112103 0.032414 86.5302 
0.0102173 0.0305518 0.999481 26.8534 0.0121957 0.999455 -0.0306758 -1.44279 -0.999873 0.0125028 0.00983913 86.5543 
-0.00870567 0.0278745 0.999573 27.8408 0.0125163 0.999536 -0.0277645 -1.48615 -0.999884 0.0122693 -0.00905052 86.5603 
-0.0254151 0.031191 0.99919 28.8323 0.0139709 0.999427 -0.0308431 -1.52435 -0.999579 0.0131757 -0.0258363 86.5475 
-0.0398289 0.0357364 0.998567 29.8143 0.0165853 0.999246 -0.0350992 -1.56523 -0.999069 0.0151636 -0.0403916 86.5037 
-0.0518663 0.0409585 0.997814 30.8293 0.0212869 0.998977 -0.0398998 -1.60919 -0.998427 0.0191709 -0.0526851 86.4654 
-0.0609799 0.0443641 0.997152 31.8286 0.0266178 0.998729 -0.0428065 -1.65931 -0.997784 0.0239317 -0.0620833 86.4114 
-0.0670973 0.049898 0.996498 32.8455 0.030714 0.998379 -0.0479242 -1.7061 -0.997274 0.0273908 -0.068521 86.3587 
-0.0707898 0.0548208 0.995984 33.8509 0.0324331 0.998087 -0.0526315 -1.76135 -0.996964 0.0285771 -0.0724324 86.3027 
-0.0740316 0.0589216 0.995514 34.8369 0.0344663 0.997808 -0.0564944 -1.8246 -0.99666 0.0301294 -0.0759001 86.248 
-0.0768815 0.062064 0.995107 35.8441 0.0345774 0.997626 -0.0595498 -1.88695 -0.99644 0.0298299 -0.078845 86.1823 
-0.0797794 0.0654089 0.994664 36.8563 0.0352019 0.997407 -0.0627659 -1.95793 -0.996191 0.0300067 -0.0818751 86.1263 
-0.0818762 0.0694057 0.994223 37.8498 0.0359991 0.997127 -0.066644 -2.02839 -0.995992 0.0303346 -0.0841395 86.0536 
-0.0841156 0.0707386 0.993942 38.8781 0.0394464 0.996931 -0.0676132 -2.10328 -0.995675 0.0335201 -0.0866478 85.9788 
-0.0862524 0.0697829 0.993826 39.8911 0.0393555 0.997004 -0.0665905 -2.17358 -0.995496 0.033369 -0.0887403 85.9031 
-0.0888709 0.0694918 0.993616 40.9103 0.0390122 0.997041 -0.0662421 -2.25335 -0.995279 0.0328762 -0.091319 85.8413 
-0.0913781 0.0706598 0.993306 41.9139 0.0387875 0.996975 -0.0673526 -2.33218 -0.995061 0.0323733 -0.0938424 85.7664 
-0.0942633 0.0726237 0.992895 42.9659 0.0383596 0.99686 -0.069272 -2.42597 -0.994808 0.0315572 -0.0967531 85.7167 
-0.0971717 0.0750039 0.992437 44.0037 0.0368789 0.996743 -0.0717185 -2.50124 -0.994584 0.029631 -0.0996213 85.6426 
-0.0997429 0.0787053 0.991895 45.0367 0.0345119 0.99654 -0.0756035 -2.58593 -0.994414 0.0266913 -0.102114 85.5538 
-0.102026 0.0831027 0.991304 46.0677 0.0313091 0.996279 -0.0802975 -2.66761 -0.994289 0.0228444 -0.104248 85.4673 
-0.10477 0.0853161 0.99083 47.0977 0.0293409 0.996145 -0.0826713 -2.76371 -0.994063 0.0204104 -0.10687 85.3786 
-0.107805 0.0841296 0.990606 48.1287 0.0274341 0.996285 -0.0816264 -2.85072 -0.993793 0.0183767 -0.109713 85.2864 
-0.111046 0.0797545 0.99061 49.1855 0.0246451 0.996689 -0.0774813 -2.94762 -0.99351 0.0158097 -0.112644 85.1989 
-0.113342 0.0783509 0.990462 50.2492 0.0251239 0.996793 -0.0759768 -3.0338 -0.993238 0.0162729 -0.114947 85.0925 
-0.115319 0.0787672 0.990201 51.3002 0.0244166 0.996775 -0.0764467 -3.12054 -0.993028 0.0153616 -0.11687 84.993 
-0.116321 0.0818764 0.989831 52.3551 0.0261348 0.996504 -0.0793571 -3.20202 -0.992868 0.0166382 -0.118054 84.8742 
-0.117503 0.0845241 0.989469 53.3901 0.0268742 0.996277 -0.0819144 -3.29451 -0.992709 0.016966 -0.119337 84.7752 
-0.11795 0.0850763 0.989368 54.4168 0.0256136 0.996252 -0.0826148 -3.39278 -0.992689 0.0155969 -0.119687 84.6697 
-0.118326 0.0842184 0.989397 55.4829 0.0220608 0.996374 -0.082174 -3.47739 -0.99273 0.0121036 -0.119755 84.5739 
-0.118806 0.0836709 0.989386 56.5346 0.0183021 0.996458 -0.0820714 -3.56927 -0.992749 0.0083573 -0.119916 84.4778 
-0.119142 0.0844173 0.989282 57.573 0.0149201 0.996419 -0.0832295 -3.67472 -0.992765 0.00484407 -0.119975 84.3812 
-0.11963 0.0845519 0.989212 58.6267 0.0101974 0.996419 -0.0839348 -3.77255 -0.992766 4.62767e-05 -0.120064 84.2746 
-0.120523 0.0838097 0.989166 59.6851 0.0067783 0.996476 -0.0836033 -3.87441 -0.992687 -0.00337127 -0.120667 84.1817 
-0.120877 0.0787163 0.989541 60.7614 0.00710604 0.996894 -0.0784332 -3.96462 -0.992642 -0.00244904 -0.121061 84.0663 
-0.121175 0.0700079 0.990159 61.8588 0.00947084 0.997546 -0.0693712 -4.0547 -0.992586 0.000971566 -0.121541 83.9432 
-0.120954 0.0646311 0.990552 62.962 0.0152231 0.997881 -0.0632506 -4.13957 -0.992541 0.00742884 -0.121682 83.8182 
-0.120164 0.0668559 0.9905 64.0611 0.0235609 0.997641 -0.0644797 -4.22208 -0.992474 0.015589 -0.121455 83.6864 
-0.119062 0.0729218 0.990205 65.1501 0.0288209 0.997133 -0.0699666 -4.29103 -0.992468 0.0202083 -0.120822 83.563 
-0.118322 0.0783541 0.989879 66.2287 0.031959 0.996666 -0.0750713 -4.37849 -0.992461 0.0227529 -0.120432 83.4501 
-0.117959 0.0831036 0.989535 67.3494 0.0329531 0.996271 -0.0797411 -4.46393 -0.992471 0.0232021 -0.120257 83.3303 
-0.117843 0.0803952 0.989772 68.4631 0.0300242 0.99655 -0.0773711 -4.55632 -0.992578 0.0205995 -0.11985 83.2161 
-0.117735 0.07569 0.990156 69.5902 0.0289218 0.996929 -0.0727689 -4.65186 -0.992624 0.0200697 -0.119563 83.1003 
-0.117509 0.0735568 0.990344 70.7133 0.0264451 0.997131 -0.0709232 -4.74213 -0.99272 0.0178557 -0.119117 82.9836 
-0.11735 0.0740729 0.990324 71.8483 0.0252915 0.997114 -0.0715839 -4.83838 -0.992768 0.0166465 -0.118884 82.8656 
-0.117195 0.0792833 0.989939 72.9496 0.0271514 0.996691 -0.0766098 -4.92819 -0.992738 0.0179 -0.11896 82.76 
-0.116932 0.0817302 0.989771 74.0735 0.0268814 0.996503 -0.0791104 -5.02488 -0.992776 0.017356 -0.11872 82.648 
-0.116355 0.0807162 0.989922 75.2152 0.0269068 0.996583 -0.0780967 -5.11736 -0.992843 0.0175487 -0.118129 82.5182 
-0.115769 0.0735448 0.99055 76.3464 0.028754 0.997085 -0.0706696 -5.21637 -0.99286 0.0203009 -0.117546 82.398 
-0.116736 0.0725092 0.990512 77.4746 0.0280679 0.997174 -0.069689 -5.3001 -0.992766 0.0196663 -0.118442 82.2928 
-0.116417 0.0756821 0.990313 78.625 0.0254863 0.996992 -0.0731965 -5.38959 -0.992873 0.016718 -0.117996 82.1796 
-0.116103 0.0788192 0.990105 79.7888 0.024352 0.996772 -0.0764945 -5.48095 -0.992939 0.0152298 -0.117647 82.0554 
-0.116264 0.0784375 0.990116 80.9611 0.0231689 0.99682 -0.0762481 -5.57297 -0.992948 0.0140751 -0.117711 81.9387 
-0.116202 0.0748527 0.990401 82.1195 0.0233378 0.997087 -0.0726199 -5.67104 -0.992951 0.0146752 -0.117611 81.8229 
-0.115319 0.0734488 0.990609 83.2892 0.0243877 0.997171 -0.0710964 -5.77256 -0.993029 0.0159599 -0.116784 81.7014 
-0.114252 0.0739255 0.990697 84.4804 0.0257786 0.997112 -0.0714314 -5.86411 -0.993117 0.0173776 -0.115828 81.5735 
-0.113321 0.07409 0.990792 85.6694 0.0280372 0.997057 -0.0713518 -5.95422 -0.993163 0.0196934 -0.115065 81.4479 
-0.112289 0.073641 0.990943 86.8662 0.0274995 0.997098 -0.0709824 -6.04929 -0.993295 0.0192799 -0.113989 81.3277 
-0.111062 0.0742482 0.991036 88.0696 0.0283517 0.997036 -0.0715205 -6.14183 -0.993409 0.0201543 -0.112838 81.2114 
-0.110073 0.0725221 0.991274 89.2804 0.0285742 0.997153 -0.0697794 -6.23219 -0.993513 0.0206441 -0.111832 81.0929 
-0.108638 0.0718168 0.991484 90.5042 0.0275292 0.997222 -0.0692161 -6.32461 -0.9937 0.0197753 -0.110313 80.9759 
-0.107715 0.071338 0.991619 91.7207 0.0283655 0.997237 -0.068661 -6.41103 -0.993777 0.0207319 -0.109441 80.8626 
-0.105953 0.0717642 0.991778 92.9238 0.0264723 0.997242 -0.0693316 -6.51335 -0.994019 0.0189088 -0.10756 80.7469 
-0.103962 0.0745973 0.99178 94.1494 0.0274128 0.997019 -0.072118 -6.60784 -0.994203 0.01969 -0.105697 80.6217 
-0.103325 0.0738829 0.9919 95.3822 0.0249006 0.997117 -0.0716777 -6.69357 -0.994336 0.0172928 -0.104867 80.5185 
-0.102925 0.0725244 0.992042 96.6211 0.0210003 0.997274 -0.0707283 -6.79172 -0.994467 0.0135534 -0.104167 80.4081 
-0.102599 0.0735469 0.992 97.8136 0.0171545 0.997245 -0.0721616 -6.88641 -0.994575 0.00961358 -0.103578 80.2928 
-0.102934 0.0731417 0.991995 99.0718 0.0145406 0.997297 -0.0720239 -6.9756 -0.994582 0.00701047 -0.103719 80.1854 
-0.104624 0.0707658 0.991991 100.314 0.0122902 0.997481 -0.0698612 -7.0695 -0.994436 0.00488267 -0.10523 80.0818 
-0.106032 0.0698519 0.991906 101.601 0.0102405 0.997553 -0.069155 -7.15778 -0.99431 0.002825 -0.106488 79.9772 
-0.107646 0.069177 0.99178 102.862 0.00794277 0.997604 -0.0687213 -7.24665 -0.994158 0.00047994 -0.107937 79.8625 
-0.109421 0.0697885 0.991542 104.119 0.00835989 0.997561 -0.0692896 -7.33746 -0.99396 0.000707476 -0.109737 79.7444 
-0.112211 0.0689072 0.991292 105.395 0.00756301 0.997623 -0.0684912 -7.42312 -0.993656 -0.000188311 -0.112466 79.6316 
-0.115116 0.0639075 0.991294 106.663 0.00537886 0.997954 -0.0637123 -7.52284 -0.993337 -0.00200228 -0.115224 79.5069 
-0.119172 0.0639646 0.990811 107.928 0.00543102 0.99795 -0.0637723 -7.61443 -0.992859 -0.00221874 -0.119275 79.3619 
-0.12476 0.0697592 0.989731 109.165 0.000600096 0.99753 -0.0702334 -7.70731 -0.992187 -0.00816839 -0.124494 79.2322 
-0.131917 0.0728907 0.988577 110.391 0.00105296 0.997302 -0.0733936 -7.79694 -0.99126 -0.00864094 -0.131638 79.0941 
-0.14089 0.0691119 0.98761 111.629 0.00280891 0.997584 -0.0694093 -7.88712 -0.990021 -0.00700499 -0.140744 78.9377 
-0.151128 0.0670887 0.986235 112.878 0.00510471 0.997734 -0.0670887 -7.98476 -0.988501 -0.00510452 -0.151128 78.7427 
-0.164098 0.0677597 0.984114 114.093 0.00509508 0.997683 -0.0678444 -8.08081 -0.986431 -0.00611896 -0.164063 78.5599 
-0.178007 0.068318 0.981655 115.292 0.00760106 0.997653 -0.0680531 -8.16924 -0.984 -0.00465227 -0.178108 78.3545 
-0.192151 0.0656638 0.979166 116.479 0.00764275 0.997829 -0.0654156 -8.26741 -0.981335 -0.00508616 -0.192236 78.1339 
-0.207076 0.068325 0.975936 117.642 0.0121608 0.997661 -0.0672657 -8.36549 -0.978249 -0.00206092 -0.207423 77.8882 
-0.222066 0.0721418 0.972359 118.79 0.0132763 0.99739 -0.070967 -8.44507 -0.974941 -0.00285001 -0.222444 77.6405 
-0.237369 0.0762654 0.968421 119.972 0.0134934 0.997076 -0.0752148 -8.54011 -0.971326 -0.00478638 -0.237704 77.3702 
-0.253188 0.0741723 0.964569 121.141 0.00995225 0.997203 -0.0740695 -8.64212 -0.967366 -0.00915385 -0.253218 77.0819 
-0.26902 0.0688676 0.960669 122.31 0.00497183 0.997526 -0.0701175 -8.73399 -0.963122 -0.0140867 -0.268697 76.7839 
-0.284582 0.0652522 0.956428 123.502 0.00155289 0.997711 -0.0676067 -8.82575 -0.95865 -0.0177544 -0.284032 76.4584 
-0.299648 0.0664879 0.95173 124.655 -0.000354523 0.997561 -0.0698013 -8.92215 -0.95405 -0.0212532 -0.298894 76.108 
-0.314171 0.0681335 0.946918 125.786 -0.000875532 0.9974 -0.0720563 -9.02045 -0.949366 -0.023467 -0.313294 75.7636 
-0.328035 0.0702247 0.942052 126.937 0.000756657 0.997252 -0.0740762 -9.12604 -0.944665 -0.0235868 -0.327187 75.3818 
-0.341988 0.0703268 0.937069 128.052 0.00280854 0.997268 -0.0738198 -9.221 -0.9397 -0.0226137 -0.341251 74.9812 
-0.355536 0.0687723 0.932129 129.187 0.00303914 0.997369 -0.0724266 -9.31289 -0.934658 -0.0229174 -0.35481 74.5602 
-0.370035 0.0677431 0.926545 130.324 0.00272985 0.997413 -0.0718343 -9.40628 -0.929014 -0.0240519 -0.369263 74.1226 
-0.384595 0.0691745 0.92049 131.422 0.00135048 0.997229 -0.0743773 -9.50449 -0.923084 -0.0273621 -0.383623 73.6843 
-0.399504 0.0715784 0.913933 132.518 0.00226536 0.997021 -0.0770956 -9.59603 -0.916729 -0.0287296 -0.398476 73.2345 
-0.414132 0.0731824 0.90727 133.626 0.00334324 0.996878 -0.0788844 -9.69462 -0.91021 -0.0296353 -0.413084 72.7429 
-0.428451 0.0748943 0.900455 134.71 0.00552234 0.996757 -0.0802765 -9.82212 -0.903548 -0.0294219 -0.427476 72.239 
-0.443373 0.0793355 0.892819 135.797 0.00647498 0.996333 -0.0853183 -9.91365 -0.896314 -0.0320469 -0.442261 71.7361 
-0.458405 0.081598 0.884989 136.877 0.00770497 0.996104 -0.087852 -10.0237 -0.88871 -0.033453 -0.457248 71.1968 
-0.473714 0.0790806 0.877121 137.955 0.00609576 0.996231 -0.0865274 -10.1254 -0.880657 -0.0356426 -0.472411 70.6464 
-0.489692 0.0750376 0.86866 139.036 0.00352894 0.996452 -0.0840873 -10.2335 -0.871888 -0.0381115 -0.48822 70.0598 
-0.505547 0.0750069 0.859532 140.113 0.00350903 0.996384 -0.0848854 -10.3491 -0.862792 -0.0398974 -0.503982 69.4507 
-0.521574 0.0741099 0.849981 141.171 0.00223028 0.996335 -0.085502 -10.4532 -0.853203 -0.0426999 -0.519828 68.8311 
-0.53713 0.0738066 0.840264 142.221 0.00257982 0.996303 -0.0858636 -10.5575 -0.843495 -0.0439522 -0.535335 68.1845 
-0.553049 0.0733444 0.829914 143.29 0.00127444 0.996191 -0.0871901 -10.6721 -0.833148 -0.0471627 -0.551036 67.5142 
-0.568589 0.0728044 0.819394 144.301 0.00133026 0.996156 -0.0875869 -10.7869 -0.822621 -0.0487109 -0.5665 66.8393 
-0.583968 0.0697009 0.808779 145.304 0.000432983 0.996334 -0.0855519 -10.9024 -0.811776 -0.0496094 -0.581857 66.1424 
-0.598716 0.066982 0.798155 146.304 0.00145065 0.996586 -0.0825464 -11.0085 -0.80096 -0.048264 -0.596769 65.4111 
-0.613575 0.0654281 0.786921 147.298 0.00256751 0.996721 -0.08087 -11.1217 -0.789632 -0.0475993 -0.611731 64.6594 
-0.628434 0.0637318 0.775248 148.29 0.00147463 0.996734 -0.0807444 -11.2293 -0.777862 -0.0495993 -0.626475 63.8904 
-0.643441 0.0646145 0.762764 149.267 -8.96202e-05 0.996425 -0.0844838 -11.3415 -0.765496 -0.0544287 -0.641135 63.1017 
-0.658464 0.0641615 0.749872 150.222 -0.00191588 0.996213 -0.0869216 -11.4528 -0.75261 -0.0586714 -0.655847 62.2969 
-0.674337 0.0612831 0.735876 151.172 -0.00316652 0.996301 -0.0858727 -11.5674 -0.738417 -0.0602373 -0.671648 61.4778 
-0.69053 0.0537744 0.721302 152.123 -0.00670447 0.996714 -0.0807253 -11.6819 -0.723272 -0.0605792 -0.6879 60.6018 
-0.707468 0.0511055 0.704895 153.068 -0.00761995 0.996772 -0.0799148 -11.798 -0.706704 -0.0619084 -0.704796 59.7006 
-0.72494 0.0485306 0.6871 154.001 -0.00931297 0.996733 -0.0802263 -11.9022 -0.688749 -0.0645582 -0.72212 58.7792 
-0.742213 0.0443774 0.668692 154.874 -0.0128142 0.996683 -0.0803675 -12.0159 -0.670041 -0.0682186 -0.739183 57.8475 
-0.759186 0.0421127 0.649509 155.747 -0.0128046 0.996745 -0.0795934 -12.1225 -0.650747 -0.0687429 -0.756176 56.889 
-0.775172 0.0441154 0.630208 156.588 -0.0106889 0.9965 -0.0829041 -12.2341 -0.63166 -0.0710011 -0.771988 55.9071 
-0.790254 0.0433732 0.611242 157.389 -0.00758211 0.996723 -0.0805293 -12.3464 -0.612732 -0.0682731 -0.787336 54.8977 
-0.804858 0.0444634 0.591799 158.183 -0.00367474 0.996797 -0.0798898 -12.4627 -0.593456 -0.0664747 -0.802117 53.8661 
-0.819087 0.0458708 0.571833 158.924 -0.0018355 0.996583 -0.0825722 -12.5704 -0.573667 -0.0686833 -0.816204 52.817 
-0.832596 0.0474143 0.551847 159.647 -0.000678703 0.996241 -0.0866203 -12.6868 -0.55388 -0.0724943 -0.829434 51.7591 
-0.845339 0.0486111 0.532013 160.343 0.00282211 0.996244 -0.0865446 -12.8038 -0.534222 -0.0716582 -0.842302 50.6783 
-0.856953 0.0463551 0.513305 161.019 0.00356084 0.996456 -0.0840423 -12.9181 -0.515382 -0.0701925 -0.854081 49.5581 
-0.8676 0.0478652 0.494954 161.666 0.00618505 0.996318 -0.0855086 -13.0346 -0.497225 -0.0711259 -0.864701 48.4745 
-0.877019 0.0506834 0.477774 162.302 0.00909029 0.995993 -0.0889709 -13.1502 -0.480369 -0.0736861 -0.873966 47.3632 
-0.885967 0.0488295 0.46117 162.918 0.00787186 0.995881 -0.090323 -13.2758 -0.463681 -0.0763929 -0.882703 46.2248 
-0.894443 0.0462639 0.444782 163.535 0.00707527 0.995973 -0.0893678 -13.4067 -0.447125 -0.0767875 -0.891169 45.08 
-0.901689 0.0439556 0.430145 164.116 0.00606961 0.996008 -0.0890566 -13.5462 -0.432342 -0.0776905 -0.898356 43.9293 
-0.908481 0.0420906 0.4158 164.671 0.00565139 0.996062 -0.0884816 -13.6636 -0.417887 -0.0780341 -0.905142 42.7765 
-0.91495 0.0400118 0.401579 165.226 0.00505011 0.99613 -0.0877444 -13.7812 -0.403536 -0.0782537 -0.911611 41.6165 
-0.920602 0.0346479 0.388962 165.744 0.0021993 0.9965 -0.0835608 -13.9113 -0.390496 -0.0760707 -0.917456 40.4366 
-0.925924 0.0308394 0.376449 166.266 0.000616233 0.996783 -0.0801427 -14.0292 -0.377709 -0.073974 -0.922964 39.2558 
-0.93023 0.0311387 0.365654 166.763 0.00314279 0.997033 -0.076911 -14.1415 -0.366964 -0.0703957 -0.927568 38.0512 
-0.933458 0.0352124 0.356955 167.237 0.00766367 0.9969 -0.0782999 -14.2569 -0.358606 -0.0703541 -0.930834 36.8645 
-0.935822 0.0404467 0.350145 167.698 0.0131485 0.996709 -0.0799925 -14.3636 -0.352228 -0.0702548 -0.933274 35.6798 
-0.937689 0.0439884 0.344679 168.151 0.0164375 0.996459 -0.0824517 -14.4722 -0.347085 -0.0716484 -0.935093 34.4998 
-0.939414 0.0410978 0.340313 168.601 0.0142229 0.996605 -0.0810932 -14.5907 -0.34249 -0.0713398 -0.936809 33.3037 
-0.941262 0.0336954 0.335991 169.06 0.00823943 0.997004 -0.0769041 -14.7128 -0.337576 -0.0696185 -0.93872 32.0827 
-0.943127 0.0275579 0.331288 169.507 0.0027637 0.997174 -0.0750812 -14.8243 -0.332421 -0.0698955 -0.940537 30.8815 
-0.945075 0.0204369 0.326214 169.962 -0.00493112 0.997038 -0.0767493 -14.9272 -0.326816 -0.0741425 -0.942175 29.6845 
-0.946502 0.0179239 0.3222 170.398 -0.00810077 0.996822 -0.0792498 -15.0375 -0.322597 -0.0776201 -0.943348 28.4961 
-0.947279 0.0175382 0.319928 170.827 -0.00906029 0.996635 -0.0814615 -15.1511 -0.32028 -0.0800654 -0.943933 27.291 
-0.94769 0.018108 0.318678 171.256 -0.00897426 0.996483 -0.0833102 -15.2642 -0.319066 -0.0818121 -0.944195 26.1021 
-0.947512 0.020535 0.31906 171.678 -0.0071687 0.99632 -0.085413 -15.378 -0.31964 -0.0832171 -0.943878 24.8876 
-0.947556 0.0210382 0.318895 172.119 -0.00732391 0.996139 -0.0874796 -15.4907 -0.319505 -0.0852274 -0.943744 23.6936 
-0.947279 0.0221246 0.319645 172.549 -0.00685204 0.995986 -0.0892445 -15.6146 -0.320337 -0.0867297 -0.943325 22.5043 
-0.946653 0.0227104 0.321454 172.976 -0.00646142 0.995975 -0.0893932 -15.7329 -0.32219 -0.0867013 -0.942696 21.3084 
-0.946048 0.0224979 0.323243 173.437 -0.00691281 0.995958 -0.0895511 -15.8541 -0.323952 -0.0869541 -0.942069 20.0772 
-0.944818 0.020497 0.326953 173.889 -0.00945998 0.995917 -0.0897722 -15.9815 -0.327458 -0.0879114 -0.940767 18.8692 
-0.943407 0.0184999 0.331121 174.344 -0.0115286 0.99601 -0.0884942 -16.0948 -0.331437 -0.0873034 -0.939429 17.6756 
-0.94138 0.0167459 0.336932 174.797 -0.0127964 0.996276 -0.0852689 -16.2177 -0.337105 -0.0845819 -0.93766 16.4783 
-0.939001 0.0141154 0.343623 175.254 -0.0153752 0.996435 -0.0829468 -16.3294 -0.343569 -0.0831705 -0.935437 15.2961 
-0.93633 0.0162345 0.350745 175.694 -0.0136286 0.996497 -0.0825059 -16.4508 -0.350856 -0.0820329 -0.932829 14.1435 
-0.933365 0.0156498 0.358587 176.149 -0.015142 0.996443 -0.0829009 -16.565 -0.358608 -0.0828065 -0.929808 13.0168 
-0.929634 0.0183818 0.368025 176.614 -0.0140233 0.996266 -0.0851837 -16.6808 -0.368217 -0.0843506 -0.925905 11.8612 
-0.925642 0.0193653 0.377905 177.104 -0.0136388 0.996333 -0.084463 -16.7935 -0.378155 -0.0833366 -0.921984 10.712 
-0.920817 0.0207303 0.389443 177.61 -0.0138459 0.996219 -0.0857672 -16.9116 -0.389749 -0.0843681 -0.917048 9.55505 
-0.915144 0.022719 0.402487 178.14 -0.0135674 0.996109 -0.0870754 -17.0286 -0.402899 -0.0851472 -0.911275 8.38895 
-0.909188 0.0248837 0.415642 178.679 -0.0129154 0.996047 -0.0878831 -17.1328 -0.416186 -0.0852704 -0.905272 7.23742 
-0.902817 0.0243369 0.429335 179.23 -0.0137825 0.996247 -0.0854546 -17.2547 -0.429803 -0.0830672 -0.899093 6.09005 
-0.896671 0.0267771 0.441886 179.804 -0.0127273 0.996197 -0.0861931 -17.3717 -0.442514 -0.0829109 -0.892921 4.97698 
-0.890216 0.0283808 0.454654 180.384 -0.0120858 0.996235 -0.0858521 -17.4851 -0.455378 -0.0819218 -0.886521 3.88319 
-0.883055 0.029569 0.468337 180.98 -0.0109047 0.99645 -0.0834731 -17.607 -0.469142 -0.0788184 -0.879598 2.79137 
-0.875572 0.0310194 0.482091 181.587 -0.00900786 0.996714 -0.0804921 -17.7276 -0.483004 -0.0748192 -0.872416 1.72259 
-0.867607 0.0337773 0.496101 182.225 -0.00623847 0.996872 -0.0787827 -17.8417 -0.497211 -0.0714473 -0.864683 0.640773 
-0.859092 0.0360418 0.51055 182.875 -0.00445245 0.996953 -0.0778711 -17.9584 -0.511802 -0.0691717 -0.856314 -0.40367 
-0.849751 0.0385691 0.525771 183.615 -0.00204602 0.997071 -0.0764492 -18.0844 -0.52718 -0.0660386 -0.847184 -1.45302 
-0.83935 0.0416734 0.541992 184.317 0.00113201 0.997189 -0.0749202 -18.198 -0.543591 -0.0622706 -0.837037 -2.47753 
-0.829066 0.0456047 0.557288 185.098 0.00469596 0.997201 -0.0746182 -18.2847 -0.559131 -0.0592464 -0.82696 -3.49082 
-0.817744 0.0471192 0.57365 185.817 0.00575776 0.997263 -0.0737069 -18.403 -0.575553 -0.0569704 -0.815777 -4.48225 
-0.805861 0.0504468 0.589951 186.581 0.00828338 0.997227 -0.0739581 -18.4946 -0.592046 -0.0547132 -0.804045 -5.45053 
-0.792634 0.051005 0.60756 187.344 0.00972414 0.997425 -0.0710482 -18.6044 -0.60962 -0.0504072 -0.791089 -6.41328 
-0.777793 0.051912 0.626372 188.091 0.0106201 0.997526 -0.0694848 -18.7105 -0.62843 -0.0473927 -0.776421 -7.33498 
-0.761569 0.0545673 0.645783 188.874 0.0118264 0.997453 -0.070336 -18.8097 -0.647976 -0.0459284 -0.760275 -8.25256 
-0.745338 0.0572046 0.664227 189.672 0.0122732 0.99732 -0.0721193 -18.9101 -0.666573 -0.0456011 -0.744043 -9.116 
-0.728143 0.0579503 0.682971 190.486 0.0117382 0.997328 -0.0721091 -19.0071 -0.685325 -0.0444889 -0.726877 -9.95866 
-0.709831 0.0578467 0.701992 191.336 0.0109833 0.99741 -0.0710844 -19.1119 -0.704286 -0.0427478 -0.708628 -10.786 
-0.690471 0.057394 0.721079 192.187 0.00961944 0.997488 -0.0701835 -19.2133 -0.723296 -0.0415233 -0.689289 -11.5796 
-0.670027 0.0574751 0.740108 193.062 0.00718539 0.997454 -0.070955 -19.3108 -0.742302 -0.0422238 -0.668734 -12.3674 
-0.648984 0.0574915 0.758627 193.961 0.00485871 0.997434 -0.0714326 -19.4036 -0.760787 -0.0426726 -0.647597 -13.141 
-0.627741 0.0574049 0.776303 194.888 0.00354874 0.997478 -0.0708905 -19.5025 -0.778414 -0.041746 -0.626361 -13.8892 
-0.604834 0.057377 0.794282 195.834 0.00369875 0.997593 -0.0692472 -19.6013 -0.796343 -0.0389452 -0.60359 -14.613 
-0.580918 0.058274 0.811873 196.799 0.00219804 0.997543 -0.0700282 -19.6853 -0.813959 -0.0388961 -0.579619 -15.2959 
-0.555657 0.0612278 0.829154 197.764 0.00368033 0.997456 -0.0711895 -19.7776 -0.831404 -0.0365053 -0.554468 -15.9343 
-0.529355 0.0620086 0.846131 198.764 0.00306182 0.997458 -0.0711831 -19.8689 -0.848395 -0.0350904 -0.528199 -16.5506 
-0.50263 0.0611713 0.862334 199.772 0.00111552 0.997538 -0.0701121 -19.9563 -0.864501 -0.0342785 -0.501461 -17.1201 
-0.475592 0.0590474 0.877682 200.772 -0.000184452 0.997738 -0.0672244 -20.049 -0.879666 -0.0321333 -0.474506 -17.6308 
-0.44693 0.0595963 0.892582 201.791 0.000838142 0.997806 -0.0662023 -20.1545 -0.894569 -0.0288396 -0.445999 -18.1072 
-0.417382 0.0620429 0.906611 202.808 0.00163672 0.997716 -0.0675241 -20.2416 -0.90873 -0.0266995 -0.41653 -18.5339 
-0.388701 0.0632916 0.919187 203.644 0.0040834 0.997746 -0.0669741 -20.3168 -0.921355 -0.0222795 -0.388083 -18.8445 
-0.360244 0.0646065 0.930618 204.426 0.0058402 0.997735 -0.0670054 -20.3382 -0.93284 -0.0187032 -0.359805 -19.1315 
-0.331289 0.0631188 0.941416 205.19 0.00841016 0.997918 -0.0639475 -20.428 -0.943492 -0.0132676 -0.33113 -19.3593 
-0.298423 0.0622755 0.9524 206.279 0.00934004 0.998012 -0.0623315 -20.5061 -0.954388 -0.00970569 -0.298411 -19.6882 
-0.266804 0.0585678 0.96197 207.163 0.0106108 0.99827 -0.057835 -20.6218 -0.963692 -0.00522334 -0.266963 -19.9129 
-0.233767 0.057346 0.9706 208.182 0.0119641 0.998353 -0.0561042 -20.6969 -0.972219 -0.00150292 -0.234068 -20.1307 
-0.199755 0.0566535 0.978207 209.235 0.0124635 0.998393 -0.0552775 -20.7764 -0.979766 0.00114995 -0.20014 -20.3329 
-0.167686 0.056228 0.984235 210.099 0.0121713 0.998414 -0.0549644 -20.8273 -0.985765 0.0027627 -0.168105 -20.4499 
-0.13486 0.054676 0.989355 210.996 0.0140971 0.998481 -0.0532589 -20.9164 -0.990764 0.00676458 -0.135426 -20.5341 
-0.103363 0.0542142 0.993165 211.85 0.013597 0.998497 -0.0530902 -20.9858 -0.994551 0.00801652 -0.103945 -20.5532 
-0.0717612 0.0534297 0.99599 212.74 0.0132664 0.998527 -0.05261 -21.0456 -0.997334 0.0094378 -0.0723643 -20.5741 
-0.0398847 0.0527361 0.997812 213.772 0.0123392 0.998556 -0.0522823 -21.1019 -0.999128 0.0102269 -0.0404779 -20.5679 
-0.00825231 0.052975 0.998562 214.837 0.0108978 0.998541 -0.0528839 -21.1731 -0.999906 0.0104457 -0.00881758 -20.5381 
0.0183837 0.0522663 0.998464 215.676 0.0117619 0.998552 -0.0524876 -21.2473 -0.999762 0.0127088 0.0177423 -20.3328 
0.0462127 0.0496951 0.997695 216.512 0.0143165 0.998626 -0.0504047 -21.2925 -0.998829 0.0166128 0.0454377 -20.1934 
0.0744126 0.049596 0.995993 217.467 0.014825 0.998597 -0.0508333 -21.323 -0.997117 0.0185483 0.0735729 -20.044 
0.101803 0.0491567 0.993589 218.387 0.0168596 0.99855 -0.0511296 -21.3765 -0.994662 0.0219567 0.100827 -19.8768 
0.129733 0.0481554 0.990379 219.312 0.0202855 0.998482 -0.0512068 -21.4262 -0.991341 0.0267335 0.128559 -19.6884 
0.159429 0.0474212 0.98607 220.414 0.0226997 0.998405 -0.0516847 -21.4938 -0.986948 0.0306235 0.158098 -19.4845 
0.188618 0.046204 0.980963 221.474 0.0250149 0.998342 -0.0518325 -21.553 -0.981732 0.0343153 0.18715 -19.2443 
0.215977 0.0455044 0.975337 222.353 0.0265315 0.998271 -0.0524495 -21.5908 -0.976038 0.037205 0.214396 -18.977 
0.245747 0.0448267 0.968297 223.467 0.0297381 0.998111 -0.0537543 -21.6623 -0.968878 0.0420053 0.24395 -18.6766 
0.273961 0.0443188 0.960719 224.548 0.0302285 0.998047 -0.0546609 -21.7335 -0.961266 0.044016 0.272086 -18.3314 
0.300495 0.0414507 0.952882 225.457 0.031978 0.998056 -0.0535002 -21.8203 -0.953247 0.0465478 0.298585 -17.9785 
0.328982 0.0408435 0.943453 226.527 0.0314195 0.998038 -0.0541627 -21.9005 -0.943813 0.0474613 0.327053 -17.5861 
0.358037 0.0421372 0.932756 227.598 0.0334456 0.997761 -0.057912 -21.9634 -0.933108 0.0519312 0.355826 -17.1629 
0.386827 0.043498 0.921126 228.65 0.0350917 0.997469 -0.06184 -22.0333 -0.921484 0.0562452 0.384321 -16.7022 
0.415 0.0417344 0.908864 229.696 0.0360591 0.997408 -0.0622655 -22.1263 -0.909106 0.058613 0.412419 -16.2172 
0.442466 0.0385792 0.895955 230.739 0.0374171 0.99741 -0.0614263 -22.2181 -0.896004 0.0607031 0.439877 -15.6939 
0.468515 0.0368127 0.882688 231.772 0.0371352 0.997428 -0.0613088 -22.2945 -0.882674 0.0615028 0.465943 -15.1179 
0.492716 0.0369703 0.869404 232.799 0.0352433 0.997429 -0.0623879 -22.3896 -0.869476 0.0613802 0.490146 -14.5256 
0.514882 0.0367038 0.856475 233.822 0.0340225 0.997421 -0.0631972 -22.4728 -0.856586 0.0616785 0.512305 -13.9009 
0.535595 0.0357673 0.843717 234.835 0.033267 0.997433 -0.0634019 -22.5477 -0.843819 0.0620257 0.533031 -13.2422 
0.555027 0.0333601 0.831163 235.857 0.0335966 0.997481 -0.0624705 -22.6165 -0.831153 0.0625971 0.552508 -12.5528 
0.573463 0.0305217 0.818662 236.873 0.0349407 0.997485 -0.0616643 -22.6886 -0.818486 0.0639668 0.570955 -11.8338 
0.590881 0.0277902 0.80628 237.858 0.036153 0.99749 -0.0608755 -22.7731 -0.805948 0.0651196 0.588394 -11.103 
0.607201 0.0251678 0.794149 238.824 0.0382569 0.997413 -0.0608606 -22.873 -0.793626 0.0673363 0.604667 -10.3424 
0.623474 0.0244742 0.781461 239.735 0.0382099 0.997362 -0.0617212 -22.9511 -0.78091 0.0683411 0.620894 -9.60839 
0.639533 0.0228844 0.768423 240.662 0.0388896 0.997314 -0.0620677 -23.0389 -0.767779 0.069578 0.636925 -8.81433 
0.654998 0.0201642 0.755361 241.58 0.0387176 0.997435 -0.0601997 -23.1186 -0.754638 0.0686765 0.652537 -7.99192 
0.670256 0.0166182 0.741944 242.476 0.0400783 0.99748 -0.0585477 -23.1992 -0.741047 0.0689778 0.667901 -7.15957 
0.685089 0.0151175 0.728303 243.364 0.0403119 0.997466 -0.0586246 -23.2776 -0.727343 0.0695223 0.682743 -6.29839 
0.699728 0.0148659 0.714255 244.23 0.041051 0.997295 -0.0609731 -23.36 -0.713229 0.0719855 0.697225 -5.4253 
0.713282 0.014189 0.700733 245.088 0.0411663 0.997221 -0.0620962 -23.4432 -0.699667 0.0731387 0.710716 -4.5429 
0.725763 0.0134562 0.687813 245.949 0.0408432 0.997202 -0.0626059 -23.5182 -0.686731 0.0735295 0.723183 -3.57481 
0.737738 0.0096968 0.675018 246.773 0.0421969 0.997279 -0.060444 -23.6073 -0.673767 0.0730754 0.735321 -2.64462 
0.749336 0.0070149 0.662153 247.604 0.0438388 0.997225 -0.0601758 -23.692 -0.660737 0.0741198 0.746949 -1.68483 
0.760087 0.00641096 0.649789 248.419 0.0438334 0.997168 -0.0611123 -23.7758 -0.648341 0.0749331 0.757654 -0.673067 
0.769846 0.00345294 0.63822 249.207 0.048113 0.996826 -0.0634291 -23.8624 -0.636413 0.0795373 0.767236 0.292598 
0.77924 0.00106741 0.626724 249.992 0.049394 0.996783 -0.0631121 -23.9386 -0.624775 0.0801359 0.776681 1.29011 
0.787746 -0.00230141 0.615995 250.774 0.0522732 0.996636 -0.0631245 -24.025 -0.613778 0.0819261 0.785216 2.32039 
0.795439 -0.00388868 0.606021 251.548 0.0535044 0.996525 -0.0638334 -24.1116 -0.603667 0.0832004 0.792883 3.35185 
0.801811 -0.00572697 0.59755 252.315 0.054527 0.996484 -0.0636158 -24.2002 -0.595085 0.0835904 0.799304 4.39141 
0.80622 -0.00734297 0.591571 253.086 0.0548725 0.996541 -0.0624132 -24.2864 -0.589066 0.0827797 0.803834 5.4834 
0.809579 -0.00883579 0.586944 253.841 0.0553327 0.996583 -0.0613188 -24.3763 -0.584397 0.0821196 0.807302 6.54684 
0.812763 -0.0100925 0.582507 254.614 0.0562427 0.996539 -0.0612089 -24.4684 -0.579873 0.08251 0.810518 7.62087 
0.815604 -0.0106441 0.578512 255.366 0.0562142 0.996559 -0.0609169 -24.5608 -0.575873 0.0822046 0.813396 8.70822 
0.818187 -0.0124063 0.574818 256.121 0.0566075 0.996648 -0.0590638 -24.6473 -0.572159 0.0808642 0.816147 9.79419 
0.82049 -0.0146117 0.571474 256.868 0.058424 0.996582 -0.0584009 -24.7457 -0.568668 0.0813051 0.818539 10.8934 
0.82325 -0.0154665 0.567469 257.638 0.0593616 0.996494 -0.0589587 -24.8396 -0.564567 0.0822236 0.821281 12.0278 
0.826307 -0.0165279 0.562977 258.452 0.0598292 0.996489 -0.0585594 -24.9421 -0.560033 0.0820705 0.824395 13.1642 
0.828948 -0.0163215 0.559088 259.218 0.0591109 0.996533 -0.0585508 -25.0396 -0.556194 0.0815837 0.827038 14.2943 
0.831599 -0.0161211 0.555142 259.981 0.0583565 0.996582 -0.0584775 -25.1337 -0.552302 0.0810259 0.829697 15.3908 
0.833722 -0.0155433 0.551965 260.697 0.0571475 0.996665 -0.0582534 -25.2404 -0.549219 0.0801106 0.83183 16.5213 
0.834965 -0.0144105 0.550115 261.427 0.0557855 0.996724 -0.0585619 -25.3402 -0.547469 0.0795856 0.833033 17.7348 
