1 2.12261e-08 -2.11895e-08 0 2.12261e-08 1 2.10703e-08 0 -2.11895e-08 2.10703e-08 1 0 
1 -0.00017079 -0.000218814 -0.0222351 0.000171167 0.999999 0.00152863 -0.0114505 0.00021851 -0.00152863 0.999999 1.3283 
0.999998 -0.00184856 -0.00024314 -0.0528784 0.00184897 0.999997 0.00154617 -0.0111501 0.000240238 -0.00154657 0.999999 2.65809 
0.999995 -0.00296088 0.000589755 -0.102616 0.00296065 0.999996 0.000467696 -0.0237414 -0.00059118 -0.000465906 1 3.98124 
0.999991 -0.00398426 0.00140553 -0.153421 0.00398451 0.999992 -0.00014689 -0.000123886 -0.00140498 0.000152531 0.999999 5.30531 
0.999987 -0.00484157 0.00168711 -0.180562 0.00484058 0.999988 0.000619701 -0.00899098 -0.00169014 -0.000611484 0.999998 6.67471 
0.999976 -0.00642301 0.00255319 -0.210615 0.00641885 0.999978 0.00165046 -0.0165344 -0.00256378 -0.00163399 0.999995 7.9892 
0.999977 -0.00618168 0.00280481 -0.271866 0.00617723 0.99998 0.00160714 -0.00650267 -0.00281473 -0.00158974 0.999995 9.3832 
0.999982 -0.0054913 0.00260784 -0.292201 0.00549106 0.999985 0.00011556 -0.0358806 -0.00260847 -0.000101196 0.999997 10.7429 
0.999989 -0.00338742 0.00324466 -0.328981 0.00339346 0.999993 -0.00184605 -0.0608177 -0.00323842 0.00185708 0.999993 12.066 
0.999991 -2.64165e-06 0.00422354 -0.364954 1.39397e-05 0.999996 -0.0026649 -0.0828426 -0.00422356 0.00266498 0.999988 13.4151 
0.999985 0.0020921 0.00498014 -0.399272 -0.00207809 0.999994 -0.00280704 -0.102311 -0.00498602 0.00279669 0.999984 14.7834 
0.99998 0.00320508 0.00543864 -0.421059 -0.00319276 0.999992 -0.00226346 -0.117598 -0.00544589 0.00224609 0.999983 16.1443 
0.999982 0.000625016 0.0060186 -0.440865 -0.000627996 1 0.000500469 -0.133442 -0.00601833 -0.000504198 0.999982 17.5139 
0.999973 -0.0042029 0.00599047 -0.441042 0.00418782 0.999988 0.00253381 -0.154047 -0.00600109 -0.00250861 0.999979 18.8935 
0.999957 -0.00737961 0.00564202 -0.455017 0.00737629 0.999973 0.000616569 -0.175744 -0.00564646 -0.000574883 0.999984 20.2636 
0.999945 -0.00884571 0.00570835 -0.470927 0.00885253 0.99996 -0.00116232 -0.197803 -0.00569788 0.00121283 0.999983 21.6336 
0.99996 -0.00679269 0.00590027 -0.473569 0.00680759 0.999974 -0.00250106 -0.223063 -0.00588317 0.00254117 0.99998 23.0286 
0.999971 -0.00375525 0.00669007 -0.495981 0.00376011 0.999993 -0.000707002 -0.241285 -0.0066874 0.000732179 0.999977 24.4068 
0.999969 -0.00349803 0.00702044 -0.517871 0.00347813 0.99999 0.00285149 -0.261018 -0.00703039 -0.00282694 0.999971 25.7704 
0.999949 -0.00637221 0.00778253 -0.554669 0.00633306 0.999967 0.00504988 -0.280931 -0.0078145 -0.00500029 0.999957 27.0977 
0.999923 -0.0097847 0.00761862 -0.57287 0.00976061 0.999947 0.00319874 -0.29047 -0.00764955 -0.00312409 0.999966 28.4526 
0.999925 -0.00957612 0.00763792 -0.590291 0.00957035 0.999954 0.000797361 -0.306022 -0.00764524 -0.000724162 0.999971 29.8376 
0.999914 -0.0100279 0.00850764 -0.607393 0.0100421 0.999948 -0.00162676 -0.326373 -0.00849093 0.0017121 0.999963 31.2232 
0.999935 -0.00710949 0.0089738 -0.626754 0.00713312 0.999971 -0.00259916 -0.339943 -0.0089551 0.00266304 0.999956 32.6022 
0.999933 -0.00678146 0.00933891 -0.646765 0.00682338 0.999967 -0.00445976 -0.364298 -0.0093084 0.00452323 0.999946 34.0012 
0.999937 -0.00649061 0.009156 -0.652572 0.00652929 0.99997 -0.00419587 -0.366703 -0.00912853 0.00425543 0.999949 35.4 
0.999935 -0.00679146 0.00914277 -0.670904 0.00681971 0.999972 -0.00305671 -0.37897 -0.0091218 0.00311891 0.999954 36.7955 
0.99994 -0.00633034 0.0089056 -0.68742 0.00634946 0.999978 -0.00211562 -0.378934 -0.00889205 0.00217208 0.999958 38.2116 
0.999951 -0.00378136 0.0091318 -0.709045 0.00380369 0.99999 -0.00242526 -0.384037 -0.00912257 0.00245992 0.999955 39.6103 
0.999954 -0.0017934 0.00944815 -0.722721 0.00182318 0.999993 -0.00314027 -0.387707 -0.0094425 0.00315739 0.99995 41.0397 
0.999955 -0.000162693 0.00953716 -0.744391 0.000192332 0.999995 -0.00310242 -0.388585 -0.00953665 0.00310415 0.99995 42.4536 
0.999959 0.000128839 0.00903435 -0.756459 -9.75012e-05 0.999994 -0.0034644 -0.386924 -0.00903478 0.00346342 0.999953 43.8739 
0.999961 -0.000454762 0.00881179 -0.772108 0.000490054 0.999992 -0.00399847 -0.390656 -0.00880995 0.00400268 0.999953 45.2507 
0.999966 -0.00122746 0.00813611 -0.78714 0.00126464 0.999989 -0.00456075 -0.408397 -0.00813046 0.00457092 0.999957 46.6882 
0.99997 -0.00262568 0.00732554 -0.805524 0.00266024 0.999985 -0.00470488 -0.417257 -0.00731312 0.00472427 0.999962 48.0868 
0.999978 -0.00222698 0.00619535 -0.82517 0.00225013 0.999991 -0.00372623 -0.43599 -0.00618704 0.00374014 0.999974 49.4856 
0.999984 -0.00153102 0.00547333 -0.862492 0.00155575 0.999989 -0.00450989 -0.450008 -0.0054664 0.00451837 0.999975 50.88 
0.999991 -0.000727544 0.00430644 -0.887101 0.000746851 0.99999 -0.00447361 -0.465115 -0.00430318 0.00447682 0.999981 52.3142 
0.999993 -0.000995167 0.00354165 -0.923038 0.00100845 0.999993 -0.00373831 -0.487027 -0.00353794 0.0037419 0.999987 53.733 
0.999992 -0.00236776 0.00312554 -0.953444 0.00237702 0.999993 -0.00294731 -0.510366 -0.00311858 0.00295476 0.999991 55.1638 
0.999982 -0.00517202 0.00303654 -1.02284 0.00518231 0.999981 -0.00337724 -0.497584 -0.00301905 0.00339296 0.99999 56.6525 
0.999967 -0.00762648 0.00270201 -1.05482 0.00763689 0.999963 -0.00384739 -0.526383 -0.00267261 0.00386795 0.999989 58.0847 
0.999955 -0.00915586 0.00246732 -1.0836 0.0091644 0.999952 -0.00345581 -0.552838 -0.00243561 0.00347831 0.999991 59.5385 
0.999922 -0.012099 0.00299103 -1.14183 0.0121079 0.999922 -0.0029611 -0.549878 -0.00295501 0.00299712 0.999991 60.9855 
0.999901 -0.0136555 0.00336879 -1.16591 0.0136651 0.999903 -0.00282886 -0.545789 -0.00332987 0.00287466 0.99999 62.4622 
0.999876 -0.0152446 0.00389515 -1.19027 0.0152575 0.999878 -0.00329618 -0.573758 -0.00384447 0.00335524 0.999987 63.9275 
0.999853 -0.0165931 0.00438155 -1.21548 0.0166108 0.999854 -0.00401853 -0.605691 -0.00431428 0.00409076 0.999982 65.3543 
0.999857 -0.0160703 0.00535489 -1.25175 0.0160947 0.99986 -0.00454566 -0.63059 -0.00528114 0.00463123 0.999975 66.7971 
0.999836 -0.0167123 0.0069734 -1.3261 0.0167487 0.999846 -0.00520211 -0.609373 -0.00688543 0.00531809 0.999962 68.2337 
0.999862 -0.0146261 0.00793131 -1.39105 0.0146653 0.99988 -0.00490117 -0.578907 -0.00785872 0.00501685 0.999957 69.7247 
0.999892 -0.0118207 0.00879424 -1.42068 0.0118608 0.99992 -0.00451441 -0.56449 -0.00874021 0.00461827 0.999951 71.172 
0.999914 -0.00815987 0.0102305 -1.48307 0.00821213 0.999953 -0.00507318 -0.537196 -0.0101887 0.00515681 0.999935 72.5755 
0.999926 -0.0049274 0.0111647 -1.53083 0.00499516 0.999969 -0.0060453 -0.52894 -0.0111346 0.00610066 0.999919 73.9766 
0.999916 -0.00290042 0.012613 -1.60426 0.00299201 0.999969 -0.00724571 -0.516483 -0.0125916 0.00728289 0.999894 75.3967 
0.9999 -0.00156223 0.0140511 -1.65724 0.00167345 0.999967 -0.00790395 -0.51734 -0.0140383 0.00792672 0.99987 76.8211 
0.999889 -0.0020235 0.0147318 -1.70354 0.00214611 0.999963 -0.0083089 -0.507401 -0.0147144 0.00833964 0.999857 78.2624 
0.999883 -0.00383239 0.0148072 -1.72921 0.00396179 0.999954 -0.00871653 -0.531245 -0.0147732 0.00877422 0.999852 79.6666 
0.999872 -0.00580384 0.0149405 -1.76674 0.00594802 0.999936 -0.00962081 -0.556167 -0.0148838 0.00970848 0.999842 81.0814 
0.999859 -0.00733223 0.0151149 -1.81534 0.00748995 0.999918 -0.0104019 -0.545645 -0.0150374 0.0105137 0.999832 82.5031 
0.999849 -0.00790849 0.0155037 -1.87612 0.00808133 0.999906 -0.0111151 -0.536326 -0.0154144 0.0112387 0.999818 83.9492 
0.999837 -0.00984175 0.0151419 -1.90884 0.0100207 0.99988 -0.0117884 -0.538998 -0.0150241 0.0119383 0.999816 85.3524 
0.999833 -0.0106604 0.0148239 -1.9538 0.0108439 0.999865 -0.0123486 -0.531311 -0.0146903 0.0125073 0.999814 86.7958 
0.999837 -0.0116325 0.0137881 -1.96665 0.0117969 0.99986 -0.011901 -0.558849 -0.0136478 0.0120617 0.999834 88.2186 
0.999807 -0.0148499 0.0128271 -1.97844 0.0149921 0.999826 -0.0110587 -0.579339 -0.0126607 0.0112489 0.999857 89.5747 
0.999771 -0.0181325 0.0113973 -1.98726 0.0182574 0.999773 -0.0109485 -0.591802 -0.0111963 0.0111542 0.999875 90.9591 
0.999729 -0.0206379 0.0107842 -1.99836 0.0207595 0.999721 -0.0112909 -0.608071 -0.0105482 0.0115117 0.999878 92.3318 
0.999678 -0.0231487 0.0103864 -2.01555 0.023269 0.999662 -0.0116164 -0.634522 -0.010114 0.0118544 0.999879 93.7085 
0.999652 -0.0243118 0.010251 -2.02712 0.0244369 0.999626 -0.0122543 -0.661053 -0.00994924 0.0125006 0.999872 95.0553 
0.999654 -0.0243658 0.00991397 -2.04195 0.0244944 0.999615 -0.0130543 -0.683431 -0.00959212 0.0132927 0.999866 96.3936 
0.999631 -0.0251733 0.0102104 -2.07713 0.0253097 0.999589 -0.0134566 -0.719717 -0.0098675 0.0137101 0.999857 97.7361 
0.999643 -0.0245572 0.0105139 -2.09856 0.0247051 0.999594 -0.014165 -0.759572 -0.0101619 0.0144197 0.999844 99.0982 
0.999645 -0.0240533 0.0114407 -2.14028 0.0242116 0.99961 -0.013905 -0.78635 -0.0111018 0.0141771 0.999838 100.435 
0.999647 -0.0239348 0.0115649 -2.15591 0.0240801 0.999631 -0.0125876 -0.81742 -0.0112594 0.0128617 0.999854 101.804 
0.999673 -0.0225968 0.0119526 -2.18869 0.0227427 0.999667 -0.0122074 -0.823618 -0.0116728 0.0124753 0.999854 103.166 
0.999626 -0.0243257 0.0124583 -2.21466 0.0244931 0.999609 -0.0134634 -0.853755 -0.012126 0.0137636 0.999832 104.491 
0.999621 -0.0242554 0.0130333 -2.24074 0.0244595 0.999577 -0.0157309 -0.895062 -0.0126463 0.0160437 0.999791 105.837 
0.999583 -0.025726 0.0130802 -2.26475 0.0259459 0.99952 -0.0169311 -0.92491 -0.0126384 0.0172635 0.999771 107.19 
0.999505 -0.02842 0.0134784 -2.29523 0.028637 0.999459 -0.0161828 -0.944249 -0.0130112 0.0165608 0.999778 108.549 
0.99941 -0.0310951 0.0145747 -2.3242 0.0313138 0.999397 -0.0150269 -0.941178 -0.0140987 0.0154745 0.999781 109.87 
0.999321 -0.0334032 0.0155736 -2.33972 0.0336316 0.999327 -0.0146421 -0.96351 -0.015074 0.015156 0.999772 111.214 
0.999275 -0.0342732 0.0165509 -2.35603 0.0345409 0.999273 -0.0161638 -0.999113 -0.0159849 0.0167238 0.999732 112.552 
0.999312 -0.0328477 0.0172382 -2.36488 0.0331605 0.999285 -0.0181862 -1.04886 -0.0166285 0.0187454 0.999686 113.912 
0.999362 -0.0304631 0.0186726 -2.36641 0.0308421 0.999317 -0.0203531 -1.09812 -0.0180399 0.0209161 0.999619 115.242 
0.999427 -0.0272151 0.0201396 -2.37579 0.0276282 0.999408 -0.0205264 -1.14332 -0.019569 0.0210711 0.999586 116.585 
0.999423 -0.0260052 0.0218322 -2.39342 0.0264206 0.999471 -0.0189582 -1.18382 -0.0213277 0.0195241 0.999582 117.987 
0.999388 -0.0263994 0.0229489 -2.409 0.0267968 0.999493 -0.0171824 -1.21733 -0.0224837 0.0177869 0.999589 119.407 
0.999358 -0.026836 0.0237493 -2.40018 0.027234 0.999491 -0.0165951 -1.2738 -0.0232919 0.0172313 0.99958 120.738 
0.999345 -0.0265144 0.0246362 -2.38488 0.0269452 0.999487 -0.017319 -1.31165 -0.0241644 0.0179716 0.999546 122.114 
0.999365 -0.0243779 0.0259876 -2.38096 0.0248485 0.99953 -0.0179427 -1.35938 -0.025538 0.0185771 0.999501 123.477 
0.999379 -0.0225231 0.027094 -2.3692 0.0230269 0.999565 -0.0184251 -1.40436 -0.0266673 0.0190376 0.999463 124.825 
0.999366 -0.0214358 0.0284153 -2.36439 0.0219969 0.999566 -0.0195835 -1.45536 -0.0279832 0.0201962 0.999404 126.175 
0.999373 -0.0198117 0.0293497 -2.34868 0.0204145 0.999584 -0.0203838 -1.50462 -0.0289336 0.0209702 0.999361 127.499 
0.99932 -0.0207255 0.0305128 -2.34155 0.0213641 0.999556 -0.0207539 -1.5513 -0.0300692 0.0213917 0.999319 128.878 
0.999276 -0.0210814 0.0316799 -2.33532 0.0217191 0.999566 -0.0199224 -1.59196 -0.0312462 0.0205961 0.9993 130.261 
0.999215 -0.0228074 0.0323938 -2.31687 0.0234244 0.999549 -0.0187955 -1.64217 -0.0319506 0.0195396 0.999298 131.622 
0.99919 -0.0236846 0.0325232 -2.30046 0.0243091 0.999525 -0.0189384 -1.68586 -0.0320592 0.0197137 0.999292 132.991 
0.999144 -0.0260309 0.032155 -2.27308 0.0266456 0.999468 -0.0188358 -1.73419 -0.0316476 0.0196765 0.999305 134.344 
0.999115 -0.0272459 0.0320337 -2.26149 0.0278567 0.999436 -0.018777 -1.77055 -0.0315041 0.0196528 0.99931 135.673 
0.999098 -0.0288723 0.0311331 -2.23132 0.0294761 0.999383 -0.0191126 -1.8226 -0.0305621 0.020013 0.999333 137.026 
0.999095 -0.0303097 0.0298486 -2.21576 0.0308938 0.999336 -0.0193057 -1.87271 -0.0292436 0.0202104 0.999368 138.389 
0.99907 -0.0318836 0.0290206 -2.2211 0.0324349 0.999298 -0.0187273 -1.91175 -0.0284032 0.0196512 0.999403 139.721 
0.999039 -0.0337653 0.0279424 -2.21668 0.0342974 0.999235 -0.0187864 -1.95014 -0.0272868 0.0197267 0.999433 141.084 
0.99907 -0.033767 0.0268087 -2.21394 0.0342884 0.999227 -0.0192316 -1.98544 -0.0261386 0.020133 0.999456 142.415 
0.999078 -0.0343533 0.0257525 -2.21002 0.0348684 0.999195 -0.0198259 -2.03398 -0.0250507 0.0207056 0.999472 143.752 
0.999088 -0.0347551 0.0247888 -2.21039 0.0352632 0.999171 -0.02036 -2.07227 -0.0240607 0.0212156 0.999485 145.092 
0.999041 -0.0367529 0.023795 -2.18993 0.0373069 0.999033 -0.0232692 -2.11499 -0.0229168 0.0241347 0.999446 146.462 
0.998847 -0.0421386 0.0229943 -2.19669 0.0426755 0.998815 -0.0233822 -2.16908 -0.0219818 0.0243366 0.999462 147.787 
0.998496 -0.0501302 0.022183 -2.20053 0.0506013 0.998494 -0.0212106 -2.20727 -0.0210863 0.0223012 0.999529 149.064 
0.998192 -0.0564103 0.0207353 -2.195 0.0568228 0.998187 -0.0198689 -2.25293 -0.0195769 0.0210113 0.999588 150.347 
0.998026 -0.0595134 0.0200636 -2.19028 0.0599812 0.997921 -0.0235836 -2.29568 -0.0186184 0.0247405 0.999521 151.659 
0.998051 -0.0588519 0.0207346 -2.19448 0.059392 0.997884 -0.0264684 -2.35468 -0.019133 0.0276484 0.999435 152.994 
0.998174 -0.0564622 0.0214839 -2.19463 0.0570556 0.997976 -0.0280889 -2.42176 -0.0198545 0.0292634 0.999375 154.339 
0.998118 -0.057019 0.0225849 -2.20672 0.0576407 0.997947 -0.0279031 -2.4828 -0.0209476 0.0291524 0.999356 155.647 
0.997909 -0.0602393 0.0234243 -2.20717 0.0608066 0.997853 -0.0243117 -2.53923 -0.0219095 0.0256853 0.99943 156.958 
0.997518 -0.0662627 0.0238182 -2.19578 0.0667612 0.997553 -0.0207786 -2.60325 -0.0223831 0.0223172 0.9995 158.304 
0.99724 -0.0702813 0.0239211 -2.18576 0.0707563 0.997301 -0.0196222 -2.64787 -0.0224775 0.0212606 0.999521 159.637 
0.997092 -0.0719912 0.0249836 -2.21551 0.0724844 0.99718 -0.0194266 -2.69983 -0.0235147 0.0211811 0.999499 160.921 
0.997188 -0.0701907 0.0262477 -2.22362 0.0706927 0.997323 -0.0187106 -2.74828 -0.0248642 0.0205135 0.99948 162.242 
0.997396 -0.0663713 0.0281986 -2.25552 0.0669349 0.997566 -0.0195353 -2.7974 -0.0268334 0.021372 0.999411 163.549 
0.997583 -0.0626661 0.030005 -2.28328 0.0633326 0.997754 -0.021801 -2.83956 -0.0285714 0.0236486 0.999312 164.884 
0.997695 -0.0603343 0.0310479 -2.28713 0.0610431 0.997884 -0.0224064 -2.87709 -0.0296304 0.0242501 0.999267 166.215 
0.997794 -0.0581175 0.0320824 -2.31002 0.0588204 0.998039 -0.0214156 -2.93935 -0.0307749 0.0232555 0.999256 167.562 
0.997846 -0.0568336 0.0327501 -2.37181 0.0575654 0.998103 -0.0218497 -2.99617 -0.0314462 0.023688 0.999225 169.017 
0.997929 -0.0558417 0.0319264 -2.35107 0.0566169 0.99811 -0.0239134 -3.04298 -0.0305307 0.0256715 0.999204 170.419 
0.998094 -0.052524 0.0323912 -2.42834 0.053396 0.998217 -0.0266701 -3.10162 -0.0309327 0.0283489 0.999119 171.887 
0.998362 -0.046927 0.0327302 -2.43813 0.0478512 0.998461 -0.0280502 -3.17401 -0.0313636 0.0295705 0.999071 173.256 
0.99855 -0.0422866 0.0333107 -2.44774 0.0431963 0.9987 -0.0270775 -3.2334 -0.0321224 0.0284772 0.999078 174.664 
0.998628 -0.0401074 0.0336697 -2.4623 0.0409592 0.998848 -0.025 -3.30377 -0.0326283 0.0263448 0.99912 176.138 
0.998646 -0.0388304 0.0346188 -2.545 0.039639 0.99895 -0.0229837 -3.3771 -0.03369 0.0243248 0.999136 177.653 
0.998521 -0.0424375 0.0339785 -2.55169 0.0432092 0.998817 -0.0223079 -3.42144 -0.0329916 0.0237431 0.999174 179.117 
0.998468 -0.044307 0.0331535 -2.58647 0.0450643 0.998732 -0.0224516 -3.47301 -0.0321167 0.0239112 0.999198 180.518 
0.998486 -0.0443047 0.0325966 -2.67793 0.0451979 0.998608 -0.0271935 -3.5365 -0.0313465 0.0286257 0.999099 182.009 
0.998616 -0.0423539 0.0311852 -2.6677 0.0433463 0.998552 -0.0318645 -3.58916 -0.0297905 0.0331722 0.999006 183.44 
0.998801 -0.0374738 0.0315051 -2.75103 0.038504 0.998722 -0.0327517 -3.6698 -0.0302375 0.0339256 0.998967 184.954 
0.998901 -0.0343091 0.0319238 -2.77509 0.0353341 0.998859 -0.0321158 -3.72253 -0.0307855 0.0332085 0.998974 186.373 
0.99895 -0.0327023 0.0320783 -2.77103 0.0336283 0.99902 -0.0287632 -3.78078 -0.0311063 0.0298117 0.999071 187.807 
0.998913 -0.0312201 0.03462 -2.98326 0.0321492 0.999129 -0.0266125 -3.89607 -0.0337591 0.0276967 0.999046 189.435 
0.998888 -0.0321697 0.0344759 -2.94908 0.033073 0.999116 -0.0259562 -3.94593 -0.0336105 0.0270676 0.999068 190.869 
0.998815 -0.0342876 0.0345293 -2.92853 0.035178 0.999055 -0.025517 -3.99749 -0.0336218 0.0267015 0.999078 192.274 
0.99871 -0.0369461 0.0348303 -2.91217 0.0378282 0.998971 -0.0250149 -4.05499 -0.0338703 0.0263002 0.99908 193.668 
0.998553 -0.0399929 0.0359437 -2.94537 0.0408969 0.998856 -0.0247767 -4.11126 -0.0349118 0.0262108 0.999047 195.019 
0.998405 -0.0434387 0.0360725 -2.91621 0.0443199 0.998729 -0.0239982 -4.1619 -0.0349842 0.0255586 0.999061 196.456 
0.998177 -0.0479192 0.0366846 -2.89666 0.0487651 0.998556 -0.0225198 -4.21759 -0.0355525 0.0242677 0.999073 197.886 
0.998004 -0.0509638 0.0372931 -2.87866 0.0518213 0.998405 -0.0223969 -4.2766 -0.0360922 0.0242848 0.999053 199.302 
0.998091 -0.0488782 0.0377606 -2.85501 0.0499111 0.998391 -0.026912 -4.3295 -0.0363844 0.0287454 0.998924 200.712 
0.998348 -0.0426231 0.0385392 -2.84579 0.0438624 0.998528 -0.0319023 -4.38744 -0.0371227 0.03354 0.998748 202.103 
0.998649 -0.0330904 0.0400544 -2.83338 0.0343787 0.998899 -0.0319136 -4.46104 -0.0389543 0.0332475 0.998688 203.467 
0.998835 -0.026081 0.0406002 -2.81045 0.0272383 0.999231 -0.0282169 -4.5268 -0.0398331 0.0292899 0.998777 204.935 
0.998821 -0.0251972 0.0414932 -2.78718 0.0262921 0.999315 -0.0260558 -4.58893 -0.0408082 0.0271161 0.998799 206.406 
0.998791 -0.0272899 0.040885 -2.74575 0.0283541 0.999268 -0.0256787 -4.64478 -0.0401543 0.0268069 0.998834 207.87 
0.99875 -0.0303814 0.0396946 -2.71261 0.0314165 0.999175 -0.0257189 -4.70053 -0.0388805 0.0269339 0.998881 209.306 
0.998721 -0.0321402 0.0390239 -2.68857 0.033189 0.999097 -0.0265312 -4.75675 -0.038136 0.0277925 0.998886 210.744 
0.998741 -0.0320211 0.0386153 -2.66901 0.0330717 0.999091 -0.0268809 -4.82073 -0.0377195 0.0281242 0.998893 212.183 
0.998775 -0.0306121 0.038882 -2.65344 0.0316673 0.999139 -0.0268169 -4.87954 -0.0380276 0.0280154 0.998884 213.628 
0.99881 -0.029626 0.0387519 -2.62879 0.0306445 0.999193 -0.0259563 -4.94302 -0.0379517 0.027113 0.998912 215.077 
0.998782 -0.0307117 0.0386168 -2.60801 0.031743 0.999148 -0.0263822 -5.00162 -0.0377737 0.0275759 0.998906 216.553 
0.998767 -0.0310906 0.038693 -2.59205 0.0321596 0.999109 -0.0273185 -5.06346 -0.0378093 0.0285292 0.998878 218.038 
0.998733 -0.0322103 0.0386574 -2.574 0.0332934 0.999062 -0.0277063 -5.11529 -0.0377288 0.0289583 0.998868 219.484 
0.998738 -0.0324448 0.0383392 -2.54932 0.0335243 0.99905 -0.0278567 -5.16974 -0.037399 0.0291069 0.998876 220.984 
0.998738 -0.0326523 0.0381707 -2.52569 0.033749 0.999025 -0.0284485 -5.21589 -0.0372046 0.0297009 0.998866 222.495 
0.998733 -0.0330216 0.0379856 -2.49638 0.0341152 0.999011 -0.0285113 -5.28141 -0.0370066 0.0297711 0.998872 223.983 
0.998784 -0.031797 0.0376822 -2.47432 0.0329047 0.999033 -0.0291464 -5.3428 -0.0367191 0.0303509 0.998865 225.475 
0.998766 -0.0325283 0.0375175 -2.4498 0.0336346 0.999006 -0.0292426 -5.40524 -0.036529 0.0304685 0.998868 226.985 
0.998792 -0.0317877 0.0374632 -2.42776 0.0328946 0.999029 -0.0293094 -5.46866 -0.0364952 0.0305064 0.998868 228.489 
0.998764 -0.0323233 0.0377545 -2.40679 0.0334394 0.999011 -0.0293124 -5.53223 -0.0367697 0.0305387 0.998857 229.973 
0.99869 -0.0345603 0.0377479 -2.37707 0.0356776 0.998933 -0.0293358 -5.60141 -0.0366938 0.0306442 0.998857 231.465 
0.99866 -0.035592 0.0375794 -2.33409 0.0367017 0.998898 -0.0292626 -5.66369 -0.0364965 0.0306027 0.998865 232.968 
0.99863 -0.0365702 0.037421 -2.28983 0.0376521 0.998881 -0.0286237 -5.72787 -0.0363324 0.0299935 0.99889 234.5 
0.9986 -0.037519 0.0372952 -2.26371 0.038589 0.998852 -0.0283939 -5.7947 -0.0361871 0.0297934 0.998901 236.008 
0.998602 -0.0375741 0.0371778 -2.22449 0.0386611 0.998833 -0.0289623 -5.85222 -0.0360462 0.0303592 0.998889 237.544 
0.998618 -0.0373109 0.0370276 -2.18086 0.0384171 0.998823 -0.0296277 -5.92107 -0.0358786 0.0310093 0.998875 239.083 
0.998638 -0.0362698 0.0375106 -2.14983 0.0373846 0.998867 -0.0294579 -5.97207 -0.0363997 0.0308201 0.998862 240.604 
0.998631 -0.0357399 0.0381895 -2.12709 0.0368144 0.998935 -0.0278124 -6.03315 -0.0371549 0.0291803 0.998883 242.155 
0.998613 -0.035592 0.0387897 -2.09375 0.036674 0.998948 -0.0275471 -6.0952 -0.0377684 0.0289315 0.998868 243.676 
0.998601 -0.0354689 0.0392137 -2.05897 0.0366128 0.998913 -0.0288463 -6.1736 -0.038148 0.0302417 0.998814 245.183 
0.998596 -0.0353399 0.0394705 -2.02054 0.0365429 0.998876 -0.0301831 -6.24461 -0.0383595 0.0315831 0.998765 246.7 
0.998618 -0.0343032 0.0398157 -1.99447 0.0355127 0.998917 -0.0300778 -6.31293 -0.0387408 0.0314502 0.998754 248.238 
0.998614 -0.034813 0.03947 -1.95967 0.0359698 0.998932 -0.0289865 -6.3867 -0.0384188 0.0303661 0.9988 249.777 
0.998646 -0.0343072 0.0391096 -1.92512 0.0354529 0.998951 -0.0289844 -6.44672 -0.0380742 0.0303318 0.998815 251.303 
0.9987 -0.0336456 0.0382933 -1.87278 0.0347674 0.998974 -0.0290166 -6.52303 -0.0372778 0.0303103 0.998845 252.866 
0.998739 -0.032167 0.0385574 -1.84853 0.0332947 0.999026 -0.0289692 -6.59106 -0.037588 0.0302164 0.998836 254.409 
0.998784 -0.0303404 0.0388689 -1.81997 0.0314942 0.999071 -0.0294218 -6.65606 -0.0379401 0.0306102 0.998811 255.955 
0.998794 -0.0302673 0.0386616 -1.78413 0.0314034 0.999082 -0.0291236 -6.7294 -0.0377446 0.0303026 0.998828 257.5 
0.998748 -0.0315378 0.0388344 -1.75174 0.0326796 0.999041 -0.0291251 -6.79899 -0.0378786 0.0303578 0.998821 259.039 
0.998708 -0.0330621 0.0385898 -1.71281 0.0341828 0.999002 -0.0287493 -6.86919 -0.0376008 0.0300313 0.998842 260.595 
0.998652 -0.0350385 0.0383051 -1.66153 0.0361323 0.998948 -0.0282441 -6.93944 -0.0372752 0.0295901 0.998867 262.152 
0.998612 -0.0364061 0.0380525 -1.63035 0.0375254 0.998871 -0.0291261 -7.00618 -0.0369492 0.0305136 0.998851 263.698 
0.998565 -0.03803 0.0377013 -1.59127 0.0391774 0.998777 -0.0301763 -7.07262 -0.0365076 0.0316101 0.998833 265.226 
0.998459 -0.0404088 0.0380404 -1.56094 0.0415013 0.998735 -0.0283813 -7.14198 -0.0368454 0.0299164 0.998873 266.782 
0.998372 -0.0422051 0.0383604 -1.52269 0.0432531 0.998702 -0.0269117 -7.2045 -0.0371748 0.0285271 0.998902 268.309 
0.99833 -0.0430914 0.0384768 -1.49998 0.0441702 0.998642 -0.0276402 -7.27544 -0.0372335 0.0292936 0.998877 269.837 
0.99828 -0.0439539 0.0387879 -1.46683 0.0450841 0.998569 -0.0287606 -7.34476 -0.0374683 0.0304599 0.998834 271.383 
0.99832 -0.0420549 0.0398646 -1.45032 0.0432349 0.998638 -0.0292136 -7.41371 -0.0385818 0.0308881 0.998778 272.876 
0.998399 -0.0385212 0.0414177 -1.44085 0.0397624 0.998772 -0.0295713 -7.49412 -0.0402278 0.0311709 0.998704 274.358 
0.99841 -0.0374341 0.0421483 -1.40471 0.0387074 0.998806 -0.0298097 -7.56678 -0.0409822 0.0313938 0.998667 275.953 
0.998406 -0.0359686 0.0434869 -1.38776 0.0373049 0.998844 -0.0303166 -7.63324 -0.0423462 0.0318906 0.998594 277.512 
0.998403 -0.0348887 0.0444254 -1.3527 0.0362633 0.998876 -0.0305221 -7.70861 -0.0433106 0.0320844 0.998546 279.039 
0.998362 -0.0354233 0.0449241 -1.31479 0.0368451 0.998833 -0.0312245 -7.77626 -0.0437656 0.0328287 0.998502 280.603 
0.998297 -0.0359545 0.0459386 -1.28046 0.0374362 0.998793 -0.0318092 -7.85038 -0.0447395 0.0334748 0.998438 282.173 
0.998143 -0.0378321 0.047743 -1.3219 0.0393725 0.99872 -0.0317466 -7.90694 -0.0464809 0.0335674 0.998355 283.804 
0.998064 -0.0386315 0.0487473 -1.28695 0.0401638 0.998717 -0.0308548 -7.99 -0.0474928 0.032753 0.998334 285.328 
0.997996 -0.0401453 0.0489212 -1.24022 0.0416765 0.99866 -0.0306921 -8.06246 -0.0476235 0.0326695 0.998331 286.894 
0.997937 -0.0415496 0.0489361 -1.19076 0.0431843 0.998527 -0.0328347 -8.14344 -0.0474998 0.0348803 0.998262 288.489 
0.997819 -0.0441417 0.0490845 -1.16993 0.0458704 0.998346 -0.0346683 -8.2168 -0.047473 0.0368442 0.998193 290.076 
0.997807 -0.0452171 0.0483372 -1.12895 0.0469158 0.998299 -0.0346029 -8.28645 -0.0466904 0.0367949 0.998232 291.558 
0.997764 -0.0473691 0.0471614 -1.09 0.0490263 0.998197 -0.0346222 -8.35431 -0.0454364 0.036857 0.998287 293.093 
0.997782 -0.0477002 0.046433 -1.05937 0.0493643 0.998154 -0.0353753 -8.4255 -0.0446599 0.037589 0.998295 294.659 
0.997798 -0.047989 0.045786 -1.02241 0.0496575 0.998116 -0.0360264 -8.48891 -0.0439709 0.0382207 0.998301 296.286 
0.997822 -0.0478858 0.0453617 -1.001 0.0495275 0.998132 -0.0357843 -8.56752 -0.0435634 0.037953 0.99833 297.836 
0.99782 -0.04864 0.0446026 -0.979711 0.0502544 0.998094 -0.0358157 -8.6403 -0.0427756 0.0379792 0.998363 299.389 
0.99779 -0.0500356 0.0437277 -0.95403 0.0515698 0.998067 -0.0346903 -8.71553 -0.0419075 0.0368687 0.998441 300.98 
0.997848 -0.0487834 0.0438127 -0.965691 0.050267 0.998176 -0.033423 -8.80585 -0.0421024 0.0355535 0.998481 302.512 
0.997854 -0.0476294 0.0449254 -0.947581 0.0491676 0.998219 -0.0337767 -8.86676 -0.0432366 0.0359131 0.998419 304.149 
0.997816 -0.0467885 0.046619 -0.966157 0.0484089 0.99824 -0.0342583 -8.94198 -0.0449341 0.0364403 0.998325 305.704 
0.997754 -0.0475889 0.0471463 -0.936291 0.0492447 0.998187 -0.0346023 -9.013 -0.0454142 0.0368463 0.998289 307.291 
0.997592 -0.0490222 0.0490577 -0.9964 0.0507986 0.998073 -0.0356414 -9.08839 -0.047216 0.0380477 0.99816 308.765 
0.997389 -0.0506723 0.0514639 -1.07852 0.0526357 0.997908 -0.0375386 -9.16139 -0.0494541 0.0401494 0.997969 310.2 
0.997327 -0.0514671 0.0518732 -1.04747 0.0534747 0.997843 -0.038085 -9.25854 -0.0498012 0.0407571 0.997927 311.725 
0.997411 -0.0501076 0.0515846 -1.12096 0.0521556 0.997871 -0.0391495 -9.34016 -0.0495131 0.0417386 0.997901 313.214 
0.997568 -0.0485404 0.0500297 -1.1091 0.0505131 0.997964 -0.0389506 -9.4221 -0.0480372 0.041383 0.997988 314.812 
0.997573 -0.0475798 0.0508316 -1.14228 0.0494197 0.998144 -0.0355725 -9.51006 -0.0490448 0.0379983 0.998074 316.329 
0.997413 -0.0490919 0.0525145 -1.16547 0.0508685 0.998159 -0.0330464 -9.55677 -0.0507956 0.0356323 0.998073 317.846 
0.997298 -0.0494603 0.0543145 -1.22795 0.051308 0.998132 -0.0331653 -9.59534 -0.0525727 0.0358625 0.997973 319.446 
0.997091 -0.0501647 0.0573894 -1.35259 0.0521766 0.998055 -0.0341098 -9.69042 -0.0555668 0.037005 0.997769 321.046 
0.996922 -0.0512189 0.0593502 -1.3772 0.0533264 0.997982 -0.0344853 -9.74774 -0.0574641 0.0375442 0.997641 322.624 
0.996833 -0.050883 0.0611078 -1.38151 0.053069 0.997988 -0.034697 -9.8041 -0.0592194 0.0378301 0.997528 324.205 
0.996717 -0.0505331 0.0632594 -1.43311 0.0528328 0.997982 -0.0352222 -9.86854 -0.0613519 0.0384488 0.997375 325.911 
0.996711 -0.0489548 0.064588 -1.3967 0.0513909 0.998007 -0.036609 -9.93294 -0.0626672 0.0398079 0.99724 327.497 
0.996611 -0.0487468 0.0662641 -1.37673 0.051272 0.998001 -0.0369556 -10.0109 -0.0643301 0.0402279 0.997118 329.139 
0.996443 -0.0495952 0.0681313 -1.34648 0.052094 0.998015 -0.0354017 -10.089 -0.0662403 0.038825 0.997048 330.75 
0.996324 -0.0504619 0.0692206 -1.29833 0.0529581 0.997993 -0.0347109 -10.1712 -0.0673302 0.0382492 0.996997 332.366 
0.996168 -0.0512162 0.0708922 -1.29747 0.053878 0.997893 -0.0361569 -10.2489 -0.068891 0.0398379 0.996829 334.019 
0.996215 -0.0495758 0.0714019 -1.23068 0.0522793 0.997965 -0.0365032 -10.3177 -0.0694469 0.0400979 0.99678 335.695 
0.996276 -0.0479265 0.0716807 -1.15795 0.0507666 0.997975 -0.0383365 -10.4123 -0.0696982 0.0418327 0.996691 337.331 
0.996356 -0.0453791 0.0722198 -1.10057 0.0484445 0.997973 -0.041274 -10.5104 -0.0702005 0.0446222 0.996534 338.94 
0.996413 -0.04391 0.0723344 -1.04228 0.0469602 0.998054 -0.0410201 -10.5987 -0.0703925 0.0442698 0.996537 340.529 
0.996478 -0.0433484 0.0717801 -0.981587 0.0461369 0.998225 -0.0376553 -10.6883 -0.0700205 0.0408345 0.996709 342.19 
0.996573 -0.0427169 0.0708397 -0.894775 0.0452464 0.99838 -0.0344952 -10.7801 -0.0692515 0.0375823 0.996891 343.821 
0.996617 -0.0423345 0.0704407 -0.839717 0.0449587 0.998337 -0.0360935 -10.8546 -0.0687956 0.0391383 0.996863 345.475 
0.996716 -0.0424664 0.0689517 -0.757446 0.0451455 0.998266 -0.0377725 -10.9397 -0.0672281 0.0407613 0.996905 347.085 
0.996752 -0.0436608 0.0676761 -0.689105 0.046223 0.998254 -0.0367676 -11.0264 -0.0659527 0.0397764 0.99703 348.699 
0.996758 -0.0448071 0.0668263 -0.607175 0.0473027 0.998223 -0.0362409 -11.1161 -0.0650837 0.0392845 0.997106 350.31 
0.996768 -0.0442622 0.0670365 -0.557305 0.0468394 0.998203 -0.0373729 -11.1972 -0.0652619 0.0403921 0.99705 351.92 
0.996726 -0.0443895 0.0675729 -0.499694 0.0470656 0.998148 -0.0385385 -11.2729 -0.0657371 0.0415927 0.99697 353.586 
0.99671 -0.0445682 0.0676949 -0.413639 0.0472736 0.998124 -0.0389006 -11.3522 -0.0658342 0.0419728 0.996947 355.211 
0.996649 -0.0448171 0.0684238 -0.347809 0.0475734 0.998098 -0.0391976 -11.4334 -0.066537 0.0423215 0.996886 356.827 
0.996608 -0.0460736 0.0681916 -0.260655 0.0488788 0.998001 -0.0400552 -11.5036 -0.0662098 0.0432525 0.996868 358.484 
0.996595 -0.046555 0.0680587 -0.174143 0.0494069 0.997944 -0.0408364 -11.5926 -0.0660176 0.04406 0.996845 360.108 
0.996537 -0.0482106 0.0677552 -0.0781629 0.0510226 0.99788 -0.0404024 -11.6844 -0.0656638 0.0437196 0.996884 361.743 
0.996529 -0.048556 0.0676118 0.014305 0.051432 0.997815 -0.0414659 -11.7688 -0.0654507 0.0447994 0.99685 363.361 
0.99645 -0.0506088 0.0672846 0.0978822 0.053541 0.99766 -0.0425133 -11.8591 -0.0649757 0.0459649 0.996828 364.938 
0.996327 -0.0526718 0.0675125 0.173958 0.0555044 0.997625 -0.0407891 -11.9475 -0.0652038 0.0443866 0.996884 366.556 
0.996233 -0.0541017 0.0677684 0.243133 0.056893 0.99758 -0.0399566 -12.0394 -0.0654428 0.0436617 0.996901 368.127 
0.996199 -0.0544885 0.0679555 0.324178 0.0573449 0.99752 -0.0408132 -12.1309 -0.0655632 0.044555 0.996853 369.728 
0.996196 -0.0540683 0.0683443 0.400449 0.0569613 0.99753 -0.0411123 -12.2286 -0.0659526 0.0448489 0.996814 371.336 
0.996256 -0.0525932 0.0686182 0.481696 0.0554561 0.997639 -0.0405054 -12.3174 -0.066326 0.0441591 0.99682 372.936 
0.996258 -0.0511222 0.0696872 0.527619 0.0539931 0.997742 -0.0399538 -12.3961 -0.0674874 0.043567 0.996769 374.564 
0.996216 -0.0515601 0.0699654 0.607548 0.0544762 0.997696 -0.0404292 -12.4834 -0.0677198 0.0440877 0.99673 376.152 
0.996169 -0.0517936 0.0704583 0.682914 0.0547809 0.99765 -0.0411464 -12.5801 -0.0681617 0.0448486 0.996666 377.747 
0.996188 -0.0519739 0.0700653 0.779122 0.0549655 0.997627 -0.0414662 -12.6694 -0.0677439 0.0451593 0.99668 379.377 
0.99622 -0.0508893 0.0704042 0.875428 0.0539267 0.997664 -0.0419353 -12.7655 -0.0681057 0.0455734 0.996637 381.008 
0.996291 -0.0493491 0.0704908 0.955315 0.0523876 0.997746 -0.0419251 -12.865 -0.068263 0.0454625 0.996631 382.642 
0.996355 -0.0476576 0.0707564 1.04413 0.0506988 0.997838 -0.0418246 -12.9506 -0.0686102 0.0452594 0.996616 384.268 
0.996404 -0.0467757 0.0706495 1.13135 0.0498598 0.99785 -0.0425393 -13.0449 -0.0685078 0.0459089 0.996594 385.915 
0.99638 -0.0464084 0.0712216 1.19512 0.0495584 0.99784 -0.0431168 -13.1402 -0.0690668 0.0464904 0.996528 387.516 
0.996435 -0.044477 0.0716912 1.27804 0.0476487 0.997932 -0.0431532 -13.239 -0.0696236 0.0464154 0.996493 389.122 
0.996467 -0.0425989 0.0723755 1.33541 0.0457437 0.998055 -0.0423621 -13.3374 -0.0704301 0.0455232 0.996477 390.762 
0.996485 -0.0412589 0.072912 1.41668 0.0444115 0.998123 -0.0421585 -13.4358 -0.0710358 0.0452484 0.996447 392.356 
0.996486 -0.0402479 0.0734541 1.49968 0.0434544 0.998147 -0.0425882 -13.5341 -0.0716039 0.0456305 0.996389 393.968 
0.996495 -0.0391283 0.0739416 1.57584 0.0423518 0.998197 -0.0425415 -13.6348 -0.0721438 0.045524 0.996355 395.611 
0.996406 -0.0387703 0.0753108 1.60066 0.0420266 0.998227 -0.0421448 -13.7361 -0.0735434 0.0451584 0.996269 397.284 
0.996254 -0.0373687 0.0779829 1.53923 0.0407953 0.99825 -0.042819 -13.8936 -0.0762464 0.0458399 0.996035 399.115 
0.996189 -0.0383019 0.0783653 1.62053 0.0418482 0.998149 -0.0441229 -13.9697 -0.0765303 0.0472343 0.995948 400.767 
0.996135 -0.0389482 0.0787317 1.70591 0.0425264 0.998113 -0.0442926 -14.0646 -0.0768581 0.0474696 0.995911 402.438 
0.99606 -0.0400121 0.0791395 1.79289 0.0435167 0.998124 -0.0430655 -14.1599 -0.0772679 0.0463398 0.995933 404.087 
0.995949 -0.0417157 0.079653 1.8815 0.0451389 0.998111 -0.0416703 -14.2558 -0.0777643 0.045097 0.995951 405.746 
0.995755 -0.0451732 0.0801932 1.95117 0.0486653 0.997926 -0.0421383 -14.344 -0.0781233 0.0458621 0.995888 407.443 
0.995641 -0.0473097 0.080383 2.04721 0.0508748 0.997783 -0.0428959 -14.4367 -0.0781755 0.0467984 0.995841 409.092 
