1 2.12261e-08 -2.11895e-08 0 2.12261e-08 1 2.10703e-08 0 -2.11895e-08 2.10703e-08 1 0 
0.999997 -0.00174904 -0.0015701 -0.0110636 0.0017482 0.999998 -0.000562774 -0.0148089 0.00157104 0.000560069 0.999999 0.57334 
0.999994 -0.00227834 -0.00255012 -0.0296305 0.00227423 0.999996 -0.00162871 -0.0330742 0.00255377 0.00162294 0.999995 1.14645 
0.999989 -0.00266357 -0.00383533 -0.0675092 0.00265474 0.999994 -0.00231705 -0.0605779 0.00384143 0.00230689 0.99999 1.71334 
0.99997 -0.00499862 -0.00588163 -0.0777948 0.00497647 0.999981 -0.00378224 -0.0772256 0.00590038 0.0037529 0.999976 2.2931 
0.999949 -0.0075778 -0.0066781 -0.114666 0.00754032 0.999956 -0.00562629 -0.0946984 0.0067204 0.00557569 0.999962 2.87 
0.999928 -0.00883448 -0.00809131 -0.137202 0.00878545 0.999943 -0.00608061 -0.111667 0.00814452 0.00600913 0.999949 3.44906 
0.999915 -0.00941123 -0.00898809 -0.170012 0.00936097 0.99994 -0.00562268 -0.119221 0.00904043 0.00553811 0.999944 4.02282 
0.999904 -0.00988398 -0.00966382 -0.201849 0.00982946 0.999936 -0.00567757 -0.139269 0.00971928 0.00558208 0.999937 4.61011 
0.999901 -0.00901267 -0.0107692 -0.222119 0.00891957 0.999923 -0.00866635 -0.147083 0.0108465 0.00856948 0.999904 5.21343 
0.999903 -0.00760127 -0.011633 -0.259217 0.0074534 0.999892 -0.0127053 -0.160943 0.0117283 0.0126174 0.999852 5.82803 
0.999908 -0.00598885 -0.0121768 -0.303249 0.00578506 0.999844 -0.0167066 -0.171712 0.0122749 0.0166347 0.999786 6.44899 
0.999914 -0.00387076 -0.0125065 -0.369703 0.003659 0.99985 -0.0169145 -0.179858 0.0125701 0.0168674 0.999779 7.11417 
0.99991 -0.00167127 -0.013308 -0.409105 0.00154083 0.999951 -0.00980922 -0.197914 0.0133237 0.00978787 0.999863 7.77275 
0.999902 -0.00100024 -0.0139412 -0.437844 0.00100857 0.999999 0.000587928 -0.208745 0.0139406 -0.000601889 0.999903 8.43895 
0.999894 5.13391e-06 -0.0145383 -0.471706 9.67459e-05 0.999976 0.00700407 -0.214683 0.014538 -0.00700469 0.99987 9.12452 
0.999876 0.00237161 -0.0155469 -0.508722 -0.00227296 0.999977 0.00635674 -0.236855 0.0155616 -0.00632057 0.999859 9.80737 
0.999864 0.00445657 -0.0158783 -0.5508 -0.00447114 0.99999 -0.000884692 -0.244497 0.0158742 0.000955608 0.999874 10.5114 
0.999848 0.00384977 -0.0169867 -0.578999 -0.00397068 0.999967 -0.00709207 -0.241121 0.0169588 0.00715849 0.999831 11.2318 
0.999844 0.00169716 -0.0176024 -0.621337 -0.00179288 0.999984 -0.00542578 -0.249648 0.0175929 0.00545654 0.99983 11.9809 
0.999835 0.00106469 -0.0181254 -0.649528 -0.000992548 0.999992 0.0039866 -0.262971 0.0181294 -0.00396791 0.999828 12.7552 
0.999831 0.00023566 -0.0183979 -0.680566 -2.87693e-05 0.999937 0.0112425 -0.265449 0.0183994 -0.01124 0.999768 13.5258 
0.99982 -0.000688705 -0.0189782 -0.70751 0.000953561 0.999902 0.0139481 -0.271561 0.0189667 -0.0139636 0.999723 14.3196 
0.999815 -0.00299111 -0.0189844 -0.738388 0.00324474 0.999906 0.0133414 -0.274938 0.0189427 -0.0134004 0.999731 15.1297 
0.999819 -0.00365489 -0.0186825 -0.763401 0.00385307 0.999937 0.0105807 -0.266978 0.0186426 -0.0106507 0.99977 15.9467 
0.999835 -0.00121966 -0.018112 -0.799463 0.00134854 0.999974 0.00710299 -0.267806 0.0181028 -0.0071262 0.999811 16.7875 
0.999841 -0.00410641 -0.0173556 -0.825075 0.00413435 0.99999 0.00157162 -0.273568 0.017349 -0.00164308 0.999848 17.648 
0.999831 -0.00691074 -0.0170168 -0.847279 0.00683429 0.999966 -0.00454917 -0.283601 0.0170476 0.00443215 0.999845 18.5168 
0.999853 -0.00604568 -0.0160773 -0.87781 0.00588297 0.999931 -0.0101512 -0.291127 0.0161376 0.0100552 0.999819 19.4055 
0.999861 -0.00508445 -0.0158541 -0.91016 0.00491505 0.999931 -0.0107083 -0.309623 0.0159075 0.0106289 0.999817 20.3169 
0.999861 -0.00485103 -0.0159727 -0.947819 0.00468596 0.999935 -0.0103583 -0.326525 0.0160219 0.010282 0.999819 21.2499 
0.999866 -0.00351479 -0.0159745 -0.986102 0.00333392 0.99993 -0.0113375 -0.351805 0.0160132 0.0112828 0.999808 22.1969 
0.999875 -0.000583959 -0.0158234 -1.02735 0.000373567 0.999912 -0.0132987 -0.376477 0.0158297 0.0132911 0.999786 23.1613 
0.999868 0.00317123 -0.0159412 -1.06778 -0.00339141 0.999899 -0.0138065 -0.402985 0.0158958 0.0138588 0.999778 24.1321 
0.999863 0.00494308 -0.0158204 -1.10716 -0.00516168 0.999891 -0.013809 -0.426166 0.0157504 0.0138888 0.99978 25.1093 
0.999855 0.00569649 -0.0160538 -1.14503 -0.00591744 0.999888 -0.0137519 -0.45287 0.0159736 0.013845 0.999777 26.1022 
0.999854 0.00576165 -0.016117 -1.18318 -0.00598339 0.999888 -0.0137463 -0.477631 0.0160359 0.0138408 0.999776 27.1038 
0.999834 0.00678668 -0.016915 -1.21281 -0.00700575 0.999892 -0.0129289 -0.502663 0.0168254 0.0130453 0.999773 28.1044 
0.999827 0.00723929 -0.0171218 -1.2516 -0.00743103 0.99991 -0.0111635 -0.525759 0.0170394 0.0112889 0.999791 29.1183 
0.999812 0.00786665 -0.0177226 -1.28501 -0.00805052 0.999914 -0.0103297 -0.547619 0.0176398 0.0104704 0.99979 30.1411 
0.999807 0.00782332 -0.018002 -1.32137 -0.00802602 0.999905 -0.0112176 -0.574296 0.0179125 0.01136 0.999775 31.1682 
0.999779 0.00939335 -0.0188315 -1.35154 -0.00961761 0.999884 -0.011856 -0.601504 0.0187179 0.0120346 0.999752 32.2032 
0.99977 0.00971452 -0.0191219 -1.39614 -0.00993145 0.999887 -0.011285 -0.621504 0.0190101 0.0114723 0.999754 33.2353 
0.999768 0.00885395 -0.0196439 -1.4311 -0.00902631 0.999921 -0.00870527 -0.646292 0.0195653 0.0088806 0.999769 34.2892 
0.999753 0.00939512 -0.0201212 -1.46939 -0.00948841 0.999945 -0.00454821 -0.673864 0.0200773 0.00473805 0.999787 35.3495 
0.999742 0.0101184 -0.020331 -1.52086 -0.0101735 0.999945 -0.0026143 -0.691167 0.0203034 0.00282051 0.99979 36.407 
0.999739 0.00981801 -0.0206097 -1.56481 -0.00986798 0.999949 -0.00232626 -0.707281 0.0205857 0.00252907 0.999785 37.4854 
0.999738 0.00922827 -0.0209315 -1.60686 -0.00930615 0.99995 -0.00362845 -0.727821 0.0208969 0.00382234 0.999774 38.561 
0.999719 0.00937112 -0.0217916 -1.64877 -0.00946295 0.999947 -0.00411633 -0.745442 0.0217518 0.00432143 0.999754 39.6431 
0.999719 0.00910038 -0.0218853 -1.70152 -0.00917964 0.999952 -0.00352572 -0.751174 0.0218521 0.00372567 0.999754 40.7268 
0.999707 0.00861329 -0.0226235 -1.74841 -0.00865705 0.999961 -0.00183906 -0.76687 0.0226068 0.00203442 0.999742 41.8168 
0.99969 0.00913382 -0.023162 -1.79566 -0.00911804 0.999958 0.000784991 -0.790477 0.0231681 -0.000573514 0.999731 42.8987 
0.999665 0.0101332 -0.0238011 -1.84064 -0.010122 0.999949 0.000589019 -0.809936 0.0238058 -0.000347865 0.999717 43.9829 
0.999642 0.0118594 -0.0239875 -1.89324 -0.0119429 0.999923 -0.0033407 -0.828979 0.023946 0.00362603 0.999707 45.0599 
0.999627 0.0135223 -0.0237338 -1.94609 -0.0137172 0.999873 -0.00807113 -0.839956 0.0236216 0.00839373 0.999686 46.1361 
0.999629 0.0140957 -0.0233271 -2.00121 -0.0142962 0.999862 -0.00845399 -0.863447 0.0232047 0.00878438 0.999692 47.212 
0.999627 0.0141184 -0.0233626 -2.04674 -0.0142555 0.999882 -0.00571596 -0.8899 0.0232791 0.00604692 0.999711 48.3001 
0.999624 0.0152339 -0.0228087 -2.1036 -0.0153195 0.999876 -0.003586 -0.916597 0.0227512 0.00393411 0.999733 49.3916 
0.999631 0.0139488 -0.0233279 -2.13773 -0.0140167 0.999898 -0.00275017 -0.935774 0.0232871 0.00307617 0.999724 50.4845 
0.99964 0.0141874 -0.0227939 -2.19041 -0.0142711 0.999892 -0.00351502 -0.962246 0.0227416 0.00383909 0.999734 51.5975 
0.999654 0.0137536 -0.022413 -2.23922 -0.0138744 0.99989 -0.00524337 -0.988476 0.0223384 0.00555256 0.999735 52.7077 
0.999648 0.0144527 -0.0222566 -2.27696 -0.0146221 0.999865 -0.00746724 -1.01666 0.0221457 0.00779009 0.999724 53.7927 
0.999666 0.0139093 -0.021785 -2.32982 -0.0141224 0.999854 -0.00965799 -1.04795 0.0216475 0.00996246 0.999716 54.8944 
0.999685 0.012854 -0.0215589 -2.37589 -0.0131384 0.999828 -0.0131046 -1.08014 0.0213867 0.0133838 0.999682 55.982 
0.9997 0.0118896 -0.0213988 -2.41262 -0.0121996 0.999822 -0.0144164 -1.12116 0.0212236 0.0146732 0.999667 57.0642 
0.999725 0.0106943 -0.0208543 -2.46268 -0.0109539 0.999863 -0.0123758 -1.15049 0.0207191 0.0126009 0.999706 58.1538 
0.999737 0.00924517 -0.0209874 -2.49271 -0.00938452 0.999935 -0.0065529 -1.1791 0.0209254 0.00674817 0.999758 59.2383 
0.999755 0.00814452 -0.0206044 -2.5387 -0.00815674 0.999967 -0.000510998 -1.20414 0.0205995 0.000678979 0.999788 60.3396 
0.999772 0.00613057 -0.0204658 -2.58516 -0.00613223 0.999981 -2.0274e-05 -1.22151 0.0204653 0.000145813 0.999791 61.4526 
0.999796 0.00241958 -0.0200695 -2.63968 -0.00248271 0.999992 -0.0031229 -1.23399 0.0200618 0.00317213 0.999794 62.5668 
0.999801 0.000622152 -0.0199625 -2.69204 -0.000752682 0.999978 -0.00653399 -1.25285 0.019958 0.00654775 0.999779 63.6627 
0.999793 0.00298273 -0.0201358 -2.72757 -0.00319808 0.999938 -0.0106736 -1.2843 0.0201026 0.0107358 0.99974 64.7411 
0.999793 0.00315982 -0.0201117 -2.76985 -0.00347149 0.999874 -0.0154832 -1.3019 0.0200602 0.0155499 0.999678 65.8381 
0.999788 0.00637272 -0.0195878 -2.81416 -0.00669 0.999847 -0.0161776 -1.33263 0.0194816 0.0163053 0.999677 66.9416 
0.999772 0.010097 -0.0188049 -2.85983 -0.010329 0.999871 -0.0122856 -1.37048 0.0186784 0.0124771 0.999748 68.0475 
0.999751 0.0123027 -0.0186321 -2.91125 -0.0124923 0.999871 -0.0100961 -1.41057 0.0185054 0.0103264 0.999775 69.1694 
0.99976 0.0116423 -0.0185492 -2.95947 -0.0118211 0.999884 -0.00956027 -1.43486 0.0184357 0.00977729 0.999782 70.2868 
0.999774 0.0100539 -0.0187582 -2.99393 -0.0102246 0.999907 -0.00903129 -1.4545 0.0186656 0.00922108 0.999783 71.3757 
0.999776 0.00891935 -0.0192144 -3.0329 -0.00907358 0.999927 -0.00795701 -1.47829 0.019142 0.00812961 0.999784 72.4736 
0.999785 0.00706317 -0.0194873 -3.07811 -0.00718241 0.999956 -0.00605806 -1.49916 0.0194436 0.00619676 0.999792 73.5909 
0.999776 0.00604714 -0.0202713 -3.12449 -0.00614154 0.999971 -0.00460009 -1.52139 0.0202429 0.0047236 0.999784 74.7001 
0.999772 0.00535269 -0.0206803 -3.17594 -0.00547446 0.999968 -0.00583832 -1.54643 0.0206484 0.00595024 0.999769 75.8125 
0.999759 0.00562092 -0.0212358 -3.23299 -0.00583034 0.999935 -0.00981441 -1.57279 0.0211792 0.00993589 0.999726 76.9171 
0.999738 0.00633369 -0.0219893 -3.28157 -0.006595 0.999908 -0.0118335 -1.60133 0.0219123 0.0119754 0.999688 78.0168 
0.999711 0.0080594 -0.0226707 -3.33709 -0.00829612 0.999912 -0.0103689 -1.62939 0.0225851 0.010554 0.999689 79.1017 
0.999693 0.00955404 -0.0228578 -3.40019 -0.00969578 0.999934 -0.00610013 -1.65584 0.022798 0.00631993 0.99972 80.1963 
0.999668 0.0110498 -0.0232869 -3.45165 -0.0111031 0.999936 -0.00216639 -1.68054 0.0232614 0.00242427 0.999727 81.2969 
0.999643 0.0124302 -0.0236354 -3.50666 -0.0124742 0.999921 -0.00171951 -1.70644 0.0236121 0.00201377 0.999719 82.3758 
0.999628 0.0123028 -0.0243401 -3.55612 -0.0124016 0.999915 -0.00391445 -1.72811 0.0242898 0.0042149 0.999696 83.457 
0.999607 0.0128756 -0.02492 -3.6025 -0.012989 0.999906 -0.00439561 -1.7564 0.024861 0.00471761 0.99968 84.5174 
0.9996 0.0124587 -0.0253773 -3.6542 -0.0125782 0.999911 -0.00455784 -1.78235 0.0253182 0.00487526 0.999668 85.559 
0.999594 0.0116277 -0.0259953 -3.70506 -0.0117408 0.999922 -0.00420181 -1.8108 0.0259444 0.00450535 0.999653 86.5926 
0.999587 0.0106742 -0.0266789 -3.74602 -0.0107591 0.999938 -0.00304228 -1.82978 0.0266448 0.00332811 0.999639 87.6331 
0.999563 0.0113549 -0.0272777 -3.79074 -0.0113688 0.999935 -0.000356326 -1.85674 0.0272719 0.000666327 0.999628 88.6339 
0.999552 0.0101909 -0.0281435 -3.84102 -0.0101834 0.999948 0.000411143 -1.87715 0.0281461 -0.000124321 0.999604 89.6086 
0.999506 0.00944519 -0.0299746 -3.89617 -0.00942638 0.999955 0.000767468 -1.90059 0.0299805 -0.000484494 0.99955 90.5756 
0.999404 0.00901854 -0.0333361 -3.94211 -0.00902327 0.999959 7.20373e-06 -1.92378 0.0333347 0.000293643 0.999444 91.5176 
0.999283 0.00927551 -0.0367206 -3.99577 -0.00930544 0.999957 -0.00064535 -1.94606 0.036713 0.000986631 0.999325 92.4364 
0.999167 0.00928391 -0.0397296 -4.04505 -0.009305 0.999957 -0.000346966 -1.96524 0.0397246 0.000716404 0.99921 93.3253 
0.99902 0.0105413 -0.0429947 -4.09791 -0.0105355 0.999944 0.000360392 -1.98259 0.0429961 9.29748e-05 0.999075 94.209 
0.998875 0.0113407 -0.0460383 -4.15551 -0.0112921 0.999935 0.00131496 -2.00405 0.0460502 -0.000793573 0.998939 95.0657 
0.998718 0.0123234 -0.0490996 -4.20975 -0.012204 0.999922 0.00272977 -2.01982 0.0491294 -0.00212701 0.99879 95.8969 
0.998573 0.0138328 -0.0515834 -4.27468 -0.0136788 0.999901 0.0033348 -2.03514 0.0516244 -0.0026244 0.998663 96.6987 
0.998413 0.0157836 -0.0540554 -4.33413 -0.0156099 0.999872 0.00363274 -2.04904 0.0541057 -0.00278314 0.998531 97.4669 
0.998249 0.0174308 -0.0565262 -4.4057 -0.0173057 0.999847 0.00270118 -2.07152 0.0565646 -0.00171818 0.998398 98.2083 
0.998072 0.0187653 -0.0591605 -4.46446 -0.0188624 0.999822 -0.00108308 -2.08896 0.0591295 0.00219694 0.998248 98.9188 
0.997876 0.0210634 -0.0616463 -4.52675 -0.0214257 0.999757 -0.00522206 -2.09974 0.0615213 0.00653183 0.998084 99.6122 
0.997697 0.0230588 -0.0637819 -4.58176 -0.0236117 0.99969 -0.00792854 -2.12394 0.0635792 0.00941632 0.997932 100.277 
0.99761 0.0250034 -0.0644194 -4.64033 -0.0255998 0.999637 -0.0084505 -2.14783 0.0641847 0.0100795 0.997887 100.9 
0.997599 0.0272285 -0.0636773 -4.69051 -0.0278132 0.999579 -0.00831361 -2.16067 0.063424 0.0100648 0.997936 101.503 
0.99767 0.0309838 -0.0607851 -4.73563 -0.031474 0.999479 -0.00712449 -2.1746 0.0605326 0.00902109 0.998125 102.079 
0.997902 0.0339472 -0.0551239 -4.78173 -0.0343333 0.999392 -0.00607384 -2.18752 0.0548842 0.00795373 0.998461 102.632 
0.998239 0.0348749 -0.0479864 -4.80461 -0.035117 0.999374 -0.00421262 -2.20452 0.0478094 0.00589038 0.998839 103.173 
0.998658 0.0350682 -0.0381077 -4.83085 -0.0351658 0.99938 -0.00189551 -2.21552 0.0380175 0.00323309 0.999272 103.667 
0.999055 0.0343943 -0.0265589 -4.84175 -0.0344338 0.999406 -0.0010303 -2.23106 0.0265076 0.00194389 0.999647 104.147 
0.999345 0.0336996 -0.0132218 -4.84418 -0.0337203 0.99943 -0.00134913 -2.23771 0.0131688 0.00179413 0.999912 104.601 
0.999434 0.0335764 0.00186608 -4.83875 -0.0335723 0.999434 -0.00214955 -2.2512 -0.00193724 0.00208573 0.999996 105.029 
0.999298 0.0318628 0.0197298 -4.82141 -0.0317639 0.999481 -0.00529908 -2.26417 -0.0198885 0.0046687 0.999791 105.452 
0.998668 0.0314113 0.0409451 -4.79756 -0.0310188 0.999467 -0.0101856 -2.27769 -0.0412433 0.00890205 0.99911 105.857 
0.997439 0.029586 0.065117 -4.75011 -0.0286424 0.999471 -0.0153773 -2.28858 -0.0655376 0.0134728 0.997759 106.269 
0.995399 0.0265662 0.0920559 -4.69493 -0.0250204 0.999527 -0.017906 -2.30889 -0.0924881 0.0155204 0.995593 106.652 
0.992254 0.023973 0.121894 -4.62546 -0.0218116 0.999581 -0.0190353 -2.32664 -0.122299 0.0162292 0.992361 107.033 
0.98782 0.0211677 0.154156 -4.54505 -0.0181546 0.999616 -0.0209276 -2.345 -0.15454 0.0178741 0.987825 107.401 
0.981677 0.0183978 0.189663 -4.45102 -0.0143961 0.999644 -0.0224549 -2.36277 -0.190008 0.0193131 0.981593 107.759 
0.97352 0.0155098 0.228075 -4.3404 -0.0105352 0.99968 -0.0230121 -2.38151 -0.228359 0.02 0.973372 108.108 
0.963268 0.0128346 0.268234 -4.22761 -0.00671913 0.999696 -0.0237043 -2.40318 -0.268456 0.0210314 0.963062 108.438 
0.950677 0.0140167 0.309866 -4.10072 -0.00661381 0.999667 -0.024928 -2.4176 -0.310113 0.0216491 0.950453 108.754 
0.935094 0.0152641 0.35407 -3.96058 -0.0067298 0.999657 -0.0253221 -2.43855 -0.354335 0.0212957 0.934876 109.069 
0.916869 0.0157653 0.398876 -3.80835 -0.00650926 0.999677 -0.0245492 -2.44945 -0.399134 0.019912 0.916676 109.369 
0.896128 0.0154529 0.443526 -3.63831 -0.00540605 0.9997 -0.0239078 -2.45804 -0.443763 0.0190267 0.895942 109.656 
0.872582 0.0142911 0.488259 -3.45371 -0.00264743 0.999696 -0.0245292 -2.47305 -0.488461 0.0201111 0.872354 109.928 
0.846876 0.0149152 0.531582 -3.26065 -0.000764928 0.99964 -0.0268292 -2.48739 -0.53179 0.0223144 0.846582 110.184 
0.818561 0.0172763 0.57416 -3.05478 0.000285308 0.999535 -0.0304823 -2.50382 -0.574419 0.0251155 0.818176 110.436 
0.786907 0.0221016 0.616676 -2.83386 -0.00056902 0.999384 -0.0350916 -2.51864 -0.617071 0.027263 0.786435 110.692 
0.752053 0.028535 0.658485 -2.59511 -0.00321796 0.999209 -0.0396249 -2.52876 -0.659095 0.027681 0.75155 110.944 
0.713459 0.0334844 0.699897 -2.33768 -0.00485832 0.99907 -0.0428449 -2.54111 -0.700681 0.0271678 0.712958 111.193 
0.673069 0.0335247 0.73882 -2.05876 -0.00180701 0.999044 -0.0436864 -2.55735 -0.739578 0.0280689 0.672486 111.414 
0.630677 0.0313208 0.775413 -1.75357 0.00364609 0.999055 -0.0433196 -2.56256 -0.776037 0.0301479 0.629966 111.632 
0.585576 0.0293767 0.810085 -1.43117 0.00596068 0.99916 -0.040542 -2.57649 -0.810596 0.0285691 0.584909 111.836 
0.538164 0.0281941 0.842369 -1.09721 0.00709833 0.999253 -0.0379799 -2.59163 -0.84281 0.0264188 0.537562 112.021 
0.48911 0.0257197 0.871843 -0.750685 0.0089153 0.999366 -0.0344832 -2.60941 -0.872177 0.0246388 0.488571 112.189 
0.43678 0.0218099 0.899304 -0.408537 0.0114898 0.999489 -0.02982 -2.63251 -0.899495 0.0233576 0.436306 112.336 
0.383702 0.0218389 0.923199 -0.0532159 0.0101668 0.99956 -0.0278707 -2.64918 -0.923401 0.0200801 0.383311 112.477 
0.331356 0.0265849 0.943131 0.301605 0.00672825 0.999511 -0.030538 -2.67349 -0.943482 0.0164646 0.331015 112.595 
0.280248 0.0317714 0.959402 0.672852 0.00564205 0.99938 -0.0347433 -2.69315 -0.959911 0.0151498 0.279895 112.684 
0.232746 0.0338938 0.971947 1.07015 0.00768218 0.999297 -0.0366871 -2.70615 -0.972507 0.0160055 0.232322 112.763 
0.191021 0.033761 0.981005 1.48419 0.0148828 0.999194 -0.0372848 -2.72509 -0.981473 0.0217223 0.190364 112.813 
0.155363 0.0336206 0.987285 1.9203 0.0219963 0.999055 -0.0374828 -2.75044 -0.987613 0.02754 0.154477 112.86 
0.124844 0.0346551 0.991571 2.3783 0.0277242 0.998878 -0.038401 -2.76347 -0.991789 0.0322847 0.123743 112.904 
0.0961799 0.0333526 0.994805 2.85847 0.0249902 0.999043 -0.0359107 -2.78668 -0.99505 0.0283143 0.0952543 112.956 
0.070201 0.0298788 0.997085 3.35376 0.0187525 0.999335 -0.0312665 -2.8077 -0.997357 0.0208928 0.069594 113.005 
0.0460499 0.025767 0.998607 3.88012 0.0135441 0.999559 -0.0264161 -2.83523 -0.998847 0.0147417 0.0456807 113.044 
0.023116 0.0235787 0.999455 4.41327 0.0176931 0.999556 -0.0239902 -2.85892 -0.999576 0.018238 0.0226885 113.058 
0.00286969 0.024091 0.999706 4.94673 0.0257249 0.999377 -0.0241569 -2.88257 -0.999665 0.0257866 0.00224816 113.045 
-0.0144356 0.0268079 0.999536 5.50786 0.0313845 0.99916 -0.0263445 -2.89945 -0.999403 0.0309896 -0.0152648 113.032 
-0.028835 0.0324912 0.999056 6.08244 0.0320104 0.998989 -0.0315651 -2.91498 -0.999072 0.03107 -0.0298459 113.019 
-0.040248 0.0375109 0.998485 6.69432 0.0294556 0.998905 -0.0363393 -2.92465 -0.998755 0.0279484 -0.0413089 113.02 
-0.0464678 0.0374289 0.998218 7.32512 0.0319364 0.998843 -0.0359656 -2.94431 -0.998409 0.0302083 -0.0476094 112.996 
-0.0490094 0.0340376 0.998218 7.96687 0.0371426 0.99879 -0.0322335 -2.98194 -0.998108 0.0354966 -0.0502144 112.964 
-0.0486602 0.0329038 0.998273 8.63242 0.0390121 0.998757 -0.0310181 -3.00191 -0.998053 0.0374354 -0.0498834 112.944 
-0.0469539 0.0327944 0.998359 9.30849 0.0368706 0.998837 -0.031076 -3.02778 -0.998216 0.035351 -0.0481084 112.928 
-0.0457974 0.0331564 0.9984 10.014 0.0336747 0.998932 -0.0316293 -3.05802 -0.998383 0.0321723 -0.0468651 112.923 
-0.0449699 0.0343547 0.998397 10.7121 0.0327577 0.998922 -0.0328972 -3.0832 -0.998451 0.0312258 -0.0460468 112.91 
-0.0441402 0.0349498 0.998414 11.4442 0.0326476 0.998905 -0.0335236 -3.11902 -0.998492 0.0311161 -0.0452329 112.894 
-0.043667 0.0348501 0.998438 12.1895 0.0321871 0.998922 -0.0334592 -3.14315 -0.998528 0.0306758 -0.0447416 112.884 
-0.0432448 0.0341841 0.99848 12.9559 0.0306091 0.998991 -0.0328758 -3.1662 -0.998596 0.0291409 -0.0442475 112.876 
-0.0433987 0.0331255 0.998509 13.7338 0.0312429 0.999006 -0.0317841 -3.19605 -0.998569 0.0298169 -0.0443905 112.872 
-0.0441482 0.0311007 0.998541 14.5194 0.03119 0.999071 -0.0297382 -3.22791 -0.998538 0.0298316 -0.0450773 112.852 
-0.0450609 0.0297019 0.998543 15.311 0.029225 0.999169 -0.0284016 -3.25969 -0.998557 0.0279026 -0.0458915 112.83 
-0.0461641 0.029029 0.998512 16.1126 0.0279213 0.999225 -0.0277588 -3.28666 -0.998544 0.0265983 -0.0469389 112.801 
-0.0468729 0.0261982 0.998557 16.915 0.0303297 0.999232 -0.0247921 -3.32241 -0.99844 0.0291238 -0.0476315 112.764 
-0.0480932 0.0249066 0.998532 17.7428 0.0318182 0.99922 -0.0233912 -3.34912 -0.998336 0.0306466 -0.0488482 112.737 
-0.0495236 0.0242038 0.99848 18.5977 0.0293543 0.99931 -0.0227679 -3.38365 -0.998342 0.0281821 -0.0501999 112.708 
-0.0506791 0.0289604 0.998295 19.4311 0.025587 0.999289 -0.0276902 -3.41534 -0.998387 0.0241401 -0.051384 112.688 
-0.0516993 0.0338512 0.998089 20.2859 0.0268161 0.999112 -0.0324969 -3.44998 -0.998303 0.0250848 -0.0525611 112.665 
-0.0528598 0.0355403 0.997969 21.1393 0.02725 0.999046 -0.0341352 -3.48907 -0.99823 0.0253903 -0.0537778 112.636 
-0.0544117 0.0332926 0.997963 21.9899 0.023464 0.999211 -0.0320549 -3.53174 -0.998243 0.0216721 -0.0551499 112.61 
-0.0554183 0.0289698 0.998043 22.8425 0.0199576 0.999411 -0.0279013 -3.56714 -0.998264 0.0183723 -0.0559638 112.58 
-0.0556494 0.023884 0.998165 23.6929 0.0191031 0.999556 -0.0228522 -3.60424 -0.998268 0.0177963 -0.056081 112.548 
-0.0560632 0.0181862 0.998262 24.5454 0.0154743 0.99973 -0.0173439 -3.63822 -0.998307 0.0144751 -0.0563295 112.52 
-0.0562462 0.0172355 0.998268 25.3874 0.0131506 0.999777 -0.0165206 -3.66507 -0.99833 0.0121986 -0.0564603 112.496 
-0.0553936 0.024013 0.998176 26.2221 0.0160501 0.999603 -0.0231566 -3.70431 -0.998336 0.0147381 -0.055757 112.464 
-0.0544819 0.0352142 0.997894 27.0591 0.0181912 0.999247 -0.0342688 -3.74112 -0.998349 0.0162859 -0.0550815 112.431 
-0.0541325 0.0407465 0.997702 27.9131 0.0199569 0.999012 -0.0397171 -3.77199 -0.998334 0.017761 -0.0548921 112.408 
-0.0526565 0.0353095 0.997988 28.7404 0.0212872 0.999187 -0.0342287 -3.81281 -0.998386 0.019442 -0.0533654 112.372 
-0.0516589 0.0278216 0.998277 29.5731 0.0245309 0.999346 -0.0265819 -3.85103 -0.998363 0.0231154 -0.0523076 112.334 
-0.0514124 0.0248874 0.998367 30.4184 0.0254415 0.999398 -0.0236029 -3.88724 -0.998353 0.0241865 -0.0520146 112.311 
-0.0515606 0.0254067 0.998347 31.2447 0.0244642 0.999409 -0.0241702 -3.92834 -0.99837 0.0231775 -0.0521517 112.284 
-0.0523184 0.0263743 0.998282 32.0532 0.0220685 0.999438 -0.0252482 -3.96028 -0.998387 0.0207097 -0.052871 112.254 
-0.0540698 0.0264077 0.998188 32.8603 0.0196956 0.999484 -0.0253751 -3.99828 -0.998343 0.0182879 -0.054562 112.222 
-0.056258 0.0265036 0.998064 33.675 0.0200174 0.999477 -0.0254127 -4.03435 -0.998216 0.018549 -0.0567591 112.19 
-0.0585297 0.0267478 0.997927 34.4997 0.0186767 0.999495 -0.0256944 -4.07446 -0.998111 0.0171341 -0.0589997 112.163 
-0.0599599 0.0267036 0.997844 35.2952 0.0166827 0.999529 -0.0257462 -4.11329 -0.998061 0.015103 -0.0603771 112.114 
-0.0620506 0.0261302 0.997731 36.1062 0.0150183 0.999569 -0.0252443 -4.14067 -0.99796 0.0134178 -0.0624163 112.086 
-0.0638882 0.0249996 0.997644 36.8956 0.01495 0.999598 -0.0240912 -4.17706 -0.997845 0.0133756 -0.0642362 112.044 
-0.0660094 0.0252881 0.997499 37.6861 0.0149739 0.999591 -0.0243502 -4.20836 -0.997707 0.0133291 -0.0663611 112.008 
-0.0676449 0.0262769 0.997363 38.4537 0.0149968 0.999567 -0.0253178 -4.24047 -0.997597 0.0132446 -0.0680097 111.963 
-0.068567 0.026592 0.997292 39.2391 0.0154898 0.999553 -0.0255873 -4.27568 -0.997526 0.0136934 -0.0689482 111.926 
-0.0697086 0.0259971 0.997229 39.9962 0.017382 0.99954 -0.0248423 -4.30394 -0.997416 0.0156021 -0.0701284 111.879 
-0.0710448 0.0251847 0.997155 40.7762 0.0168472 0.999569 -0.0240453 -4.34062 -0.997331 0.015091 -0.0714385 111.839 
-0.0720681 0.0250141 0.997086 41.5282 0.0160365 0.999585 -0.0239177 -4.37244 -0.997271 0.0142661 -0.0724394 111.796 
-0.0732739 0.0243021 0.997016 42.2693 0.0137483 0.999633 -0.0233555 -4.40435 -0.997217 0.0119959 -0.0735811 111.755 
-0.0742713 0.0234403 0.996963 43.0107 0.0131842 0.999659 -0.0225215 -4.43316 -0.997151 0.0114715 -0.0745551 111.718 
-0.0747819 0.0234662 0.996924 43.7166 0.0142383 0.999646 -0.0224622 -4.46153 -0.997098 0.0125147 -0.0750896 111.672 
-0.0752062 0.0262454 0.996823 44.4239 0.0154318 0.999565 -0.0251533 -4.49436 -0.997049 0.0134911 -0.0755785 111.637 
-0.0754669 0.0290545 0.996725 45.1419 0.0159083 0.999483 -0.0279303 -4.52467 -0.997021 0.0137484 -0.0758901 111.604 
-0.0759381 0.0302475 0.996654 45.8616 0.0135685 0.999479 -0.0292994 -4.56395 -0.99702 0.0112981 -0.076309 111.577 
-0.0761406 0.0309288 0.996617 46.5555 0.0138195 0.999456 -0.029961 -4.59882 -0.997001 0.0114915 -0.0765266 111.536 
-0.0762969 0.0311957 0.996597 47.2514 0.0161818 0.999418 -0.0300452 -4.6268 -0.996954 0.0138344 -0.0767573 111.498 
-0.0767036 0.0308531 0.996577 47.9396 0.0166808 0.999421 -0.0296572 -4.65897 -0.996914 0.0143489 -0.0771738 111.457 
-0.0770479 0.0305724 0.996559 48.6282 0.0118824 0.999487 -0.0297435 -4.69371 -0.996957 0.00954981 -0.0773717 111.423 
-0.0772831 0.0305497 0.996541 49.3413 0.00864422 0.999513 -0.0299704 -4.73095 -0.996972 0.0062981 -0.0775096 111.397 
-0.0773406 0.0300498 0.996552 50.0278 0.0118608 0.999503 -0.0292183 -4.75419 -0.996934 0.00956017 -0.0776586 111.361 
-0.0777498 0.029649 0.996532 50.6924 0.011573 0.999517 -0.0288348 -4.78183 -0.996906 0.00929098 -0.0780554 111.305 
-0.0817151 0.0292068 0.996228 51.3504 0.00850099 0.999555 -0.028607 -4.80951 -0.99662 0.0061313 -0.081927 111.273 
-0.0865785 0.0289964 0.995823 51.9861 0.00582853 0.999574 -0.0285988 -4.83732 -0.996228 0.00332814 -0.0867106 111.223 
-0.0925999 0.0326049 0.995169 52.6689 0.00964736 0.999446 -0.0318473 -4.87227 -0.995657 0.00665169 -0.0928632 111.173 
-0.0988588 0.0355175 0.994467 53.3247 0.0126078 0.999327 -0.0344377 -4.90374 -0.995022 0.00913354 -0.0992401 111.108 
-0.106075 0.0366294 0.993683 54.0115 0.0122955 0.999293 -0.0355236 -4.94622 -0.994282 0.00844965 -0.10645 111.048 
-0.11228 0.0360927 0.993021 54.6894 0.00888555 0.999337 -0.0353175 -4.97356 -0.993637 0.00485807 -0.112527 110.988 
-0.117649 0.0355491 0.992419 55.3749 0.00956385 0.999353 -0.0346636 -5.00233 -0.993009 0.00541319 -0.117913 110.923 
-0.122511 0.0356622 0.991826 56.0751 0.00686016 0.999361 -0.0350857 -5.04236 -0.992443 0.00250569 -0.122678 110.856 
-0.126569 0.0348526 0.991345 56.7753 0.0050454 0.999392 -0.0344913 -5.07997 -0.991945 0.000636184 -0.126668 110.783 
-0.129605 0.0319193 0.991052 57.4868 0.00538053 0.99949 -0.0314874 -5.10903 -0.991551 0.00125146 -0.12971 110.711 
-0.131297 0.0293484 0.990909 58.2045 0.00811431 0.99956 -0.0285294 -5.13785 -0.99131 0.00429472 -0.131477 110.629 
-0.132922 0.0260126 0.990785 58.921 0.00666756 0.999656 -0.025351 -5.17915 -0.991104 0.00323642 -0.13305 110.548 
-0.134081 0.0256843 0.990637 59.6401 0.00508909 0.999669 -0.0252296 -5.21031 -0.990957 0.00165862 -0.134168 110.463 
-0.134423 0.0296899 0.990479 60.3698 0.00756345 0.999553 -0.0289354 -5.24095 -0.990895 0.00360187 -0.134587 110.378 
-0.13425 0.0341634 0.990358 61.1046 0.0146537 0.999365 -0.0324877 -5.27213 -0.990839 0.0101509 -0.134666 110.285 
-0.134273 0.0391905 0.990169 61.8472 0.0220312 0.999089 -0.0365559 -5.30826 -0.990699 0.0169062 -0.135014 110.183 
-0.135126 0.0402136 0.990012 62.5857 0.022252 0.999047 -0.0375434 -5.34288 -0.990579 0.0169566 -0.135892 110.093 
-0.135706 0.0379927 0.990021 63.2978 0.0207515 0.999154 -0.0354986 -5.38834 -0.990532 0.0157271 -0.136379 110.036 
-0.135901 0.0335407 0.990155 64.0476 0.0216693 0.999288 -0.0308759 -5.42315 -0.990485 0.0172598 -0.136531 109.949 
-0.135801 0.0317385 0.990228 64.7899 0.0239886 0.999299 -0.0287393 -5.45971 -0.990446 0.0198513 -0.136468 109.855 
-0.136398 0.0314901 0.990154 65.489 0.0239826 0.999307 -0.0284774 -5.49571 -0.990364 0.0198622 -0.137058 109.756 
-0.138208 0.0320467 0.989885 66.2321 0.0225315 0.999319 -0.0292063 -5.53476 -0.990147 0.018267 -0.138836 109.672 
-0.140596 0.0324058 0.989537 66.9526 0.0206582 0.999343 -0.0297917 -5.5729 -0.989852 0.0162534 -0.141173 109.582 
-0.142185 0.0329784 0.989291 67.6617 0.0229301 0.999286 -0.030016 -5.60453 -0.989575 0.0184167 -0.14284 109.478 
-0.144121 0.0329207 0.989012 68.4149 0.022304 0.999301 -0.0300129 -5.64525 -0.989309 0.0177335 -0.144754 109.389 
-0.145792 0.0326524 0.988776 69.1583 0.0229183 0.999298 -0.0296206 -5.6811 -0.98905 0.0183426 -0.146438 109.282 
-0.147278 0.0327941 0.988551 69.8961 0.021145 0.999326 -0.0300013 -5.72316 -0.988869 0.0164844 -0.147872 109.189 
-0.148431 0.0339328 0.988341 70.6496 0.0206159 0.9993 -0.0312129 -5.76719 -0.988708 0.0157425 -0.149026 109.094 
-0.14893 0.0344588 0.988247 71.3531 0.0202117 0.99929 -0.0317979 -5.7988 -0.988641 0.0152385 -0.149521 108.991 
-0.150278 0.0346565 0.988036 72.1167 0.0204658 0.99928 -0.0319381 -5.83654 -0.988432 0.0154213 -0.150879 108.896 
-0.151181 0.0332768 0.987946 72.8814 0.0215602 0.999307 -0.0303601 -5.86995 -0.988271 0.0167104 -0.151794 108.788 
-0.15205 0.0310883 0.987884 73.6533 0.0191997 0.99941 -0.0284958 -5.90382 -0.988186 0.0146343 -0.152557 108.68 
-0.153974 0.0291524 0.987645 74.4748 0.0164176 0.999502 -0.0269429 -5.93421 -0.987939 0.0120663 -0.154376 108.58 
-0.1558 0.0290888 0.98736 75.2581 0.018676 0.999474 -0.0264987 -5.96317 -0.987612 0.0143115 -0.156261 108.466 
-0.157533 0.0297849 0.987064 76.045 0.0198421 0.999439 -0.0269915 -5.99189 -0.987314 0.0153334 -0.158036 108.352 
-0.160166 0.0308268 0.986609 76.8736 0.0183446 0.999433 -0.0282494 -6.03161 -0.98692 0.0135743 -0.160641 108.249 
-0.161816 0.0344794 0.986218 77.6775 0.0201962 0.999296 -0.0316228 -6.06591 -0.986614 0.0148008 -0.162398 108.133 
-0.162094 0.0384482 0.986026 78.4981 0.0222905 0.999128 -0.0352947 -6.10512 -0.986524 0.016258 -0.162809 108.012 
-0.16338 0.042301 0.985656 79.3166 0.0229032 0.998974 -0.0390762 -6.14883 -0.986297 0.0161904 -0.164181 107.896 
-0.163118 0.0432899 0.985656 80.1478 0.0247489 0.998902 -0.0397759 -6.19285 -0.986296 0.0179057 -0.16401 107.775 
-0.162387 0.0429032 0.985794 80.9759 0.0288754 0.998833 -0.0387141 -6.23636 -0.986305 0.0221785 -0.163436 107.647 
-0.162424 0.0412966 0.985857 81.8159 0.0295381 0.99888 -0.0369755 -6.27713 -0.986279 0.0231147 -0.163461 107.526 
-0.161684 0.0398178 0.986039 82.6642 0.02839 0.99896 -0.0356843 -6.3196 -0.986434 0.022224 -0.162646 107.404 
-0.160137 0.0372271 0.986393 83.5171 0.0270949 0.999078 -0.0333071 -6.36629 -0.986723 0.0213925 -0.160998 107.287 
-0.158688 0.0338843 0.986747 84.3686 0.0268212 0.99919 -0.0299982 -6.41124 -0.986964 0.0217054 -0.159469 107.166 
-0.157415 0.0302583 0.987069 85.2389 0.0264707 0.999301 -0.0264117 -6.45984 -0.987178 0.0219708 -0.158106 107.054 
-0.156113 0.0300789 0.987281 86.107 0.0248198 0.99934 -0.0265217 -6.50057 -0.987427 0.0203637 -0.156756 106.947 
-0.15463 0.0346193 0.987366 86.9618 0.0262026 0.999178 -0.0309298 -6.54025 -0.987625 0.0210889 -0.15541 106.83 
-0.152997 0.0406238 0.987391 87.8051 0.0260191 0.998974 -0.0370686 -6.58309 -0.987884 0.0200197 -0.153897 106.72 
-0.152243 0.0440221 0.987362 88.6833 0.0227849 0.998898 -0.0410231 -6.62863 -0.98808 0.0162515 -0.153079 106.627 
-0.151045 0.0418583 0.98764 89.5313 0.0213137 0.999009 -0.0390805 -6.67004 -0.988297 0.0151474 -0.151787 106.519 
-0.149772 0.0393556 0.987937 90.3872 0.0218899 0.999095 -0.0364815 -6.71951 -0.988478 0.0161619 -0.150498 106.405 
-0.149161 0.0380744 0.98808 91.2497 0.0230357 0.999121 -0.0350224 -6.75931 -0.988545 0.0175371 -0.149907 106.294 
-0.1486 0.0379192 0.98817 92.109 0.0222835 0.999139 -0.0349891 -6.80191 -0.988646 0.0168205 -0.149317 106.185 
-0.148365 0.0379702 0.988203 92.9727 0.0214923 0.99915 -0.035164 -6.84784 -0.988699 0.0160217 -0.149055 106.079 
-0.147658 0.0362488 0.988374 93.8257 0.02348 0.999175 -0.0331371 -6.88931 -0.98876 0.0183141 -0.148388 105.964 
-0.14651 0.0358496 0.988559 94.6918 0.0273853 0.999107 -0.0321734 -6.93004 -0.98883 0.0223583 -0.147361 105.849 
-0.145653 0.0372264 0.988635 95.5474 0.0293466 0.999015 -0.0332937 -6.97538 -0.9889 0.0241638 -0.146602 105.731 
-0.14497 0.0389717 0.988668 96.4152 0.0294796 0.998951 -0.0350543 -7.02879 -0.988997 0.0240637 -0.145966 105.62 
-0.144026 0.0403756 0.98875 97.2739 0.0273749 0.998948 -0.0368044 -7.07246 -0.989195 0.0217661 -0.14498 105.513 
-0.143737 0.03606 0.988959 98.1391 0.0221536 0.999203 -0.0332136 -7.11944 -0.989368 0.017135 -0.144421 105.414 
-0.144033 0.0340673 0.988986 98.9951 0.0173621 0.99934 -0.0318954 -7.16379 -0.989421 0.0125769 -0.144529 105.315 
-0.145195 0.0342398 0.98881 99.8278 0.0135192 0.999376 -0.0326205 -7.21429 -0.989311 0.00863163 -0.145567 105.21 
-0.14693 0.0387091 0.988389 100.663 0.0100445 0.999241 -0.0376409 -7.26149 -0.989096 0.00439731 -0.147207 105.117 
-0.148066 0.0409334 0.98813 101.51 0.00827765 0.999159 -0.0401499 -7.31173 -0.988943 0.00223456 -0.14828 105.016 
-0.148437 0.0415794 0.988047 102.343 0.00961129 0.999129 -0.0406018 -7.3592 -0.988875 0.0034696 -0.148707 104.905 
-0.148588 0.0413981 0.988032 103.18 0.0118704 0.999126 -0.0400777 -7.39939 -0.988828 0.00577329 -0.148949 104.793 
-0.149268 0.0421762 0.987897 103.997 0.0132863 0.999085 -0.0406463 -7.45003 -0.988707 0.0070583 -0.149692 104.69 
-0.149639 0.0453129 0.987702 104.83 0.014484 0.998943 -0.0436342 -7.50283 -0.988635 0.00777645 -0.150137 104.581 
-0.150392 0.0465915 0.987528 105.644 0.0139541 0.998889 -0.0450024 -7.55774 -0.988528 0.00701203 -0.150875 104.477 
-0.151514 0.0467228 0.98735 106.448 0.0123015 0.998894 -0.0453813 -7.6091 -0.988379 0.00526996 -0.151921 104.37 
-0.153543 0.0456027 0.987089 107.247 0.0104783 0.998954 -0.0445209 -7.6629 -0.988086 0.00350711 -0.153861 104.26 
-0.156663 0.0467783 0.986544 108.041 0.0104646 0.9989 -0.0457024 -7.71698 -0.987597 0.00316397 -0.15698 104.15 
-0.16011 0.0492586 0.985869 108.835 0.0100441 0.998784 -0.0482726 -7.7715 -0.987048 0.00217324 -0.16041 104.04 
-0.163108 0.0507954 0.9853 109.616 0.009159 0.998709 -0.0499705 -7.81912 -0.986566 0.000873765 -0.163363 103.922 
-0.166506 0.0509223 0.984725 110.39 0.0087288 0.998703 -0.0501691 -7.87001 -0.986002 0.000241986 -0.166735 103.807 
-0.169597 0.0495014 0.98427 111.172 0.0094266 0.998774 -0.0486065 -7.92768 -0.985468 0.00103479 -0.169856 103.693 
-0.172116 0.0506085 0.983776 111.952 0.010898 0.998716 -0.0494704 -7.9777 -0.985017 0.00220652 -0.172446 103.571 
-0.174306 0.0546119 0.983176 112.716 0.00634497 0.998502 -0.0543383 -8.03643 -0.984671 -0.00323328 -0.174392 103.458 
-0.175956 0.0614417 0.982479 113.484 0.00395413 0.998086 -0.0617096 -8.0933 -0.98439 -0.00697334 -0.175862 103.341 
-0.178235 0.064844 0.981849 114.254 0.00886108 0.997892 -0.064295 -8.14121 -0.983948 -0.00275938 -0.178434 103.211 
-0.181116 0.0628598 0.981451 115.018 0.00992065 0.998021 -0.0620903 -8.20209 -0.983412 -0.00150893 -0.181381 103.079 
-0.184464 0.0547927 0.981311 115.795 0.00823246 0.998496 -0.0542047 -8.26819 -0.982805 -0.00192024 -0.184638 102.955 
-0.186683 0.0522665 0.981029 116.529 0.00646561 0.998628 -0.0519737 -8.33331 -0.982399 -0.00335968 -0.186765 102.818 
-0.188747 0.055603 0.98045 117.29 0.00696113 0.998446 -0.0552835 -8.37951 -0.982001 -0.00360957 -0.188841 102.702 
-0.191976 0.0588503 0.979634 118.042 0.00338476 0.998234 -0.0593044 -8.43417 -0.981394 -0.00806918 -0.191836 102.578 
-0.194909 0.0611753 0.978912 118.769 0.00261379 0.998082 -0.0618528 -8.49379 -0.980818 -0.00949701 -0.194695 102.454 
-0.196655 0.0653732 0.978291 119.513 0.00662564 0.997841 -0.0653476 -8.55789 -0.98045 -0.00636911 -0.196663 102.318 
-0.198452 0.0702153 0.977592 120.267 0.0073318 0.997509 -0.0701574 -8.61439 -0.980083 -0.00675538 -0.198473 102.182 
-0.201818 0.0723145 0.97675 121.015 0.0060377 0.997344 -0.0725916 -8.67703 -0.979404 -0.00875296 -0.201718 102.052 
-0.204452 0.0696484 0.976396 121.761 0.00625921 0.997538 -0.0698459 -8.75044 -0.978857 -0.00816869 -0.204385 101.919 
-0.208149 0.0665147 0.975833 122.49 0.0107359 0.99778 -0.0657207 -8.80852 -0.978038 -0.00320323 -0.208401 101.768 
-0.213767 0.0652759 0.974701 123.23 0.0128381 0.997867 -0.0640116 -8.87082 -0.9768 -0.00117024 -0.214149 101.62 
-0.22014 0.0634663 0.973402 123.959 0.0105022 0.997978 -0.0626935 -8.93875 -0.975412 -0.00357847 -0.220361 101.474 
-0.228351 0.0637434 0.97149 124.694 0.0103055 0.997957 -0.0630576 -8.99461 -0.973524 -0.00438759 -0.228541 101.318 
-0.239438 0.0637515 0.968816 125.418 0.00883368 0.997944 -0.0634849 -9.06048 -0.970871 -0.00664251 -0.239509 101.161 
-0.251186 0.0646065 0.96578 126.126 0.00889195 0.997882 -0.0644413 -9.117 -0.967898 -0.00759912 -0.251229 100.984 
-0.263433 0.065394 0.962459 126.833 0.0103655 0.997834 -0.0649604 -9.17602 -0.964622 -0.00713636 -0.263541 100.8 
-0.275173 0.0656332 0.959152 127.533 0.013493 0.997832 -0.064409 -9.23151 -0.9613 -0.00478178 -0.275462 100.606 
-0.286249 0.0658024 0.955893 128.218 0.0167293 0.99783 -0.0636795 -9.29049 -0.958009 -0.00223677 -0.286729 100.41 
-0.296629 0.0657166 0.952729 128.903 0.0202002 0.997838 -0.0625388 -9.35032 -0.954779 0.000694549 -0.297315 100.21 
-0.30537 0.0669092 0.94988 129.595 0.0253408 0.997746 -0.0621342 -9.39778 -0.951897 0.00509681 -0.306377 99.9892 
-0.312369 0.0674928 0.94756 130.274 0.0313334 0.997662 -0.0607322 -9.45042 -0.949444 0.0107194 -0.313753 99.7552 
-0.318854 0.0677493 0.945379 130.946 0.0325024 0.997637 -0.060532 -9.50958 -0.947246 0.0114262 -0.320302 99.5434 
-0.323571 0.0657839 0.943914 131.63 0.0362676 0.99771 -0.0571006 -9.56645 -0.945509 0.0157574 -0.325216 99.3208 
-0.325605 0.063477 0.943373 132.314 0.0413155 0.997746 -0.0528756 -9.61176 -0.944603 0.0217594 -0.327493 99.0919 
-0.326187 0.0626098 0.94323 132.971 0.048095 0.997611 -0.0495874 -9.66229 -0.944081 0.0291898 -0.328419 98.8576 
-0.327364 0.0607559 0.942943 133.653 0.0501591 0.997641 -0.0468662 -9.72139 -0.943566 0.0319549 -0.32964 98.6366 
-0.326635 0.0660037 0.942843 134.297 0.0528778 0.997272 -0.0514952 -9.77281 -0.94367 0.0330354 -0.329234 98.4094 
-0.325324 0.0697147 0.943029 134.952 0.0523562 0.997077 -0.0556485 -9.81574 -0.944152 0.0312696 -0.328023 98.194 
-0.324101 0.0701841 0.943416 135.604 0.0544537 0.996975 -0.0554615 -9.86072 -0.944454 0.0333973 -0.326942 97.9759 
-0.322513 0.0684209 0.944089 136.253 0.0556919 0.997028 -0.0532324 -9.91633 -0.944925 0.0354099 -0.325365 97.763 
-0.320866 0.0662 0.944808 136.909 0.0579437 0.997058 -0.0501827 -9.96315 -0.945351 0.0386437 -0.323758 97.5566 
-0.319801 0.0669653 0.945115 137.554 0.0589354 0.996974 -0.0506975 -10.0124 -0.94565 0.0394876 -0.32278 97.3537 
-0.317181 0.0692275 0.945835 138.179 0.0600837 0.996796 -0.0528085 -10.06 -0.94646 0.0400794 -0.320324 97.1482 
-0.312482 0.0707792 0.947283 138.811 0.0619935 0.996614 -0.0540151 -10.1099 -0.947899 0.0418466 -0.315812 96.9412 
-0.307374 0.070244 0.948993 139.455 0.0626879 0.9966 -0.0534636 -10.1559 -0.949522 0.043057 -0.310732 96.7534 
-0.301717 0.0690111 0.950897 140.107 0.0649835 0.996546 -0.0517049 -10.1988 -0.95118 0.0461923 -0.30516 96.5655 
-0.297303 0.0666238 0.952456 140.746 0.0644122 0.996689 -0.049612 -10.2539 -0.952608 0.0466 -0.30061 96.3836 
-0.293225 0.0668284 0.953705 141.393 0.0664219 0.996568 -0.0494098 -10.2874 -0.953733 0.0488587 -0.296658 96.2124 
-0.289508 0.0651007 0.954959 141.998 0.0667831 0.996627 -0.0476951 -10.3336 -0.954843 0.049967 -0.292879 96.0342 
-0.285357 0.0646587 0.956238 142.629 0.0717856 0.996361 -0.0459497 -10.3653 -0.955729 0.0555321 -0.28896 95.8613 
-0.281745 0.063345 0.957396 143.247 0.0743317 0.996261 -0.0440418 -10.4023 -0.956606 0.0587563 -0.2854 95.6952 
-0.278481 0.0611435 0.958493 143.84 0.0705058 0.99658 -0.0430883 -10.4566 -0.95785 0.0555801 -0.28184 95.5306 
-0.275599 0.0621087 0.959264 144.436 0.0681329 0.996663 -0.0449553 -10.5029 -0.958855 0.0529678 -0.278911 95.3869 
-0.270755 0.0652537 0.960434 145.024 0.0684285 0.996481 -0.0484122 -10.5468 -0.960213 0.0526132 -0.274268 95.227 
-0.26524 0.0683329 0.961758 145.59 0.0691116 0.996267 -0.0517246 -10.5883 -0.961702 0.0527492 -0.268972 95.0755 
-0.259093 0.0688784 0.963393 146.175 0.0674296 0.99631 -0.0530974 -10.6359 -0.963496 0.0512041 -0.262781 94.9394 
-0.251122 0.066978 0.965635 146.757 0.0640963 0.996564 -0.0524544 -10.6841 -0.965831 0.0487212 -0.254552 94.8125 
