1 2.12261e-08 -2.11895e-08 0 2.12261e-08 1 2.10703e-08 0 -2.11895e-08 2.10703e-08 1 0 
0.999999 0.000503567 0.00112571 -0.00307408 -0.000502248 0.999999 -0.00113393 -0.0162871 -0.00112632 0.0011334 0.999999 1.22516 
0.999998 0.000841722 0.00197284 -0.00839758 -0.000840342 0.999999 -0.00067879 -0.03558 -0.00197345 0.000677172 0.999998 2.43376 
0.999997 -0.000388109 0.00223596 -0.0101979 0.000390044 1 -0.000846031 -0.0512294 -0.00223567 0.000846943 0.999997 3.64031 
0.999996 -0.000887434 0.00264868 -0.0218661 0.000889668 0.999999 -0.000826425 -0.0733979 -0.00264799 0.00082882 0.999996 4.8438 
0.999993 -0.00168043 0.00340679 -0.0412312 0.00168384 0.999998 -0.000985805 -0.0947552 -0.00340517 0.000991577 0.999994 6.04774 
0.999992 -0.00116772 0.00394237 -0.0530242 0.00117495 0.999998 -0.00181938 -0.11908 -0.00394028 0.00182404 0.999991 7.27252 
0.99999 -0.00135421 0.00426564 -0.0548598 0.00136421 0.999996 -0.00233183 -0.13908 -0.00426251 0.00233766 0.999988 8.50139 
0.99999 -0.00234326 0.00387535 -0.0586673 0.00234743 0.999997 -0.00106259 -0.161887 -0.00387289 0.00107172 0.999992 9.7315 
0.999994 -0.00244502 0.00251156 -0.0738693 0.00244563 0.999997 -0.000225054 -0.181178 -0.00251105 0.000231237 0.999997 10.9452 
0.999994 -0.0035303 0.000268382 -0.0955877 0.00353047 0.999994 -0.00046952 -0.208821 -0.000266765 0.000470507 1 12.163 
0.999993 -0.00336935 -0.00170386 -0.120708 0.00336786 0.999994 -0.000900283 -0.236032 0.00170684 0.00089458 0.999998 13.3797 
0.999989 -0.00357692 -0.00297499 -0.153681 0.00357434 0.999993 -0.000886486 -0.266319 0.0029781 0.000875885 0.999995 14.5867 
0.999988 -0.00244983 -0.00422099 -0.175302 0.00244691 0.999997 -0.000706389 -0.300304 0.00422266 0.000696094 0.999991 15.8002 
0.999986 -0.00305099 -0.00439749 -0.208471 0.00304711 0.999995 -0.000899128 -0.320271 0.00440016 0.000885758 0.99999 17.0133 
0.99998 -0.00377536 -0.0050903 -0.235534 0.00377278 0.999993 -0.000525719 -0.340849 0.0050922 0.000506546 0.999987 18.2186 
0.999975 -0.00453589 -0.00541004 -0.268756 0.00453334 0.99999 -0.000491575 -0.362081 0.00541217 0.000467079 0.999985 19.4429 
0.999972 -0.00417221 -0.00628969 -0.29723 0.00416397 0.99999 -0.00132957 -0.385926 0.00629514 0.00130339 0.999979 20.6464 
0.999968 -0.00401846 -0.00696944 -0.323815 0.00400387 0.99999 -0.00211272 -0.401858 0.00697782 0.00208479 0.999974 21.8356 
0.999962 -0.00327131 -0.00812804 -0.342134 0.00325651 0.999993 -0.00183914 -0.418363 0.00813396 0.00181265 0.999965 23.0644 
0.999959 -0.00329939 -0.00846419 -0.387667 0.00328164 0.999992 -0.00211577 -0.437076 0.00847107 0.00208795 0.999962 24.2563 
0.999951 -0.00336345 -0.00928753 -0.420044 0.00333942 0.999991 -0.0026055 -0.465861 0.00929617 0.0025744 0.999954 25.4565 
0.999943 -0.00347014 -0.0100537 -0.458517 0.00344972 0.999992 -0.00205139 -0.48878 0.0100607 0.00201663 0.999947 26.6635 
0.999924 -0.00574109 -0.0109311 -0.488578 0.00573842 0.999984 -0.00028029 -0.513943 0.0109324 0.000217584 0.99994 27.8821 
0.999911 -0.0060709 -0.0119072 -0.520465 0.00607089 0.999982 -4.06274e-05 -0.543427 0.0119072 -3.16209e-05 0.999929 29.0772 
0.999904 -0.00633823 -0.0123056 -0.561401 0.00632845 0.99998 -0.000836685 -0.565427 0.0123106 0.000758771 0.999924 30.2762 
0.999894 -0.00702011 -0.012788 -0.609865 0.00700434 0.999975 -0.00128017 -0.60223 0.0127966 0.0011905 0.999917 31.4821 
0.999895 -0.00631046 -0.0130301 -0.668327 0.00629671 0.99998 -0.00109891 -0.637404 0.0130368 0.00101679 0.999915 32.73 
0.999882 -0.0073171 -0.0134895 -0.709464 0.00730964 0.999973 -0.000605448 -0.65997 0.0134936 0.000506816 0.999909 33.9545 
0.999868 -0.00813778 -0.0140583 -0.751152 0.00813688 0.999967 -0.00012403 -0.686486 0.0140588 9.66548e-06 0.999901 35.16 
0.999855 -0.00851496 -0.0147198 -0.784553 0.0085117 0.999964 -0.000287543 -0.710021 0.0147217 0.000162253 0.999892 36.3697 
0.999847 -0.00874984 -0.0151817 -0.826049 0.00874392 0.999962 -0.00045879 -0.728731 0.0151851 0.000326014 0.999885 37.6122 
0.999828 -0.01018 -0.0155363 -0.865027 0.0101918 0.999948 0.000679957 -0.767198 0.0155285 -0.00083814 0.999879 38.8205 
0.999834 -0.0100869 -0.0151522 -0.914723 0.0101162 0.999947 0.00185519 -0.790172 0.0151327 -0.00200812 0.999884 40.0238 
0.999835 -0.010282 -0.0150076 -0.96111 0.0103256 0.999943 0.00282649 -0.815587 0.0149776 -0.00298094 0.999883 41.2517 
0.999845 -0.00968283 -0.0147002 -1.00657 0.00971755 0.99995 0.00228887 -0.833882 0.0146773 -0.00243132 0.999889 42.4802 
0.999863 -0.00904989 -0.013874 -1.0636 0.00908897 0.999955 0.00275304 -0.865791 0.0138484 -0.00287872 0.9999 43.6996 
0.999881 -0.00641527 -0.0140047 -1.08868 0.00647434 0.99997 0.00417361 -0.877135 0.0139775 -0.00426374 0.999893 44.9156 
0.999904 -0.00612783 -0.0124462 -1.12219 0.00622151 0.999953 0.00749867 -0.898114 0.0123996 -0.00757534 0.999894 46.1446 
0.999922 -0.00591446 -0.0110372 -1.15253 0.00602981 0.999927 0.0104434 -0.910009 0.0109745 -0.0105091 0.999885 47.3562 
0.999938 -0.00563316 -0.00962529 -1.17895 0.00576359 0.999891 0.0135735 -0.911856 0.00954774 -0.0136281 0.999862 48.5733 
0.999943 -0.00630622 -0.00859139 -1.2051 0.00643016 0.999875 0.0144705 -0.908293 0.00849901 -0.0145249 0.999858 49.7896 
0.999931 -0.00887161 -0.0077439 -1.22164 0.00897399 0.999872 0.0132821 -0.91619 0.00762503 -0.0133506 0.999882 50.9893 
0.999945 -0.00789117 -0.0069688 -1.23921 0.00797225 0.9999 0.0116789 -0.920734 0.0068759 -0.0117338 0.999908 52.2082 
0.999945 -0.00804416 -0.00670109 -1.26009 0.00811894 0.999904 0.0112008 -0.931461 0.0066103 -0.0112545 0.999915 53.4208 
0.999943 -0.00833836 -0.00667984 -1.29588 0.00841056 0.999906 0.0108472 -0.935862 0.00658872 -0.0109027 0.999919 54.6125 
0.999938 -0.00834607 -0.00738937 -1.32934 0.00841723 0.999918 0.0096461 -0.936969 0.00730822 -0.00970766 0.999926 55.8189 
0.999921 -0.00866793 -0.00911485 -1.36665 0.00876275 0.999907 0.0104101 -0.960329 0.00902373 -0.0104891 0.999904 56.9958 
0.999897 -0.00997293 -0.010364 -1.40761 0.0100903 0.999885 0.0113319 -0.963429 0.0102497 -0.0114352 0.999882 58.2119 
0.999876 -0.010766 -0.0114954 -1.44103 0.0109002 0.999873 0.0116701 -0.972928 0.0113683 -0.0117939 0.999866 59.4166 
0.999872 -0.0100758 -0.0124384 -1.47805 0.0102154 0.999885 0.0112061 -0.980169 0.012324 -0.0113317 0.99986 60.6332 
0.999874 -0.00952089 -0.0126672 -1.51878 0.00966243 0.999891 0.0111564 -0.992796 0.0125596 -0.0112774 0.999858 61.8727 
0.999864 -0.0107747 -0.0125187 -1.57124 0.0109168 0.999876 0.011334 -1.01113 0.012395 -0.0114691 0.999857 63.0593 
0.999852 -0.011484 -0.0128083 -1.6017 0.0116164 0.999879 0.0103073 -1.01703 0.0126883 -0.0104545 0.999865 64.2876 
0.999856 -0.0103124 -0.0134674 -1.63263 0.0104646 0.999882 0.0112788 -1.01374 0.0133494 -0.011418 0.999846 65.4883 
0.999866 -0.0101108 -0.0128494 -1.70954 0.0102657 0.999875 0.0120448 -0.998335 0.0127259 -0.0121751 0.999845 66.6547 
0.99986 -0.0107681 -0.0128117 -1.76568 0.0109127 0.999877 0.0112679 -1.03006 0.0126887 -0.0114061 0.999854 67.8355 
0.999891 -0.00853265 -0.0120197 -1.83332 0.00865164 0.999914 0.00987942 -1.02971 0.0119344 -0.0099823 0.999879 68.9935 
0.999908 -0.00703334 -0.0115906 -1.89805 0.00715252 0.999922 0.0102695 -1.04726 0.0115175 -0.0103515 0.99988 70.1658 
0.999919 -0.00571393 -0.0113328 -1.93918 0.00583235 0.999929 0.0104407 -1.06137 0.0112723 -0.0105059 0.999881 71.3693 
0.999928 -0.0039449 -0.0113685 -1.97337 0.00406554 0.999936 0.0106052 -1.0637 0.0113259 -0.0106506 0.999879 72.5651 
0.999939 -0.00373866 -0.0103937 -2.00499 0.00385531 0.99993 0.0112218 -1.07242 0.010351 -0.0112612 0.999883 73.7538 
0.999966 -0.000877026 -0.00818415 -2.03057 0.000968392 0.999937 0.0111613 -1.06585 0.0081738 -0.0111688 0.999904 74.9871 
0.999983 -0.00310978 -0.00501366 -2.06531 0.00315681 0.999951 0.00939014 -1.08388 0.00498417 -0.00940576 0.999943 76.2005 
0.999973 -0.00685876 -0.00261035 -2.08632 0.00687056 0.999966 0.00452179 -1.09729 0.00257921 -0.00453956 0.999986 77.3688 
0.999983 -0.00585817 3.7601e-05 -2.10964 0.00585803 0.999976 0.00369138 -1.10523 -5.92672e-05 -0.00369106 0.999993 78.5407 
0.999974 -0.00651994 0.00296241 -2.13308 0.00649811 0.999952 0.00733353 -1.12834 -0.00301013 -0.00731405 0.999969 79.7135 
0.99996 -0.00565313 0.00693623 -2.16276 0.00559444 0.999949 0.00845817 -1.14291 -0.00698373 -0.00841898 0.99994 80.8779 
0.999921 -0.00511119 0.0114556 -2.17708 0.00503457 0.999965 0.00671079 -1.15593 -0.0114895 -0.00665255 0.999912 82.0418 
0.99986 -0.00549736 0.0157942 -2.22048 0.00544026 0.999979 0.00365861 -1.18059 -0.015814 -0.00357213 0.999869 83.2536 
0.999781 -0.00656514 0.019878 -2.22817 0.00656356 0.999978 0.000146944 -1.19903 -0.0198786 -1.63995e-05 0.999802 84.4244 
0.999689 -0.00781553 0.0236665 -2.23459 0.00782783 0.999969 -0.000425124 -1.22577 -0.0236625 0.000610292 0.99972 85.6054 
0.999579 -0.00815898 0.0278338 -2.23798 0.00812995 0.999966 0.00115756 -1.24546 -0.0278424 -0.000930748 0.999612 86.7653 
0.999474 -0.00670459 0.0317297 -2.22682 0.00665924 0.999977 0.00153611 -1.26812 -0.0317393 -0.00132396 0.999495 87.9283 
0.999332 -0.00709594 0.0358487 -2.21048 0.0071169 0.999975 -0.000456018 -1.29301 -0.0358446 0.000710887 0.999357 89.0764 
0.999204 -0.00771207 0.0391281 -2.1769 0.00783241 0.999965 -0.0029221 -1.31407 -0.0391042 0.00322629 0.99923 90.2606 
0.999067 -0.00755175 0.042516 -2.14979 0.0077009 0.999965 -0.00334427 -1.33382 -0.0424893 0.0036686 0.99909 91.4404 
0.998923 -0.0085773 0.0456052 -2.13738 0.00868396 0.99996 -0.00214007 -1.36025 -0.045585 0.00253384 0.998957 92.5605 
0.998806 -0.00886695 0.0480413 -2.09164 0.00892297 0.99996 -0.000950841 -1.37503 -0.048031 0.00137842 0.998845 93.7351 
0.998686 -0.00936546 0.0503786 -2.03483 0.00935215 0.999956 0.000500828 -1.388 -0.0503811 -2.898e-05 0.99873 94.9096 
0.998542 -0.0108403 0.0528846 -1.99213 0.0107971 0.999941 0.00110381 -1.40199 -0.0528935 -0.000531158 0.9986 96.0725 
0.998414 -0.0115483 0.0550948 -1.94717 0.0116205 0.999932 -0.000988982 -1.42428 -0.0550797 0.00162768 0.998481 97.2531 
0.99831 -0.0121686 0.0568246 -1.86801 0.0124452 0.999912 -0.00451552 -1.44579 -0.0567647 0.00521512 0.998374 98.4527 
0.998206 -0.0113896 0.0587823 -1.81863 0.0118588 0.999901 -0.00763783 -1.46593 -0.0586895 0.00832125 0.998242 99.6234 
0.998121 -0.0115424 0.0601698 -1.76971 0.0120701 0.999892 -0.0084144 -1.49275 -0.0600662 0.00912489 0.998153 100.774 
0.998128 -0.0116111 0.0600559 -1.69437 0.0121167 0.999894 -0.00806032 -1.51746 -0.059956 0.00877295 0.998163 102.003 
0.998169 -0.0111438 0.0594448 -1.64865 0.0115422 0.999913 -0.00636282 -1.5407 -0.0593687 0.00703734 0.998211 103.227 
0.998258 -0.0120934 0.0577553 -1.58859 0.0124309 0.999908 -0.00548695 -1.55661 -0.0576837 0.00619538 0.998316 104.448 
0.998368 -0.0114497 0.0559472 -1.54855 0.0117352 0.99992 -0.00477669 -1.57918 -0.0558881 0.00542549 0.998422 105.673 
0.998539 -0.0113421 0.052842 -1.48626 0.0116055 0.999922 -0.00468096 -1.59815 -0.0527848 0.00528742 0.998592 106.902 
0.99869 -0.0107621 0.050016 -1.4574 0.0110244 0.999927 -0.0049697 -1.61499 -0.0499589 0.00551462 0.998736 108.097 
0.998885 -0.00941671 0.0462533 -1.4238 0.00968516 0.999938 -0.0055824 -1.64086 -0.0461979 0.00602419 0.998914 109.31 
0.999077 -0.00909503 0.0419728 -1.38214 0.00933753 0.999941 -0.00558408 -1.65931 -0.0419196 0.00597089 0.999103 110.562 
0.999236 -0.00868147 0.0381046 -1.36482 0.00887534 0.999949 -0.00492042 -1.68004 -0.03806 0.0052549 0.999262 111.8 
0.999388 -0.00824854 0.0339934 -1.34789 0.00839855 0.999956 -0.00427111 -1.70117 -0.0339567 0.00455403 0.999413 113.058 
0.999528 -0.00785981 0.0296867 -1.34051 0.00798792 0.999959 -0.00419786 -1.71908 -0.0296526 0.00443305 0.99955 114.282 
0.999664 -0.00761032 0.024777 -1.3297 0.00772013 0.999961 -0.00433779 -1.74129 -0.0247431 0.00452766 0.999684 115.536 
0.999772 -0.00694246 0.0201861 -1.34712 0.00703782 0.999964 -0.00465475 -1.7639 -0.0201531 0.0047958 0.999785 116.785 
0.999859 -0.00665869 0.0154456 -1.36515 0.00673708 0.999965 -0.00502626 -1.79411 -0.0154116 0.00512965 0.999868 118.039 
0.999925 -0.00606414 0.0106882 -1.37583 0.0061231 0.999966 -0.00548803 -1.83075 -0.0106546 0.0055531 0.999928 119.258 
0.999965 -0.00424714 0.00719017 -1.39078 0.00428854 0.999974 -0.00574717 -1.85626 -0.00716562 0.00577784 0.999958 120.521 
0.999985 -0.0024854 0.00493976 -1.41292 0.00251505 0.999979 -0.00599692 -1.87547 -0.0049248 0.00600929 0.99997 121.769 
0.999992 -0.00172368 0.00364822 -1.4238 0.00174627 0.999979 -0.0061845 -1.9092 -0.00363752 0.00619087 0.999974 123.017 
0.999996 0.000330887 0.00274165 -1.44791 -0.000313862 0.999981 -0.00619244 -1.93393 -0.00274369 0.0061916 0.999977 124.27 
0.999998 0.00125237 0.00177387 -1.47318 -0.00124172 0.999981 -0.00596964 -1.94674 -0.00178136 0.00596747 0.999981 125.538 
0.999999 0.00109569 0.00101944 -1.48933 -0.00108978 0.999983 -0.00574029 -1.96929 -0.00102575 0.00573921 0.999983 126.787 
0.999987 0.00509671 -0.000298512 -1.50301 -0.0050978 0.999979 -0.00394895 -1.98887 0.000278337 0.00395047 0.999992 128.035 
0.999981 0.00609854 -0.000966408 -1.53904 -0.00609937 0.999981 -0.00089866 -2.01032 0.000960866 0.00090458 0.999999 129.319 
0.999986 0.00514289 -0.00138803 -1.5728 -0.00514485 0.999986 -0.00144319 -2.02881 0.00138054 0.00145035 0.999998 130.589 
0.999984 0.00514252 -0.00216875 -1.59648 -0.00514829 0.999983 -0.00268617 -2.05625 0.00215486 0.00269733 0.999994 131.859 
0.999993 0.00217715 -0.00318616 -1.61753 -0.0021831 0.999996 -0.00187758 -2.07509 0.00318202 0.00188457 0.999993 133.133 
0.99999 0.000127554 -0.00451947 -1.64174 -0.0001264 1 0.000246377 -2.10845 0.00451946 -0.000245761 0.99999 134.426 
0.999983 -0.0035585 -0.00464336 -1.67162 0.00356531 0.999993 0.00144843 -2.11551 0.00463813 -0.00146492 0.999988 135.727 
0.999969 -0.00607512 -0.00495831 -1.70253 0.00608694 0.999979 0.00236527 -2.13641 0.00494379 -0.00239534 0.999985 137.012 
0.999938 -0.0102178 -0.00442157 -1.72862 0.0102207 0.999948 0.000631983 -2.15708 0.00441484 -0.000677093 0.99999 138.29 
0.999907 -0.0129881 -0.00406771 -1.76081 0.0129868 0.999916 -0.000362529 -2.18165 0.00407203 0.000309711 0.999992 139.567 
0.999896 -0.0139644 -0.00367611 -1.79206 0.0139612 0.999902 -0.000914112 -2.20011 0.00368847 0.000862737 0.999993 140.853 
0.99989 -0.0144982 -0.00319134 -1.81564 0.0144955 0.999895 -0.000897899 -2.21032 0.00320398 0.000851582 0.999995 142.167 
0.999906 -0.0134402 -0.00271508 -1.84656 0.0134436 0.999909 0.00121274 -2.23556 0.0026985 -0.00124908 0.999996 143.444 
0.999939 -0.0108516 -0.00210301 -1.87383 0.0108566 0.999938 0.00236991 -2.25342 0.00207712 -0.00239256 0.999995 144.715 
0.999936 -0.0112387 -0.00123119 -1.91242 0.0112402 0.999936 0.00115476 -2.28611 0.00121809 -0.00116848 0.999999 145.988 
0.99994 -0.0109095 -0.000706912 -1.94719 0.0109093 0.99994 -0.000353507 -2.31657 0.000710685 0.000345816 1 147.251 
0.999937 -0.0112246 -2.43054e-05 -1.98194 0.0112245 0.999933 -0.00283338 -2.34217 5.60652e-05 0.00283297 0.999996 148.522 
0.999927 -0.0120779 0.000220821 -2.0018 0.0120792 0.999902 -0.00706664 -2.36658 -0.000135491 0.00706883 0.999975 149.805 
0.999922 -0.0124652 0.000920933 -2.03543 0.0124744 0.999865 -0.0107155 -2.40118 -0.00078728 0.0107262 0.999942 151.096 
0.999918 -0.0127066 0.00133597 -2.06352 0.0127211 0.999853 -0.0114899 -2.44312 -0.00118982 0.011506 0.999933 152.38 
0.999915 -0.0129561 0.00135658 -2.09025 0.0129708 0.999851 -0.0113732 -2.47949 -0.00120907 0.0113898 0.999934 153.665 
0.999926 -0.0121029 0.00128452 -2.11688 0.0121162 0.999867 -0.0108983 -2.52302 -0.00115249 0.0109131 0.99994 154.944 
0.999935 -0.0113457 0.00135965 -2.14773 0.0113588 0.999885 -0.0100224 -2.55927 -0.00124582 0.0100372 0.999949 156.243 
0.999936 -0.0112273 0.00106198 -2.17465 0.011237 0.999891 -0.00957929 -2.6003 -0.000954361 0.00959065 0.999954 157.513 
0.999941 -0.0108131 0.000556014 -2.2044 0.0108182 0.999891 -0.0100517 -2.63298 -0.000447305 0.0100572 0.999949 158.783 
0.999944 -0.0105743 -0.000190239 -2.22849 0.0105719 0.999894 -0.0100526 -2.66253 0.000296477 0.0100501 0.999949 160.057 
0.999932 -0.0116269 -0.00072416 -2.25893 0.0116198 0.99989 -0.00920275 -2.69745 0.000831038 0.00919376 0.999957 161.366 
0.999938 -0.0110248 -0.00145565 -2.28138 0.011011 0.999898 -0.00915001 -2.7278 0.00155634 0.00913346 0.999957 162.648 
0.999941 -0.0106785 -0.00175654 -2.31909 0.0106609 0.999895 -0.0097726 -2.77344 0.00186067 0.00975335 0.999951 163.937 
0.999947 -0.0100829 -0.00220047 -2.35121 0.0100585 0.999891 -0.0108419 -2.81497 0.0023095 0.0108192 0.999939 165.199 
0.999947 -0.00984518 -0.00288724 -2.38239 0.00981346 0.999893 -0.0108146 -2.85384 0.00299337 0.0107858 0.999937 166.47 
0.999939 -0.01046 -0.00358032 -2.41286 0.0104178 0.999878 -0.0116232 -2.89639 0.00370143 0.0115853 0.999926 167.746 
0.999941 -0.00990945 -0.00453967 -2.43818 0.00985228 0.999874 -0.0124567 -2.93441 0.0046625 0.0124113 0.999912 169.022 
0.999938 -0.00993756 -0.00502561 -2.47469 0.0098764 0.999879 -0.0120605 -2.97773 0.00514481 0.0120101 0.999915 170.316 
0.999931 -0.0100994 -0.00596943 -2.50011 0.0100321 0.999887 -0.0111944 -3.00855 0.00608177 0.0111338 0.99992 171.61 
0.999924 -0.0104823 -0.00653588 -2.53673 0.0104125 0.999889 -0.0106374 -3.0536 0.00664662 0.0105686 0.999922 172.877 
0.999918 -0.0106965 -0.00701311 -2.58385 0.0106245 0.999891 -0.0102293 -3.08982 0.00712172 0.010154 0.999923 174.145 
0.999925 -0.00973801 -0.00738973 -2.62185 0.00966433 0.999904 -0.00994747 -3.1269 0.00748585 0.00987535 0.999923 175.404 
0.999925 -0.00948735 -0.00778577 -2.65772 0.00940489 0.9999 -0.010566 -3.16668 0.00788519 0.0104921 0.999914 176.674 
0.999929 -0.00871861 -0.00817459 -2.69374 0.00863031 0.999905 -0.0107805 -3.21084 0.00826776 0.0107092 0.999909 177.952 
0.999929 -0.00840938 -0.00839042 -2.73598 0.00832124 0.99991 -0.0104909 -3.24609 0.00847784 0.0104203 0.99991 179.237 
0.999926 -0.00885494 -0.00839001 -2.77502 0.00875878 0.999896 -0.0114348 -3.28545 0.00849035 0.0113605 0.999899 180.499 
0.999911 -0.0105595 -0.00817939 -2.817 0.0104553 0.999865 -0.0126899 -3.32632 0.00831224 0.0126033 0.999886 181.758 
0.999883 -0.0129021 -0.00823687 -2.84939 0.0127991 0.999841 -0.0124429 -3.35878 0.00839606 0.0123361 0.999889 183.021 
0.999886 -0.0124721 -0.0084907 -2.88709 0.0123984 0.999885 -0.00868527 -3.39401 0.00859801 0.00857906 0.999926 184.284 
0.99987 -0.013403 -0.00898018 -2.91013 0.0133656 0.999902 -0.00421652 -3.42968 0.00903577 0.00409599 0.999951 185.561 
0.999885 -0.0122618 -0.00895263 -2.94002 0.0122204 0.999914 -0.00466543 -3.46289 0.00900903 0.00455553 0.999949 186.819 
0.999907 -0.0104953 -0.00870047 -2.97515 0.0104266 0.999914 -0.00791051 -3.49088 0.00878271 0.0078191 0.999931 188.065 
0.9999 -0.0105314 -0.0094025 -3.00735 0.0104405 0.999899 -0.00966508 -3.52666 0.00950329 0.00956599 0.999909 189.307 
0.999896 -0.0108175 -0.00951859 -3.04546 0.0107282 0.999898 -0.00939005 -3.56431 0.00961916 0.009287 0.999911 190.55 
0.999899 -0.0108679 -0.00913021 -3.08569 0.0107923 0.999907 -0.00829771 -3.59973 0.0092195 0.00819838 0.999924 191.815 
0.999906 -0.0105374 -0.00875876 -3.12255 0.0104826 0.999925 -0.00628009 -3.63412 0.00882424 0.00618773 0.999942 193.081 
0.999901 -0.0116186 -0.00800501 -3.15451 0.011574 0.999917 -0.00559899 -3.66296 0.00806936 0.00550583 0.999952 194.332 
0.999914 -0.0115108 -0.00636435 -3.18692 0.0114719 0.999915 -0.00612477 -3.69809 0.00643427 0.00605127 0.999961 195.585 
0.999916 -0.0118846 -0.00512716 -3.21116 0.0118472 0.999903 -0.00728241 -3.73396 0.00521317 0.0072211 0.99996 196.825 
0.999911 -0.0128056 -0.00385305 -3.24342 0.0127727 0.999883 -0.00843972 -3.77546 0.00396063 0.00838979 0.999957 198.054 
0.999911 -0.0131056 -0.00254216 -3.26916 0.0130832 0.999877 -0.00865663 -3.8156 0.00265526 0.00862264 0.999959 199.272 
0.999916 -0.0129083 -0.00120996 -3.2951 0.0128984 0.999885 -0.00793448 -3.85616 0.0013122 0.00791825 0.999968 200.512 
0.999909 -0.0135255 -0.00022577 -3.30549 0.013524 0.999891 -0.00598882 -3.89222 0.000306705 0.00598526 0.999982 201.726 
0.999921 -0.0125634 0.000242854 -3.31483 0.0125646 0.999906 -0.00552339 -3.92824 -0.00017348 0.00552605 0.999985 202.94 
0.999918 -0.0127504 0.00113721 -3.32726 0.0127568 0.999902 -0.00575865 -3.95492 -0.00106371 0.00577273 0.999983 204.169 
0.999916 -0.012809 0.00184197 -3.33692 0.0128197 0.9999 -0.00590139 -3.98193 -0.00176624 0.00592455 0.999981 205.395 
0.999917 -0.0126292 0.00238846 -3.33558 0.0126427 0.999904 -0.00568677 -4.01373 -0.00231646 0.00571653 0.999981 206.612 
0.999925 -0.011859 0.00308422 -3.34522 0.0118777 0.999911 -0.00610653 -4.03451 -0.00301157 0.00614275 0.999977 207.815 
0.999921 -0.0120047 0.00366204 -3.36032 0.0120267 0.99991 -0.00602369 -4.06255 -0.00358944 0.0060673 0.999975 208.99 
0.999906 -0.0131823 0.003732 -3.36817 0.0132052 0.999894 -0.00616018 -4.08948 -0.00365044 0.00620893 0.999974 210.161 
0.999901 -0.0136144 0.00352797 -3.36454 0.0136341 0.999891 -0.0056155 -4.1151 -0.00345118 0.00566308 0.999978 211.375 
0.999893 -0.0142929 0.00308055 -3.37492 0.014307 0.999887 -0.00460085 -4.15154 -0.00301448 0.00464447 0.999985 212.542 
0.999904 -0.0137236 0.00213714 -3.38616 0.013733 0.999896 -0.00439309 -4.18638 -0.00207667 0.00442206 0.999988 213.664 
0.999913 -0.0131226 0.00136506 -3.39667 0.0131298 0.999899 -0.00540839 -4.21093 -0.00129399 0.00542588 0.999984 214.774 
0.999921 -0.0125939 0.000391864 -3.40336 0.0125961 0.999902 -0.00606898 -4.2408 -0.000315436 0.00607347 0.999982 215.882 
0.99992 -0.0126065 -0.000464133 -3.42176 0.0126036 0.999903 -0.00594728 -4.27974 0.000539021 0.005941 0.999982 216.968 
0.999906 -0.0135343 -0.00220558 -3.43521 0.013521 0.999891 -0.0059896 -4.30896 0.00228636 0.00595926 0.99998 218.04 
0.999894 -0.0139872 -0.00407098 -3.4455 0.013966 0.999889 -0.00520813 -4.33836 0.00414333 0.00515077 0.999978 219.122 
0.999855 -0.0155207 -0.00700038 -3.44478 0.0154954 0.999873 -0.00366091 -4.36742 0.00705627 0.00355195 0.999969 220.19 
0.999824 -0.0158048 -0.0101266 -3.45429 0.0157856 0.999873 -0.00198009 -4.40168 0.0101566 0.00181993 0.999947 221.238 
0.999795 -0.015631 -0.0128661 -3.47228 0.0156092 0.999877 -0.00179617 -4.43019 0.0128925 0.00159501 0.999916 222.276 
0.999744 -0.0158824 -0.0161011 -3.49576 0.0158487 0.999872 -0.00222136 -4.45816 0.0161343 0.00196566 0.999868 223.267 
0.999691 -0.0156013 -0.0193475 -3.52358 0.0155677 0.999877 -0.00188808 -4.48315 0.0193746 0.00158635 0.999811 224.251 
0.999619 -0.0151795 -0.0230499 -3.54996 0.0151505 0.999884 -0.00143107 -4.50723 0.0230689 0.00108135 0.999733 225.209 
0.999541 -0.0150258 -0.0262912 -3.57897 0.0149916 0.999887 -0.00149824 -4.53407 0.0263107 0.00110344 0.999653 226.164 
0.999441 -0.0152522 -0.0297613 -3.61939 0.0151962 0.999882 -0.00210919 -4.55804 0.02979 0.00165579 0.999555 227.069 
0.999314 -0.0155855 -0.033583 -3.65604 0.0155087 0.999877 -0.00254624 -4.58349 0.0336185 0.00202371 0.999433 227.959 
0.999193 -0.0146866 -0.0373734 -3.69655 0.0145893 0.999889 -0.0028765 -4.60619 0.0374115 0.00232897 0.999297 228.821 
0.999048 -0.0148423 -0.041026 -3.73261 0.014704 0.999885 -0.00367327 -4.63128 0.0410757 0.00306657 0.999151 229.666 
0.998967 -0.0127234 -0.043633 -3.7841 0.0125787 0.999914 -0.00358926 -4.65233 0.0436749 0.00303675 0.999041 230.488 
0.998909 -0.0125301 -0.0449978 -3.81564 0.0123953 0.999918 -0.0032759 -4.67233 0.0450351 0.00271461 0.998982 231.316 
0.998886 -0.0136206 -0.0451824 -3.85742 0.0135228 0.999906 -0.00247099 -4.6958 0.0452117 0.00185729 0.998976 232.101 
0.998904 -0.0129762 -0.0449721 -3.90236 0.0129052 0.999915 -0.00186806 -4.71325 0.0449925 0.00128568 0.998987 232.867 
0.998914 -0.0129375 -0.0447659 -3.94654 0.0128547 0.999915 -0.00213849 -4.73596 0.0447897 0.00156076 0.998995 233.617 
0.998924 -0.0122416 -0.044732 -3.98762 0.012063 0.999918 -0.00425943 -4.75106 0.0447805 0.00371528 0.99899 234.361 
0.998959 -0.0128223 -0.04377 -4.0313 0.0125554 0.999901 -0.00636817 -4.77244 0.0438473 0.00581203 0.999021 235.086 
0.999003 -0.0122211 -0.0429353 -4.06646 0.0119213 0.999903 -0.00723319 -4.7974 0.0430195 0.00671418 0.999052 235.819 
0.999054 -0.0113037 -0.0419935 -4.10126 0.0109814 0.999909 -0.00790059 -4.81143 0.0420789 0.00743202 0.999087 236.552 
0.999109 -0.011817 -0.0405132 -4.13808 0.0115021 0.999902 -0.00799844 -4.83105 0.0406037 0.00752537 0.999147 237.276 
0.999168 -0.0117046 -0.0390732 -4.16389 0.0114014 0.999903 -0.00797656 -4.85181 0.0391627 0.00752448 0.999205 238.013 
0.999248 -0.0115777 -0.0370045 -4.20541 0.0112874 0.999904 -0.00804611 -4.87037 0.0370941 0.00762241 0.999283 238.746 
0.999332 -0.0111719 -0.034789 -4.23741 0.0108795 0.999904 -0.00858542 -4.88818 0.0348816 0.00820124 0.999358 239.48 
0.999413 -0.0117668 -0.0321654 -4.26998 0.0115112 0.999901 -0.00812433 -4.90939 0.0322577 0.00774934 0.99945 240.179 
0.999485 -0.0132406 -0.0292311 -4.29952 0.0130327 0.999889 -0.00729504 -4.92757 0.0293244 0.00691037 0.999546 240.872 
0.999562 -0.0142194 -0.0259669 -4.33343 0.0140447 0.999878 -0.0069012 -4.94438 0.0260618 0.00653352 0.999639 241.581 
0.999631 -0.0149545 -0.0226603 -4.36633 0.0148118 0.99987 -0.00645535 -4.97468 0.0227538 0.00611738 0.999722 242.287 
0.999686 -0.0157791 -0.0194531 -4.39766 0.0156577 0.999857 -0.00637891 -4.99281 0.0195509 0.00607236 0.99979 242.969 
0.99974 -0.015903 -0.0163634 -4.42098 0.0157993 0.999854 -0.00644681 -5.0117 0.0164635 0.00618664 0.999845 243.663 
0.999786 -0.0154255 -0.0137683 -4.43981 0.0153369 0.999861 -0.0065186 -5.04134 0.0138669 0.00630608 0.999884 244.362 
0.999815 -0.0160879 -0.010554 -4.4622 0.016013 0.999846 -0.00715544 -5.05699 0.0106674 0.00698515 0.999919 245.056 
0.999849 -0.0155539 -0.00777222 -4.47973 0.0155025 0.999858 -0.0066299 -5.06911 0.00787419 0.00650846 0.999948 245.752 
0.999778 -0.0141295 -0.0156607 -4.42779 0.0140002 0.999867 -0.00834122 -5.06686 0.0157764 0.00812015 0.999843 246.416 
0.999766 -0.0161176 -0.0144015 -4.43852 0.0159964 0.999836 -0.00849017 -5.08927 0.014536 0.00825785 0.99986 247.122 
0.999771 -0.0171227 -0.0128215 -4.45426 0.016999 0.999809 -0.00969895 -5.11361 0.012985 0.00947882 0.999871 247.823 
0.999779 -0.0176301 -0.0114339 -4.4721 0.0175034 0.999785 -0.0110929 -5.13818 0.011627 0.0108903 0.999873 248.533 
0.99971 -0.0216382 -0.0106164 -4.48649 0.0215103 0.999696 -0.0120155 -5.16445 0.0108731 0.0117837 0.999871 249.252 
0.999696 -0.0221232 -0.0109075 -4.5045 0.021992 0.999686 -0.0120067 -5.18804 0.0111697 0.0117632 0.999868 249.964 
0.999697 -0.0221627 -0.0106939 -4.51689 0.0220309 0.999682 -0.0122958 -5.20934 0.010963 0.0120565 0.999867 250.7 
0.999714 -0.0217405 -0.00993535 -4.55984 0.0216167 0.999689 -0.0124068 -5.22885 0.010202 0.0121885 0.999874 251.358 
0.999738 -0.0209649 -0.0091978 -4.61669 0.0208476 0.999702 -0.012669 -5.25453 0.00946063 0.0124739 0.999877 252.136 
0.999701 -0.0225823 -0.00940397 -4.60732 0.0224603 0.999665 -0.0128819 -5.34404 0.00969168 0.0126669 0.999873 252.9 
0.999586 -0.0272925 -0.00912717 -4.62449 0.0271692 0.999541 -0.0133724 -5.41331 0.00948791 0.0131189 0.999869 253.693 
0.999471 -0.0313525 -0.00863773 -4.62554 0.0312281 0.999412 -0.0141824 -5.4359 0.00907726 0.0139052 0.999862 254.509 
0.999535 -0.0291273 -0.00904452 -4.62852 0.0290376 0.999529 -0.00989725 -5.46447 0.00932851 0.00963006 0.99991 255.273 
0.999631 -0.0256813 -0.00889915 -4.65234 0.0256491 0.999664 -0.00371632 -5.48601 0.00899156 0.00348674 0.999954 256.065 
0.999596 -0.027093 -0.00854271 -4.66722 0.0270963 0.999633 0.000261365 -5.5108 0.00853245 -0.000492692 0.999964 256.856 
0.999578 -0.028312 -0.00657426 -4.67343 0.0283011 0.999598 -0.00174865 -5.52458 0.00662109 0.0015619 0.999977 257.648 
0.999621 -0.0274445 -0.00232085 -4.69084 0.0274257 0.999593 -0.00782124 -5.54067 0.00253452 0.00775467 0.999967 258.436 
0.999677 -0.0253649 0.00156341 -4.71135 0.0253814 0.99961 -0.0116357 -5.54985 -0.0012677 0.0116717 0.999931 259.235 
0.999697 -0.0241849 0.00463149 -4.71995 0.024237 0.99964 -0.0115511 -5.56997 -0.0043505 0.0116599 0.999923 260.065 
0.999625 -0.0262752 0.00767134 -4.71428 0.0263461 0.99961 -0.00929314 -5.59136 -0.00742421 0.00949181 0.999927 260.919 
0.999538 -0.0285729 0.0103999 -4.70692 0.0286379 0.999571 -0.00615114 -5.60602 -0.0102198 0.00644617 0.999927 261.765 
0.999451 -0.0305577 0.0127906 -4.69401 0.0306173 0.999521 -0.00448774 -5.62221 -0.0126474 0.00487694 0.999908 262.617 
0.999398 -0.0308605 0.0158326 -4.70761 0.0309231 0.999515 -0.00372286 -5.64521 -0.0157101 0.00421026 0.999868 263.43 
0.999431 -0.0285419 0.0179769 -4.69513 0.0286587 0.99957 -0.00626825 -5.65567 -0.0177903 0.00677992 0.999819 264.291 
0.999418 -0.0268584 0.0210113 -4.70894 0.0270357 0.999601 -0.00819658 -5.67072 -0.0207828 0.00875991 0.999746 265.115 
0.999382 -0.0264226 0.023194 -4.69437 0.0266208 0.999611 -0.00828046 -5.69334 -0.0229662 0.00889283 0.999697 265.964 
0.999331 -0.0251756 0.0265327 -4.70125 0.0253539 0.999658 -0.00640361 -5.70574 -0.0263624 0.00707208 0.999627 266.796 
0.999265 -0.0239607 0.0299189 -4.70287 0.0241089 0.999699 -0.00460056 -5.72793 -0.0297996 0.00531854 0.999542 267.628 
0.999201 -0.023135 0.0325986 -4.68301 0.0233047 0.999717 -0.00483396 -5.74135 -0.0324775 0.00558984 0.999457 268.476 
0.9991 -0.022919 0.0357007 -4.69488 0.0231344 0.999717 -0.00562985 -5.75086 -0.0355616 0.00645073 0.999347 269.275 
0.99895 -0.0246118 0.0386365 -4.6822 0.0248633 0.999673 -0.00604171 -5.76807 -0.0384752 0.00699604 0.999235 270.118 
0.998808 -0.0274991 0.040337 -4.64958 0.0277542 0.999598 -0.00577729 -5.77807 -0.040162 0.00688997 0.999169 270.99 
0.998739 -0.0284661 0.0413513 -4.64059 0.0287394 0.999569 -0.0060281 -5.79113 -0.0411619 0.00720895 0.999127 271.812 
0.998694 -0.0287424 0.0422349 -4.62523 0.0290176 0.999561 -0.00591619 -5.81093 -0.0420464 0.00713406 0.99909 272.665 
0.998686 -0.028587 0.0425358 -4.60477 0.028873 0.999564 -0.00612394 -5.82517 -0.0423422 0.00734407 0.999076 273.532 
0.998698 -0.0283732 0.0423993 -4.58698 0.0286286 0.999575 -0.00542817 -5.84139 -0.0422273 0.00663497 0.999086 274.379 
0.998732 -0.0281003 0.0417605 -4.56623 0.0283494 0.999584 -0.00538275 -5.85977 -0.0415919 0.00655986 0.999113 275.25 
0.99876 -0.0288391 0.0405794 -4.54861 0.0291145 0.999557 -0.00621135 -5.88484 -0.0403824 0.00738514 0.999157 276.114 
0.998842 -0.0284753 0.0387803 -4.52763 0.0287726 0.999561 -0.00712722 -5.90317 -0.0385604 0.00823482 0.999222 276.979 
0.998904 -0.0280005 0.0374963 -4.52061 0.0283181 0.999567 -0.00796402 -5.92343 -0.0372571 0.00901716 0.999265 277.826 
0.999001 -0.026696 0.0358283 -4.50255 0.0270137 0.9996 -0.00841116 -5.94236 -0.0355894 0.00937065 0.999323 278.699 
0.999109 -0.0250167 0.0339899 -4.48444 0.025335 0.999639 -0.00896346 -5.96075 -0.0337534 0.00981665 0.999382 279.574 
0.999175 -0.0251074 0.0319138 -4.47944 0.0253882 0.999642 -0.00842274 -5.98843 -0.031691 0.00922607 0.999455 280.422 
0.999243 -0.0259784 0.028962 -4.47565 0.0261816 0.999635 -0.00665951 -6.01867 -0.0287785 0.00741278 0.999558 281.274 
0.999295 -0.0279717 0.0250305 -4.47968 0.0280876 0.999596 -0.00429088 -6.04315 -0.0249004 0.00499095 0.999678 282.103 
0.999372 -0.0291031 0.0202139 -4.48286 0.0291606 0.999572 -0.00255162 -6.06635 -0.020131 0.00313951 0.999792 282.947 
0.999449 -0.0295184 0.0151607 -4.47998 0.0295407 0.999563 -0.00124559 -6.08932 -0.0151174 0.00169281 0.999884 283.782 
0.999502 -0.0298171 0.0103039 -4.48201 0.0298287 0.999555 -0.000974211 -6.10548 -0.0102703 0.00128112 0.999946 284.622 
0.999509 -0.0308788 0.00537617 -4.48864 0.0308822 0.999523 -0.000533651 -6.12879 -0.00535717 0.000699459 0.999985 285.435 
0.999497 -0.0317234 0.000421806 -4.49183 0.0317237 0.999497 -0.000561125 -6.14328 -0.000403834 0.000574267 1 286.247 
0.999466 -0.0324689 -0.00363235 -4.51567 0.032466 0.999473 -0.000862206 -6.16644 0.00365838 0.000743861 0.999993 287.036 
0.999465 -0.0318652 -0.00733036 -4.54366 0.0318575 0.999492 -0.00116546 -6.18464 0.00736373 0.000931349 0.999972 287.806 
0.999443 -0.0314336 -0.0112231 -4.5627 0.0314211 0.999505 -0.00129456 -6.20022 0.0112582 0.000941241 0.999936 288.556 
0.999396 -0.0315679 -0.0144985 -4.61269 0.0315528 0.999501 -0.00126975 -6.22383 0.0145313 0.000811557 0.999894 289.288 
0.999295 -0.0324919 -0.0188008 -4.63999 0.032464 0.999471 -0.00179004 -6.24649 0.0188489 0.00117847 0.999822 289.996 
0.999249 -0.0308774 -0.0233936 -4.68372 0.0308161 0.999521 -0.00298114 -6.28269 0.0234744 0.00225805 0.999722 290.688 
0.99914 -0.0292124 -0.0294214 -4.72969 0.0290664 0.999563 -0.00538073 -6.2941 0.0295656 0.00452097 0.999553 291.369 
0.998847 -0.0289906 -0.0382674 -4.76365 0.028739 0.999562 -0.00710948 -6.3141 0.0384567 0.00600156 0.999242 292.037 
0.998379 -0.0294562 -0.048711 -4.82318 0.0291004 0.999545 -0.00799933 -6.35157 0.0489244 0.0065689 0.998781 292.702 
0.99761 -0.029461 -0.0624967 -4.86686 0.0289792 0.999543 -0.00860216 -6.3708 0.0627215 0.00677054 0.998008 293.326 
0.996443 -0.0287341 -0.0792149 -4.94256 0.0281369 0.999567 -0.00864661 -6.38928 0.079429 0.00638705 0.99682 293.956 
0.994717 -0.0263305 -0.0992171 -5.02933 0.0255808 0.999634 -0.00882112 -6.40031 0.099413 0.00623651 0.995027 294.591 
0.992235 -0.0249844 -0.121842 -5.1289 0.0240018 0.999667 -0.00952627 -6.41897 0.122039 0.00652792 0.992504 295.193 
0.98882 -0.024058 -0.147161 -5.24462 0.0228431 0.99969 -0.00994089 -6.45109 0.147355 0.00646818 0.989063 295.797 
0.984315 -0.0230291 -0.174912 -5.38279 0.0215221 0.999713 -0.0105083 -6.46745 0.175103 0.0065791 0.984528 296.383 
0.978322 -0.0220111 -0.205918 -5.52424 0.0203548 0.999741 -0.0101586 -6.48889 0.206088 0.00574703 0.978517 296.971 
0.9705 -0.0224095 -0.240058 -5.67732 0.0208232 0.999741 -0.00914306 -6.51833 0.240201 0.0038746 0.970715 297.544 
0.960863 -0.0227475 -0.27609 -5.85647 0.0212216 0.999739 -0.00851372 -6.53226 0.276212 0.00232147 0.961094 298.07 
0.949088 -0.0217597 -0.314258 -6.03972 0.0205987 0.999763 -0.00701521 -6.55527 0.314336 0.000184796 0.949312 298.613 
0.935245 -0.019937 -0.35344 -6.24362 0.0192827 0.9998 -0.00537301 -6.57946 0.353476 -0.00179014 0.935442 299.131 
0.918867 -0.0198556 -0.394067 -6.45694 0.0197089 0.999796 -0.00441982 -6.60101 0.394074 -0.00370533 0.919071 299.64 
0.900038 -0.0203501 -0.435337 -6.68664 0.0207313 0.999778 -0.00387441 -6.61877 0.435319 -0.00553792 0.900259 300.142 
0.878481 -0.0209661 -0.477317 -6.94564 0.0216672 0.999757 -0.00403663 -6.63004 0.477285 -0.00679597 0.878722 300.607 
0.853693 -0.0212483 -0.520342 -7.21707 0.0223116 0.999742 -0.00421942 -6.65086 0.520298 -0.00800755 0.853947 301.067 
0.826199 -0.0221465 -0.562943 -7.52479 0.0236197 0.99971 -0.00466392 -6.64818 0.562883 -0.00944314 0.826483 301.497 
0.795718 -0.0221907 -0.60526 -7.85831 0.0243417 0.999693 -0.0046505 -6.65614 0.605178 -0.0110325 0.796014 301.891 
0.762269 -0.0211148 -0.646916 -8.22464 0.0228013 0.999723 -0.00576311 -6.66088 0.646859 -0.0103575 0.76254 302.265 
0.725272 -0.0218644 -0.688116 -8.59109 0.0236303 0.999697 -0.00685849 -6.67098 0.688057 -0.0112861 0.725569 302.627 
0.685115 -0.0229403 -0.728074 -8.97939 0.0265532 0.999626 -0.00650995 -6.67558 0.727951 -0.0148726 0.685468 302.919 
0.640474 -0.023772 -0.767612 -9.37742 0.0317171 0.999487 -0.00448905 -6.68459 0.767324 -0.0214712 0.6409 303.188 
0.591886 -0.0229033 -0.805696 -9.78475 0.0342709 0.999407 -0.00323363 -6.69388 0.805293 -0.0256979 0.59232 303.407 
0.539795 -0.0190905 -0.84158 -10.2177 0.031571 0.999499 -0.0024229 -6.69775 0.841205 -0.0252616 0.540127 303.619 
0.486234 -0.0130054 -0.873732 -10.6621 0.0249062 0.999689 -0.00101993 -6.70706 0.873474 -0.0212653 0.486406 303.777 
0.429977 -0.0103411 -0.902781 -11.0954 0.0212254 0.999774 -0.00134286 -6.69253 0.90259 -0.0185844 0.430099 303.92 
0.372179 -0.0088128 -0.928119 -11.533 0.018885 0.99982 -0.00192066 -6.68713 0.927969 -0.0168127 0.372279 304.03 
0.311702 -0.00725044 -0.950152 -11.9446 0.0188024 0.999822 -0.00146125 -6.68104 0.949994 -0.0174096 0.311783 304.152 
0.250977 -0.0042362 -0.967984 -12.3502 0.019188 0.999816 0.000599523 -6.68249 0.967803 -0.0187241 0.251012 304.238 
0.1894 -0.000577619 -0.9819 -12.7753 0.0195097 0.999805 0.0031751 -6.68291 0.981706 -0.0197579 0.189375 304.295 
0.124977 0.00290618 -0.992155 -13.2001 0.0196609 0.999792 0.00540514 -6.69354 0.991965 -0.0201821 0.124894 304.329 
0.0596226 0.00613186 -0.998202 -13.6419 0.0181635 0.999809 0.00722663 -6.68617 0.998056 -0.0185616 0.0594998 304.316 
-0.00680118 0.0121609 -0.999903 -14.088 0.0177032 0.999771 0.0120389 -6.69481 0.99982 -0.0176195 -0.00701491 304.279 
-0.0743654 0.0189948 -0.99705 -14.5469 0.0173189 0.999692 0.0177534 -6.69368 0.997081 -0.0159476 -0.0746715 304.203 
-0.142067 0.0255259 -0.989528 -15.0064 0.0173761 0.999578 0.0232905 -6.6879 0.989705 -0.0138853 -0.14245 304.097 
-0.209222 0.0310933 -0.977374 -15.4753 0.0177575 0.99945 0.0279944 -6.67657 0.977707 -0.0114987 -0.209659 303.956 
-0.275693 0.0368124 -0.960541 -15.9546 0.0195778 0.999274 0.0326777 -6.66703 0.961046 -0.00979619 -0.276214 303.785 
-0.339122 0.0407488 -0.939859 -16.4138 0.0212286 0.999139 0.0356592 -6.65593 0.940503 -0.00785907 -0.339695 303.57 
-0.399605 0.0432763 -0.915665 -16.866 0.0231585 0.999043 0.0371103 -6.64522 0.916395 -0.00637592 -0.400225 303.318 
-0.457844 0.0436686 -0.88796 -17.3252 0.0249057 0.999031 0.0362892 -6.62706 0.888684 -0.00550048 -0.458487 303.038 
-0.512442 0.0422762 -0.857681 -17.7755 0.0245222 0.999101 0.0345956 -6.59894 0.858372 -0.00330397 -0.513017 302.718 
-0.562314 0.0420618 -0.825853 -18.2217 0.0247941 0.999114 0.0340041 -6.57811 0.826552 -0.00135526 -0.562859 302.363 
-0.607571 0.0427359 -0.793115 -18.68 0.0255877 0.999086 0.0342328 -6.56475 0.793853 0.000504904 -0.608109 301.975 
-0.646759 0.0434639 -0.761455 -19.1134 0.0256401 0.99905 0.0352479 -6.54676 0.762263 0.00327318 -0.647259 301.553 
-0.682838 0.0466058 -0.729082 -19.5598 0.0286269 0.998904 0.0370427 -6.52197 0.730009 0.0044228 -0.683423 301.096 
-0.717831 0.0534042 -0.694166 -19.9861 0.0356019 0.998565 0.0400069 -6.50356 0.695306 0.00400463 -0.718702 300.61 
-0.7519 0.0590174 -0.65663 -20.4223 0.0408702 0.998242 0.0429213 -6.48012 0.658009 0.00543592 -0.75299 300.078 
-0.782938 0.0606618 -0.619135 -20.8285 0.0429393 0.99813 0.0434955 -6.45862 0.620616 0.00746909 -0.784079 299.514 
-0.811025 0.0578814 -0.582142 -21.2103 0.0419932 0.998286 0.0407543 -6.4456 0.583503 0.00860672 -0.812065 298.916 
-0.836368 0.0552536 -0.545376 -21.5668 0.042461 0.998448 0.036039 -6.42199 0.546521 0.00698464 -0.837416 298.281 
-0.85983 0.0500563 -0.508121 -21.9457 0.0399515 0.998727 0.0307822 -6.39425 0.509015 0.00616728 -0.860736 297.588 
-0.880941 0.0471593 -0.470871 -22.3065 0.0391016 0.998874 0.0268863 -6.3679 0.471608 0.00527348 -0.881793 296.865 
-0.90004 0.0455165 -0.433424 -22.6435 0.0377758 0.998936 0.0264597 -6.34702 0.434167 0.00744189 -0.900802 296.107 
-0.917702 0.0415748 -0.395089 -22.9627 0.0344867 0.999092 0.0250286 -6.3249 0.395771 0.0093435 -0.918302 295.3 
-0.933547 0.0416444 -0.356028 -23.2581 0.0353985 0.999084 0.0240435 -6.30733 0.356703 0.00984288 -0.934166 294.462 
-0.947626 0.0433696 -0.316424 -23.5152 0.0376992 0.999 0.0240234 -6.28824 0.317149 0.0108363 -0.948314 293.626 
-0.959791 0.0458479 -0.276946 -23.7527 0.0408307 0.998881 0.0238592 -6.26865 0.27773 0.0115919 -0.960589 292.755 
-0.969971 0.0472375 -0.238591 -23.9443 0.0420894 0.998759 0.0266289 -6.25995 0.239553 0.0157871 -0.970755 291.854 
-0.97828 0.0498656 -0.201201 -24.0969 0.0451294 0.998587 0.0280617 -6.24888 0.202316 0.0183722 -0.979148 290.93 
-0.985145 0.0480225 -0.164876 -24.221 0.044111 0.998653 0.0273061 -6.22884 0.165965 0.0196276 -0.985936 289.967 
-0.990354 0.046592 -0.130495 -24.3197 0.0437817 0.998745 0.0243243 -6.22016 0.131465 0.0183764 -0.991151 288.988 
-0.994243 0.0447088 -0.0973709 -24.3888 0.0428333 0.998856 0.0212686 -6.20302 0.0982104 0.0169755 -0.995021 288.008 
-0.996889 0.0433065 -0.0658511 -24.4297 0.0420149 0.998899 0.0208743 -6.18667 0.0666826 0.0180427 -0.997611 286.976 
-0.998503 0.0418218 -0.0352605 -24.4411 0.0410971 0.998934 0.0210333 -6.17042 0.0361026 0.0195527 -0.999157 285.914 
-0.999102 0.0418578 -0.00654563 -24.4218 0.0417181 0.998926 0.0201837 -6.15477 0.00738348 0.0198925 -0.999775 284.834 
