1 2.12261e-08 -2.11895e-08 0 2.12261e-08 1 2.10703e-08 0 -2.11895e-08 2.10703e-08 1 0 
0.99998 0.000244919 -0.00628555 -0.0132165 -0.000244519 1 5.7665e-05 0.00224085 0.00628552 -5.60847e-05 0.99998 0.090713 
0.999913 0.00125753 -0.0131583 -0.0269664 -0.00125997 0.999999 -0.000180956 0.00213563 0.013158 0.000197562 0.999913 0.189943 
0.999788 0.00157661 -0.0205254 -0.0426522 -0.00158826 0.999999 -0.000553186 -0.000701039 0.0205244 0.000585711 0.999789 0.288546 
0.999553 0.00237871 -0.0298135 -0.0573469 -0.00243064 0.999996 -0.00170706 -0.00186207 0.0298093 0.0017788 0.999554 0.396182 
0.999146 0.0019998 -0.0412773 -0.0755708 -0.00211687 0.999994 -0.00279385 -0.007215 0.0412714 0.00287888 0.999144 0.512772 
0.998485 0.0020892 -0.0549802 -0.0987711 -0.00227793 0.999992 -0.00337099 -0.00998164 0.0549727 0.00349117 0.998482 0.644808 
0.997478 0.00239713 -0.0709367 -0.131868 -0.00264885 0.999991 -0.00345511 -0.00960206 0.0709277 0.00363434 0.997475 0.786283 
0.996006 0.00130277 -0.0892813 -0.169856 -0.00160427 0.999993 -0.00330582 -0.0108475 0.0892763 0.0034359 0.996001 0.943123 
0.993998 0.000646956 -0.109397 -0.207699 -0.00101403 0.999994 -0.00330016 -0.0146606 0.109395 0.00339133 0.993993 1.11295 
0.991316 1.09668e-05 -0.131504 -0.251871 -0.000478219 0.999994 -0.00352187 -0.013871 0.131503 0.00355421 0.991309 1.27556 
0.987815 0.00324492 -0.155602 -0.307383 -0.00402768 0.999981 -0.0047158 -0.017763 0.155583 0.00528509 0.987809 1.44676 
0.983534 0.00802353 -0.180545 -0.384945 -0.00925469 0.999939 -0.005978 -0.0299575 0.180486 0.0075505 0.983549 1.62637 
0.978202 0.0105061 -0.207391 -0.457328 -0.0121436 0.999904 -0.00662434 -0.034008 0.207302 0.00899847 0.978236 1.81189 
0.971494 0.0112331 -0.236798 -0.534422 -0.0131227 0.999893 -0.00640509 -0.0416367 0.236701 0.00932999 0.971538 2.00119 
0.963524 0.0127067 -0.267322 -0.621125 -0.0148662 0.999871 -0.00605593 -0.040402 0.26721 0.00980913 0.963588 2.19007 
0.953933 0.0131837 -0.299729 -0.707019 -0.0155662 0.999863 -0.00556249 -0.0333488 0.299614 0.00997193 0.954008 2.38638 
0.94265 0.0143911 -0.333471 -0.821723 -0.0170189 0.999843 -0.00496001 -0.0269339 0.333348 0.0103509 0.942747 2.60219 
0.930135 0.0158735 -0.366874 -0.934074 -0.0188825 0.999811 -0.0046141 -0.0287025 0.366732 0.0112193 0.930259 2.79051 
0.916149 0.0175267 -0.400455 -1.0549 -0.0210686 0.999768 -0.00444324 -0.0240468 0.400284 0.0125077 0.916306 2.98428 
0.900009 0.0180191 -0.435498 -1.19109 -0.0219483 0.999751 -0.00399354 -0.0214013 0.435318 0.0131527 0.900181 3.19254 
0.881435 0.012977 -0.472128 -1.33456 -0.017441 0.999835 -0.00507971 -0.0155853 0.471984 0.0127119 0.881515 3.40467 
0.859992 0.00855735 -0.510235 -1.48287 -0.0131528 0.999899 -0.00539912 -0.0206711 0.510137 0.0113543 0.860018 3.6045 
0.834705 0.00985316 -0.550609 -1.65203 -0.0134976 0.999906 -0.00256867 -0.0237918 0.550532 0.00957605 0.834759 3.80106 
0.805151 0.0150884 -0.592878 -1.85041 -0.0181375 0.999835 0.000813815 -0.0266682 0.592793 0.0100981 0.805292 3.99996 
0.772064 0.0176678 -0.635299 -2.05547 -0.0212298 0.999773 0.00200375 -0.0253137 0.63519 0.0119403 0.772264 4.17858 
0.735419 0.0172568 -0.677392 -2.27211 -0.0209817 0.999776 0.00269047 -0.0293379 0.677287 0.0122343 0.735617 4.35603 
0.694967 0.0128018 -0.718928 -2.50365 -0.0148389 0.999884 0.00346033 -0.0276559 0.718889 0.00826334 0.695076 4.53407 
0.651541 0.00884084 -0.758562 -2.75143 -0.00932417 0.99995 0.00364545 -0.0253665 0.758556 0.00469785 0.651591 4.70364 
0.606614 0.00861702 -0.79495 -3.02288 -0.00695753 0.999961 0.00553007 -0.0271421 0.794966 0.00217632 0.60665 4.84889 
0.558185 0.0091449 -0.829667 -3.31231 -0.00419484 0.999958 0.00819969 -0.0258662 0.829706 -0.00109657 0.558199 4.99212 
0.507238 0.0100129 -0.861748 -3.57441 -0.00335989 0.999948 0.00964097 -0.0275008 0.861799 -0.00199484 0.507246 5.10333 
0.454334 0.0115171 -0.890757 -3.8928 -0.00271223 0.99993 0.0115452 -0.026689 0.890827 -0.0028294 0.454333 5.20839 
0.399606 0.0136857 -0.916585 -4.19684 -0.00121298 0.999896 0.0144008 -0.0295155 0.916686 -0.00464281 0.399581 5.30215 
0.344181 0.0154903 -0.938776 -4.56563 -0.00130574 0.999871 0.0160197 -0.0219638 0.938903 -0.00428783 0.344156 5.38326 
0.289069 0.0185661 -0.957128 -4.929 0.0015025 0.999802 0.0198477 -0.0244592 0.957307 -0.0071754 0.288984 5.44803 
0.235471 0.020558 -0.971664 -5.3079 0.00669109 0.999718 0.0227731 -0.027609 0.971858 -0.0118638 0.235267 5.49815 
0.184575 0.0209907 -0.982594 -5.70156 0.00861281 0.999699 0.0229739 -0.0280644 0.982781 -0.0127033 0.184338 5.5292 
0.137308 0.0217024 -0.990291 -6.11017 0.0060935 0.999723 0.022754 -0.0246556 0.99051 -0.00915858 0.137137 5.53732 
0.0949762 0.0217416 -0.995242 -6.54773 0.00380667 0.999746 0.0222033 -0.0174188 0.995472 -0.0058973 0.0948693 5.53552 
0.0573549 0.0204263 -0.998145 -7.00223 0.00229317 0.999785 0.0205916 -0.00673267 0.998351 -0.00346991 0.0572957 5.50911 
0.0229199 0.0178434 -0.999578 -7.46436 0.00374327 0.999832 0.0179337 -0.00393653 0.99973 -0.00415269 0.0228493 5.48766 
-0.0085771 0.0149225 -0.999852 -7.951 0.00349409 0.999883 0.014893 -0.0016075 0.999957 -0.0033658 -0.00862823 5.4569 
-0.0347813 0.0135284 -0.999303 -8.44766 0.00274157 0.999906 0.0134412 -0.00253305 0.999391 -0.00227212 -0.0348152 5.40556 
-0.0556626 0.0111663 -0.998387 -8.95626 0.00286222 0.999935 0.011024 0.000740946 0.998446 -0.00224393 -0.055691 5.34957 
-0.0719467 0.0104951 -0.997353 -9.48419 0.00324881 0.999942 0.010288 0.00513991 0.997403 -0.00249998 -0.0719767 5.28672 
-0.0848862 0.0105679 -0.996335 -10.0371 0.00319874 0.999942 0.0103336 0.0140008 0.996386 -0.00230979 -0.084915 5.22004 
-0.0944031 0.0114616 -0.995468 -10.599 0.00266284 0.999933 0.0112605 0.0190737 0.995531 -0.0015877 -0.0944273 5.14058 
-0.101361 0.0125287 -0.994771 -11.1843 0.000846124 0.999921 0.0125073 0.018466 0.994849 0.000426102 -0.101364 5.06805 
-0.105917 0.013175 -0.994288 -11.7793 0.000937449 0.999913 0.0131497 0.0240996 0.994375 0.000460727 -0.105921 4.985 
-0.10721 0.0137049 -0.994142 -12.3832 0.00310395 0.999905 0.0134496 0.0319731 0.994232 -0.0016438 -0.107243 4.90565 
-0.106597 0.0160336 -0.994173 -13.0088 0.00584891 0.999863 0.0154982 0.0356823 0.994285 -0.00416272 -0.106677 4.83243 
-0.105111 0.018478 -0.994289 -13.6436 0.00495942 0.999825 0.0180566 0.0365961 0.994448 -0.0030331 -0.105185 4.75249 
-0.103547 0.018198 -0.994458 -14.2911 0.00283752 0.999834 0.0180009 0.042978 0.994621 -0.000957813 -0.103581 4.67506 
-0.101721 0.0155523 -0.994691 -14.9552 0.000756193 0.999879 0.015556 0.0418329 0.994813 0.000830241 -0.101721 4.58973 
-0.100496 0.015304 -0.99482 -15.6503 0.000580297 0.999882 0.0153233 0.0541899 0.994937 0.000962683 -0.100493 4.50551 
-0.0989062 0.0179219 -0.994935 -16.3496 0.000796858 0.999839 0.017931 0.060332 0.995096 0.000980708 -0.0989046 4.42547 
-0.0968332 0.0215288 -0.995068 -17.0726 -2.29575e-05 0.999766 0.0216327 0.0661046 0.995301 0.00211764 -0.09681 4.33472 
-0.0951514 0.0234358 -0.995187 -17.8146 0.000659515 0.999724 0.0234796 0.0757594 0.995463 0.00157781 -0.0951406 4.24781 
-0.0932535 0.0227532 -0.995382 -18.5566 -0.00106985 0.999736 0.022953 0.0827132 0.995642 0.0032054 -0.0932045 4.15965 
-0.0915395 0.0196736 -0.995607 -19.3033 -0.00380102 0.999791 0.0201058 0.0868697 0.995794 0.00562483 -0.0914456 4.07214 
-0.090059 0.0189491 -0.995756 -20.0819 -0.00472901 0.9998 0.0194537 0.0958434 0.995925 0.00646097 -0.0899513 3.98614 
-0.0886245 0.021264 -0.995838 -20.8674 -0.00224338 0.999765 0.0215475 0.109962 0.996063 0.00414372 -0.088556 3.90598 
-0.0876356 0.0237455 -0.99587 -21.6603 0.000370937 0.999717 0.0238046 0.112151 0.996153 0.00171677 -0.0876195 3.82567 
-0.0861974 0.025341 -0.995956 -22.469 0.00168083 0.999679 0.0252903 0.122222 0.996277 0.000505962 -0.0862123 3.73638 
-0.0857888 0.0208326 -0.996096 -23.2791 0.00240612 0.999783 0.0207025 0.126327 0.99631 -0.000620643 -0.0858203 3.65246 
-0.0855849 0.0140156 -0.996232 -24.0927 0.00371383 0.999899 0.0137481 0.125205 0.996324 -0.00252316 -0.0856282 3.56647 
-0.0859185 0.00943725 -0.996258 -24.8946 0.00691792 0.999937 0.00887549 0.131108 0.996278 -0.00612942 -0.0859783 3.49332 
-0.086521 0.009834 -0.996202 -25.7405 0.0085083 0.999922 0.00913177 0.142625 0.996214 -0.00768585 -0.0865979 3.4038 
-0.0866611 0.01748 -0.996085 -26.5865 0.00829895 0.999824 0.0168236 0.135823 0.996203 -0.00680847 -0.0867909 3.31334 
-0.0870739 0.0246859 -0.995896 -27.4254 0.00742279 0.999681 0.0241307 0.137949 0.996174 -0.00529113 -0.0872294 3.22649 
-0.0874818 0.0299588 -0.995716 -28.2753 0.00559254 0.999547 0.0295827 0.141428 0.99615 -0.00298059 -0.0876097 3.13283 
-0.0880142 0.0299832 -0.995668 -29.1176 0.00440543 0.999549 0.0297106 0.151413 0.99611 -0.00177135 -0.0881066 3.04051 
-0.0883224 0.0264641 -0.99574 -29.9538 0.00426276 0.999648 0.0261899 0.157987 0.996083 -0.00193141 -0.0884041 2.94826 
-0.0890707 0.0238921 -0.995739 -30.7887 0.00441934 0.999712 0.0235922 0.16783 0.996016 -0.0022991 -0.0891506 2.86432 
-0.089257 0.024837 -0.995699 -31.6384 0.00330616 0.999691 0.0246402 0.180552 0.996003 -0.0010926 -0.0893115 2.77021 
-0.0892727 0.0272661 -0.995634 -32.4781 0.00263379 0.999628 0.0271393 0.187204 0.996004 -0.000199457 -0.0893113 2.67769 
-0.0893875 0.0257228 -0.995665 -33.3196 0.00193882 0.999669 0.0256522 0.189731 0.995995 0.000362613 -0.0894078 2.58677 
-0.0891039 0.0203853 -0.995814 -34.1538 0.00106956 0.999792 0.020371 0.196116 0.996022 0.000750093 -0.0891072 2.49696 
-0.0890428 0.0160481 -0.995899 -34.9879 -1.2851e-05 0.99987 0.0161133 0.203167 0.996028 0.00144761 -0.089031 2.4059 
-0.0888186 0.0166566 -0.995909 -35.8211 0.00066356 0.999861 0.0166636 0.205834 0.996048 0.000819229 -0.0888173 2.31996 
-0.0883943 0.0192855 -0.995899 -36.669 0.00173812 0.999814 0.019207 0.201564 0.996084 -3.31623e-05 -0.0884114 2.22787 
-0.0880572 0.0242233 -0.995821 -37.5144 0.00206665 0.999707 0.0241351 0.207106 0.996113 6.7298e-05 -0.0880815 2.13919 
-0.0874695 0.0296329 -0.995726 -38.3657 0.00323519 0.999561 0.0294628 0.217672 0.996162 -0.000644229 -0.0875269 2.04383 
-0.0875627 0.0329166 -0.995615 -39.2132 0.00306007 0.999458 0.0327745 0.224201 0.996154 -0.000176782 -0.087616 1.94784 
-0.0874668 0.0324803 -0.995638 -40.0406 0.00336587 0.999472 0.0323097 0.239028 0.996162 -0.000525129 -0.0875299 1.86224 
-0.0872179 0.0278989 -0.995799 -40.8667 0.00389553 0.99961 0.0276645 0.253587 0.996182 -0.00146629 -0.0872926 1.76532 
-0.0871454 0.0230333 -0.995929 -41.6969 0.00261394 0.999735 0.0228926 0.268162 0.996192 -0.000608275 -0.0871825 1.67835 
-0.0871882 0.0201689 -0.995988 -42.5377 -0.001293 0.999792 0.0203591 0.271134 0.996191 0.00306293 -0.087144 1.58349 
-0.087664 0.0186213 -0.995976 -43.3694 -0.00417651 0.99981 0.0190606 0.268953 0.996141 0.00583068 -0.0875695 1.48775 
-0.0885031 0.0169227 -0.995932 -44.1943 -0.00176824 0.999851 0.0171464 0.265611 0.996074 0.0032786 -0.08846 1.39866 
-0.0893813 0.0133047 -0.995909 -45.0253 0.0017644 0.999911 0.0131998 0.266216 0.995996 -0.000577321 -0.0893968 1.304 
-0.0903952 0.011681 -0.995838 -45.8498 0.00594276 0.99992 0.0111894 0.268313 0.995888 -0.00490651 -0.0904573 1.2252 
-0.0926072 0.0154252 -0.995583 -46.6839 0.00631371 0.999869 0.0149043 0.260105 0.995683 -0.00490554 -0.0926925 1.13349 
-0.0940643 0.0217084 -0.995329 -47.5096 0.00888634 0.999741 0.0209648 0.257423 0.995527 -0.00687276 -0.0942328 1.03934 
-0.0958494 0.0255634 -0.995068 -48.3288 0.0105181 0.99964 0.0246678 0.253247 0.99534 -0.00810181 -0.0960838 0.939514 
-0.0971186 0.0247387 -0.994965 -49.1352 0.010565 0.99966 0.0238242 0.255183 0.995217 -0.00819803 -0.097347 0.84249 
-0.098074 0.0207409 -0.994963 -49.9251 0.00699876 0.999772 0.0201513 0.253503 0.995155 -0.00498715 -0.0981969 0.741739 
-0.0993219 0.0168877 -0.994912 -50.724 0.00259967 0.999857 0.0167121 0.255189 0.995052 -0.000926529 -0.0993516 0.639647 
-0.100677 0.0155442 -0.994798 -51.5148 -0.00134625 0.999875 0.0157598 0.250727 0.994918 0.00292594 -0.100644 0.53589 
-0.101553 0.016498 -0.994693 -52.3065 -0.00323571 0.999852 0.0169139 0.24747 0.994825 0.00493623 -0.101484 0.434165 
-0.102266 0.0181956 -0.994591 -53.0914 -0.0030203 0.999822 0.0186019 0.24545 0.994753 0.00490634 -0.102193 0.33278 
-0.103183 0.017632 -0.994506 -53.8753 -0.00480859 0.999822 0.0182251 0.242466 0.994651 0.00666273 -0.10308 0.231597 
-0.103681 0.0173378 -0.99446 -54.6531 -0.00540814 0.999823 0.0179952 0.242026 0.994596 0.00724397 -0.103569 0.130111 
-0.103997 0.0187024 -0.994402 -55.4345 -0.00406964 0.999807 0.0192296 0.249022 0.994569 0.00604672 -0.103901 0.0305114 
-0.104509 0.0216811 -0.994288 -56.2051 -0.00305752 0.999751 0.0221217 0.248878 0.994519 0.005352 -0.104417 -0.0624728 
-0.104916 0.0261227 -0.994138 -56.9702 -0.00334075 0.99964 0.0266198 0.248013 0.994476 0.00611405 -0.104791 -0.155318 
-0.105743 0.0282145 -0.993993 -57.7318 -0.00278356 0.999585 0.0286693 0.250126 0.99439 0.00579848 -0.105621 -0.248326 
-0.106267 0.0281328 -0.99394 -58.5015 -0.00238987 0.99959 0.0285482 0.254396 0.994335 0.00540917 -0.106157 -0.353644 
-0.106916 0.0263757 -0.993918 -59.2542 -0.00187248 0.999641 0.026729 0.255891 0.994266 0.00471889 -0.106828 -0.445511 
-0.107177 0.02262 -0.993983 -60.0014 -0.00132496 0.999737 0.0228938 0.262096 0.994239 0.00377071 -0.107119 -0.54471 
-0.107203 0.0199036 -0.994038 -60.7337 -0.00185437 0.999794 0.0202188 0.260836 0.994235 0.00401088 -0.107144 -0.637717 
-0.106178 0.0177112 -0.994189 -61.449 -0.0022127 0.999835 0.0180481 0.259688 0.994345 0.00411618 -0.106121 -0.731504 
-0.103877 0.0170137 -0.994445 -62.1498 -0.00440794 0.999836 0.0175664 0.256287 0.99458 0.00620825 -0.103785 -0.822861 
-0.100126 0.0178246 -0.994815 -62.8327 -0.00456349 0.999821 0.0183736 0.254335 0.994964 0.00637954 -0.100026 -0.902269 
-0.094459 0.0190614 -0.995346 -63.5023 -0.00342203 0.999805 0.0194716 0.256229 0.995523 0.00524541 -0.0943753 -0.976557 
-0.0868684 0.0204457 -0.99601 -64.1601 -0.00267821 0.999781 0.0207567 0.256901 0.996216 0.00447066 -0.0867946 -1.04894 
-0.0781899 0.02175 -0.996701 -64.7943 -0.00343577 0.99975 0.0220861 0.255933 0.996933 0.00515138 -0.0780956 -1.10688 
-0.0663247 0.023061 -0.997532 -65.418 -0.00549944 0.999709 0.023477 0.260649 0.997783 0.00704302 -0.0661786 -1.16387 
-0.0517268 0.0244248 -0.998363 -66.0152 -0.00831827 0.999656 0.0248874 0.262069 0.998627 0.00959204 -0.0515059 -1.19548 
-0.0333647 0.0254054 -0.99912 -66.6047 -0.00936389 0.999625 0.0257309 0.270104 0.999399 0.0102142 -0.0331143 -1.21938 
-0.0113875 0.0261063 -0.999594 -67.1648 -0.0101623 0.999605 0.0262223 0.273089 0.999884 0.0104569 -0.0111177 -1.22042 
0.0137983 0.0263787 -0.999557 -67.7031 -0.00909394 0.999614 0.0262547 0.275015 0.999863 0.00872768 0.0140329 -1.19734 
0.0431029 0.026208 -0.998727 -68.2195 -0.00727054 0.999638 0.0259181 0.275067 0.999044 0.00614418 0.0432778 -1.16474 
0.0768873 0.0262184 -0.996695 -68.7033 -0.00570965 0.999649 0.0258557 0.27901 0.997023 0.00370285 0.07701 -1.10434 
0.114273 0.0262303 -0.993103 -69.1735 -0.00479895 0.999654 0.0258512 0.288148 0.993438 0.0018118 0.11436 -1.02511 
0.154895 0.0259362 -0.98759 -69.6226 -0.00449702 0.999664 0.0255479 0.291222 0.987921 0.000484009 0.15496 -0.927356 
0.200027 0.0268498 -0.979423 -70.0544 -0.00335304 0.999637 0.0267192 0.292941 0.979785 -0.00206047 0.200044 -0.814114 
0.2488 0.0254993 -0.968219 -70.4775 6.42284e-05 0.999653 0.0263437 0.292939 0.968555 -0.00661646 0.248712 -0.680238 
0.299234 0.0206441 -0.953957 -70.8706 0.00781621 0.999679 0.0240854 0.292542 0.954148 -0.0146634 0.298976 -0.522415 
0.351126 0.0156973 -0.936197 -71.2598 0.0134181 0.999672 0.0217941 0.291931 0.936232 -0.0202144 0.350801 -0.34658 
0.403998 0.0111561 -0.914692 -71.6334 0.0188807 0.999611 0.0205309 0.293374 0.914565 -0.0255644 0.40363 -0.14917 
0.455623 0.0104536 -0.890112 -71.9934 0.0185796 0.999602 0.0212499 0.304157 0.889979 -0.0262198 0.455247 0.0607846 
0.504088 0.00935202 -0.863602 -72.3508 0.0206789 0.999524 0.0228943 0.304956 0.863405 -0.029399 0.503655 0.304058 
0.549171 0.00481882 -0.835697 -72.6871 0.0289063 0.999276 0.0247575 0.310672 0.83521 -0.0377529 0.548633 0.574256 
0.593257 -0.00157213 -0.805012 -73.002 0.0394979 0.998851 0.0271574 0.310286 0.804044 -0.0479075 0.592637 0.862756 
0.636587 -0.00690649 -0.771174 -73.3128 0.0409305 0.998853 0.0248416 0.317643 0.770118 -0.0473784 0.636139 1.15262 
0.678602 -0.0119195 -0.734409 -73.6071 0.0378828 0.999106 0.0187885 0.323254 0.733529 -0.0405713 0.678447 1.44782 
0.720029 -0.018237 -0.693704 -73.8859 0.0337613 0.999391 0.00876916 0.324086 0.693122 -0.0297344 0.720206 1.76248 
0.760052 -0.0211786 -0.649517 -74.1553 0.0291568 0.999574 0.00152591 0.329795 0.649208 -0.0200976 0.760346 2.09959 
0.797848 -0.0219121 -0.602461 -74.4103 0.02721 0.99963 -0.000322979 0.328144 0.602244 -0.0161352 0.798149 2.46827 
0.832305 -0.0231103 -0.553836 -74.6442 0.027101 0.999632 -0.000985053 0.327377 0.553656 -0.0141896 0.832625 2.86239 
0.86341 -0.021852 -0.504029 -74.8758 0.0237734 0.999714 -0.00261799 0.326778 0.503942 -0.00972206 0.863683 3.28636 
0.889864 -0.0196861 -0.455801 -75.0919 0.0219947 0.999758 -0.000239321 0.31754 0.455695 -0.0098122 0.890082 3.74976 
0.911565 -0.0139861 -0.410919 -75.3157 0.0158311 0.999874 0.00108716 0.320694 0.410852 -0.00749625 0.911671 4.24157 
0.929487 -0.00885806 -0.368748 -75.5299 0.00959413 0.999954 0.000162547 0.315028 0.36873 -0.00368886 0.929529 4.75643 
0.943131 -0.00409659 -0.332395 -75.7147 0.00505551 0.999985 0.00202004 0.312471 0.332382 -0.00358554 0.943138 5.28647 
0.953227 -0.00337067 -0.302235 -75.8883 0.00492945 0.999978 0.00439477 0.306591 0.302214 -0.00567902 0.953223 5.85158 
0.960751 -0.00371949 -0.277389 -76.0698 0.00558262 0.999967 0.00592706 0.306392 0.277358 -0.00724294 0.96074 6.44036 
0.966692 -0.00135294 -0.25594 -76.2307 0.0037104 0.999955 0.00872819 0.289634 0.255917 -0.00938706 0.966653 7.02864 
0.971372 0.00132197 -0.23756 -76.3839 0.00144879 0.999933 0.0114883 0.287227 0.237559 -0.0115035 0.971305 7.63947 
0.975019 0.0064077 -0.222027 -76.5443 -0.00361657 0.999909 0.0129752 0.288714 0.22209 -0.0118481 0.974954 8.2735 
0.97793 0.0103747 -0.208676 -76.6978 -0.00754848 0.999869 0.014335 0.288537 0.208798 -0.0124434 0.97788 8.92235 
0.980681 0.00805005 -0.195449 -76.8392 -0.00548579 0.999892 0.0136575 0.30076 0.195537 -0.0123214 0.980619 9.5878 
0.983311 0.00799946 -0.181756 -76.9663 -0.00565094 0.999894 0.0134352 0.302127 0.181844 -0.0121839 0.983252 10.2607 
0.985905 0.00897628 -0.167068 -77.0921 -0.00674425 0.99988 0.0139224 0.30595 0.167173 -0.0125993 0.985847 10.9516 
0.988203 0.0104699 -0.152789 -77.2166 -0.00835154 0.99986 0.0144993 0.308707 0.152919 -0.0130522 0.988153 11.6676 
0.990005 0.0103073 -0.140656 -77.3074 -0.00870442 0.99989 0.0120058 0.301995 0.140764 -0.0106615 0.989986 12.3723 
0.991485 0.0101152 -0.12983 -77.4114 -0.00933558 0.999935 0.00661177 0.303436 0.129888 -0.00534338 0.991514 13.103 
0.992717 0.00911106 -0.120126 -77.5119 -0.00910932 0.999958 0.0005633 0.297998 0.120126 0.00053511 0.992759 13.8411 
0.993658 0.00963048 -0.112029 -77.5998 -0.00966084 0.999953 0.00027154 0.293828 0.112027 0.000812523 0.993705 14.5811 
0.994379 0.0123623 -0.105159 -77.7002 -0.01176 0.999911 0.00634483 0.286659 0.105228 -0.00507244 0.994435 15.3509 
0.994823 0.0166359 -0.100253 -77.7895 -0.0152603 0.999779 0.0144721 0.278523 0.100472 -0.0128672 0.994857 16.1096 
0.995235 0.0183612 -0.0957571 -77.8816 -0.0167017 0.999697 0.0181035 0.271065 0.0960604 -0.0164179 0.99524 16.8788 
0.995567 0.0170275 -0.0925062 -77.9621 -0.0155116 0.999734 0.0170813 0.272577 0.0927723 -0.0155707 0.995566 17.6417 
0.995848 0.016316 -0.0895618 -78.0435 -0.0149413 0.99976 0.0159971 0.275655 0.0898013 -0.0145924 0.995853 18.4113 
0.996136 0.0151218 -0.0865141 -78.1322 -0.0136195 0.999747 0.0179287 0.279296 0.0867633 -0.0166811 0.996089 19.1953 
0.996381 0.0141382 -0.0838194 -78.2041 -0.0124875 0.999718 0.0201854 0.276723 0.0840811 -0.0190656 0.996277 19.9552 
0.996628 0.0121153 -0.0811486 -78.2722 -0.0103571 0.999703 0.0220519 0.27389 0.0813917 -0.0211371 0.996458 20.7164 
0.996862 0.0119311 -0.0782502 -78.3553 -0.0105216 0.999775 0.0184 0.271335 0.0784521 -0.0175189 0.996764 21.4922 
0.996947 0.0143178 -0.0767642 -78.427 -0.0135172 0.999849 0.0109385 0.275037 0.0769091 -0.0098674 0.996989 22.2465 
0.997065 0.0149834 -0.075082 -78.5033 -0.0147675 0.999885 0.00342998 0.266372 0.0751247 -0.0023111 0.997172 23.0067 
0.997136 0.0157745 -0.0739729 -78.5695 -0.0158728 0.999874 -0.000741271 0.260666 0.0739518 0.00191335 0.99726 23.7569 
0.99728 0.0169108 -0.0717432 -78.6433 -0.0168749 0.999857 0.00110548 0.245558 0.0717516 0.000108232 0.997423 24.5142 
0.997378 0.0206782 -0.0693461 -78.7174 -0.0203936 0.999781 0.00480781 0.236761 0.0694303 -0.00338094 0.997581 25.2747 
0.997456 0.0236355 -0.0672475 -78.7897 -0.0230175 0.999686 0.00994951 0.226986 0.0674615 -0.00837629 0.997687 26.0336 
0.997675 0.0212609 -0.0647545 -78.8535 -0.0205401 0.99972 0.0117765 0.221387 0.0649867 -0.0104191 0.997832 26.7988 
0.997811 0.0187983 -0.063409 -78.9145 -0.0181182 0.999772 0.0112825 0.217961 0.0636066 -0.0101089 0.997924 27.5572 
0.997917 0.0171047 -0.062205 -78.9726 -0.0164536 0.999805 0.0109627 0.213729 0.0623804 -0.0099163 0.998003 28.3055 
0.997963 0.0180498 -0.0611908 -79.0293 -0.0175263 0.999805 0.0090804 0.205964 0.0613428 -0.00798941 0.998085 29.0498 
0.998037 0.0161923 -0.060493 -79.0807 -0.0157225 0.999843 0.00823315 0.201079 0.0606167 -0.00726584 0.998135 29.7961 
0.998097 0.0154467 -0.0597018 -79.1373 -0.014978 0.999854 0.00828986 0.194251 0.059821 -0.00737983 0.998182 30.5508 
0.998059 0.0211187 -0.0585907 -79.219 -0.0206275 0.999747 0.00897482 0.186536 0.0587654 -0.00774878 0.998242 31.3462 
0.998056 0.0212411 -0.058596 -79.2771 -0.020807 0.999751 0.00800692 0.181802 0.0587515 -0.0067721 0.99825 32.0948 
0.997969 0.021518 -0.0599525 -79.3575 -0.0210814 0.999747 0.00790495 0.174271 0.0601074 -0.00662497 0.99817 32.9139 
0.99788 0.0198339 -0.0619792 -79.4196 -0.0193557 0.999778 0.00830442 0.167746 0.0621301 -0.00708712 0.998043 33.6963 
0.997654 0.0212166 -0.0650864 -79.4885 -0.0207453 0.999754 0.0079079 0.170639 0.0652381 -0.00653907 0.997848 34.4662 
0.997379 0.0254023 -0.0677485 -79.5586 -0.0249682 0.999662 0.00724598 0.166554 0.0679096 -0.00553539 0.997676 35.2118 
0.997181 0.0256529 -0.0705112 -79.6375 -0.0255487 0.999671 0.00237751 0.160738 0.070549 -0.000569288 0.997508 36.0124 
0.996958 0.0263992 -0.0733282 -79.7051 -0.0265686 0.999646 -0.00133576 0.153431 0.073267 0.00327996 0.997307 36.8061 
0.996841 0.0253165 -0.0752754 -79.7824 -0.0256033 0.999668 -0.00284676 0.145031 0.0751783 0.0047651 0.997159 37.6149 
0.996688 0.0261874 -0.0769863 -79.8636 -0.0263697 0.999651 -0.00135266 0.132324 0.0769239 0.00337833 0.997031 38.4246 
0.996576 0.0238702 -0.07916 -79.9524 -0.0240255 0.999711 -0.00100939 0.130829 0.0791129 0.00290783 0.996861 39.2668 
0.996437 0.0231779 -0.0810923 -80.0274 -0.0231826 0.999731 0.000882596 0.123282 0.0810908 0.00100052 0.996706 40.0943 
0.996371 0.0228508 -0.0819925 -80.1256 -0.022557 0.999735 0.00450697 0.114621 0.0820738 -0.00264107 0.996623 40.9464 
0.996323 0.0229952 -0.0825376 -80.2094 -0.0223117 0.999709 0.00919349 0.105871 0.082725 -0.00731808 0.996546 41.7881 
0.996384 0.022373 -0.0819681 -80.292 -0.0215144 0.999704 0.011343 0.101575 0.0821975 -0.00953842 0.99657 42.632 
0.996491 0.0259205 -0.0795901 -80.3962 -0.0251061 0.999622 0.0112158 0.0985538 0.0798506 -0.00917824 0.996765 43.4989 
0.996609 0.0264546 -0.0779158 -80.4772 -0.025766 0.99962 0.00982917 0.0977096 0.0781462 -0.00778822 0.996912 44.3679 
0.9968 0.0243091 -0.0761528 -80.5677 -0.0238069 0.999689 0.00749422 0.0953979 0.0763112 -0.00565723 0.997068 45.2586 
0.997031 0.0200561 -0.0743447 -80.647 -0.0196668 0.999789 0.0059653 0.0896947 0.0744486 -0.00448543 0.997215 46.143 
0.997194 0.0196011 -0.0722554 -80.7326 -0.0192487 0.999799 0.00556959 0.0829685 0.07235 -0.00416309 0.997371 47.0248 
0.997307 0.0173274 -0.0712663 -80.8097 -0.0167948 0.999826 0.00806605 0.0734476 0.0713936 -0.00684738 0.997425 47.9022 
0.997426 0.0153707 -0.0700319 -80.8939 -0.0146658 0.999837 0.0105682 0.0589339 0.0701829 -0.00951384 0.997489 48.7814 
0.997493 0.0154141 -0.0690612 -80.9809 -0.014706 0.999834 0.0107497 0.0515613 0.0692154 -0.00970706 0.997555 49.659 
0.997549 0.0169135 -0.0679 -81.0616 -0.0164386 0.999836 0.00754512 0.0392446 0.0680164 -0.0064104 0.997664 50.5347 
0.997551 0.0200493 -0.0670011 -81.1469 -0.0199622 0.999799 0.00196949 0.0219278 0.067027 -0.000627131 0.997751 51.3966 
0.997586 0.0216177 -0.0659916 -81.2198 -0.0218997 0.999754 -0.00355247 0.0110371 0.0658985 0.00498914 0.997814 52.2517 
0.997523 0.0264837 -0.0651633 -81.3038 -0.0271696 0.999584 -0.00966345 -0.00136489 0.0648802 0.01141 0.997828 53.1136 
0.997586 0.0271217 -0.0639209 -81.3814 -0.0278672 0.999553 -0.0108016 -0.0231979 0.0635993 0.0125569 0.997897 53.9747 
0.997694 0.0232659 -0.0637538 -81.4513 -0.0236035 0.999711 -0.00454791 -0.0393127 0.0636295 0.00604228 0.997955 54.8312 
0.997687 0.0219715 -0.0643322 -81.5182 -0.0217361 0.999754 0.00435633 -0.0533455 0.064412 -0.00294788 0.997919 55.6835 
0.997615 0.0219013 -0.0654654 -81.5908 -0.0211579 0.999704 0.0120278 -0.0744764 0.0657094 -0.010614 0.997782 56.543 
0.997512 0.0196931 -0.0676948 -81.6693 -0.0190724 0.99977 0.00980161 -0.0793549 0.0678722 -0.00848607 0.997658 57.4 
0.997442 0.0150637 -0.0698782 -81.7357 -0.0146621 0.999873 0.00625615 -0.0894906 0.0699635 -0.00521554 0.997536 58.2461 
0.997262 0.0131695 -0.0727701 -81.8077 -0.0128405 0.999905 0.00498679 -0.100411 0.0728289 -0.00403869 0.997336 59.0805 
0.997025 0.0154185 -0.0755175 -81.8855 -0.0152242 0.999879 0.00314732 -0.11949 0.0755568 -0.00198823 0.99714 59.9013 
0.996775 0.0158614 -0.0786616 -81.978 -0.0159409 0.999873 -0.000383144 -0.124339 0.0786455 0.00163589 0.996901 60.7324 
0.996423 0.0165977 -0.0828617 -82.0613 -0.0169471 0.99985 -0.00351596 -0.140281 0.0827909 0.0049077 0.996555 61.5456 
0.996144 0.0185898 -0.0857403 -82.1559 -0.0193128 0.999785 -0.00761104 -0.157123 0.0855803 0.00923762 0.996288 62.3578 
0.995782 0.0234889 -0.0886951 -82.2607 -0.02426 0.999677 -0.00762682 -0.177455 0.0884872 0.00974644 0.99603 63.1708 
0.995408 0.0272029 -0.09178 -82.3745 -0.0278685 0.999594 -0.00597839 -0.187836 0.0915801 0.00850876 0.995761 63.9383 
0.995 0.0301702 -0.0952047 -82.4857 -0.0303494 0.999539 -0.000434221 -0.19979 0.0951477 0.0033215 0.995458 64.7528 
0.994593 0.0300888 -0.0994001 -82.5818 -0.0296957 0.999544 0.00543181 -0.216596 0.0995182 -0.00245064 0.995033 65.5507 
0.994141 0.0287728 -0.104194 -82.687 -0.0279581 0.999566 0.00927077 -0.228558 0.104415 -0.00630334 0.994514 66.3383 
0.993472 0.02737 -0.110746 -82.7923 -0.0263635 0.999597 0.0105422 -0.238434 0.11099 -0.00755372 0.993793 67.1322 
0.99288 0.0248892 -0.11649 -82.8988 -0.0234042 0.999627 0.014098 -0.241456 0.116798 -0.0112712 0.993092 67.9154 
0.992085 0.0246216 -0.123127 -83.0134 -0.0230622 0.999635 0.0140744 -0.244144 0.123429 -0.0111233 0.992291 68.697 
0.991182 0.0285125 -0.1294 -83.1403 -0.0270442 0.999549 0.01309 -0.245923 0.129715 -0.00947496 0.991506 69.4761 
0.990318 0.0303487 -0.135459 -83.2754 -0.029391 0.999527 0.00906411 -0.245727 0.13567 -0.00499502 0.990741 70.2606 
0.9895 0.0294158 -0.141511 -83.403 -0.0287771 0.999564 0.0065579 -0.253852 0.141642 -0.00241674 0.989915 71.0296 
0.988697 0.0309883 -0.146689 -83.5464 -0.0305061 0.999519 0.00553583 -0.26423 0.14679 -0.000998318 0.989167 71.8009 
0.98797 0.0329927 -0.151082 -83.685 -0.0317742 0.99944 0.0104722 -0.266838 0.151343 -0.00554562 0.988466 72.5623 
0.987016 0.033598 -0.157068 -83.8281 -0.0316821 0.99939 0.0146863 -0.273328 0.157466 -0.00951934 0.987479 73.3164 
0.986007 0.033116 -0.163381 -83.9692 -0.0307421 0.999382 0.0170374 -0.285529 0.163844 -0.0117763 0.986416 74.0767 
0.984865 0.0298278 -0.170739 -84.1146 -0.0280077 0.999522 0.0130595 -0.285627 0.171046 -0.00807984 0.98523 74.83 
0.983448 0.0279023 -0.17903 -84.2717 -0.0272349 0.99961 0.00618454 -0.29003 0.179133 -0.00120626 0.983824 75.5764 
0.981862 0.0251357 -0.187923 -84.4373 -0.0247464 0.999684 0.00441797 -0.297295 0.187974 0.000312615 0.982174 76.3221 
0.979725 0.024429 -0.198853 -84.6067 -0.0234298 0.999698 0.00737641 -0.307469 0.198973 -0.00256771 0.980002 77.0591 
0.977448 0.0240778 -0.209801 -84.783 -0.0217893 0.999675 0.013213 -0.305575 0.210051 -0.00834354 0.977655 77.7904 
0.974837 0.0266478 -0.221319 -84.9834 -0.0224558 0.999518 0.0214361 -0.323427 0.221783 -0.0159268 0.974966 78.5288 
0.97226 0.025986 -0.232456 -85.1775 -0.0207188 0.999471 0.0250721 -0.323238 0.232984 -0.0195603 0.972284 79.2544 
0.969495 0.0293639 -0.243345 -85.3911 -0.0252124 0.999479 0.0201574 -0.318568 0.24381 -0.0134071 0.96973 79.9485 
0.966566 0.0275158 -0.254936 -85.6082 -0.0255401 0.999613 0.011057 -0.31376 0.255142 -0.00417615 0.966895 80.6397 
0.963291 0.0247524 -0.267315 -85.8201 -0.0239799 0.999694 0.00615428 -0.309377 0.267385 0.000481865 0.96359 81.3331 
0.959957 0.0231753 -0.279188 -86.0495 -0.0209248 0.99972 0.0110386 -0.307276 0.279366 -0.00475453 0.960173 82.0433 
0.956658 0.0240767 -0.290216 -86.2944 -0.0195516 0.999638 0.0184819 -0.307851 0.290556 -0.0120066 0.956783 82.7563 
0.953154 0.0240211 -0.301529 -86.5625 -0.0176727 0.999561 0.0237645 -0.309051 0.301967 -0.0173224 0.953161 83.4786 
0.949118 0.0208627 -0.314228 -86.8153 -0.0147038 0.999651 0.0219575 -0.304158 0.314576 -0.0162199 0.949094 84.1885 
0.94539 0.0187784 -0.3254 -87.0881 -0.0139978 0.999757 0.0170266 -0.297375 0.325641 -0.0115418 0.945423 84.8987 
0.942382 0.0150377 -0.334201 -87.3766 -0.0123017 0.999871 0.0103017 -0.302691 0.334312 -0.00559687 0.942446 85.6134 
0.939608 0.0109638 -0.342078 -87.648 -0.0101083 0.99994 0.00428354 -0.301616 0.342104 -0.000566986 0.939662 86.3221 
0.937147 0.010493 -0.348776 -87.9524 -0.0103783 0.999944 0.00219738 -0.301937 0.348779 0.00156047 0.937204 87.0358 
0.934113 0.0151859 -0.356654 -88.2455 -0.0155188 0.999878 0.00192827 -0.307951 0.35664 0.00373366 0.934234 87.7352 
0.931308 0.0157184 -0.363893 -88.5615 -0.0151157 0.999876 0.00450403 -0.322792 0.363919 0.00130593 0.93143 88.4447 
0.928358 0.0161916 -0.371336 -88.8734 -0.0130415 0.999855 0.0109929 -0.321797 0.37146 -0.00536249 0.928434 89.153 
0.925502 0.0180708 -0.378311 -89.1713 -0.0117132 0.999749 0.0190997 -0.322996 0.378561 -0.0132456 0.925482 89.8609 
0.923028 0.0288899 -0.383648 -89.499 -0.0204853 0.999453 0.0259758 -0.331202 0.384188 -0.0161172 0.923114 90.5609 
0.920394 0.034866 -0.389434 -89.8219 -0.0282451 0.999343 0.0227161 -0.325273 0.389971 -0.00990811 0.920774 91.246 
0.91814 0.0309922 -0.395043 -90.1479 -0.0274339 0.999516 0.0146541 -0.314492 0.395306 -0.00261696 0.918546 91.9432 
0.916195 0.0231038 -0.400066 -90.4645 -0.022053 0.999731 0.00723048 -0.311839 0.400125 0.00219818 0.916458 92.6409 
0.91436 0.0240456 -0.404187 -90.7819 -0.023351 0.999705 0.0066485 -0.315855 0.404228 0.0033591 0.914652 93.3328 
0.912185 0.0299092 -0.408685 -91.1206 -0.0275157 0.999553 0.0117359 -0.319065 0.408853 0.000539965 0.9126 94.0321 
0.909574 0.0326295 -0.414259 -91.458 -0.0285369 0.999464 0.0160661 -0.325043 0.414561 -0.00279162 0.910017 94.738 
0.907365 0.0291811 -0.41933 -91.7893 -0.0255776 0.999572 0.014214 -0.334802 0.419565 -0.00217176 0.907723 95.4302 
0.904974 0.0270182 -0.424608 -92.1268 -0.0262264 0.999626 0.00771027 -0.335783 0.424658 0.00415841 0.905344 96.1196 
0.902812 0.024863 -0.429317 -92.4795 -0.0269528 0.999636 0.00121253 -0.341239 0.42919 0.0104767 0.903153 96.8126 
0.900544 0.0255295 -0.434015 -92.8354 -0.0284871 0.999594 -0.000310644 -0.344148 0.433831 0.0126436 0.900906 97.5018 
0.898521 0.0282792 -0.438018 -93.197 -0.0294823 0.999557 0.00405516 -0.356274 0.437939 0.00927018 0.898957 98.1965 
0.896378 0.0295653 -0.442304 -93.5538 -0.0299583 0.999533 0.00609863 -0.364107 0.442277 0.00778405 0.896845 98.8841 
0.894055 0.0310971 -0.446876 -93.9184 -0.0313475 0.999485 0.00683568 -0.37668 0.446858 0.00789701 0.89457 99.565 
0.891794 0.028654 -0.451534 -94.2732 -0.0289373 0.999562 0.00627921 -0.388283 0.451516 0.00746644 0.892232 100.241 
0.889775 0.0267321 -0.455616 -94.6377 -0.0272011 0.999615 0.00552852 -0.395306 0.455589 0.00747417 0.890159 100.914 
0.887641 0.0262972 -0.459785 -95.0028 -0.0264943 0.999631 0.00602462 -0.404088 0.459773 0.006834 0.88801 101.585 
0.885277 0.0275459 -0.464247 -95.3726 -0.0277155 0.999595 0.00645945 -0.412735 0.464237 0.00714851 0.885682 102.25 
0.883026 0.028147 -0.468479 -95.7406 -0.0284505 0.999575 0.00643013 -0.421829 0.468461 0.00765056 0.883451 102.91 
0.88069 0.0253416 -0.473014 -96.1047 -0.0276074 0.999617 0.00215278 -0.430311 0.472888 0.0111628 0.881052 103.561 
0.878324 0.0217731 -0.477571 -96.4692 -0.0261034 0.999656 -0.00243227 -0.441886 0.477354 0.0146026 0.87859 104.209 
0.876269 0.0199994 -0.481407 -96.8415 -0.0256628 0.999657 -0.0051827 -0.449785 0.481138 0.0168957 0.876482 104.851 
0.874387 0.0215553 -0.484751 -97.2129 -0.0254466 0.999675 -0.00144811 -0.460683 0.484562 0.0136015 0.874651 105.487 
0.87251 0.0254068 -0.487935 -97.5872 -0.0249867 0.999661 0.00737182 -0.471203 0.487956 0.00575996 0.872849 106.124 
0.871084 0.026549 -0.490416 -97.9588 -0.021011 0.999638 0.0167959 -0.477137 0.490684 -0.00432644 0.871327 106.753 
0.869794 0.026129 -0.492723 -98.3365 -0.0181928 0.999616 0.0208941 -0.469827 0.49308 -0.00920953 0.869935 107.369 
0.868213 0.0226467 -0.495675 -98.6912 -0.0146385 0.999692 0.020034 -0.463683 0.495976 -0.0101378 0.868277 107.967 
0.866498 0.0209915 -0.498738 -99.0403 -0.0148359 0.999757 0.0163033 -0.463438 0.498959 -0.00672746 0.866599 108.549 
0.864855 0.0185261 -0.50168 -99.3852 -0.0137585 0.999818 0.0132029 -0.458851 0.501833 -0.00451619 0.864953 109.115 
0.863518 0.0167425 -0.50404 -99.728 -0.0126191 0.999853 0.0115927 -0.454293 0.50416 -0.00364995 0.863603 109.664 
0.862159 0.0151346 -0.506411 -100.054 -0.0109723 0.999877 0.0112021 -0.458887 0.506518 -0.00410144 0.86222 110.206 
0.860764 0.015138 -0.50878 -100.372 -0.010426 0.999872 0.0121109 -0.462592 0.508898 -0.00512002 0.860812 110.719 
0.85952 0.0145 -0.510897 -100.684 -0.00902345 0.999872 0.013197 -0.46109 0.511023 -0.006733 0.859541 111.223 
0.857987 0.0129467 -0.513509 -100.983 -0.00683646 0.999882 0.0137865 -0.466895 0.513626 -0.00831802 0.857974 111.71 
0.856456 0.0115047 -0.516092 -101.262 -0.00502701 0.99989 0.0139471 -0.47077 0.516196 -0.00935066 0.856419 112.176 
0.855605 0.0103058 -0.517527 -101.556 -0.00430516 0.999909 0.0127941 -0.475139 0.517612 -0.00871858 0.855571 112.612 
0.854402 0.0105397 -0.519506 -101.826 -0.0068615 0.999936 0.00900192 -0.478678 0.519568 -0.00412662 0.854419 113.03 
0.852805 0.00803159 -0.522167 -102.079 -0.00646506 0.999968 0.00482196 -0.485108 0.522189 -0.000736303 0.85283 113.428 
0.850669 0.00411945 -0.525685 -102.329 -0.00323709 0.999991 0.00259792 -0.488563 0.525692 -0.000508223 0.850675 113.814 
0.848003 -0.000105839 -0.529991 -102.563 0.00197558 0.999994 0.00296125 -0.491977 0.529988 -0.00355814 0.847998 114.184 
0.844437 0.000681651 -0.535654 -102.794 0.00174571 0.99999 0.00402454 -0.491929 0.535651 -0.00433351 0.844428 114.543 
0.840682 0.00426605 -0.541513 -103.022 -0.0014498 0.999983 0.00562706 -0.496211 0.541528 -0.00394543 0.840674 114.872 
0.837107 0.00987176 -0.546951 -103.245 -0.0054626 0.999938 0.00968705 -0.497438 0.547012 -0.00512127 0.837109 115.181 
0.833291 0.0147917 -0.552637 -103.461 -0.00692306 0.999843 0.0163224 -0.498573 0.552791 -0.00977536 0.833263 115.476 
0.828292 0.0165314 -0.560052 -103.653 -0.00614703 0.999773 0.0204196 -0.503678 0.560263 -0.0134707 0.828206 115.762 
0.822888 0.0139681 -0.568032 -103.838 -0.00195781 0.999762 0.0217482 -0.507529 0.5682 -0.0167842 0.822719 116.024 
0.816071 0.0119062 -0.577829 -104.02 0.00144607 0.999743 0.0226421 -0.50957 0.577949 -0.0193131 0.815844 116.268 
0.807452 0.0104813 -0.58984 -104.193 0.00445681 0.999705 0.0238656 -0.51219 0.589916 -0.0218991 0.807168 116.492 
0.797254 0.0110107 -0.603543 -104.372 0.00460268 0.999694 0.0243178 -0.510023 0.603626 -0.0221654 0.79696 116.706 
0.785163 0.0126091 -0.61916 -104.545 0.00281594 0.99971 0.0239298 -0.513353 0.619282 -0.0205323 0.7849 116.897 
0.771198 0.0114474 -0.636493 -104.712 0.00288266 0.999765 0.0214736 -0.520057 0.636589 -0.0183952 0.770984 117.076 
0.756189 0.00883347 -0.654294 -104.872 0.00213641 0.99987 0.0159681 -0.520021 0.65435 -0.0134727 0.756072 117.243 
0.741005 0.00517639 -0.67148 -105.03 0.00211715 0.999947 0.0100449 -0.513462 0.671496 -0.00886486 0.740955 117.4 
0.725786 0.00529458 -0.6879 -105.196 -0.00190166 0.999982 0.00569017 -0.510123 0.687918 -0.00282164 0.725783 117.539 
0.709823 0.00858127 -0.704328 -105.365 -0.00927237 0.999953 0.00283831 -0.504062 0.704319 0.00451614 0.709869 117.677 
0.692334 0.0106403 -0.721498 -105.534 -0.0120227 0.999923 0.00320957 -0.50682 0.721477 0.0064523 0.692409 117.816 
0.673484 0.00912012 -0.739145 -105.706 -0.0090556 0.999951 0.00408694 -0.49962 0.739146 0.00394097 0.673534 117.955 
0.653282 0.00856243 -0.757066 -105.882 -0.00632978 0.999963 0.00584752 -0.502391 0.757088 0.000972035 0.653312 118.092 
0.63077 0.010352 -0.775901 -106.065 -0.00652257 0.999946 0.00803867 -0.499055 0.775942 -9.63895e-06 0.630804 118.219 
0.606316 0.0146798 -0.795088 -106.257 -0.0102877 0.999891 0.0106159 -0.492712 0.795157 0.00174307 0.606401 118.337 
0.581693 0.0185483 -0.813197 -106.454 -0.0124684 0.999826 0.0138863 -0.487249 0.813313 0.00206178 0.581823 118.444 
0.556046 0.0214903 -0.830873 -106.652 -0.0144611 0.999765 0.0161808 -0.485832 0.831025 0.00301815 0.556226 118.549 
0.529906 0.0244549 -0.847704 -106.854 -0.0175527 0.999686 0.017867 -0.483945 0.847875 0.00541165 0.530169 118.642 
0.503364 0.0284397 -0.863606 -107.064 -0.0217421 0.999559 0.0202442 -0.478003 0.863801 0.00858648 0.50376 118.722 
0.475235 0.0312604 -0.879303 -107.266 -0.0243125 0.999454 0.0223917 -0.476856 0.879523 0.0107368 0.475736 118.801 
0.445543 0.0310394 -0.894722 -107.47 -0.0228221 0.999468 0.0233085 -0.483338 0.89497 0.0100345 0.446014 118.872 
0.41391 0.0282661 -0.909879 -107.681 -0.0227403 0.999527 0.0207064 -0.486709 0.910034 0.0121204 0.414357 118.93 
0.380146 0.0238614 -0.924619 -107.91 -0.0222956 0.999613 0.0166301 -0.481966 0.924658 0.0142931 0.380531 118.983 
0.341284 0.0216052 -0.939712 -108.159 -0.022051 0.999645 0.0149747 -0.479 0.939702 0.015611 0.341639 119.04 
0.30031 0.0210647 -0.953609 -108.432 -0.0212649 0.999656 0.0153851 -0.477952 0.953605 0.0156582 0.300654 119.086 
0.256746 0.0194499 -0.966283 -108.729 -0.0207444 0.999678 0.0146102 -0.475213 0.966256 0.0162939 0.257067 119.129 
0.21022 0.0172574 -0.977502 -109.038 -0.0190961 0.999726 0.013543 -0.472863 0.977468 0.0158195 0.210492 119.151 
0.16131 0.0141321 -0.986803 -109.371 -0.0181084 0.999772 0.0113577 -0.452072 0.986738 0.0160373 0.161529 119.166 
0.111448 0.0131459 -0.993683 -109.711 -0.017358 0.999786 0.0112798 -0.437097 0.993619 0.0159913 0.111652 119.161 
0.0593657 0.0144719 -0.998131 -110.072 -0.0163638 0.999775 0.0135225 -0.430272 0.998102 0.0155305 0.0595892 119.141 
0.00633558 0.0168833 -0.999837 -110.443 -0.012937 0.999775 0.0168002 -0.426099 0.999896 0.0128285 0.00655258 119.105 
-0.0473187 0.0183204 -0.998712 -110.819 -0.00961866 0.999777 0.0187957 -0.414696 0.998834 0.0104957 -0.0471319 119.05 
-0.101024 0.0199885 -0.994683 -111.201 -0.00543842 0.999772 0.0206431 -0.409688 0.994869 0.00749499 -0.100892 118.972 
-0.154407 0.0228809 -0.987742 -111.607 -0.00152952 0.999725 0.0233976 -0.416998 0.988006 0.00512356 -0.154329 118.874 
-0.205721 0.0238742 -0.978319 -112.015 0.000109301 0.999703 0.0243731 -0.404089 0.978611 0.00490716 -0.205663 118.743 
-0.25515 0.0253666 -0.966569 -112.435 0.00346396 0.999673 0.025321 -0.396186 0.966895 0.00311254 -0.255154 118.591 
-0.303652 0.0279903 -0.952372 -112.874 0.0091617 0.999608 0.0264574 -0.398318 0.952739 -0.000691454 -0.303789 118.42 
-0.350373 0.0294732 -0.936146 -113.32 0.0138549 0.999559 0.0262842 -0.38971 0.936508 -0.00376094 -0.350627 118.22 
