1 2.12261e-08 -2.11895e-08 -8.67188e-15 2.12261e-08 1 2.10703e-08 -1.33227e-15 -2.11895e-08 2.10703e-08 1 -2.13718e-14 
0.999996 0.00266181 0.000819026 -0.0291644 -0.00266288 0.999996 0.00134946 -0.0104821 -0.000815473 -0.00135159 0.999999 0.731701 
0.999987 0.0046555 0.00220189 -0.0925051 -0.0046586 0.999988 0.00142606 -0.0137621 -0.00219527 -0.00143625 0.999997 1.43638 
0.999981 0.00541017 0.00311089 -0.127001 -0.00541323 0.999985 0.000988242 -0.0229887 -0.00310553 -0.00100502 0.999995 2.15883 
0.999966 0.00715537 0.00404385 -0.17387 -0.00715897 0.999974 0.000887166 -0.0422785 -0.00403744 -0.000916044 0.999991 2.87666 
0.999964 0.00704282 0.00473989 -0.200156 -0.00704569 0.999975 0.000598876 -0.0554659 -0.0047356 -0.000632209 0.999989 3.58143 
0.999958 0.00740319 0.00542464 -0.222202 -0.0074082 0.999972 0.000911761 -0.0506223 -0.00541778 -0.000951868 0.999985 4.29105 
0.999945 0.00853835 0.00603943 -0.229691 -0.00855754 0.999958 0.00316638 -0.0541668 -0.00601219 -0.00321784 0.999977 4.98065 
0.999941 0.00798111 0.00731198 -0.237652 -0.00803706 0.999938 0.00765977 -0.0761367 -0.00725044 -0.00771805 0.999944 5.65002 
0.999938 0.00692637 0.00872862 -0.246587 -0.00702433 0.999912 0.0112479 -0.0915065 -0.00864998 -0.0113084 0.999899 6.29571 
0.999931 0.0065591 0.00970138 -0.249379 -0.00668348 0.999895 0.0128485 -0.0884344 -0.00961613 -0.0129124 0.99987 6.91845 
0.999916 0.00698112 0.0109514 -0.258783 -0.00712036 0.999894 0.0127307 -0.0991676 -0.0108614 -0.0128075 0.999859 7.49991 
0.999894 0.00823715 0.0119966 -0.260644 -0.00835938 0.999913 0.0101779 -0.108086 -0.0119118 -0.010277 0.999876 8.07329 
0.999884 0.00832784 0.012737 -0.257554 -0.00842019 0.999939 0.00721756 -0.113175 -0.0126761 -0.00732393 0.999893 8.61299 
0.999877 0.00652219 0.0142643 -0.253608 -0.00661387 0.999958 0.00639214 -0.131933 -0.014222 -0.00648565 0.999878 9.12159 
0.999864 0.00271125 0.016269 -0.253009 -0.00277367 0.999989 0.00381818 -0.135755 -0.0162585 -0.00386275 0.99986 9.59062 
0.999835 0.000579174 0.0181628 -0.249732 -0.000638053 0.999995 0.00323847 -0.153536 -0.0181609 -0.00324949 0.99983 10.0345 
0.99979 0.00457801 0.0199944 -0.24636 -0.00460942 0.999988 0.00152763 -0.167433 -0.0199873 -0.00161943 0.999799 10.4525 
0.999691 0.00897955 0.0231738 -0.255282 -0.00900089 0.999959 0.000818593 -0.178026 -0.0231656 -0.00102688 0.999731 10.8377 
0.999591 0.0100436 0.0267837 -0.254787 -0.0100806 0.999948 0.00124685 -0.179478 -0.0267698 -0.0015163 0.999641 11.1857 
0.999523 0.00596765 0.0303027 -0.254063 -0.00602296 0.99998 0.00173554 -0.183876 -0.0302918 -0.00191718 0.999539 11.4992 
0.999456 0.00114366 0.0329612 -0.244849 -0.00120112 0.999998 0.00172488 -0.190048 -0.0329592 -0.00176349 0.999455 11.7935 
0.999371 -0.00154118 0.0354405 -0.2383 0.00145846 0.999996 0.00236086 -0.184195 -0.035444 -0.00230765 0.999369 12.0516 
0.999249 -0.00161184 0.0387259 -0.252352 0.00150006 0.999995 0.00291626 -0.181268 -0.0387304 -0.00285594 0.999246 12.2835 
0.999178 -0.00124561 0.0405199 -0.239343 0.00114042 0.999996 0.0026203 -0.197227 -0.0405231 -0.0025719 0.999175 12.4926 
0.999083 -0.00024484 0.0428113 -0.241598 0.000175882 0.999999 0.00161553 -0.207048 -0.0428117 -0.00160648 0.999082 12.6821 
0.998966 0.00175431 0.0454311 -0.238484 -0.00179864 0.999998 0.000935885 -0.212135 -0.0454294 -0.00101659 0.998967 12.8564 
0.998894 0.00349598 0.0468821 -0.238952 -0.00351707 0.999994 0.000368316 -0.214375 -0.0468806 -0.000532755 0.9989 13.0284 
0.998815 0.00473804 0.0484331 -0.255409 -0.00471372 0.999989 -0.000615517 -0.223593 -0.0484355 0.000386529 0.998826 13.2179 
0.998724 0.00323567 0.0504034 -0.249347 -0.00314106 0.999993 -0.00195523 -0.229977 -0.0504094 0.00179445 0.998727 13.3729 
0.998667 0.00154625 0.0515935 -0.233402 -0.00138406 0.999994 -0.00317838 -0.233535 -0.0515981 0.00310277 0.998663 13.5272 
0.998616 0.000627589 0.0525942 -0.221291 -0.000426199 0.999993 -0.00383943 -0.238088 -0.0525962 0.00381174 0.998609 13.6692 
0.998529 0.00108888 0.0542091 -0.220229 -0.000834624 0.999989 -0.00471183 -0.248431 -0.0542136 0.0046597 0.998519 13.8 
0.998487 0.00132213 0.0549734 -0.208129 -0.000961293 0.999978 -0.00658905 -0.250698 -0.054981 0.00652628 0.998466 13.9376 
0.998455 0.000773172 0.055557 -0.199349 -0.000300197 0.999964 -0.00852038 -0.252171 -0.0555617 0.00849058 0.998419 14.0842 
0.998431 -0.000372251 0.0559953 -0.186871 0.000984203 0.99994 -0.0109007 -0.252679 -0.0559879 0.0109387 0.998372 14.217 
0.998448 -0.00132284 0.0556705 -0.185523 0.00201423 0.999922 -0.0123643 -0.26134 -0.0556499 0.0124573 0.998373 14.3377 
0.99853 -0.0021066 0.0541567 -0.190799 0.00281275 0.999912 -0.0129652 -0.272098 -0.0541247 0.0130986 0.998448 14.4596 
0.998683 -0.00229591 0.0512592 -0.193657 0.00298705 0.999906 -0.0134099 -0.281704 -0.0512236 0.0135454 0.998595 14.5824 
0.998915 -0.00253142 0.0465123 -0.180118 0.00319008 0.999896 -0.0140914 -0.290147 -0.0464718 0.0142245 0.998818 14.7245 
0.999165 -0.00289335 0.0407623 -0.179742 0.00349357 0.999886 -0.0146603 -0.29545 -0.0407153 0.0147905 0.999061 14.8623 
0.999416 -0.00339543 0.0340092 -0.175767 0.00390158 0.999883 -0.0148261 -0.304392 -0.0339549 0.0149502 0.999312 14.9845 
0.999615 -0.00346764 0.0275398 -0.206289 0.00388036 0.999881 -0.0149454 -0.317365 -0.0274848 0.0150466 0.999509 15.1109 
0.999808 -0.00356693 0.0192731 -0.205412 0.00386675 0.999872 -0.0155392 -0.324871 -0.0192152 0.0156108 0.999694 15.2555 
0.999943 -0.00535193 0.00923589 -0.220858 0.00550279 0.999851 -0.0163823 -0.328138 -0.00914687 0.0164323 0.999823 15.3895 
0.999964 -0.00763066 -0.00371297 -0.23507 0.00756354 0.999813 -0.0177771 -0.335488 0.00384789 0.0177484 0.999835 15.5398 
0.99977 -0.00829183 -0.019775 -0.255352 0.00790838 0.999781 -0.0193928 -0.345035 0.0199314 0.019232 0.999616 15.6882 
0.999211 -0.00787401 -0.0389313 -0.284829 0.00709706 0.999774 -0.020056 -0.352308 0.0390804 0.019764 0.999041 15.8658 
0.998126 -0.00737838 -0.0607473 -0.322145 0.00615633 0.999775 -0.0202803 -0.348601 0.0608833 0.0198683 0.997947 16.0633 
0.996425 -0.00708086 -0.0841854 -0.376458 0.0054681 0.999797 -0.0193729 -0.348907 0.0843055 0.0188433 0.996262 16.2743 
0.993815 -0.00637031 -0.11087 -0.428401 0.00433943 0.999819 -0.0185497 -0.352553 0.110968 0.0179539 0.993662 16.4948 
0.98999 -0.00572073 -0.141021 -0.495635 0.00333827 0.999848 -0.0171254 -0.349351 0.141098 0.0164832 0.989858 16.7326 
0.984728 -0.00521544 -0.174022 -0.577878 0.00294274 0.999907 -0.0133156 -0.369305 0.174075 0.0126001 0.984652 16.9894 
0.977479 -0.00390527 -0.210998 -0.669198 0.00200341 0.999955 -0.00922683 -0.380114 0.211024 0.00859636 0.977443 17.2585 
0.968027 -0.00221475 -0.250837 -0.778656 0.00115813 0.99999 -0.00436008 -0.380499 0.250844 0.00393022 0.968019 17.532 
0.956265 0.00161712 -0.292498 -0.909677 -0.00158049 0.999999 0.000361421 -0.39039 0.292498 0.000116722 0.956266 17.8117 
0.942134 0.00519906 -0.335197 -1.03876 -0.00389509 0.999982 0.00456221 -0.397228 0.335215 -0.00299254 0.942137 18.0912 
0.925384 0.00763821 -0.378955 -1.18165 -0.00417573 0.999942 0.00995787 -0.401254 0.379009 -0.00763239 0.925362 18.3746 
0.906148 0.0105177 -0.42283 -1.35997 -0.00376278 0.999852 0.0168069 -0.399702 0.422945 -0.0136384 0.906053 18.676 
0.884048 0.0148908 -0.467158 -1.55478 -0.00467257 0.999724 0.023024 -0.400756 0.467372 -0.0181714 0.883874 18.9823 
0.859016 0.019814 -0.511565 -1.77911 -0.00708769 0.999615 0.0268156 -0.394931 0.511899 -0.0194092 0.858826 19.2826 
0.830688 0.0222309 -0.556294 -2.02082 -0.00733024 0.999553 0.0289987 -0.384771 0.55669 -0.020011 0.830479 19.5828 
0.799596 0.0257002 -0.599989 -2.28737 -0.00959774 0.999503 0.0300224 -0.378872 0.600462 -0.0182472 0.799445 19.8699 
0.765001 0.027708 -0.643433 -2.57107 -0.00959776 0.999454 0.0316281 -0.363886 0.643958 -0.01802 0.764849 20.1663 
0.727307 0.0314883 -0.685589 -2.88387 -0.0107512 0.999347 0.0344935 -0.348192 0.686228 -0.0177164 0.727171 20.4537 
0.687719 0.0317439 -0.725283 -3.22047 -0.00785435 0.99931 0.0362899 -0.329504 0.725935 -0.0192606 0.687494 20.731 
0.646498 0.0316297 -0.76226 -3.586 -0.00449817 0.999281 0.0376498 -0.325309 0.762902 -0.0209117 0.646176 20.9973 
0.603531 0.0305441 -0.796754 -3.97771 -0.000116614 0.999269 0.0382193 -0.306812 0.797339 -0.0229735 0.603094 21.251 
0.558731 0.0307172 -0.82878 -4.38874 0.00424873 0.999195 0.0398976 -0.296045 0.829338 -0.0258132 0.558151 21.4852 
0.511958 0.0319994 -0.858415 -4.82731 0.00611023 0.999145 0.0408896 -0.282717 0.858989 -0.0261788 0.511324 21.6959 
0.462086 0.0318393 -0.886263 -5.29868 0.00726405 0.999186 0.0396835 -0.269611 0.886805 -0.024775 0.461479 21.8965 
0.409835 0.0310409 -0.911632 -5.7877 0.0118903 0.999154 0.0393664 -0.254833 0.912082 -0.0269732 0.409119 22.0696 
0.35633 0.0303949 -0.933866 -6.3197 0.0160447 0.999124 0.038641 -0.234695 0.934222 -0.0287525 0.355531 22.2331 
0.302411 0.0295935 -0.952718 -6.86543 0.0179058 0.999165 0.0367199 -0.215752 0.953009 -0.0281636 0.301629 22.3614 
0.248863 0.0352161 -0.967898 -7.44828 0.0188066 0.998975 0.0411823 -0.194446 0.968356 -0.0284516 0.247945 22.4696 
0.19757 0.0402115 -0.979464 -8.05595 0.0210957 0.998753 0.0452587 -0.17071 0.980062 -0.0296042 0.196475 22.5487 
0.148733 0.0416029 -0.988002 -8.67178 0.026532 0.998587 0.0460427 -0.15312 0.988522 -0.0330617 0.147419 22.615 
0.104134 0.0427969 -0.993642 -9.32872 0.0291342 0.998514 0.04606 -0.13484 0.994137 -0.0337453 0.102732 22.6556 
0.06337 0.0412485 -0.997137 -9.9951 0.0283713 0.998667 0.0431148 -0.110952 0.997587 -0.0310222 0.0621153 22.6692 
0.027425 0.0367273 -0.998949 -10.6728 0.025847 0.998965 0.0374374 -0.0802835 0.99929 -0.0268466 0.0264474 22.6558 
-0.00141534 0.036477 -0.999334 -11.3809 0.0238025 0.999053 0.036433 -0.0513363 0.999716 -0.023735 -0.00228224 22.6348 
-0.0226013 0.0408727 -0.998909 -12.0938 0.0225357 0.998931 0.0403637 -0.0315571 0.999491 -0.0215988 -0.0234982 22.5978 
-0.03537 0.0465063 -0.998292 -12.8176 0.023902 0.99867 0.0456771 -0.00361608 0.999088 -0.0222455 -0.0364346 22.5509 
-0.0431572 0.0493092 -0.997851 -13.5526 0.0235501 0.998554 0.0483254 0.0175614 0.998791 -0.0214138 -0.044256 22.4862 
-0.0471146 0.0467707 -0.997794 -14.3027 0.0247614 0.998651 0.0456417 0.0371522 0.998583 -0.0225564 -0.0482091 22.4338 
-0.046622 0.0427945 -0.997996 -15.0923 0.0322793 0.998625 0.0413135 0.0663826 0.998391 -0.0302884 -0.0479392 22.3984 
-0.0427525 0.041385 -0.998228 -15.9076 0.043874 0.998256 0.0395071 0.101655 0.998122 -0.0421072 -0.0444936 22.3757 
-0.0376184 0.0414313 -0.998433 -16.7554 0.0445669 0.998216 0.0397431 0.130076 0.998298 -0.043002 -0.0393977 22.3467 
-0.0326902 0.0401795 -0.998658 -17.6097 0.0426164 0.998339 0.0387717 0.143895 0.998557 -0.0412917 -0.0343482 22.3094 
-0.0300304 0.0340486 -0.998969 -18.4689 0.0461304 0.998402 0.0326425 0.169109 0.998484 -0.0451025 -0.0315531 22.2903 
-0.0279491 0.0232532 -0.999339 -19.3269 0.0442939 0.998776 0.0220013 0.18912 0.998628 -0.0436496 -0.0289449 22.2506 
-0.0276678 0.0144603 -0.999513 -20.2362 0.0368116 0.999232 0.0134373 0.208158 0.998939 -0.0364218 -0.0281788 22.2036 
-0.0290738 0.0114355 -0.999512 -21.157 0.03093 0.999466 0.0105353 0.223306 0.999099 -0.0306086 -0.029412 22.1543 
-0.0325637 0.0172406 -0.999321 -22.0999 0.0222262 0.999616 0.0165214 0.225394 0.999223 -0.0216731 -0.0329344 22.0908 
-0.0378994 0.0252366 -0.998963 -23.0937 0.0169966 0.999553 0.0246066 0.241071 0.999137 -0.0160463 -0.0383113 22.0303 
-0.0428151 0.0347772 -0.998478 -24.1184 0.015533 0.999296 0.0341397 0.263905 0.998962 -0.0140476 -0.0433251 21.9688 
-0.0446276 0.0448492 -0.997996 -25.1404 0.0141242 0.99892 0.0442591 0.294321 0.998904 -0.0121207 -0.0452129 21.9074 
-0.0457353 0.0525435 -0.997571 -26.1603 0.0157336 0.99853 0.0518727 0.324459 0.99883 -0.0133229 -0.0464948 21.8487 
-0.0472141 0.0532407 -0.997465 -27.1892 0.0161893 0.998488 0.052529 0.364436 0.998754 -0.0136681 -0.0480047 21.7779 
-0.0490846 0.0508232 -0.997501 -28.2003 0.0153779 0.998625 0.0501237 0.395571 0.998676 -0.0128791 -0.0497986 21.7111 
-0.0518917 0.0458735 -0.997599 -29.2166 0.0152895 0.998864 0.0451364 0.427799 0.998536 -0.0129105 -0.0525342 21.6402 
-0.0568661 0.0405642 -0.997557 -30.2109 0.0157897 0.999086 0.0397262 0.458602 0.998257 -0.013492 -0.0574546 21.5694 
-0.0623894 0.0359324 -0.997405 -31.2218 0.0162486 0.999256 0.0349828 0.485155 0.99792 -0.0140238 -0.0629268 21.4859 
-0.0696966 0.0341375 -0.996984 -32.2481 0.015208 0.999335 0.0331548 0.508091 0.997452 -0.0128513 -0.0701694 21.3958 
-0.0763447 0.0367876 -0.996403 -33.2952 0.0154137 0.999243 0.0357115 0.529608 0.996962 -0.0126318 -0.076854 21.2928 
-0.0826607 0.0417552 -0.995703 -34.3496 0.0141921 0.99907 0.0407182 0.554693 0.996477 -0.0107653 -0.0831764 21.1775 
-0.0885447 0.0446843 -0.995069 -35.4367 0.0107694 0.998978 0.0439015 0.574257 0.996014 -0.00682901 -0.0889354 21.0352 
-0.0933695 0.0468763 -0.994527 -36.5106 0.00819417 0.998893 0.0463128 0.606078 0.995598 -0.00382508 -0.0936503 20.9136 
-0.0961497 0.0479681 -0.99421 -37.5917 0.00386442 0.998849 0.0478182 0.644955 0.995359 0.00075569 -0.0962243 20.7851 
-0.0978026 0.0492923 -0.993984 -38.6854 -0.000245281 0.998771 0.0495538 0.678247 0.995206 0.00509034 -0.0976704 20.6496 
-0.0992953 0.0487257 -0.993864 -39.7702 -0.00162891 0.998791 0.04913 0.714892 0.995057 0.00649733 -0.0990959 20.5152 
-0.100841 0.0478915 -0.993749 -40.8494 -0.0018727 0.99883 0.0483263 0.753672 0.994901 0.00673432 -0.100634 20.3832 
-0.101869 0.04697 -0.993688 -41.9624 -0.00298713 0.998866 0.0475209 0.798224 0.994793 0.00780923 -0.101613 20.2431 
-0.102953 0.0459482 -0.993624 -43.048 -0.00538073 0.998892 0.0467493 0.834431 0.994672 0.0101594 -0.102591 20.1112 
-0.103579 0.0432534 -0.99368 -44.1421 -0.00954685 0.998965 0.0444785 0.869325 0.994575 0.0140936 -0.103059 19.9657 
-0.103919 0.0381968 -0.993852 -45.2277 -0.014906 0.99909 0.0399567 0.899055 0.994474 0.0189666 -0.103255 19.8235 
-0.103266 0.0377226 -0.993938 -46.3342 -0.0157284 0.999094 0.0395524 0.92756 0.994529 0.0197175 -0.102579 19.6881 
-0.101515 0.0419367 -0.99395 -47.4573 -0.0167171 0.998898 0.0438529 0.956337 0.994694 0.0210677 -0.100702 19.544 
-0.0998917 0.0451001 -0.993976 -48.5793 -0.0171401 0.998746 0.0470391 0.988283 0.994851 0.0217357 -0.0989934 19.4189 
-0.0988209 0.0449592 -0.994089 -49.6851 -0.0153278 0.998792 0.0466956 1.02271 0.994987 0.0198517 -0.0980124 19.3005 
-0.0967508 0.0440975 -0.994331 -50.812 -0.0150316 0.998839 0.0457601 1.06206 0.995195 0.0193738 -0.0959757 19.1791 
-0.0926688 0.0442171 -0.994715 -51.957 -0.0194473 0.998743 0.0462079 1.10397 0.995507 0.0236266 -0.0916923 19.0473 
-0.0869455 0.0449445 -0.995199 -53.0824 -0.0245012 0.998583 0.0472379 1.1418 0.995912 0.0284908 -0.0857211 18.9215 
-0.0810641 0.0445113 -0.995715 -54.2083 -0.028304 0.998497 0.04694 1.17736 0.996307 0.0319879 -0.0796824 18.8042 
-0.0754018 0.0435307 -0.996203 -55.3353 -0.029796 0.998502 0.0458864 1.21705 0.996708 0.0331428 -0.0739918 18.6956 
-0.0699063 0.0428172 -0.996634 -56.4713 -0.0293579 0.998557 0.0449591 1.2545 0.997122 0.0324021 -0.0685484 18.6 
-0.0644438 0.0424391 -0.997019 -57.6269 -0.0277928 0.998631 0.0443042 1.29555 0.997534 0.0305651 -0.0631761 18.4973 
-0.0587065 0.0426861 -0.997362 -58.7676 -0.0270892 0.998649 0.0443357 1.33934 0.997908 0.0296206 -0.0574709 18.4014 
-0.0527977 0.0439592 -0.997637 -59.9061 -0.0261438 0.998627 0.0453864 1.38293 0.998263 0.0284784 -0.051576 18.306 
-0.0475944 0.0447344 -0.997865 -61.0649 -0.0265538 0.998587 0.0460333 1.4286 0.998514 0.0286881 -0.0463393 18.2383 
-0.0424842 0.0441015 -0.998123 -62.2156 -0.0258004 0.998644 0.0452226 1.46309 0.998764 0.0276732 -0.0412887 18.1705 
-0.0373453 0.0391533 -0.998535 -63.3582 -0.026073 0.998854 0.0401409 1.5018 0.998962 0.027534 -0.0362816 18.1049 
-0.0326534 0.0337023 -0.998898 -64.5232 -0.0259414 0.999066 0.034556 1.53284 0.99913 0.0270412 -0.0317486 18.0423 
-0.0289699 0.0329554 -0.999037 -65.6966 -0.0262395 0.999087 0.033718 1.56273 0.999236 0.027191 -0.0280787 17.99 
-0.0257461 0.0355529 -0.999036 -66.8621 -0.0251131 0.999029 0.0361998 1.5823 0.999353 0.026021 -0.0248283 17.9365 
-0.023367 0.0350695 -0.999112 -68.0175 -0.0254657 0.999039 0.0356626 1.60878 0.999403 0.0262764 -0.0224514 17.8826 
-0.0222957 0.0344652 -0.999157 -69.191 -0.0276126 0.999003 0.035076 1.64134 0.99937 0.0283714 -0.0213218 17.8284 
-0.0215534 0.035269 -0.999145 -70.3752 -0.0286758 0.998945 0.0358805 1.66616 0.999356 0.0294247 -0.0205192 17.7834 
-0.0201892 0.0349777 -0.999184 -71.565 -0.0290527 0.998945 0.0355563 1.68922 0.999374 0.0297469 -0.0191517 17.7295 
-0.0192641 0.0327946 -0.999276 -72.74 -0.0296041 0.999005 0.0333564 1.71463 0.999376 0.0302253 -0.018274 17.6817 
-0.0182934 0.0309742 -0.999353 -73.9074 -0.0289071 0.999086 0.0314951 1.744 0.999415 0.0294646 -0.0173813 17.6373 
-0.017778 0.0306807 -0.999371 -75.1071 -0.0249645 0.999204 0.0311197 1.76496 0.99953 0.0255021 -0.0169979 17.5977 
-0.0175632 0.0313676 -0.999354 -76.297 -0.0227809 0.999236 0.0317643 1.78564 0.999586 0.0233241 -0.0168352 17.5584 
-0.017826 0.0344723 -0.999247 -77.4926 -0.0213695 0.999164 0.0348507 1.80066 0.999613 0.0219747 -0.0170744 17.524 
-0.016977 0.0380248 -0.999133 -78.6542 -0.0242533 0.998967 0.0384306 1.81883 0.999562 0.0248847 -0.0160373 17.4702 
-0.016194 0.0377713 -0.999155 -79.8426 -0.0261399 0.998929 0.0381864 1.84261 0.999527 0.0267362 -0.0151893 17.4266 
-0.0156738 0.035689 -0.99924 -81.0375 -0.0265545 0.998995 0.0360968 1.87104 0.999525 0.0271002 -0.0147104 17.3758 
-0.0151106 0.0333913 -0.999328 -82.2255 -0.0260374 0.99909 0.0337771 1.89064 0.999547 0.0265303 -0.0142274 17.3335 
-0.014812 0.032883 -0.999349 -83.4278 -0.0242695 0.999153 0.0332362 1.91018 0.999596 0.024746 -0.0140014 17.2907 
-0.0147588 0.034579 -0.999293 -84.616 -0.0220779 0.999147 0.0349 1.93187 0.999647 0.0225774 -0.0139828 17.2556 
-0.0143035 0.036975 -0.999214 -85.8101 -0.0212454 0.999079 0.0372742 1.96207 0.999672 0.0217619 -0.0135048 17.208 
-0.0136735 0.0395008 -0.999126 -86.9911 -0.0221045 0.998963 0.0397968 1.98291 0.999662 0.0226294 -0.0127862 17.1693 
-0.013759 0.0398325 -0.999112 -88.1681 -0.0235626 0.998916 0.0401492 2.00568 0.999628 0.0240941 -0.0128055 17.1337 
-0.0134158 0.0373802 -0.999211 -89.3476 -0.0227885 0.99903 0.0376794 2.03633 0.99965 0.023276 -0.012551 17.0989 
-0.0131303 0.036505 -0.999247 -90.5148 -0.0217503 0.999087 0.036785 2.0536 0.999677 0.022217 -0.0123243 17.0677 
-0.0131061 0.0374478 -0.999213 -91.6803 -0.0197518 0.999094 0.0377024 2.07889 0.999719 0.0202304 -0.0123546 17.0291 
-0.0129476 0.0404603 -0.999097 -92.8748 -0.0171925 0.999024 0.0406802 2.101 0.999768 0.0177038 -0.0122394 16.9954 
-0.0129901 0.042736 -0.999002 -94.0773 -0.0157113 0.998954 0.0429383 2.14231 0.999792 0.0162535 -0.012305 16.972 
-0.0126916 0.0442846 -0.998938 -95.2458 -0.0157038 0.998887 0.0444818 2.17243 0.999796 0.0162517 -0.0119821 16.9439 
-0.0126687 0.0460097 -0.998861 -96.4043 -0.0181883 0.998765 0.046236 2.2049 0.999754 0.0187533 -0.0118162 16.9116 
-0.0119914 0.0451031 -0.99891 -97.5596 -0.0197116 0.998777 0.0453338 2.23666 0.999734 0.0202338 -0.0110877 16.8682 
-0.012231 0.0411374 -0.999079 -98.7296 -0.0219897 0.998901 0.0413993 2.26473 0.999683 0.0224759 -0.0113129 16.8336 
-0.012167 0.0392916 -0.999154 -99.9036 -0.0226488 0.998961 0.0395598 2.29485 0.999669 0.023111 -0.0112644 16.8008 
-0.0121655 0.0380368 -0.999202 -101.057 -0.0236707 0.998985 0.0383167 2.31839 0.999646 0.024118 -0.0112528 16.7653 
-0.0124433 0.0380844 -0.999197 -102.214 -0.0213384 0.999037 0.038344 2.34527 0.999695 0.0217984 -0.0116186 16.7425 
-0.0127237 0.0403673 -0.999104 -103.363 -0.0208099 0.998958 0.0406264 2.36458 0.999703 0.0213082 -0.0118704 16.7152 
-0.0124782 0.0424758 -0.99902 -104.528 -0.0196661 0.998894 0.0427161 2.3928 0.999729 0.0201798 -0.0116291 16.6814 
-0.0133524 0.0417341 -0.99904 -105.698 -0.0235672 0.998838 0.0420406 2.42314 0.999633 0.0241059 -0.0123533 16.6469 
-0.0133692 0.0422835 -0.999016 -106.857 -0.0274412 0.998714 0.0426379 2.45831 0.999534 0.0279843 -0.0121916 16.6031 
-0.0137541 0.0418104 -0.999031 -108.033 -0.0309403 0.998629 0.0422195 2.48149 0.999427 0.0314911 -0.0124417 16.5623 
-0.0140333 0.0379066 -0.999183 -109.2 -0.0320662 0.99875 0.0383405 2.50715 0.999387 0.0325781 -0.0128003 16.5204 
-0.0148156 0.0338033 -0.999319 -110.394 -0.032305 0.99889 0.0342678 2.54144 0.999368 0.0327908 -0.0137071 16.4863 
-0.0159899 0.0332219 -0.99932 -111.609 -0.0286288 0.999023 0.0336701 2.55718 0.999462 0.0291478 -0.0150232 16.458 
-0.0166819 0.0328644 -0.999321 -112.815 -0.0241319 0.999155 0.0332618 2.57434 0.99957 0.0246704 -0.0158747 16.4274 
-0.0171115 0.0351021 -0.999237 -114.048 -0.0238589 0.999085 0.0355053 2.59768 0.999569 0.0244483 -0.0162583 16.3838 
-0.0176879 0.039206 -0.999075 -115.271 -0.0232545 0.998945 0.0396126 2.6241 0.999573 0.0239336 -0.0167575 16.3275 
-0.0179555 0.0394312 -0.999061 -116.501 -0.0222549 0.998959 0.0398271 2.65619 0.999591 0.0229491 -0.0170592 16.273 
-0.0186093 0.0348565 -0.999219 -117.751 -0.0222364 0.999131 0.0352676 2.69037 0.99958 0.0228754 -0.017818 16.2301 
-0.0191934 0.0312328 -0.999328 -119 -0.0226718 0.999241 0.0316656 2.71765 0.999559 0.0232643 -0.0184708 16.1782 
-0.0201626 0.029683 -0.999356 -120.25 -0.0211391 0.999323 0.0301085 2.74107 0.999573 0.0217326 -0.0195215 16.1357 
-0.0211009 0.0309446 -0.999298 -121.527 -0.0227874 0.999246 0.0314241 2.76416 0.999518 0.0234345 -0.0203798 16.1015 
-0.0215749 0.03564 -0.999132 -122.802 -0.0278492 0.998955 0.036235 2.78723 0.999379 0.0286068 -0.0205598 16.0465 
-0.0217875 0.0387426 -0.999012 -124.068 -0.0333458 0.998665 0.0394564 2.81503 0.999206 0.0341725 -0.0204665 15.9866 
-0.0217378 0.0384818 -0.999023 -125.325 -0.0403477 0.998411 0.0393362 2.84497 0.998949 0.0411634 -0.0201506 15.9183 
-0.0217704 0.0366437 -0.999091 -126.61 -0.0440996 0.99832 0.0375764 2.87547 0.99879 0.0448776 -0.0201178 15.8666 
-0.0223397 0.0355201 -0.999119 -127.875 -0.0465107 0.99825 0.0365291 2.90128 0.998668 0.0472858 -0.0206486 15.8137 
-0.0231431 0.0349609 -0.999121 -129.162 -0.0462842 0.998279 0.0360035 2.9313 0.99866 0.0470768 -0.0214851 15.7614 
-0.0237637 0.0341527 -0.999134 -130.433 -0.0447303 0.998379 0.0351908 2.95283 0.998716 0.0455279 -0.0221975 15.7168 
-0.0239736 0.0346336 -0.999113 -131.693 -0.0443117 0.998381 0.0356715 2.98159 0.99873 0.0451276 -0.0224001 15.6593 
-0.0248898 0.0399024 -0.998894 -132.949 -0.0444522 0.998171 0.0409811 3.00435 0.998701 0.0454231 -0.0230705 15.604 
-0.0255924 0.0443322 -0.998689 -134.239 -0.0430835 0.998039 0.0454074 3.02963 0.998744 0.0441892 -0.0236323 15.551 
-0.0259054 0.0432467 -0.998729 -135.497 -0.0436648 0.998061 0.0443504 3.06144 0.99871 0.0447582 -0.0239669 15.4998 
-0.0252523 0.0421253 -0.998793 -136.759 -0.0437035 0.99811 0.0432014 3.09333 0.998725 0.0447417 -0.0233636 15.4492 
-0.0239575 0.0417691 -0.99884 -138.02 -0.0428742 0.998165 0.0427692 3.12312 0.998793 0.0438491 -0.0221227 15.3917 
-0.0232645 0.0410277 -0.998887 -139.281 -0.0423651 0.99822 0.041987 3.15151 0.998831 0.0432948 -0.0214849 15.3553 
-0.0228572 0.0432459 -0.998803 -140.528 -0.0431673 0.99809 0.0442029 3.18718 0.998806 0.044126 -0.0209467 15.3122 
-0.0224777 0.0472365 -0.998631 -141.781 -0.0440161 0.997868 0.0481912 3.215 0.998778 0.0450391 -0.0203506 15.2672 
-0.0221914 0.0481357 -0.998594 -143.077 -0.0461834 0.997725 0.0491201 3.26085 0.998686 0.0472086 -0.0199179 15.2518 
-0.0219147 0.0451332 -0.998741 -144.329 -0.0487868 0.997742 0.0461586 3.30927 0.998569 0.049737 -0.0196633 15.2272 
-0.0221744 0.0417013 -0.998884 -145.608 -0.0483425 0.997916 0.042734 3.35767 0.998585 0.0492362 -0.0201122 15.1972 
-0.022363 0.0400641 -0.998947 -146.827 -0.045264 0.998132 0.0410447 3.38896 0.998725 0.0461343 -0.0205078 15.1524 
-0.0226397 0.039803 -0.998951 -148.06 -0.0438209 0.998207 0.0407665 3.41569 0.998783 0.0446979 -0.020855 15.1044 
-0.023449 0.0398197 -0.998932 -149.281 -0.0413503 0.998313 0.0407657 3.45123 0.99887 0.0422621 -0.0217629 15.0734 
-0.024034 0.0386685 -0.998963 -150.503 -0.038594 0.998471 0.039578 3.47236 0.998966 0.0395053 -0.0225049 15.0287 
-0.0244073 0.0385857 -0.998957 -151.75 -0.037985 0.998498 0.039496 3.50808 0.99898 0.0389094 -0.0229049 14.9852 
-0.0247878 0.0409974 -0.998852 -153.006 -0.0358022 0.998481 0.0418707 3.54508 0.999051 0.036799 -0.0232824 14.9367 
-0.0252313 0.0423466 -0.998784 -154.246 -0.0330643 0.99852 0.0431707 3.5805 0.999135 0.0341134 -0.0237938 14.8959 
-0.0256914 0.0408302 -0.998836 -155.473 -0.0312195 0.998645 0.0416254 3.6176 0.999182 0.0322526 -0.0243819 14.8428 
-0.0268178 0.0407262 -0.99881 -156.722 -0.0318546 0.998628 0.0415741 3.64986 0.999133 0.0329317 -0.0254837 14.7942 
-0.0269761 0.0453728 -0.998606 -157.987 -0.0326534 0.998396 0.0462454 3.68785 0.999103 0.0338554 -0.0254513 14.743 
-0.0267154 0.0515817 -0.998311 -159.224 -0.0371719 0.997926 0.0525565 3.72576 0.998952 0.0385133 -0.0247426 14.6914 
-0.0261755 0.0514914 -0.99833 -160.454 -0.0413419 0.997762 0.052546 3.76638 0.998802 0.0426483 -0.0239881 14.6381 
-0.0249349 0.0470919 -0.998579 -161.7 -0.0449409 0.997827 0.0481787 3.81572 0.998678 0.0460784 -0.0227644 14.582 
-0.0234206 0.0413844 -0.998869 -162.96 -0.0469475 0.997995 0.0424489 3.85942 0.998623 0.0478886 -0.0214307 14.528 
-0.022522 0.0391169 -0.998981 -164.219 -0.0503203 0.997923 0.0402099 3.90442 0.998479 0.0511746 -0.0205068 14.4711 
-0.0214167 0.0367764 -0.999094 -165.438 -0.0457083 0.998242 0.0377249 3.92018 0.998725 0.0464748 -0.019698 14.4287 
-0.02129 0.0321249 -0.999257 -166.64 -0.0421492 0.998566 0.0330007 3.94824 0.998885 0.0428205 -0.0199055 14.3831 
-0.0221868 0.0292038 -0.999327 -167.847 -0.0356917 0.998913 0.0299841 3.96034 0.999117 0.036333 -0.0211203 14.3503 
-0.0237849 0.0319889 -0.999205 -169.095 -0.0326581 0.99893 0.0327575 3.98121 0.999184 0.0334113 -0.0227147 14.3194 
-0.0232721 0.038577 -0.998985 -170.337 -0.0334452 0.998666 0.0393438 4.00258 0.99917 0.0343269 -0.0219508 14.2739 
-0.022029 0.0415502 -0.998894 -171.566 -0.0354785 0.998474 0.0423151 4.03065 0.999128 0.0363715 -0.0205213 14.2271 
-0.0199815 0.0382009 -0.99907 -172.789 -0.0361036 0.998591 0.0389047 4.06095 0.999148 0.0368475 -0.0185742 14.1767 
-0.0197941 0.0378381 -0.999088 -174.022 -0.0381566 0.998527 0.0385728 4.09541 0.999076 0.0388854 -0.0183212 14.1397 
-0.0190024 0.0386922 -0.999071 -175.234 -0.036615 0.998554 0.0393686 4.12498 0.999149 0.0373291 -0.0175582 14.102 
-0.0186933 0.0370303 -0.999139 -176.434 -0.0366485 0.998617 0.0376966 4.14625 0.999153 0.0373217 -0.0173104 14.0557 
-0.0169772 0.0353699 -0.99923 -177.621 -0.0370975 0.998664 0.0359801 4.18167 0.999167 0.0376798 -0.0156424 14.0143 
-0.0156778 0.0370879 -0.999189 -178.803 -0.0385182 0.998548 0.0376685 4.20563 0.999135 0.0390776 -0.0142265 13.979 
-0.0144471 0.0385518 -0.999152 -179.951 -0.0384127 0.998497 0.0390819 4.23207 0.999158 0.0389448 -0.0129445 13.9365 
-0.0141992 0.0395673 -0.999116 -181.06 -0.0388981 0.998439 0.0400933 4.25663 0.999142 0.039433 -0.0126379 13.9023 
-0.0142401 0.0404184 -0.999081 -182.163 -0.0388815 0.998405 0.0409452 4.2797 0.999142 0.0394288 -0.0126458 13.8696 
-0.0143325 0.0411977 -0.999048 -183.245 -0.0380817 0.998403 0.0417174 4.30119 0.999172 0.0386434 -0.0127408 13.8282 
-0.0139488 0.0405817 -0.999079 -184.281 -0.0382821 0.998422 0.0410895 4.31422 0.99917 0.03882 -0.0123732 13.7946 
-0.0127556 0.0405006 -0.999098 -185.263 -0.0392778 0.998388 0.0409733 4.32974 0.999147 0.039765 -0.0111442 13.7659 
-0.011753 0.041004 -0.99909 -186.221 -0.0394399 0.998362 0.0414381 4.35313 0.999153 0.039891 -0.0101165 13.7443 
-0.0129914 0.0399521 -0.999117 -187.169 -0.0379001 0.998464 0.0404188 4.35547 0.999197 0.0383918 -0.0114572 13.7291 
-0.0167855 0.0367678 -0.999183 -188.125 -0.0354609 0.998673 0.0373448 4.3755 0.99923 0.0360588 -0.0154594 13.7119 
-0.0221241 0.0326692 -0.999221 -189.099 -0.0348421 0.998834 0.0334279 4.3987 0.999148 0.0355546 -0.02096 13.6775 
-0.0275202 0.0295062 -0.999186 -190.064 -0.0365484 0.998866 0.0305034 4.41575 0.998953 0.0373582 -0.0264106 13.6393 
-0.0321078 0.0285319 -0.999077 -190.995 -0.0385481 0.998813 0.0297632 4.43041 0.998741 0.0394682 -0.0309699 13.5993 
-0.0355999 0.0287152 -0.998954 -191.938 -0.0400723 0.998742 0.0301372 4.44999 0.998562 0.0411033 -0.0344045 13.5562 
-0.0384306 0.0303433 -0.998801 -192.881 -0.0388852 0.998736 0.0318375 4.46388 0.998504 0.0400621 -0.0372022 13.5171 
-0.0402642 0.0314141 -0.998695 -193.826 -0.035901 0.998815 0.0328653 4.48597 0.998544 0.0371775 -0.0390887 13.4705 
-0.0422062 0.032117 -0.998593 -194.743 -0.0340194 0.998857 0.0335634 4.49285 0.99853 0.0353881 -0.0410654 13.428 
-0.0432048 0.031211 -0.998579 -195.653 -0.0343614 0.998874 0.0327069 4.50307 0.998475 0.0357257 -0.0420837 13.3688 
-0.0439679 0.0301128 -0.998579 -196.555 -0.0361515 0.998843 0.0317125 4.51334 0.998379 0.0374945 -0.0428284 13.3069 
-0.0438979 0.0297635 -0.998593 -197.468 -0.0392989 0.998731 0.0314952 4.52017 0.998263 0.0406262 -0.0426725 13.2436 
-0.0432804 0.028191 -0.998665 -198.375 -0.0424683 0.998646 0.0300309 4.52754 0.99816 0.0437114 -0.0420246 13.1839 
-0.0423183 0.0254672 -0.99878 -199.29 -0.0426181 0.998719 0.0272713 4.54106 0.998195 0.0437202 -0.0411787 13.123 
-0.0419058 0.022625 -0.998865 -200.198 -0.0416515 0.998835 0.0243717 4.55563 0.998253 0.0426256 -0.0409146 13.0657 
-0.0412077 0.0227552 -0.998891 -201.113 -0.0422441 0.998807 0.024496 4.55777 0.998257 0.0432067 -0.0401973 13.0067 
-0.0406213 0.0257799 -0.998842 -202.044 -0.0395568 0.998842 0.0273887 4.56501 0.998391 0.0406236 -0.0395544 12.955 
-0.0411425 0.0263874 -0.998805 -202.977 -0.0388486 0.998853 0.027989 4.58437 0.998398 0.0399538 -0.0400702 12.9046 
-0.0403186 0.0226489 -0.99893 -203.91 -0.0340974 0.99913 0.0240297 4.59534 0.998605 0.0350298 -0.0395113 12.8549 
-0.0400453 0.0194619 -0.999008 -204.84 -0.0324359 0.999258 0.020767 4.6091 0.998671 0.0332354 -0.0393843 12.8031 
-0.0396563 0.0195846 -0.999021 -205.781 -0.0365585 0.99911 0.0210375 4.6214 0.998544 0.037357 -0.038905 12.7429 
-0.0386347 0.0234373 -0.998979 -206.746 -0.0382205 0.998959 0.024915 4.63051 0.998522 0.0391441 -0.0376986 12.6926 
-0.0371668 0.0231622 -0.999041 -207.669 -0.0365281 0.999032 0.0245209 4.63702 0.998641 0.0374045 -0.0362847 12.6566 
-0.0354421 0.0238323 -0.999088 -208.659 -0.0347093 0.999083 0.0250635 4.66332 0.998769 0.035566 -0.0345824 12.6101 
-0.0340407 0.0290635 -0.998998 -209.657 -0.0355261 0.99891 0.0302715 4.66944 0.998789 0.036521 -0.0329711 12.5626 
-0.0326226 0.0330903 -0.99892 -210.65 -0.0318773 0.998909 0.034131 4.68805 0.998959 0.0329564 -0.0315322 12.5196 
-0.0312658 0.0334608 -0.998951 -211.652 -0.0313311 0.998916 0.0344402 4.71107 0.99902 0.032375 -0.0301835 12.4691 
-0.0292977 0.0339529 -0.998994 -212.658 -0.0345364 0.998792 0.0349589 4.73423 0.998974 0.0355259 -0.0280897 12.4253 
-0.0271063 0.034815 -0.999026 -213.678 -0.0373157 0.998662 0.0358148 4.76716 0.998936 0.0382502 -0.0257708 12.3852 
-0.0240061 0.0350202 -0.999098 -214.716 -0.0377181 0.998643 0.0359105 4.79242 0.999 0.0385462 -0.0226526 12.3546 
-0.0209284 0.0325893 -0.99925 -215.721 -0.040625 0.998615 0.0334195 4.80427 0.998955 0.041294 -0.0195755 12.3072 
-0.0185481 0.0290604 -0.999406 -216.791 -0.0405239 0.998734 0.0297929 4.83447 0.999006 0.0410524 -0.017347 12.2836 
-0.0169269 0.0282745 -0.999457 -217.814 -0.0402661 0.99877 0.028937 4.85208 0.999046 0.0407341 -0.0157676 12.2505 
-0.0157153 0.0297978 -0.999432 -218.883 -0.0406415 0.998711 0.0304153 4.87853 0.99905 0.0410965 -0.0144841 12.2268 
-0.0140675 0.0327194 -0.999366 -219.919 -0.043202 0.998511 0.0332996 4.89885 0.998967 0.0436431 -0.0126331 12.1824 
-0.0128165 0.0324087 -0.999393 -220.992 -0.0427699 0.998542 0.0329296 4.92179 0.999003 0.043166 -0.0114117 12.1533 
-0.0119316 0.0296873 -0.999488 -222.018 -0.0420282 0.998661 0.0301644 4.94132 0.999045 0.0423667 -0.0106679 12.1199 
-0.0120458 0.0272894 -0.999555 -223.082 -0.0374406 0.998914 0.0277231 4.94674 0.999226 0.0377579 -0.011011 12.0892 
-0.0126227 0.0266425 -0.999565 -224.121 -0.0344315 0.999041 0.0270633 4.95315 0.999327 0.0347582 -0.0116932 12.0615 
-0.0130933 0.0258224 -0.999581 -225.251 -0.0348637 0.999047 0.0262653 4.96633 0.999306 0.035193 -0.0121805 12.0462 
-0.0128944 0.0257527 -0.999585 -226.391 -0.0347105 0.999054 0.0261868 4.98875 0.999314 0.0350338 -0.0119884 12.0182 
-0.0133176 0.0260473 -0.999572 -227.502 -0.0366156 0.998978 0.0265197 5.01184 0.999241 0.0369532 -0.0123502 11.9874 
-0.0136943 0.0276417 -0.999524 -228.636 -0.0375764 0.998898 0.0281392 5.03991 0.9992 0.0379439 -0.0126405 11.9547 
-0.0149046 0.0288721 -0.999472 -229.789 -0.0379115 0.998848 0.0294194 5.06651 0.99917 0.03833 -0.0137929 11.9281 
-0.0156482 0.0302802 -0.999419 -230.95 -0.0390103 0.998762 0.0308711 5.08997 0.999116 0.0394708 -0.0144476 11.8956 
-0.0163199 0.0307169 -0.999395 -232.081 -0.0409236 0.99867 0.0313629 5.11837 0.999029 0.0414107 -0.0150411 11.8449 
-0.0170623 0.0296825 -0.999414 -233.213 -0.0426313 0.998629 0.030387 5.13051 0.998945 0.0431248 -0.0157735 11.7887 
-0.0183944 0.0250863 -0.999516 -234.362 -0.0406696 0.998839 0.0258178 5.14509 0.999003 0.0411248 -0.0173528 11.7465 
-0.0198333 0.0189866 -0.999623 -235.53 -0.0377949 0.999091 0.0197264 5.15965 0.999089 0.0381719 -0.0190976 11.7055 
-0.0219665 0.0146158 -0.999652 -236.715 -0.0328977 0.999341 0.0153342 5.16532 0.999217 0.0332232 -0.0214712 11.6617 
-0.0239095 0.0149406 -0.999603 -237.886 -0.026304 0.999533 0.0155687 5.17164 0.999368 0.0266658 -0.0235053 11.6093 
-0.0263329 0.0191234 -0.99947 -239.093 -0.0218957 0.999566 0.0197021 5.17701 0.999413 0.0224029 -0.0259028 11.5642 
-0.0283878 0.0214893 -0.999366 -240.299 -0.0196524 0.999564 0.0220518 5.18567 0.999404 0.020266 -0.0279531 11.5071 
-0.0306689 0.0211094 -0.999307 -241.517 -0.0177426 0.999608 0.0216603 5.19398 0.999372 0.0183946 -0.0302824 11.4525 
-0.0326266 0.0218149 -0.99923 -242.728 -0.0179304 0.999588 0.0224082 5.20569 0.999307 0.0186477 -0.032222 11.3806 
-0.0347141 0.0232243 -0.999127 -243.942 -0.017392 0.999565 0.0238388 5.22106 0.999246 0.0182044 -0.0342951 11.3174 
-0.0372986 0.0228105 -0.999044 -245.167 -0.0163576 0.999592 0.0234337 5.23016 0.99917 0.017216 -0.0369102 11.2549 
-0.039437 0.0214065 -0.998993 -246.383 -0.0160313 0.999628 0.022053 5.23911 0.999093 0.0168849 -0.0390791 11.1813 
-0.0415157 0.0211143 -0.998915 -247.639 -0.0158775 0.999637 0.0217895 5.24753 0.999012 0.0167649 -0.0411653 11.1052 
-0.043993 0.0220626 -0.998788 -248.888 -0.0162192 0.999609 0.0227952 5.25758 0.9989 0.0172024 -0.043618 11.0257 
-0.0462431 0.0223112 -0.998681 -250.125 -0.0162608 0.999601 0.0230847 5.26586 0.998798 0.0173069 -0.0458619 10.948 
-0.0486461 0.023307 -0.998544 -251.373 -0.0170099 0.999563 0.0241594 5.27198 0.998671 0.0181605 -0.0482284 10.8616 
-0.0510284 0.0246759 -0.998392 -252.642 -0.0185875 0.999498 0.0256533 5.28945 0.998524 0.0198667 -0.0505441 10.7756 
-0.0523521 0.0254979 -0.998303 -253.887 -0.0199857 0.999447 0.0265751 5.29386 0.998429 0.0213431 -0.0518135 10.6839 
-0.0534456 0.0255893 -0.998243 -255.168 -0.0218937 0.999401 0.0267912 5.3098 0.998331 0.0232871 -0.0528534 10.5952 
-0.0536526 0.0255089 -0.998234 -256.457 -0.0224411 0.99939 0.0267446 5.32412 0.998308 0.0238364 -0.0530475 10.5132 
-0.0540343 0.02462 -0.998236 -257.705 -0.021062 0.999446 0.0257899 5.32962 0.998317 0.0224184 -0.0534858 10.4321 
-0.0537481 0.0236532 -0.998274 -258.979 -0.0181316 0.999532 0.0246592 5.34479 0.99839 0.0194257 -0.0532941 10.3418 
-0.0542202 0.0236972 -0.998248 -260.227 -0.0170478 0.999551 0.024654 5.34845 0.998384 0.0183547 -0.0537918 10.2563 
-0.0541423 0.0240077 -0.998245 -261.476 -0.0171229 0.999542 0.0249676 5.36019 0.998386 0.0184447 -0.0537064 10.16 
-0.0539743 0.024195 -0.998249 -262.739 -0.0164191 0.99955 0.0251143 5.36603 0.998407 0.0177459 -0.0535528 10.0697 
-0.053684 0.0246094 -0.998255 -264.009 -0.0158062 0.99955 0.0254913 5.3796 0.998433 0.0171471 -0.0532709 9.98059 
-0.0537464 0.0255509 -0.998228 -265.266 -0.0133878 0.999564 0.0263059 5.39216 0.998465 0.0147779 -0.0533809 9.89432 
-0.0540276 0.0281488 -0.998143 -266.518 -0.00869093 0.999552 0.0286589 5.4026 0.998502 0.0102232 -0.0537587 9.81493 
-0.0542385 0.0317933 -0.998022 -267.781 -0.00577274 0.999466 0.0321531 5.42126 0.998511 0.0075053 -0.054026 9.72889 
-0.0542556 0.0342773 -0.997939 -269.021 -0.00224513 0.999404 0.0344497 5.43385 0.998525 0.00410963 -0.0541463 9.64584 
-0.0539183 0.032801 -0.998007 -270.262 -0.00339413 0.999449 0.0330318 5.45197 0.99854 0.00516842 -0.0537772 9.55625 
-0.0540079 0.031414 -0.998046 -271.482 -0.00560429 0.99948 0.0317624 5.46939 0.998525 0.00730881 -0.0538037 9.46599 
-0.0543642 0.0341842 -0.997936 -272.717 -0.0117406 0.999323 0.0348713 5.48969 0.998452 0.0136121 -0.053926 9.36413 
-0.054472 0.0399228 -0.997717 -273.956 -0.017052 0.999018 0.0409058 5.51308 0.99837 0.0192413 -0.0537377 9.26731 
-0.0542842 0.0392045 -0.997756 -275.205 -0.0207037 0.99897 0.0403787 5.53936 0.998311 0.0228492 -0.0534166 9.17264 
-0.053981 0.0325069 -0.998013 -276.437 -0.0201981 0.99923 0.033639 5.56694 0.998338 0.0219739 -0.0532828 9.08096 
-0.0543044 0.0269872 -0.99816 -277.675 -0.0169755 0.999465 0.027946 5.58825 0.99838 0.0184619 -0.0538172 8.98303 
-0.0545 0.0264386 -0.998164 -278.896 -0.0109391 0.999574 0.0270733 5.59717 0.998454 0.0123946 -0.0541875 8.90658 
-0.0533472 0.027724 -0.998191 -280.148 -0.00702573 0.999579 0.028138 5.62064 0.998551 0.00851415 -0.05313 8.8106 
-0.052121 0.0293771 -0.998209 -281.394 -0.00580294 0.999541 0.0297194 5.64196 0.998624 0.00734159 -0.0519267 8.72755 
-0.0511968 0.0316072 -0.998188 -282.634 -0.00682509 0.999465 0.0319977 5.65785 0.998665 0.00845095 -0.0509536 8.64374 
-0.0504467 0.0325293 -0.998197 -283.86 -0.00759392 0.999428 0.0329532 5.68009 0.998698 0.00924265 -0.0501708 8.56358 
-0.0494615 0.0333207 -0.99822 -285.082 -0.00815241 0.999397 0.0337639 5.69707 0.998743 0.00980795 -0.04916 8.46911 
-0.048977 0.0328793 -0.998259 -286.304 -0.00801576 0.999413 0.0333106 5.71358 0.998768 0.0096333 -0.0486847 8.38991 
-0.048831 0.0314552 -0.998312 -287.532 -0.0087362 0.999452 0.0319185 5.72788 0.998769 0.0102801 -0.0485295 8.3086 
-0.0487567 0.0304554 -0.998346 -288.749 -0.00873957 0.999484 0.030917 5.74518 0.998772 0.0102326 -0.0484653 8.22711 
-0.049077 0.0302307 -0.998337 -289.981 -0.00914183 0.999486 0.0307149 5.76001 0.998753 0.0106341 -0.0487754 8.15283 
-0.0490229 0.0301496 -0.998343 -291.199 -0.00947414 0.999485 0.0306493 5.77664 0.998753 0.010961 -0.0487121 8.06915 
-0.0489918 0.0303992 -0.998337 -292.419 -0.00996586 0.999472 0.0309228 5.79077 0.99875 0.0114643 -0.048663 7.98457 
-0.048822 0.0306476 -0.998337 -293.645 -0.00975665 0.999467 0.0311595 5.80654 0.99876 0.0112617 -0.0484969 7.90246 
-0.0490482 0.0293207 -0.998366 -294.871 -0.00970436 0.999508 0.029831 5.81822 0.998749 0.0111517 -0.0487396 7.82036 
-0.0494336 0.0267941 -0.998418 -296.107 -0.00940404 0.999583 0.027291 5.83224 0.998733 0.0107383 -0.049161 7.74279 
-0.0499531 0.0239233 -0.998465 -297.336 -0.0106318 0.999644 0.0244835 5.84563 0.998695 0.0118385 -0.0496809 7.65534 
-0.0501594 0.0230219 -0.998476 -298.571 -0.0116379 0.999653 0.0236337 5.84495 0.998673 0.0128056 -0.0498741 7.56568 
-0.0508024 0.0230215 -0.998443 -299.817 -0.0146568 0.999609 0.0237941 5.85415 0.998601 0.0158428 -0.0504451 7.48126 
-0.0511699 0.0235845 -0.998411 -301.06 -0.0182473 0.999532 0.0245462 5.87827 0.998523 0.0194744 -0.0507156 7.3919 
-0.0517991 0.0243761 -0.99836 -302.305 -0.021791 0.999436 0.025533 5.89006 0.99842 0.0230779 -0.0512387 7.30453 
-0.0521361 0.0242826 -0.998345 -303.557 -0.022926 0.999412 0.0255058 5.89955 0.998377 0.0242179 -0.0515487 7.21694 
-0.0529812 0.0222441 -0.998348 -304.806 -0.0225783 0.99947 0.0234673 5.90726 0.99834 0.0237843 -0.0524509 7.13477 
-0.054302 0.0208164 -0.998308 -306.058 -0.0196168 0.999568 0.0219097 5.89917 0.998332 0.0207734 -0.0538701 7.05885 
-0.0551957 0.0206351 -0.998262 -307.307 -0.0165641 0.99963 0.0215793 5.90509 0.998338 0.0177264 -0.0548335 6.96766 
-0.0560443 0.0224692 -0.998175 -308.56 -0.0144467 0.999624 0.0233129 5.91495 0.998324 0.015727 -0.0556986 6.87804 
