1 2.12261e-08 -2.11895e-08 0 2.12261e-08 1 2.10703e-08 0 -2.11895e-08 2.10703e-08 1 0 
0.999933 -0.00273187 0.0112672 0.015593 0.00271801 0.999996 0.00124923 -0.00803753 -0.0112706 -0.00121848 0.999936 0.288054 
0.999831 -0.00460577 0.0178018 0.0271825 0.00458217 0.999989 0.00136889 -0.0115377 -0.0178079 -0.00128705 0.999841 0.586402 
0.999782 -0.00760733 0.0194609 0.0422647 0.00761118 0.999971 -0.000122009 -0.0126867 -0.0194595 0.000270144 0.999811 0.896311 
0.999822 -0.00923298 0.0164466 0.063072 0.00925844 0.999956 -0.00146963 -0.0190476 -0.0164324 0.00162168 0.999864 1.20433 
0.999895 -0.0114978 0.00883402 0.0757798 0.011521 0.99993 -0.00257915 -0.0236908 -0.00880379 0.0026807 0.999958 1.52266 
0.9999 -0.013501 -0.00426614 0.0757154 0.0134813 0.999898 -0.00463013 -0.0254602 0.00432818 0.0045722 0.99998 1.84996 
0.999679 -0.0127594 -0.0219088 0.0681618 0.0126565 0.999908 -0.00482716 -0.0325504 0.0219684 0.00454836 0.999748 2.19002 
0.999077 -0.00812525 -0.0421754 0.039353 0.00793722 0.999958 -0.00462497 -0.0412228 0.0422112 0.00428599 0.9991 2.54009 
0.998056 -0.00437152 -0.0621678 -0.00483293 0.00401429 0.999975 -0.00587058 -0.0449773 0.0621918 0.00560965 0.998048 2.91008 
0.996547 -0.00416135 -0.0829279 -0.0500187 0.00365539 0.999974 -0.00625262 -0.0513071 0.0829517 0.00592794 0.996536 3.28466 
0.994526 -0.00580562 -0.104333 -0.102792 0.00525801 0.999971 -0.00552334 -0.0550533 0.104362 0.00494457 0.994527 3.67165 
0.992233 -0.00716333 -0.12419 -0.170453 0.00663097 0.999967 -0.00469985 -0.0616992 0.124219 0.00383989 0.992247 4.06712 
0.989838 -0.00600468 -0.142071 -0.25171 0.00541027 0.999975 -0.00457007 -0.0640098 0.142095 0.00375503 0.989846 4.47475 
0.987522 -0.00490941 -0.157405 -0.343486 0.00434893 0.999983 -0.00390522 -0.0705663 0.157422 0.00317199 0.987526 4.88875 
0.985269 -0.00433185 -0.170957 -0.434748 0.00367798 0.999985 -0.00414155 -0.0775948 0.170972 0.00345181 0.98527 5.31202 
0.983096 -0.00596928 -0.182993 -0.560471 0.0051768 0.999975 -0.00480827 -0.0878158 0.183017 0.00377972 0.983102 5.7783 
0.981169 -0.00984001 -0.192899 -0.654603 0.00862222 0.999937 -0.00715181 -0.0926185 0.192957 0.00535396 0.981193 6.23277 
0.979586 -0.00943463 -0.200803 -0.764315 0.00791338 0.999934 -0.00837742 -0.106364 0.200868 0.00661743 0.979596 6.69516 
0.97804 -0.00900555 -0.208221 -0.881116 0.0070939 0.999926 -0.00992601 -0.113274 0.208295 0.00823098 0.978031 7.16685 
0.976318 -0.00987696 -0.216113 -1.0059 0.00734312 0.999895 -0.0125246 -0.126637 0.216214 0.0106411 0.976288 7.65019 
0.97449 -0.0138106 -0.224006 -1.13184 0.0109614 0.999843 -0.0139582 -0.143044 0.224163 0.0111467 0.974488 8.1529 
0.972469 -0.0209122 -0.232092 -1.25223 0.0179338 0.999728 -0.0149357 -0.153638 0.232341 0.0103622 0.972579 8.67489 
0.970405 -0.0208617 -0.240579 -1.39001 0.0170323 0.999693 -0.0179862 -0.15993 0.240881 0.0133563 0.970463 9.18112 
0.968431 -0.0160162 -0.248766 -1.5573 0.0107294 0.999687 -0.0225934 -0.174374 0.24905 0.019211 0.9683 9.69135 
0.966071 -0.0140866 -0.257891 -1.72251 0.00777531 0.999645 -0.0254763 -0.183285 0.258159 0.0226068 0.965838 10.2496 
0.963734 -0.016791 -0.266337 -1.88586 0.00989883 0.999581 -0.0271992 -0.20244 0.266683 0.0235764 0.963496 10.7975 
0.961325 -0.0201309 -0.274678 -2.10253 0.0125328 0.99949 -0.0293891 -0.223898 0.27513 0.0248101 0.961087 11.4064 
0.959034 -0.0189422 -0.282656 -2.28278 0.0102633 0.99943 -0.0321543 -0.246108 0.283104 0.0279362 0.958682 11.9683 
0.956734 -0.0177109 -0.290425 -2.50085 0.00757987 0.999324 -0.0359717 -0.271578 0.290866 0.032214 0.956222 12.5644 
0.95458 -0.0174857 -0.297443 -2.70057 0.0054098 0.999129 -0.041374 -0.302469 0.297907 0.0378857 0.953843 13.1369 
0.95277 -0.0200758 -0.303029 -2.92491 0.00551487 0.998792 -0.0488308 -0.329982 0.303643 0.0448534 0.95173 13.7484 
0.951481 -0.0205785 -0.30702 -3.14174 0.00327481 0.998382 -0.0567693 -0.366917 0.307691 0.0530095 0.950008 14.3657 
0.950328 -0.0200472 -0.310603 -3.42177 -0.000443284 0.997835 -0.0657595 -0.413599 0.311249 0.0626308 0.948262 15.0363 
0.949062 -0.0187186 -0.314532 -3.6594 -0.00519977 0.997167 -0.0750337 -0.455069 0.315045 0.0728472 0.946277 15.6586 
0.947767 -0.0181136 -0.318448 -3.9565 -0.00849194 0.996599 -0.0819613 -0.516463 0.318849 0.0803846 0.944391 16.3529 
0.94625 -0.0161574 -0.323034 -4.20845 -0.013334 0.995954 -0.0888742 -0.574261 0.323163 0.0884045 0.942205 16.9966 
0.944745 -0.0148893 -0.327468 -4.4864 -0.0171523 0.995354 -0.0947414 -0.644736 0.327357 0.0951233 0.940101 17.6698 
0.943077 -0.013545 -0.332297 -4.76122 -0.0209297 0.994773 -0.0999484 -0.714355 0.331914 0.101214 0.937864 18.3504 
0.941388 -0.0106768 -0.337158 -5.0475 -0.0257825 0.994298 -0.103475 -0.781588 0.33634 0.106103 0.935745 19.0364 
0.939676 -0.00953417 -0.341933 -5.36371 -0.0280168 0.994108 -0.104713 -0.865915 0.340916 0.107976 0.933872 19.7607 
0.937439 -0.00987571 -0.348008 -5.66379 -0.0281859 0.994163 -0.104137 -0.940394 0.347006 0.107431 0.93169 20.4807 
0.935073 -0.00912306 -0.354337 -5.95005 -0.0291929 0.99429 -0.102638 -1.02495 0.35325 0.106318 0.929468 21.1954 
0.932372 -0.0102252 -0.361356 -6.2338 -0.0282106 0.994494 -0.10093 -1.10288 0.360398 0.104299 0.926949 21.9104 
0.929364 -0.00833159 -0.36907 -6.58013 -0.0299455 0.994749 -0.0978627 -1.19465 0.367947 0.102002 0.924235 22.6546 
0.92618 -0.00608492 -0.377034 -6.95017 -0.0310119 0.995254 -0.092243 -1.27952 0.375805 0.0971262 0.921595 23.4243 
0.922739 -0.00116299 -0.385424 -7.29135 -0.0352374 0.995553 -0.0873654 -1.36566 0.383812 0.0941968 0.918594 24.1585 
0.919133 0.00257591 -0.393939 -7.66483 -0.038572 0.995762 -0.0834846 -1.43621 0.392055 0.0919285 0.915337 24.928 
0.915407 0.00404229 -0.40251 -8.06872 -0.0403785 0.995828 -0.0818298 -1.51489 0.4005 0.0911603 0.911751 25.7176 
0.911559 0.00482227 -0.41114 -8.482 -0.0419987 0.995793 -0.0814378 -1.59129 0.409018 0.0915028 0.907927 26.5035 
0.907923 0.00591784 -0.419095 -8.91577 -0.0437231 0.995782 -0.0806605 -1.66888 0.41685 0.0915578 0.904353 27.2988 
0.904014 0.00631118 -0.427456 -9.32842 -0.0442091 0.99591 -0.0787923 -1.73851 0.425211 0.0901269 0.900596 28.093 
0.900212 0.00486843 -0.435425 -9.75002 -0.0424559 0.996155 -0.0766371 -1.80818 0.433377 0.087476 0.896957 28.894 
0.896491 0.00629814 -0.443017 -10.2039 -0.0428666 0.996441 -0.0725792 -1.88632 0.440983 0.0840573 0.89357 29.7015 
0.892872 0.00837621 -0.450232 -10.663 -0.0431119 0.996824 -0.0669518 -1.95319 0.448242 0.0791898 0.890398 30.5236 
0.888979 0.00729735 -0.45789 -11.1211 -0.0403645 0.99723 -0.0624737 -2.01383 0.456165 0.0740204 0.886811 31.3454 
0.88542 0.00658527 -0.464745 -11.6122 -0.0394145 0.997362 -0.0609593 -2.07516 0.463117 0.0722923 0.883344 32.1825 
0.882478 0.00678711 -0.470304 -12.1337 -0.0397271 0.997399 -0.0601501 -2.14061 0.468673 0.071765 0.880452 33.0236 
0.879659 0.0084337 -0.47553 -12.647 -0.0411154 0.997448 -0.0583672 -2.21104 0.473824 0.0708949 0.877761 33.8607 
0.876736 0.00724346 -0.480917 -13.1726 -0.0396214 0.997576 -0.0572066 -2.27487 0.479337 0.0692098 0.874898 34.7295 
0.874231 0.0058931 -0.485475 -13.7117 -0.0384264 0.997629 -0.0570874 -2.33811 0.483987 0.0685627 0.872385 35.5988 
0.872294 0.00285277 -0.488974 -14.2753 -0.0358807 0.997661 -0.058188 -2.36189 0.487664 0.0683018 0.870356 36.4884 
0.871081 0.00252546 -0.491133 -14.8432 -0.0362101 0.997596 -0.0590931 -2.40545 0.489803 0.0692589 0.869078 37.3801 
0.870641 0.00182512 -0.491916 -15.384 -0.0349149 0.9977 -0.0580943 -2.47074 0.490678 0.0677545 0.868703 38.2655 
0.870519 0.00245311 -0.492129 -15.9043 -0.034709 0.997804 -0.0564226 -2.53893 0.490909 0.0661983 0.868692 39.1447 
0.870299 0.00117703 -0.492523 -16.4468 -0.0330942 0.997877 -0.0560935 -2.60355 0.491412 0.0651178 0.86849 40.0421 
0.869734 -0.000183985 -0.493521 -16.9965 -0.0321819 0.99785 -0.0570865 -2.66872 0.49247 0.0655326 0.867859 40.949 
0.868671 -0.0025995 -0.495384 -17.5593 -0.0297628 0.997906 -0.0574266 -2.73779 0.494495 0.0646289 0.866774 41.8771 
0.867219 -0.00256719 -0.49792 -18.1257 -0.0288799 0.998044 -0.0554456 -2.80733 0.497088 0.0624634 0.865449 42.8046 
0.865206 -0.00143405 -0.501415 -18.7029 -0.0282749 0.998265 -0.0516442 -2.87333 0.500619 0.0588604 0.863664 43.7398 
0.86244 -0.00140613 -0.506157 -19.268 -0.0262432 0.998527 -0.0474897 -2.94856 0.505478 0.0542402 0.861133 44.6515 
0.858353 -0.00158708 -0.513058 -19.822 -0.0252151 0.998656 -0.0452745 -3.01776 0.51244 0.0517984 0.857159 45.557 
0.85309 -0.00574969 -0.521732 -20.3862 -0.0224957 0.998604 -0.0477881 -3.06355 0.521278 0.0525043 0.85177 46.4449 
0.847348 -0.00940784 -0.530955 -20.9853 -0.0208619 0.998482 -0.0509852 -3.12691 0.530629 0.054279 0.845865 47.3128 
0.841283 -0.00959318 -0.540509 -21.5908 -0.0208893 0.998519 -0.0502357 -3.19025 0.540191 0.0535534 0.839837 48.1975 
0.835302 -0.00637239 -0.549754 -22.1959 -0.0219898 0.998745 -0.0449885 -3.25279 0.549351 0.049668 0.834114 49.1032 
0.830098 -0.00175649 -0.557614 -22.8333 -0.0252 0.998855 -0.0406606 -3.3131 0.557047 0.0478042 0.829104 50.0089 
0.826094 -0.00183118 -0.563529 -23.4764 -0.0264017 0.998771 -0.0419487 -3.37472 0.562913 0.0495317 0.825031 50.8953 
0.822841 -0.00337046 -0.568261 -24.1078 -0.0280627 0.998521 -0.0465572 -3.42169 0.567578 0.0542561 0.82153 51.764 
0.819776 -0.0056489 -0.572657 -24.7429 -0.0302037 0.998133 -0.0530835 -3.49901 0.571887 0.060813 0.818075 52.6315 
0.816587 -0.00658047 -0.577186 -25.3762 -0.0306016 0.998035 -0.0546729 -3.56625 0.576411 0.062308 0.814781 53.5015 
0.813345 -0.00516046 -0.581759 -26.0169 -0.0295637 0.998302 -0.0501878 -3.63854 0.58103 0.058019 0.811811 54.3333 
0.81024 -0.00263377 -0.586092 -26.6731 -0.0293752 0.998551 -0.0450969 -3.6981 0.585362 0.0537559 0.808988 55.1905 
0.80727 -0.000993301 -0.590181 -27.3298 -0.0298315 0.998652 -0.0424854 -3.74598 0.589428 0.0519032 0.806152 56.0448 
0.804106 -0.000640251 -0.594486 -27.9899 -0.0311498 0.99858 -0.0432089 -3.80022 0.59367 0.0532627 0.802944 56.8975 
0.800478 -0.00187095 -0.599359 -28.6459 -0.0311222 0.998516 -0.0446824 -3.86181 0.598554 0.0544207 0.799232 57.747 
0.796433 -0.00477732 -0.604707 -29.3165 -0.0300877 0.998417 -0.0475149 -3.91713 0.603977 0.0560368 0.795029 58.5973 
0.792131 -0.00570201 -0.610325 -29.993 -0.0293981 0.998439 -0.0474834 -3.98588 0.609643 0.0555555 0.790727 59.4383 
0.787493 -0.00608607 -0.616293 -30.6768 -0.0286408 0.99851 -0.0464576 -4.04805 0.615657 0.0542362 0.786145 60.2858 
0.782774 -0.0059234 -0.622278 -31.3852 -0.029039 0.998518 -0.0460334 -4.10686 0.621628 0.0541041 0.781442 61.1253 
0.777581 -0.00670372 -0.628747 -32.0963 -0.0291253 0.998486 -0.0466656 -4.18038 0.628108 0.0545987 0.776208 61.9589 
0.772262 -0.00773832 -0.635257 -32.8163 -0.0290318 0.998451 -0.0474556 -4.2461 0.63464 0.0550909 0.770842 62.7901 
0.766792 -0.00874279 -0.641836 -33.5418 -0.028937 0.99842 -0.0481706 -4.31303 0.641243 0.0555096 0.765327 63.6136 
0.761351 -0.0102583 -0.648258 -34.2785 -0.0280123 0.998421 -0.0486987 -4.38691 0.647734 0.055236 0.759862 64.4114 
0.755645 -0.011622 -0.654878 -35.0424 -0.0279068 0.998363 -0.0499187 -4.45078 0.654386 0.0559964 0.754084 65.2281 
0.749517 -0.0128167 -0.661861 -35.8102 -0.0270315 0.998386 -0.049945 -4.51736 0.661433 0.0553258 0.747961 66.0571 
0.743417 -0.0123424 -0.668714 -36.5911 -0.0270045 0.998461 -0.0484498 -4.58487 0.668283 0.0540767 0.741939 66.8771 
0.737388 -0.0125148 -0.675354 -37.4031 -0.0271296 0.998473 -0.048124 -4.64842 0.674925 0.0538081 0.735922 67.6995 
0.730959 -0.0136395 -0.682285 -38.2047 -0.0266428 0.998468 -0.0485039 -4.73121 0.681901 0.0536324 0.729476 68.5223 
0.724535 -0.0145665 -0.689084 -38.9798 -0.0275271 0.998367 -0.0500477 -4.81143 0.688688 0.0552299 0.722951 69.3071 
0.718633 -0.0146066 -0.695236 -39.8212 -0.0280869 0.998354 -0.0500071 -4.86616 0.694822 0.0554638 0.71704 70.1133 
0.713146 -0.0146442 -0.700863 -40.6476 -0.0276169 0.998419 -0.0489624 -4.92753 0.700472 0.054273 0.711614 70.9191 
0.70828 -0.0149497 -0.705773 -41.4787 -0.0274084 0.99844 -0.0486548 -4.99298 0.705399 0.0538054 0.706765 71.7098 
0.703515 -0.0154527 -0.710513 -42.326 -0.0278972 0.998393 -0.0493361 -5.06915 0.710133 0.05453 0.701953 72.504 
0.698551 -0.0167053 -0.715365 -43.2101 -0.0291494 0.998233 -0.0517752 -5.14575 0.714966 0.0570202 0.69683 73.2942 
0.69394 -0.0189492 -0.719783 -44.1116 -0.0289202 0.998114 -0.0541585 -5.22462 0.719452 0.058399 0.692083 74.0899 
0.688701 -0.0194928 -0.724784 -44.9725 -0.0293935 0.998066 -0.0547728 -5.29926 0.72445 0.059026 0.686796 74.88 
0.683965 -0.0190781 -0.729265 -45.8498 -0.0290801 0.99815 -0.0533861 -5.37041 0.728935 0.0577214 0.682146 75.6584 
0.679024 -0.0198202 -0.733849 -46.771 -0.0276598 0.998235 -0.0525543 -5.43426 0.733595 0.0559838 0.677277 76.4463 
0.674377 -0.0210682 -0.738087 -47.7609 -0.0269981 0.998221 -0.0531612 -5.50825 0.737894 0.0557776 0.672608 77.236 
0.670065 -0.0221308 -0.741973 -48.6555 -0.0259064 0.998249 -0.0531704 -5.57519 0.74185 0.0548495 0.668319 77.9963 
0.666139 -0.0227812 -0.74548 -49.6107 -0.0253009 0.998268 -0.0531144 -5.64461 0.745398 0.054243 0.664409 78.7659 
0.66244 -0.0237883 -0.748737 -50.5267 -0.0239675 0.998311 -0.0529228 -5.71553 0.748731 0.0530036 0.660751 79.5217 
0.658917 -0.0263658 -0.751754 -51.4597 -0.0216232 0.998309 -0.0539659 -5.79294 0.751905 0.0518144 0.657232 80.2683 
0.654895 -0.0318287 -0.75505 -52.3988 -0.0175599 0.998202 -0.0573093 -5.85707 0.755516 0.0507902 0.653158 81.0441 
0.650241 -0.0358851 -0.758881 -53.3225 -0.013656 0.99817 -0.0589013 -5.93299 0.759606 0.0486633 0.648561 81.8068 
0.643874 -0.0393663 -0.764118 -54.2937 -0.00881768 0.998227 -0.0588575 -6.0163 0.765081 0.0446346 0.642386 82.5695 
0.635704 -0.0435134 -0.770706 -55.2571 -0.00333174 0.998246 -0.0591083 -6.0983 0.771926 0.0401432 0.634444 83.3284 
0.626952 -0.0449379 -0.777761 -56.2546 -0.000208913 0.998325 -0.0578502 -6.17469 0.779058 0.0364318 0.625892 84.0873 
0.619239 -0.043411 -0.784001 -57.3735 1.85926e-05 0.998471 -0.0552718 -6.27071 0.785202 0.0342119 0.618293 84.8207 
0.61156 -0.0426131 -0.79005 -58.4801 -0.00179824 0.998471 -0.0552468 -6.36906 0.791196 0.0352075 0.610549 85.5282 
0.602543 -0.0440249 -0.796871 -59.5404 -0.00230908 0.998377 -0.0569035 -6.45557 0.798083 0.0361269 0.601464 86.2515 
0.593778 -0.0463064 -0.803295 -60.7023 -0.00193461 0.998258 -0.0589752 -6.54489 0.804626 0.0365723 0.592654 86.9632 
0.58425 -0.0477552 -0.810167 -61.7809 -0.00148952 0.998203 -0.0599131 -6.6417 0.811572 0.036211 0.583129 87.6837 
0.574854 -0.0483642 -0.816825 -62.8999 0.000784871 0.998284 -0.0585561 -6.7359 0.818256 0.0330201 0.573905 88.3912 
0.565543 -0.0484859 -0.823293 -64.0411 0.00207835 0.998351 -0.0573679 -6.82576 0.824716 0.030733 0.564711 89.0809 
0.555514 -0.0491057 -0.830056 -65.0946 0.00214335 0.998336 -0.0576266 -6.91386 0.831505 0.0302333 0.554694 89.7486 
0.545791 -0.0503105 -0.836409 -66.2089 0.00182115 0.998265 -0.0588579 -7.00267 0.837919 0.0306009 0.544936 90.4056 
0.536156 -0.0503805 -0.842614 -67.3084 -0.000471911 0.998199 -0.0599833 -7.09158 0.844119 0.0325581 0.535167 91.0628 
0.526277 -0.0510896 -0.848777 -68.3826 -0.0017315 0.998127 -0.0611529 -7.19012 0.850312 0.033653 0.525203 91.7131 
0.516896 -0.0510671 -0.854524 -69.5085 -0.00275121 0.998115 -0.0613124 -7.28197 0.856044 0.0340432 0.515781 92.3507 
0.508387 -0.0490866 -0.859729 -70.6325 -0.00346703 0.998249 -0.0590457 -7.36998 0.861122 0.0329988 0.507326 92.9738 
0.501442 -0.0475725 -0.863883 -71.7971 -0.00331873 0.998374 -0.0569051 -7.45262 0.865185 0.0314016 0.500468 93.5659 
0.49375 -0.0475736 -0.868302 -72.8933 -0.00370338 0.998378 -0.0568063 -7.54398 0.869596 0.0312638 0.492773 94.1655 
0.486195 -0.0508513 -0.87237 -74.0212 -0.00131972 0.998262 -0.0589252 -7.63505 0.87385 0.0298004 0.485282 94.7748 
0.47932 -0.0541696 -0.875967 -75.1387 0.00123999 0.998134 -0.061046 -7.72888 0.877639 0.0281744 0.478493 95.3666 
0.473675 -0.0564821 -0.878887 -76.2673 0.00181643 0.998002 -0.0631582 -7.82973 0.880698 0.0283201 0.472831 95.9348 
0.468196 -0.059602 -0.881612 -77.3908 0.00368543 0.997846 -0.0655029 -7.94056 0.883617 0.0274191 0.467407 96.5066 
0.463591 -0.0604316 -0.883986 -78.5172 0.00627023 0.99787 -0.0649287 -8.04199 0.886027 0.0245576 0.462982 97.0764 
0.45958 -0.0571931 -0.886293 -79.6648 0.00731935 0.998134 -0.0606149 -8.1528 0.888106 0.0213704 0.459141 97.6403 
0.45537 -0.0549935 -0.888602 -80.8008 0.0101676 0.998347 -0.0565749 -8.25595 0.890244 0.0167275 0.455176 98.2183 
0.452005 -0.0547242 -0.890335 -81.9522 0.0120563 0.9984 -0.0552457 -8.34452 0.891934 0.0142373 0.451942 98.7779 
0.44966 -0.0544788 -0.891537 -83.1145 0.0130428 0.998432 -0.0544325 -8.4364 0.893104 0.012848 0.449666 99.3256 
0.447246 -0.0540561 -0.892776 -84.2761 0.0154307 0.99849 -0.0527267 -8.51519 0.894278 0.00980573 0.447404 99.8789 
0.445035 -0.0534174 -0.893919 -85.4385 0.0169855 0.998543 -0.0512133 -8.59642 0.895352 0.0076081 0.445294 100.426 
0.443377 -0.0548904 -0.894653 -86.6033 0.0198534 0.99848 -0.0514215 -8.67586 0.896116 0.00503719 0.443792 100.953 
0.441343 -0.0556821 -0.895609 -87.7363 0.0228057 0.998447 -0.0508374 -8.75623 0.897049 0.00201174 0.441928 101.48 
0.439547 -0.0535564 -0.896622 -88.8398 0.0250019 0.998564 -0.047389 -8.87301 0.897872 -0.00158754 0.440254 101.994 
0.437115 -0.0525618 -0.897869 -89.9402 0.0267578 0.998609 -0.0454325 -8.96102 0.899008 -0.00416574 0.437913 102.522 
0.435359 -0.0536567 -0.898657 -91.0167 0.0292563 0.998538 -0.0454471 -9.04152 0.899782 -0.00650553 0.436292 103.027 
0.434567 -0.054222 -0.899006 -92.0972 0.0301587 0.998502 -0.0456446 -9.12983 0.900135 -0.00727718 0.435551 103.515 
0.433297 -0.0551322 -0.899564 -93.1273 0.0304474 0.998453 -0.0465271 -9.21195 0.900737 -0.00722931 0.434305 104.01 
0.433321 -0.0555019 -0.899529 -94.1629 0.0297605 0.998439 -0.0472686 -9.29583 0.900748 -0.0062879 0.434297 104.495 
0.435404 -0.0546 -0.898578 -95.206 0.0272695 0.998501 -0.0474582 -9.38719 0.899822 -0.00384024 0.43624 104.981 
0.438934 -0.0558484 -0.896782 -96.2366 0.0259947 0.998438 -0.0494559 -9.44008 0.898143 -0.00160361 0.4397 105.483 
0.443507 -0.055536 -0.894549 -97.2425 0.0235402 0.998456 -0.0503159 -9.52352 0.895962 0.00125764 0.444129 105.976 
0.450204 -0.0548252 -0.891241 -98.2807 0.0231967 0.998495 -0.0497054 -9.62303 0.892624 0.00170372 0.450798 106.448 
0.456718 -0.0532631 -0.888016 -99.2629 0.0217675 0.998576 -0.0486993 -9.70093 0.889345 0.002912 0.457227 106.937 
0.464797 -0.0518342 -0.883899 -100.27 0.0199183 0.998644 -0.0480892 -9.77142 0.885193 0.00474597 0.4652 107.443 
0.47324 -0.0507738 -0.879469 -101.262 0.0190324 0.998694 -0.0474156 -9.84706 0.880728 0.0057006 0.473588 107.968 
0.481853 -0.050671 -0.874786 -102.228 0.0186427 0.998694 -0.0475793 -9.91299 0.876054 0.00661789 0.482168 108.496 
0.490626 -0.0510414 -0.869874 -103.179 0.0179823 0.998663 -0.0484559 -9.99692 0.871184 0.00813145 0.490889 109.032 
0.500716 -0.0531437 -0.863979 -104.125 0.0156352 0.998506 -0.0523572 -10.0387 0.865471 0.0127077 0.500799 109.559 
0.511454 -0.0534119 -0.857649 -105.071 0.0135671 0.998444 -0.0540896 -10.1218 0.859204 0.0160286 0.511383 110.114 
0.523355 -0.0516165 -0.85055 -106 0.0114076 0.998499 -0.0535757 -10.1983 0.852039 0.0183364 0.523158 110.662 
0.535632 -0.0490478 -0.843026 -106.923 0.00904162 0.998588 -0.0523537 -10.2629 0.844403 0.0204201 0.535319 111.24 
0.548279 -0.0475844 -0.834941 -107.827 0.00856405 0.998647 -0.0512906 -10.3204 0.836252 0.0209711 0.547945 111.787 
0.560345 -0.0473377 -0.826906 -108.734 0.00915587 0.998658 -0.0509657 -10.3966 0.828209 0.0209873 0.560026 112.363 
0.571815 -0.0473902 -0.819013 -109.614 0.00936027 0.998642 -0.0512489 -10.4788 0.820329 0.0216388 0.571482 112.952 
0.582542 -0.0479462 -0.811385 -110.473 0.00983795 0.998601 -0.0519459 -10.5609 0.812741 0.0222784 0.582199 113.547 
0.593642 -0.0491942 -0.803225 -111.324 0.0119676 0.998559 -0.0523128 -10.6425 0.804641 0.0214424 0.593375 114.149 
0.603847 -0.0490839 -0.795588 -112.158 0.0124309 0.998561 -0.0521714 -10.7186 0.797003 0.0216137 0.603588 114.779 
0.614215 -0.0470997 -0.787732 -112.979 0.0116108 0.998649 -0.0506575 -10.786 0.789053 0.0219685 0.613932 115.392 
0.623767 -0.0442124 -0.780359 -113.789 0.012041 0.998824 -0.0469651 -10.8588 0.781518 0.019899 0.623566 116.032 
0.633439 -0.0439824 -0.772542 -114.579 0.012517 0.998835 -0.0466026 -10.9272 0.773692 0.01985 0.633251 116.657 
0.64302 -0.0440524 -0.764582 -115.358 0.011626 0.998791 -0.0477691 -10.9935 0.765761 0.0218274 0.642754 117.302 
0.652465 -0.043704 -0.756558 -116.12 0.00980822 0.998739 -0.0492353 -11.0554 0.757755 0.0247039 0.652071 117.928 
0.661419 -0.0430226 -0.748781 -116.845 0.00961252 0.998758 -0.0488945 -11.1223 0.749955 0.0251421 0.661011 118.56 
0.670656 -0.0412309 -0.740622 -117.586 0.0094356 0.998847 -0.0470623 -11.1862 0.741708 0.0245745 0.670272 119.203 
0.679249 -0.0397981 -0.732828 -118.303 0.00966524 0.998927 -0.0452907 -11.2485 0.733844 0.0236807 0.678905 119.841 
0.687351 -0.0390988 -0.725272 -119.006 0.00973057 0.998956 -0.0446311 -11.3127 0.72626 0.02362 0.687014 120.488 
0.694824 -0.0383369 -0.718157 -119.698 0.00895305 0.998962 -0.0446648 -11.3734 0.719124 0.0246045 0.694446 121.139 
0.702141 -0.0376272 -0.711043 -120.388 0.00857863 0.998977 -0.044393 -11.4333 0.711987 0.0250704 0.701745 121.798 
0.709328 -0.0353011 -0.703994 -121.067 0.00800468 0.999084 -0.0420328 -11.4842 0.704833 0.0241798 0.708961 122.46 
0.716439 -0.0325768 -0.696888 -121.728 0.00686078 0.99919 -0.0396549 -11.5341 0.697616 0.0236292 0.716082 123.13 
0.723702 -0.0310626 -0.689414 -122.365 0.00580708 0.999225 -0.0389257 -11.5857 0.690089 0.0241672 0.723321 123.786 
0.730767 -0.0307542 -0.681934 -122.978 0.00573858 0.999226 -0.0389141 -11.6317 0.682603 0.0245238 0.730378 124.438 
0.738682 -0.0277265 -0.673483 -123.591 0.00284248 0.999273 -0.0380212 -11.6805 0.674048 0.0261713 0.738224 125.086 
0.747436 -0.0248474 -0.663869 -124.191 0.00198008 0.999379 -0.0351756 -11.7308 0.664331 0.0249771 0.747021 125.752 
0.756976 -0.0205446 -0.653119 -124.794 -3.17981e-05 0.999505 -0.0314774 -11.7897 0.653442 0.0238485 0.756601 126.416 
0.766984 -0.0184134 -0.641402 -125.371 -0.00182166 0.999522 -0.0308726 -11.8368 0.641664 0.0248473 0.766584 127.081 
0.777079 -0.0173643 -0.629164 -125.954 -0.003359 0.999491 -0.0317336 -11.8865 0.629395 0.0267729 0.776625 127.745 
0.786904 -0.0178532 -0.616817 -126.508 -0.00339643 0.999441 -0.033261 -11.9442 0.617066 0.0282682 0.786404 128.422 
0.79685 -0.0170703 -0.603936 -127.053 -0.00366757 0.999446 -0.0330886 -11.9811 0.604166 0.0285817 0.796346 129.1 
0.806812 -0.0162815 -0.590584 -127.528 -0.00350259 0.999471 -0.032339 -11.9877 0.590798 0.0281601 0.806328 129.731 
0.816707 -0.0124814 -0.576918 -128.001 -0.00503401 0.999574 -0.0287519 -12.0456 0.577031 0.0263861 0.816296 130.393 
0.826119 -0.0113412 -0.563382 -128.479 -0.00456142 0.99963 -0.0268118 -12.077 0.563477 0.0247196 0.825762 131.079 
0.835091 -0.0101519 -0.550018 -128.954 -0.00369946 0.999703 -0.0240689 -12.1188 0.550099 0.0221345 0.834806 131.772 
0.842953 -0.00950457 -0.537903 -129.4 -0.00310811 0.999741 -0.0225359 -12.1432 0.537978 0.0206686 0.842705 132.466 
0.850206 -0.010079 -0.526353 -129.847 -0.00147781 0.999767 -0.0215314 -12.1599 0.526448 0.019084 0.849993 133.163 
0.856805 -0.00978999 -0.515548 -130.294 -0.00146468 0.99977 -0.0214194 -12.1859 0.515639 0.0191074 0.856593 133.869 
0.863608 -0.00965073 -0.504071 -130.748 -0.00165335 0.999757 -0.0219736 -12.2055 0.504161 0.0198101 0.863383 134.582 
0.870095 -0.00824347 -0.492815 -131.171 -0.00272911 0.999764 -0.0215418 -12.2238 0.492876 0.0200884 0.869868 135.301 
0.876416 -0.00742041 -0.481497 -131.598 -0.00328841 0.999766 -0.0213931 -12.2495 0.481543 0.0203327 0.876187 136.022 
0.88191 -0.0078524 -0.471353 -132.001 -0.00265444 0.999763 -0.0216219 -12.2758 0.471411 0.0203198 0.881679 136.772 
0.886896 -0.0091475 -0.461879 -132.412 -0.00141038 0.999746 -0.0225082 -12.3097 0.461968 0.0206139 0.886657 137.538 
0.891215 -0.00968983 -0.453478 -132.828 -0.000867674 0.999734 -0.0230674 -12.3449 0.45358 0.0209515 0.890969 138.315 
0.894599 -0.00864379 -0.446785 -133.233 -0.00169188 0.99974 -0.0227293 -12.3704 0.446866 0.0210896 0.894352 139.102 
0.897717 -0.00715995 -0.440514 -133.633 -0.00155826 0.99981 -0.0194262 -12.4009 0.440569 0.0181257 0.897536 139.881 
0.900832 -0.00312525 -0.434158 -134.023 -0.00370581 0.999882 -0.0148868 -12.4322 0.434153 0.0150195 0.900714 140.651 
0.90419 -0.000485156 -0.427131 -134.448 -0.0050786 0.999916 -0.0118867 -12.465 0.427101 0.0129171 0.904112 141.475 
0.907365 0.00254025 -0.420337 -134.851 -0.00737901 0.999924 -0.00988596 -12.4857 0.42028 0.0120719 0.907314 142.304 
0.910503 0.0042023 -0.413482 -135.247 -0.00800199 0.99994 -0.00745816 -12.5094 0.413426 0.0100994 0.910482 143.137 
0.913841 0.00544883 -0.406035 -135.659 -0.00794159 0.999959 -0.00445474 -12.5317 0.405994 0.00729554 0.913847 143.995 
0.917354 0.00603609 -0.398027 -136.07 -0.00765527 0.999968 -0.00247906 -12.5548 0.397999 0.00532122 0.917371 144.872 
0.921076 0.00543877 -0.389344 -136.493 -0.00661664 0.999977 -0.00168441 -12.5637 0.389326 0.00412766 0.921091 145.772 
0.924876 0.0046746 -0.38024 -136.914 -0.00584333 0.999981 -0.00191952 -12.5733 0.380224 0.00399724 0.924886 146.687 
0.928718 0.00218384 -0.370782 -137.293 -0.00339988 0.999991 -0.00262618 -12.5822 0.370772 0.00369964 0.928716 147.595 
0.932644 0.000674999 -0.360799 -137.68 -0.00217738 0.999991 -0.00375768 -12.6013 0.360793 0.00429022 0.932636 148.532 
0.936977 -7.00033e-05 -0.349392 -138.063 -0.00206867 0.999981 -0.00574806 -12.6221 0.349386 0.00610862 0.936959 149.489 
0.941935 0.00120302 -0.335794 -138.433 -0.00369313 0.99997 -0.0067772 -12.6307 0.335776 0.00762386 0.941911 150.457 
0.94767 0.00375954 -0.319228 -138.805 -0.00609459 0.999962 -0.0063162 -12.6351 0.319192 0.00793129 0.947657 151.455 
0.953842 0.00671339 -0.300234 -139.135 -0.00825223 0.999959 -0.00385781 -12.6459 0.300195 0.00615739 0.953858 152.441 
0.960034 0.0101408 -0.2797 -139.468 -0.0112563 0.999934 -0.00238263 -12.6642 0.279658 0.00543586 0.960084 153.386 
0.966027 0.0114157 -0.258188 -139.766 -0.0123226 0.999922 -0.0018946 -12.6699 0.258146 0.00501182 0.966093 154.413 
0.97156 0.0134251 -0.236412 -140.035 -0.0139034 0.999903 -0.000355913 -12.6893 0.236385 0.00363276 0.971653 155.448 
0.976635 0.014421 -0.214421 -140.278 -0.0142978 0.999896 0.00212554 -12.7033 0.214429 0.000989911 0.976739 156.433 
0.98123 0.0163763 -0.192146 -140.515 -0.0156411 0.999863 0.00534215 -12.7079 0.192207 -0.00223646 0.981352 157.525 
0.985353 0.0185611 -0.169516 -140.726 -0.0171972 0.999807 0.00951071 -12.7223 0.169659 -0.00645617 0.985482 158.622 
0.988981 0.0202434 -0.146652 -140.943 -0.018613 0.999749 0.0124808 -12.7198 0.146868 -0.00961362 0.989109 159.796 
0.992034 0.0221137 -0.124016 -141.124 -0.0207861 0.999712 0.0119883 -12.7192 0.124245 -0.00931494 0.992208 160.927 
0.994607 0.0214077 -0.101486 -141.287 -0.0205466 0.999744 0.00952291 -12.7099 0.101664 -0.00738631 0.994791 162.083 
0.996539 0.0212926 -0.0803591 -141.405 -0.0206885 0.999751 0.00834208 -12.7046 0.0805167 -0.00665065 0.996731 163.271 
0.997996 0.0201504 -0.0599879 -141.512 -0.0195728 0.999756 0.0101999 -12.7076 0.0601788 -0.00900533 0.998147 164.487 
0.998994 0.0204665 -0.0398946 -141.581 -0.0200119 0.999731 0.0117604 -12.7078 0.0401245 -0.0109502 0.999135 165.699 
0.999598 0.0206219 -0.0194548 -141.638 -0.0203847 0.999716 0.0123084 -12.6983 0.019703 -0.0119069 0.999735 166.865 
0.999757 0.0220434 0.000876508 -141.663 -0.0220527 0.999676 0.0126832 -12.6951 -0.000596688 -0.0126994 0.999919 168.105 
0.999516 0.0226011 0.0213797 -141.649 -0.0228871 0.999651 0.0132298 -12.6972 -0.0210733 -0.0137127 0.999684 169.37 
0.998805 0.0249471 0.0420334 -141.639 -0.0254843 0.9996 0.0122959 -12.6905 -0.0417099 -0.0133524 0.999041 170.677 
0.997731 0.0259534 0.0621269 -141.598 -0.0266766 0.999585 0.0108409 -12.6829 -0.0618198 -0.0124736 0.998009 172.007 
0.996288 0.026238 0.0819883 -141.534 -0.02699 0.999603 0.00807686 -12.6779 -0.0817438 -0.0102597 0.996601 173.317 
0.994459 0.0288158 0.101096 -141.432 -0.0295413 0.999547 0.0056873 -12.6971 -0.100886 -0.00864226 0.99486 174.589 
0.992327 0.0287282 0.120261 -141.316 -0.0293786 0.999562 0.00363796 -12.7007 -0.120104 -0.00714311 0.992736 175.963 
0.989903 0.0286486 0.13882 -141.157 -0.0290205 0.999579 0.000655379 -12.7212 -0.138743 -0.00467734 0.990317 177.254 
0.987108 0.0297336 0.157267 -140.975 -0.0293325 0.999558 -0.00487077 -12.739 -0.157343 0.000194968 0.987544 178.577 
0.983962 0.0319835 0.175488 -140.775 -0.0304501 0.999471 -0.011424 -12.7815 -0.175761 0.00589714 0.984415 179.923 
0.980586 0.0341725 0.193088 -140.555 -0.0315234 0.999362 -0.0167759 -12.8078 -0.193539 0.0103634 0.981038 181.274 
0.976847 0.0367865 0.210752 -140.304 -0.033042 0.999228 -0.0212619 -12.8462 -0.211372 0.0138059 0.977308 182.664 
0.972837 0.0387221 0.228231 -140.018 -0.0340891 0.999126 -0.0242081 -12.8916 -0.228969 0.0157704 0.973306 184.015 
0.96859 0.038447 0.245674 -139.702 -0.0335197 0.999145 -0.0242079 -12.9392 -0.246395 0.0152126 0.96905 185.41 
0.964151 0.037975 0.262624 -139.357 -0.0325715 0.999159 -0.0248991 -12.9963 -0.263349 0.0154524 0.964577 186.765 
0.959418 0.0379046 0.279428 -138.985 -0.0306277 0.99907 -0.0303637 -13.0424 -0.280319 0.0205733 0.959687 188.18 
0.954567 0.0394739 0.29537 -138.548 -0.0304288 0.998918 -0.0351588 -13.0919 -0.296439 0.0245738 0.954736 189.612 
0.949267 0.0420112 0.311653 -138.068 -0.0325585 0.99884 -0.0354744 -13.1551 -0.312782 0.0235277 0.949534 191.087 
0.943462 0.04384 0.328568 -137.566 -0.0336829 0.998764 -0.0365441 -13.212 -0.329764 0.0234109 0.943773 192.564 
0.936938 0.0476322 0.346235 -137.108 -0.0360326 0.998555 -0.039866 -13.263 -0.347633 0.0248763 0.9373 193.964 
0.930522 0.0479413 0.363086 -136.591 -0.034327 0.998448 -0.0438595 -13.3467 -0.364625 0.0283486 0.930723 195.395 
0.923691 0.0492435 0.379961 -136.058 -0.0342386 0.998348 -0.0461524 -13.4379 -0.381606 0.0296213 0.923851 196.761 
0.916388 0.0491953 0.397256 -135.509 -0.0313202 0.998189 -0.0513641 -13.5365 -0.399063 0.0346273 0.916269 198.182 
0.907714 0.0523214 0.416316 -134.95 -0.031432 0.997886 -0.0568787 -13.686 -0.418412 0.038544 0.907439 199.646 
0.897365 0.0560495 0.437715 -134.333 -0.0328445 0.997633 -0.060412 -13.7906 -0.440065 0.0398351 0.897082 201.123 
0.885237 0.0589453 0.461391 -133.666 -0.0341544 0.997497 -0.0619065 -13.9033 -0.463885 0.0390434 0.885035 202.572 
0.871358 0.0639002 0.486469 -132.984 -0.0371869 0.997232 -0.0643826 -14.0289 -0.489237 0.03801 0.871322 204.002 
0.856617 0.0678527 0.511472 -132.249 -0.038616 0.996966 -0.0675846 -14.1739 -0.514506 0.0381432 0.856638 205.445 
0.841203 0.0724412 0.535845 -131.437 -0.0405155 0.996644 -0.0711331 -14.2889 -0.5392 0.0381274 0.841315 206.868 
0.825272 0.0740552 0.559859 -130.616 -0.0393011 0.996493 -0.0738782 -14.3915 -0.563366 0.0389666 0.825288 208.273 
0.809041 0.0758029 0.582844 -129.732 -0.0382415 0.996336 -0.0764976 -14.5145 -0.586507 0.0396009 0.808975 209.628 
0.792177 0.0781332 0.605269 -128.768 -0.036079 0.996032 -0.0813558 -14.6613 -0.609224 0.0426108 0.791853 211.016 
0.774751 0.0805148 0.627119 -127.818 -0.0334181 0.995687 -0.0865493 -14.8348 -0.631383 0.046097 0.7741 212.427 
0.757817 0.0823651 0.647248 -126.807 -0.0316091 0.99547 -0.0896688 -15.0091 -0.651701 0.0474936 0.756987 213.784 
0.740703 0.0836402 0.666606 -125.824 -0.0291017 0.995283 -0.0925432 -15.1901 -0.671203 0.0491477 0.739643 215.028 
0.724533 0.0836252 0.684148 -124.784 -0.0262093 0.995237 -0.0938939 -15.3653 -0.688742 0.0500983 0.723274 216.212 
0.70877 0.0846195 0.700346 -123.678 -0.0245785 0.995139 -0.0953637 -15.5401 -0.705011 0.0503775 0.707405 217.39 
0.693568 0.0847156 0.715393 -122.545 -0.0210606 0.995021 -0.0974106 -15.7358 -0.720083 0.0524943 0.691899 218.551 
0.678044 0.0864391 0.729921 -121.424 -0.0183534 0.994742 -0.100751 -15.9087 -0.734792 0.054917 0.676065 219.683 
0.662615 0.0886872 0.743691 -120.235 -0.015514 0.994377 -0.104759 -16.0993 -0.7488 0.0578775 0.660264 220.807 
0.647101 0.0899165 0.757084 -119.022 -0.013121 0.994187 -0.106862 -16.3068 -0.762291 0.0592166 0.644519 221.916 
0.631411 0.091312 0.770053 -117.761 -0.0124034 0.994105 -0.107709 -16.4938 -0.775349 0.0584577 0.628822 222.982 
0.614678 0.0923571 0.783353 -116.529 -0.0120137 0.994102 -0.107778 -16.6811 -0.788687 0.0568375 0.612162 224.001 
0.597604 0.0929771 0.796383 -115.273 -0.0125091 0.994214 -0.106687 -16.8623 -0.801694 0.0537945 0.595309 224.987 
0.579531 0.0938635 0.809527 -114.02 -0.0143996 0.994369 -0.104987 -17.0517 -0.814823 0.0491864 0.577619 225.953 
0.562092 0.0952995 0.821566 -112.793 -0.0161191 0.994413 -0.104321 -17.2344 -0.826918 0.0453951 0.560488 226.814 
0.54393 0.0984876 0.833331 -111.546 -0.0168405 0.99417 -0.106504 -17.4265 -0.838962 0.0438972 0.542417 227.686 
0.525798 0.102086 0.844461 -110.315 -0.0187119 0.99392 -0.108503 -17.6138 -0.850404 0.041249 0.524511 228.494 
0.506548 0.102109 0.856145 -109.03 -0.0183229 0.994013 -0.107711 -17.8039 -0.862017 0.0388734 0.505386 229.29 
0.486367 0.101277 0.867866 -107.721 -0.018658 0.994237 -0.105568 -17.997 -0.873556 0.035152 0.485453 230.039 
0.464962 0.0994086 0.879732 -106.407 -0.0187319 0.994558 -0.102483 -18.1912 -0.885133 0.0311717 0.464293 230.778 
0.443536 0.0979302 0.89089 -105.096 -0.0177771 0.994778 -0.100499 -18.3658 -0.89608 0.0287377 0.442961 231.475 
0.422281 0.0970771 0.901252 -103.799 -0.017367 0.994933 -0.0990305 -18.5489 -0.906299 0.0261666 0.421827 232.119 
0.400945 0.0966357 0.910991 -102.487 -0.015724 0.995 -0.0986266 -18.7146 -0.915967 0.0252194 0.40046 232.738 
0.380645 0.0959884 0.919726 -101.193 -0.0136384 0.995073 -0.0982075 -18.8919 -0.924621 0.0248385 0.380078 233.283 
0.359468 0.0962714 0.928178 -99.8698 -0.0104391 0.995017 -0.099161 -19.0602 -0.933099 0.0259559 0.358682 233.847 
0.338491 0.0957856 0.936082 -98.5582 -0.00603194 0.995006 -0.0996339 -19.2262 -0.94095 0.0280788 0.337378 234.365 
0.317583 0.0940107 0.943559 -97.2648 -0.00389479 0.995194 -0.0978444 -19.3936 -0.948223 0.0273987 0.316423 234.83 
0.297472 0.0938947 0.950102 -95.9429 -0.00279756 0.995234 -0.0974789 -19.5582 -0.954727 0.0263393 0.296317 235.262 
0.277831 0.0988856 0.955527 -94.6095 -0.00287797 0.994769 -0.10211 -19.7218 -0.960626 0.0256193 0.276662 235.666 
0.258664 0.10838 0.959868 -93.3189 -0.00291815 0.993769 -0.111422 -19.8766 -0.965963 0.0260197 0.257368 236.042 
0.239141 0.11603 0.964027 -92.0223 -0.00484431 0.992965 -0.118311 -20.0544 -0.970973 0.0236229 0.23802 236.399 
0.219307 0.119938 0.968256 -90.7893 -0.00709845 0.992585 -0.121344 -20.2353 -0.97563 0.0197385 0.218532 236.723 
0.199485 0.120786 0.972428 -89.5029 -0.00902319 0.992558 -0.121436 -20.4248 -0.979859 0.0154501 0.19909 237.024 
0.179797 0.120881 0.976248 -88.2326 -0.0125336 0.992622 -0.1206 -20.6041 -0.983624 0.00944761 0.179986 237.293 
0.160622 0.120855 0.979589 -86.9384 -0.0140042 0.992654 -0.120171 -20.7933 -0.986917 0.00558379 0.161135 237.535 
0.141658 0.119556 0.98267 -85.6536 -0.0138386 0.992822 -0.118796 -20.9613 -0.989819 0.00322966 0.142296 237.75 
0.122933 0.119462 0.985199 -84.3982 -0.0137393 0.992838 -0.118674 -21.1395 -0.99232 0.001053 0.123694 237.938 
0.10475 0.1203 0.987196 -83.1585 -0.0129363 0.992738 -0.119602 -21.3053 -0.994414 -0.000242267 0.105546 238.096 
0.0856633 0.123513 0.988639 -81.8907 -0.0163727 0.992327 -0.122555 -21.4825 -0.99619 -0.0056882 0.0870282 238.239 
0.0674109 0.125189 0.98984 -80.6328 -0.016009 0.992105 -0.124385 -21.6599 -0.997597 -0.00746149 0.0688828 238.352 
0.0502437 0.122463 0.991201 -79.3695 -0.015919 0.992426 -0.121807 -21.8313 -0.99861 -0.00965886 0.0518126 238.456 
0.0345881 0.118006 0.99241 -78.1321 -0.0136336 0.992968 -0.117597 -22.0024 -0.999309 -0.00946271 0.0359537 238.532 
0.0208698 0.114087 0.993252 -76.9193 -0.0132192 0.993413 -0.113828 -22.1633 -0.999695 -0.0107545 0.0222405 238.568 
0.00846028 0.111218 0.99376 -75.7255 -0.0106828 0.993749 -0.111126 -22.3112 -0.999907 -0.00967602 0.00959552 238.596 
-0.00207811 0.111309 0.993784 -74.5616 -0.0102796 0.993731 -0.111324 -22.4642 -0.999945 -0.010447 -0.00092087 238.618 
-0.0104301 0.113458 0.993488 -73.409 -0.0103148 0.993477 -0.113565 -22.6244 -0.999892 -0.0114322 -0.00919181 238.62 
-0.0171571 0.115143 0.993201 -72.2821 -0.0112492 0.993262 -0.115344 -22.77 -0.99979 -0.0131517 -0.0157463 238.621 
-0.0232666 0.119034 0.992618 -71.1694 -0.0115031 0.992789 -0.119324 -22.9259 -0.999663 -0.0141944 -0.0217296 238.635 
-0.0288212 0.127327 0.991442 -70.067 -0.0102591 0.991764 -0.127666 -23.0954 -0.999532 -0.0138508 -0.0272776 238.631 
-0.0337225 0.130036 0.990936 -68.9784 -0.0122745 0.991371 -0.130511 -23.242 -0.999356 -0.0165644 -0.0318354 238.62 
-0.0374747 0.121653 0.991865 -67.8799 -0.0115311 0.992443 -0.12216 -23.3965 -0.999231 -0.0160152 -0.0357887 238.6 
-0.0397821 0.111879 0.992925 -66.7764 -0.00994148 0.993618 -0.112355 -23.5493 -0.999159 -0.0143409 -0.038416 238.576 
-0.0411766 0.108352 0.993259 -65.6918 -0.00945371 0.994016 -0.108827 -23.6889 -0.999107 -0.0138711 -0.0399058 238.553 
-0.0412257 0.11031 0.993042 -64.6318 -0.0106324 0.993782 -0.110834 -23.8269 -0.999093 -0.0151276 -0.0397965 238.531 
-0.0408904 0.113509 0.992695 -63.5852 -0.0102235 0.993427 -0.114014 -23.9604 -0.999111 -0.0148109 -0.0394612 238.515 
-0.0392186 0.115605 0.992521 -62.5562 -0.0125985 0.993149 -0.116176 -24.1026 -0.999151 -0.0170605 -0.0374934 238.493 
-0.0371791 0.116353 0.992512 -61.5224 -0.0154149 0.993014 -0.116989 -24.2417 -0.99919 -0.019649 -0.0351257 238.477 
-0.0343733 0.117674 0.992457 -60.5125 -0.0163151 0.992846 -0.118285 -24.3772 -0.999276 -0.0202579 -0.0322075 238.467 
-0.0311354 0.118715 0.99244 -59.4994 -0.0194252 0.992662 -0.119351 -24.5124 -0.999326 -0.0229944 -0.0286009 238.464 
-0.0264955 0.119661 0.992461 -58.5039 -0.0211864 0.99252 -0.120233 -24.6514 -0.999424 -0.0242123 -0.0237621 238.465 
-0.0205257 0.119372 0.992637 -57.4823 -0.0231297 0.992524 -0.119837 -24.7753 -0.999522 -0.0254191 -0.0176112 238.47 
-0.0139443 0.118334 0.992876 -56.4795 -0.0229155 0.992674 -0.118632 -24.9045 -0.99964 -0.0244065 -0.0111305 238.475 
-0.00746138 0.117718 0.993019 -55.5013 -0.0216907 0.992794 -0.117854 -25.0419 -0.999737 -0.0224187 -0.00485423 238.495 
-0.000385171 0.11888 0.992909 -54.5129 -0.0213058 0.992682 -0.118861 -25.1704 -0.999773 -0.0212005 0.00215047 238.522 
0.00650018 0.118491 0.992934 -53.5389 -0.0218496 0.992735 -0.118324 -25.3029 -0.99974 -0.020926 0.00904192 238.549 
0.0130456 0.117433 0.992995 -52.5581 -0.0231654 0.992849 -0.117112 -25.4372 -0.999647 -0.0214754 0.0156727 238.589 
0.0192183 0.115519 0.993119 -51.5744 -0.0241451 0.993067 -0.115045 -25.5616 -0.999524 -0.021768 0.0218743 238.639 
0.0260062 0.114016 0.993139 -50.598 -0.0244777 0.993249 -0.113388 -25.695 -0.999362 -0.021361 0.0286215 238.685 
0.0324385 0.114759 0.992864 -49.6506 -0.025511 0.993158 -0.113959 -25.822 -0.999148 -0.0216323 0.0351442 238.744 
0.0394201 0.116861 0.992366 -48.6931 -0.0248444 0.992945 -0.115942 -25.9487 -0.998914 -0.0200843 0.0420454 238.798 
0.0460579 0.118241 0.991916 -47.7275 -0.0252343 0.992791 -0.117173 -26.0788 -0.99862 -0.0196336 0.0487096 238.862 
0.0521582 0.120137 0.991386 -46.7714 -0.027852 0.992526 -0.11881 -26.2064 -0.99825 -0.0214152 0.0551145 238.939 
0.0585763 0.120779 0.99095 -45.8239 -0.0306757 0.992403 -0.119143 -26.3339 -0.997812 -0.0234191 0.0618363 239.018 
0.0652971 0.120412 0.990574 -44.8636 -0.0307555 0.992464 -0.118614 -26.4566 -0.997392 -0.0227204 0.0685084 239.108 
0.0716619 0.118477 0.990367 -43.8999 -0.0319896 0.992683 -0.11644 -26.5802 -0.996916 -0.0233372 0.0749276 239.202 
0.0782428 0.117105 0.990033 -42.9416 -0.0318603 0.992863 -0.114922 -26.7053 -0.996425 -0.0225509 0.0814154 239.298 
0.0844776 0.116569 0.989583 -41.9927 -0.0322911 0.992932 -0.114206 -26.8275 -0.995902 -0.0223069 0.0876446 239.408 
0.0915312 0.11767 0.988826 -41.0475 -0.032343 0.992821 -0.115151 -26.9519 -0.995277 -0.0214416 0.0946799 239.516 
0.0981242 0.117959 0.988159 -40.1358 -0.030465 0.992841 -0.115493 -27.0731 -0.994708 -0.0187716 0.101015 239.645 
