1 2.12261e-08 -2.11895e-08 0 2.12261e-08 1 2.10703e-08 0 -2.11895e-08 2.10703e-08 1 0 
0.999877 0.00152145 0.0156402 0.0187568 -0.00150992 0.999999 -0.00074641 -0.00727281 -0.0156414 0.000722744 0.999877 0.117805 
0.999315 0.00434829 0.0367648 0.0417617 -0.00433133 0.999991 -0.000539704 -0.00528675 -0.0367669 0.000380134 0.999324 0.268009 
0.997934 0.00593107 0.0639798 0.072144 -0.0059817 0.999982 0.000600442 0.000616842 -0.0639752 -0.000981868 0.997951 0.413254 
0.995201 0.00579864 0.0976765 0.135476 -0.0060752 0.999978 0.00253462 0.00646952 -0.0976597 -0.00311582 0.995215 0.566263 
0.990774 0.00286964 0.135494 0.216592 -0.00344976 0.999986 0.00404723 0.0174282 -0.135481 -0.00447727 0.99077 0.745957 
0.984584 0.000202619 0.174912 0.302934 -0.000933675 0.999991 0.00409754 0.0286869 -0.17491 -0.00419765 0.984576 0.926384 
0.975893 0.000219926 0.21825 0.401533 -0.0013342 0.999987 0.00495833 0.0318124 -0.218246 -0.00512995 0.97588 1.1095 
0.964006 0.000139504 0.265881 0.507002 -0.00234715 0.999965 0.00798561 0.0249047 -0.26587 -0.0083222 0.963973 1.28645 
0.94968 -0.00485859 0.313183 0.611359 -0.000133272 0.999873 0.0159159 -0.00143313 -0.31322 -0.0151567 0.94956 1.46324 
0.932876 -0.0144547 0.359908 0.752211 0.00617737 0.99969 0.0241382 -0.0132223 -0.360146 -0.0202946 0.932675 1.656 
0.911523 -0.0190689 0.410806 0.886089 0.00822981 0.99957 0.0281376 0.00609277 -0.411166 -0.0222672 0.911288 1.85194 
0.886275 -0.0206817 0.462698 1.03397 0.00651919 0.999461 0.032187 0.00307293 -0.463114 -0.02551 0.885932 2.04346 
0.858058 -0.0224194 0.513064 1.21572 0.0042234 0.999321 0.0366043 0.0102459 -0.513536 -0.0292417 0.85757 2.25197 
0.825656 -0.0275702 0.563499 1.37962 0.00524051 0.999137 0.0412061 0.00847366 -0.564149 -0.031069 0.825088 2.42433 
0.789349 -0.0334575 0.613033 1.56448 0.00763542 0.998972 0.0446896 0.00671509 -0.613897 -0.0305949 0.788793 2.60858 
0.750942 -0.03761 0.659296 1.7632 0.00821724 0.998832 0.0476197 0.00507261 -0.660317 -0.030342 0.750374 2.78191 
0.710446 -0.0406375 0.702578 1.98798 0.00909059 0.998778 0.0485776 0.0157758 -0.703693 -0.0281249 0.709947 2.96859 
0.667962 -0.0422155 0.742997 2.23918 0.00785841 0.998734 0.0496812 0.0292626 -0.744154 -0.0273463 0.667448 3.16405 
0.624817 -0.0423285 0.779623 2.52276 0.00254125 0.998634 0.0521828 0.0312498 -0.780767 -0.0306234 0.624071 3.36136 
0.582772 -0.0430484 0.811495 2.83384 -0.000556005 0.998575 0.0533719 0.0380726 -0.812636 -0.0315548 0.581917 3.54961 
0.542233 -0.0436323 0.839095 3.18913 -0.003062 0.998542 0.0539021 0.0581163 -0.840223 -0.0317968 0.541309 3.74877 
0.503315 -0.0457533 0.862891 3.56657 -0.00442751 0.998448 0.0555235 0.0737048 -0.864092 -0.0317663 0.502331 3.94445 
0.465946 -0.0457191 0.883631 3.97133 -0.00724158 0.998434 0.0554776 0.08878 -0.884784 -0.0322484 0.464885 4.12918 
0.429106 -0.0454248 0.902111 4.40719 -0.00809704 0.998501 0.05413 0.102039 -0.903218 -0.0305319 0.428095 4.32155 
0.395538 -0.0437937 0.917405 4.87708 -0.00672005 0.998698 0.0505717 0.13113 -0.918425 -0.026168 0.394728 4.50196 
0.366042 -0.0421749 0.929642 5.38068 -0.00416781 0.998888 0.0469575 0.153408 -0.930589 -0.021063 0.365459 4.67478 
0.340714 -0.0402249 0.939306 5.91147 -0.00232019 0.999045 0.0436249 0.181953 -0.940164 -0.017043 0.340296 4.85462 
0.320496 -0.0400254 0.946404 6.47626 -0.0012111 0.999089 0.0426638 0.197931 -0.947249 -0.0148198 0.320156 5.03844 
0.305866 -0.040505 0.951213 7.06712 -0.000224437 0.999092 0.042616 0.222522 -0.952075 -0.0132483 0.305579 5.22762 
0.29463 -0.0417402 0.954699 7.69781 0.00087583 0.999057 0.0434093 0.252358 -0.955611 -0.0119535 0.294389 5.41557 
0.283755 -0.0436272 0.957904 8.33839 -0.000381625 0.998959 0.0456102 0.271796 -0.958897 -0.0133077 0.283443 5.61078 
0.273411 -0.0452562 0.960832 9.00657 -0.00220865 0.99886 0.0476759 0.300015 -0.961895 -0.0151573 0.273 5.80329 
0.263241 -0.0470689 0.963581 9.69756 -0.00341825 0.998757 0.0497211 0.325895 -0.964724 -0.0163824 0.262753 5.99916 
0.253152 -0.048819 0.966194 10.4099 -0.00415968 0.998662 0.0515494 0.356489 -0.967418 -0.0170689 0.25261 6.18934 
0.242636 -0.0498404 0.968836 11.1588 -0.00398215 0.99862 0.0523699 0.399554 -0.970109 -0.0165648 0.242102 6.38812 
0.232445 -0.050859 0.971279 11.9141 -0.00425261 0.998569 0.0533058 0.435016 -0.9726 -0.0165211 0.231896 6.574 
0.222035 -0.0539568 0.973545 12.6793 -0.00546939 0.998383 0.0565809 0.462255 -0.975024 -0.0178876 0.22138 6.75423 
0.211155 -0.0572567 0.975774 13.4623 -0.00714733 0.998166 0.0601173 0.502672 -0.977426 -0.0196683 0.210359 6.92575 
0.19896 -0.0614791 0.978077 14.2536 -0.00793175 0.997897 0.0643384 0.530784 -0.979976 -0.0205586 0.198054 7.09675 
0.186129 -0.0637823 0.980453 15.0433 -0.00916864 0.997735 0.0666472 0.562174 -0.982483 -0.0213944 0.185122 7.25508 
0.172167 -0.063835 0.982997 15.8439 -0.00942465 0.997746 0.0664435 0.60845 -0.985023 -0.0207038 0.171177 7.4033 
0.157935 -0.0626702 0.985459 16.6656 -0.0101863 0.997827 0.0650893 0.653085 -0.987397 -0.020318 0.156954 7.53913 
0.141346 -0.061653 0.988039 17.4873 -0.010377 0.997912 0.0637536 0.691177 -0.989906 -0.0192642 0.140411 7.66499 
0.121152 -0.0597492 0.990834 18.3115 -0.0130822 0.998004 0.0617812 0.730791 -0.992548 -0.0204472 0.120128 7.7692 
0.0957904 -0.0584036 0.993687 19.1476 -0.0172338 0.99803 0.0603202 0.767593 -0.995252 -0.0229031 0.0945952 7.85619 
0.0652009 -0.0579356 0.996189 19.9745 -0.0211003 0.99801 0.0594226 0.799262 -0.997649 -0.0248943 0.0638487 7.9233 
0.0320266 -0.0575556 0.997829 20.7941 -0.0240266 0.998008 0.0583371 0.831465 -0.999198 -0.0258427 0.0305799 7.95826 
-0.00249449 -0.0569793 0.998372 21.6287 -0.0254123 0.998057 0.0568978 0.862883 -0.999674 -0.025229 -0.00393761 7.96001 
-0.0365677 -0.0555957 0.997784 22.466 -0.0253128 0.998183 0.0546903 0.893641 -0.999011 -0.0232568 -0.0379085 7.93382 
-0.069779 -0.0541853 0.99609 23.3028 -0.0276268 0.998246 0.0523673 0.913799 -0.99718 -0.0238646 -0.0711535 7.88386 
-0.102164 -0.0511557 0.993451 24.1402 -0.0306355 0.998365 0.0482582 0.942363 -0.994296 -0.0255046 -0.103565 7.80647 
-0.134666 -0.0465586 0.989797 24.9671 -0.0277788 0.99868 0.0431971 0.965672 -0.990502 -0.0216782 -0.135781 7.69333 
-0.166567 -0.0405507 0.985196 25.8028 -0.0224799 0.999051 0.0373204 0.985618 -0.985774 -0.0159308 -0.16732 7.5504 
-0.196855 -0.0341972 0.979836 26.6223 -0.0160986 0.99937 0.0316447 1.0009 -0.9803 -0.00954452 -0.197282 7.37827 
-0.225626 -0.0281526 0.973807 27.4399 -0.01017 0.999596 0.0265418 1.01306 -0.974161 -0.00391515 -0.225821 7.17751 
-0.253276 -0.0217554 0.96715 28.2446 -0.000798122 0.999752 0.0222797 1.01838 -0.967394 0.00487101 -0.25323 6.95345 
-0.279663 -0.0114862 0.96003 29.0279 0.00425431 0.999904 0.0132026 1.01304 -0.960089 0.00777654 -0.279587 6.7246 
-0.304891 0.00405454 0.952379 29.8259 0.00905515 0.999958 -0.00135818 0.999767 -0.952344 0.00820983 -0.304915 6.46324 
-0.329355 0.0218406 0.943953 30.5882 0.0107258 0.999755 -0.0193894 0.983335 -0.944145 0.00373862 -0.329509 6.19047 
-0.354562 0.0367633 0.93431 31.3546 0.0109719 0.999322 -0.0351577 0.95251 -0.934968 -0.00221447 -0.354724 5.90329 
-0.378901 0.0471467 0.924236 32.1028 0.0147432 0.998882 -0.0449104 0.907648 -0.92532 -0.00339042 -0.379173 5.60281 
-0.402228 0.0513926 0.914096 32.8622 0.018062 0.998674 -0.0482 0.854834 -0.915361 -0.00287699 -0.402623 5.2699 
-0.424668 0.0511768 0.903902 33.6105 0.0215162 0.99869 -0.0464348 0.802475 -0.905094 -0.000270805 -0.425212 4.91811 
-0.444458 0.046979 0.894567 34.3513 0.0249282 0.998886 -0.0400719 0.755314 -0.895453 0.00448968 -0.445133 4.54042 
-0.461976 0.0459319 0.885702 35.0664 0.0335515 0.998848 -0.0342993 0.70424 -0.886257 0.0138712 -0.462985 4.15997 
-0.475552 0.0465064 0.878458 35.7949 0.035916 0.998795 -0.0334341 0.655647 -0.878954 0.0156511 -0.476649 3.7663 
-0.486669 0.0507243 0.872113 36.4985 0.0398453 0.998563 -0.0358439 0.6178 -0.872678 0.0173055 -0.48799 3.3845 
-0.496564 0.0531714 0.86637 37.1567 0.0406714 0.998451 -0.0379665 0.56813 -0.867047 0.0163837 -0.497957 3.01607 
-0.507289 0.0527596 0.860159 37.8462 0.0347442 0.998565 -0.0407581 0.527916 -0.861075 0.0092094 -0.508394 2.62979 
-0.518366 0.0513269 0.853617 38.5249 0.0340934 0.998644 -0.0393436 0.475411 -0.854479 0.00870834 -0.519413 2.23587 
-0.52712 0.0525577 0.848164 39.218 0.036273 0.998568 -0.0393345 0.427904 -0.849016 0.0100315 -0.528271 1.82024 
-0.534556 0.0554521 0.843312 39.8934 0.0391867 0.998398 -0.0408102 0.387096 -0.844224 0.0112313 -0.535872 1.41174 
-0.537737 0.0582155 0.841101 40.582 0.040258 0.998248 -0.0433543 0.339092 -0.842151 0.0105478 -0.539139 0.983605 
-0.537323 0.0603562 0.841214 41.298 0.0397929 0.998139 -0.0461979 0.293916 -0.842438 0.00865119 -0.538725 0.534326 
-0.533711 0.0606922 0.843486 42.0199 0.0423633 0.998088 -0.0450112 0.243101 -0.844605 0.0117099 -0.535261 0.0881193 
-0.527572 0.0595608 0.84742 42.7747 0.0397476 0.998177 -0.0454114 0.205499 -0.84858 0.00972505 -0.528978 -0.370744 
-0.52065 0.0585747 0.851758 43.5381 0.0375863 0.998249 -0.0456735 0.163113 -0.852942 0.00823453 -0.52194 -0.813228 
-0.513451 0.0580876 0.856151 44.342 0.0364014 0.998283 -0.0459002 0.0974079 -0.857346 0.00759756 -0.514684 -1.25529 
-0.507577 0.0566655 0.859741 45.1194 0.0332941 0.99838 -0.0461468 0.0515613 -0.860963 0.00520128 -0.508641 -1.66116 
-0.503317 0.0544739 0.862383 45.922 0.0292897 0.998513 -0.0459782 -0.00408629 -0.863605 0.00211731 -0.504164 -2.09916 
-0.502341 0.0516969 0.863123 46.7245 0.02463 0.998662 -0.0454803 -0.0539748 -0.864319 -0.00158798 -0.502942 -2.52512 
-0.502943 0.0488893 0.862936 47.5675 0.0204271 0.998792 -0.0446807 -0.102636 -0.864078 -0.00484458 -0.503335 -2.98235 
-0.503848 0.0478921 0.862464 48.4081 0.0197281 0.998839 -0.0439398 -0.159826 -0.863567 -0.0051242 -0.504208 -3.44285 
-0.504465 0.0470078 0.862151 49.2605 0.0191092 0.99888 -0.0432815 -0.215713 -0.863221 -0.00535896 -0.504799 -3.91118 
-0.504827 0.0466098 0.861961 50.0935 0.0197035 0.998903 -0.042475 -0.281849 -0.862996 -0.0044589 -0.505192 -4.35953 
-0.504986 0.0453486 0.861936 50.9731 0.0186202 0.998959 -0.0416485 -0.329277 -0.862927 -0.0049825 -0.505304 -4.85246 
-0.505279 0.0451783 0.861773 51.8659 0.0186443 0.998967 -0.041439 -0.383564 -0.862755 -0.00487108 -0.505599 -5.33826 
-0.505431 0.0435285 0.861769 52.7663 0.0162971 0.99903 -0.0409034 -0.438067 -0.862713 -0.00662956 -0.50565 -5.8486 
-0.505337 0.043094 0.861845 53.6408 0.0161462 0.99905 -0.0404873 -0.491743 -0.862771 -0.00654423 -0.505553 -6.33526 
-0.504717 0.0426991 0.862228 54.5297 0.0156301 0.999064 -0.0403261 -0.551219 -0.863143 -0.00687655 -0.504913 -6.83477 
-0.503646 0.0417286 0.862902 55.4779 0.0161421 0.999113 -0.038894 -0.605616 -0.863759 -0.00565975 -0.503873 -7.34129 
-0.501687 0.0395428 0.864145 56.3877 0.0156261 0.999206 -0.0366512 -0.657268 -0.864908 -0.00488424 -0.501907 -7.83691 
-0.499633 0.0375421 0.865423 57.2783 0.0142879 0.999282 -0.0351001 -0.709246 -0.866119 -0.00517212 -0.49981 -8.32654 
-0.497264 0.0378156 0.866775 58.1604 0.0158036 0.999279 -0.03453 -0.772041 -0.867455 -0.0034724 -0.497503 -8.80812 
-0.495152 0.0382527 0.867964 59.0275 0.0162686 0.999263 -0.0347585 -0.823665 -0.868654 -0.00309019 -0.495409 -9.29095 
-0.494413 0.0386411 0.868368 59.9281 0.0165458 0.999249 -0.0350446 -0.881912 -0.86907 -0.00295861 -0.494681 -9.77211 
-0.49557 0.040246 0.867635 60.8293 0.0157567 0.999178 -0.0373479 -0.9323 -0.868425 -0.00483738 -0.495796 -10.2532 
-0.498448 0.0419978 0.865902 61.7175 0.0143318 0.999089 -0.0402076 -0.990435 -0.866801 -0.00763148 -0.498596 -10.7434 
-0.503495 0.0420234 0.862976 62.5937 0.0123196 0.999064 -0.0414625 -1.05813 -0.863911 -0.0102446 -0.503541 -11.226 
-0.509182 0.04109 0.859678 63.4616 0.0137445 0.999121 -0.0396142 -1.10784 -0.860549 -0.008355 -0.509299 -11.7115 
-0.514863 0.0387038 0.856398 64.3333 0.0155547 0.999238 -0.0358078 -1.17031 -0.857131 -0.00511508 -0.515072 -12.2163 
-0.520073 0.0366017 0.853338 65.2061 0.013063 0.999305 -0.0349012 -1.22049 -0.854022 -0.00700408 -0.520189 -12.7244 
-0.525397 0.0395046 0.84994 66.0684 0.0143062 0.999191 -0.0375982 -1.27765 -0.850737 -0.00759462 -0.525537 -13.2273 
-0.530484 0.0411673 0.846695 66.8979 0.0144433 0.999114 -0.0395288 -1.33127 -0.847572 -0.00874036 -0.530609 -13.7327 
-0.534719 0.0416711 0.844002 67.7383 0.0125301 0.999065 -0.0413885 -1.39305 -0.844937 -0.0115558 -0.534741 -14.2525 
-0.538523 0.0416325 0.841581 68.5783 0.011023 0.999041 -0.0423684 -1.45049 -0.842538 -0.0135397 -0.538466 -14.7618 
-0.541737 0.0409847 0.839548 69.4029 0.0118984 0.999084 -0.0410951 -1.50659 -0.840464 -0.0122735 -0.541729 -15.2792 
-0.544177 0.034054 0.838279 70.2223 0.0121214 0.999391 -0.0327301 -1.55014 -0.838883 -0.00764982 -0.544258 -15.7887 
-0.546234 0.0254878 0.837245 71.0501 0.0118053 0.999672 -0.0227305 -1.60154 -0.837549 -0.00253228 -0.546356 -16.3149 
-0.54756 0.0243223 0.836413 71.8753 0.013089 0.999704 -0.0205019 -1.64659 -0.836664 -0.000278172 -0.547717 -16.8426 
-0.548686 0.0287525 0.835534 72.6808 0.0122713 0.999578 -0.0263391 -1.67901 -0.835938 -0.00419882 -0.548807 -17.3541 
-0.549866 0.0349308 0.834522 73.4782 0.0133934 0.999365 -0.0330058 -1.71769 -0.835146 -0.00697166 -0.549985 -17.8583 
-0.549747 0.0390288 0.834419 74.2782 0.0191764 0.999234 -0.0341036 -1.76346 -0.835111 -0.00274718 -0.550074 -18.3847 
-0.550205 0.0404214 0.834051 75.0719 0.0228267 0.999183 -0.033366 -1.81373 -0.834717 0.000680481 -0.550678 -18.8841 
-0.549451 0.0371533 0.834699 75.8725 0.0217564 0.999308 -0.0301588 -1.86265 -0.835242 0.00158925 -0.54988 -19.4052 
-0.548689 0.0327254 0.835386 76.6715 0.0207027 0.999459 -0.0255551 -1.89921 -0.83577 0.00327293 -0.54907 -19.9103 
-0.547634 0.0259593 0.836315 77.4718 0.0168439 0.999658 -0.0199998 -1.93545 -0.836548 0.0031342 -0.547884 -20.4198 
-0.54697 0.0207545 0.836895 78.2731 0.0087976 0.99978 -0.0190441 -1.97378 -0.837106 -0.00305387 -0.547032 -20.9102 
-0.545253 0.0158887 0.838121 79.0767 0.00148268 0.999837 -0.0179898 -2.00201 -0.83827 -0.00856636 -0.545188 -21.3989 
-0.542915 0.0169102 0.839618 79.8799 0.00420958 0.99984 -0.0174151 -2.02824 -0.839777 -0.0059205 -0.542899 -21.9109 
-0.539573 0.0200735 0.8417 80.6747 0.00843262 0.999794 -0.0184381 -2.0679 -0.841897 -0.00285094 -0.539631 -22.4174 
-0.534181 0.023426 0.845045 81.4703 0.0101324 0.999722 -0.0213088 -2.09563 -0.845309 -0.00282043 -0.53427 -22.905 
-0.525947 0.0255387 0.850134 82.2796 0.0148157 0.999673 -0.020865 -2.13119 -0.850388 0.0016214 -0.526153 -23.4074 
-0.517863 0.0289145 0.854975 83.0852 0.0224625 0.999544 -0.0201979 -2.17186 -0.855169 0.00874513 -0.518276 -23.8857 
-0.507948 0.0279485 0.860934 83.891 0.0199223 0.999587 -0.0206955 -2.20559 -0.861157 0.00663953 -0.508296 -24.3449 
-0.497316 0.0256406 0.867191 84.6804 0.0169536 0.99966 -0.0198348 -2.23328 -0.867404 0.00483782 -0.497581 -24.7653 
-0.485915 0.02238 0.87372 85.4815 0.0174114 0.999722 -0.0159242 -2.27028 -0.873833 0.00747487 -0.486169 -25.1853 
-0.474712 0.0216254 0.879876 86.304 0.0160722 0.999744 -0.0159002 -2.29952 -0.879995 0.00659354 -0.474938 -25.6142 
-0.462672 0.021263 0.886275 87.1312 0.0174853 0.999737 -0.014857 -2.32631 -0.886357 0.00862288 -0.462922 -26.0241 
-0.450618 0.0221163 0.892443 87.9567 0.018759 0.999707 -0.0153026 -2.36122 -0.89252 0.00984569 -0.4509 -26.4241 
-0.438821 0.0266476 0.89818 88.7869 0.0196773 0.999606 -0.020043 -2.40161 -0.898359 0.00887848 -0.439172 -26.8046 
-0.428185 0.0351492 0.903008 89.6004 0.0182016 0.999376 -0.0302695 -2.4185 -0.903508 0.00347521 -0.428557 -27.1593 
-0.415001 0.0396293 0.908957 90.4464 0.0174173 0.999214 -0.0356121 -2.45688 -0.909654 0.00105247 -0.415365 -27.5393 
-0.403619 0.0362796 0.914208 91.3003 0.0160032 0.999341 -0.0325927 -2.5044 -0.914787 0.00147526 -0.403933 -27.8968 
-0.392152 0.0325028 0.919326 92.1518 0.0149941 0.999469 -0.0289402 -2.55287 -0.919778 0.00243548 -0.392431 -28.2417 
-0.382488 0.0328579 0.923376 92.9953 0.0113345 0.999459 -0.0308702 -2.59886 -0.923891 -0.0013415 -0.382654 -28.566 
-0.375771 0.037491 0.925954 93.8373 0.00565589 0.999256 -0.0381636 -2.64349 -0.926696 -0.00910368 -0.375703 -28.8768 
-0.370935 0.0425768 0.927682 94.6811 0.000421137 0.998956 -0.0456795 -2.69376 -0.928659 -0.0165535 -0.370566 -29.1887 
-0.367306 0.0446423 0.929028 95.5384 -0.00205872 0.998806 -0.0488092 -2.74879 -0.930098 -0.0198405 -0.366775 -29.5056 
-0.363778 0.0446553 0.930415 96.3751 -0.0031071 0.998787 -0.0491516 -2.80674 -0.93148 -0.0207712 -0.363198 -29.8075 
-0.358605 0.0450314 0.932403 97.2211 -0.0025952 0.998784 -0.0492354 -2.86935 -0.933486 -0.0200758 -0.358052 -30.1165 
-0.352393 0.0409227 0.934957 97.9964 -0.0044794 0.998958 -0.0454123 -2.92647 -0.935841 -0.020191 -0.351843 -30.3983 
-0.347059 0.0372494 0.937103 98.8365 -0.00383271 0.999146 -0.041135 -2.98861 -0.937836 -0.0178679 -0.34662 -30.6934 
-0.341371 0.0339279 0.939316 99.6891 -0.0061163 0.999247 -0.0383153 -3.04762 -0.939909 -0.0188249 -0.340906 -30.9796 
-0.336268 0.0322642 0.941214 100.551 -0.0148186 0.999108 -0.039543 -3.09798 -0.94165 -0.0272446 -0.33549 -31.2458 
-0.330001 0.0324068 0.943424 101.399 -0.0218361 0.998881 -0.0419498 -3.15308 -0.943728 -0.0344442 -0.328924 -31.5116 
-0.323502 0.0370371 0.945502 102.243 -0.0201121 0.998739 -0.0460037 -3.19795 -0.946014 -0.0338983 -0.32235 -31.7741 
-0.316517 0.0404878 0.947722 103.112 -0.0183405 0.998641 -0.0487883 -3.25068 -0.94841 -0.0328241 -0.315344 -32.042 
-0.309906 0.0389116 0.949971 103.982 -0.019163 0.998704 -0.0471591 -3.30167 -0.950574 -0.0328192 -0.308759 -32.3042 
-0.302857 0.0340637 0.952427 104.851 -0.0195933 0.998927 -0.0419571 -3.35527 -0.952835 -0.0313682 -0.301865 -32.5585 
-0.295995 0.0318719 0.954658 105.748 -0.0208435 0.99899 -0.0398145 -3.40165 -0.954962 -0.0316833 -0.295032 -32.8069 
-0.289914 0.0352207 0.956404 106.62 -0.0233716 0.998764 -0.0438653 -3.45115 -0.956767 -0.0350699 -0.288733 -33.0462 
-0.283656 0.0378244 0.95818 107.463 -0.0231807 0.998659 -0.0462846 -3.50464 -0.958646 -0.0353402 -0.282399 -33.273 
-0.277351 0.0381959 0.960009 108.317 -0.0265384 0.998524 -0.0473953 -3.55752 -0.960402 -0.0386222 -0.275928 -33.4846 
-0.270971 0.0378793 0.961842 109.147 -0.0270886 0.99853 -0.0469555 -3.60286 -0.962206 -0.0387786 -0.269547 -33.6844 
-0.262936 0.0379709 0.964066 110.055 -0.0226271 0.998708 -0.0455065 -3.66328 -0.964548 -0.0337793 -0.261737 -33.9057 
-0.25514 0.0386827 0.96613 110.899 -0.0208025 0.998749 -0.0454823 -3.72479 -0.96668 -0.0317023 -0.254016 -34.1188 
-0.248717 0.0392145 0.967782 111.699 -0.0194083 0.998778 -0.0454583 -3.78239 -0.968382 -0.0300893 -0.247652 -34.3085 
-0.242338 0.0381269 0.969442 112.577 -0.0256017 0.998628 -0.0456745 -3.83713 -0.969854 -0.0358881 -0.241029 -34.4926 
-0.236324 0.0366167 0.970984 113.461 -0.0297435 0.998549 -0.0448953 -3.89087 -0.971219 -0.0394903 -0.234892 -34.6795 
-0.231914 0.0365735 0.972049 114.347 -0.0282205 0.998619 -0.0443062 -3.93941 -0.972327 -0.0377069 -0.230562 -34.877 
-0.226948 0.0371538 0.973198 115.222 -0.0255537 0.998701 -0.0440865 -3.99864 -0.973572 -0.0348742 -0.225703 -35.069 
-0.222245 0.03855 0.974228 116.088 -0.0242825 0.998689 -0.0450573 -4.05319 -0.974688 -0.0336705 -0.221018 -35.2486 
-0.215927 0.0374973 0.975689 116.971 -0.0183793 0.998929 -0.0424579 -4.10282 -0.976236 -0.0271003 -0.215007 -35.4376 
-0.210272 0.0361921 0.976973 117.859 -0.0115133 0.999154 -0.0394918 -4.15228 -0.977575 -0.0195522 -0.209677 -35.6335 
-0.205648 0.0351772 0.977994 118.739 -0.0101565 0.999223 -0.0380764 -4.20209 -0.978573 -0.0177633 -0.205131 -35.797 
-0.201397 0.0367882 0.978819 119.607 -0.0123874 0.999119 -0.0400999 -4.2494 -0.979431 -0.020201 -0.200763 -35.9547 
-0.197856 0.038768 0.979464 120.474 -0.0138621 0.999007 -0.0423416 -4.29968 -0.980133 -0.021955 -0.197122 -36.1084 
-0.196264 0.0377022 0.979826 121.35 -0.0164435 0.998993 -0.0417335 -4.35695 -0.980413 -0.0243026 -0.195447 -36.2591 
-0.195188 0.0367244 0.980078 122.229 -0.0169845 0.999022 -0.0408168 -4.40398 -0.980619 -0.0246131 -0.194374 -36.4159 
-0.193981 0.0321365 0.980479 123.112 -0.0160461 0.999226 -0.0359255 -4.45205 -0.980874 -0.0227017 -0.193315 -36.58 
-0.193154 0.0268371 0.980801 123.995 -0.017157 0.999381 -0.0307242 -4.50234 -0.981019 -0.0227621 -0.192574 -36.7421 
-0.192679 0.0253585 0.980934 124.861 -0.0165552 0.99944 -0.0290887 -4.54985 -0.981122 -0.0218444 -0.192152 -36.89 
-0.190943 0.0300009 0.981143 125.715 -0.0162786 0.999299 -0.033724 -4.59637 -0.981466 -0.0224109 -0.190321 -37.0508 
-0.191362 0.033879 0.980935 126.576 -0.0174394 0.999129 -0.0379094 -4.63787 -0.981365 -0.0243613 -0.190605 -37.1942 
-0.190888 0.033404 0.981043 127.446 -0.0194272 0.999097 -0.0377987 -4.68459 -0.98142 -0.0262743 -0.190066 -37.3518 
-0.190387 0.0321283 0.981183 128.318 -0.0224824 0.99906 -0.037076 -4.73695 -0.981452 -0.0291181 -0.189485 -37.5062 
-0.189414 0.0325671 0.981357 129.158 -0.0178156 0.999171 -0.0365969 -4.78674 -0.981736 -0.0244155 -0.188677 -37.658 
-0.188514 0.0353438 0.981434 130.023 -0.0194314 0.999022 -0.0397095 -4.83148 -0.981878 -0.0265564 -0.187643 -37.8137 
-0.189188 0.0365058 0.981262 130.877 -0.0287534 0.998674 -0.0426972 -4.8776 -0.98152 -0.0362924 -0.187887 -37.947 
-0.18885 0.0379416 0.981273 131.717 -0.0342289 0.998392 -0.045191 -4.9317 -0.981409 -0.0421222 -0.187247 -38.081 
-0.188484 0.0417983 0.981186 132.538 -0.0302112 0.998374 -0.048334 -4.98295 -0.981611 -0.038753 -0.186915 -38.2231 
-0.187677 0.0424646 0.981312 133.369 -0.0292515 0.99838 -0.0487976 -5.04049 -0.981795 -0.037863 -0.186131 -38.3683 
-0.185813 0.0435522 0.981619 134.201 -0.0300217 0.998299 -0.049975 -5.09774 -0.982126 -0.0387559 -0.184189 -38.5161 
-0.18363 0.0426083 0.982072 134.987 -0.0211954 0.998656 -0.047291 -5.16256 -0.982767 -0.0294995 -0.18248 -38.6556 
-0.180975 0.0387006 0.982726 135.835 -0.0196751 0.998883 -0.0429602 -5.2077 -0.983291 -0.0271099 -0.180011 -38.7946 
-0.178765 0.033639 0.983317 136.573 -0.0173614 0.999152 -0.0373369 -5.25118 -0.983739 -0.0237463 -0.178029 -38.914 
-0.175806 0.0339674 0.983839 137.396 -0.0151635 0.999193 -0.0372071 -5.2906 -0.984308 -0.0214597 -0.175149 -39.0445 
-0.170609 0.0385176 0.984586 138.159 -0.0150994 0.999016 -0.0416985 -5.34506 -0.985223 -0.0219808 -0.16986 -39.1717 
-0.164246 0.0410971 0.985563 138.954 -0.0146365 0.99892 -0.0440932 -5.39266 -0.986311 -0.0216673 -0.163467 -39.2875 
-0.156906 0.0415725 0.986738 139.749 -0.0159823 0.998876 -0.0446252 -5.44119 -0.987484 -0.0227723 -0.156065 -39.382 
-0.146903 0.0378829 0.988425 140.56 -0.0155463 0.999055 -0.0406008 -5.48553 -0.989029 -0.0213307 -0.146176 -39.4954 
-0.135741 0.0351899 0.990119 141.277 -0.012705 0.999225 -0.0372553 -5.55108 -0.990663 -0.0176365 -0.135189 -39.5686 
-0.122418 0.0374351 0.991772 142.065 -0.00890302 0.999207 -0.0388146 -5.59536 -0.992439 -0.0135814 -0.121987 -39.6488 
-0.109097 0.0381851 0.993297 142.841 -0.0113785 0.999148 -0.0396598 -5.64125 -0.993966 -0.015629 -0.108569 -39.7038 
-0.0956122 0.038134 0.994688 143.628 -0.00973083 0.999182 -0.0392416 -5.68651 -0.995371 -0.0134311 -0.0951629 -39.7603 
-0.0836413 0.0387286 0.995743 144.301 -0.0102453 0.999158 -0.039722 -5.74825 -0.996443 -0.0135241 -0.0831741 -39.7661 
-0.0698223 0.0450999 0.996539 145.083 -0.0160356 0.998798 -0.0463256 -5.7972 -0.997431 -0.0192146 -0.0690152 -39.8023 
-0.0580069 0.0543566 0.996835 145.843 -0.0250801 0.998122 -0.0558862 -5.84206 -0.998001 -0.0282425 -0.0565347 -39.8057 
-0.0440358 0.0614347 0.997139 146.584 -0.0270327 0.997669 -0.062661 -5.90227 -0.998664 -0.0297147 -0.0422724 -39.8167 
-0.0315671 0.061858 0.997586 147.331 -0.0292297 0.997599 -0.0627837 -5.95819 -0.999074 -0.0311411 -0.0296832 -39.8056 
-0.019557 0.0577321 0.998141 148.101 -0.0324615 0.997769 -0.0583466 -6.02091 -0.999282 -0.0335423 -0.0176393 -39.7947 
-0.0114936 0.0562168 0.998352 149.053 -0.0383609 0.997659 -0.0566194 -6.09122 -0.999198 -0.0389485 -0.00931018 -39.7121 
-0.00298474 0.0627432 0.998025 149.788 -0.0427161 0.997111 -0.0628134 -6.15209 -0.999083 -0.0428192 -0.000295978 -39.684 
0.00357211 0.0705251 0.997504 150.534 -0.0463355 0.99645 -0.0702847 -6.20868 -0.99892 -0.0459688 0.00682724 -39.66 
0.00574012 0.0728103 0.997329 151.296 -0.0513995 0.996049 -0.0724209 -6.27613 -0.998662 -0.0508465 0.00945985 -39.6209 
0.00532441 0.0681302 0.997662 152.041 -0.052179 0.996336 -0.0677612 -6.33893 -0.998624 -0.0516962 0.00885986 -39.5856 
0.00429901 0.0620131 0.998066 152.844 -0.0473573 0.996968 -0.0617408 -6.47331 -0.998869 -0.0470003 0.00722274 -39.5496 
0.00105135 0.0593425 0.998237 153.605 -0.0460642 0.997181 -0.0592312 -6.52775 -0.998938 -0.0459208 0.00378195 -39.5302 
-0.0020368 0.0596935 0.998215 154.331 -0.045157 0.997193 -0.0597245 -6.5787 -0.998978 -0.045198 0.00066449 -39.5136 
-0.00554343 0.0598546 0.998192 155.07 -0.0424183 0.997295 -0.0600363 -6.63683 -0.999085 -0.0426744 -0.0029895 -39.5052 
-0.0103514 0.05838 0.998241 155.816 -0.0435394 0.997321 -0.0587777 -6.69582 -0.998998 -0.0440713 -0.00778185 -39.4978 
-0.0157208 0.05857 0.99816 156.546 -0.0441491 0.997269 -0.0592131 -6.74565 -0.998901 -0.0449987 -0.0130921 -39.4936 
-0.0216769 0.0567277 0.998154 157.271 -0.0446351 0.997339 -0.0576506 -6.79888 -0.998768 -0.0458025 -0.0190872 -39.4908 
-0.0275058 0.054215 0.99815 158.015 -0.0428774 0.997545 -0.0553636 -6.85513 -0.998702 -0.0443209 -0.0251136 -39.5036 
-0.0323386 0.0540886 0.998012 158.748 -0.0430437 0.997533 -0.0554573 -6.90975 -0.99855 -0.0447516 -0.0299306 -39.5193 
-0.0373975 0.0550503 0.997783 159.472 -0.0436725 0.997437 -0.0566681 -6.96257 -0.998346 -0.0456949 -0.0348975 -39.5282 
-0.0419394 0.0571496 0.997484 160.173 -0.0442849 0.997275 -0.0589995 -7.02134 -0.998138 -0.0466479 -0.0392943 -39.5298 
-0.0446645 0.0596893 0.997217 160.882 -0.0442642 0.997115 -0.0616657 -7.06847 -0.998021 -0.0468953 -0.0418935 -39.544 
-0.0463005 0.0616623 0.997023 161.586 -0.0414449 0.997115 -0.0635926 -7.11413 -0.998067 -0.0442659 -0.0436113 -39.5645 
-0.0454342 0.0610572 0.9971 162.312 -0.0411248 0.99717 -0.0629354 -7.15981 -0.998121 -0.0438649 -0.0427946 -39.5929 
-0.0415925 0.0572902 0.997491 163.01 -0.0378732 0.997547 -0.0588726 -7.21591 -0.998417 -0.0402268 -0.0393207 -39.6039 
-0.0338313 0.0566831 0.997819 163.719 -0.0359785 0.997674 -0.0578947 -7.27593 -0.99878 -0.0378587 -0.0317133 -39.6133 
-0.0228807 0.0573858 0.99809 164.414 -0.033206 0.997757 -0.0581278 -7.32759 -0.999187 -0.0344726 -0.0209239 -39.61 
-0.00872461 0.0575398 0.998305 165.105 -0.0309018 0.997851 -0.0577837 -7.3779 -0.999484 -0.0313536 -0.00692778 -39.6006 
0.00660156 0.0555449 0.998434 165.777 -0.0327901 0.997931 -0.0553001 -7.4214 -0.999441 -0.0323737 0.00840923 -39.579 
0.0228883 0.0505273 0.99846 166.459 -0.0368379 0.998086 -0.0496638 -7.46961 -0.999059 -0.0356445 0.0247058 -39.541 
0.0392302 0.0438124 0.998269 167.136 -0.0381084 0.998377 -0.0423195 -7.51208 -0.998503 -0.0363822 0.0408362 -39.4911 
0.0560533 0.0361118 0.997775 167.805 -0.036796 0.998742 -0.0340797 -7.54984 -0.99775 -0.0348039 0.0573115 -39.4269 
0.0734679 0.0289174 0.996878 168.479 -0.0376302 0.998948 -0.0262041 -7.58256 -0.996587 -0.0355876 0.0744788 -39.3561 
0.0904997 0.0226355 0.995639 169.138 -0.0378227 0.999099 -0.0192762 -7.61766 -0.995178 -0.0359133 0.0912743 -39.2722 
0.108397 0.0211827 0.993882 169.804 -0.0405566 0.999035 -0.0168692 -7.64038 -0.99328 -0.0384799 0.109152 -39.1819 
0.126175 0.0197705 0.991811 170.45 -0.0382365 0.999155 -0.0150525 -7.6577 -0.991271 -0.0360241 0.126824 -39.0773 
0.143607 0.0194661 0.989443 171.09 -0.0401242 0.999099 -0.0138324 -7.67548 -0.988821 -0.0377142 0.144259 -38.9637 
0.159724 0.0182667 0.986993 171.722 -0.0440762 0.998964 -0.0113554 -7.69406 -0.986177 -0.0416891 0.160364 -38.8348 
0.174068 0.0146381 0.984625 172.335 -0.0462394 0.998908 -0.00667592 -7.7095 -0.983647 -0.0443663 0.174555 -38.7078 
0.186718 0.0105766 0.982357 172.947 -0.0429711 0.999073 -0.002589 -7.72781 -0.981473 -0.0417295 0.186999 -38.5924 
0.197747 0.00937914 0.980208 173.543 -0.0404917 0.999179 -0.0013918 -7.73853 -0.979416 -0.0394151 0.197965 -38.4617 
0.207579 0.0123257 0.978141 174.133 -0.0436551 0.999041 -0.00332457 -7.77325 -0.977244 -0.0420107 0.207918 -38.3098 
0.216664 0.019471 0.976052 174.724 -0.0477547 0.998816 -0.00932444 -7.78868 -0.975078 -0.0445908 0.217337 -38.1551 
0.225617 0.029626 0.973765 175.305 -0.0477553 0.998672 -0.019319 -7.79509 -0.973045 -0.0421437 0.226733 -37.9989 
0.233692 0.0350988 0.971677 175.893 -0.0419601 0.998781 -0.0259863 -7.81732 -0.971405 -0.0346988 0.23488 -37.8415 
0.240346 0.0334952 0.970109 176.506 -0.0414728 0.998846 -0.0242123 -7.82915 -0.969801 -0.0344138 0.241458 -37.6786 
0.246269 0.0262216 0.968847 177.113 -0.0443622 0.998891 -0.0157583 -7.84398 -0.968186 -0.0390994 0.247159 -37.5043 
0.250613 0.0152146 0.967968 177.717 -0.0480242 0.998841 -0.00326606 -7.87432 -0.966896 -0.0456674 0.251053 -37.3202 
0.252708 0.00690736 0.967518 178.321 -0.047852 0.99884 0.00536762 -7.8966 -0.966359 -0.0476541 0.252745 -37.1432 
0.253522 0.00606325 0.967311 178.913 -0.0448281 0.99898 0.00548725 -7.91317 -0.966291 -0.0447538 0.253535 -36.9766 
0.254912 0.00793298 0.966932 179.509 -0.0406473 0.99917 0.00251842 -7.9225 -0.96611 -0.0399451 0.255023 -36.8133 
0.256774 0.00752376 0.966442 180.116 -0.038 0.999275 0.0023169 -7.92645 -0.965724 -0.0373198 0.256873 -36.6499 
0.258569 0.00481062 0.965981 180.714 -0.0390851 0.999221 0.00548599 -7.93986 -0.965202 -0.039174 0.258555 -36.4729 
0.261175 0.00150061 0.96529 181.303 -0.0397528 0.999167 0.00920252 -7.93669 -0.964473 -0.0407765 0.261017 -36.2901 
0.263808 -0.00406239 0.964567 181.894 -0.0386381 0.999144 0.0147755 -7.95022 -0.963801 -0.0411669 0.263425 -36.1021 
0.268346 -0.0064971 0.963301 182.519 -0.0374366 0.999152 0.0171676 -7.9444 -0.962595 -0.0406696 0.267875 -35.9169 
0.27445 -0.00854203 0.961563 183.13 -0.0359684 0.99917 0.0191423 -7.93831 -0.960928 -0.0398395 0.273915 -35.7216 
0.282355 -0.011783 0.959238 183.749 -0.0343344 0.99916 0.0223799 -7.93958 -0.958695 -0.0392539 0.281713 -35.5239 
0.292053 -0.0133 0.95631 184.375 -0.031996 0.999208 0.0236681 -7.93319 -0.955867 -0.0375104 0.291396 -35.3133 
0.303327 -0.0114644 0.952818 184.993 -0.0333692 0.999187 0.0226454 -7.93616 -0.952302 -0.0386637 0.302698 -35.1022 
0.314509 -0.00764918 0.949224 185.6 -0.0346561 0.999208 0.0195347 -7.93098 -0.948622 -0.0390402 0.313995 -34.8711 
0.326548 -0.00455211 0.94517 186.235 -0.0356162 0.999219 0.0171176 -7.92811 -0.94451 -0.0392531 0.32613 -34.6358 
0.338297 -0.00442363 0.941029 186.851 -0.0340879 0.999275 0.016952 -7.92372 -0.940422 -0.0378125 0.337901 -34.3979 
0.349671 -0.0076077 0.936842 187.464 -0.0331194 0.999242 0.0204761 -7.92289 -0.936287 -0.0381875 0.349153 -34.1493 
0.360688 -0.00872781 0.932646 188.088 -0.0346203 0.999142 0.0227391 -7.91616 -0.932044 -0.0404902 0.360076 -33.8861 
0.372221 -0.00924774 0.928098 188.722 -0.036056 0.999052 0.0244153 -7.91001 -0.927443 -0.0425514 0.371535 -33.6137 
0.382177 -0.0103614 0.924031 189.365 -0.0393062 0.99885 0.0274574 -7.89989 -0.923253 -0.0468138 0.38133 -33.3274 
0.389593 -0.00910524 0.920942 189.997 -0.0428966 0.998687 0.0280209 -7.88879 -0.919988 -0.050422 0.388691 -33.0417 
0.394051 -0.0124271 0.919005 190.649 -0.0428651 0.998572 0.0318827 -7.88377 -0.918089 -0.0519566 0.392955 -32.7441 
0.396326 -0.0161073 0.917969 191.298 -0.040236 0.998581 0.0348934 -7.87219 -0.917228 -0.0507645 0.395115 -32.4558 
0.396829 -0.0152248 0.917766 191.955 -0.0356823 0.998851 0.0319984 -7.85475 -0.917199 -0.0454459 0.39583 -32.1703 
0.39626 -0.0148586 0.918018 192.62 -0.0341164 0.99894 0.0308947 -7.84641 -0.917504 -0.0435618 0.395333 -31.8832 
0.395741 -0.0136913 0.91826 193.293 -0.0305409 0.99914 0.0280594 -7.83122 -0.917854 -0.0391487 0.394982 -31.5837 
0.395601 -0.01537 0.918294 193.973 -0.0269864 0.999234 0.0283505 -7.81216 -0.918026 -0.035997 0.394883 -31.293 
0.394748 -0.0213263 0.918542 194.653 -0.0238987 0.999154 0.0334685 -7.79874 -0.918479 -0.0351636 0.393904 -30.9943 
0.39366 -0.0242457 0.918936 195.343 -0.0229515 0.999081 0.0361924 -7.78294 -0.91897 -0.0353385 0.392742 -30.6856 
0.391814 -0.0265178 0.919662 196.018 -0.0230843 0.998987 0.03864 -7.77399 -0.919755 -0.0363694 0.390805 -30.3823 
0.390912 -0.026207 0.920055 196.689 -0.0244787 0.998945 0.0388547 -7.75119 -0.920102 -0.0377106 0.389858 -30.0886 
0.388626 -0.026097 0.921026 197.371 -0.0260824 0.998887 0.0393087 -7.72728 -0.921026 -0.0392989 0.387513 -29.7688 
0.386805 -0.0252873 0.921815 198.061 -0.0261022 0.998923 0.0383554 -7.71231 -0.921792 -0.0388974 0.385728 -29.4602 
0.385768 -0.0216323 0.922342 198.771 -0.0251378 0.999108 0.0339466 -7.69072 -0.922253 -0.0362812 0.38488 -29.149 
0.384994 -0.0149752 0.922798 199.441 -0.026199 0.999288 0.0271468 -7.66957 -0.922547 -0.0346277 0.384327 -28.8566 
0.383745 -0.0120525 0.92336 200.134 -0.0282604 0.999293 0.0247886 -7.65684 -0.923007 -0.035607 0.383133 -28.5463 
0.382258 -0.0150711 0.923933 200.837 -0.0291237 0.999174 0.0283478 -7.64856 -0.923597 -0.0377445 0.381503 -28.2298 
0.381052 -0.0181541 0.924375 201.539 -0.0308961 0.998999 0.0323559 -7.63969 -0.924037 -0.0408889 0.38011 -27.9269 
0.378547 -0.0175927 0.925415 202.24 -0.0336411 0.998897 0.0327507 -7.62732 -0.924971 -0.0435296 0.377537 -27.6143 
0.373471 -0.0174716 0.927477 202.917 -0.034821 0.998854 0.0328377 -7.6011 -0.926988 -0.0445596 0.372435 -27.3164 
0.366754 -0.0186512 0.930131 203.597 -0.0335425 0.998884 0.0332559 -7.57857 -0.929713 -0.0433956 0.365719 -27.0413 
0.357793 -0.0199717 0.933587 204.294 -0.0298057 0.999018 0.0327944 -7.55833 -0.933325 -0.0395599 0.356847 -26.7605 
0.34762 -0.0189932 0.937443 205.003 -0.0282724 0.999128 0.0307269 -7.55801 -0.937209 -0.037185 0.34678 -26.4786 
0.337324 -0.0156518 0.941258 205.69 -0.028313 0.999241 0.0267627 -7.54364 -0.940963 -0.0356775 0.336625 -26.2347 
0.324833 -0.0148003 0.945656 206.263 -0.0315026 0.999153 0.0264588 -7.51608 -0.945247 -0.0383853 0.324092 -25.9852 
0.313873 -0.0226844 0.949194 206.957 -0.0273729 0.999083 0.0329282 -7.50321 -0.94907 -0.0363175 0.312964 -25.7585 
0.305585 -0.030982 0.951661 207.659 -0.0235371 0.998919 0.0400785 -7.49243 -0.951874 -0.0346467 0.304526 -25.5396 
0.298034 -0.0367568 0.953847 208.381 -0.0231659 0.998686 0.045723 -7.48293 -0.954274 -0.0357237 0.296791 -25.2901 
0.293942 -0.037284 0.955096 209.076 -0.0295902 0.998405 0.0480814 -7.4596 -0.955365 -0.0423946 0.29237 -25.0629 
0.291133 -0.0391716 0.95588 209.789 -0.0285883 0.998359 0.0496195 -7.43719 -0.956256 -0.0417729 0.289535 -24.8271 
0.289253 -0.0395606 0.956435 210.468 -0.0279932 0.998369 0.0497611 -7.40053 -0.956843 -0.0411672 0.287674 -24.605 
0.288892 -0.0373893 0.956631 211.154 -0.0281935 0.998471 0.0475388 -7.37942 -0.956946 -0.0407044 0.287397 -24.3957 
0.288472 -0.0357119 0.956822 211.848 -0.0312101 0.998423 0.0466742 -7.35745 -0.95698 -0.0433267 0.286902 -24.1648 
0.288605 -0.0363257 0.956759 212.571 -0.0314976 0.998379 0.0474072 -7.33018 -0.95693 -0.0438175 0.286993 -23.9245 
0.290439 -0.0373582 0.956164 213.284 -0.0326121 0.998271 0.0489095 -7.3072 -0.956338 -0.0453877 0.288718 -23.6959 
0.291687 -0.0389468 0.955721 214.016 -0.0310531 0.998258 0.0501578 -7.27913 -0.95601 -0.0443085 0.28997 -23.4596 
0.293412 -0.0398522 0.955155 214.748 -0.0283233 0.99833 0.0503542 -7.25018 -0.955566 -0.0418277 0.291793 -23.2273 
0.296413 -0.0411363 0.954174 215.477 -0.0263194 0.998341 0.0512165 -7.21658 -0.954697 -0.0402945 0.294839 -22.9889 
0.300241 -0.0422789 0.952926 216.213 -0.0291442 0.998144 0.0534677 -7.19326 -0.953418 -0.0438254 0.298452 -22.7334 
0.305569 -0.0457558 0.95107 216.946 -0.031961 0.997789 0.0582722 -7.1594 -0.951633 -0.0482033 0.303431 -22.4776 
0.310788 -0.049294 0.9492 217.689 -0.03273 0.997507 0.0625192 -7.12445 -0.949916 -0.0504975 0.3084 -22.219 
0.315466 -0.0490565 0.947668 218.425 -0.0338912 0.997443 0.0629151 -7.08805 -0.948332 -0.0519652 0.312997 -21.9624 
0.319543 -0.0441065 0.946545 219.158 -0.0393684 0.997436 0.0597683 -7.05581 -0.946754 -0.0563625 0.316988 -21.6878 
0.324425 -0.0380726 0.945145 219.879 -0.0436607 0.997522 0.0551692 -7.01924 -0.944903 -0.059164 0.321959 -21.4208 
0.328726 -0.0348171 0.943783 220.606 -0.0475362 0.997444 0.0533539 -6.98105 -0.943228 -0.0624027 0.326231 -21.1412 
0.333131 -0.0349266 0.942233 221.334 -0.0496138 0.99728 0.0545082 -6.95308 -0.941574 -0.0649061 0.330492 -20.8652 
0.336968 -0.0329893 0.940938 222.068 -0.0505686 0.997309 0.0530753 -6.92873 -0.940157 -0.0654666 0.334393 -20.5816 
0.340919 -0.0300596 0.939612 222.798 -0.0510619 0.997421 0.0504358 -6.89892 -0.938705 -0.0651729 0.338505 -20.2986 
0.345339 -0.030692 0.937976 223.467 -0.0496468 0.997468 0.0509174 -6.88847 -0.937164 -0.0641512 0.342941 -20.0167 
0.350106 -0.0318663 0.936168 224.205 -0.0495654 0.997391 0.0524867 -6.86117 -0.935398 -0.0647775 0.347613 -19.7286 
0.354765 -0.0326745 0.934385 224.933 -0.0452385 0.997619 0.0520618 -6.83769 -0.933861 -0.0607398 0.352442 -19.4462 
0.359128 -0.0326701 0.932716 225.624 -0.0424289 0.997782 0.0512858 -6.82285 -0.932323 -0.0579922 0.356945 -19.1708 
0.363128 -0.0304198 0.931243 226.343 -0.0436403 0.997815 0.0496115 -6.79696 -0.930717 -0.058655 0.361007 -18.8716 
0.367457 -0.0311778 0.929518 227.027 -0.0480021 0.99747 0.0524333 -6.77711 -0.928801 -0.0638857 0.365031 -18.5652 
0.372202 -0.0313793 0.927621 227.773 -0.0507039 0.997249 0.0540794 -6.74928 -0.926766 -0.0671624 0.369587 -18.2474 
0.376159 -0.0286919 0.926111 228.488 -0.0481829 0.997562 0.0504761 -6.72869 -0.925301 -0.0636097 0.37386 -17.9386 
0.380352 -0.0221103 0.924577 229.21 -0.0471928 0.997948 0.043279 -6.70735 -0.923637 -0.0600947 0.378528 -17.6361 
0.38373 -0.0148397 0.923326 229.938 -0.0540163 0.997798 0.0384855 -6.67439 -0.921864 -0.0646427 0.382083 -17.3118 
0.386578 -0.0155106 0.922126 230.644 -0.0605656 0.997273 0.0421653 -6.64429 -0.920266 -0.0721492 0.384584 -16.9825 
0.389144 -0.0259867 0.920811 231.376 -0.0593106 0.996821 0.0531971 -6.625 -0.919266 -0.0753151 0.386365 -16.6555 
0.390996 -0.0382313 0.919598 232.101 -0.0555843 0.996332 0.065055 -6.59066 -0.918712 -0.0765514 0.387437 -16.3353 
0.392826 -0.0458378 0.91847 232.836 -0.0569774 0.995625 0.0740574 -6.55282 -0.917846 -0.0814237 0.388495 -16.006 
0.394842 -0.0472846 0.917532 233.55 -0.0588661 0.995321 0.0766253 -6.51465 -0.916861 -0.0842663 0.390211 -15.677 
0.397664 -0.042909 0.916527 234.259 -0.0582586 0.995709 0.0718934 -6.47866 -0.91568 -0.081985 0.393458 -15.3545 
0.40181 -0.0368298 0.914982 234.995 -0.0572094 0.996229 0.0652235 -6.42888 -0.913934 -0.078553 0.398188 -15.0154 
0.406276 -0.0323809 0.913176 235.704 -0.0569775 0.996529 0.0606862 -6.39175 -0.911972 -0.0766859 0.403021 -14.6801 
0.41037 -0.0307201 0.911402 236.428 -0.0548408 0.996792 0.0582911 -6.3592 -0.910269 -0.0739029 0.407369 -14.3378 
0.414296 -0.0279095 0.909714 237.143 -0.0553405 0.996908 0.0557874 -6.32322 -0.908458 -0.0734565 0.411471 -13.9904 
0.418157 -0.0290363 0.907911 237.866 -0.0543514 0.996899 0.056915 -6.28204 -0.906747 -0.0731456 0.415282 -13.6373 
0.421618 -0.0338523 0.906141 238.565 -0.0530748 0.996668 0.0619295 -6.24667 -0.905219 -0.0742038 0.418417 -13.2981 
0.424446 -0.0396837 0.904583 239.282 -0.0514859 0.996365 0.0678683 -6.21102 -0.903988 -0.0753797 0.42086 -12.9411 
0.426741 -0.0446609 0.903271 239.996 -0.0507178 0.996026 0.0732082 -6.1657 -0.902951 -0.0770528 0.42278 -12.5837 
0.428743 -0.0498429 0.90205 240.722 -0.0490401 0.995721 0.0783274 -6.12084 -0.902094 -0.077819 0.424464 -12.223 
0.430286 -0.0564655 0.900925 241.449 -0.0478227 0.995214 0.0852154 -6.07452 -0.901425 -0.0797516 0.425526 -11.8594 
0.432009 -0.0572311 0.900051 242.167 -0.0480072 0.99511 0.0863182 -6.02775 -0.900591 -0.0804992 0.427149 -11.506 
0.43321 -0.0451999 0.900159 242.87 -0.0576349 0.995308 0.077715 -5.98019 -0.899448 -0.0855475 0.428573 -11.1187 
0.433849 -0.0317176 0.900427 243.57 -0.0595331 0.996187 0.0637754 -5.93714 -0.899017 -0.0812741 0.430306 -10.7594 
0.434486 -0.0239432 0.90036 244.282 -0.0597591 0.996678 0.0553425 -5.89176 -0.898694 -0.0778502 0.431612 -10.3958 
0.434643 -0.0264001 0.900216 244.999 -0.0591503 0.996575 0.0577851 -5.85065 -0.898658 -0.0783639 0.431593 -10.0427 
