1 -4.23778e-08 4.22719e-08 0 -4.23778e-08 1 -4.19404e-08 0 4.22719e-08 -4.19404e-08 1 0 
0.99999 -0.00322538 -0.00315461 -0.0256808 0.00321937 0.999993 -0.00188144 -0.0112393 0.00316074 0.00187118 0.999993 0.659759 
0.999977 -0.000810357 -0.00670187 -0.0521643 0.000785585 0.999993 -0.00368544 -0.0048244 0.00670489 0.00368001 0.999971 1.35691 
0.99994 -0.00115914 -0.0109173 -0.0697481 0.00110258 0.999986 -0.00517726 -0.0121037 0.0109232 0.00516483 0.999927 2.06676 
0.999877 0.000399706 -0.0156815 -0.106724 -0.000491917 0.999983 -0.00587143 -0.0155661 0.015679 0.00587834 0.99986 2.7856 
0.999794 -0.000630794 -0.0202766 -0.131249 0.000504606 0.99998 -0.00622369 -0.0233322 0.0202802 0.00621209 0.999775 3.52012 
0.999696 0.00151174 -0.0245971 -0.177467 -0.00168352 0.999974 -0.00696136 -0.0380175 0.024586 0.00700057 0.999673 4.25708 
0.999553 0.00416857 -0.0296175 -0.208029 -0.00439194 0.999962 -0.00747777 -0.0473116 0.0295853 0.00760442 0.999533 5.02704 
0.999439 0.00466032 -0.0331617 -0.264255 -0.00486566 0.999969 -0.00611154 -0.0507905 0.0331323 0.00626938 0.999431 5.78828 
0.999317 0.00403897 -0.0367239 -0.325658 -0.00420288 0.999981 -0.004385 -0.0380522 0.0367056 0.00453627 0.999316 6.5671 
0.999158 0.00411434 -0.0408297 -0.356027 -0.00413925 0.999991 -0.000523632 -0.0668922 0.0408273 0.00069211 0.999166 7.38113 
0.99906 0.00551743 -0.0430025 -0.421127 -0.00560229 0.999983 -0.00185105 -0.0620703 0.0429916 0.00209013 0.999073 8.20744 
0.998965 0.00469766 -0.0452445 -0.479472 -0.00480055 0.999986 -0.0021639 -0.0601477 0.0452337 0.00237878 0.998974 9.02859 
0.998912 0.00149471 -0.0466072 -0.533428 -0.0016187 0.999995 -0.00262091 -0.0633468 0.0466031 0.00269341 0.99891 9.85559 
0.998824 0.000615799 -0.0484809 -0.583262 -0.000731074 0.999997 -0.00235833 -0.0618208 0.0484794 0.00239091 0.998821 10.707 
0.998803 0.000381478 -0.0489086 -0.658975 -0.000502126 0.999997 -0.00245285 -0.0761158 0.0489076 0.00247439 0.9988 11.5424 
0.998732 0.00376825 -0.0501995 -0.721204 -0.00401092 0.999981 -0.00473257 -0.0834266 0.0501808 0.00492783 0.998728 12.4143 
0.998659 0.00409874 -0.0516068 -0.776466 -0.00449205 0.999962 -0.00750606 -0.0960255 0.0515742 0.00772773 0.998639 13.2892 
0.998552 0.00832946 -0.0531513 -0.846825 -0.00884401 0.999916 -0.00945134 -0.100764 0.0530682 0.00990763 0.998542 14.1691 
0.998479 0.00816443 -0.0545211 -0.913305 -0.00867973 0.99992 -0.00921981 -0.1124 0.0544415 0.00967893 0.99847 15.0562 
0.9984 0.00792947 -0.0559777 -0.972717 -0.0083868 0.999933 -0.00793806 -0.132103 0.0559111 0.00839475 0.9984 15.9556 
0.998294 0.00736536 -0.057919 -1.02719 -0.00776908 0.999947 -0.00674691 -0.138705 0.0578663 0.00718529 0.998298 16.8517 
0.998288 0.00726893 -0.058032 -1.11194 -0.00767776 0.999947 -0.00682356 -0.155304 0.0579794 0.00725735 0.998291 17.7369 
0.99823 0.008015 -0.0589217 -1.19094 -0.00846542 0.999937 -0.00739735 -0.176908 0.0588588 0.00788297 0.998235 18.6522 
0.998299 0.00630336 -0.0579584 -1.29599 -0.00677976 0.999945 -0.00802522 -0.189438 0.0579047 0.00840443 0.998287 19.5624 
0.998224 0.00674506 -0.05919 -1.34853 -0.00714734 0.999953 -0.006586 -0.20401 0.0591429 0.00699726 0.998225 20.4895 
0.99819 0.0080193 -0.0595941 -1.40872 -0.00823574 0.99996 -0.00338579 -0.213681 0.0595646 0.00387038 0.998217 21.4211 
0.998235 0.00827402 -0.0588012 -1.48034 -0.00824012 0.999966 0.000820367 -0.234804 0.0588061 -0.000334476 0.998269 22.3356 
0.99828 0.00769301 -0.0581204 -1.5385 -0.00752527 0.999967 0.00310573 -0.235636 0.0581424 -0.0026631 0.998305 23.2882 
0.99837 0.00768537 -0.0565601 -1.60331 -0.00744053 0.999962 0.00453957 -0.256166 0.056593 -0.00411142 0.998389 24.2354 
0.998462 0.00840735 -0.0547961 -1.68377 -0.00831163 0.999963 0.00197602 -0.264603 0.0548108 -0.00151763 0.998496 25.1755 
0.998477 0.00982268 -0.0542803 -1.74996 -0.0100546 0.999941 -0.00400027 -0.2555 0.0542379 0.00453986 0.998518 26.1111 
0.99854 0.00855829 -0.0533389 -1.81949 -0.00889614 0.999942 -0.0060982 -0.278751 0.0532837 0.00656372 0.998558 27.0635 
0.99854 0.00526391 -0.0537548 -1.86271 -0.00555033 0.999971 -0.00517887 -0.289916 0.0537261 0.00546958 0.998541 28.0145 
0.99851 0.00361358 -0.0544394 -1.92207 -0.00366784 0.999993 -0.000895237 -0.300523 0.0544358 0.00109349 0.998517 28.992 
0.998477 0.000881273 -0.0551588 -1.98648 -0.000730921 0.999996 0.00274741 -0.30955 0.0551611 -0.00270299 0.998474 29.9811 
0.99838 -0.00630972 -0.0565532 -2.0443 0.00642294 0.999978 0.00182199 -0.322328 0.0565406 -0.00218236 0.998398 30.9625 
0.998317 -0.00820187 -0.0574093 -2.12413 0.00812215 0.999966 -0.00162031 -0.336829 0.0574207 0.00115121 0.998349 31.9435 
0.998205 -0.00659102 -0.0595192 -2.18813 0.00620258 0.999958 -0.00670728 -0.338951 0.059561 0.00632598 0.998205 32.9062 
0.99807 -0.00559162 -0.0618531 -2.25736 0.00515277 0.99996 -0.00725094 -0.355692 0.0618913 0.00691814 0.998059 33.9237 
0.998072 -0.00569803 -0.0617963 -2.35305 0.00533137 0.999967 -0.00609533 -0.366839 0.0618291 0.00575403 0.99807 34.8876 
0.998035 -0.00170969 -0.0626395 -2.4424 0.00145133 0.99999 -0.00416852 -0.383093 0.0626461 0.00406933 0.998027 35.8726 
0.997925 -0.00168414 -0.0643695 -2.51632 0.00147847 0.999994 -0.00324146 -0.387998 0.0643746 0.00313947 0.997921 36.8756 
0.997879 -4.15522e-05 -0.0650903 -2.60616 2.18924e-05 1 -0.000301493 -0.407734 0.0650904 0.000299342 0.997879 37.8542 
0.997938 0.00195963 -0.0641499 -2.70065 -0.00181881 0.999996 0.00225487 -0.412721 0.0641542 -0.00213363 0.997938 38.8609 
0.997904 0.00818975 -0.0641933 -2.80185 -0.00795195 0.99996 0.00396034 -0.419368 0.0642233 -0.00344167 0.99793 39.8425 
0.997934 0.00937054 -0.0635519 -2.89392 -0.0092028 0.999953 0.00293295 -0.424111 0.0635765 -0.00234212 0.997974 40.8348 
0.997963 0.00927393 -0.0631139 -2.97713 -0.00917271 0.999956 0.00189461 -0.446864 0.0631288 -0.00131191 0.998004 41.8293 
0.997951 0.010699 -0.0630764 -3.06402 -0.0107592 0.999942 -0.000613575 -0.453626 0.0630662 0.00129089 0.998008 42.8465 
0.99794 0.0107899 -0.0632383 -3.15067 -0.0108512 0.999941 -0.000624259 -0.478802 0.0632279 0.0013091 0.997998 43.8492 
0.997958 0.00905997 -0.0632271 -3.25462 -0.0090461 0.999959 0.000506794 -0.493931 0.0632292 6.61144e-05 0.997999 44.8274 
0.997967 0.00940209 -0.063041 -3.35176 -0.00935891 0.999956 0.000981456 -0.495997 0.0630475 -0.000389551 0.99801 45.7781 
0.997986 0.0120697 -0.0622792 -3.44533 -0.0122609 0.999921 -0.00268823 -0.515298 0.0622419 0.00344633 0.998055 46.7403 
0.997946 0.0134698 -0.0626343 -3.53628 -0.0138999 0.999883 -0.00643534 -0.53504 0.0625404 0.00729264 0.998016 47.6918 
0.997911 0.0136964 -0.0631308 -3.61731 -0.0142575 0.999863 -0.00844536 -0.543552 0.0630066 0.00932773 0.997969 48.6611 
0.997947 0.0120806 -0.0628947 -3.70176 -0.0124638 0.999906 -0.00570355 -0.552138 0.0628199 0.00647566 0.998004 49.6055 
0.998032 0.0102081 -0.0618611 -3.79132 -0.0103424 0.999945 -0.00185024 -0.582828 0.0618388 0.00248631 0.998083 50.5531 
0.997999 0.00883451 -0.0626071 -3.85922 -0.00896337 0.999958 -0.00177626 -0.594834 0.0625889 0.00233379 0.998037 51.5149 
0.998031 0.0062774 -0.0624129 -3.93236 -0.00649351 0.999974 -0.00325909 -0.61369 0.0623909 0.00365787 0.998045 52.4752 
0.998023 0.00392187 -0.0627335 -4.00349 -0.00427773 0.999975 -0.00553793 -0.617771 0.0627103 0.00579525 0.998015 53.4219 
0.997925 0.00316805 -0.0643119 -4.07241 -0.00347307 0.999983 -0.00463024 -0.634596 0.0642962 0.00484391 0.997919 54.3723 
0.997857 -0.000330733 -0.0654239 -4.14504 0.000287834 1 -0.000663892 -0.650677 0.0654242 0.000643552 0.997857 55.323 
0.997855 -0.00111791 -0.0654529 -4.23745 0.00139891 0.99999 0.0042487 -0.665959 0.0654475 -0.00433124 0.997847 56.2564 
0.997812 0.000622972 -0.0661136 -4.31932 -0.000221893 0.999981 0.00607492 -0.673193 0.0661162 -0.00604705 0.997794 57.199 
0.997742 0.0019728 -0.067131 -4.40281 -0.00185121 0.999996 0.00187474 -0.689653 0.0671346 -0.00174632 0.997742 58.1091 
0.997655 0.00384742 -0.068338 -4.48543 -0.00423863 0.999975 -0.00557944 -0.711273 0.0683149 0.00585593 0.997647 59.0204 
0.997558 0.00568806 -0.0696026 -4.56491 -0.00637707 0.999933 -0.00967983 -0.741083 0.0695429 0.0101 0.997528 59.946 
0.997462 0.00960103 -0.0705541 -4.64996 -0.0102314 0.999911 -0.00857688 -0.766366 0.0704655 0.00927689 0.997471 60.8493 
0.997246 0.0122295 -0.0731465 -4.72194 -0.0127757 0.999894 -0.00700298 -0.775419 0.0730532 0.00791811 0.997297 61.7559 
0.997151 0.0148472 -0.0739586 -4.80831 -0.015278 0.999869 -0.00526115 -0.80225 0.0738709 0.00637602 0.997247 62.6391 
0.997106 0.0155133 -0.0744208 -4.89213 -0.016018 0.999852 -0.00618841 -0.813014 0.0743139 0.00736249 0.997208 63.4964 
0.996952 0.0173614 -0.0760609 -4.97059 -0.0178257 0.999826 -0.00542797 -0.834112 0.0759535 0.00676718 0.997088 64.367 
0.996828 0.0188162 -0.0773314 -5.05512 -0.0193259 0.999796 -0.00584739 -0.844038 0.0772057 0.00732325 0.996988 65.2094 
0.996714 0.0176523 -0.0790518 -5.12935 -0.0181063 0.999823 -0.00502931 -0.868609 0.0789492 0.00644404 0.996858 66.043 
0.996604 0.0187324 -0.0801851 -5.20737 -0.0191855 0.999804 -0.00488191 -0.883098 0.0800781 0.00640364 0.996768 66.8383 
0.996533 0.019767 -0.0808157 -5.31076 -0.0199908 0.999798 -0.00195963 -0.906329 0.0807608 0.00356832 0.996727 67.5621 
0.996463 0.0217382 -0.0811719 -5.40354 -0.0217176 0.999763 0.00113826 -0.908242 0.0811776 0.000628532 0.996699 68.345 
0.996265 0.0247 -0.0827437 -5.4873 -0.0244614 0.999693 0.00389709 -0.928312 0.0828147 -0.0018586 0.996563 69.1277 
0.996093 0.0271733 -0.0840297 -5.57131 -0.0272643 0.999628 6.58793e-05 -0.94622 0.0840003 0.0022253 0.996463 69.8825 
0.9959 0.0273942 -0.0862085 -5.62794 -0.028127 0.999578 -0.00729613 -0.959672 0.0859723 0.00969092 0.99625 70.6211 
0.995814 0.0259889 -0.087624 -5.71486 -0.027292 0.999533 -0.0137056 -0.969753 0.0872271 0.0160396 0.996059 71.3398 
0.99574 0.0265746 -0.0882867 -5.78625 -0.0279975 0.999497 -0.0149175 -0.977133 0.087846 0.0173257 0.995983 72.0349 
0.995532 0.0306986 -0.0892893 -5.85309 -0.0318872 0.99942 -0.0119146 -0.986198 0.0888719 0.0147084 0.995934 72.7123 
0.995357 0.0303439 -0.0913418 -5.91349 -0.0314397 0.99945 -0.0105806 -0.99408 0.0909706 0.0134031 0.995763 73.3583 
0.995386 0.0273844 -0.0919565 -5.99177 -0.0286464 0.999512 -0.012431 -1.04239 0.0915714 0.0150078 0.995685 73.9804 
0.995508 0.0192762 -0.0926936 -6.03178 -0.0209628 0.999631 -0.0172548 -1.06758 0.0923269 0.0191203 0.995545 74.5934 
0.995685 0.0151038 -0.0915616 -6.09538 -0.0171644 0.999616 -0.0217592 -1.09725 0.0911979 0.0232368 0.995562 75.1707 
0.995917 0.0172184 -0.0886158 -6.15709 -0.019187 0.999587 -0.0214101 -1.1263 0.0882106 0.0230228 0.995836 75.7635 
0.996191 0.022477 -0.084254 -6.2275 -0.0240679 0.99955 -0.0179128 -1.15431 0.0838135 0.0198723 0.996283 76.3427 
0.996554 0.0216647 -0.0800643 -6.2653 -0.0230305 0.999604 -0.0161739 -1.15149 0.0796823 0.017962 0.996658 76.9206 
0.99709 0.0172022 -0.0742712 -6.3089 -0.0181556 0.999761 -0.0121788 -1.17333 0.0740441 0.0134917 0.997164 77.4555 
0.997674 0.0127946 -0.0669472 -6.32227 -0.013402 0.999873 -0.00862961 -1.19617 0.0668283 0.00950668 0.997719 77.9805 
0.998266 0.016197 -0.0565861 -6.35029 -0.0167017 0.999825 -0.00845491 -1.21451 0.0564394 0.00938525 0.998362 78.4898 
0.998884 0.0215322 -0.042025 -6.36742 -0.0219483 0.999714 -0.00946423 -1.22525 0.0418093 0.010376 0.999072 78.9923 
0.999366 0.0266105 -0.023635 -6.39545 -0.026854 0.999589 -0.0100391 -1.22398 0.0233582 0.0106674 0.99967 79.4802 
0.99968 0.0252619 -0.000890864 -6.406 -0.0252689 0.999641 -0.00890604 -1.24763 0.000665646 0.00892562 0.99996 79.9517 
0.999439 0.0216942 0.0255063 -6.38306 -0.0214613 0.999726 -0.00937366 -1.24313 -0.0257026 0.00882093 0.999631 80.4183 
0.998301 0.020373 0.0545883 -6.3349 -0.019999 0.999773 -0.00739006 -1.27066 -0.0547263 0.00628572 0.998482 80.8593 
0.995802 0.0209882 0.0890927 -6.30248 -0.0204256 0.999765 -0.00722334 -1.268 -0.0892233 0.00537316 0.995997 81.3016 
0.991779 0.021336 0.12617 -6.21329 -0.0205713 0.999761 -0.00736089 -1.27681 -0.126297 0.0047048 0.991981 81.7473 
0.985656 0.0203406 0.167539 -6.1186 -0.0193614 0.999785 -0.0074764 -1.29805 -0.167655 0.00412529 0.985837 82.1522 
0.976761 0.0208174 0.213319 -6.01431 -0.0194494 0.999775 -0.00851031 -1.30305 -0.213448 0.00416355 0.976946 82.5628 
0.964891 0.0236406 0.261583 -5.87829 -0.0216817 0.999711 -0.0103728 -1.32342 -0.261752 0.00433704 0.965125 82.9478 
0.948901 0.0244417 0.314627 -5.72559 -0.0210221 0.999677 -0.0142583 -1.33443 -0.314874 0.00691551 0.949108 83.3252 
0.92896 0.0250566 0.369331 -5.54026 -0.0200355 0.999647 -0.0174254 -1.34474 -0.369637 0.00878775 0.929134 83.6769 
0.90423 0.0248837 0.42632 -5.34903 -0.0184334 0.999645 -0.0192508 -1.36167 -0.426647 0.00954857 0.904368 84.0134 
0.874056 0.0262009 0.485118 -5.15163 -0.0174981 0.999595 -0.0224606 -1.36689 -0.48551 0.0111431 0.87416 84.3355 
0.839823 0.0248786 0.54229 -4.92151 -0.0134808 0.999597 -0.0249815 -1.38138 -0.542693 0.0136695 0.83982 84.6273 
0.801504 0.0255486 0.597444 -4.68364 -0.0114116 0.999558 -0.0274351 -1.38537 -0.597881 0.0151715 0.801441 84.9166 
0.761067 0.0238332 0.648235 -4.40963 -0.00882766 0.999613 -0.026388 -1.40471 -0.648613 0.0143606 0.760983 85.164 
0.717031 0.0236538 0.69664 -4.13535 -0.00965795 0.999665 -0.0240022 -1.42389 -0.696974 0.0104822 0.717019 85.4005 
0.670446 0.0226866 0.741611 -3.83934 -0.00791483 0.999694 -0.0234265 -1.44117 -0.741916 0.0098364 0.670421 85.6327 
0.623248 0.0217357 0.781722 -3.52679 -0.00280477 0.999669 -0.0255597 -1.45043 -0.782019 0.0137374 0.623103 85.8322 
0.575728 0.0191225 0.817417 -3.20569 0.00460633 0.999635 -0.0266298 -1.46395 -0.817628 0.0190968 0.57543 86.0019 
0.528586 0.0209724 0.848621 -2.87288 0.00439625 0.999614 -0.0274424 -1.47894 -0.848869 0.0182364 0.528289 86.1675 
0.479671 0.0239725 0.877121 -2.54937 0.00256641 0.999584 -0.0287231 -1.48848 -0.877445 0.0160287 0.47941 86.3258 
0.433758 0.0255806 0.900666 -2.20725 0.0036672 0.999538 -0.030155 -1.50866 -0.901022 0.0163828 0.433464 86.4566 
0.390524 0.0229812 0.920306 -1.86689 0.0114992 0.999489 -0.0298382 -1.52448 -0.920521 0.0222353 0.39006 86.5647 
0.3507 0.0157663 0.936355 -1.50494 0.0279795 0.999235 -0.0273046 -1.52829 -0.93607 0.0357745 0.349991 86.6497 
0.31531 0.0120735 0.948912 -1.15282 0.0334154 0.999158 -0.0238164 -1.53806 -0.9484 0.0392178 0.314641 86.7319 
0.281715 0.0163321 0.959359 -0.805889 0.0310476 0.999176 -0.0261271 -1.55048 -0.958996 0.0371462 0.280976 86.8185 
0.249938 0.0235133 0.967976 -0.447447 0.0227266 0.999287 -0.0301421 -1.56961 -0.967995 0.0295325 0.249226 86.9163 
0.221536 0.0272105 0.974772 -0.0811454 0.0162977 0.999368 -0.0316011 -1.60276 -0.975016 0.0228873 0.220952 86.9895 
0.195495 0.0294836 0.980261 0.318742 0.0209469 0.999194 -0.0342306 -1.61149 -0.980481 0.0272254 0.19472 87.0614 
0.171812 0.0312594 0.984634 0.715809 0.0289652 0.998904 -0.0367667 -1.62746 -0.984704 0.034837 0.170718 87.1096 
0.151771 0.0363684 0.987746 1.11888 0.0358589 0.998462 -0.0422729 -1.64382 -0.987765 0.0418353 0.150233 87.1436 
0.132081 0.0432877 0.990293 1.53006 0.0386957 0.998059 -0.0487883 -1.64712 -0.990483 0.0447641 0.13015 87.1812 
0.114847 0.0441741 0.9924 1.97131 0.0376958 0.998097 -0.0487902 -1.65988 -0.992668 0.0430127 0.112964 87.2291 
0.0986121 0.0402439 0.994312 2.42137 0.0357106 0.998395 -0.0439509 -1.67628 -0.994485 0.0398415 0.0970168 87.2849 
0.0834421 0.03808 0.995785 2.88025 0.0371945 0.998454 -0.0412989 -1.69209 -0.995818 0.0404838 0.0818968 87.3287 
0.0710339 0.0353012 0.996849 3.36162 0.0418696 0.998387 -0.0383393 -1.71944 -0.996595 0.0444611 0.0694412 87.3421 
0.0594343 0.035384 0.997605 3.8573 0.0439417 0.99831 -0.038027 -1.73396 -0.997265 0.0460966 0.057779 87.3679 
0.048865 0.0367572 0.998129 4.37653 0.0485232 0.998055 -0.0391301 -1.75074 -0.997626 0.0503445 0.0469864 87.392 
0.0419215 0.0372883 0.998425 4.89743 0.0502278 0.997961 -0.03938 -1.77945 -0.997857 0.0517996 0.0399632 87.408 
0.0359012 0.0372041 0.998663 5.44523 0.0521845 0.997874 -0.0390507 -1.8062 -0.997992 0.0535167 0.0338834 87.4379 
0.0308402 0.038535 0.998781 5.99914 0.053913 0.997738 -0.0401596 -1.82846 -0.998069 0.0550858 0.0286929 87.4494 
0.0252714 0.0389991 0.99892 6.59041 0.0538063 0.997737 -0.0403143 -1.8541 -0.998231 0.054767 0.0231158 87.461 
0.0212351 0.0387732 0.999022 7.19765 0.057479 0.997547 -0.0399378 -1.88501 -0.998121 0.0582709 0.0189544 87.4731 
0.0177883 0.038961 0.999082 7.81486 0.0585213 0.997487 -0.0399408 -1.91023 -0.998128 0.0591781 0.0154636 87.4966 
0.0147352 0.0383282 0.999156 8.45934 0.0591496 0.997482 -0.0391363 -1.94229 -0.99814 0.0596764 0.012431 87.5093 
0.0127637 0.0376142 0.999211 9.11041 0.0604361 0.997436 -0.0383195 -1.97339 -0.99809 0.0608775 0.0104577 87.5135 
0.0120039 0.0364374 0.999264 9.80082 0.0657004 0.997148 -0.0371496 -2.01347 -0.997767 0.066098 0.0095757 87.5314 
0.0130433 0.0372244 0.999222 10.5023 0.0692206 0.996876 -0.0380407 -2.02861 -0.997516 0.0696629 0.0104259 87.554 
0.0146946 0.0362709 0.999234 11.1857 0.0708916 0.996789 -0.0372248 -2.08134 -0.997376 0.0713843 0.0120761 87.586 
0.0184693 0.0368164 0.999151 11.9113 0.073884 0.996539 -0.038086 -2.10237 -0.997096 0.0745247 0.0156852 87.6126 
0.022748 0.0360171 0.999092 12.6671 0.074213 0.996533 -0.0376146 -2.15216 -0.996983 0.0750013 0.0199962 87.6482 
0.0272142 0.0346059 0.99903 13.4096 0.0753128 0.996489 -0.0365695 -2.183 -0.996788 0.076235 0.0245123 87.6615 
0.0301804 0.0333236 0.998989 14.1525 0.0749246 0.996557 -0.0355061 -2.21572 -0.996732 0.0759204 0.0275797 87.7236 
0.0345589 0.0308242 0.998927 14.9273 0.0722091 0.996835 -0.0332579 -2.25687 -0.996791 0.073281 0.0322237 87.7622 
0.0373986 0.0303769 0.998839 15.7248 0.0713319 0.996907 -0.032989 -2.28473 -0.996751 0.0724828 0.035116 87.835 
0.0411765 0.0322273 0.998632 16.5474 0.0687208 0.997021 -0.035009 -2.30535 -0.996786 0.0700683 0.0388391 87.8956 
0.0445824 0.0359509 0.998359 17.3396 0.0665421 0.997026 -0.0388745 -2.35259 -0.996787 0.0681659 0.0420576 87.9358 
0.0455161 0.0406514 0.998136 18.1523 0.0615161 0.997161 -0.043417 -2.39771 -0.997068 0.0633776 0.0428862 88.0102 
0.0449573 0.0438113 0.998028 18.9639 0.0579471 0.997241 -0.0463871 -2.44099 -0.997307 0.0599182 0.0422945 88.0711 
0.0449588 0.0438676 0.998025 19.7799 0.0548051 0.997422 -0.04631 -2.47988 -0.997484 0.0567789 0.0424387 88.1232 
0.0453101 0.0421121 0.998085 20.5882 0.05276 0.997616 -0.0444876 -2.53004 -0.997579 0.0546747 0.0429802 88.1698 
0.0446941 0.0413213 0.998146 21.4142 0.0538878 0.99759 -0.0437113 -2.57608 -0.997546 0.0557415 0.0423597 88.225 
0.0458024 0.0414295 0.998091 22.2382 0.0515108 0.997712 -0.0437777 -2.61279 -0.997621 0.0534176 0.0435636 88.2578 
0.0473492 0.0423355 0.997981 23.0488 0.0500997 0.997743 -0.0447025 -2.65118 -0.997621 0.0521152 0.0451214 88.2987 
0.0468382 0.0429768 0.997977 23.8667 0.0472876 0.997858 -0.0451912 -2.69825 -0.997782 0.0493087 0.0447056 88.3568 
0.0448517 0.0435092 0.998046 24.6672 0.0445112 0.997972 -0.0455063 -2.75725 -0.998001 0.0464652 0.0428241 88.4236 
0.0420941 0.0440911 0.99814 25.4994 0.0411353 0.998102 -0.0458243 -2.79321 -0.998266 0.0429877 0.0402005 88.4731 
0.037721 0.0424547 0.998386 26.3181 0.0389974 0.998273 -0.0439234 -2.84295 -0.998527 0.0405913 0.0360002 88.5237 
0.0338015 0.0401612 0.998621 27.1161 0.0402441 0.998327 -0.0415116 -2.89674 -0.998618 0.0415917 0.0321287 88.5621 
0.0286162 0.0386402 0.998843 27.9339 0.0393911 0.998433 -0.0397529 -2.93646 -0.998814 0.0404831 0.0270493 88.585 
0.0205707 0.0391098 0.999023 28.7374 0.03901 0.998442 -0.0398904 -2.97847 -0.999027 0.0397925 0.019013 88.6145 
0.0118418 0.0403647 0.999115 29.5369 0.0388314 0.998413 -0.0407966 -3.02044 -0.999176 0.0392801 0.0102556 88.632 
0.00260323 0.0404161 0.999179 30.3304 0.040036 0.998378 -0.0404881 -3.0713 -0.999195 0.0401086 0.000980904 88.6352 
-0.00767109 0.0391329 0.999204 31.1233 0.0402066 0.998438 -0.0387942 -3.11801 -0.999162 0.0398771 -0.00923251 88.6313 
-0.0187692 0.038524 0.999081 31.9423 0.039056 0.998523 -0.0377688 -3.16548 -0.999061 0.0383112 -0.0202461 88.6409 
-0.03061 0.0370606 0.998844 32.7403 0.0397373 0.998567 -0.0358326 -3.22018 -0.998741 0.0385945 -0.0320388 88.6312 
-0.0416902 0.0381375 0.998402 33.5134 0.0397506 0.998543 -0.0364831 -3.25261 -0.998339 0.0381661 -0.0431454 88.6107 
-0.0522734 0.0390363 0.997869 34.2911 0.0406921 0.998489 -0.036929 -3.29092 -0.997803 0.038675 -0.0537829 88.5663 
-0.0642356 0.0404475 0.997115 35.0578 0.0405056 0.99846 -0.0378928 -3.3195 -0.997112 0.0379546 -0.065775 88.5508 
-0.0735708 0.0421683 0.996398 35.8435 0.0421787 0.998343 -0.0391363 -3.34078 -0.996398 0.0391475 -0.0752275 88.4801 
-0.08322 0.043317 0.995589 36.6048 0.0430481 0.998278 -0.0398358 -3.37495 -0.995601 0.0395431 -0.0849415 88.4243 
-0.0927411 0.0442742 0.994705 37.3575 0.0435279 0.998236 -0.0403731 -3.40864 -0.994738 0.0395532 -0.0945047 88.3533 
-0.102161 0.045112 0.993744 38.1055 0.0451079 0.998154 -0.040675 -3.44701 -0.993745 0.0406704 -0.104007 88.2833 
-0.109973 0.0442837 0.992947 38.8421 0.045462 0.998185 -0.0394822 -3.49103 -0.992894 0.0407994 -0.111787 88.191 
-0.117912 0.0439645 0.99205 39.5717 0.0464602 0.99817 -0.0387137 -3.52 -0.991937 0.041526 -0.119739 88.1189 
-0.123041 0.042672 0.991484 40.2926 0.050019 0.998072 -0.0367484 -3.55712 -0.99114 0.0450715 -0.124938 88.0358 
-0.127123 0.0412394 0.991029 40.9847 0.0525089 0.998014 -0.0347946 -3.58643 -0.990496 0.0476147 -0.129036 87.9601 
-0.129398 0.0406573 0.990759 41.6833 0.0544144 0.997945 -0.0338455 -3.61825 -0.990099 0.0495321 -0.131344 87.8724 
-0.131764 0.0400408 0.990472 42.3741 0.0541063 0.997985 -0.0331468 -3.65583 -0.989803 0.0492232 -0.133665 87.7963 
-0.131546 0.040854 0.990468 43.0488 0.0554731 0.997888 -0.0337926 -3.68695 -0.989757 0.0504991 -0.133534 87.6953 
-0.131051 0.0415776 0.990503 43.6947 0.0568717 0.99779 -0.034359 -3.72603 -0.989743 0.0518289 -0.133126 87.6248 
-0.128353 0.0428329 0.990803 44.3333 0.0567474 0.997747 -0.0357819 -3.76773 -0.990104 0.0516328 -0.130494 87.5591 
-0.12327 0.0432301 0.991431 44.9641 0.0582607 0.997643 -0.0362571 -3.8006 -0.990661 0.0532921 -0.125498 87.495 
-0.115973 0.0438821 0.992282 45.562 0.0569333 0.997675 -0.0374665 -3.83377 -0.991619 0.0521488 -0.118202 87.4527 
-0.104664 0.043663 0.993549 46.1604 0.0561785 0.9977 -0.0379274 -3.86892 -0.99292 0.0518465 -0.106876 87.3971 
-0.0907128 0.0439111 0.994908 46.7183 0.0546924 0.997739 -0.0390495 -3.89849 -0.994374 0.0508717 -0.0929094 87.3593 
-0.0743306 0.0451439 0.996211 47.2555 0.0538149 0.997701 -0.0411962 -3.93487 -0.99578 0.0505488 -0.0765891 87.349 
-0.0535425 0.0478648 0.997418 47.7851 0.0518314 0.997637 -0.045093 -3.97227 -0.997219 0.0492831 -0.0558969 87.3391 
-0.0286389 0.05037 0.99832 48.2973 0.0495019 0.997576 -0.0489125 -4.00944 -0.998363 0.048018 -0.0310629 87.351 
0.000544567 0.0531724 0.998585 48.8335 0.0486383 0.997402 -0.053136 -4.03029 -0.998816 0.0485984 -0.00204306 87.3625 
0.0346661 0.0527918 0.998004 49.3623 0.0468459 0.99742 -0.0543883 -4.05858 -0.9983 0.0486378 0.0321036 87.393 
0.0736349 0.0504575 0.996008 49.8818 0.0452777 0.99752 -0.0538816 -4.09305 -0.996257 0.0490645 0.0711677 87.4449 
0.115793 0.0466872 0.992176 50.3795 0.0410439 0.997817 -0.0517428 -4.13607 -0.992425 0.0467142 0.113624 87.5335 
0.162059 0.0408401 0.985936 50.8707 0.0370852 0.998185 -0.0474433 -4.19225 -0.986084 0.0442522 0.16025 87.6282 
0.212616 0.0378154 0.976404 51.3647 0.0310933 0.998483 -0.0454413 -4.22393 -0.976641 0.0400212 0.211118 87.7392 
0.265138 0.0367267 0.963511 51.8316 0.0269469 0.998602 -0.0454797 -4.24762 -0.963834 0.038022 0.263778 87.8902 
0.321436 0.0353438 0.946271 52.3004 0.0240078 0.998678 -0.0454564 -4.2972 -0.946627 0.0373292 0.320163 88.0673 
0.381063 0.03683 0.923815 52.7584 0.0240104 0.998475 -0.0497107 -4.31331 -0.924237 0.0411241 0.379598 88.2743 
0.442227 0.0412353 0.895954 53.1854 0.0219889 0.998144 -0.0567919 -4.32935 -0.896633 0.044816 0.4405 88.5065 
0.502331 0.0454592 0.863479 53.613 0.0207339 0.997697 -0.0645874 -4.35419 -0.864426 0.0503476 0.500232 88.793 
0.560487 0.0506861 0.826611 53.9719 0.0134027 0.997439 -0.0702489 -4.38135 -0.828055 0.0504524 0.558372 89.1019 
0.615426 0.0542443 0.786326 54.2988 0.00673888 0.99723 -0.0740678 -4.40935 -0.788166 0.0508821 0.613356 89.4439 
0.668818 0.0555438 0.741348 54.6228 0.00155296 0.997098 -0.0761065 -4.44228 -0.743424 0.0520526 0.666791 89.8017 
0.717786 0.0529213 0.694249 54.9026 -0.000242539 0.997126 -0.0757584 -4.47038 -0.696263 0.0542099 0.715736 90.1555 
0.763659 0.0498255 0.643694 55.1697 -0.00587846 0.997513 -0.0702392 -4.50784 -0.645592 0.0498548 0.762053 90.54 
0.805688 0.0461979 0.590536 55.4137 -0.00997992 0.997871 -0.0644483 -4.52912 -0.592256 0.0460316 0.804434 90.9461 
0.842061 0.0425972 0.537697 55.613 -0.0142 0.998282 -0.0568478 -4.5669 -0.539195 0.040234 0.841219 91.3696 
0.873653 0.0403866 0.48487 55.8035 -0.0181811 0.998563 -0.0504148 -4.58509 -0.486209 0.0352296 0.873132 91.8137 
0.899552 0.0421468 0.434776 55.9634 -0.0251468 0.99868 -0.0447825 -4.61263 -0.43609 0.0293508 0.899424 92.2644 
0.920015 0.0436069 0.389449 56.0972 -0.0300803 0.998716 -0.040767 -4.64179 -0.390726 0.0257914 0.920145 92.7173 
0.935361 0.0514878 0.349926 56.2215 -0.0407351 0.998446 -0.0380247 -4.66456 -0.35134 0.0213125 0.936005 93.1776 
0.947298 0.0556199 0.315489 56.3217 -0.0459716 0.998222 -0.0379482 -4.69396 -0.317039 0.0214447 0.94817 93.6467 
0.956723 0.0580759 0.285146 56.4309 -0.0495602 0.998086 -0.0369965 -4.71557 -0.286749 0.0212635 0.95777 94.1235 
0.963275 0.0528907 0.263257 56.5445 -0.0446969 0.998314 -0.0370217 -4.73297 -0.264771 0.0238953 0.964015 94.6032 
0.967433 0.0499452 0.248151 56.6483 -0.0424751 0.998471 -0.0353701 -4.76666 -0.249538 0.0236779 0.968075 95.0875 
0.970265 0.0543694 0.235858 56.7399 -0.0472709 0.998246 -0.0356519 -4.78852 -0.237382 0.0234426 0.971133 95.579 
0.972104 0.0600673 0.22673 56.8252 -0.0535757 0.997961 -0.0346835 -4.80879 -0.228351 0.0215687 0.97334 96.0907 
0.972878 0.0686865 0.220885 56.9093 -0.0623596 0.997422 -0.0354994 -4.83622 -0.222754 0.0207623 0.974654 96.6001 
0.973568 0.0722512 0.21667 57.0266 -0.0650897 0.997077 -0.0400188 -4.84096 -0.218928 0.024858 0.975424 97.1074 
0.97328 0.0757512 0.216766 57.118 -0.0683529 0.9968 -0.041438 -4.89445 -0.219211 0.0255142 0.975344 97.6555 
0.972907 0.0735681 0.21918 57.2331 -0.0651415 0.996841 -0.0454386 -4.91604 -0.221831 0.0299297 0.974626 98.1996 
0.972278 0.0721647 0.222414 57.3683 -0.0621569 0.996727 -0.0516822 -4.93807 -0.225416 0.0364248 0.973581 98.732 
0.971453 0.07241 0.225909 57.4999 -0.0610925 0.99652 -0.0567026 -4.96969 -0.229229 0.0412825 0.972497 99.2847 
0.970109 0.0769055 0.230162 57.6245 -0.0654513 0.996226 -0.0570054 -4.99228 -0.233677 0.040237 0.971481 99.8532 
0.968419 0.0797622 0.236227 57.751 -0.0691876 0.996209 -0.0527346 -5.04385 -0.239538 0.0347251 0.970266 100.439 
0.967821 0.0759577 0.2399 57.9167 -0.0665255 0.996668 -0.0471863 -5.08646 -0.242685 0.0297084 0.96965 101.032 
0.967129 0.0720807 0.243855 58.0726 -0.0637498 0.997086 -0.0418953 -5.12686 -0.246164 0.0249724 0.968906 101.625 
0.966622 0.0686245 0.246846 58.2325 -0.0610994 0.997407 -0.0380264 -5.15213 -0.248815 0.0216749 0.968308 102.266 
0.966276 0.0636878 0.249508 58.3953 -0.0558236 0.997699 -0.0384771 -5.16861 -0.251385 0.0232509 0.967608 102.889 
0.966231 0.0621362 0.250074 58.5496 -0.0532415 0.99769 -0.0421843 -5.19475 -0.252118 0.0274454 0.967307 103.53 
0.966456 0.061213 0.249432 58.7089 -0.0505594 0.997523 -0.0489035 -5.23348 -0.251808 0.0346519 0.967157 104.169 
0.966736 0.0625456 0.248009 58.8701 -0.0505261 0.997232 -0.0545429 -5.28391 -0.250734 0.0401976 0.967221 104.815 
0.967323 0.0645301 0.245196 59.0221 -0.051827 0.996975 -0.057919 -5.32508 -0.248192 0.0433186 0.967742 105.488 
0.968072 0.0633554 0.242535 59.1875 -0.0514485 0.997153 -0.0551234 -5.35105 -0.245337 0.0408853 0.968575 106.181 
0.968665 0.059227 0.241205 59.3594 -0.0491739 0.99766 -0.0474926 -5.39746 -0.243454 0.0341433 0.969311 106.894 
0.969439 0.0585237 0.238249 59.5279 -0.0500191 0.997882 -0.0415923 -5.44339 -0.240179 0.0284041 0.970313 107.6 
0.969458 0.0626508 0.237122 59.6775 -0.0540815 0.997632 -0.0424795 -5.49045 -0.239222 0.0283581 0.970551 108.326 
0.969996 0.0684941 0.233273 59.8524 -0.0593323 0.997174 -0.0460775 -5.54575 -0.23577 0.0308543 0.971319 109.032 
0.971233 0.0684656 0.228078 60.0266 -0.0584316 0.997015 -0.0504682 -5.60199 -0.230852 0.0356894 0.972334 109.776 
0.972238 0.0668689 0.224237 60.1789 -0.0563659 0.997006 -0.0529251 -5.64811 -0.227105 0.0388164 0.973096 110.533 
0.973067 0.064679 0.221262 60.328 -0.0546142 0.997188 -0.0513144 -5.70321 -0.223959 0.0378482 0.973863 111.32 
0.974016 0.0609 0.218138 60.4846 -0.0513732 0.997472 -0.0490873 -5.75517 -0.220576 0.0366053 0.974682 112.085 
0.97461 0.0589741 0.216005 60.6552 -0.0499704 0.997648 -0.0469148 -5.79915 -0.218263 0.0349297 0.975265 112.878 
0.975173 0.0557613 0.214308 60.8281 -0.0472291 0.997882 -0.0447336 -5.83878 -0.216348 0.0335013 0.975741 113.67 
0.975662 0.0500586 0.213488 61.0087 -0.041573 0.998164 -0.0440567 -5.87767 -0.215301 0.0341091 0.975952 114.473 
0.975519 0.0515589 0.213783 61.1456 -0.0434155 0.998148 -0.042617 -5.91811 -0.215584 0.0322921 0.975951 115.292 
0.975385 0.0563667 0.213182 61.3179 -0.0478977 0.997852 -0.0446895 -5.96548 -0.215243 0.0333785 0.97599 116.103 
0.974835 0.0625507 0.213971 61.465 -0.053563 0.997431 -0.0475533 -6.02166 -0.216396 0.0348957 0.975682 116.916 
0.974177 0.0714882 0.214171 61.6429 -0.0622408 0.996827 -0.0496236 -6.06033 -0.217039 0.0350119 0.975535 117.76 
0.973135 0.0775368 0.216785 61.8156 -0.0686126 0.996468 -0.0484062 -6.124 -0.219773 0.0322315 0.975018 118.595 
0.972256 0.0803785 0.219674 61.9821 -0.0717854 0.99632 -0.0468372 -6.17108 -0.22263 0.0297683 0.974448 119.438 
0.971938 0.0811949 0.22078 62.1792 -0.0723216 0.996226 -0.0479958 -6.21694 -0.223843 0.0306817 0.974142 120.294 
0.971787 0.0798112 0.221945 62.3658 -0.0701624 0.996229 -0.051037 -6.26922 -0.225182 0.0340248 0.973722 121.12 
0.97186 0.0742807 0.223541 62.5499 -0.0647464 0.996664 -0.0496935 -6.32103 -0.226486 0.0338216 0.973427 121.958 
0.972249 0.0687129 0.223628 62.7303 -0.0587693 0.996977 -0.0508292 -6.37089 -0.226445 0.0362761 0.973348 122.784 
0.972046 0.0681144 0.224691 62.9151 -0.0580369 0.997002 -0.0511628 -6.42972 -0.227502 0.0366922 0.973086 123.608 
0.971075 0.0717606 0.227737 63.0777 -0.0623192 0.996882 -0.0483906 -6.48597 -0.230499 0.0327985 0.972519 124.469 
0.970703 0.0735992 0.228732 63.2555 -0.0655388 0.996938 -0.0426493 -6.537 -0.23117 0.0264089 0.972555 125.294 
0.970062 0.0776911 0.230093 63.4317 -0.0705705 0.996743 -0.0390292 -6.57726 -0.232376 0.0216229 0.972386 126.131 
0.969881 0.07666 0.231201 63.6127 -0.0677522 0.99663 -0.0462374 -6.62129 -0.233966 0.0291803 0.971807 126.964 
0.970443 0.0724902 0.230185 63.7957 -0.0602284 0.996388 -0.0598656 -6.6849 -0.233693 0.0442324 0.971304 127.772 
0.970717 0.0713751 0.229376 63.9869 -0.0569275 0.995991 -0.0690067 -6.73979 -0.233382 0.0539281 0.970889 128.577 
0.97126 0.0683769 0.227989 64.1816 -0.0560493 0.996616 -0.0601222 -6.79339 -0.231329 0.0456156 0.971806 129.414 
0.971561 0.0633824 0.228149 64.3687 -0.0558531 0.997665 -0.0393156 -6.85327 -0.230108 0.0254546 0.972832 130.268 
0.972074 0.0589415 0.227152 64.5559 -0.0549503 0.998204 -0.0238607 -6.91278 -0.22815 0.0107123 0.973567 131.103 
0.971906 0.0638651 0.22654 64.7197 -0.0587607 0.997845 -0.029212 -6.96311 -0.227917 0.0150796 0.973564 131.901 
0.971874 0.07233 0.224117 64.8743 -0.0636262 0.996921 -0.0458276 -6.99171 -0.226741 0.0302789 0.973484 132.717 
0.971755 0.0726455 0.22453 65.0112 -0.0623057 0.996659 -0.052808 -7.05134 -0.227616 0.0373269 0.973035 133.539 
0.972639 0.0692542 0.221761 65.1967 -0.0586975 0.996822 -0.0538542 -7.10172 -0.224786 0.0393638 0.973613 134.344 
0.973262 0.0687805 0.21916 65.3676 -0.0587895 0.996926 -0.0517958 -7.16409 -0.222048 0.0375265 0.974313 135.16 
0.974112 0.067327 0.215806 65.5259 -0.05719 0.996962 -0.0528857 -7.22031 -0.218711 0.0391746 0.975003 135.958 
0.975007 0.0699448 0.210876 65.6879 -0.0597593 0.996735 -0.054301 -7.27524 -0.213985 0.040342 0.976003 136.779 
0.975427 0.074471 0.207353 65.8426 -0.0645412 0.996439 -0.0542583 -7.33738 -0.210655 0.0395422 0.97676 137.566 
0.975386 0.0803543 0.205342 65.986 -0.0704444 0.995991 -0.0551359 -7.38476 -0.208949 0.0393135 0.977136 138.378 
0.975355 0.0827196 0.204548 66.116 -0.0734733 0.995919 -0.0524062 -7.45267 -0.208048 0.0360858 0.977453 139.173 
0.975715 0.081436 0.203344 66.2725 -0.0730977 0.996159 -0.0481985 -7.49869 -0.206488 0.0321639 0.97792 139.961 
0.976436 0.0790015 0.200825 66.4387 -0.0706946 0.996332 -0.0482163 -7.55784 -0.203898 0.0328828 0.97844 140.772 
0.977132 0.0783621 0.197667 66.5971 -0.0696303 0.996281 -0.0507561 -7.60557 -0.200909 0.0358318 0.978954 141.569 
0.978619 0.0725628 0.192454 66.7541 -0.0632982 0.99654 -0.0538672 -7.66357 -0.195697 0.0405335 0.979826 142.365 
0.979956 0.0703581 0.186375 66.8805 -0.0611258 0.996623 -0.0548352 -7.69892 -0.189604 0.0423436 0.980947 143.139 
0.98104 0.0695947 0.180877 67.0029 -0.0615384 0.996862 -0.0497841 -7.73986 -0.183774 0.0377093 0.982245 143.943 
0.982161 0.0671014 0.175662 67.129 -0.0608391 0.997313 -0.0408024 -7.79316 -0.177928 0.0293874 0.983605 144.742 
0.983093 0.0636028 0.171708 67.2638 -0.0591505 0.99777 -0.0309282 -7.8456 -0.173292 0.0202486 0.984662 145.53 
0.983369 0.0698713 0.16764 67.3703 -0.0661364 0.997424 -0.0277676 -7.89094 -0.169148 0.0162186 0.985457 146.335 
0.98398 0.0739542 0.162218 67.4878 -0.0696533 0.997056 -0.0320505 -7.9381 -0.164111 0.0202379 0.986234 147.112 
0.984902 0.0750706 0.155988 67.5769 -0.0693435 0.996715 -0.0418462 -7.98616 -0.158617 0.0303975 0.986872 147.904 
0.985989 0.0738305 0.149579 67.6795 -0.0674575 0.996603 -0.0472487 -8.01002 -0.152559 0.0364965 0.98762 148.716 
0.987032 0.0733727 0.142775 67.7886 -0.0674106 0.996657 -0.0461641 -8.04419 -0.145685 0.0359408 0.988678 149.523 
0.987622 0.0806092 0.134557 67.8833 -0.075444 0.99622 -0.0430633 -8.07904 -0.13752 0.0323787 0.98997 150.352 
0.988201 0.0860467 0.12671 67.9533 -0.0809545 0.99571 -0.0448136 -8.12275 -0.130023 0.034027 0.990927 151.17 
0.989239 0.0885746 0.116454 68.0312 -0.083148 0.995248 -0.0506695 -8.16062 -0.120388 0.0404413 0.991903 151.972 
0.990333 0.0872809 0.107807 68.1082 -0.08199 0.995245 -0.0525802 -8.20603 -0.111884 0.0432327 0.99278 152.797 
0.991224 0.0871583 0.0993919 68.1802 -0.0824914 0.995329 -0.0501437 -8.2459 -0.103298 0.0415045 0.993784 153.616 
0.991733 0.0892436 0.0921979 68.2317 -0.0855869 0.995407 -0.042891 -8.29032 -0.0956021 0.0346455 0.994816 154.416 
0.992077 0.0926664 0.0848345 68.2734 -0.089742 0.995252 -0.0376684 -8.32724 -0.0879222 0.0297567 0.995683 155.242 
0.992669 0.0924701 0.0778302 68.3152 -0.0900187 0.995344 -0.0344459 -8.36263 -0.080653 0.0271872 0.996371 156.068 
0.993125 0.0930416 0.071038 68.3649 -0.0909573 0.995339 -0.0320397 -8.4019 -0.0736879 0.025358 0.996959 156.9 
0.993529 0.091545 0.0672237 68.395 -0.0894451 0.995424 -0.0336168 -8.44491 -0.0699934 0.0273863 0.997171 157.727 
0.993363 0.0966413 0.0623725 68.4306 -0.0943424 0.994783 -0.0388135 -8.48284 -0.0657979 0.0326714 0.997298 158.528 
0.992962 0.103528 0.0575187 68.4584 -0.100985 0.993847 -0.0455032 -8.52415 -0.0618756 0.0393744 0.997307 159.352 
0.993101 0.104052 0.0540624 68.4909 -0.101485 0.993666 -0.0482462 -8.55538 -0.0587401 0.0424268 0.997371 160.153 
0.993074 0.105896 0.0508917 68.5212 -0.103799 0.993701 -0.0422273 -8.59272 -0.0550428 0.0366522 0.997811 160.971 
0.992887 0.108136 0.0498279 68.5387 -0.106613 0.993776 -0.0322773 -8.62777 -0.053008 0.0267354 0.998236 161.796 
0.992917 0.109134 0.0469613 68.5619 -0.108074 0.993839 -0.0245696 -8.67546 -0.0493532 0.0193202 0.998594 162.623 
0.993574 0.105465 0.0410874 68.5839 -0.104394 0.994158 -0.0274005 -8.71405 -0.0437371 0.022935 0.99878 163.442 
0.995129 0.0921891 0.0349117 68.6115 -0.0909199 0.995194 -0.0363523 -8.75555 -0.0380951 0.033001 0.998729 164.246 
0.995533 0.0904282 0.0271561 68.6271 -0.0893085 0.995202 -0.0399506 -8.79713 -0.0306384 0.0373468 0.998832 165.061 
0.995348 0.0941565 0.020396 68.6253 -0.0933086 0.994867 -0.0391613 -8.82576 -0.0239785 0.0370759 0.999025 165.894 
0.995746 0.0911791 0.0132775 68.6206 -0.0907328 0.995391 -0.0310393 -8.8968 -0.0160463 0.0297025 0.99943 166.736 
0.996276 0.0859663 0.00656725 68.6052 -0.0857547 0.995933 -0.0276213 -8.92323 -0.00891496 0.0269552 0.999597 167.581 
0.996965 0.077826 0.00192225 68.5859 -0.0777615 0.996706 -0.0230147 -8.95166 -0.00370697 0.0227953 0.999733 168.4 
0.997321 0.0729973 -0.00471398 68.5823 -0.0730863 0.997066 -0.0227411 -8.98705 0.0030402 0.0230246 0.99973 169.229 
0.997501 0.0696442 -0.0119215 68.5676 -0.0699742 0.997099 -0.0299594 -9.0165 0.00980048 0.0307187 0.99948 170.057 
0.997957 0.0611031 -0.0186552 68.5303 -0.0617929 0.997328 -0.0389557 -9.05585 0.0162251 0.0400288 0.999067 170.884 
0.99833 0.0517576 -0.0256511 68.5243 -0.0528258 0.997683 -0.0428753 -9.09065 0.0233726 0.0441587 0.998751 171.712 
0.998002 0.0546678 -0.031662 68.4743 -0.0557723 0.997826 -0.0351168 -9.12954 0.0296735 0.0368125 0.998881 172.552 
0.997309 0.0643203 -0.0351776 68.3951 -0.0651591 0.997604 -0.0232411 -9.14563 0.0335985 0.0254706 0.999111 173.412 
0.996611 0.0717014 -0.0403208 68.3485 -0.0723595 0.997264 -0.015101 -9.18928 0.0391279 0.0179674 0.999073 174.252 
0.996443 0.0716685 -0.0443261 68.2975 -0.0725452 0.997194 -0.0184923 -9.21315 0.0428765 0.0216421 0.998846 175.089 
0.996266 0.0727716 -0.0464604 68.2397 -0.0741616 0.996827 -0.0289256 -9.24162 0.0442081 0.0322631 0.998501 175.915 
0.995325 0.0827627 -0.0497769 68.1637 -0.0846964 0.995679 -0.0380741 -9.27679 0.0464108 0.042112 0.998034 176.741 
0.995326 0.0816121 -0.051621 68.0965 -0.0838115 0.995597 -0.0419768 -9.3096 0.047968 0.046107 0.997784 177.582 
0.995667 0.0755884 -0.0541607 68.0647 -0.077685 0.996265 -0.0377081 -9.33969 0.0511082 0.0417521 0.99782 178.425 
0.995686 0.0757776 -0.0535382 68.0053 -0.0774273 0.996563 -0.0294363 -9.37231 0.0511237 0.0334545 0.998132 179.284 
0.995616 0.0773589 -0.0525768 67.9291 -0.0786818 0.996621 -0.0235713 -9.41206 0.0505758 0.0276047 0.998339 180.14 
0.995513 0.0774216 -0.0543994 67.8674 -0.0788009 0.996609 -0.0236808 -9.4547 0.0523816 0.0278612 0.998238 180.998 
0.995576 0.0738234 -0.0581307 67.8284 -0.0758048 0.996588 -0.0326481 -9.49118 0.0555222 0.0369102 0.997775 181.83 
0.996148 0.0637981 -0.0601512 67.7622 -0.0664924 0.99682 -0.0439041 -9.53241 0.057159 0.0477345 0.997223 182.67 
0.996647 0.0534376 -0.0619628 67.703 -0.0564231 0.997277 -0.0474761 -9.57485 0.0592572 0.050813 0.996949 183.501 
0.996412 0.0551734 -0.0641817 67.6533 -0.0580579 0.997344 -0.0439781 -9.60469 0.0615849 0.0475465 0.996969 184.363 
0.995994 0.0615309 -0.0648778 67.5758 -0.063753 0.997428 -0.0327529 -9.66032 0.0626957 0.0367578 0.997355 185.219 
0.995886 0.0616855 -0.0663741 67.4999 -0.0637692 0.997521 -0.0297439 -9.693 0.0643749 0.0338541 0.997351 186.083 
0.995992 0.0584736 -0.0676866 67.4367 -0.0608788 0.997565 -0.0340317 -9.72486 0.0655319 0.0380159 0.997126 186.917 
0.996098 0.0575137 -0.0669386 67.3507 -0.0603526 0.997327 -0.041188 -9.7561 0.0643909 0.0450671 0.996907 187.76 
0.995717 0.0637979 -0.0669129 67.2701 -0.0666493 0.996922 -0.0412818 -9.79742 0.0640733 0.0455646 0.996904 188.588 
0.995565 0.0657883 -0.067253 67.1991 -0.0685026 0.996893 -0.0388793 -9.83552 0.0644863 0.0433138 0.996978 189.413 
0.995245 0.0684742 -0.06927 67.1285 -0.071075 0.996828 -0.0358013 -9.8781 0.066599 0.0405543 0.996955 190.251 
0.995073 0.0704703 -0.0697392 67.0574 -0.0730074 0.996734 -0.0345217 -9.90841 0.0670788 0.039443 0.996968 191.077 
0.994815 0.0727895 -0.0710223 66.9837 -0.0753384 0.996582 -0.0338914 -9.95114 0.0683126 0.0390663 0.996899 191.909 
0.994889 0.0725132 -0.0702685 66.8958 -0.0752441 0.996477 -0.0370255 -9.99788 0.0673362 0.0421234 0.996841 192.714 
0.994614 0.0740138 -0.0725619 66.834 -0.0772422 0.996096 -0.0427386 -10.0318 0.0691154 0.0481131 0.996448 193.506 
