1 2.12261e-08 -2.11895e-08 0 2.12261e-08 1 2.10703e-08 0 -2.11895e-08 2.10703e-08 1 0 
0.999976 0.000771379 -0.00690194 0.0011884 -0.000767333 1 0.00058272 -0.00286018 0.00690234 -0.000577368 0.999976 0.0864375 
0.9999 0.00136533 -0.0140546 -0.00814091 -0.00136732 0.999999 -0.00013536 0.00661836 0.0140543 0.000154606 0.999901 0.189517 
0.999756 0.00139031 -0.0220677 -0.0121469 -0.00140221 0.999999 -0.000525609 -0.00302313 0.0220669 0.000556466 0.999756 0.29383 
0.999515 0.00189285 -0.0310956 -0.0308991 -0.00196345 0.999996 -0.00224132 0.0035231 0.0310912 0.00230132 0.999514 0.399831 
0.9991 0.00372721 -0.0422501 -0.0581233 -0.00389524 0.999985 -0.00389658 0.00746206 0.0422349 0.00405769 0.9991 0.516555 
0.998423 0.00317114 -0.0560543 -0.0750311 -0.00344315 0.999983 -0.00475746 0.00298542 0.0560382 0.004943 0.998416 0.649178 
0.997368 0.00283606 -0.0724551 -0.104452 -0.00319493 0.999983 -0.0048381 0.00251228 0.0724402 0.0050569 0.99736 0.797255 
0.995889 0.00146534 -0.090572 -0.146997 -0.00187106 0.999989 -0.00439517 -0.00176746 0.0905645 0.00454661 0.99588 0.952278 
0.993847 0.000296009 -0.110766 -0.181293 -0.000766919 0.999991 -0.00420919 -0.00883275 0.110763 0.00426828 0.993838 1.11544 
0.991152 5.44152e-05 -0.132735 -0.231763 -0.000729463 0.999987 -0.00503735 -0.00455028 0.132733 0.00508964 0.991139 1.28207 
0.987579 0.00451631 -0.157057 -0.285129 -0.0056295 0.999962 -0.0066439 -0.00519891 0.157021 0.00744558 0.987567 1.45773 
0.983174 0.00839955 -0.182481 -0.354289 -0.0101347 0.999912 -0.00857813 -0.00883038 0.182393 0.0102832 0.983172 1.64381 
0.977882 0.01122 -0.208856 -0.439258 -0.0136069 0.999858 -0.00999516 -0.00967652 0.208714 0.012616 0.977895 1.83164 
0.97105 0.0117984 -0.238584 -0.514977 -0.0145993 0.999844 -0.00997606 -0.0174228 0.238429 0.0131705 0.971071 2.02223 
0.962935 0.0136141 -0.269391 -0.607217 -0.0167242 0.999817 -0.00925353 -0.0218116 0.269216 0.013416 0.962986 2.22476 
0.953311 0.0154522 -0.301596 -0.710128 -0.0188735 0.999786 -0.00843321 -0.0185512 0.301401 0.0137317 0.953399 2.43728 
0.941644 0.0173612 -0.336162 -0.810248 -0.0211228 0.999749 -0.00753615 -0.0137141 0.335946 0.0141971 0.941774 2.63925 
0.928806 0.0202134 -0.370014 -0.915529 -0.0245327 0.999675 -0.00697088 -0.0147484 0.369753 0.0155521 0.929 2.84432 
0.914574 0.0235452 -0.403732 -1.04616 -0.0284243 0.999577 -0.0060954 -0.0163718 0.403418 0.0170505 0.914857 3.06018 
0.898453 0.0237442 -0.438428 -1.19553 -0.0292326 0.999556 -0.00577158 -0.0137513 0.438096 0.0180019 0.898748 3.25622 
0.879329 0.0204923 -0.475775 -1.31389 -0.0261482 0.999644 -0.00527106 -0.0253544 0.475497 0.0170757 0.879551 3.43902 
0.857483 0.0148478 -0.514299 -1.46915 -0.0206915 0.99977 -0.00563527 -0.0251188 0.514097 0.0154738 0.857593 3.65769 
0.831428 0.016587 -0.555385 -1.63772 -0.021909 0.999756 -0.00293999 -0.0225005 0.555201 0.0146124 0.831588 3.8659 
0.801886 0.022275 -0.597062 -1.81896 -0.0268121 0.99964 0.00128417 -0.0302887 0.596875 0.0149788 0.802194 4.03023 
0.76898 0.0256163 -0.63876 -2.0307 -0.0301671 0.999538 0.00376754 -0.0387345 0.638561 0.0163724 0.769397 4.19551 
0.731855 0.0249154 -0.681005 -2.24873 -0.0299894 0.999541 0.00434068 -0.0352359 0.6808 0.0172462 0.732266 4.38148 
0.691338 0.0214796 -0.722213 -2.48278 -0.0242063 0.999686 0.0065606 -0.0410237 0.722126 0.0129465 0.69164 4.56109 
0.64771 0.0177164 -0.761681 -2.73006 -0.018603 0.999799 0.00743553 -0.0359826 0.76166 0.00935352 0.64791 4.72078 
0.602731 0.0169609 -0.797765 -3.01972 -0.0159531 0.99983 0.0092039 -0.0290726 0.797785 0.00717943 0.602899 4.8723 
0.553293 0.0180753 -0.83279 -3.31575 -0.0126183 0.999832 0.0133174 -0.0375167 0.832891 0.00313998 0.553428 5.02728 
0.502016 0.0187631 -0.864655 -3.62862 -0.0101984 0.999824 0.0157751 -0.0316626 0.864798 0.000898794 0.502119 5.14543 
0.449606 0.0204853 -0.892992 -3.95258 -0.0098281 0.99979 0.017987 -0.0253048 0.893173 0.000689413 0.449712 5.24252 
0.394946 0.0221511 -0.918437 -4.28755 -0.010294 0.999753 0.0196856 -0.00761211 0.918647 0.00167969 0.395077 5.32387 
0.339037 0.0240767 -0.940465 -4.6577 -0.00943293 0.999709 0.0221928 0.00302957 0.940726 0.0013472 0.339165 5.40096 
0.284175 0.0277594 -0.958371 -5.04007 -0.00693671 0.999614 0.0268971 0.00090437 0.958747 -0.000995494 0.284258 5.46919 
0.230064 0.0307712 -0.972689 -5.44297 -0.00275132 0.999517 0.0309692 -0.0074388 0.973172 -0.00444867 0.230038 5.52406 
0.179335 0.0308582 -0.983304 -5.87643 -0.000806066 0.999512 0.0312198 0.00976986 0.983788 -0.00480616 0.179273 5.55179 
0.131412 0.0315198 -0.990827 -6.32683 -0.00196518 0.999501 0.0315351 0.0203445 0.991326 -0.00219691 0.131409 5.56611 
0.0886645 0.0324526 -0.995533 -6.77312 -0.00332475 0.999473 0.0322849 0.0237959 0.996056 0.000447411 0.0887257 5.56038 
0.0506857 0.0313764 -0.998222 -7.24509 -0.00511912 0.999501 0.0311567 0.0376007 0.998702 0.00353086 0.0508211 5.54808 
0.0163527 0.0278155 -0.999479 -7.72313 -0.00369771 0.999608 0.0277585 0.0629209 0.999859 0.0032419 0.0164492 5.52273 
-0.0154732 0.0255924 -0.999553 -8.20358 -0.00352316 0.999665 0.0256498 0.0600401 0.999874 0.00391851 -0.0153778 5.48945 
-0.0425731 0.0234251 -0.998819 -8.68666 -0.00226014 0.99972 0.0235426 0.0696824 0.999091 0.00325979 -0.0425082 5.44161 
-0.0638574 0.0210504 -0.997737 -9.20266 -0.00291737 0.999769 0.02128 0.0825646 0.997955 0.00426969 -0.0637813 5.38555 
-0.0802548 0.019983 -0.996574 -9.73728 -0.00360562 0.999787 0.0203378 0.0988845 0.996768 0.00522551 -0.0801656 5.32243 
-0.0926814 0.021165 -0.995471 -10.2872 -0.00425635 0.999757 0.0216524 0.102801 0.995687 0.00624389 -0.0925687 5.23691 
-0.103136 0.0221191 -0.994421 -10.8383 -0.00580628 0.999722 0.0228392 0.101858 0.99465 0.00812947 -0.102979 5.16555 
-0.10994 0.022181 -0.993691 -11.4181 -0.00774666 0.999702 0.0231722 0.111609 0.993908 0.0102454 -0.109735 5.08208 
-0.115151 0.0229159 -0.993084 -12.0007 -0.00702443 0.99969 0.0238828 0.125081 0.993323 0.00972602 -0.114954 5.00777 
-0.115922 0.0234782 -0.992981 -12.6208 -0.00433542 0.999699 0.0241432 0.137526 0.993249 0.00710376 -0.115786 4.91468 
-0.115356 0.0259949 -0.992984 -13.2287 -0.00196261 0.99965 0.0263974 0.141265 0.993322 0.00499399 -0.115265 4.84546 
-0.114523 0.0284993 -0.993012 -13.8639 -0.00265359 0.999576 0.0289937 0.150724 0.993417 0.00595554 -0.114399 4.7643 
-0.112736 0.0285017 -0.993216 -14.5194 -0.00534869 0.999557 0.0292907 0.153883 0.993611 0.00861457 -0.112534 4.67311 
-0.111381 0.0258291 -0.993442 -15.1813 -0.00710521 0.999616 0.0267862 0.166198 0.993752 0.0100421 -0.111154 4.58733 
-0.111038 0.0256716 -0.993485 -15.8747 -0.00672071 0.999624 0.0265814 0.183117 0.993793 0.00962851 -0.110824 4.50317 
-0.109215 0.0286501 -0.993605 -16.5526 -0.0057505 0.99955 0.0294536 0.193972 0.994002 0.00893054 -0.109001 4.41546 
-0.107673 0.0324659 -0.993656 -17.2646 -0.00710825 0.999416 0.0334244 0.200243 0.994161 0.0106621 -0.107379 4.32616 
-0.105611 0.0341156 -0.993822 -17.9972 -0.00678271 0.999363 0.0350266 0.218003 0.994384 0.01044 -0.105313 4.2244 
-0.104472 0.0333944 -0.993967 -18.7255 -0.00872808 0.999367 0.0344932 0.230279 0.99449 0.012279 -0.104115 4.14703 
-0.103786 0.0306312 -0.994128 -19.4651 -0.0129754 0.999399 0.0321483 0.240101 0.994515 0.0162357 -0.103326 4.06594 
-0.102445 0.0302072 -0.99428 -20.224 -0.0142981 0.999391 0.0318357 0.25035 0.994636 0.0174777 -0.101951 3.97857 
-0.100793 0.0326132 -0.994373 -20.9972 -0.011055 0.999364 0.0338974 0.27117 0.994846 0.0144095 -0.100369 3.88877 
-0.100073 0.0344355 -0.994384 -21.7898 -0.00835244 0.999337 0.0354476 0.292072 0.994945 0.0118529 -0.0997193 3.80699 
-0.099358 0.036889 -0.994368 -22.5846 -0.00721087 0.99926 0.037791 0.300868 0.995026 0.0109251 -0.0990184 3.71827 
-0.0991815 0.0315746 -0.994568 -23.3809 -0.00584961 0.999461 0.0323133 0.324856 0.995052 0.00902276 -0.0989433 3.62805 
-0.0993226 0.0244035 -0.994756 -24.1629 -0.00449155 0.999678 0.0249727 0.340899 0.995045 0.00694839 -0.099181 3.54984 
-0.10033 0.0202241 -0.994749 -24.9748 -0.00104098 0.999791 0.0204316 0.351129 0.994954 0.00308545 -0.100288 3.46895 
-0.0999047 0.0206323 -0.994783 -25.7979 0.000238214 0.999785 0.0207122 0.369015 0.994997 0.00183231 -0.0998881 3.36667 
-0.101212 0.0281466 -0.994467 -26.6374 0.00110707 0.999602 0.0281793 0.376978 0.994864 0.00175117 -0.101202 3.28407 
-0.101693 0.0348724 -0.994204 -27.4749 0.000333147 0.999387 0.0350201 0.391589 0.994816 0.00323012 -0.101642 3.17878 
-0.102325 0.0396596 -0.99396 -28.3095 -0.00149536 0.999198 0.0400226 0.410812 0.99475 0.0055817 -0.102184 3.07877 
-0.103013 0.039521 -0.993895 -29.1756 -0.00311722 0.999193 0.0400548 0.427425 0.994675 0.00722438 -0.102806 2.95789 
-0.102694 0.0356617 -0.994074 -30.0092 -0.00352511 0.999338 0.0362147 0.449742 0.994707 0.00722329 -0.1025 2.84766 
-0.103569 0.0328422 -0.99408 -30.8504 -0.00343786 0.999437 0.0333774 0.465852 0.994616 0.00687441 -0.103398 2.74916 
-0.10401 0.033577 -0.994009 -31.6795 -0.0048304 0.999401 0.0342645 0.485079 0.994565 0.00836536 -0.103786 2.64808 
-0.104068 0.0367781 -0.99389 -32.5204 -0.00653174 0.999269 0.0376611 0.492065 0.994549 0.0104112 -0.103752 2.5415 
-0.104031 0.0346282 -0.993971 -33.3583 -0.00798878 0.999332 0.0356511 0.505725 0.994542 0.0116495 -0.103685 2.43377 
-0.103017 0.030113 -0.994224 -34.205 -0.0102825 0.999456 0.0313369 0.494772 0.994626 0.0134514 -0.102652 2.31322 
-0.103498 0.0252894 -0.994308 -35.0184 -0.0106884 0.999591 0.0265363 0.516722 0.994572 0.013374 -0.103185 2.22275 
-0.103437 0.0258729 -0.9943 -35.8587 -0.0111618 0.999569 0.0271712 0.532574 0.994573 0.0139087 -0.103103 2.12554 
-0.103037 0.0289324 -0.994257 -36.6874 -0.0113722 0.999477 0.0302628 0.533634 0.994613 0.0144251 -0.102654 2.02463 
-0.102292 0.0333202 -0.994196 -37.5464 -0.0109536 0.999341 0.0346196 0.55442 0.994694 0.0144314 -0.10186 1.91169 
-0.101047 0.038741 -0.994127 -38.394 -0.0103502 0.999147 0.0399887 0.565255 0.994828 0.0143302 -0.100559 1.79551 
-0.101957 0.0417779 -0.993911 -39.2188 -0.0106152 0.999015 0.0430813 0.58359 0.994732 0.0149431 -0.101413 1.70291 
-0.102634 0.0417597 -0.993842 -40.0641 -0.00909835 0.999037 0.0429175 0.597539 0.994678 0.0134472 -0.102156 1.61405 
-0.102788 0.0370955 -0.994011 -40.89 -0.00861312 0.999234 0.0381811 0.619391 0.994666 0.0124861 -0.102389 1.50748 
-0.102573 0.0319563 -0.994212 -41.7152 -0.00911762 0.999412 0.0330641 0.645135 0.994684 0.0124564 -0.102221 1.40641 
-0.103261 0.0291476 -0.994227 -42.5394 -0.013547 0.999437 0.0307074 0.652624 0.994562 0.0166397 -0.102808 1.31476 
-0.103089 0.0266291 -0.994316 -43.3683 -0.0164361 0.99946 0.0284709 0.670376 0.994536 0.0192777 -0.102595 1.19223 
-0.103858 0.0248945 -0.994281 -44.2042 -0.0141909 0.999548 0.0265087 0.680053 0.994491 0.0168629 -0.103458 1.08337 
-0.106601 0.0218488 -0.994062 -45.0233 -0.0101135 0.999683 0.0230569 0.679834 0.994251 0.0125113 -0.106346 1.01205 
-0.108042 0.0202441 -0.99394 -45.8316 -0.00541239 0.999766 0.0209511 0.69596 0.994132 0.00764324 -0.107907 0.921373 
-0.111267 0.0241401 -0.993497 -46.6733 -0.00410166 0.999685 0.0247498 0.686773 0.993782 0.00682885 -0.111133 0.827828 
-0.112657 0.0302639 -0.993173 -47.4964 -0.00205223 0.999527 0.0306903 0.693454 0.993632 0.00549573 -0.112542 0.716458 
-0.115576 0.0331423 -0.992746 -48.3211 0.000150931 0.999444 0.0333483 0.712923 0.993299 0.00370447 -0.115517 0.624486 
-0.117672 0.0323209 -0.992526 -49.1205 0.000103838 0.999471 0.0325347 0.717652 0.993053 0.00372542 -0.117613 0.522559 
-0.118364 0.027909 -0.992578 -49.9156 -0.00343157 0.999588 0.0285153 0.729441 0.992964 0.00678133 -0.11822 0.402883 
-0.11943 0.0233983 -0.992567 -50.7133 -0.00935056 0.999651 0.0246904 0.739923 0.992799 0.0122299 -0.119169 0.277741 
-0.121259 0.0214456 -0.992389 -51.4947 -0.0129896 0.999647 0.0231897 0.748236 0.992536 0.0157028 -0.120938 0.163616 
-0.122613 0.0223053 -0.992204 -52.2771 -0.0141607 0.999606 0.0242217 0.752249 0.992354 0.0170203 -0.122248 0.0491578 
-0.124464 0.0234714 -0.991946 -53.0526 -0.0140508 0.999578 0.025415 0.756242 0.992125 0.0171009 -0.124082 -0.0588622 
-0.125503 0.022398 -0.99184 -53.8323 -0.0151297 0.999586 0.0244873 0.766331 0.991978 0.0180795 -0.125112 -0.178099 
-0.126128 0.0220703 -0.991769 -54.6054 -0.017097 0.999556 0.0244179 0.765919 0.991867 0.0200361 -0.125694 -0.297794 
-0.12656 0.0237644 -0.991674 -55.3868 -0.0171922 0.99951 0.0261463 0.771213 0.99181 0.0203582 -0.126089 -0.417834 
-0.126836 0.0266116 -0.991567 -56.1344 -0.0163752 0.999448 0.0289178 0.775019 0.991789 0.019905 -0.12633 -0.528542 
-0.127675 0.0303769 -0.991351 -56.9144 -0.0157208 0.999343 0.0326465 0.789113 0.991691 0.019753 -0.127114 -0.62971 
-0.129706 0.0323944 -0.991023 -57.6824 -0.0139843 0.999307 0.0344955 0.793397 0.991454 0.0183331 -0.129163 -0.726523 
-0.131386 0.0320635 -0.990813 -58.429 -0.0130771 0.999334 0.0340733 0.806806 0.991245 0.0174337 -0.130879 -0.823925 
-0.131346 0.0295669 -0.990896 -59.1916 -0.0117821 0.999438 0.0313836 0.823997 0.991267 0.015797 -0.130924 -0.948853 
-0.131473 0.0263675 -0.990969 -59.9366 -0.0117913 0.999534 0.0281597 0.826392 0.99125 0.0153871 -0.131101 -1.07426 
-0.13367 0.0231859 -0.990755 -60.6504 -0.0108149 0.999633 0.0248528 0.838122 0.990967 0.014037 -0.13337 -1.14803 
-0.132427 0.0210277 -0.99097 -61.3559 -0.0114808 0.999675 0.0227466 0.841023 0.991126 0.0143894 -0.132142 -1.2552 
-0.131076 0.0194855 -0.991181 -62.0366 -0.0140179 0.99967 0.0215062 0.849531 0.991273 0.0167133 -0.13076 -1.34871 
-0.128047 0.0201331 -0.991564 -62.6959 -0.0131728 0.999671 0.0219988 0.85318 0.991681 0.0158786 -0.12774 -1.43158 
-0.122425 0.0209303 -0.992257 -63.3529 -0.0121141 0.999672 0.0225813 0.865296 0.992404 0.0147849 -0.122132 -1.52084 
-0.115633 0.0221739 -0.993044 -63.9905 -0.0105948 0.999666 0.0235555 0.871446 0.993236 0.013245 -0.11536 -1.59612 
-0.107969 0.0238319 -0.993869 -64.6079 -0.0106879 0.999627 0.0251311 0.865111 0.994097 0.0133358 -0.107674 -1.65952 
-0.0958441 0.0248324 -0.995087 -65.236 -0.0128068 0.999575 0.0261779 0.878423 0.995314 0.0152529 -0.0954853 -1.74232 
-0.0804909 0.0259745 -0.996417 -65.8501 -0.0149801 0.999516 0.0272654 0.884459 0.996643 0.017121 -0.0800628 -1.80904 
-0.0616902 0.0272309 -0.997724 -66.451 -0.0170612 0.999453 0.028333 0.883895 0.99795 0.0187703 -0.0611918 -1.85942 
-0.0401801 0.0273138 -0.998819 -67.013 -0.0167064 0.999468 0.0280036 0.898075 0.999053 0.0178119 -0.0397024 -1.86979 
-0.0143994 0.0277604 -0.999511 -67.5552 -0.01599 0.99948 0.0279899 0.892441 0.999769 0.0163853 -0.0139481 -1.88435 
0.0147621 0.0267302 -0.999534 -68.0771 -0.0146764 0.999541 0.0265136 0.914145 0.999783 0.0142782 0.0151477 -1.85586 
0.0492301 0.027112 -0.998419 -68.5579 -0.0131405 0.999563 0.0264951 0.904391 0.998701 0.0118154 0.0495649 -1.82438 
0.086738 0.0268463 -0.995869 -69.0261 -0.0118579 0.999594 0.0259139 0.921348 0.996161 0.00956124 0.0870211 -1.7581 
0.128373 0.0265301 -0.991371 -69.4859 -0.0109758 0.999619 0.0253295 0.926038 0.991665 0.00762955 0.128615 -1.68661 
0.173919 0.0264689 -0.984404 -69.9218 -0.00971363 0.999636 0.0251623 0.941241 0.984712 0.00518597 0.174113 -1.59047 
0.223025 0.0250809 -0.97449 -70.3415 -0.00600584 0.999685 0.0243548 0.942164 0.974794 0.000420934 0.223106 -1.46548 
0.274546 0.0212315 -0.96134 -70.7808 0.00183029 0.999743 0.0226024 0.930701 0.961572 -0.00796487 0.274437 -1.31443 
0.326147 0.0154157 -0.945193 -71.1483 0.00762897 0.999792 0.0189386 0.937727 0.945288 -0.0133876 0.325961 -1.14249 
0.379926 0.0109653 -0.924952 -71.5265 0.0127074 0.999774 0.0170719 0.942623 0.92493 -0.0182397 0.379701 -0.964553 
0.432643 0.00982105 -0.901512 -71.9025 0.0125663 0.999778 0.0169222 0.956017 0.901478 -0.0186499 0.432423 -0.765346 
0.482374 0.00887663 -0.87592 -72.2579 0.0146841 0.999726 0.0182179 0.955875 0.875842 -0.0216499 0.482112 -0.542248 
0.528169 0.00379156 -0.849131 -72.6087 0.0230817 0.999556 0.0188203 0.973894 0.848826 -0.0295397 0.527847 -0.283319 
0.573559 -0.00238113 -0.819161 -72.9361 0.0339936 0.999204 0.0208971 0.974273 0.818459 -0.0398319 0.573183 -0.00583193 
0.617592 -0.00741698 -0.786464 -73.2538 0.0356927 0.99919 0.0186055 0.972389 0.785689 -0.0395616 0.617356 0.274252 
0.660475 -0.00973883 -0.750785 -73.5328 0.0305805 0.999435 0.0139378 0.965088 0.750225 -0.0321649 0.6604 0.536907 
0.702873 -0.0167737 -0.711117 -73.8145 0.0274155 0.999618 0.00351891 0.962849 0.710786 -0.0219689 0.703065 0.848461 
0.74355 -0.019168 -0.668405 -74.0852 0.0218181 0.999752 -0.00439925 0.968226 0.668324 -0.0113122 0.743784 1.18414 
0.782126 -0.0222033 -0.622724 -74.3317 0.0222536 0.999723 -0.0076953 0.979972 0.622723 -0.00783912 0.782404 1.54396 
0.818062 -0.0228161 -0.574677 -74.585 0.0218146 0.999725 -0.00863811 0.974886 0.574716 -0.0054698 0.818335 1.9399 
0.850361 -0.0220463 -0.525737 -74.8254 0.0196185 0.999756 -0.0101917 0.969149 0.525833 -0.00164746 0.850586 2.36236 
0.877789 -0.0200883 -0.478626 -75.0517 0.0183033 0.999797 -0.00839448 0.961555 0.478698 -0.00139179 0.877979 2.80251 
0.900322 -0.0147094 -0.434976 -75.2651 0.0127884 0.999891 -0.00734324 0.95374 0.435036 0.00104868 0.900412 3.28284 
0.919533 -0.0088462 -0.392914 -75.4795 0.00618475 0.999949 -0.00803916 0.947091 0.392964 0.00496225 0.91954 3.77666 
0.934048 -0.00406268 -0.357125 -75.6602 0.00204171 0.99998 -0.0060359 0.934827 0.357143 0.00490872 0.934037 4.28943 
0.945068 -0.00318867 -0.326858 -75.8503 0.00207082 0.999991 -0.00376804 0.922101 0.326866 0.00288424 0.945066 4.83248 
0.953202 -0.00378466 -0.302309 -76.0245 0.00331641 0.999992 -0.00206229 0.911531 0.302315 0.000963245 0.953208 5.39608 
0.959494 -0.00432532 -0.281698 -76.1952 0.00466003 0.999989 0.000518151 0.893539 0.281692 -0.00180983 0.959503 5.96764 
0.964767 -0.00115991 -0.263105 -76.3649 0.00191987 0.999995 0.0026312 0.896772 0.263101 -0.00304357 0.964764 6.56332 
0.968804 0.00349108 -0.247805 -76.5389 -0.00260765 0.999989 0.00389298 0.8943 0.247816 -0.0031253 0.968802 7.17388 
0.972159 0.00595736 -0.234245 -76.7073 -0.00502944 0.999977 0.00455832 0.897148 0.234267 -0.00325325 0.972167 7.8077 
0.975388 0.00459231 -0.22045 -76.8701 -0.00367486 0.999983 0.0045715 0.886812 0.220467 -0.00364881 0.975388 8.45069 
0.978282 0.00464991 -0.207228 -77.0113 -0.00403041 0.999986 0.00341137 0.898416 0.207241 -0.00250202 0.978287 9.11112 
0.981084 0.0040276 -0.193542 -77.1348 -0.00354677 0.99999 0.00283062 0.916418 0.193552 -0.00209058 0.981088 9.77912 
0.983634 0.00342301 -0.180147 -77.2587 -0.00283318 0.99999 0.00353113 0.901092 0.180158 -0.0029629 0.983633 10.5052 
0.986046 0.0048285 -0.166401 -77.4157 -0.00479474 0.999988 0.000604403 0.899566 0.166402 0.000201924 0.986058 11.1721 
0.987948 0.0049344 -0.154708 -77.5419 -0.00562393 0.999976 -0.00401987 0.87942 0.154685 0.00484153 0.987952 11.8897 
0.989403 0.00311059 -0.14516 -77.6656 -0.004654 0.999936 -0.0102944 0.871493 0.145118 0.0108609 0.989355 12.6123 
0.990676 0.00168344 -0.136232 -77.7865 -0.00309673 0.999944 -0.0101631 0.858704 0.136207 0.0104903 0.990625 13.3635 
0.991564 0.00463711 -0.129538 -77.9027 -0.00520125 0.999978 -0.00401736 0.848387 0.129517 0.00465727 0.991566 14.1203 
0.992274 0.0104193 -0.123629 -78.0391 -0.0101147 0.999944 0.00309086 0.845623 0.123655 -0.00181646 0.992324 14.8616 
0.992738 0.0111856 -0.119772 -78.1479 -0.0104993 0.999925 0.00635958 0.834703 0.119834 -0.00505583 0.992781 15.6332 
0.993115 0.00933005 -0.116769 -78.2434 -0.00865672 0.999943 0.00627185 0.809849 0.11682 -0.00521779 0.993139 16.4069 
0.99337 0.0076598 -0.114709 -78.3273 -0.0070139 0.999957 0.006033 0.78861 0.11475 -0.0051884 0.993381 17.1685 
0.993612 0.00671891 -0.112646 -78.4169 -0.00576168 0.999945 0.00882076 0.771517 0.112699 -0.00811534 0.993596 17.9451 
0.993888 0.00468842 -0.110293 -78.5112 -0.00340021 0.999924 0.0118646 0.763995 0.110341 -0.011417 0.993828 18.7269 
0.99437 0.00260705 -0.10593 -78.6257 -0.00122227 0.999913 0.013135 0.757793 0.105955 -0.0129315 0.994287 19.5023 
0.994628 0.00335572 -0.103462 -78.7205 -0.00236323 0.99995 0.00971352 0.746388 0.103489 -0.00941679 0.994586 20.2739 
0.994801 0.00499421 -0.101714 -78.8141 -0.00474468 0.999985 0.0026946 0.738649 0.101726 -0.00219795 0.99481 21.0247 
0.994927 0.00616378 -0.100411 -78.903 -0.00673747 0.999963 -0.00537572 0.733317 0.100374 0.00602501 0.994932 21.7772 
0.995094 0.00550653 -0.0987827 -78.9946 -0.00643685 0.999938 -0.00910202 0.710192 0.0987264 0.00969326 0.995067 22.5247 
0.995239 0.00611717 -0.0972765 -79.0784 -0.006856 0.99995 -0.0072631 0.688521 0.0972272 0.00789549 0.995231 23.2737 
0.995446 0.008938 -0.0949101 -79.1711 -0.00930883 0.999951 -0.00346562 0.672664 0.0948744 0.00433339 0.99548 24.0312 
0.995532 0.0127929 -0.093553 -79.2552 -0.0125967 0.999917 0.00268647 0.643228 0.0935796 -0.00149596 0.995611 24.7835 
0.99579 0.0102416 -0.0910888 -79.3375 -0.00993253 0.999943 0.00384537 0.639532 0.091123 -0.0029244 0.995835 25.5328 
0.995863 0.00638629 -0.0906406 -79.4108 -0.00605978 0.999974 0.0038766 0.624595 0.0906629 -0.00331126 0.995876 26.2825 
0.995984 0.0046193 -0.0894158 -79.4903 -0.00431856 0.999984 0.00355606 0.615042 0.0894308 -0.00315559 0.995988 27.0325 
0.995964 0.00446028 -0.0896425 -79.5586 -0.0042156 0.999987 0.00291824 0.589415 0.0896543 -0.00252852 0.99597 27.7812 
0.996141 0.00375421 -0.0876868 -79.6532 -0.00366829 0.999993 0.00114049 0.58604 0.0876904 -0.000814385 0.996147 28.5378 
0.996137 0.00266566 -0.0877713 -79.7267 -0.00261248 0.999996 0.000720256 0.57806 0.0877728 -0.000488129 0.99614 29.2929 
0.996108 0.00585602 -0.0879423 -79.8077 -0.0056937 0.999982 0.00209595 0.562013 0.0879529 -0.00158704 0.996123 30.0601 
0.996111 0.00589224 -0.087915 -79.8921 -0.00579703 0.999982 0.00133773 0.550391 0.0879213 -0.00082284 0.996127 30.8253 
0.996025 0.00592614 -0.0888785 -79.9835 -0.00588973 0.999982 0.000671521 0.545453 0.0888808 -0.000145337 0.996042 31.5908 
0.995921 0.00231906 -0.0902011 -80.0731 -0.00221685 0.999997 0.00123285 0.536023 0.0902036 -0.00102782 0.995923 32.364 
0.995618 0.0040937 -0.0934271 -80.1699 -0.00403585 0.999992 0.000807761 0.527394 0.0934296 -0.00042712 0.995626 33.1514 
0.995333 0.00804131 -0.0961605 -80.2734 -0.00802253 0.999968 0.000581428 0.518089 0.096162 0.00019278 0.995366 33.9439 
0.995091 0.00678393 -0.0987268 -80.3725 -0.00719637 0.999967 -0.00382255 0.495044 0.0986976 0.00451431 0.995107 34.7223 
0.994682 0.0068879 -0.102767 -80.449 -0.00765173 0.999946 -0.00704065 0.474463 0.102712 0.00778959 0.994681 35.544 
0.994469 0.00572016 -0.104872 -80.55 -0.00670704 0.999937 -0.00906035 0.464962 0.104814 0.00971366 0.994444 36.3676 
0.994268 0.00581285 -0.106756 -80.6636 -0.00672773 0.999944 -0.00821202 0.451044 0.106702 0.00888322 0.994251 37.1914 
0.99406 0.00468277 -0.108734 -80.7806 -0.00548526 0.99996 -0.00708275 0.430348 0.108696 0.00763715 0.994046 38.0099 
0.993843 0.00540406 -0.110664 -80.8904 -0.00596451 0.999971 -0.00473439 0.406501 0.110635 0.00536534 0.993847 38.8352 
0.993741 0.00536522 -0.111584 -81.0064 -0.00558653 0.999983 -0.00167108 0.396718 0.111573 0.00228403 0.993754 39.6604 
0.993663 0.0055319 -0.112266 -81.1216 -0.00521604 0.999982 0.00310672 0.383983 0.112281 -0.0025014 0.993673 40.4958 
0.993685 0.00555723 -0.11207 -81.2276 -0.00495295 0.999972 0.00566928 0.365204 0.112099 -0.00507835 0.993684 41.3488 
0.993888 0.00765338 -0.110129 -81.3406 -0.00715757 0.999962 0.00489632 0.35884 0.110162 -0.00407809 0.993905 42.1829 
0.994048 0.00772678 -0.108673 -81.4497 -0.00734885 0.999966 0.00387742 0.346935 0.108699 -0.00305568 0.99407 43.0393 
0.994268 0.00594623 -0.106752 -81.5636 -0.00586681 0.999982 0.00105761 0.346529 0.106757 -0.000425204 0.994285 43.909 
0.994535 0.00298005 -0.104363 -81.6695 -0.00304319 0.999995 -0.000446122 0.331504 0.104362 0.000761326 0.994539 44.7695 
0.994668 0.00170494 -0.103114 -81.7692 -0.00182886 0.999998 -0.00110759 0.321585 0.103112 0.00129031 0.994669 45.6407 
0.994728 -0.00104813 -0.10254 -81.8733 0.00124673 0.999998 0.00187229 0.304294 0.102538 -0.00199022 0.994727 46.5114 
0.994837 -0.00358097 -0.101424 -81.9802 0.00406516 0.999981 0.00456722 0.290865 0.101406 -0.0049559 0.994833 47.3586 
0.994899 -0.00291631 -0.100837 -82.0769 0.00343401 0.999982 0.0049604 0.273095 0.100821 -0.00528133 0.994891 48.2187 
0.995007 -0.000959452 -0.0998037 -82.1888 0.001036 0.999999 0.000714806 0.274188 0.0998029 -0.00081459 0.995007 49.0851 
0.995148 0.0010366 -0.098387 -82.3135 -0.00156217 0.999985 -0.0052653 0.25592 0.09838 0.00539349 0.995134 49.9394 
0.995309 0.00231008 -0.0967247 -82.4271 -0.00327947 0.999946 -0.00986473 0.226801 0.0966966 0.0101357 0.995262 50.7538 
0.995394 0.00718406 -0.0956007 -82.5414 -0.00872066 0.999839 -0.0156655 0.202786 0.0954728 0.0164271 0.995297 51.582 
0.995529 0.00820877 -0.0941019 -82.6498 -0.00989786 0.999798 -0.0174974 0.189488 0.0939392 0.0183506 0.995409 52.4287 
0.995533 0.00464851 -0.0943014 -82.7396 -0.00572388 0.999922 -0.0111367 0.161616 0.0942422 0.0116267 0.995481 53.2904 
0.995492 0.00382491 -0.0947723 -82.8399 -0.00414394 0.999986 -0.00317015 0.146743 0.0947588 0.00354863 0.995494 54.1365 
0.99538 0.0029352 -0.0959722 -82.938 -0.0026381 0.999991 0.00322197 0.138397 0.0959808 -0.00295386 0.995379 54.9848 
0.995124 0.000961117 -0.09863 -83.0349 -0.000878704 0.999999 0.000878608 0.12837 0.0986308 -0.000787613 0.995124 55.8297 
0.994856 -0.00457087 -0.101197 -83.1217 0.00427147 0.999986 -0.00317553 0.114982 0.10121 0.00272698 0.994861 56.6633 
0.99458 -0.0068323 -0.103746 -83.2236 0.00641314 0.99997 -0.0043737 0.0919008 0.103773 0.0036847 0.994594 57.4883 
0.994337 -0.00366209 -0.10621 -83.3301 0.0030071 0.999976 -0.00632681 0.0645949 0.10623 0.00597165 0.994324 58.2926 
0.993971 -0.00291282 -0.109601 -83.4388 0.00192468 0.999957 -0.0091208 0.0296539 0.109623 0.00885491 0.993934 59.1152 
0.993524 -0.00210809 -0.113606 -83.5539 0.000650162 0.999917 -0.012869 0.00946451 0.113624 0.0127119 0.993443 59.9294 
0.993136 0.000566542 -0.116964 -83.6703 -0.00250337 0.999862 -0.0164133 -0.020468 0.116938 0.0165935 0.993001 60.7137 
0.992795 0.00441239 -0.119748 -83.7998 -0.00650347 0.999833 -0.0170774 -0.0449215 0.119653 0.0177332 0.992657 61.514 
0.992349 0.0104658 -0.123023 -83.9278 -0.0125071 0.999796 -0.0158324 -0.0578009 0.122833 0.0172499 0.992278 62.3034 
0.991712 0.0145031 -0.127659 -84.0362 -0.0159349 0.999821 -0.0102018 -0.0918852 0.127488 0.0121516 0.991766 63.0927 
0.991333 0.0167439 -0.130305 -84.199 -0.0175228 0.999835 -0.00483359 -0.110758 0.130202 0.00707505 0.991462 63.8005 
0.990813 0.017106 -0.134152 -84.3306 -0.017488 0.999846 -0.00166949 -0.120615 0.134103 0.00400024 0.990959 64.6031 
0.989864 0.0170795 -0.140991 -84.4593 -0.0173714 0.999849 -0.000840306 -0.143435 0.140955 0.00328104 0.990011 65.3842 
0.989105 0.0172681 -0.146198 -84.5954 -0.0171185 0.999851 0.00228092 -0.150519 0.146215 0.000246658 0.989253 66.1643 
0.988085 0.0155343 -0.153125 -84.7276 -0.0155634 0.999878 0.00100853 -0.150666 0.153122 0.00138667 0.988206 66.9263 
0.987195 0.0202728 -0.158226 -84.8876 -0.0205836 0.999788 -0.000325766 -0.167758 0.158186 0.0035785 0.987403 67.6749 
0.986043 0.0227818 -0.164925 -85.0339 -0.023775 0.999709 -0.00405076 -0.184524 0.164785 0.00791536 0.986298 68.4353 
0.985185 0.0209882 -0.170209 -85.1899 -0.0224201 0.999728 -0.00649472 -0.202756 0.170026 0.0102146 0.985387 69.1951 
0.984362 0.0219624 -0.174785 -85.3454 -0.023474 0.999703 -0.00658565 -0.23741 0.174588 0.0105856 0.984585 69.9506 
0.983515 0.0250841 -0.179079 -85.5184 -0.0260035 0.999658 -0.00278847 -0.232459 0.178948 0.00739924 0.983831 70.6676 
0.982353 0.0249573 -0.185366 -85.6826 -0.0252042 0.999682 0.00102445 -0.245647 0.185333 0.00366568 0.982669 71.4196 
0.98113 0.0259301 -0.191603 -85.846 -0.02593 0.999661 0.00250834 -0.255209 0.191603 0.00250729 0.981469 72.1624 
0.979969 0.0260009 -0.197444 -86.0375 -0.0268578 0.999638 -0.00166301 -0.265304 0.197329 0.00693266 0.980313 72.9134 
0.978381 0.0238714 -0.20543 -86.2154 -0.0262087 0.999619 -0.00866373 -0.280525 0.205145 0.0138605 0.978633 73.6421 
0.976568 0.0206235 -0.214221 -86.3995 -0.0234537 0.999668 -0.0106781 -0.298779 0.213929 0.0154522 0.976727 74.386 
0.974131 0.0214621 -0.224962 -86.5979 -0.0238351 0.999685 -0.00783771 -0.314339 0.224723 0.012997 0.974336 75.1135 
0.971577 0.0214012 -0.235756 -86.8013 -0.0225209 0.999744 -0.00205741 -0.327166 0.235651 0.0073084 0.97181 75.8474 
0.968586 0.0235959 -0.247556 -87.0155 -0.022776 0.999722 0.0061754 -0.347075 0.247633 -0.000343019 0.968854 76.5889 
0.965668 0.0239369 -0.258674 -87.2292 -0.022399 0.99971 0.00889132 -0.356528 0.258812 -0.00279198 0.965924 77.3042 
0.962397 0.0273115 -0.270271 -87.4567 -0.0271559 0.999622 0.00431551 -0.3674 0.270287 0.00318627 0.962775 78.0126 
0.958984 0.0273508 -0.282137 -87.6917 -0.0297755 0.999547 -0.00430933 -0.380414 0.281891 0.0125334 0.959365 78.7087 
0.955187 0.0246986 -0.29497 -87.917 -0.0289097 0.999533 -0.00992374 -0.384532 0.294587 0.0180066 0.955455 79.4337 
0.95158 0.0241354 -0.306451 -88.1756 -0.0268625 0.999628 -0.00468389 -0.40141 0.306224 0.0126892 0.951875 80.1407 
0.947671 0.0228338 -0.318431 -88.4277 -0.0231297 0.999728 0.00285207 -0.423022 0.318409 0.00466243 0.947942 80.8462 
0.943504 0.024395 -0.330462 -88.6923 -0.0228842 0.999702 0.00846192 -0.435269 0.33057 -0.000421461 0.943782 81.5584 
0.938915 0.0209554 -0.343512 -88.9654 -0.0201216 0.99978 0.00599192 -0.443792 0.343561 0.00128616 0.939129 82.2561 
0.934902 0.0200418 -0.354338 -89.2559 -0.0209438 0.99978 0.00128954 -0.444759 0.354286 0.00621564 0.935116 82.9432 
0.931259 0.0157797 -0.364016 -89.5356 -0.0195179 0.999788 -0.00659269 -0.449001 0.363835 0.0132444 0.931369 83.6463 
0.928732 0.0113217 -0.370578 -89.8401 -0.0174024 0.999763 -0.0130692 -0.453652 0.370342 0.0185868 0.92871 84.3295 
0.925163 0.0108665 -0.379415 -90.1211 -0.0178638 0.999729 -0.0149267 -0.471853 0.37915 0.0205875 0.925106 85.0554 
0.921848 0.0157351 -0.387232 -90.4374 -0.0235471 0.999604 -0.0154379 -0.489182 0.386835 0.0233497 0.921853 85.7418 
0.918553 0.0162762 -0.394963 -90.7573 -0.0235561 0.99963 -0.0135897 -0.507571 0.394596 0.0217867 0.918597 86.4248 
0.915103 0.0172712 -0.402851 -91.0804 -0.0220245 0.999732 -0.00716932 -0.520013 0.402619 0.0154333 0.915238 87.1129 
0.9121 0.0180284 -0.409571 -91.4121 -0.0194549 0.999811 0.000683961 -0.537124 0.409506 0.00734437 0.912278 87.7955 
0.90892 0.02798 -0.416031 -91.7554 -0.0271122 0.9996 0.00799451 -0.558794 0.416088 0.00401319 0.909315 88.4977 
0.906188 0.0339176 -0.421513 -92.1013 -0.035248 0.999368 0.00463781 -0.569424 0.421404 0.0106548 0.906811 89.1467 
0.903491 0.0298044 -0.42757 -92.4347 -0.0342259 0.999411 -0.00265697 -0.589431 0.427238 0.0170345 0.903979 89.8007 
0.901771 0.0219305 -0.431659 -92.7792 -0.0287456 0.999544 -0.00927 -0.610751 0.431258 0.0207678 0.90199 90.4756 
0.900276 0.0233221 -0.434695 -93.147 -0.0308377 0.999472 -0.0102433 -0.618915 0.434226 0.0226268 0.90052 91.1536 
0.897864 0.028828 -0.439329 -93.5082 -0.0343311 0.9994 -0.00458427 -0.646935 0.438933 0.0191987 0.898315 91.835 
0.89532 0.0313059 -0.444322 -93.8912 -0.0353334 0.999375 -0.000784094 -0.655216 0.444019 0.0164014 0.895867 92.5267 
0.893418 0.0273014 -0.448396 -94.2666 -0.0321488 0.999478 -0.00320083 -0.665877 0.448075 0.0172751 0.893829 93.1996 
0.89091 0.0250017 -0.453491 -94.6291 -0.0330514 0.999405 -0.00983253 -0.684148 0.452975 0.0237484 0.891207 93.8711 
0.888484 0.0228923 -0.458335 -95.0011 -0.033788 0.999308 -0.0155863 -0.70708 0.457661 0.0293345 0.888643 94.5444 
0.886213 0.024004 -0.462656 -95.3927 -0.0357427 0.999223 -0.0166222 -0.734751 0.461897 0.0312674 0.886382 95.2193 
0.883819 0.0267616 -0.467063 -95.7682 -0.0369826 0.999235 -0.012728 -0.754991 0.466365 0.0285225 0.884132 95.9038 
0.880998 0.0278638 -0.472299 -96.1283 -0.0367002 0.999281 -0.00950484 -0.798597 0.471694 0.0257073 0.881387 96.575 
0.877868 0.0279027 -0.478089 -96.4975 -0.0369572 0.999271 -0.00954045 -0.807994 0.477474 0.0260441 0.87826 97.2528 
0.875435 0.0252711 -0.482675 -96.881 -0.034486 0.999353 -0.0102255 -0.833787 0.482104 0.0255973 0.87574 97.9085 
0.872916 0.0244106 -0.48726 -97.2624 -0.0341418 0.999355 -0.011099 -0.857657 0.486675 0.0263245 0.873186 98.5743 
0.870018 0.0232455 -0.492471 -97.6342 -0.0329732 0.999395 -0.0110787 -0.869493 0.491915 0.0258771 0.870258 99.2303 
0.86695 0.0250008 -0.497768 -98.0245 -0.0347509 0.999343 -0.0103319 -0.89052 0.497182 0.0262552 0.867249 99.8992 
0.863897 0.0255411 -0.50302 -98.4125 -0.0359342 0.999294 -0.0109745 -0.909013 0.502385 0.0275565 0.864205 100.567 
0.861232 0.0226937 -0.507706 -98.801 -0.035542 0.999246 -0.015626 -0.930994 0.506968 0.0315025 0.861389 101.197 
0.859082 0.018092 -0.511518 -99.1941 -0.0334535 0.999223 -0.0208425 -0.947477 0.510743 0.0350175 0.85902 101.828 
0.856908 0.0164151 -0.515208 -99.5877 -0.033432 0.999158 -0.0237709 -0.970794 0.514384 0.0375939 0.856736 102.456 
0.853914 0.0183594 -0.520091 -99.9709 -0.0343851 0.999184 -0.0211839 -0.985436 0.519278 0.0359727 0.853848 103.115 
0.852807 0.0241359 -0.521668 -100.388 -0.0354739 0.999301 -0.0117572 -1.01145 0.52102 0.0285323 0.853068 103.697 
0.853109 0.0256499 -0.521102 -100.825 -0.0324267 0.999467 -0.00389042 -1.01151 0.520724 0.0202166 0.853486 104.271 
0.85018 0.0250055 -0.525897 -101.185 -0.0294535 0.999566 -8.77218e-05 -1.02133 0.525667 0.0155641 0.850548 104.886 
0.848053 0.0240973 -0.529364 -101.559 -0.0274992 0.999621 0.00144968 -1.05408 0.529198 0.0133277 0.848394 105.483 
0.846057 0.020647 -0.532693 -101.93 -0.0268787 0.999631 -0.00394518 -1.0521 0.532415 0.017656 0.8463 106.047 
0.844459 0.0192136 -0.535275 -102.296 -0.0269786 0.999614 -0.00668105 -1.07045 0.53494 0.0200829 0.844652 106.593 
0.843221 0.0180792 -0.537263 -102.666 -0.0271734 0.99959 -0.00901137 -1.07439 0.53688 0.0221979 0.843367 107.137 
0.841268 0.0173256 -0.540341 -103.007 -0.0271523 0.999579 -0.0102233 -1.07769 0.539936 0.0232721 0.841384 107.665 
0.84005 0.0191245 -0.542173 -103.346 -0.0293179 0.999518 -0.0101687 -1.08149 0.541717 0.0244376 0.840206 108.154 
0.839347 0.0191656 -0.543259 -103.692 -0.0289082 0.999538 -0.00940123 -1.09277 0.542827 0.0235956 0.839513 108.63 
0.837128 0.0177678 -0.546718 -103.987 -0.0278798 0.999559 -0.0102046 -1.08554 0.546296 0.023785 0.837255 109.104 
0.836855 0.0175971 -0.547142 -104.32 -0.0275836 0.999569 -0.0100412 -1.1027 0.54673 0.0234952 0.83698 109.522 
0.835845 0.0171502 -0.548698 -104.615 -0.0274539 0.999567 -0.0105786 -1.13049 0.548279 0.023906 0.835954 109.946 
0.834469 0.0165967 -0.550805 -104.901 -0.0287767 0.999495 -0.0134802 -1.14921 0.550303 0.0270993 0.834525 110.348 
0.832007 0.012803 -0.554618 -105.163 -0.0280034 0.999428 -0.018938 -1.15287 0.554058 0.0312878 0.83189 110.761 
0.830051 0.00910135 -0.557613 -105.433 -0.0256766 0.99943 -0.021909 -1.14805 0.557096 0.0325033 0.829812 111.13 
0.827376 0.00424875 -0.561632 -105.695 -0.0192426 0.999599 -0.0207855 -1.16487 0.561319 0.0280047 0.827126 111.501 
0.823708 0.00495091 -0.566993 -105.949 -0.0199754 0.999595 -0.0202913 -1.16125 0.566662 0.02804 0.823473 111.844 
0.820225 0.00877002 -0.571973 -106.196 -0.0225556 0.999601 -0.0170186 -1.19086 0.571596 0.0268603 0.820096 112.149 
0.816713 0.0140092 -0.576875 -106.444 -0.0268964 0.999543 -0.0138051 -1.18194 0.576418 0.0267907 0.816716 112.451 
0.81328 0.018556 -0.581577 -106.693 -0.028677 0.999555 -0.0082099 -1.17574 0.581166 0.0233548 0.81345 112.73 
0.808403 0.0195548 -0.588305 -106.914 -0.0274146 0.999614 -0.00444462 -1.18534 0.587991 0.0197212 0.808627 113.014 
0.802817 0.017216 -0.595977 -107.102 -0.0235294 0.999719 -0.00281662 -1.1949 0.595761 0.0162843 0.802997 113.262 
0.795494 0.0137936 -0.605805 -107.308 -0.0198728 0.999797 -0.00333098 -1.18469 0.605636 0.0146888 0.795606 113.503 
0.785325 0.0113294 -0.61898 -107.464 -0.016591 0.999859 -0.00274895 -1.1862 0.618862 0.0124284 0.785402 113.724 
0.774945 0.0122403 -0.63191 -107.652 -0.0168571 0.999857 -0.00130517 -1.20093 0.631803 0.0116636 0.775041 113.932 
0.762774 0.0139355 -0.646515 -107.842 -0.0194475 0.99981 -0.0013939 -1.20299 0.646373 0.0136364 0.7629 114.109 
0.747959 0.0100032 -0.66367 -108.024 -0.0188095 0.999804 -0.00612892 -1.17689 0.663479 0.0170676 0.748001 114.29 
0.733389 0.00798829 -0.679763 -108.225 -0.0208616 0.999725 -0.010759 -1.18564 0.67949 0.0220715 0.733353 114.443 
0.717709 0.00417518 -0.69633 -108.382 -0.0205267 0.999674 -0.0151629 -1.19055 0.69604 0.025176 0.717561 114.59 
0.701615 0.00295145 -0.71255 -108.555 -0.0254743 0.999456 -0.0209436 -1.17489 0.7121 0.0328461 0.701309 114.732 
0.686586 0.00631126 -0.727021 -108.761 -0.0339158 0.999152 -0.0233559 -1.16888 0.726257 0.0406934 0.686218 114.853 
0.668135 0.00765522 -0.744001 -108.935 -0.0365622 0.999077 -0.0225542 -1.17346 0.743141 0.0422716 0.667798 114.985 
0.64921 0.00721693 -0.760575 -109.107 -0.0353844 0.999159 -0.0207226 -1.17717 0.759785 0.0403659 0.64892 115.116 
0.628782 0.00611305 -0.777557 -109.3 -0.0332354 0.999267 -0.0190201 -1.1734 0.776871 0.037802 0.628524 115.241 
0.605753 0.00654562 -0.795626 -109.479 -0.0320065 0.999357 -0.0161466 -1.17552 0.795009 0.0352461 0.605573 115.359 
0.580666 0.0109889 -0.814068 -109.668 -0.0370546 0.999229 -0.0129423 -1.17422 0.813298 0.0376802 0.580626 115.47 
0.555249 0.0118531 -0.8316 -109.869 -0.0396125 0.999141 -0.0122077 -1.13714 0.83074 0.0397201 0.555242 115.572 
0.531133 0.0162204 -0.847133 -110.097 -0.0428379 0.999052 -0.00772921 -1.1517 0.846205 0.0403947 0.531325 115.642 
0.50382 0.020405 -0.863567 -110.291 -0.0457547 0.998948 -0.00309025 -1.17224 0.862596 0.0410692 0.504224 115.736 
0.477287 0.0253143 -0.878383 -110.495 -0.0507813 0.998709 0.00118897 -1.17813 0.877279 0.044038 0.477956 115.799 
0.449386 0.0275364 -0.892913 -110.702 -0.0535823 0.998556 0.00382738 -1.18066 0.891729 0.0461244 0.450213 115.86 
0.418632 0.0277717 -0.907731 -110.911 -0.0531289 0.998569 0.00604856 -1.19747 0.9066 0.0456947 0.419509 115.934 
0.387764 0.0234889 -0.92146 -111.143 -0.0536293 0.998557 0.00288614 -1.18043 0.920197 0.0482982 0.388464 115.979 
0.352411 0.019212 -0.935648 -111.39 -0.054691 0.998503 -9.66517e-05 -1.1788 0.934246 0.0512056 0.352934 116.037 
0.312608 0.0164594 -0.94974 -111.642 -0.0531713 0.998585 -0.000195462 -1.17285 0.948393 0.05056 0.313041 116.086 
0.27051 0.0154745 -0.962593 -111.914 -0.0537776 0.998553 0.000939839 -1.16982 0.961214 0.0515117 0.270951 116.13 
0.226176 0.0131015 -0.973998 -112.217 -0.0552215 0.998474 0.000607552 -1.15996 0.97252 0.0536483 0.226555 116.167 
0.178689 0.0078421 -0.983874 -112.542 -0.055485 0.998457 -0.00211875 -1.12492 0.98234 0.0549689 0.178849 116.178 
0.130119 0.00696135 -0.991474 -112.858 -0.0545083 0.998513 -0.000142809 -1.12724 0.989999 0.0540622 0.130305 116.175 
0.0791111 0.00327415 -0.99686 -113.223 -0.0568428 0.998382 -0.00123191 -1.08565 0.995244 0.0567618 0.0791693 116.165 
0.0295404 0.00314735 -0.999559 -113.558 -0.0560999 0.998424 0.00148583 -1.06052 0.997988 0.0560313 0.0296704 116.095 
-0.0251523 0.00440429 -0.999674 -113.945 -0.052386 0.998611 0.00571767 -1.03629 0.99831 0.0525128 -0.0248867 116.066 
-0.0785788 0.0056148 -0.996892 -114.318 -0.0499542 0.998706 0.0095626 -1.02856 0.995656 0.0505504 -0.0781966 115.986 
-0.130805 0.00861503 -0.991371 -114.69 -0.0456669 0.998849 0.0147055 -1.03312 0.990356 0.0471964 -0.130261 115.871 
-0.184233 0.0116731 -0.982813 -115.082 -0.0418141 0.998931 0.0197028 -1.04152 0.981993 0.0447254 -0.183548 115.76 
-0.235686 0.00881038 -0.971789 -115.504 -0.0440616 0.998834 0.0197417 -0.98362 0.97083 0.0474715 -0.235023 115.626 
-0.284492 0.011166 -0.958614 -115.913 -0.0402501 0.998911 0.0235806 -0.977639 0.957833 0.0452928 -0.283732 115.453 
-0.332513 0.015356 -0.942974 -116.349 -0.0334683 0.999046 0.0280708 -1.00188 0.942505 0.0408937 -0.331682 115.257 
-0.378978 0.0152118 -0.925281 -116.773 -0.0291091 0.999174 0.0283491 -0.970339 0.924948 0.0376778 -0.378222 115.044 
-0.422334 0.0156889 -0.906305 -117.194 -0.0245905 0.999284 0.0287575 -0.942434 0.906107 0.0344318 -0.421645 114.8 
-0.464282 0.0173252 -0.885518 -117.651 -0.0210063 0.999312 0.0305653 -0.930713 0.885438 0.0327924 -0.463599 114.533 
