1 2.12261e-08 -2.11895e-08 0 2.12261e-08 1 2.10703e-08 0 -2.11895e-08 2.10703e-08 1 0 
0.999998 -0.000759939 0.00179744 -0.00713201 0.000762336 0.999999 -0.00130965 -0.00447366 -0.00179649 0.00131106 0.999998 0.451872 
0.999992 0.000242247 0.00390105 -0.0190594 -0.000233392 0.999997 -0.00225931 -0.0113663 -0.00390163 0.00225843 0.99999 0.915665 
0.999984 0.000575985 0.00558167 -0.0291644 -0.000559849 0.999996 -0.00288428 -0.0209698 -0.00558335 0.00288115 0.99998 1.40097 
0.999977 0.00152049 0.00662683 -0.0329887 -0.00150083 0.999995 -0.00296421 -0.0287801 -0.00663135 0.00295424 0.999974 1.88102 
0.999965 9.76661e-05 0.00832921 -0.03882 -7.58333e-05 0.999997 -0.00261639 -0.0396161 -0.00832948 0.00261571 0.999962 2.37671 
0.999951 -0.000522872 0.0098924 -0.039629 0.000542538 0.999998 -0.00198113 -0.0437018 -0.00989138 0.00198644 0.999949 2.88585 
0.999932 0.00057112 0.0116815 -0.0465128 -0.00055886 0.999999 -0.00104909 -0.0475338 -0.0116821 0.00104253 0.999931 3.39727 
0.999925 0.000478377 0.0122178 -0.0474571 -0.000485912 1 0.000617335 -0.0580736 -0.0122175 -0.000623184 0.999925 3.90981 
0.999912 0.00174669 0.0131274 -0.0537739 -0.00175065 0.999998 0.000293616 -0.0643254 -0.0131269 -0.00031653 0.999914 4.42668 
0.99988 0.00422456 0.0149401 -0.0638478 -0.00421807 0.999991 -0.000463189 -0.0672842 -0.0149419 0.000400156 0.999888 4.94169 
0.999872 0.00325442 0.0156518 -0.0622167 -0.00323694 0.999994 -0.00113901 -0.0731616 -0.0156555 0.00108824 0.999877 5.467 
0.99985 0.00547894 0.0164573 -0.062386 -0.00544692 0.999983 -0.0019877 -0.0806185 -0.0164679 0.0018978 0.999863 5.98573 
0.999809 0.0077198 0.0179838 -0.0693746 -0.00767971 0.999968 -0.00229493 -0.0905905 -0.018001 0.00215642 0.999836 6.50978 
0.999775 0.00896774 0.0192056 -0.0739098 -0.00892225 0.999957 -0.00245071 -0.0994298 -0.0192268 0.00227885 0.999813 7.03428 
0.999743 0.0107275 0.0199981 -0.073451 -0.0106679 0.999938 -0.0030823 -0.109633 -0.02003 0.00286822 0.999795 7.57549 
0.999695 0.0123009 0.0214072 -0.0768847 -0.0122256 0.999919 -0.00364121 -0.119336 -0.0214503 0.00337842 0.999764 8.10906 
0.999595 0.0154625 0.0238967 -0.0707416 -0.0153736 0.999874 -0.00389704 -0.129605 -0.023954 0.00352812 0.999707 8.66132 
0.999466 0.0161216 0.0284326 -0.0689022 -0.016027 0.999865 -0.00354943 -0.142817 -0.0284861 0.00309188 0.999589 9.2174 
0.999354 0.0159163 0.032218 -0.0510488 -0.0157706 0.999864 -0.00477158 -0.144698 -0.0322896 0.00426044 0.99947 9.7665 
0.999165 0.0162075 0.0375094 -0.0409171 -0.0160281 0.999859 -0.00507889 -0.156233 -0.0375864 0.00447348 0.999283 10.3397 
0.998913 0.0169483 0.0434157 -0.0233358 -0.0167284 0.999845 -0.00542266 -0.154315 -0.0435009 0.00469053 0.999042 10.9279 
0.998652 0.0168832 0.0490754 0.0109047 -0.016666 0.999849 -0.00483068 -0.168006 -0.0491496 0.00400631 0.998783 11.5376 
0.998384 0.0174791 0.0540748 0.0712432 -0.017225 0.999838 -0.00516123 -0.188882 -0.0541563 0.00422149 0.998524 12.107 
0.998031 0.0162383 0.060577 0.100432 -0.0158922 0.999855 -0.0061912 -0.203989 -0.0606687 0.00521636 0.998144 12.725 
0.997667 0.0150906 0.0665761 0.141201 -0.0146724 0.99987 -0.00676566 -0.217413 -0.0666695 0.00577309 0.997758 13.3459 
0.99723 0.0186548 0.0720072 0.210315 -0.0180255 0.999794 -0.00937848 -0.221866 -0.0721673 0.00805457 0.99736 13.9967 
0.996751 0.0227812 0.0772569 0.256849 -0.021876 0.999682 -0.0125432 -0.239685 -0.0775181 0.0108124 0.996932 14.6327 
0.99629 0.0203591 0.083615 0.302354 -0.0193473 0.99973 -0.0128935 -0.244311 -0.0838549 0.011228 0.996415 15.2946 
0.995939 0.0132907 0.0890421 0.348543 -0.0123683 0.999864 -0.0109029 -0.247898 -0.089175 0.00975733 0.995968 15.9625 
0.995539 0.00813851 0.0939971 0.406197 -0.00744093 0.999942 -0.00776898 -0.246234 -0.094055 0.00703494 0.995542 16.6437 
0.995144 0.010527 0.0978701 0.464521 -0.0100691 0.999936 -0.00517127 -0.238929 -0.0979183 0.00416074 0.995186 17.3357 
0.994893 0.00920712 0.100513 0.508942 -0.00866633 0.999946 -0.00581519 -0.243285 -0.100561 0.00491445 0.994919 18.0498 
0.994896 0.00627535 0.100713 0.571216 -0.0054876 0.999952 -0.00809643 -0.247662 -0.100759 0.00750246 0.994883 18.7853 
0.995119 -0.000499653 0.0986838 0.643014 0.00150367 0.999948 -0.0100995 -0.258836 -0.0986736 0.0101986 0.995068 19.5429 
0.995535 -0.00258832 0.0943531 0.687509 0.00364585 0.999932 -0.0110371 -0.267146 -0.0943182 0.0113319 0.995478 20.2915 
0.996127 0.000240118 0.0879302 0.71491 0.000737181 0.999938 -0.0110813 -0.2799 -0.0879275 0.0111033 0.996065 21.0673 
0.996832 0.00113461 0.0795301 0.741222 -0.000378531 0.999955 -0.0095207 -0.298524 -0.0795373 0.00946047 0.996787 21.8532 
0.99747 0.000313289 0.0710932 0.757857 0.000216634 0.999972 -0.00744546 -0.308107 -0.0710936 0.00744206 0.997442 22.6647 
0.99809 0.000215577 0.0617719 0.791447 9.89612e-05 0.999987 -0.00508812 -0.328111 -0.0617723 0.00508456 0.998077 23.4829 
0.998513 0.000312507 0.0545223 0.80692 -0.00021082 0.999998 -0.00187001 -0.35767 -0.0545228 0.00185577 0.998511 24.3256 
0.99884 0.00207129 0.0481068 0.821224 -0.00201732 0.999997 -0.00116965 -0.369648 -0.0481091 0.00107129 0.998842 25.1632 
0.99909 0.00337401 0.0425244 0.835786 -0.0033488 0.999994 -0.000662977 -0.385516 -0.0425264 0.000520009 0.999095 25.9857 
0.999308 0.00549337 0.0367911 0.844518 -0.00547833 0.999985 -0.000508361 -0.402424 -0.0367933 0.000306497 0.999323 26.7923 
0.999453 0.00692316 0.032331 0.840336 -0.0069008 0.999976 -0.000802042 -0.410342 -0.0323358 0.000578535 0.999477 27.6111 
0.999593 0.00805604 0.0273811 0.845305 -0.00802913 0.999967 -0.00109083 -0.443061 -0.027389 0.000870584 0.999625 28.4417 
0.999667 0.00918034 0.0241164 0.837624 -0.0091789 0.999958 -0.000168481 -0.45971 -0.024117 -5.28954e-05 0.999709 29.2674 
0.999688 0.0130677 0.0213019 0.825808 -0.0130771 0.999914 0.00030326 -0.473635 -0.0212961 -0.00058169 0.999773 30.1031 
0.999704 0.0158575 0.0184778 0.815419 -0.0158852 0.999873 0.00135427 -0.493276 -0.018454 -0.00164735 0.999828 30.927 
0.999715 0.0174055 0.0163217 0.812897 -0.0174439 0.999845 0.0022176 -0.519607 -0.0162806 -0.00250164 0.999864 31.7373 
0.999673 0.0198808 0.0161004 0.80813 -0.0199058 0.999801 0.00139749 -0.529149 -0.0160694 -0.00171748 0.999869 32.5483 
0.999689 0.0201705 0.0146552 0.815975 -0.0201657 0.999797 -0.000474192 -0.538302 -0.0146618 0.000178554 0.999893 33.3527 
0.999633 0.0232438 0.0139077 0.80668 -0.0232438 0.99973 -0.000162468 -0.563591 -0.0139078 -0.000160818 0.999903 34.1504 
0.999609 0.024491 0.0134927 0.795057 -0.0244859 0.9997 -0.00053909 -0.5642 -0.0135019 0.00020854 0.999909 34.9496 
0.999551 0.0269282 0.0131329 0.784416 -0.0269292 0.999637 -9.93081e-05 -0.586499 -0.0131308 -0.000254353 0.999914 35.7395 
0.999513 0.0284166 0.0128662 0.770903 -0.0284109 0.999596 -0.000615952 -0.599805 -0.0128785 0.000250154 0.999917 36.5048 
0.999518 0.0287219 0.0117574 0.767559 -0.0287159 0.999587 -0.000677838 -0.615293 -0.011772 0.000339929 0.999931 37.2581 
0.999434 0.0313613 0.012206 0.755077 -0.031364 0.999508 3.50018e-05 -0.636404 -0.0121989 -0.00041777 0.999926 38.0014 
0.999327 0.0345367 0.0123451 0.749763 -0.0345399 0.999403 5.37848e-05 -0.64973 -0.0123359 -0.000480106 0.999924 38.7176 
0.999144 0.0389144 0.014041 0.733697 -0.0389198 0.999242 0.000117327 -0.662169 -0.0140258 -0.000663658 0.999901 39.4188 
0.999018 0.0410332 0.0167141 0.714725 -0.0410052 0.999157 -0.00201557 -0.674942 -0.0167827 0.00132827 0.999858 40.1019 
0.998799 0.0441047 0.0213615 0.695333 -0.0440655 0.999026 -0.00230158 -0.706778 -0.0214422 0.00135756 0.999769 40.7897 
0.998722 0.0435628 0.0256346 0.720362 -0.0435153 0.99905 -0.00240824 -0.714522 -0.0257152 0.0012897 0.999669 41.4725 
0.998527 0.0444948 0.0310352 0.724848 -0.0444401 0.999009 -0.00244754 -0.738785 -0.0311134 0.00106477 0.999515 42.1381 
0.998423 0.0437589 0.0351617 0.765 -0.0437214 0.999042 -0.0018342 -0.759649 -0.0352083 0.000294033 0.99938 42.7901 
0.998236 0.0423422 0.04162 0.794747 -0.0423022 0.999103 -0.00183983 -0.772985 -0.0416606 7.60036e-05 0.999132 43.4369 
0.997842 0.0424507 0.0501035 0.819276 -0.0423474 0.999098 -0.00312081 -0.77395 -0.0501908 0.000992362 0.998739 44.0625 
0.997202 0.0432474 0.0609807 0.820791 -0.0431252 0.999064 -0.00331877 -0.788612 -0.0610672 0.00067972 0.998133 44.6302 
0.996337 0.0433247 0.0737272 0.847335 -0.0431373 0.999061 -0.00413342 -0.793394 -0.0738371 0.000937925 0.99727 45.2279 
0.995478 0.0420511 0.0851834 0.913084 -0.0417179 0.999113 -0.00568802 -0.788944 -0.0853471 0.00210866 0.996349 45.8128 
0.994436 0.0404049 0.0972822 1.00217 -0.0399269 0.999179 -0.00685604 -0.804442 -0.0974794 0.00293376 0.995233 46.414 
0.992854 0.0402886 0.112332 1.05558 -0.0397496 0.999185 -0.00703422 -0.819907 -0.112524 0.00251884 0.993646 46.9651 
0.990805 0.0407113 0.12903 1.12269 -0.0401471 0.999169 -0.00697181 -0.833943 -0.129207 0.00172755 0.991616 47.523 
0.988332 0.043074 0.146099 1.20101 -0.0423189 0.99907 -0.00827364 -0.843152 -0.146319 0.0019944 0.989235 48.0579 
0.984859 0.0420223 0.168185 1.26824 -0.0408928 0.999112 -0.0101752 -0.849259 -0.168463 0.00314368 0.985703 48.5866 
0.980402 0.0464287 0.191458 1.36916 -0.0449406 0.998916 -0.0121097 -0.860854 -0.191812 0.00326824 0.981426 49.1016 
0.975061 0.0449896 0.217331 1.47582 -0.0427362 0.998973 -0.0150597 -0.879522 -0.217786 0.00539625 0.975982 49.6117 
0.96894 0.0442156 0.243311 1.61435 -0.0410288 0.998993 -0.0181522 -0.89982 -0.243869 0.0076057 0.969778 50.0767 
0.961368 0.0434402 0.271817 1.7458 -0.0390203 0.999004 -0.0216469 -0.914886 -0.272487 0.0102043 0.962105 50.5396 
0.952474 0.0418901 0.301725 1.90446 -0.036477 0.999057 -0.0235549 -0.930617 -0.302427 0.0114294 0.953104 50.9921 
0.942016 0.0442763 0.332634 2.06559 -0.037395 0.998934 -0.0270637 -0.942083 -0.333478 0.0130556 0.942668 51.4296 
0.930231 0.0448839 0.364219 2.22341 -0.0376462 0.998928 -0.0269509 -0.971689 -0.365038 0.0113592 0.930923 51.826 
0.916991 0.0435918 0.39652 2.39083 -0.0363598 0.999007 -0.0257411 -0.994766 -0.397248 0.00918701 0.917665 52.2061 
0.901969 0.0425504 0.429698 2.58105 -0.0352123 0.999067 -0.025018 -1.02323 -0.430362 0.00743483 0.902626 52.567 
0.884345 0.0427803 0.46487 2.77464 -0.0340086 0.99905 -0.0272426 -1.03141 -0.465594 0.00828234 0.88496 52.9268 
0.864374 0.0419076 0.501101 2.97188 -0.0324414 0.999093 -0.0275954 -1.07122 -0.501803 0.00759631 0.864949 53.2749 
0.84324 0.0410852 0.535965 3.19334 -0.0296712 0.999112 -0.0299063 -1.08531 -0.536718 0.00931548 0.84371 53.5852 
0.819282 0.0407974 0.571938 3.42404 -0.0271452 0.999107 -0.0323836 -1.0998 -0.572748 0.011006 0.819658 53.8922 
0.793927 0.0370558 0.606883 3.66433 -0.0222014 0.999242 -0.0319689 -1.13695 -0.607608 0.0119073 0.794148 54.1711 
0.76563 0.033079 0.64243 3.92053 -0.0181407 0.99939 -0.0298395 -1.16382 -0.643026 0.0111919 0.765763 54.4439 
0.735107 0.0287688 0.67734 4.19 -0.0146239 0.99954 -0.0265825 -1.17808 -0.677793 0.00963567 0.73519 54.7233 
0.702692 0.0247525 0.711063 4.45584 -0.0118648 0.999663 -0.0230737 -1.19558 -0.711395 0.00777708 0.70275 54.9585 
0.66685 0.0218277 0.744873 4.74862 -0.0130956 0.99976 -0.017573 -1.23194 -0.745077 0.00196403 0.666975 55.2021 
0.628511 0.0175458 0.777603 5.04404 -0.00987153 0.999845 -0.0145816 -1.24954 -0.777738 0.0014886 0.628587 55.4223 
0.588973 0.0138197 0.808034 5.3434 -0.00803539 0.999905 -0.0112442 -1.27963 -0.808113 0.000129674 0.589028 55.6126 
0.546026 0.0116468 0.837688 5.65643 -0.00467261 0.99993 -0.0108567 -1.29829 -0.837756 0.00201389 0.546042 55.786 
0.501403 0.0123118 0.865126 5.98577 -0.00298993 0.999917 -0.0124971 -1.32265 -0.865209 0.00367945 0.501399 55.9422 
0.453291 0.0140362 0.891252 6.33352 -0.00442001 0.999899 -0.0134992 -1.34358 -0.891352 0.00217973 0.453307 56.1132 
0.403473 0.01739 0.914826 6.69672 -0.00646557 0.999849 -0.0161546 -1.35191 -0.914969 0.000603073 0.403524 56.2566 
0.352432 0.0193895 0.935637 7.0758 -0.0113605 0.9998 -0.0164399 -1.37313 -0.935769 -0.00483539 0.352582 56.3898 
0.302484 0.0201241 0.952942 7.46462 -0.0111646 0.999783 -0.0175693 -1.37906 -0.953089 -0.00532478 0.302644 56.4847 
0.254244 0.0197544 0.966938 7.88276 -0.0090967 0.999796 -0.0180338 -1.39076 -0.967097 -0.00421096 0.254372 56.5653 
0.208971 0.0195196 0.977727 8.31188 -0.00723813 0.999804 -0.0184133 -1.3977 -0.977895 -0.00322906 0.209071 56.6296 
0.166883 0.0165706 0.985838 8.76173 -0.00595261 0.999858 -0.0157985 -1.41587 -0.985959 -0.00323181 0.166957 56.6967 
0.12808 0.0139595 0.991666 9.23482 -0.00525622 0.999896 -0.0133964 -1.43313 -0.99175 -0.00349659 0.12814 56.7396 
0.0908122 0.0126195 0.995788 9.72484 -0.00596309 0.999909 -0.0121279 -1.44474 -0.99585 -0.00483662 0.0908792 56.7882 
0.0580306 0.0118598 0.998244 10.2413 -0.00347554 0.999926 -0.0116777 -1.45606 -0.998309 -0.00279177 0.0580675 56.8146 
0.0281557 0.0108128 0.999545 10.7825 -0.00235046 0.999939 -0.0107508 -1.46825 -0.999601 -0.00204669 0.0281794 56.8235 
0.00164958 0.0136498 0.999906 11.3378 -0.0032816 0.999902 -0.0136443 -1.47932 -0.999993 -0.00325878 0.00169421 56.8219 
-0.0208508 0.0159592 0.999655 11.908 -0.00658474 0.999849 -0.0160996 -1.49195 -0.999761 -0.00691816 -0.0207426 56.8131 
-0.040325 0.0170792 0.999041 12.4994 -0.00611071 0.999831 -0.0173394 -1.50341 -0.999168 -0.00680406 -0.0402138 56.7912 
-0.0578644 0.0179324 0.998163 13.1072 -0.00162432 0.999836 -0.0180565 -1.51907 -0.998323 -0.00266617 -0.0578258 56.7577 
-0.0736394 0.0181228 0.99712 13.7166 0.00104082 0.999836 -0.0180952 -1.52772 -0.997284 -0.000294698 -0.0736462 56.7084 
-0.0888601 0.0177054 0.995887 14.3662 0.0012647 0.999843 -0.0176629 -1.53484 -0.996043 -0.000310031 -0.0888686 56.6609 
-0.102967 0.019696 0.99449 15.0259 0.00246998 0.999806 -0.0195455 -1.54711 -0.994682 0.000443823 -0.102996 56.5856 
-0.114988 0.0216424 0.993131 15.7138 0.00515406 0.999762 -0.0211901 -1.56725 -0.993354 0.00268206 -0.115072 56.5056 
-0.12493 0.0250707 0.991849 16.414 0.012915 0.999637 -0.0236407 -1.58166 -0.992081 0.00985631 -0.125209 56.4236 
-0.130667 0.027343 0.991049 17.124 0.0205327 0.99948 -0.0248683 -1.60957 -0.991214 0.0170995 -0.13116 56.3296 
-0.1331 0.0279231 0.990709 17.8568 0.0249985 0.99938 -0.0248089 -1.62798 -0.990787 0.0214642 -0.133716 56.2342 
-0.132878 0.0266118 0.990775 18.6087 0.0259244 0.999391 -0.0233664 -1.65153 -0.990793 0.0225804 -0.133487 56.1447 
-0.129316 0.0263626 0.991253 19.3855 0.0304603 0.99928 -0.0226023 -1.67773 -0.991135 0.027271 -0.130026 56.0486 
-0.124546 0.0259859 0.991874 20.1704 0.0322972 0.999233 -0.0221232 -1.7026 -0.991688 0.0292793 -0.12529 55.9513 
-0.119395 0.0272893 0.992472 20.9617 0.030845 0.999242 -0.0237648 -1.73146 -0.992368 0.0277754 -0.120146 55.8584 
-0.114908 0.0281164 0.992978 21.7481 0.0308339 0.999219 -0.0247249 -1.76734 -0.992898 0.0277763 -0.115685 55.7723 
-0.110046 0.0278724 0.993536 22.5652 0.0352653 0.999087 -0.0241221 -1.79616 -0.993301 0.0323828 -0.110928 55.682 
-0.106777 0.0261898 0.993938 23.3968 0.0415508 0.998897 -0.0218567 -1.82838 -0.993414 0.0389651 -0.107747 55.6255 
-0.102707 0.0224489 0.994458 24.2111 0.0449633 0.998828 -0.0179037 -1.86065 -0.993695 0.0428752 -0.103596 55.5451 
-0.0984551 0.0194922 0.994951 25.0219 0.0478745 0.998743 -0.014829 -1.88706 -0.993989 0.0461728 -0.0992645 55.4908 
-0.0925229 0.0171408 0.995563 25.8309 0.0486158 0.998737 -0.0126773 -1.90852 -0.994523 0.0472272 -0.0932393 55.4215 
-0.0876585 0.0159981 0.996022 26.63 0.0464792 0.998848 -0.0119529 -1.93267 -0.995066 0.0452465 -0.0883011 55.3575 
-0.0839541 0.0156396 0.996347 27.4494 0.0399406 0.999126 -0.0123177 -1.94363 -0.995669 0.0387606 -0.0845054 55.3136 
-0.0803388 0.0114797 0.996702 28.2577 0.0334897 0.9994 -0.00881131 -1.97438 -0.996205 0.0326714 -0.080675 55.2823 
-0.0763996 0.0101924 0.997025 29.076 0.0306361 0.9995 -0.00787014 -1.99754 -0.996607 0.0299437 -0.0766736 55.2467 
-0.0720945 0.014788 0.997288 29.8819 0.0310607 0.999438 -0.0125744 -2.0178 -0.996914 0.0300699 -0.0725133 55.2041 
-0.0682634 0.0225298 0.997413 30.6894 0.0324513 0.999266 -0.0203506 -2.04321 -0.997139 0.0309781 -0.0689444 55.156 
-0.0665126 0.0285465 0.997377 31.5028 0.030353 0.999186 -0.026574 -2.06924 -0.997324 0.0285059 -0.067325 55.1305 
-0.065285 0.0275534 0.997486 32.3271 0.0287352 0.999256 -0.0257215 -2.1009 -0.997453 0.0269838 -0.0660282 55.0993 
-0.0644544 0.0238122 0.997637 33.1434 0.0314668 0.999267 -0.0218181 -2.13515 -0.997424 0.0299862 -0.0651564 55.0652 
-0.0632089 0.0232816 0.997729 33.9636 0.0329559 0.999231 -0.0212288 -2.17718 -0.997456 0.0315392 -0.0639276 55.0269 
-0.0638501 0.0258627 0.997624 34.79 0.0301297 0.999258 -0.0239767 -2.20639 -0.997505 0.0285272 -0.064582 54.9975 
-0.0634814 0.0274277 0.997606 35.6187 0.023443 0.999387 -0.0259848 -2.24108 -0.997708 0.0217373 -0.0640855 54.9601 
-0.064812 0.0269406 0.997534 36.4764 0.0221013 0.999429 -0.0255557 -2.26941 -0.997653 0.0203905 -0.0653704 54.9328 
-0.0648099 0.0261526 0.997555 37.3334 0.022529 0.99944 -0.0247383 -2.30573 -0.997643 0.0208706 -0.0653628 54.8713 
-0.0663518 0.0295398 0.997359 38.2019 0.0224684 0.999353 -0.028104 -2.34543 -0.997543 0.0205443 -0.0669725 54.8294 
-0.0673245 0.0344098 0.997138 39.084 0.0229355 0.999194 -0.0329322 -2.37463 -0.997468 0.0206527 -0.0680594 54.7808 
-0.0680488 0.0371061 0.996992 39.9686 0.0252146 0.999053 -0.0354617 -2.41554 -0.997363 0.0227256 -0.06892 54.74 
-0.0684741 0.0380843 0.996926 40.8393 0.0287802 0.998931 -0.0361841 -2.45623 -0.997238 0.026214 -0.069497 54.6821 
-0.0684572 0.0393493 0.996878 41.7094 0.0291386 0.998874 -0.0374271 -2.50453 -0.997228 0.0264854 -0.0695267 54.6233 
-0.0699909 0.039145 0.996779 42.6254 0.0288646 0.998891 -0.0372011 -2.54009 -0.99713 0.0261679 -0.0710431 54.5756 
-0.0697775 0.0345818 0.996963 43.5621 0.0271581 0.999094 -0.0327549 -2.58817 -0.997193 0.0247901 -0.0706535 54.5004 
-0.0711445 0.0341925 0.99688 44.524 0.0252783 0.999153 -0.0324664 -2.61795 -0.997146 0.0228897 -0.0719486 54.4464 
-0.072936 0.0370009 0.99665 45.4441 0.0261726 0.999038 -0.0351741 -2.67355 -0.996993 0.0235194 -0.0738342 54.4056 
-0.074566 0.0407295 0.996384 46.3802 0.0276425 0.998866 -0.0387623 -2.71907 -0.996833 0.0246522 -0.0756073 54.3722 
-0.0731323 0.0415958 0.996454 47.3252 0.030773 0.998748 -0.039433 -2.76633 -0.996847 0.02778 -0.0743208 54.2924 
-0.0730702 0.0396006 0.99654 48.3125 0.0363662 0.998653 -0.037018 -2.80826 -0.996664 0.0335355 -0.0744119 54.2194 
-0.0739332 0.034699 0.996659 49.2782 0.039432 0.998715 -0.0318454 -2.8457 -0.996483 0.0369458 -0.0752064 54.1648 
-0.0735911 0.0322441 0.996767 50.2519 0.0414475 0.998713 -0.029247 -2.88278 -0.996427 0.0391612 -0.0748328 54.1086 
-0.0721142 0.0350371 0.996781 51.2371 0.0404753 0.998662 -0.032175 -2.91507 -0.996575 0.0380248 -0.0734359 54.0572 
-0.0707944 0.0380109 0.996766 52.2215 0.0384955 0.998633 -0.0353479 -2.95819 -0.996748 0.0358686 -0.0721609 54.0006 
-0.0703801 0.0401899 0.99671 53.2015 0.0322757 0.998757 -0.0379933 -3.00894 -0.996998 0.0294956 -0.0715897 53.9521 
-0.0721263 0.0395208 0.996612 54.2089 0.0284184 0.99889 -0.0375544 -3.06875 -0.996991 0.0256134 -0.0731694 53.9187 
-0.0729338 0.0348319 0.996728 55.1967 0.0296375 0.999024 -0.0327434 -3.12011 -0.996896 0.0271524 -0.073895 53.8814 
-0.0745816 0.028895 0.996796 56.2343 0.0263345 0.999289 -0.0269968 -3.17485 -0.996867 0.0242366 -0.0752895 53.8332 
-0.0764316 0.029023 0.996652 57.2582 0.0283761 0.999235 -0.026922 -3.22419 -0.996671 0.0262234 -0.0771967 53.7957 
-0.0765608 0.032063 0.996549 58.2671 0.0322255 0.99904 -0.0296673 -3.27612 -0.996544 0.0298429 -0.0775206 53.7328 
-0.0768416 0.03433 0.996452 59.3068 0.0347154 0.998893 -0.031737 -3.32558 -0.996439 0.0321535 -0.0779484 53.6579 
-0.0798887 0.0316969 0.9963 60.3549 0.0353912 0.998954 -0.0289435 -3.36431 -0.996175 0.032948 -0.080927 53.5945 
-0.0828983 0.0260806 0.996217 61.4547 0.0369606 0.99905 -0.0230791 -3.41949 -0.995872 0.0349076 -0.0837836 53.5462 
-0.0873539 0.0233831 0.995903 62.5266 0.0384001 0.999061 -0.020089 -3.46674 -0.995437 0.0364879 -0.0881698 53.4882 
-0.0903068 0.0239784 0.995625 63.6124 0.0411736 0.998945 -0.0203237 -3.5047 -0.995063 0.0391581 -0.0911989 53.3941 
-0.0935352 0.0233783 0.995342 64.6682 0.045319 0.998788 -0.0192004 -3.53538 -0.994584 0.043312 -0.0944814 53.2956 
-0.0970914 0.022701 0.995017 65.7579 0.0490211 0.998636 -0.0180002 -3.5693 -0.994068 0.0470291 -0.0980718 53.2188 
-0.0990164 0.0231483 0.994817 66.8126 0.053113 0.998427 -0.0179458 -3.61065 -0.993667 0.0510607 -0.10009 53.1144 
-0.101829 0.0256077 0.994472 67.8831 0.0566083 0.998198 -0.0199072 -3.66756 -0.99319 0.0542683 -0.103095 53.0212 
-0.104452 0.030725 0.994055 68.9022 0.058637 0.997974 -0.0246847 -3.6958 -0.9928 0.05571 -0.106042 52.9683 
-0.103804 0.0341941 0.99401 69.9442 0.06405 0.997564 -0.0276277 -3.73702 -0.992533 0.0607984 -0.105741 52.8366 
-0.104136 0.0336351 0.993994 71.0074 0.0621626 0.997694 -0.0272478 -3.78849 -0.992619 0.0589518 -0.105987 52.7567 
-0.100951 0.0304935 0.994424 72.087 0.0628572 0.997729 -0.0242137 -3.84881 -0.992904 0.0600623 -0.102639 52.6556 
-0.0959674 0.0275717 0.995003 73.1641 0.0664831 0.997562 -0.0212303 -3.88374 -0.993162 0.0641134 -0.0975665 52.5695 
-0.0918186 0.025079 0.99546 74.2579 0.0666996 0.997593 -0.0189805 -3.91452 -0.993539 0.064654 -0.0932703 52.52 
-0.0882592 0.0223025 0.995848 75.3898 0.0661746 0.997672 -0.0164785 -3.96347 -0.993897 0.0644455 -0.0895296 52.479 
-0.0818325 0.0213746 0.996417 76.4564 0.0663755 0.997667 -0.0159502 -3.99908 -0.994433 0.0648324 -0.0830603 52.3738 
-0.0784107 0.0255477 0.996594 77.5133 0.067158 0.997536 -0.0202879 -4.03887 -0.994657 0.0653385 -0.0799332 52.3089 
-0.0774454 0.0300806 0.996543 78.5756 0.0656667 0.997528 -0.0250071 -4.0968 -0.994832 0.063503 -0.0792293 52.262 
-0.0751331 0.0300203 0.996722 79.6373 0.0669595 0.997443 -0.0249946 -4.13387 -0.994923 0.064862 -0.0769511 52.1742 
-0.0738001 0.0282522 0.996873 80.6898 0.0671244 0.997473 -0.0232998 -4.18261 -0.995012 0.065195 -0.07551 52.1139 
-0.0713131 0.0323172 0.99693 81.7682 0.0709262 0.997109 -0.0272494 -4.21112 -0.994929 0.0687652 -0.0733991 52.048 
-0.0686844 0.0381187 0.99691 82.8074 0.0720344 0.996851 -0.0331534 -4.26013 -0.995034 0.0695347 -0.071214 51.9859 
-0.0657211 0.0415606 0.996972 83.8274 0.0713292 0.996772 -0.0368502 -4.30874 -0.995285 0.0686913 -0.0684735 51.9076 
-0.063041 0.0414137 0.997151 84.9027 0.0743743 0.996555 -0.0366869 -4.36092 -0.995236 0.0718496 -0.0659039 51.8571 
-0.0596699 0.038046 0.997493 85.9753 0.0720133 0.996834 -0.0337129 -4.42176 -0.995617 0.0698211 -0.0622208 51.8209 
-0.0541469 0.0344468 0.997939 87.0371 0.0722846 0.996918 -0.0304894 -4.47109 -0.995913 0.0704846 -0.05647 51.7586 
-0.0486766 0.0317312 0.99831 88.128 0.0711182 0.997069 -0.028224 -4.52889 -0.99628 0.0696242 -0.0507906 51.7087 
-0.0461187 0.0353625 0.99831 89.1959 0.0671507 0.997222 -0.0322218 -4.59615 -0.996676 0.0655512 -0.0483652 51.6843 
-0.0442391 0.0443588 0.998036 90.2911 0.0632363 0.997135 -0.0415157 -4.66261 -0.997018 0.0612754 -0.0469174 51.6548 
-0.0438015 0.0528326 0.997642 91.3801 0.0566619 0.997125 -0.0503175 -4.71958 -0.997432 0.0543243 -0.0466692 51.6473 
-0.0431329 0.0521545 0.997707 92.4604 0.055934 0.997196 -0.0497096 -4.78804 -0.997502 0.0536616 -0.0459292 51.6248 
-0.0439754 0.0454468 0.997998 93.4927 0.0557098 0.997522 -0.0429703 -4.87149 -0.997478 0.0537086 -0.0463982 51.6316 
-0.0449803 0.0396471 0.998201 94.5925 0.0562056 0.99773 -0.0370956 -4.93184 -0.997406 0.0544359 -0.0471066 51.5826 
-0.0473965 0.0338323 0.998303 95.7068 0.0562655 0.99793 -0.0311483 -4.99037 -0.99729 0.0546937 -0.049202 51.5549 
-0.0490968 0.0298707 0.998347 96.7881 0.0565474 0.998033 -0.0270803 -5.02262 -0.997192 0.0551244 -0.0506893 51.5122 
-0.0509364 0.0300436 0.99825 97.8737 0.0571595 0.997997 -0.0271194 -5.08219 -0.997065 0.0556781 -0.0525517 51.4653 
-0.0537455 0.0303929 0.998092 98.926 0.0569535 0.998003 -0.0273233 -5.1333 -0.996929 0.0553763 -0.0553691 51.4399 
-0.0542907 0.0291851 0.998099 100.005 0.0582651 0.997962 -0.0260118 -5.17671 -0.996824 0.0567421 -0.0558805 51.377 
-0.0558992 0.0318079 0.99793 101.099 0.0587156 0.997867 -0.0285169 -5.22496 -0.996709 0.057 -0.0576476 51.3453 
-0.0563666 0.0398513 0.997615 102.161 0.0591852 0.997579 -0.0365058 -5.28624 -0.996654 0.0569863 -0.0585887 51.3038 
-0.0583188 0.0474776 0.997168 103.221 0.0554993 0.997478 -0.0442464 -5.34993 -0.996754 0.0527618 -0.0608067 51.2758 
-0.0592711 0.0478766 0.997093 104.293 0.0540467 0.997538 -0.0446852 -5.4201 -0.996778 0.051241 -0.0617127 51.2309 
-0.0620633 0.041509 0.997209 105.348 0.0507292 0.997975 -0.0383837 -5.49509 -0.996782 0.0482054 -0.0640433 51.1929 
-0.0653859 0.0342695 0.997271 106.419 0.0460592 0.998449 -0.03129 -5.54598 -0.996797 0.0438876 -0.0668629 51.1555 
-0.0677179 0.0255838 0.997376 107.473 0.0433305 0.998803 -0.0226784 -5.61012 -0.996763 0.0416811 -0.0687454 51.1146 
-0.0696266 0.0192032 0.997388 108.517 0.0477914 0.998731 -0.0158927 -5.65486 -0.996428 0.0465601 -0.070456 51.0552 
-0.0724731 0.0187188 0.997195 109.53 0.0463772 0.998806 -0.0153784 -5.69943 -0.996292 0.0451325 -0.0732547 51.0084 
-0.0731104 0.0266226 0.996969 110.568 0.0516644 0.998403 -0.0228721 -5.74503 -0.995985 0.0498355 -0.074369 50.9442 
-0.0723398 0.0406473 0.996551 111.59 0.061562 0.997446 -0.0362149 -5.80369 -0.995478 0.0587299 -0.0746574 50.8645 
-0.0729777 0.0512539 0.996016 112.626 0.0668601 0.996683 -0.0463894 -5.87976 -0.99509 0.0632084 -0.0761625 50.7864 
-0.0732504 0.0479143 0.996162 113.657 0.0668246 0.996836 -0.0430329 -5.93587 -0.995072 0.063416 -0.0762205 50.7272 
-0.0720826 0.0387544 0.996646 114.703 0.0703387 0.996955 -0.0336791 -5.98334 -0.994915 0.067675 -0.074589 50.6589 
-0.0722496 0.0286738 0.996974 115.73 0.0705057 0.997233 -0.0235717 -6.0371 -0.994891 0.0685893 -0.0740713 50.6077 
-0.0716911 0.0228092 0.997166 116.768 0.0684345 0.997495 -0.0178966 -6.09325 -0.995076 0.0669576 -0.0730725 50.5453 
-0.0716423 0.0175472 0.997276 117.781 0.0669342 0.997676 -0.0127458 -6.13267 -0.995182 0.0658388 -0.0726503 50.4984 
-0.0711908 0.0145951 0.997356 118.775 0.0633512 0.99794 -0.0100816 -6.16621 -0.995449 0.062466 -0.0719688 50.4489 
-0.071115 0.0164224 0.997333 119.783 0.0621471 0.997995 -0.0120018 -6.2076 -0.99553 0.0611278 -0.071993 50.3861 
-0.0695659 0.0227477 0.997318 120.804 0.0620741 0.997901 -0.0184311 -6.24441 -0.995644 0.0606255 -0.070832 50.3122 
-0.0694544 0.0294073 0.997152 121.794 0.0601299 0.997871 -0.0252402 -6.27862 -0.995771 0.0582055 -0.0710748 50.26 
-0.0697219 0.0334144 0.997007 122.776 0.061583 0.997677 -0.0291302 -6.33669 -0.995664 0.0593677 -0.0716176 50.2058 
-0.07046 0.0392338 0.996743 123.738 0.0629802 0.997408 -0.0348078 -6.37884 -0.995524 0.0603225 -0.0727483 50.1627 
-0.0691076 0.0429432 0.996685 124.713 0.0645542 0.997172 -0.0384881 -6.4359 -0.995518 0.0616804 -0.0716843 50.1035 
-0.068146 0.0429652 0.99675 125.677 0.0661387 0.997069 -0.0384572 -6.48502 -0.995481 0.063303 -0.070788 50.0356 
-0.0690921 0.0371001 0.99692 126.646 0.0650727 0.997348 -0.0326061 -6.5332 -0.995486 0.0626194 -0.071323 49.9984 
-0.0687628 0.0263811 0.997284 127.604 0.0634185 0.997744 -0.0220206 -6.59259 -0.995615 0.0617321 -0.0702807 49.9398 
-0.0704894 0.0195165 0.997322 128.551 0.0572229 0.998241 -0.01549 -6.62512 -0.99587 0.0559777 -0.0714822 49.9045 
-0.073773 0.0155452 0.997154 129.466 0.0539652 0.998476 -0.0115732 -6.67372 -0.995814 0.0529578 -0.0744994 49.8656 
-0.0754486 0.01882 0.996972 130.355 0.0494578 0.998662 -0.015109 -6.70685 -0.995922 0.0481681 -0.0762784 49.8154 
-0.076275 0.0251887 0.996769 131.231 0.0473718 0.998644 -0.021611 -6.75047 -0.995961 0.0455704 -0.0773648 49.7663 
-0.0761205 0.0312367 0.996609 132.093 0.0489365 0.998422 -0.0275557 -6.79425 -0.995897 0.046673 -0.0775289 49.7059 
-0.0746537 0.0367063 0.996534 132.943 0.0536546 0.998023 -0.0327417 -6.84028 -0.995765 0.0510243 -0.0764755 49.6538 
-0.0718168 0.0403594 0.996601 133.757 0.0563349 0.99775 -0.0363463 -6.87721 -0.995826 0.0535332 -0.0739289 49.6066 
-0.0672605 0.0411 0.996889 134.542 0.0598256 0.99752 -0.0370895 -6.91067 -0.99594 0.0571448 -0.0695525 49.5659 
-0.0626979 0.0356843 0.997394 135.328 0.0610598 0.997626 -0.0318543 -6.96092 -0.996163 0.0589035 -0.0647279 49.5359 
-0.0588931 0.0309681 0.997784 136.069 0.0648579 0.997526 -0.0271319 -7.01567 -0.996155 0.0631163 -0.0607559 49.516 
-0.0552773 0.0306807 0.998 136.792 0.0654805 0.997488 -0.027038 -7.06155 -0.996322 0.0638549 -0.0571474 49.4962 
-0.0511917 0.0351291 0.998071 137.479 0.064838 0.99739 -0.0317795 -7.10869 -0.996582 0.063086 -0.0533358 49.4798 
-0.0469007 0.0387129 0.998149 138.15 0.0677548 0.997071 -0.0354874 -7.15454 -0.996599 0.065965 -0.0493863 49.4698 
-0.042445 0.0395192 0.998317 138.772 0.0702698 0.996861 -0.0364739 -7.19438 -0.996625 0.0686034 -0.0450887 49.451 
-0.0382054 0.040153 0.998463 139.387 0.0678582 0.99699 -0.0374972 -7.21445 -0.996963 0.0663213 -0.0408151 49.4411 
-0.0339326 0.0387041 0.998674 139.982 0.0637078 0.997301 -0.0364862 -7.25687 -0.997392 0.0623852 -0.0363068 49.4342 
-0.0308014 0.039085 0.998761 140.548 0.0592801 0.997548 -0.0372093 -7.2965 -0.997766 0.0580606 -0.0330428 49.4379 
-0.0272598 0.0420107 0.998745 141.089 0.057715 0.997516 -0.0403836 -7.33491 -0.997961 0.0565417 -0.0296167 49.4263 
-0.0260508 0.0465478 0.998576 141.627 0.0573317 0.997341 -0.0449944 -7.35762 -0.998015 0.056078 -0.0286502 49.429 
-0.0272692 0.0478589 0.998482 142.155 0.0531468 0.99751 -0.0463608 -7.39167 -0.998214 0.0518019 -0.0297448 49.4315 
-0.0290148 0.0458773 0.998526 142.675 0.0464304 0.99793 -0.0445008 -7.42259 -0.9985 0.0450708 -0.0310849 49.427 
-0.0314642 0.0416038 0.998639 143.198 0.0421324 0.998301 -0.0402622 -7.45251 -0.998617 0.0408082 -0.0331636 49.4324 
-0.0334439 0.0358807 0.998796 143.715 0.0410055 0.998563 -0.0344992 -7.48923 -0.998599 0.0398023 -0.0348672 49.4232 
-0.0352253 0.0332397 0.998827 144.23 0.0450615 0.998483 -0.0316391 -7.51639 -0.998363 0.0438941 -0.0366697 49.3958 
-0.0375188 0.0352557 0.998674 144.735 0.0468537 0.99834 -0.0334836 -7.54713 -0.998197 0.0455353 -0.0391084 49.3777 
-0.0413311 0.0386608 0.998397 145.237 0.0456457 0.998281 -0.0367666 -7.57479 -0.998102 0.044053 -0.0430248 49.3782 
-0.0447678 0.0414208 0.998138 145.745 0.0417622 0.998344 -0.0395562 -7.57006 -0.998124 0.0399136 -0.0464235 49.3927 
-0.0467504 0.0438506 0.997944 146.244 0.040989 0.998279 -0.0419451 -7.58688 -0.998065 0.0389438 -0.0484673 49.3808 
-0.0497284 0.0470842 0.997652 146.774 0.0417844 0.998112 -0.0450231 -7.57839 -0.997888 0.0394474 -0.0516019 49.3748 
-0.0525479 0.0447649 0.997615 147.269 0.0425041 0.99819 -0.0425518 -7.60817 -0.997713 0.0401667 -0.0543554 49.3537 
-0.054738 0.0399985 0.997699 147.763 0.0409246 0.998448 -0.0377831 -7.6212 -0.997662 0.0387623 -0.0562899 49.3256 
-0.0577542 0.0381716 0.997601 148.265 0.0411716 0.99851 -0.0358228 -7.62936 -0.997482 0.0390039 -0.0592397 49.3195 
-0.0600495 0.0365477 0.997526 148.775 0.038761 0.998661 -0.0342558 -7.66929 -0.997443 0.0366081 -0.0613857 49.2853 
-0.062235 0.0348261 0.997454 149.27 0.0374077 0.99877 -0.032538 -7.70038 -0.99736 0.0352875 -0.0634612 49.2669 
-0.0632032 0.0337423 0.99743 149.762 0.0365891 0.998835 -0.0314713 -7.72391 -0.99733 0.034506 -0.0643641 49.2428 
-0.0642604 0.0344221 0.997339 150.255 0.0360761 0.998832 -0.0321491 -7.73858 -0.997281 0.0339142 -0.0654272 49.2236 
-0.0628512 0.0361597 0.997368 150.735 0.0382662 0.998696 -0.0337964 -7.75748 -0.997289 0.0360414 -0.0641529 49.1966 
-0.0576251 0.038548 0.997594 151.214 0.0407114 0.998514 -0.0362318 -7.78732 -0.997508 0.0385256 -0.0591088 49.1673 
-0.0512761 0.040934 0.997845 151.688 0.0400215 0.998441 -0.0389018 -7.81101 -0.997882 0.0379406 -0.0528344 49.169 
-0.0412563 0.0412514 0.998297 152.166 0.0375786 0.998505 -0.039707 -7.83034 -0.998442 0.0358764 -0.0427447 49.1646 
-0.0258953 0.0403047 0.998852 152.647 0.0391071 0.998463 -0.0392752 -7.85351 -0.998899 0.0380451 -0.0274317 49.1666 
-0.00470695 0.0399743 0.99919 153.09 0.0437753 0.998251 -0.0397305 -7.89283 -0.99903 0.0435528 -0.00644861 49.2032 
0.0240426 0.040701 0.998882 153.543 0.0484607 0.997949 -0.0418293 -7.9121 -0.998536 0.0494122 0.0220208 49.2576 
0.0606409 0.040237 0.997348 153.976 0.0471369 0.997957 -0.0431275 -7.93719 -0.997046 0.0496272 0.0586204 49.3005 
0.100733 0.040238 0.9941 154.401 0.0424697 0.998097 -0.0447032 -7.96935 -0.994007 0.0467221 0.0988322 49.3906 
0.14289 0.0439584 0.988762 154.823 0.036001 0.998121 -0.0495771 -7.98991 -0.989084 0.0426805 0.141039 49.4872 
0.185082 0.0477901 0.98156 155.23 0.0335869 0.997926 -0.05492 -8.02182 -0.982149 0.0431323 0.183093 49.5998 
0.227039 0.0531344 0.972435 155.623 0.0323397 0.997549 -0.0620571 -8.03647 -0.973349 0.0455376 0.224764 49.7296 
0.270084 0.0549282 0.961269 156.034 0.0318299 0.997316 -0.0659311 -8.07132 -0.96231 0.048404 0.267611 49.8725 
0.311535 0.0565771 0.948549 156.423 0.0270221 0.997295 -0.0683594 -8.10379 -0.94985 0.0469281 0.309163 50.0395 
0.35172 0.0607949 0.934129 156.789 0.0168291 0.997317 -0.0712437 -8.12543 -0.935954 0.0407784 0.349753 50.2281 
0.39148 0.0658813 0.917825 157.151 0.00599405 0.99723 -0.0741375 -8.15361 -0.920167 0.0345249 0.390001 50.4317 
0.4308 0.0714773 0.899612 157.497 -0.00101078 0.996896 -0.0787228 -8.18994 -0.902447 0.0330045 0.429535 50.6432 
0.469616 0.0757295 0.879617 157.848 -0.00481896 0.996519 -0.0832212 -8.22202 -0.882858 0.0348432 0.468346 50.8706 
0.507241 0.0768581 0.85837 158.18 -0.00778284 0.996383 -0.0846165 -8.25021 -0.861769 0.0362404 0.506005 51.1125 
0.543475 0.0763738 0.835944 158.542 -0.0123518 0.996472 -0.0830096 -8.28335 -0.839335 0.0347882 0.542501 51.3844 
0.57696 0.0775072 0.813087 158.875 -0.0196198 0.996515 -0.0810703 -8.32221 -0.816537 0.0308218 0.57647 51.6821 
0.6079 0.080457 0.789927 159.2 -0.0275492 0.996391 -0.0802852 -8.37117 -0.793536 0.0270435 0.607923 52.0107 
0.637909 0.0847343 0.765436 159.549 -0.0353052 0.996101 -0.0808459 -8.40567 -0.769302 0.0245484 0.638413 52.3515 
0.665989 0.0856495 0.741028 159.838 -0.0375569 0.995977 -0.0813631 -8.4606 -0.745016 0.0263561 0.666526 52.6599 
0.691189 0.0836871 0.717813 160.141 -0.0345372 0.995963 -0.0828593 -8.50475 -0.721849 0.0324802 0.691288 53.0145 
0.714519 0.0850722 0.694424 160.479 -0.0376566 0.995817 -0.0832488 -8.54395 -0.698602 0.0333333 0.714734 53.3989 
0.73475 0.0888202 0.672498 160.815 -0.0454772 0.99561 -0.0818081 -8.58809 -0.676812 0.0295252 0.735563 53.8103 
0.751513 0.0901174 0.653534 161.139 -0.0532856 0.995681 -0.0760225 -8.63704 -0.657563 0.0223079 0.753069 54.2288 
0.764948 0.0886643 0.63796 161.459 -0.0553061 0.995864 -0.0720909 -8.67513 -0.641713 0.0198628 0.766688 54.6565 
0.775684 0.0844764 0.625443 161.783 -0.0533735 0.996232 -0.0683629 -8.71588 -0.628861 0.0196459 0.77727 55.0981 
0.785773 0.0755741 0.613881 162.105 -0.0461986 0.996906 -0.0635932 -8.75943 -0.616787 0.0216095 0.786833 55.5382 
0.793354 0.0689606 0.604842 162.451 -0.0420586 0.997398 -0.0585504 -8.80262 -0.607306 0.0210124 0.79419 56.0131 
0.800398 0.0663993 0.595781 162.805 -0.0413648 0.997595 -0.0556098 -8.84255 -0.59804 0.0198657 0.80122 56.5001 
0.80771 0.0622568 0.586284 163.149 -0.0385172 0.997857 -0.0528968 -8.89516 -0.588321 0.0201433 0.808377 57.0067 
0.815451 0.0585903 0.575853 163.516 -0.034619 0.99802 -0.0525206 -8.93351 -0.577789 0.0228925 0.815865 57.5493 
0.822513 0.0592692 0.56565 163.867 -0.0335921 0.997882 -0.0557123 -8.97395 -0.567754 0.0268228 0.822761 58.0747 
0.828293 0.0629914 0.556743 164.221 -0.0350256 0.997538 -0.0607549 -9.01639 -0.559199 0.0308227 0.82846 58.6267 
0.832693 0.068058 0.549536 164.573 -0.0382851 0.997119 -0.0654773 -9.06256 -0.55241 0.0334835 0.8329 59.199 
0.834495 0.0736649 0.546069 164.913 -0.0420548 0.996647 -0.0701805 -9.10464 -0.549408 0.0356005 0.834796 59.7712 
0.834351 0.0786717 0.545591 165.288 -0.0473204 0.996332 -0.0713011 -9.15351 -0.549199 0.0336727 0.835013 60.3658 
0.832546 0.0781151 0.548421 165.647 -0.0488151 0.996502 -0.0678328 -9.20101 -0.551802 0.0297027 0.833446 60.9642 
0.830008 0.0790912 0.552115 166.044 -0.0506967 0.996495 -0.0665357 -9.28249 -0.555442 0.0272348 0.831109 61.6037 
0.827099 0.0807099 0.556232 166.452 -0.0528735 0.99642 -0.0659606 -9.33846 -0.559564 0.025146 0.828406 62.2384 
0.823502 0.0814625 0.561434 166.854 -0.0545879 0.996423 -0.0645095 -9.39171 -0.56468 0.0224763 0.825004 62.8711 
0.820325 0.079503 0.566344 167.272 -0.0518798 0.996552 -0.0647495 -9.43516 -0.569539 0.0237339 0.821621 63.5023 
0.817518 0.0762716 0.57083 167.706 -0.0489988 0.996809 -0.0630148 -9.48961 -0.573815 0.0235458 0.818646 64.1322 
0.814138 0.0756618 0.575721 168.167 -0.0486464 0.996876 -0.0622185 -9.56284 -0.57863 0.0226477 0.815275 64.7911 
0.810333 0.0780712 0.580745 168.607 -0.0495986 0.996666 -0.064778 -9.61158 -0.583866 0.0236877 0.811504 65.4628 
0.807335 0.0791165 0.584766 169.091 -0.0483037 0.996506 -0.0681347 -9.67756 -0.588113 0.0267612 0.808336 66.1392 
0.804269 0.081097 0.588706 169.564 -0.0477731 0.996262 -0.0719738 -9.74497 -0.592342 0.029762 0.805137 66.8253 
0.801322 0.0808993 0.592738 170.046 -0.0476673 0.996298 -0.0715374 -9.81182 -0.596331 0.0290703 0.802212 67.517 
0.798537 0.0785863 0.596794 170.554 -0.0489147 0.996634 -0.0657874 -9.87162 -0.599956 0.0233417 0.799693 68.2286 
0.796338 0.0737744 0.600336 171.06 -0.0473894 0.997093 -0.0596697 -9.95425 -0.602993 0.0190677 0.797519 68.9282 
0.794643 0.0726598 0.602714 171.565 -0.0429914 0.997054 -0.0635176 -10.0278 -0.605553 0.0245623 0.795426 69.6211 
0.793215 0.0785523 0.603854 172.071 -0.0416202 0.99632 -0.0749343 -10.0927 -0.607517 0.0343065 0.793565 70.3029 
0.791692 0.0811012 0.605513 172.552 -0.0395303 0.995873 -0.0817002 -10.1666 -0.60964 0.0407453 0.79163 70.9835 
0.791234 0.0788972 0.606403 173.076 -0.0364659 0.995965 -0.0820012 -10.2378 -0.610426 0.0427692 0.790918 71.6543 
0.790216 0.0728493 0.608484 173.579 -0.0337382 0.996575 -0.0754981 -10.3273 -0.6119 0.0391307 0.789967 72.3532 
0.790098 0.0691435 0.609068 174.091 -0.0311961 0.996866 -0.0726992 -10.408 -0.612186 0.038439 0.789779 73.0368 
0.790682 0.0642173 0.608849 174.608 -0.0264424 0.997138 -0.0708318 -10.4884 -0.611655 0.039906 0.790117 73.723 
0.791605 0.0595891 0.608121 175.118 -0.0204546 0.99726 -0.071094 -10.5563 -0.610691 0.0438395 0.790654 74.3988 
0.792255 0.057467 0.607479 175.6 -0.0175401 0.997289 -0.0714674 -10.6342 -0.609939 0.0459652 0.791114 75.0618 
0.79343 0.0596397 0.605733 176.095 -0.017254 0.996992 -0.0755621 -10.7152 -0.608417 0.0495019 0.792072 75.7145 
0.794296 0.0588218 0.604676 176.589 -0.0131335 0.996732 -0.079708 -10.7962 -0.607389 0.0553702 0.792473 76.378 
0.795231 0.0554144 0.603769 177.084 -0.0108714 0.996958 -0.0771826 -10.8864 -0.60621 0.0548142 0.793414 77.0313 
0.79496 0.0540786 0.604246 177.59 -0.0133279 0.997335 -0.0717244 -10.9594 -0.606515 0.0489648 0.793563 77.6975 
0.794048 0.0485793 0.60591 178.067 -0.0129689 0.997928 -0.0630138 -11.0352 -0.607716 0.042178 0.793033 78.3738 
0.793907 0.0439699 0.606447 178.568 -0.0111185 0.998265 -0.0578228 -11.0895 -0.607938 0.0391631 0.793018 79.0478 
0.793502 0.0418176 0.607129 179.041 -0.00867694 0.998312 -0.0574207 -11.1523 -0.608505 0.0402955 0.792526 79.6819 
0.792242 0.0443219 0.608595 179.485 -0.0100029 0.998168 -0.0596718 -11.2275 -0.610125 0.0411869 0.791234 80.2979 
0.791767 0.0515048 0.608648 179.962 -0.0121603 0.99757 -0.0685972 -11.2905 -0.610703 0.0469117 0.790469 80.8959 
0.790126 0.0560442 0.610377 180.38 -0.0119458 0.99703 -0.0760826 -11.3565 -0.612829 0.0528234 0.788448 81.4808 
0.787324 0.0564926 0.613946 180.782 -0.00913536 0.996753 -0.0800016 -11.4092 -0.616472 0.0573786 0.785284 82.0667 
0.785054 0.0534529 0.617116 181.208 -0.00716356 0.996987 -0.0772431 -11.4725 -0.619386 0.0562193 0.783071 82.6026 
0.78294 0.0466561 0.620345 181.637 -0.00332123 0.997483 -0.0708288 -11.5322 -0.622088 0.0533944 0.781124 83.1296 
0.780655 0.0384256 0.62378 182.019 0.00347909 0.997825 -0.0658212 -11.5798 -0.624953 0.0535539 0.778824 83.6493 
0.778907 0.0302469 0.62641 182.416 0.011708 0.997961 -0.0627459 -11.6431 -0.62703 0.0562073 0.776965 84.139 
0.776976 0.0250795 0.62903 182.806 0.016975 0.998008 -0.0607582 -11.6914 -0.629301 0.0578855 0.775003 84.6135 
