1 -4.23778e-08 4.22719e-08 0 -4.23778e-08 1 -4.19404e-08 0 4.22719e-08 -4.19404e-08 1 0 
0.99999 -0.00263695 -0.0034891 -0.00530646 0.00262966 0.999994 -0.00206805 -0.00495157 0.00349461 0.00205877 0.999992 0.678061 
0.999971 -0.00116889 -0.00755665 -0.0220602 0.00114086 0.999992 -0.00370177 -0.00741371 0.00756101 0.00369296 0.999965 1.37473 
0.999932 -0.00117576 -0.0116118 -0.0417776 0.00111485 0.999986 -0.00524369 -0.0103534 0.0116178 0.0052303 0.999919 2.09216 
0.999859 5.7679e-05 -0.0167634 -0.0621158 -0.000154128 0.999983 -0.00574728 -0.0171259 0.0167628 0.00574897 0.999843 2.82641 
0.999773 -0.00106022 -0.021275 -0.0859543 0.000935591 0.999982 -0.00586324 -0.0276369 0.021281 0.00584192 0.999756 3.57535 
0.999664 0.000695587 -0.0259 -0.118392 -0.000880871 0.999974 -0.00713985 -0.034665 0.0258945 0.00716019 0.999639 4.34209 
0.999511 0.00340315 -0.031078 -0.151372 -0.00364854 0.999963 -0.00783998 -0.0430948 0.0310502 0.00794945 0.999486 5.11972 
0.999367 0.00369903 -0.0353937 -0.191471 -0.00392345 0.999973 -0.00627084 -0.051246 0.0353696 0.00640565 0.999354 5.90619 
0.9992 0.00278078 -0.0399008 -0.232431 -0.00292205 0.99999 -0.00348076 -0.0620957 0.0398908 0.00359448 0.999197 6.71241 
0.999047 0.00234846 -0.0435927 -0.274702 -0.00238938 0.999997 -0.000884708 -0.0691707 0.0435905 0.000987939 0.999049 7.52856 
0.998912 0.00385471 -0.0464659 -0.326602 -0.0039295 0.999991 -0.00151653 -0.0771659 0.0464597 0.00169738 0.998919 8.35619 
0.998798 0.00332178 -0.0489027 -0.376676 -0.00341653 0.999992 -0.00185237 -0.0828598 0.0488963 0.00201714 0.998802 9.18378 
0.99872 0.000484275 -0.0505674 -0.426125 -0.000607371 0.999997 -0.00241732 -0.0892867 0.0505662 0.00244485 0.998718 10.0154 
0.998608 0.000305649 -0.0527352 -0.48065 -0.000394714 0.999998 -0.00167695 -0.0962385 0.0527347 0.00169535 0.998607 10.856 
0.998525 -0.00123913 -0.0542815 -0.534864 0.00114096 0.999998 -0.00183788 -0.107343 0.0542838 0.00177315 0.998524 11.7117 
0.998425 0.000742075 -0.0560923 -0.595428 -0.000976311 0.999991 -0.00414714 -0.11953 0.0560888 0.00419529 0.998417 12.5701 
0.998342 0.00105995 -0.057554 -0.659602 -0.00145055 0.999976 -0.00674378 -0.129536 0.0575456 0.006816 0.99832 13.4377 
0.998233 0.00490049 -0.0592167 -0.731787 -0.00540281 0.999951 -0.00832417 -0.141203 0.0591731 0.00862931 0.99821 14.3163 
0.998169 0.00588266 -0.0602002 -0.796968 -0.00636215 0.999949 -0.00777499 -0.157741 0.0601515 0.00814367 0.998156 15.1994 
0.998086 0.00489612 -0.0616394 -0.86276 -0.00528626 0.999967 -0.00616671 -0.172861 0.0616072 0.00648066 0.998079 16.0946 
0.997984 0.00541481 -0.063236 -0.930982 -0.00571771 0.999973 -0.00460864 -0.18512 0.0632094 0.00496082 0.997988 17.0001 
0.997917 0.00478801 -0.0643335 -0.997832 -0.00509268 0.999976 -0.00457129 -0.196233 0.0643102 0.00488932 0.997918 17.904 
0.99781 0.00459992 -0.0659891 -1.06961 -0.00496589 0.999973 -0.00538174 -0.211331 0.0659626 0.00569756 0.997806 18.8078 
0.997745 0.00323734 -0.067045 -1.14347 -0.00366284 0.999974 -0.00622324 -0.221571 0.0670232 0.00645469 0.99773 19.7228 
0.997736 0.00307159 -0.0671768 -1.22355 -0.00337748 0.999984 -0.00443908 -0.234605 0.0671622 0.00465583 0.997731 20.6448 
0.997713 0.0043792 -0.0674469 -1.29832 -0.00446573 0.999989 -0.00113098 -0.245242 0.0674414 0.0014295 0.997722 21.5795 
0.997777 0.00534083 -0.0664281 -1.37789 -0.00518372 0.999983 0.0025386 -0.254515 0.0664406 -0.0021887 0.997788 22.5154 
0.997886 0.00423284 -0.0648429 -1.44866 -0.00388815 0.999978 0.00544233 -0.261072 0.0648646 -0.0051788 0.997881 23.4533 
0.99798 0.00449403 -0.0633661 -1.52038 -0.00411506 0.999973 0.00611125 -0.26439 0.063392 -0.00583824 0.997972 24.4006 
0.998059 0.00476845 -0.0620891 -1.58941 -0.00457325 0.999984 0.0032868 -0.269748 0.0621039 -0.00299656 0.998065 25.3479 
0.998118 0.00546503 -0.0610811 -1.6622 -0.00557953 0.999983 -0.00170281 -0.273347 0.0610709 0.00204032 0.998131 26.2968 
0.998193 0.00461444 -0.0599054 -1.72959 -0.0049018 0.999977 -0.00464943 -0.282069 0.0598827 0.00493459 0.998193 27.254 
0.998241 0.00207105 -0.059246 -1.79757 -0.00229177 0.999991 -0.00365647 -0.293274 0.059238 0.00378573 0.998237 28.2228 
0.998228 0.000378386 -0.0595059 -1.86414 -0.000294436 0.999999 0.00142094 -0.305388 0.0595065 -0.00140099 0.998227 29.197 
0.99817 -0.00348814 -0.0603718 -1.9284 0.00379625 0.99998 0.004991 -0.317553 0.0603533 -0.00521114 0.998163 30.1778 
0.998038 -0.0110066 -0.0616402 -1.98857 0.0112934 0.999927 0.00430681 -0.323902 0.0615884 -0.00499457 0.998089 31.1615 
0.997924 -0.0130531 -0.0630583 -2.05598 0.0131092 0.999914 0.000476417 -0.331016 0.0630467 -0.00130216 0.99801 32.1403 
0.997833 -0.013017 -0.0644962 -2.12896 0.0128182 0.999912 -0.00349443 -0.341633 0.0645361 0.00266005 0.997912 33.1164 
0.997708 -0.011475 -0.0666856 -2.21057 0.0112225 0.999928 -0.00415819 -0.354194 0.0667286 0.00340019 0.997765 34.1007 
0.997672 -0.0112855 -0.0672534 -2.2898 0.0111212 0.999934 -0.00281605 -0.366445 0.0672808 0.00206147 0.997732 35.0883 
0.997603 -0.00837967 -0.0686933 -2.37463 0.00839135 0.999965 -0.00011742 -0.379448 0.0686919 -0.000459378 0.997638 36.0894 
0.997535 -0.00853706 -0.0696525 -2.45756 0.0086405 0.999962 0.00118512 -0.392856 0.0696398 -0.00178411 0.997571 37.0822 
0.997472 -0.00725563 -0.0706844 -2.54338 0.00754443 0.999964 0.00382082 -0.404912 0.0706543 -0.00434452 0.997491 38.0734 
0.997494 -0.00726851 -0.0703813 -2.62657 0.00777277 0.999946 0.00689455 -0.417269 0.0703275 -0.00742441 0.997496 39.0668 
0.997462 -0.00148714 -0.0711785 -2.71691 0.00214055 0.999956 0.00910558 -0.421426 0.0711619 -0.00923492 0.997422 40.0673 
0.997452 -0.00153125 -0.0713267 -2.8033 0.00213619 0.999962 0.00840693 -0.426288 0.0713113 -0.00853797 0.997417 41.0702 
0.997459 -0.00132635 -0.0712295 -2.88749 0.00180917 0.999976 0.00671545 -0.432222 0.0712189 -0.00682734 0.997437 42.066 
0.997459 0.000877779 -0.0712321 -2.97852 -0.000553949 0.999989 0.0045669 -0.439734 0.0712355 -0.00451592 0.997449 43.058 
0.997399 0.000377256 -0.0720739 -3.0605 -5.84081e-05 0.99999 0.00442708 -0.444421 0.072075 -0.00441145 0.997389 44.0579 
0.997296 -0.00163139 -0.0734716 -3.14419 0.00205152 0.999982 0.00564431 -0.451901 0.0734612 -0.00577986 0.997281 45.0524 
0.997234 -0.0011342 -0.0743204 -3.22713 0.00164112 0.999976 0.00676113 -0.461131 0.074311 -0.00686448 0.997211 46.0393 
0.997228 0.00131386 -0.0743948 -3.31801 -0.00108536 0.999994 0.00311297 -0.471276 0.0743986 -0.00302369 0.997224 47.011 
0.997154 0.00184302 -0.0753644 -3.40406 -0.00192528 0.999998 -0.00101784 -0.479998 0.0753624 0.00115995 0.997155 47.9784 
0.9971 0.00266086 -0.0760524 -3.49271 -0.00284164 0.999993 -0.00226784 -0.492389 0.076046 0.00247729 0.997101 48.9548 
0.997093 0.00138838 -0.0761789 -3.5777 -0.0012973 0.999998 0.00124612 -0.507535 0.0761806 -0.00114376 0.997093 49.9353 
0.997083 -0.000460129 -0.0763259 -3.66154 0.000785248 0.999991 0.00423072 -0.517408 0.0763234 -0.0042784 0.997074 50.9081 
0.997057 -0.00232755 -0.0766276 -3.74403 0.00272361 0.999983 0.00506554 -0.530035 0.0766147 -0.00525942 0.997047 51.8705 
0.997028 -0.00558618 -0.076834 -3.82605 0.00590534 0.999975 0.00392845 -0.539945 0.0768102 -0.00437059 0.997036 52.8301 
0.996973 -0.00826671 -0.0773072 -3.90642 0.00848765 0.999961 0.00253089 -0.548756 0.0772833 -0.00317947 0.997004 53.7864 
0.996884 -0.00969439 -0.0782852 -3.99364 0.0100128 0.999943 0.00367633 -0.557789 0.0782451 -0.00444881 0.996924 54.734 
0.996743 -0.0129627 -0.0795976 -4.0727 0.0136343 0.999876 0.00790001 -0.566779 0.0794854 -0.00895962 0.996796 55.6897 
0.99668 -0.0138706 -0.0802282 -4.15986 0.0149459 0.999806 0.012818 -0.569564 0.0800349 -0.0139746 0.996694 56.6436 
0.996657 -0.0120233 -0.0808039 -4.24837 0.0132775 0.999799 0.0150032 -0.573371 0.0806073 -0.016026 0.996617 57.5898 
0.996556 -0.0110324 -0.0821831 -4.33799 0.0119795 0.999867 0.0110415 -0.57828 0.0820505 -0.011988 0.996556 58.5248 
0.996462 -0.00941755 -0.0835172 -4.42672 0.00971879 0.999948 0.00320204 -0.583378 0.0834827 -0.00400248 0.996501 59.4428 
0.9964 -0.00780267 -0.0844107 -4.51782 0.00768393 0.999969 -0.00173051 -0.590464 0.0844216 0.00107559 0.996429 60.3567 
0.996343 -0.00292545 -0.0853927 -4.61375 0.00286031 0.999995 -0.000884216 -0.603605 0.085395 0.000636645 0.996347 61.2611 
0.996229 -0.000108926 -0.0867624 -4.70892 0.00022439 0.999999 0.00132199 -0.61513 0.0867623 -0.00133656 0.996228 62.1669 
0.996137 0.00248346 -0.0877813 -4.79891 -0.00223507 0.999993 0.00292874 -0.630381 0.0877881 -0.00272131 0.996135 63.0597 
0.996037 0.00306108 -0.0888816 -4.89078 -0.00283695 0.999992 0.00264875 -0.640672 0.0888891 -0.00238618 0.996039 63.9273 
0.995882 0.00471168 -0.0905315 -4.9827 -0.00442705 0.999985 0.00334546 -0.650002 0.0905459 -0.00293099 0.995888 64.7845 
0.995749 0.00552968 -0.0919447 -5.07254 -0.00518564 0.999979 0.00398114 -0.663941 0.0919648 -0.00348751 0.995756 65.6251 
0.99562 0.0054157 -0.0933347 -5.16022 -0.00503125 0.999978 0.00435462 -0.672861 0.0933563 -0.00386605 0.995625 66.448 
0.995481 0.00512051 -0.0948229 -5.2436 -0.00462419 0.999974 0.00545399 -0.682519 0.0948485 -0.00499095 0.995479 67.2551 
0.995326 0.00785406 -0.0962554 -5.33575 -0.00710266 0.999942 0.00814728 -0.689724 0.0963139 -0.00742562 0.995323 68.0534 
0.995171 0.00944354 -0.0977017 -5.42387 -0.00829752 0.999892 0.0121303 -0.696152 0.0978058 -0.0112611 0.995142 68.8417 
0.994992 0.0125231 -0.099168 -5.52459 -0.0112045 0.999841 0.0138425 -0.702969 0.0993257 -0.0126621 0.994974 69.6171 
0.994814 0.0150668 -0.100588 -5.61539 -0.0141821 0.999854 0.00950539 -0.703549 0.100717 -0.00802963 0.994883 70.3722 
0.994664 0.0149674 -0.102073 -5.69622 -0.0148379 0.999888 0.00202824 -0.708278 0.102092 -0.000502952 0.994775 71.1003 
0.994514 0.0141628 -0.103644 -5.77876 -0.0146235 0.999886 -0.00368629 -0.718006 0.10358 0.00518161 0.994608 71.81 
0.994451 0.0150887 -0.104109 -5.86218 -0.0156924 0.999864 -0.0049813 -0.72399 0.104019 0.0065873 0.994553 72.5041 
0.994325 0.0176222 -0.104919 -5.95252 -0.0178936 0.999838 -0.00164501 -0.734225 0.104873 0.00351297 0.994479 73.1848 
0.994188 0.0179018 -0.106161 -6.03634 -0.017941 0.999839 0.000586911 -0.747728 0.106154 0.00132104 0.994349 73.8441 
0.994138 0.0146532 -0.10712 -6.11338 -0.0150324 0.999883 -0.00273331 -0.760652 0.107068 0.00432748 0.994242 74.4826 
0.994217 0.00654791 -0.107186 -6.17648 -0.0074415 0.999941 -0.00793819 -0.772167 0.107128 0.00868982 0.994207 75.0981 
0.994331 0.00246291 -0.106303 -6.2413 -0.00384183 0.999911 -0.0127681 -0.784562 0.106262 0.013104 0.994252 75.699 
0.994642 0.00494233 -0.103263 -6.31042 -0.00631635 0.999896 -0.0129824 -0.797973 0.103188 0.013565 0.994569 76.2854 
0.995018 0.00990835 -0.0992011 -6.38065 -0.0109689 0.999888 -0.0101501 -0.81033 0.0990895 0.0111876 0.995016 76.8582 
0.995468 0.00826148 -0.0947403 -6.43386 -0.00897953 0.999934 -0.00715442 -0.820623 0.094675 0.00797263 0.995476 77.4187 
0.996008 0.00456728 -0.0891497 -6.47653 -0.0048458 0.999984 -0.00290714 -0.83323 0.0891351 0.00332745 0.996014 77.9636 
0.996713 0.000195229 -0.0810066 -6.51523 -0.000156723 1 0.000482711 -0.845746 0.0810068 -0.000468516 0.996713 78.4977 
0.997507 0.00381964 -0.0704592 -6.55312 -0.00381667 0.999993 0.000177917 -0.853676 0.0704594 9.13588e-05 0.997515 79.0146 
0.998428 0.00891315 -0.0553316 -6.58883 -0.00893498 0.99996 -0.000145585 -0.865602 0.0553282 0.000639657 0.998468 79.5178 
0.999208 0.0139764 -0.0372465 -6.61151 -0.0139807 0.999902 0.000147479 -0.870605 0.037245 0.000373286 0.999306 80.0139 
0.999809 0.0123967 -0.0151011 -6.60967 -0.012388 0.999923 0.00067322 -0.875028 0.0151084 -0.000486102 0.999886 80.4934 
0.999899 0.00881887 0.0110986 -6.58519 -0.00883925 0.999959 0.00178054 -0.884522 -0.0110824 -0.00187855 0.999937 80.9576 
0.999139 0.00780518 0.0407482 -6.55121 -0.00794513 0.999963 0.0032715 -0.891029 -0.0407211 -0.00359252 0.999164 81.413 
0.99723 0.00752196 0.073992 -6.50449 -0.00789703 0.999957 0.00477664 -0.898934 -0.0739528 -0.00534781 0.997247 81.8588 
0.99375 0.00742395 0.111378 -6.43226 -0.0080814 0.999952 0.00545177 -0.90717 -0.111332 -0.00631787 0.993763 82.296 
0.988168 0.00775773 0.153181 -6.34551 -0.00870056 0.999947 0.00548502 -0.911522 -0.15313 -0.00675296 0.988183 82.7205 
0.980093 0.00748235 0.1984 -6.23737 -0.00877167 0.999946 0.00562002 -0.919598 -0.198347 -0.00724851 0.980105 83.1327 
0.968825 0.0096178 0.247558 -6.11273 -0.0108432 0.999935 0.00358647 -0.929851 -0.247507 -0.00615905 0.968866 83.5283 
0.953657 0.0105694 0.300711 -5.96374 -0.0113573 0.999935 0.000871835 -0.939619 -0.300683 -0.00424677 0.953715 83.9056 
0.934174 0.0109102 0.356651 -5.7933 -0.0111613 0.999937 -0.00135426 -0.944511 -0.356643 -0.00271565 0.934237 84.2663 
0.910238 0.0115356 0.413925 -5.60131 -0.0113057 0.999931 -0.00300548 -0.95254 -0.413932 -0.00194406 0.910306 84.6064 
0.881532 0.0116209 0.471981 -5.39111 -0.01064 0.999932 -0.0047474 -0.960287 -0.472005 -0.000836954 0.881596 84.9263 
0.848446 0.0100818 0.529186 -5.15654 -0.00771029 0.999948 -0.00668869 -0.9688 -0.529225 0.00159476 0.84848 85.2244 
0.811806 0.00974275 0.583846 -4.90684 -0.00651078 0.99995 -0.00763364 -0.980075 -0.583891 0.0023957 0.811828 85.5042 
0.771732 0.00849469 0.635891 -4.64389 -0.00563056 0.999963 -0.006525 -0.989656 -0.635923 0.00145507 0.771751 85.7738 
0.728692 0.00813025 0.684794 -4.36441 -0.00704051 0.999966 -0.00438045 -0.996172 -0.684806 -0.00162934 0.728724 86.0272 
0.683054 0.00706703 0.730334 -4.07303 -0.00642809 0.999973 -0.00366436 -1.00572 -0.73034 -0.00219174 0.68308 86.2561 
0.63604 0.00592669 0.771633 -3.76675 -0.00321262 0.999982 -0.00503261 -1.01087 -0.771649 0.000721947 0.636048 86.4623 
0.588676 0.00329331 0.808363 -3.44588 0.00238956 0.99998 -0.00581425 -1.01894 -0.808366 0.00535431 0.588656 86.6478 
0.541417 0.00541027 0.840737 -3.1243 0.000299507 0.999978 -0.00662801 -1.02953 -0.840754 0.00384029 0.541404 86.8203 
0.493686 0.00829816 0.869601 -2.79701 -0.00360093 0.999965 -0.00749797 -1.03901 -0.869633 0.000570246 0.493699 86.9798 
0.447754 0.0106866 0.894093 -2.4647 -0.00448523 0.999943 -0.00970571 -1.04608 -0.894146 0.000335534 0.447776 87.1175 
0.405309 0.00805184 0.914144 -2.1175 0.00291139 0.999945 -0.0100985 -1.05148 -0.914175 0.00675442 0.405263 87.2286 
0.365467 0.00047443 0.930824 -1.75981 0.0178723 0.999812 -0.00752686 -1.05419 -0.930652 0.0193868 0.36539 87.318 
0.329887 -0.00314245 0.944015 -1.39954 0.0219246 0.99975 -0.0043337 -1.05846 -0.943766 0.0221268 0.329873 87.4109 
0.296549 0.00116173 0.955017 -1.03807 0.0191844 0.99979 -0.00717338 -1.06305 -0.954825 0.0204487 0.296465 87.5088 
0.265312 0.00881301 0.964122 -0.676948 0.00810484 0.999902 -0.0113705 -1.07943 -0.964128 0.0108308 0.265215 87.61 
0.237018 0.0133603 0.971413 -0.299347 0.00362222 0.999886 -0.0146358 -1.09449 -0.971498 0.00698762 0.236943 87.6965 
0.211332 0.0150135 0.977299 0.0901442 0.00504238 0.999852 -0.0164505 -1.10894 -0.977401 0.00840442 0.211225 87.763 
0.18794 0.0163207 0.982045 0.4927 0.0127641 0.999737 -0.0190576 -1.11744 -0.982097 0.0161166 0.187682 87.8166 
0.16779 0.0226336 0.985563 0.899833 0.019734 0.999459 -0.0263125 -1.11668 -0.985625 0.0238641 0.167253 87.8629 
0.148102 0.0294935 0.988532 1.32097 0.0216079 0.99922 -0.0330498 -1.11713 -0.988736 0.0262548 0.147349 87.9153 
0.130383 0.0303072 0.991 1.75891 0.0188192 0.999277 -0.0330364 -1.13062 -0.991285 0.0229573 0.129719 87.9723 
0.114943 0.0259002 0.993034 2.21414 0.0170548 0.999461 -0.028042 -1.15192 -0.993226 0.0201592 0.11444 88.0246 
0.100505 0.0226345 0.994679 2.68293 0.0176686 0.999543 -0.0245305 -1.16958 -0.99478 0.0200401 0.100059 88.0679 
0.087084 0.020191 0.995996 3.16353 0.0198315 0.999561 -0.0219974 -1.18689 -0.996003 0.0216677 0.0866454 88.1049 
0.0755883 0.0194428 0.996949 3.65863 0.0239157 0.999487 -0.0213057 -1.19954 -0.996852 0.0254532 0.0750846 88.1343 
0.0653679 0.0201414 0.997658 4.17143 0.026868 0.999398 -0.0219371 -1.21185 -0.997499 0.028239 0.0647874 88.1649 
0.0576313 0.0205272 0.998127 4.69582 0.029009 0.999332 -0.022227 -1.22864 -0.997916 0.0302356 0.0569973 88.1907 
0.0520894 0.0208115 0.998425 5.24298 0.0306458 0.999279 -0.0224283 -1.24472 -0.998172 0.0317659 0.0514141 88.217 
0.0465223 0.0219617 0.998676 5.8068 0.0319078 0.999215 -0.02346 -1.25868 -0.998407 0.032957 0.0457851 88.2453 
0.0405308 0.0227064 0.99892 6.38992 0.0324077 0.999186 -0.0240275 -1.27498 -0.998653 0.0333465 0.039762 88.2722 
0.0361337 0.0227858 0.999087 6.989 0.0346997 0.999108 -0.0240413 -1.29201 -0.998744 0.0355368 0.0353108 88.2943 
0.0334565 0.0227177 0.999182 7.61056 0.0362295 0.999057 -0.023928 -1.30881 -0.998783 0.0370004 0.0326019 88.3136 
0.0303253 0.0223501 0.99929 8.25441 0.03734 0.999027 -0.0234774 -1.32668 -0.998842 0.0380255 0.0294613 88.3405 
0.0279811 0.0217487 0.999372 8.91227 0.0394076 0.998962 -0.0228433 -1.34461 -0.998831 0.0400221 0.027095 88.3625 
0.0274491 0.021429 0.999393 9.58468 0.044221 0.998765 -0.0226302 -1.36345 -0.998645 0.0448154 0.0264676 88.3795 
0.0284853 0.0212131 0.999369 10.2758 0.047691 0.998607 -0.0225563 -1.38133 -0.998456 0.0483034 0.027434 88.4034 
0.0308379 0.0213364 0.999297 10.9862 0.0492351 0.998526 -0.0228395 -1.39887 -0.998311 0.0499048 0.0297419 88.4326 
0.0346644 0.021356 0.999171 11.7081 0.051735 0.998393 -0.0231343 -1.41867 -0.998059 0.0524941 0.0335038 88.4667 
0.039101 0.0209128 0.999016 12.4501 0.0521873 0.998374 -0.022942 -1.43887 -0.997871 0.053033 0.037946 88.503 
0.0431858 0.0193459 0.99888 13.2084 0.0536858 0.998323 -0.0216563 -1.45786 -0.997624 0.0545609 0.0420747 88.5433 
0.047309 0.0179675 0.998719 13.9765 0.0535111 0.998357 -0.0204959 -1.47677 -0.997446 0.0544122 0.0462698 88.5887 
0.051524 0.0159907 0.998544 14.7622 0.0503522 0.998558 -0.0185892 -1.49764 -0.997402 0.0512367 0.0506446 88.6444 
0.0556471 0.0149693 0.998338 15.562 0.0495549 0.998614 -0.0177357 -1.51812 -0.99722 0.0504595 0.0548282 88.7007 
0.059869 0.0159301 0.998079 16.3709 0.0469733 0.99872 -0.0187581 -1.54117 -0.9971 0.0480061 0.0590441 88.7641 
0.062868 0.0200915 0.99782 17.1785 0.0449234 0.998727 -0.0229402 -1.56651 -0.99701 0.0462676 0.0618854 88.8325 
0.0642482 0.0254999 0.997608 17.9841 0.0392866 0.998834 -0.0280614 -1.59382 -0.99716 0.0409955 0.0631714 88.9048 
0.0640336 0.0287799 0.997533 18.8011 0.0365432 0.998846 -0.0311637 -1.62078 -0.997278 0.0384486 0.062908 88.9714 
0.064181 0.028365 0.997535 19.6201 0.0342705 0.998944 -0.0306101 -1.65265 -0.99735 0.0361506 0.0631411 89.04 
0.064109 0.0268238 0.997582 20.4466 0.0315243 0.999085 -0.0288901 -1.68603 -0.997445 0.0333002 0.0632048 89.1101 
0.0638535 0.0255214 0.997633 21.2706 0.0324985 0.999089 -0.0276389 -1.72095 -0.99743 0.0341865 0.0629659 89.1773 
0.0642926 0.0247625 0.997624 22.091 0.0299267 0.999195 -0.0267302 -1.757 -0.997482 0.0315742 0.0634998 89.2451 
0.0645201 0.0251507 0.997599 22.9092 0.0282465 0.999236 -0.0270189 -1.78923 -0.997516 0.029922 0.0637604 89.309 
0.0647126 0.025772 0.997571 23.7273 0.0252142 0.999305 -0.0274525 -1.82463 -0.997585 0.0269295 0.0640178 89.3763 
0.0634963 0.0272443 0.99761 24.5458 0.0223645 0.999337 -0.028715 -1.85742 -0.997731 0.0241343 0.0628449 89.4433 
0.0606917 0.0268548 0.997795 25.3647 0.0191553 0.999422 -0.0280638 -1.88935 -0.997973 0.0208163 0.0601422 89.507 
0.0570077 0.0256116 0.998045 26.1806 0.0168498 0.999504 -0.0266116 -1.92179 -0.998231 0.0183339 0.0565479 89.5641 
0.052335 0.0231821 0.99836 26.9935 0.0149943 0.999599 -0.023997 -1.9551 -0.998517 0.0162256 0.0519664 89.6173 
0.0462662 0.0211837 0.998704 27.8099 0.0129508 0.999678 -0.0218044 -1.98673 -0.998845 0.0139428 0.045977 89.6619 
0.0387583 0.0214567 0.999018 28.6157 0.0125141 0.999681 -0.0219565 -2.01646 -0.99917 0.0133528 0.0384774 89.7036 
0.0301032 0.0224144 0.999295 29.4178 0.0125434 0.999661 -0.0228006 -2.04693 -0.999468 0.0132209 0.0298118 89.7354 
0.0202419 0.0229277 0.999532 30.2235 0.0129288 0.999647 -0.0231922 -2.07284 -0.999711 0.0133922 0.0199383 89.757 
0.0102073 0.0219199 0.999708 31.0224 0.0143121 0.999654 -0.022065 -2.10331 -0.999845 0.0145332 0.00989002 89.7676 
-0.00042673 0.0209322 0.999781 31.8157 0.0134642 0.99969 -0.0209246 -2.13358 -0.999909 0.0134523 -0.000708432 89.7732 
-0.0114097 0.0200602 0.999734 32.6049 0.0149903 0.99969 -0.0198883 -2.16182 -0.999822 0.0147593 -0.0117069 89.7669 
-0.0223612 0.0204237 0.999541 33.3872 0.0151077 0.999684 -0.0200887 -2.18954 -0.999636 0.0146516 -0.0226626 89.7546 
-0.0332367 0.0211057 0.999225 34.1691 0.0155316 0.999667 -0.0205985 -2.21692 -0.999327 0.0148349 -0.0335535 89.7296 
-0.0439106 0.0220639 0.998792 34.9362 0.0150427 0.999657 -0.0214217 -2.24896 -0.998922 0.0140839 -0.0442274 89.7018 
-0.0542527 0.0232646 0.998256 35.7052 0.0161051 0.999619 -0.0224212 -2.27249 -0.998397 0.0148606 -0.0546067 89.6665 
-0.0636389 0.0239154 0.997686 36.4693 0.0167932 0.999597 -0.0228901 -2.3027 -0.997832 0.0152977 -0.0640148 89.6169 
-0.0732417 0.0245034 0.997013 37.2258 0.0173549 0.999578 -0.0232916 -2.3277 -0.997163 0.0155971 -0.073636 89.5635 
-0.0825422 0.0249783 0.996274 37.9736 0.0183383 0.999555 -0.0235413 -2.35506 -0.996419 0.0163268 -0.0829635 89.5054 
-0.0910854 0.0244709 0.995542 38.7115 0.0196483 0.999548 -0.0227718 -2.38076 -0.995649 0.0174866 -0.091525 89.442 
-0.0985048 0.0233386 0.994863 39.4393 0.0214707 0.999542 -0.0213226 -2.40868 -0.994905 0.01926 -0.0989608 89.3734 
-0.103675 0.0217216 0.994374 40.1606 0.0243744 0.999517 -0.0192927 -2.43455 -0.994312 0.0222371 -0.104155 89.2997 
-0.107392 0.0202334 0.994011 40.8731 0.0275038 0.999471 -0.0173731 -2.4576 -0.993836 0.0254734 -0.107891 89.2256 
-0.1099 0.0190733 0.99376 41.5811 0.0291525 0.999447 -0.0159586 -2.4833 -0.993515 0.0272168 -0.110395 89.1472 
-0.111469 0.0181803 0.993601 42.2699 0.0293851 0.999456 -0.0149909 -2.51001 -0.993333 0.0275261 -0.111943 89.0707 
-0.112193 0.0185577 0.993513 42.9468 0.0301011 0.99943 -0.0152691 -2.5336 -0.99323 0.0281928 -0.112687 88.9996 
-0.111309 0.0194142 0.993596 43.6065 0.030868 0.999394 -0.0160696 -2.56202 -0.993306 0.0288817 -0.111841 88.9321 
-0.108334 0.0210322 0.993892 44.2631 0.0319142 0.999334 -0.0176688 -2.58584 -0.993602 0.0298052 -0.108933 88.869 
-0.10306 0.0214618 0.994443 44.8723 0.0317263 0.999329 -0.0182793 -2.60837 -0.994169 0.0296662 -0.103672 88.8084 
-0.0951781 0.0221791 0.995213 45.4793 0.0312524 0.999325 -0.0192819 -2.6313 -0.994969 0.0292676 -0.095807 88.764 
-0.0838561 0.0221405 0.996232 46.0628 0.0301468 0.999352 -0.0196724 -2.65244 -0.996022 0.0283835 -0.0844692 88.726 
-0.0701931 0.0223101 0.997284 46.6314 0.0293188 0.999364 -0.0202931 -2.67672 -0.997102 0.0278147 -0.0708026 88.7021 
-0.0529455 0.0235502 0.99832 47.1777 0.0284328 0.999352 -0.0220667 -2.70104 -0.998192 0.0272167 -0.0535807 88.6905 
-0.0315864 0.0260692 0.999161 47.713 0.0268884 0.99932 -0.0252234 -2.72399 -0.999139 0.0260692 -0.0322659 88.6928 
-0.0069229 0.0290584 0.999554 48.252 0.0249152 0.999272 -0.0288778 -2.74638 -0.999666 0.0247041 -0.00764186 88.7104 
0.0216021 0.0308422 0.999291 48.7793 0.0231274 0.999241 -0.0313407 -2.76852 -0.999499 0.023788 0.0208724 88.7425 
0.0551379 0.0304222 0.998015 49.3081 0.0211237 0.999276 -0.0316277 -2.79013 -0.998255 0.0228256 0.0544554 88.7925 
0.0936658 0.0281337 0.995206 49.8327 0.0203591 0.999337 -0.0301667 -2.80721 -0.995395 0.0230871 0.093031 88.8611 
0.136153 0.0241507 0.990393 50.3496 0.018019 0.999477 -0.0268494 -2.83332 -0.990524 0.0215016 0.135647 88.9574 
0.182223 0.019817 0.983057 50.8501 0.0154805 0.999615 -0.0230204 -2.85459 -0.983135 0.0194131 0.181846 89.0708 
0.231467 0.0166238 0.972701 51.3408 0.0109948 0.999745 -0.0197025 -2.87337 -0.972781 0.0152552 0.231225 89.2133 
0.283929 0.0151504 0.958725 51.8192 0.00772583 0.999806 -0.0180878 -2.89052 -0.958814 0.0125426 0.283757 89.3789 
0.339731 0.014547 0.94041 52.2857 0.00675981 0.999817 -0.0179081 -2.91011 -0.940498 0.0124409 0.339571 89.571 
0.398765 0.0148344 0.916933 52.7346 0.00885406 0.99976 -0.020025 -2.9268 -0.91701 0.0161038 0.398538 89.7873 
0.459109 0.0179533 0.888198 53.1621 0.00970818 0.999635 -0.025224 -2.94466 -0.888327 0.0202034 0.458767 90.0373 
0.518479 0.0212072 0.854827 53.5567 0.0106969 0.999453 -0.0312833 -2.961 -0.855023 0.0253637 0.517969 90.3189 
0.576179 0.0256402 0.816921 53.9282 0.00628789 0.999339 -0.0358007 -2.9758 -0.817299 0.0257643 0.575637 90.6371 
0.631384 0.0289971 0.774928 54.2656 0.00179723 0.999243 -0.0388552 -2.98807 -0.775468 0.0259253 0.630854 90.979 
0.683754 0.0298911 0.7291 54.5788 -7.14854e-05 0.999163 -0.040896 -3.00514 -0.729713 0.0279107 0.683184 91.333 
0.732107 0.02799 0.680615 54.8581 -0.0007435 0.999188 -0.0402916 -3.02515 -0.681189 0.0289917 0.731533 91.6949 
0.776805 0.0250628 0.629242 55.1225 -0.00358873 0.999368 -0.0353748 -3.04265 -0.629731 0.0252211 0.776404 92.0932 
0.817498 0.0200743 0.575582 55.3612 -0.00448052 0.999584 -0.0284984 -3.05929 -0.575914 0.0207184 0.817247 92.5124 
0.853252 0.017889 0.521192 55.5595 -0.0074053 0.999726 -0.0221906 -3.07743 -0.521446 0.0150746 0.853151 92.9292 
0.883817 0.0144493 0.467609 55.7403 -0.00836901 0.999851 -0.0150779 -3.09031 -0.467758 0.00941265 0.883807 93.371 
0.908874 0.0150284 0.4168 55.8927 -0.0121505 0.99988 -0.00955703 -3.10726 -0.416894 0.00362173 0.908948 93.8214 
0.928443 0.0172919 0.371072 56.0224 -0.0161949 0.99985 -0.00607261 -3.12175 -0.371122 -0.000371484 0.928584 94.2732 
0.943291 0.0232657 0.331151 56.1327 -0.0234421 0.999719 -0.00346216 -3.13157 -0.331139 -0.00449714 0.943571 94.7388 
0.954806 0.0272559 0.295976 56.2356 -0.0271232 0.999622 -0.00455558 -3.13318 -0.295988 -0.00367817 0.955185 95.2112 
0.963866 0.028661 0.26484 56.3417 -0.028522 0.999584 -0.00437149 -3.13704 -0.264855 -0.0033403 0.964282 95.677 
0.969811 0.0230119 0.242768 56.4466 -0.0226956 0.999734 -0.0041003 -3.14428 -0.242798 -0.00153332 0.970076 96.1543 
0.973621 0.0201319 0.227283 56.5438 -0.0198513 0.999797 -0.00352112 -3.15436 -0.227308 -0.00108371 0.973822 96.6414 
0.976411 0.0242417 0.214555 56.6315 -0.0239731 0.999705 -0.00385461 -3.16059 -0.214585 -0.00137995 0.976704 97.1391 
0.978362 0.0296382 0.204764 56.7172 -0.0295511 0.999557 -0.00348466 -3.16357 -0.204777 -0.00264182 0.978805 97.643 
0.979352 0.0373701 0.198676 56.8001 -0.0371431 0.999298 -0.00487111 -3.16681 -0.198718 -0.00260896 0.980053 98.158 
0.979689 0.0431537 0.195826 56.8845 -0.0423048 0.999068 -0.00851806 -3.17562 -0.196011 6.0603e-05 0.980602 98.6809 
0.979832 0.0441719 0.194877 56.9826 -0.0428412 0.999021 -0.0110406 -3.18659 -0.195174 0.00246908 0.980765 99.2149 
0.97939 0.042946 0.197361 57.0891 -0.0408773 0.999058 -0.0145465 -3.19931 -0.197799 0.00617908 0.980223 99.7523 
0.97869 0.0412158 0.201164 57.2025 -0.0377515 0.999066 -0.0210296 -3.20765 -0.201843 0.0129872 0.979332 100.302 
0.977833 0.0413694 0.205258 57.3176 -0.0368588 0.998989 -0.0257524 -3.219 -0.206116 0.0176159 0.978369 100.864 
0.976679 0.0461542 0.209683 57.4276 -0.0417387 0.998805 -0.0254374 -3.23343 -0.210606 0.0160922 0.977438 101.444 
0.975287 0.0492463 0.215383 57.5438 -0.0456929 0.998725 -0.0214501 -3.24974 -0.216164 0.0110785 0.976294 102.038 
0.974375 0.0463065 0.220111 57.6747 -0.0436386 0.998903 -0.0169706 -3.26454 -0.220656 0.00693034 0.975327 102.646 
0.973719 0.0418202 0.223881 57.8168 -0.0402853 0.999123 -0.0114214 -3.27907 -0.224162 0.00210205 0.97455 103.266 
0.972962 0.039123 0.227626 57.958 -0.038569 0.999232 -0.0068836 -3.29025 -0.22772 -0.0020819 0.973724 103.897 
0.972432 0.0345743 0.23061 58.1044 -0.0340591 0.9994 -0.00621634 -3.30081 -0.230686 -0.00180945 0.973026 104.532 
0.972504 0.0310067 0.230812 58.2561 -0.0296926 0.999517 -0.00916611 -3.31409 -0.230985 0.00206058 0.972955 105.177 
0.972605 0.0292154 0.230622 58.3881 -0.0262547 0.999529 -0.0158971 -3.34335 -0.230977 0.00940663 0.972914 105.825 
0.972747 0.0313321 0.229743 58.5332 -0.0268583 0.999384 -0.0225752 -3.35792 -0.230309 0.0157894 0.972989 106.486 
0.973317 0.0342906 0.226889 58.6809 -0.0290382 0.999228 -0.0264487 -3.36847 -0.227621 0.0191544 0.973561 107.166 
0.973934 0.0326194 0.224474 58.8314 -0.0283355 0.99935 -0.0222803 -3.38398 -0.225054 0.0153389 0.974225 107.868 
0.974355 0.0285341 0.223199 58.9859 -0.0259018 0.999556 -0.014713 -3.40405 -0.22352 0.00855441 0.974662 108.582 
0.974939 0.0287024 0.220613 59.1384 -0.0274148 0.999584 -0.00889724 -3.42439 -0.220777 0.00262613 0.975321 109.305 
0.975246 0.0319737 0.218799 59.2853 -0.0306226 0.999485 -0.00956514 -3.44111 -0.218992 0.00262811 0.975723 110.037 
0.97555 0.0375464 0.216544 59.4299 -0.0353048 0.999275 -0.0142124 -3.45508 -0.216921 0.0062198 0.976169 110.778 
0.976395 0.0383426 0.21256 59.5796 -0.0349894 0.999197 -0.0195163 -3.47059 -0.213138 0.0116182 0.976953 111.523 
0.977308 0.0369268 0.208581 59.7324 -0.0329881 0.999206 -0.0223319 -3.48806 -0.20924 0.0149443 0.97775 112.285 
0.978192 0.0343244 0.204849 59.8793 -0.0306801 0.99931 -0.020941 -3.50602 -0.205426 0.0141994 0.97857 113.067 
0.979024 0.0304349 0.20146 60.0327 -0.0271839 0.999452 -0.0188852 -3.52826 -0.201925 0.0130125 0.979315 113.852 
0.979447 0.0294064 0.199547 60.1865 -0.0267325 0.999513 -0.0160817 -3.5519 -0.199923 0.0104167 0.979756 114.645 
0.979812 0.0259742 0.198227 60.3442 -0.0237129 0.999624 -0.0137742 -3.57034 -0.19851 0.00879556 0.980059 115.451 
0.980039 0.0205877 0.197734 60.5034 -0.018482 0.999751 -0.0124893 -3.58798 -0.197942 0.00858541 0.980176 116.256 
0.980152 0.0215505 0.197074 60.6538 -0.0197822 0.999744 -0.0109377 -3.6066 -0.197259 0.00682193 0.980328 117.073 
0.97995 0.0267171 0.197445 60.7991 -0.0246337 0.999612 -0.0130011 -3.62386 -0.197716 0.00787654 0.980228 117.9 
0.979695 0.0322889 0.197876 60.9478 -0.0296068 0.999425 -0.0164993 -3.64092 -0.198295 0.0103057 0.980088 118.73 
0.979177 0.0410664 0.198813 61.0926 -0.0382157 0.999104 -0.0181572 -3.65968 -0.199381 0.0101812 0.979869 119.562 
0.978308 0.0469848 0.201755 61.2414 -0.0443493 0.998862 -0.0175664 -3.6833 -0.20235 0.00823766 0.979278 120.4 
0.977596 0.0493819 0.204613 61.3974 -0.0472106 0.998765 -0.0154829 -3.71201 -0.205125 0.0054761 0.97872 121.244 
0.977038 0.0497914 0.207166 61.5625 -0.0474492 0.998741 -0.0162629 -3.73561 -0.207715 0.00605951 0.978171 122.094 
0.976732 0.0482014 0.208975 61.7339 -0.0452252 0.998796 -0.0190003 -3.75738 -0.209639 0.00910717 0.977736 122.94 
0.976747 0.0419084 0.21026 61.9144 -0.0390583 0.99908 -0.0176919 -3.78146 -0.210808 0.00906802 0.977485 123.785 
0.977 0.0349361 0.210359 62.094 -0.0316236 0.999317 -0.0190918 -3.80767 -0.210882 0.0120003 0.977438 124.628 
0.976774 0.0344028 0.211492 62.2705 -0.0310537 0.999334 -0.0191378 -3.83661 -0.21201 0.0121256 0.977192 125.476 
0.976257 0.0369504 0.213443 62.4392 -0.0342558 0.99928 -0.0163112 -3.85748 -0.213891 0.00861217 0.976819 126.326 
0.97588 0.0389942 0.214796 62.6055 -0.0375664 0.999236 -0.0107273 -3.87921 -0.21505 0.00239938 0.9766 127.168 
0.97556 0.0425635 0.215571 62.7722 -0.0421701 0.99909 -0.00642661 -3.90351 -0.215649 -0.0028212 0.976467 128.004 
0.97535 0.0416551 0.216694 62.9418 -0.0397998 0.999124 -0.0129214 -3.92765 -0.217043 0.00397841 0.976154 128.836 
0.975597 0.0373471 0.216371 63.1197 -0.0322241 0.999112 -0.0271589 -3.95325 -0.217193 0.0195237 0.975933 129.652 
0.975819 0.0350195 0.215755 63.2955 -0.0278625 0.998959 -0.0361261 -3.98218 -0.216795 0.029241 0.975779 130.459 
0.976103 0.0319381 0.214946 63.469 -0.026701 0.999273 -0.0272253 -4.00578 -0.215659 0.0208354 0.976246 131.286 
0.976531 0.0255826 0.213851 63.6476 -0.0247865 0.999672 -0.0064041 -4.03485 -0.213945 0.000953104 0.976845 132.128 
0.976815 0.0220119 0.21295 63.8183 -0.0244532 0.999662 0.00883597 -4.06083 -0.212684 -0.0138385 0.977023 132.976 
0.976798 0.0266397 0.212498 63.9756 -0.0279253 0.999605 0.0030498 -4.07562 -0.212333 -0.00891318 0.977157 133.789 
0.977004 0.0346991 0.21038 64.1288 -0.0327176 0.999381 -0.0128934 -4.0878 -0.210697 0.00571368 0.977535 134.592 
0.97723 0.0347616 0.209314 64.2873 -0.0310898 0.9993 -0.0208087 -4.10284 -0.209891 0.0138273 0.977627 135.406 
0.977784 0.030664 0.207361 64.4506 -0.0267826 0.99941 -0.0215007 -4.12995 -0.207897 0.0154693 0.978028 136.223 
0.978411 0.0301958 0.204449 64.6114 -0.026713 0.999447 -0.0197745 -4.16194 -0.204934 0.0138861 0.978677 137.045 
0.979163 0.029702 0.200892 64.7644 -0.0259489 0.999436 -0.0212906 -4.18344 -0.201411 0.0156339 0.979382 137.862 
0.980109 0.0308563 0.196045 64.9105 -0.0269224 0.99938 -0.0227007 -4.21404 -0.196624 0.016971 0.980332 138.675 
0.98048 0.0360074 0.193295 65.0485 -0.0322128 0.999222 -0.0227401 -4.24558 -0.193963 0.0160696 0.980877 139.486 
0.980609 0.0422345 0.191368 65.1791 -0.03851 0.99899 -0.023142 -4.27042 -0.192152 0.0153236 0.981245 140.291 
0.980985 0.0433466 0.189179 65.3231 -0.0400659 0.998973 -0.0211343 -4.29729 -0.1899 0.0131528 0.981715 141.098 
0.981278 0.0411744 0.188141 65.4644 -0.0387771 0.999113 -0.0164067 -4.3245 -0.18865 0.00880393 0.982005 141.905 
0.981697 0.0397709 0.18625 65.6087 -0.0373862 0.999168 -0.0163004 -4.35182 -0.186743 0.00903881 0.982367 142.707 
0.98223 0.0378951 0.183813 65.7457 -0.0349689 0.999205 -0.0191365 -4.38282 -0.184392 0.0123687 0.982775 143.503 
0.983315 0.0330147 0.178889 65.8868 -0.029409 0.999308 -0.0227714 -4.40914 -0.179517 0.0171304 0.983606 144.291 
0.984551 0.0302897 0.172455 66.0176 -0.0265766 0.999363 -0.0238006 -4.43284 -0.173066 0.0188496 0.98473 145.082 
0.985727 0.0282666 0.165961 66.1417 -0.0255278 0.999501 -0.0186134 -4.45635 -0.166404 0.014111 0.985957 145.878 
0.98685 0.0253767 0.159637 66.2614 -0.0240822 0.999659 -0.0100392 -4.48185 -0.159837 0.00606275 0.987125 146.687 
0.987501 0.0225346 0.155994 66.3819 -0.0226776 0.999742 -0.000863682 -4.49687 -0.155973 -0.00268476 0.987758 147.495 
0.98797 0.0292639 0.151849 66.4791 -0.0298595 0.999553 0.0016426 -4.50896 -0.151733 -0.00615704 0.988402 148.299 
0.988602 0.0320318 0.147107 66.5783 -0.0319261 0.999485 -0.00308091 -4.5225 -0.147129 -0.00165082 0.989116 149.094 
0.989744 0.0322911 0.139155 66.6829 -0.030742 0.999439 -0.0132686 -4.53809 -0.139505 0.00885455 0.990182 149.885 
0.990723 0.0289858 0.132765 66.7791 -0.0267212 0.999466 -0.0188082 -4.54672 -0.13324 0.015086 0.990969 150.684 
0.991615 0.0281114 0.126128 66.8664 -0.0260747 0.999502 -0.0177713 -4.56578 -0.126565 0.0143334 0.991855 151.499 
0.992354 0.034588 0.118475 66.9393 -0.0330951 0.999346 -0.0145464 -4.58578 -0.1189 0.0105141 0.99285 152.321 
0.99305 0.0402172 0.110611 67.0019 -0.0386596 0.999121 -0.016192 -4.60816 -0.111165 0.0118032 0.993732 153.133 
0.994023 0.0430738 0.100316 67.067 -0.0410742 0.998916 -0.021915 -4.63176 -0.101151 0.0176635 0.994714 153.941 
0.99491 0.0415001 0.0918271 67.1295 -0.0394249 0.998927 -0.0243007 -4.65336 -0.092737 0.0205567 0.995478 154.758 
0.995619 0.0415976 0.0837336 67.1848 -0.0399162 0.998968 -0.0216573 -4.67497 -0.0845481 0.0182201 0.996253 155.58 
0.996117 0.0443416 0.0760531 67.2265 -0.0433658 0.998955 -0.0144356 -4.70033 -0.0766136 0.0110814 0.996999 156.404 
0.996529 0.0479027 0.0680882 67.2578 -0.0473896 0.998835 -0.00913319 -4.71652 -0.0684463 0.00587473 0.997637 157.227 
0.997074 0.0467888 0.0604433 67.2934 -0.046527 0.9989 -0.00573308 -4.73349 -0.060645 0.00290398 0.998155 158.055 
0.997398 0.0476721 0.0540825 67.3248 -0.0475466 0.998862 -0.00360827 -4.74901 -0.0541929 0.00102736 0.99853 158.883 
0.997652 0.0468574 0.0499459 67.3524 -0.0466483 0.998897 -0.00534722 -4.76502 -0.0501413 0.00300469 0.998738 159.709 
0.997646 0.0514845 0.0453002 67.372 -0.0510461 0.998638 -0.010784 -4.78211 -0.0457936 0.00844614 0.998915 160.527 
0.997495 0.0573401 0.0414119 67.3806 -0.0566595 0.998241 -0.0174293 -4.80118 -0.0423384 0.0150391 0.99899 161.343 
0.997556 0.0584787 0.0382466 67.3952 -0.0577541 0.998135 -0.0197876 -4.81982 -0.0393323 0.0175303 0.999072 162.162 
0.997573 0.0601177 0.0351197 67.4103 -0.0596707 0.998125 -0.0136445 -4.83937 -0.035874 0.0115157 0.99929 162.996 
0.997509 0.0622494 0.0331673 67.4205 -0.0621727 0.99806 -0.00334265 -4.85463 -0.0333109 0.00127214 0.999444 163.83 
0.997524 0.0635922 0.0300143 67.4305 -0.0637411 0.997958 0.00402759 -4.87129 -0.0296968 -0.00593084 0.999541 164.659 
0.997879 0.0601316 0.0249109 67.4376 -0.0601722 0.998188 0.000882721 -4.88628 -0.0248126 -0.00237987 0.999689 165.482 
0.99869 0.0475137 0.018965 67.456 -0.0473537 0.998839 -0.00880127 -4.8968 -0.0193611 0.0078916 0.999781 166.299 
0.998906 0.0453367 0.0114358 67.461 -0.0451819 0.998888 -0.0134521 -4.90461 -0.0120329 0.0129206 0.999844 167.12 
0.998783 0.0491069 0.00466722 67.4453 -0.0490472 0.998722 -0.0121604 -4.91814 -0.00525833 0.0119166 0.999915 167.952 
0.998887 0.0470963 -0.00268344 67.4284 -0.0471119 0.998871 -0.00606008 -4.93523 0.00239509 0.00617967 0.999978 168.787 
0.999075 0.0417666 -0.0102595 67.414 -0.0417924 0.999124 -0.00230497 -4.94929 0.0101544 0.00273152 0.999945 169.621 
0.999326 0.0331234 -0.015806 67.3936 -0.0331016 0.999451 0.00164129 -4.95282 0.0158518 -0.00111706 0.999874 170.462 
0.999339 0.0287619 -0.022212 67.369 -0.0287333 0.999586 0.00161221 -4.96394 0.0222493 -0.000973005 0.999752 171.3 
0.999266 0.02544 -0.0286386 67.3345 -0.0255976 0.999659 -0.00514781 -4.97978 0.028498 0.00587703 0.999576 172.132 
0.999218 0.0159345 -0.036177 67.298 -0.0164997 0.999746 -0.0153754 -4.99037 0.0359229 0.0159602 0.999227 172.965 
0.999072 0.00572272 -0.0426846 67.2677 -0.00656144 0.999788 -0.0195331 -5.00283 0.0425639 0.019795 0.998898 173.799 
0.998739 0.00922357 -0.0493529 67.2145 -0.00983121 0.999879 -0.012082 -5.01976 0.0492356 0.0125518 0.998708 174.638 
0.998311 0.0201108 -0.0545087 67.1413 -0.0200944 0.999798 0.000850444 -5.0343 0.0545149 0.00024623 0.998513 175.488 
0.997926 0.0250487 -0.0592982 67.0715 -0.0245711 0.99966 0.00877122 -5.05044 0.0594978 -0.0072961 0.998202 176.335 
0.997714 0.0245114 -0.0629688 67.0019 -0.0241941 0.99969 0.00579878 -5.05943 0.0630915 -0.00426214 0.997999 177.177 
0.997545 0.0258434 -0.0650789 66.9308 -0.0262249 0.999643 -0.00501355 -5.0682 0.0649262 0.00670785 0.997867 178.007 
0.997013 0.0360138 -0.0683172 66.8512 -0.0370864 0.999207 -0.0144962 -5.07542 0.067741 0.0169865 0.997558 178.835 
0.996912 0.0343385 -0.0706248 66.7773 -0.0357006 0.999198 -0.0181138 -5.09203 0.0699463 0.0205791 0.997338 179.68 
0.996906 0.0290245 -0.0730508 66.7155 -0.0300563 0.999463 -0.0130636 -5.11358 0.0726324 0.0152187 0.997243 180.536 
0.996918 0.0292386 -0.0727914 66.6443 -0.0296303 0.999552 -0.00430543 -5.13051 0.0726329 0.00644891 0.997338 181.399 
0.996884 0.0311121 -0.0724813 66.5609 -0.0311161 0.999515 0.0010754 -5.14424 0.0724797 0.0011832 0.997369 182.26 
0.996754 0.0308267 -0.0743667 66.4873 -0.0308871 0.999523 0.000339037 -5.15838 0.0743418 0.00195895 0.997231 183.113 
0.996682 0.0271603 -0.0767326 66.4133 -0.0279196 0.999571 -0.00883956 -5.17416 0.0764597 0.0109525 0.997012 183.962 
0.99673 0.0161302 -0.0791817 66.3494 -0.0177843 0.999637 -0.0202288 -5.19134 0.0788267 0.0215708 0.996655 184.81 
0.996682 0.00566493 -0.0812012 66.2867 -0.00766005 0.999676 -0.0242786 -5.21117 0.0810374 0.0248199 0.996402 185.659 
0.996569 0.00812295 -0.0823674 66.2035 -0.00979457 0.999754 -0.01991 -5.23373 0.0821855 0.0206484 0.996403 186.517 
0.996406 0.0141732 -0.0835097 66.109 -0.0150041 0.999844 -0.00932883 -5.25801 0.0833645 0.0105482 0.996463 187.382 
0.996249 0.0152068 -0.0851836 66.0229 -0.0157477 0.99986 -0.00568086 -5.28342 0.0850853 0.00700091 0.996349 188.232 
0.996184 0.014249 -0.0861102 65.943 -0.0151187 0.999841 -0.00945477 -5.30376 0.0859619 0.0107205 0.996241 189.071 
0.996202 0.0144129 -0.0858665 65.8577 -0.0158175 0.999752 -0.0156998 -5.31972 0.085619 0.0169983 0.996183 189.907 
0.996055 0.0211975 -0.086165 65.764 -0.0226792 0.999611 -0.0162526 -5.33899 0.085787 0.0181426 0.996148 190.743 
0.995956 0.0239749 -0.0865796 65.6757 -0.0252099 0.999595 -0.0131981 -5.36195 0.0862282 0.0153273 0.996157 191.578 
0.995798 0.0277114 -0.0872822 65.5856 -0.0286985 0.999537 -0.0100739 -5.3847 0.0869627 0.0125364 0.996133 192.412 
0.995681 0.0314562 -0.0873449 65.497 -0.0322193 0.999454 -0.00734033 -5.4034 0.0870664 0.0101227 0.996151 193.241 
0.995527 0.0342112 -0.088069 65.4094 -0.0350204 0.999357 -0.00765858 -5.42283 0.0877505 0.0107085 0.996085 194.065 
