1 -4.23778e-08 4.22719e-08 0 -4.23778e-08 1 -4.19404e-08 0 4.22719e-08 -4.19404e-08 1 0 
0.99999 -0.00263695 -0.0034891 -0.00530646 0.00262966 0.999994 -0.00206805 -0.00495157 0.00349461 0.00205877 0.999992 0.678061 
0.999971 -0.00116889 -0.00755665 -0.0220602 0.00114086 0.999992 -0.00370177 -0.00741371 0.00756101 0.00369296 0.999965 1.37473 
0.999932 -0.00117576 -0.0116118 -0.0417776 0.00111485 0.999986 -0.00524369 -0.0103534 0.0116178 0.0052303 0.999919 2.09216 
0.999859 5.7679e-05 -0.0167634 -0.0621158 -0.000154128 0.999983 -0.00574728 -0.0171259 0.0167628 0.00574897 0.999843 2.82641 
0.999773 -0.00106022 -0.021275 -0.0859543 0.000935591 0.999982 -0.00586324 -0.0276369 0.021281 0.00584192 0.999756 3.57535 
0.999664 0.000695587 -0.0259 -0.118392 -0.000880871 0.999974 -0.00713985 -0.034665 0.0258945 0.00716019 0.999639 4.34209 
0.999511 0.00340315 -0.031078 -0.151372 -0.00364854 0.999963 -0.00783998 -0.0430948 0.0310502 0.00794945 0.999486 5.11972 
0.999367 0.00369903 -0.0353937 -0.191471 -0.00392345 0.999973 -0.00627084 -0.051246 0.0353696 0.00640565 0.999354 5.90619 
0.9992 0.00278078 -0.0399008 -0.232431 -0.00292205 0.99999 -0.00348076 -0.0620957 0.0398908 0.00359448 0.999197 6.71241 
0.999047 0.00234846 -0.0435927 -0.274702 -0.00238938 0.999997 -0.000884708 -0.0691707 0.0435905 0.000987939 0.999049 7.52856 
0.998912 0.00385471 -0.0464659 -0.326602 -0.0039295 0.999991 -0.00151653 -0.0771659 0.0464597 0.00169738 0.998919 8.35619 
0.998798 0.00332178 -0.0489027 -0.376676 -0.00341653 0.999992 -0.00185237 -0.0828598 0.0488963 0.00201714 0.998802 9.18378 
0.99872 0.000484275 -0.0505674 -0.426125 -0.000607371 0.999997 -0.00241732 -0.0892867 0.0505662 0.00244485 0.998718 10.0154 
0.998608 0.000305649 -0.0527352 -0.48065 -0.000394714 0.999998 -0.00167695 -0.0962385 0.0527347 0.00169535 0.998607 10.856 
0.998525 -0.00123913 -0.0542815 -0.534864 0.00114096 0.999998 -0.00183788 -0.107343 0.0542838 0.00177315 0.998524 11.7117 
0.998425 0.000742075 -0.0560923 -0.595428 -0.000976311 0.999991 -0.00414714 -0.11953 0.0560888 0.00419529 0.998417 12.5701 
0.998342 0.00105995 -0.057554 -0.659602 -0.00145055 0.999976 -0.00674378 -0.129536 0.0575456 0.006816 0.99832 13.4377 
0.998233 0.00490049 -0.0592167 -0.731787 -0.00540281 0.999951 -0.00832417 -0.141203 0.0591731 0.00862931 0.99821 14.3163 
0.998168 0.00582894 -0.0602171 -0.798684 -0.00631146 0.999949 -0.00782453 -0.156025 0.0601685 0.00819017 0.998155 15.2039 
0.998086 0.00484243 -0.0616563 -0.864491 -0.00523565 0.999967 -0.00621632 -0.17119 0.0616243 0.00652714 0.998078 16.0991 
0.997983 0.00536115 -0.0632531 -0.932728 -0.00566717 0.999973 -0.00465833 -0.183494 0.0632265 0.00500731 0.997987 17.0046 
0.997916 0.00473435 -0.0643505 -0.999594 -0.0050422 0.999977 -0.00462104 -0.194653 0.0643272 0.00493579 0.997917 17.9085 
0.997809 0.00454624 -0.066006 -1.07138 -0.00491549 0.999973 -0.00543157 -0.209797 0.0659797 0.00574403 0.997804 18.8123 
0.997744 0.00318365 -0.0670619 -1.14526 -0.00361249 0.999974 -0.00627312 -0.220083 0.0670403 0.00650114 0.997729 19.7273 
0.997707 0.00301844 -0.0676081 -1.21815 -0.00333618 0.999984 -0.00458622 -0.231432 0.0675932 0.00480117 0.997701 20.6531 
0.997684 0.00432743 -0.0678784 -1.29332 -0.00442447 0.999989 -0.00127813 -0.242208 0.0678722 0.00157541 0.997693 21.5877 
0.997748 0.00529064 -0.0668597 -1.37329 -0.00514232 0.999984 0.00239149 -0.251619 0.0668714 -0.00204238 0.997759 22.5236 
0.997858 0.00418394 -0.0652747 -1.44447 -0.00384652 0.999978 0.00529528 -0.258315 0.0652956 -0.00503295 0.997853 23.4614 
0.997953 0.00444542 -0.0637981 -1.5166 -0.00407321 0.999974 0.00596427 -0.261773 0.063823 -0.00569228 0.997945 24.4087 
0.998032 0.0047186 -0.062521 -1.58604 -0.00453122 0.999985 0.00313987 -0.267272 0.0625349 -0.00285048 0.998039 25.3559 
0.998092 0.00541301 -0.0615127 -1.65924 -0.00553735 0.999983 -0.0018497 -0.271011 0.0615017 0.0021867 0.998104 26.3048 
0.998166 0.00468773 -0.0603479 -1.72727 -0.0049909 0.999976 -0.00487263 -0.278616 0.0603237 0.0051648 0.998165 27.2644 
0.998215 0.00214485 -0.0596885 -1.79567 -0.00238073 0.99999 -0.00387973 -0.290037 0.0596796 0.00401482 0.998209 28.2332 
0.998201 0.000454483 -0.059948 -1.86268 -0.000383455 0.999999 0.0011977 -0.302368 0.0599485 -0.00117265 0.998201 29.2073 
0.998143 -0.00341035 -0.0608135 -1.92737 0.00370704 0.999982 0.00476784 -0.314751 0.0607962 -0.00498451 0.998138 30.1882 
0.998011 -0.0109289 -0.062082 -1.98798 0.0112039 0.999929 0.00408376 -0.32132 0.062033 -0.00477129 0.998063 31.1718 
0.997897 -0.0129771 -0.0635003 -2.05582 0.0130194 0.999915 0.000253499 -0.328653 0.0634917 -0.00107979 0.997982 32.1506 
0.997805 -0.0129427 -0.0649385 -2.12924 0.012728 0.999912 -0.00371722 -0.339487 0.064981 0.00288244 0.997882 33.1266 
0.997679 -0.011401 -0.0671278 -2.21128 0.0111319 0.999928 -0.00438077 -0.352266 0.067173 0.00362326 0.997735 34.1109 
0.997643 -0.011211 -0.0676955 -2.29095 0.0110304 0.999934 -0.00303859 -0.364736 0.0677252 0.00228463 0.997701 35.0985 
0.997573 -0.00830399 -0.0691352 -2.37623 0.00830028 0.999965 -0.000339828 -0.377962 0.0691357 -0.000234925 0.997607 36.0996 
0.997504 -0.0084608 -0.0700942 -2.4596 0.00854922 0.999963 0.000962797 -0.39159 0.0700836 -0.00155973 0.99754 37.0923 
0.997447 -0.00724033 -0.0710427 -2.55184 0.00751197 0.999965 0.00355837 -0.40076 0.0710145 -0.00408304 0.997467 38.0912 
0.997468 -0.0072521 -0.0707395 -2.63539 0.00774039 0.999948 0.00663209 -0.413378 0.0706878 -0.00716294 0.997473 39.0846 
0.997437 -0.00147008 -0.0715366 -2.7261 0.00210795 0.999959 0.00884315 -0.417798 0.0715208 -0.00897137 0.997399 40.0851 
0.997426 -0.00151444 -0.0716849 -2.81284 0.00210356 0.999965 0.00814451 -0.422924 0.0716701 -0.00827443 0.997394 41.0879 
0.997433 -0.00131016 -0.0715876 -2.8974 0.00177656 0.999978 0.00645302 -0.42912 0.0715777 -0.00656372 0.997413 42.0837 
0.997434 0.000893145 -0.0715903 -2.98877 -0.000586565 0.99999 0.00430446 -0.436893 0.0715936 -0.00425151 0.997425 43.0756 
0.997373 0.000392584 -0.0724321 -3.07112 -9.1245e-05 0.999991 0.00416468 -0.441843 0.0724332 -0.00414722 0.997365 44.0755 
0.997269 -0.00161557 -0.0738297 -3.15517 0.00201832 0.999983 0.00538195 -0.449584 0.0738199 -0.00551635 0.997256 45.0699 
0.997207 -0.00111799 -0.0746785 -3.23845 0.00160769 0.999978 0.0064988 -0.459073 0.0746696 -0.0066008 0.997186 46.0568 
0.997201 0.00132869 -0.0747529 -3.32968 -0.0011188 0.999995 0.00285064 -0.469474 0.0747564 -0.00275912 0.997198 47.0285 
0.997127 0.00185634 -0.0757225 -3.41608 -0.00195898 0.999997 -0.00128013 -0.47845 0.07572 0.00142471 0.997128 47.9959 
0.997073 0.00267372 -0.0764106 -3.50508 -0.00287552 0.999993 -0.00253011 -0.491098 0.0764033 0.00274234 0.997073 48.9722 
0.997066 0.00140254 -0.076537 -3.59042 -0.00133122 0.999999 0.000983854 -0.506501 0.0765383 -0.000879167 0.997066 49.9527 
0.997055 -0.000444849 -0.076684 -3.67461 0.000751294 0.999992 0.00396846 -0.51663 0.0766817 -0.00401447 0.997047 50.9255 
0.997029 -0.00231192 -0.0769857 -3.75745 0.00268957 0.999985 0.00480328 -0.52951 0.0769735 -0.00499616 0.997021 51.8879 
0.997001 -0.00557086 -0.077192 -3.83982 0.00587126 0.999976 0.0036662 -0.539672 0.0771698 -0.00410851 0.997009 52.8474 
0.996945 -0.00825182 -0.0776652 -3.92053 0.00845344 0.999962 0.00226866 -0.548735 0.0776436 -0.00291835 0.996977 53.8037 
0.996856 -0.00967905 -0.0786432 -4.00809 0.0099783 0.999944 0.00341413 -0.558017 0.0786058 -0.00418821 0.996897 54.7513 
0.996714 -0.0129458 -0.0799555 -4.0875 0.0135995 0.999878 0.00763787 -0.567258 0.0798469 -0.00870021 0.996769 55.7069 
0.996651 -0.0138519 -0.080586 -4.175 0.0149109 0.99981 0.0125559 -0.570294 0.0803968 -0.0137156 0.996668 56.6607 
0.996629 -0.0120038 -0.0811616 -4.26385 0.0132424 0.999804 0.0147411 -0.57435 0.0809688 -0.0157662 0.996592 57.607 
0.996527 -0.0110144 -0.0825409 -4.35381 0.0119441 0.99987 0.0107794 -0.579505 0.0824116 -0.0117279 0.996529 58.5419 
0.996432 -0.00940237 -0.083875 -4.44287 0.00968295 0.999949 0.00294003 -0.584844 0.0838432 -0.00374178 0.996472 59.4598 
0.99637 -0.00778931 -0.0847686 -4.53429 0.00764785 0.999969 -0.0019925 -0.592169 0.0847815 0.00133688 0.996399 60.3737 
0.996312 -0.00291194 -0.0857505 -4.63055 0.00282397 0.999995 -0.00114616 -0.605548 0.0857536 0.00089969 0.996316 61.2781 
0.996198 -9.4702e-05 -0.0871202 -4.72605 0.00018769 0.999999 0.00106009 -0.617311 0.0871201 -0.0010725 0.996197 62.1839 
0.996105 0.00249818 -0.088139 -4.81636 -0.00227204 0.999994 0.00266688 -0.632796 0.0881452 -0.00245632 0.996105 63.0767 
0.996005 0.00307568 -0.0892393 -4.90854 -0.00287421 0.999993 0.00238693 -0.643315 0.0892461 -0.00212099 0.996007 63.9442 
0.995864 0.0044656 -0.0907408 -5.00734 -0.00422333 0.999987 0.00286259 -0.646723 0.0907525 -0.00246761 0.99587 64.8077 
0.995731 0.00528371 -0.0921542 -5.09735 -0.00498261 0.999981 0.00349798 -0.661074 0.092171 -0.00302396 0.995739 65.6483 
0.995602 0.00516981 -0.0935443 -5.18521 -0.0048289 0.999981 0.00387118 -0.670396 0.0935626 -0.00340253 0.995608 66.4711 
0.995462 0.00487486 -0.0950327 -5.26875 -0.00442256 0.999978 0.00497025 -0.680447 0.0950549 -0.00452749 0.995462 67.2782 
0.995307 0.00760893 -0.0964658 -5.36106 -0.00690175 0.999947 0.00766326 -0.688044 0.0965191 -0.0069616 0.995307 68.0765 
0.995152 0.00919922 -0.097913 -5.44935 -0.00809733 0.999899 0.011646 -0.694859 0.0980104 -0.0107968 0.995127 68.8648 
0.994974 0.0122791 -0.0993798 -5.55023 -0.0110051 0.99985 0.0133579 -0.702059 0.099529 -0.0121972 0.99496 69.6401 
0.994796 0.0148218 -0.100799 -5.64119 -0.0139833 0.999861 0.00902051 -0.70301 0.100919 -0.00756415 0.994866 70.3952 
0.994646 0.0147208 -0.102282 -5.72216 -0.0146399 0.999892 0.00154304 -0.708096 0.102294 -3.74724e-05 0.994754 71.1233 
0.994495 0.013915 -0.103851 -5.80485 -0.0144262 0.999887 -0.0041718 -0.718173 0.103782 0.00564692 0.994584 71.8329 
0.994433 0.0148407 -0.104316 -5.88842 -0.0154953 0.999865 -0.00546691 -0.724498 0.104221 0.00705279 0.994529 72.527 
0.994297 0.017376 -0.10522 -5.97644 -0.0177024 0.999841 -0.00216762 -0.73422 0.105166 0.00401782 0.994446 73.2146 
0.99416 0.0176562 -0.106462 -6.06046 -0.0177504 0.999842 6.40632e-05 -0.748073 0.106447 0.00182597 0.994317 73.8739 
0.994109 0.0144067 -0.107421 -6.13769 -0.0148423 0.999884 -0.00325634 -0.761335 0.107362 0.00483145 0.994208 74.5124 
0.994187 0.00630009 -0.107486 -6.20097 -0.00725139 0.999938 -0.00846121 -0.773173 0.107426 0.00919136 0.994171 75.1278 
0.994299 0.00221375 -0.106601 -6.26598 -0.00365126 0.999905 -0.0132909 -0.785884 0.106562 0.0136043 0.994213 75.7288 
0.994612 0.00469304 -0.103562 -6.33527 -0.00612417 0.99989 -0.0135047 -0.799605 0.103487 0.0140661 0.994531 76.3151 
0.994991 0.00965978 -0.0995003 -6.40567 -0.0107746 0.999885 -0.0106716 -0.812266 0.0993859 0.0116901 0.99498 76.8879 
0.995441 0.00801388 -0.0950403 -6.45904 -0.00878289 0.999932 -0.00767503 -0.822852 0.0949725 0.00847468 0.995444 77.4484 
0.995982 0.00432107 -0.089451 -6.50188 -0.00464627 0.999983 -0.00342665 -0.835742 0.0894348 0.0038284 0.995985 77.9932 
0.996689 -4.98296e-05 -0.0813089 -6.54074 4.70458e-05 1 -3.51542e-05 -0.848533 0.081309 3.11253e-05 0.996689 78.5273 
0.997487 0.00357441 -0.0707617 -6.57878 -0.00360744 0.999993 -0.000337763 -0.856731 0.0707601 0.000592096 0.997493 79.0442 
0.998414 0.00866777 -0.0556343 -6.61464 -0.00871796 0.999962 -0.000658035 -0.868917 0.0556266 0.00114192 0.998451 79.5474 
0.999201 0.0137262 -0.0375413 -6.63789 -0.0137489 0.999905 -0.000342769 -0.87446 0.0375331 0.00085856 0.999295 80.0428 
0.999808 0.012208 -0.0153386 -6.63609 -0.0122064 0.999925 0.000202338 -0.878673 0.0153401 -1.51532e-05 0.999882 80.5245 
0.999904 0.00863047 0.0108608 -6.61173 -0.00864534 0.999962 0.00131458 -0.888381 -0.010849 -0.00140843 0.99994 80.9887 
0.99915 0.00761719 0.0405104 -6.57784 -0.00773749 0.999966 0.0028115 -0.895094 -0.0404875 -0.00312264 0.999175 81.4441 
0.997249 0.00733438 0.0737542 -6.53124 -0.00767419 0.999961 0.00432381 -0.903199 -0.0737196 -0.004878 0.997267 81.8899 
0.993778 0.00723661 0.111141 -6.4591 -0.00784172 0.999957 0.00500762 -0.911626 -0.1111 -0.00584808 0.993792 82.3271 
0.988206 0.00757049 0.152945 -6.37245 -0.00844237 0.999952 0.00505138 -0.916161 -0.1529 -0.0062831 0.988222 82.7516 
0.980141 0.00729523 0.198166 -6.26441 -0.00849384 0.99995 0.0051987 -0.924409 -0.198118 -0.00677872 0.980155 83.1638 
0.968886 0.00943042 0.247327 -6.13986 -0.0105444 0.999939 0.00317968 -0.934824 -0.247282 -0.00568875 0.968927 83.5595 
0.95373 0.0103816 0.300485 -5.99096 -0.0110366 0.999939 0.000482172 -0.94474 -0.300461 -0.00377625 0.953786 83.9368 
0.934261 0.010722 0.356429 -5.82061 -0.0108181 0.99994 -0.00172425 -0.949769 -0.356426 -0.00224505 0.934321 84.2975 
0.910338 0.0113472 0.41371 -5.6287 -0.0109401 0.999934 -0.00335346 -0.957921 -0.413721 -0.00147331 0.910403 84.6377 
0.881646 0.0114322 0.471773 -5.41857 -0.0102527 0.999934 -0.00507097 -0.965778 -0.4718 -0.000366185 0.881705 84.9576 
0.848573 0.00989253 0.528985 -5.18407 -0.00730243 0.999949 -0.00698597 -0.974386 -0.529027 0.00206517 0.848602 85.2557 
0.811946 0.00955334 0.583655 -4.93444 -0.00608424 0.99995 -0.00790345 -0.985745 -0.583701 0.00286603 0.811963 85.5356 
0.771884 0.0083055 0.635709 -4.67155 -0.00518724 0.999964 -0.00676622 -0.995402 -0.635742 0.00192511 0.771899 85.8053 
0.728855 0.00794178 0.684621 -4.39212 -0.00658243 0.999968 -0.00459231 -1.00198 -0.684636 -0.00115938 0.728884 86.0587 
0.683228 0.0068787 0.730172 -4.10079 -0.00595731 0.999975 -0.00384626 -1.01158 -0.73018 -0.00172203 0.683252 86.2877 
0.636224 0.00573767 0.771483 -3.79456 -0.00273137 0.999983 -0.0051847 -1.01678 -0.771499 0.00119139 0.636229 86.494 
0.588867 0.00310319 0.808224 -3.47374 0.00287906 0.999978 -0.00593722 -1.02487 -0.808225 0.00582312 0.588845 86.6796 
0.541617 0.00522051 0.840609 -3.15219 0.00079524 0.999977 -0.00672275 -1.03548 -0.840625 0.00430961 0.5416 86.8521 
0.493893 0.00810918 0.869485 -2.82494 -0.00310069 0.999966 -0.00756493 -1.04498 -0.869517 0.00104024 0.493902 87.0117 
0.447876 0.0104794 0.894034 -2.48801 -0.00406868 0.999945 -0.00968273 -1.05349 -0.894086 0.000699102 0.447894 87.1562 
0.405432 0.0078438 0.914091 -2.14082 0.0033264 0.999944 -0.010056 -1.05886 -0.914119 0.00711763 0.405384 87.2674 
0.36559 0.000264703 0.930776 -1.78314 0.018285 0.999805 -0.00746643 -1.06153 -0.930596 0.0197489 0.365514 87.3568 
0.330011 -0.00335254 0.943971 -1.42288 0.0223347 0.999741 -0.00425768 -1.06575 -0.943713 0.0224884 0.33 87.4498 
0.296675 0.000951858 0.954978 -1.06143 0.0195916 0.999783 -0.00708298 -1.0703 -0.954777 0.0208109 0.296592 87.5478 
0.265441 0.00860443 0.964089 -0.70032 0.00850895 0.9999 -0.0112669 -1.08665 -0.964089 0.0111941 0.265342 87.6489 
0.23715 0.0131522 0.971384 -0.322726 0.00402315 0.999886 -0.0145204 -1.10166 -0.971465 0.00735153 0.23707 87.7355 
0.211464 0.0148053 0.977273 0.0667583 0.00544011 0.999852 -0.0163246 -1.11605 -0.97737 0.00876854 0.211353 87.802 
0.188071 0.0161115 0.982023 0.469308 0.0131587 0.999734 -0.0189222 -1.12449 -0.982067 0.0164808 0.187809 87.8557 
0.16792 0.0224233 0.985545 0.876435 0.0201257 0.999455 -0.026169 -1.12367 -0.985595 0.0242291 0.167378 87.9021 
0.148232 0.029283 0.988519 1.29756 0.0219966 0.999217 -0.0328984 -1.12404 -0.988708 0.0266207 0.147472 87.9546 
0.130514 0.0300971 0.990989 1.7355 0.0192052 0.999275 -0.0328782 -1.13746 -0.99126 0.0233233 0.129842 88.0116 
0.115075 0.0256904 0.993024 2.19073 0.0174383 0.999459 -0.0278778 -1.15869 -0.993204 0.0205247 0.114565 88.064 
0.100636 0.0224247 0.99467 2.65952 0.0180497 0.99954 -0.0243608 -1.17627 -0.994759 0.0204051 0.100185 88.1073 
0.0872154 0.0199811 0.995989 3.14011 0.0202102 0.999557 -0.0218225 -1.19349 -0.995984 0.0220324 0.086773 88.1444 
0.075719 0.0192323 0.996944 3.63521 0.0242924 0.999482 -0.0211264 -1.20605 -0.996833 0.0258178 0.0752126 88.1738 
0.0654981 0.0199306 0.997654 4.14801 0.0272427 0.999392 -0.0217539 -1.21827 -0.997481 0.0286037 0.0649153 88.2045 
0.0577611 0.0203161 0.998124 4.6724 0.0293824 0.999325 -0.022041 -1.23496 -0.997898 0.0306003 0.0571251 88.2304 
0.0522189 0.0206002 0.998423 5.21956 0.0310181 0.999271 -0.0222401 -1.25093 -0.998154 0.0321306 0.0515419 88.2568 
0.0466516 0.0217502 0.998674 5.78338 0.032279 0.999208 -0.0232698 -1.26479 -0.998389 0.0333218 0.0459126 88.2851 
0.04066 0.022495 0.99892 6.3665 0.0327777 0.999178 -0.023835 -1.28098 -0.998635 0.0337115 0.0398893 88.3121 
0.0362624 0.022574 0.999087 6.96558 0.0350689 0.9991 -0.0238472 -1.29789 -0.998727 0.0359017 0.0354382 88.3343 
0.0335849 0.0225057 0.999182 7.58714 0.0365981 0.999048 -0.0237329 -1.31457 -0.998765 0.0373653 0.0327292 88.3536 
0.0304535 0.022138 0.999291 8.23099 0.0377081 0.999017 -0.0232812 -1.33232 -0.998825 0.0383903 0.0295888 88.3806 
0.0281089 0.0215364 0.999373 8.88885 0.0397752 0.998952 -0.0226461 -1.35012 -0.998813 0.0403868 0.0272228 88.4027 
0.0275758 0.0212161 0.999394 9.56126 0.0445884 0.998753 -0.0224328 -1.36882 -0.998625 0.04518 0.0265955 88.4197 
0.0286113 0.0209996 0.99937 10.2524 0.0480585 0.998594 -0.0223593 -1.38656 -0.998435 0.0486679 0.0275619 88.4437 
0.0309635 0.0211228 0.999297 10.9628 0.049603 0.998512 -0.0226433 -1.40398 -0.998289 0.0502693 0.0298697 88.473 
0.0347895 0.0211421 0.999171 11.6847 0.0521037 0.998378 -0.0229395 -1.42363 -0.998035 0.0528585 0.0336315 88.5073 
0.039226 0.0206988 0.999016 12.4266 0.0525568 0.998359 -0.0227489 -1.44369 -0.997847 0.0533974 0.0380737 88.5436 
0.0433104 0.0191317 0.998878 13.185 0.054056 0.998307 -0.0214647 -1.46254 -0.997598 0.054925 0.0422029 88.584 
0.0474337 0.0177533 0.998717 13.9531 0.0538821 0.998341 -0.0203058 -1.48131 -0.99742 0.0547762 0.0463984 88.6296 
0.0516493 0.0157769 0.998541 14.7388 0.0507241 0.998543 -0.0184007 -1.50204 -0.997376 0.0516004 0.0507738 88.6854 
0.0557726 0.0147556 0.998334 15.5386 0.0499276 0.998599 -0.0175488 -1.52237 -0.997194 0.0508232 0.0549577 88.7418 
0.059995 0.0157167 0.998075 16.3475 0.0473468 0.998706 -0.0185728 -1.54527 -0.997075 0.0483699 0.0591732 88.8052 
0.0629944 0.0198783 0.997816 17.1551 0.0452974 0.998714 -0.022756 -1.57048 -0.996985 0.046632 0.062013 88.8738 
0.0643757 0.0252874 0.997605 17.9607 0.039661 0.998824 -0.0278777 -1.59764 -0.997137 0.0413607 0.0632971 88.9461 
0.0641617 0.0285678 0.99753 18.7777 0.0369177 0.998838 -0.0309799 -1.62446 -0.997256 0.0388142 0.0630325 89.0128 
0.0643096 0.0281532 0.997533 19.5966 0.0346449 0.998936 -0.0304264 -1.65618 -0.997328 0.0365162 0.0632658 89.0816 
0.0642382 0.0266123 0.99758 20.4232 0.0318988 0.999079 -0.0287065 -1.68942 -0.997425 0.0336656 0.0633302 89.1517 
0.0639825 0.0253098 0.99763 21.2471 0.032873 0.999082 -0.0274551 -1.7242 -0.997409 0.0345517 0.0630917 89.219 
0.0644222 0.0245512 0.997621 22.0675 0.0303013 0.999188 -0.0265466 -1.7601 -0.997463 0.0319394 0.063626 89.2869 
0.06465 0.0249396 0.997596 22.8858 0.0286212 0.99923 -0.0268354 -1.79218 -0.997497 0.0302873 0.0638865 89.351 
0.0648432 0.0255613 0.997568 23.7039 0.0255889 0.9993 -0.0272691 -1.82744 -0.997567 0.0272949 0.0641437 89.4184 
0.0636274 0.027034 0.997607 24.5224 0.022739 0.999334 -0.0285312 -1.86008 -0.997715 0.0244999 0.0629703 89.4854 
0.0608235 0.026645 0.997793 25.3412 0.0195293 0.99942 -0.027879 -1.89187 -0.997957 0.0211818 0.0602679 89.5493 
0.0571401 0.0254021 0.998043 26.1571 0.0172231 0.999502 -0.0264254 -1.92416 -0.998218 0.0186994 0.0566741 89.6064 
0.0524677 0.0229729 0.998358 26.97 0.0153668 0.999598 -0.0238091 -1.95732 -0.998504 0.0165908 0.0520937 89.6598 
0.0463995 0.0209748 0.998703 27.7864 0.0133221 0.999678 -0.0216143 -1.98879 -0.998834 0.0143077 0.0461051 89.7044 
0.0388917 0.0212478 0.999017 28.5922 0.012884 0.99968 -0.0217635 -2.01837 -0.99916 0.0137178 0.0386055 89.7462 
0.0302366 0.0222055 0.999296 29.3943 0.0129116 0.999661 -0.0226044 -2.04868 -0.999459 0.013586 0.0299396 89.7782 
0.0203753 0.0227188 0.999534 30.2001 0.013295 0.999647 -0.0229924 -2.07443 -0.999704 0.0137573 0.020066 89.7999 
0.0103404 0.0217109 0.999711 30.999 0.0146763 0.999653 -0.0218615 -2.10475 -0.999839 0.0148982 0.0100182 89.8106 
-0.000293441 0.0207233 0.999785 31.7922 0.0138262 0.99969 -0.0207173 -2.13486 -0.999904 0.0138172 -0.000579875 89.8162 
-0.0112768 0.0198511 0.999739 32.5815 0.01535 0.999688 -0.019677 -2.16293 -0.999819 0.0151241 -0.011578 89.81 
-0.0222282 0.0202147 0.999548 33.3638 0.0154651 0.999683 -0.0198735 -2.19048 -0.999633 0.0150164 -0.0225338 89.7978 
-0.0331039 0.0208966 0.999233 34.1457 0.0158867 0.999666 -0.0203795 -2.21769 -0.999326 0.0151998 -0.0334249 89.7729 
-0.0437778 0.0218549 0.998802 34.9128 0.0153954 0.999657 -0.0211989 -2.24956 -0.998923 0.0144489 -0.0440992 89.7452 
-0.0541202 0.0230556 0.998268 35.6818 0.0164554 0.999618 -0.0221947 -2.27292 -0.998399 0.0152258 -0.0544789 89.71 
-0.0635065 0.0237062 0.9977 36.4459 0.0171414 0.999596 -0.0226603 -2.30296 -0.997834 0.0156629 -0.0638873 89.6605 
-0.0731096 0.0242942 0.997028 37.2024 0.0177008 0.999577 -0.0230585 -2.32778 -0.997167 0.0159624 -0.0735087 89.6072 
-0.0824104 0.0247691 0.996291 37.9502 0.018682 0.999554 -0.0233049 -2.35496 -0.996423 0.0166922 -0.0828363 89.5492 
-0.090954 0.0242615 0.995559 38.6881 0.0199901 0.999546 -0.0225325 -2.38049 -0.995654 0.0178519 -0.0913977 89.4858 
-0.0983739 0.023129 0.994881 39.416 0.0218106 0.99954 -0.0210807 -2.40823 -0.99491 0.0196252 -0.0988331 89.4174 
-0.103545 0.0215115 0.994392 40.1373 0.024713 0.999513 -0.019049 -2.43392 -0.994318 0.022602 -0.104026 89.3438 
-0.107262 0.0200229 0.994029 40.8498 0.0278415 0.999466 -0.0171282 -2.4568 -0.993841 0.0258381 -0.107762 89.2698 
-0.109771 0.0188626 0.993778 41.5578 0.0294896 0.999441 -0.0157128 -2.48233 -0.993519 0.0275813 -0.110266 89.1914 
-0.11134 0.0179695 0.99362 42.2467 0.0297218 0.999449 -0.0147446 -2.50886 -0.993338 0.0278905 -0.111813 89.115 
-0.112064 0.0183468 0.993532 42.9236 0.0304376 0.999424 -0.0150226 -2.53229 -0.993235 0.0285572 -0.112557 89.044 
-0.11118 0.0192033 0.993615 43.5833 0.0312047 0.999388 -0.0158233 -2.56055 -0.99331 0.0292462 -0.111711 88.9766 
-0.108205 0.0208212 0.99391 44.2398 0.0322517 0.999328 -0.0174235 -2.58421 -0.993605 0.0301699 -0.108804 88.9136 
-0.102931 0.0212507 0.994461 44.8491 0.032065 0.999323 -0.0180358 -2.60659 -0.994171 0.030031 -0.103543 88.853 
-0.0950492 0.0219681 0.99523 45.4561 0.031593 0.999319 -0.0190411 -2.62938 -0.994971 0.0296325 -0.0956785 88.8087 
-0.0837268 0.0219297 0.996247 46.0396 0.0304901 0.999346 -0.0194355 -2.65038 -0.996022 0.0287485 -0.0843407 88.7708 
-0.0700635 0.0220993 0.997298 46.6082 0.0296654 0.999358 -0.020061 -2.67453 -0.997101 0.0281797 -0.0706741 88.747 
-0.0528155 0.0233395 0.998331 47.1545 0.0287833 0.999347 -0.0218406 -2.69874 -0.998189 0.0275818 -0.0534528 88.7354 
-0.031456 0.0258586 0.99917 47.6898 0.0272437 0.999316 -0.0250048 -2.72158 -0.999134 0.0264346 -0.032139 88.7378 
-0.00679202 0.0288481 0.999561 48.2288 0.0252758 0.999269 -0.028668 -2.74387 -0.999657 0.02507 -0.00751621 88.7554 
0.0217333 0.030632 0.999294 48.7562 0.0234938 0.999239 -0.0311413 -2.76591 -0.999488 0.0241541 0.0209971 88.7876 
0.0552694 0.0302121 0.998014 49.2849 0.0214966 0.999274 -0.0314408 -2.78743 -0.99824 0.0231916 0.0545798 88.8377 
0.0937971 0.0279235 0.9952 49.8095 0.020739 0.999335 -0.0299943 -2.80442 -0.995375 0.0234528 0.0931556 88.9063 
0.136284 0.0239408 0.99038 50.3264 0.018406 0.999474 -0.0266935 -2.83046 -0.990499 0.0218668 0.135772 89.0027 
0.182354 0.0196073 0.983037 50.8269 0.0158743 0.999612 -0.0228826 -2.85166 -0.983105 0.0197777 0.181972 89.1162 
0.231597 0.0164147 0.972673 51.3176 0.0113951 0.999743 -0.0195848 -2.87039 -0.972745 0.0156195 0.231351 89.2587 
0.284058 0.0149416 0.958691 51.796 0.00813187 0.999805 -0.017992 -2.88751 -0.958772 0.0129067 0.283881 89.4243 
0.339858 0.0143382 0.940367 52.2624 0.00717077 0.999815 -0.0178363 -2.90707 -0.940449 0.012805 0.339692 89.6166 
0.398888 0.0146251 0.916883 52.7113 0.00926874 0.999757 -0.0199795 -2.92375 -0.916953 0.0164679 0.398655 89.8329 
0.459228 0.0177435 0.888141 53.1387 0.010125 0.999631 -0.0252062 -2.94161 -0.888261 0.0205678 0.458879 90.0829 
0.518593 0.0209967 0.854763 53.5333 0.011114 0.999448 -0.0312938 -2.95797 -0.854949 0.0257285 0.518074 90.3646 
0.576289 0.0254297 0.81685 53.9048 0.00670319 0.999335 -0.03584 -2.97281 -0.817218 0.0261297 0.575735 90.6829 
0.631489 0.0287866 0.77485 54.2421 0.00220882 0.99924 -0.0389232 -2.98513 -0.775381 0.0262911 0.630946 91.0247 
0.683853 0.0296803 0.729016 54.5553 0.000334379 0.999159 -0.0409925 -3.00226 -0.72962 0.0282766 0.683268 91.3789 
0.7322 0.0277791 0.680523 54.8346 -0.000345196 0.999183 -0.0404156 -3.02235 -0.68109 0.0293573 0.731611 91.7408 
0.776891 0.0248524 0.629144 55.099 -0.00319981 0.999364 -0.0355257 -3.03994 -0.629626 0.0255864 0.776477 92.139 
0.817577 0.0198644 0.575477 55.3376 -0.00410266 0.99958 -0.0286752 -3.05668 -0.575805 0.0210832 0.817315 92.5583 
0.853324 0.0176798 0.52108 55.5359 -0.00703976 0.999724 -0.0223917 -3.07493 -0.521333 0.015439 0.853214 92.9751 
0.883882 0.0142409 0.467492 55.7165 -0.00801659 0.999851 -0.0153012 -3.08793 -0.46764 0.0097767 0.883865 93.417 
0.908933 0.0148208 0.416678 55.8689 -0.0118113 0.999882 -0.0097999 -3.10502 -0.416774 0.00398587 0.909001 93.8674 
0.928497 0.0170849 0.370947 55.9986 -0.0158683 0.999854 -0.00633206 -3.11964 -0.371001 -7.05043e-06 0.928632 94.3191 
0.943341 0.0230592 0.331024 56.1088 -0.0231269 0.999725 -0.00373531 -3.12961 -0.331019 -0.00413194 0.943615 94.7848 
0.954843 0.0272715 0.295855 56.2115 -0.0270578 0.999622 -0.00481757 -3.13261 -0.295875 -0.00340523 0.955221 95.254 
0.963899 0.0286765 0.264718 56.3175 -0.0284652 0.999584 -0.00463546 -3.13661 -0.264741 -0.0030672 0.964315 95.7198 
0.969842 0.0230272 0.242646 56.4224 -0.0226448 0.999734 -0.0043655 -3.14397 -0.242682 -0.00126089 0.970105 96.1972 
0.973649 0.0201472 0.22716 56.5195 -0.0198048 0.999797 -0.00378709 -3.15418 -0.22719 -0.000811625 0.97385 96.6843 
0.976438 0.024257 0.214432 56.6072 -0.0239301 0.999705 -0.00412117 -3.16055 -0.214468 -0.00110737 0.97673 97.1819 
0.978388 0.0296537 0.204641 56.6927 -0.0295107 0.999557 -0.00375164 -3.16367 -0.204661 -0.0023686 0.97883 97.6858 
0.979377 0.0373855 0.198552 56.7756 -0.0371043 0.999298 -0.00513833 -3.16705 -0.198604 -0.00233484 0.980077 98.2008 
0.979713 0.0431688 0.195702 56.8599 -0.0422668 0.999068 -0.00878539 -3.176 -0.195898 0.000335395 0.980624 98.7237 
0.979856 0.0441867 0.194753 56.958 -0.0428034 0.999019 -0.0113079 -3.18712 -0.195062 0.00274399 0.980787 99.2578 
0.979414 0.0429604 0.197237 57.0643 -0.0408388 0.999056 -0.0148138 -3.19998 -0.197687 0.00645385 0.980244 99.7952 
0.978715 0.0412293 0.20104 57.1777 -0.0377119 0.999062 -0.0212967 -3.20848 -0.201729 0.0132617 0.979351 100.345 
0.97784 0.0415277 0.205193 57.2916 -0.0369549 0.998977 -0.0260697 -3.21816 -0.206066 0.017909 0.978374 100.91 
0.976686 0.0463126 0.209618 57.4016 -0.0418333 0.998793 -0.0257551 -3.23277 -0.210558 0.0163856 0.977444 101.49 
0.975293 0.049405 0.215319 57.5178 -0.0457856 0.998714 -0.0217684 -3.24928 -0.216117 0.011372 0.976301 102.084 
0.974382 0.0464654 0.220048 57.6486 -0.0437299 0.998894 -0.0172894 -3.26428 -0.220608 0.00722375 0.975336 102.691 
0.973726 0.0419795 0.223819 57.7907 -0.0403755 0.999116 -0.0117406 -3.27901 -0.224113 0.00239524 0.97456 103.312 
0.97297 0.0392826 0.227564 57.9318 -0.0386581 0.999226 -0.00720313 -3.29039 -0.227671 -0.00178884 0.973736 103.942 
0.972441 0.0347339 0.230548 58.0782 -0.0341471 0.999395 -0.00653615 -3.30116 -0.230636 -0.00151662 0.973039 104.577 
0.972514 0.0311661 0.230751 58.2299 -0.0297806 0.999511 -0.00948593 -3.31465 -0.230933 0.00235322 0.972967 105.223 
0.972605 0.0301652 0.230498 58.3723 -0.0271217 0.999498 -0.0163622 -3.33341 -0.230876 0.00966241 0.972935 105.872 
0.972746 0.0323935 0.229601 58.5186 -0.0278407 0.999347 -0.0230423 -3.34754 -0.230197 0.016022 0.973012 106.534 
0.973313 0.0351702 0.226769 58.6637 -0.029838 0.999193 -0.0269002 -3.36009 -0.227532 0.0194159 0.973577 107.211 
0.973931 0.0334994 0.224357 58.8142 -0.0291366 0.999317 -0.0227299 -3.37592 -0.224965 0.0156003 0.974242 107.913 
0.974354 0.029415 0.223089 58.9686 -0.0267037 0.999528 -0.0151616 -3.39631 -0.223429 0.00881545 0.97468 108.627 
0.974936 0.0295839 0.220508 59.121 -0.0282178 0.999558 -0.00934371 -3.41697 -0.220687 0.0028872 0.97534 109.351 
0.97524 0.0328552 0.218693 59.2678 -0.0314264 0.999456 -0.0100101 -3.43401 -0.218903 0.00288948 0.975742 110.082 
0.975541 0.0384273 0.216434 59.4123 -0.0361094 0.99924 -0.0146555 -3.44829 -0.216833 0.00648167 0.976187 110.823 
0.976385 0.0392229 0.212445 59.5619 -0.0357957 0.99916 -0.0199561 -3.46413 -0.21305 0.0118801 0.976969 111.569 
0.977299 0.0378067 0.208464 59.7146 -0.0337963 0.999169 -0.0227683 -3.48193 -0.209151 0.0152061 0.977765 112.331 
0.978185 0.0352045 0.204733 59.8614 -0.03149 0.999275 -0.0213744 -3.50023 -0.205337 0.014461 0.978584 113.112 
0.979019 0.0313153 0.201346 60.0147 -0.0279955 0.999421 -0.0193158 -3.5228 -0.201834 0.0132737 0.97933 113.897 
0.979443 0.0302871 0.199435 60.1684 -0.027545 0.999484 -0.0165108 -3.54678 -0.199832 0.0106778 0.979772 114.691 
0.97981 0.0268552 0.198117 60.326 -0.024526 0.999598 -0.0142022 -3.56557 -0.198418 0.00905636 0.980075 115.496 
0.980042 0.0214688 0.197626 60.4851 -0.0192955 0.99973 -0.0129169 -3.58356 -0.197849 0.00884571 0.980192 116.302 
0.980153 0.0224318 0.196966 60.6354 -0.020596 0.999723 -0.0113647 -3.60252 -0.197167 0.00708233 0.980344 117.118 
0.979947 0.0275981 0.197336 60.7806 -0.0254472 0.999586 -0.0134284 -3.62012 -0.197625 0.00813742 0.980244 117.945 
0.979688 0.0331696 0.197764 60.9293 -0.0304199 0.999394 -0.0169269 -3.63753 -0.198205 0.0105671 0.980103 118.775 
0.979162 0.0419468 0.198699 61.0739 -0.039028 0.999065 -0.0185856 -3.65663 -0.199293 0.0104434 0.979884 119.607 
0.978288 0.0479226 0.201635 61.2238 -0.0452111 0.998815 -0.018035 -3.6795 -0.20226 0.00852719 0.979295 120.447 
0.977573 0.0503199 0.204495 61.3797 -0.048071 0.998716 -0.015954 -3.7086 -0.205035 0.00576586 0.978737 121.291 
0.977015 0.0507294 0.207047 61.5447 -0.0483083 0.998692 -0.0167362 -3.73259 -0.207626 0.00634931 0.978188 122.14 
0.976667 0.0492723 0.20903 61.7094 -0.0462406 0.998742 -0.0193696 -3.75778 -0.209722 0.00925189 0.977717 122.984 
0.976688 0.0429797 0.210317 61.8899 -0.0400736 0.999033 -0.0180626 -3.78218 -0.21089 0.00921327 0.977466 123.829 
0.976949 0.0360078 0.210414 62.0696 -0.0326391 0.999278 -0.0194626 -3.80871 -0.210963 0.0121461 0.977418 124.672 
0.976724 0.0354745 0.211548 62.2461 -0.0320688 0.999295 -0.0195098 -3.83796 -0.212091 0.0122715 0.977173 125.52 
0.976203 0.0380218 0.213501 62.4148 -0.03527 0.999238 -0.0166851 -3.85914 -0.213973 0.00875783 0.9768 126.37 
0.975823 0.040065 0.21486 62.5812 -0.0385801 0.999194 -0.0111027 -3.88118 -0.215132 0.00254489 0.976582 127.212 
0.975497 0.0436339 0.21564 62.748 -0.0431834 0.999044 -0.00680284 -3.90578 -0.215731 -0.002676 0.976449 128.048 
0.97529 0.042726 0.216756 62.9175 -0.0408126 0.999078 -0.0132988 -3.93022 -0.217125 0.00412369 0.976135 128.879 
0.975545 0.0384192 0.216417 63.0955 -0.0332371 0.999068 -0.0275358 -3.95613 -0.217273 0.0196693 0.975913 129.696 
0.975772 0.0360922 0.215792 63.2713 -0.0288758 0.998916 -0.0365024 -3.98538 -0.216876 0.0293868 0.975757 130.503 
0.976057 0.0330104 0.214993 63.4449 -0.0277149 0.999235 -0.0276008 -4.00928 -0.215739 0.0209814 0.976225 131.33 
0.976487 0.0266538 0.21392 63.6235 -0.025801 0.999644 -0.00677854 -4.03867 -0.214025 0.00109972 0.976827 132.172 
0.976772 0.023082 0.213036 63.7942 -0.0254682 0.99964 0.00846247 -4.06495 -0.212764 -0.0136916 0.977008 133.02 
0.976751 0.0277101 0.212577 63.9515 -0.0289403 0.999577 0.00267676 -4.08004 -0.212413 -0.00876666 0.977141 133.832 
0.976952 0.0357704 0.210442 64.1048 -0.0337331 0.999343 -0.0132642 -4.0925 -0.210778 0.00585954 0.977516 134.636 
0.97718 0.0358335 0.209368 64.2634 -0.0321056 0.99926 -0.0211784 -4.10783 -0.209972 0.0139731 0.977608 135.45 
0.977738 0.0317361 0.207413 64.4267 -0.0277994 0.999374 -0.0218683 -4.13524 -0.207978 0.0156155 0.978009 136.267 
0.978366 0.0312678 0.204504 64.5875 -0.0277309 0.999412 -0.0201391 -4.16753 -0.205014 0.0140323 0.978658 137.089 
0.979119 0.0307741 0.200945 64.7406 -0.0269681 0.999402 -0.0216515 -4.18931 -0.201491 0.0157802 0.979363 137.906 
0.980065 0.0319285 0.196097 64.8867 -0.0279434 0.999343 -0.0230565 -4.22019 -0.196704 0.0171172 0.980313 138.719 
0.98043 0.0370794 0.193346 65.0247 -0.0332345 0.999181 -0.0230931 -4.25199 -0.194044 0.0162153 0.980859 139.53 
0.980552 0.0433061 0.19142 65.1554 -0.0395322 0.998942 -0.023493 -4.27709 -0.192235 0.0154688 0.981227 140.335 
0.980927 0.044418 0.189232 65.2994 -0.0410887 0.998924 -0.021483 -4.30424 -0.189983 0.0132979 0.981697 141.142 
0.981222 0.0422456 0.1882 65.4407 -0.0398005 0.999067 -0.0167544 -4.33172 -0.188732 0.00894924 0.981988 141.949 
0.981642 0.0408422 0.186309 65.585 -0.0384103 0.999123 -0.0166461 -4.35931 -0.186825 0.00918424 0.98235 142.75 
0.982178 0.0389667 0.183869 65.7221 -0.035994 0.999162 -0.0194796 -4.39058 -0.184473 0.0125142 0.982758 143.547 
0.983269 0.0340868 0.178941 65.8632 -0.030436 0.999269 -0.0231094 -4.41716 -0.179598 0.0172764 0.983588 144.335 
0.984509 0.031362 0.172506 65.994 -0.0276058 0.999327 -0.0241318 -4.44112 -0.173147 0.0189958 0.984713 145.125 
0.985686 0.0293387 0.166018 66.1182 -0.0265593 0.999468 -0.0189379 -4.46488 -0.166485 0.0142574 0.985941 145.922 
0.986811 0.0264483 0.159703 66.2379 -0.0251158 0.999631 -0.0103571 -4.49063 -0.159918 0.00620938 0.987111 146.731 
0.987464 0.0236056 0.15607 66.3585 -0.0237125 0.999718 -0.00117775 -4.50591 -0.156053 -0.0025379 0.987745 147.538 
0.987926 0.0303344 0.151927 66.4558 -0.0308956 0.999522 0.00133287 -4.51821 -0.151814 -0.00601073 0.988391 148.342 
0.988556 0.0331026 0.14718 66.555 -0.0329635 0.999451 -0.00338566 -4.53198 -0.147211 -0.00150473 0.989104 149.138 
0.9897 0.0333627 0.139217 66.6596 -0.0317817 0.999403 -0.013565 -4.5478 -0.139587 0.00900061 0.990169 149.929 
0.990684 0.030058 0.132822 66.7558 -0.027763 0.999432 -0.0190979 -4.55666 -0.133321 0.0152323 0.990956 150.727 
0.991577 0.0291835 0.126186 66.8432 -0.0271184 0.999469 -0.0180539 -4.57593 -0.126646 0.0144798 0.991842 151.543 
0.992308 0.0356891 0.118539 66.9164 -0.0341729 0.999306 -0.0147998 -4.5965 -0.118985 0.0106351 0.992839 152.366 
0.992998 0.0413182 0.110673 66.979 -0.0397392 0.999075 -0.0164369 -4.61906 -0.11125 0.0119237 0.993721 153.178 
0.993969 0.044175 0.100372 67.0441 -0.0421561 0.998865 -0.0221487 -4.64283 -0.101236 0.0177837 0.994703 153.986 
0.994858 0.0426016 0.0918804 67.1066 -0.0405088 0.998878 -0.0245252 -4.66459 -0.0928221 0.0206771 0.995468 154.802 
0.995568 0.042699 0.0837899 67.162 -0.0410019 0.99892 -0.021873 -4.68637 -0.0846333 0.0183404 0.996243 155.624 
0.996063 0.0454423 0.0761174 67.2037 -0.044453 0.998904 -0.0146429 -4.71188 -0.0766993 0.0112015 0.996991 156.448 
0.99647 0.0490029 0.0681584 67.235 -0.0484783 0.998781 -0.0093318 -4.7282 -0.0685325 0.00599458 0.997631 157.271 
0.997014 0.0478908 0.0605731 67.2689 -0.0476195 0.998848 -0.00591695 -4.74583 -0.0607866 0.00301474 0.998146 158.101 
0.997337 0.0487739 0.0542146 67.3003 -0.0486402 0.998809 -0.00378517 -4.76149 -0.0543346 0.001138 0.998522 158.929 
0.997586 0.0481082 0.0500769 67.328 -0.0478887 0.998837 -0.0055758 -4.77746 -0.0502869 0.00316414 0.99873 159.754 
0.997575 0.0527357 0.0454244 67.3477 -0.0522873 0.998571 -0.0110068 -4.79471 -0.0459399 0.00860491 0.998907 160.571 
0.997418 0.0585918 0.0415278 67.3563 -0.0579011 0.998166 -0.0176472 -4.81392 -0.0424856 0.015197 0.998981 161.387 
0.997477 0.0597305 0.0383596 67.371 -0.0589962 0.998058 -0.0200016 -4.83273 -0.0394797 0.017688 0.999064 162.206 
0.997493 0.0613687 0.0352404 67.3862 -0.0609134 0.998047 -0.0138547 -4.85243 -0.0360217 0.0116732 0.999283 163.04 
0.997426 0.0634989 0.0333009 67.3965 -0.0634158 0.997981 -0.00355035 -4.86784 -0.033459 0.00142933 0.999439 163.875 
0.99744 0.0648406 0.0301571 67.4066 -0.0649848 0.997879 0.00382381 -4.88466 -0.0298451 -0.00577386 0.999538 164.703 
0.9978 0.0613807 0.0250498 67.4138 -0.0614172 0.998112 0.000685311 -4.89979 -0.0249604 -0.00222237 0.999686 165.527 
0.998628 0.0487651 0.0190918 67.4323 -0.0486006 0.998778 -0.00899124 -4.91047 -0.0195069 0.00805095 0.999777 166.343 
0.998847 0.0465888 0.0115569 67.4374 -0.0464303 0.998828 -0.0136327 -4.91842 -0.0121784 0.0130803 0.99984 167.165 
0.99872 0.0503587 0.0047899 67.4218 -0.0502966 0.998658 -0.0123325 -4.93207 -0.00540443 0.0120757 0.999912 167.996 
0.99882 0.048496 -0.00252494 67.405 -0.048511 0.998803 -0.00622158 -4.94982 0.00222028 0.00633665 0.999977 168.83 
0.999017 0.0431662 -0.0100958 67.3908 -0.0431931 0.999064 -0.00245586 -4.964 0.0099804 0.00288943 0.999946 169.665 
0.999281 0.0345227 -0.0156367 67.3705 -0.0345036 0.999403 0.00149817 -4.96764 0.0156792 -0.000957651 0.999877 170.506 
0.999302 0.0301615 -0.0220428 67.3461 -0.0301363 0.999545 0.00147808 -4.97886 0.0220775 -0.000812845 0.999756 171.343 
0.999234 0.0268408 -0.0284789 67.3117 -0.0270016 0.999621 -0.00527291 -4.9948 0.0283267 0.00603776 0.99958 172.175 
0.9992 0.0173364 -0.0360316 67.2753 -0.017904 0.99972 -0.01549 -5.00547 0.035753 0.0161226 0.999231 173.009 
0.999069 0.00712529 -0.0425451 67.2451 -0.00796672 0.999775 -0.0196386 -5.01802 0.0423957 0.0199592 0.998901 173.842 
0.998732 0.0106251 -0.049203 67.192 -0.0112371 0.999863 -0.0121781 -5.03502 0.0490669 0.0127155 0.998714 174.682 
0.998291 0.0215101 -0.0543407 67.1189 -0.0215006 0.999768 0.000761555 -5.0496 0.0543446 0.00040802 0.998522 175.532 
0.9979 0.0264465 -0.0591191 67.0493 -0.0259775 0.999625 0.00868908 -5.06578 0.0593268 -0.00713516 0.998213 176.379 
0.99769 0.0259098 -0.0627939 66.9798 -0.0256008 0.999656 0.00572181 -5.07481 0.0629207 -0.0041011 0.99801 177.22 
0.997518 0.0272436 -0.0649192 66.9089 -0.0276318 0.999605 -0.00508752 -5.08362 0.064755 0.00686865 0.997877 178.05 
0.996975 0.0375296 -0.0680599 66.8266 -0.0385947 0.999151 -0.0144016 -5.09517 0.0674617 0.0169847 0.997577 178.883 
0.996876 0.0358553 -0.0703731 66.7529 -0.0372088 0.999145 -0.0180157 -5.11167 0.069667 0.0205778 0.997358 179.728 
0.996879 0.0305402 -0.0727914 66.6913 -0.0315646 0.999418 -0.0129618 -5.13314 0.0723533 0.0152189 0.997263 180.584 
0.996893 0.030752 -0.0725187 66.6203 -0.0311385 0.999506 -0.00420403 -5.14997 0.0723537 0.006449 0.997358 181.446 
0.996856 0.0326239 -0.0722005 66.5372 -0.0326243 0.999467 0.00117633 -5.16357 0.0722005 0.00118277 0.997389 182.307 
0.996727 0.0323388 -0.0740871 66.4638 -0.0323951 0.999475 0.00044282 -5.17761 0.0740626 0.0019586 0.997252 183.161 
0.99666 0.0286749 -0.0764669 66.3899 -0.0294275 0.999529 -0.00873219 -5.19329 0.0761806 0.0109532 0.997034 184.01 
0.996724 0.0176479 -0.0789333 66.3263 -0.0192923 0.999611 -0.0201177 -5.21038 0.0785477 0.0215746 0.996677 184.857 
0.996691 0.00718367 -0.080959 66.2638 -0.00916801 0.999666 -0.0241644 -5.23012 0.0807584 0.0248266 0.996424 185.707 
0.996576 0.00964063 -0.0821187 66.1808 -0.0113024 0.99974 -0.0197941 -5.25256 0.0819066 0.0206544 0.996426 186.565 
0.996397 0.0155718 -0.0833709 66.0891 -0.0163969 0.999823 -0.00921985 -5.27651 0.0832126 0.0105536 0.996476 187.424 
0.996239 0.0166049 -0.0850397 66.0031 -0.0171404 0.999837 -0.00556954 -5.3018 0.0849335 0.00700612 0.996362 188.275 
0.996175 0.0156476 -0.0859716 65.9233 -0.0165112 0.99982 -0.00934215 -5.32204 0.0858101 0.0107258 0.996254 189.113 
0.996192 0.0158123 -0.0857367 65.8381 -0.0172101 0.99973 -0.0155875 -5.33788 0.0854672 0.0170036 0.996196 189.95 
0.996029 0.0227136 -0.0860806 65.7454 -0.0241958 0.999576 -0.0162128 -5.35566 0.085676 0.0182311 0.996156 190.786 
0.995926 0.0254908 -0.0864907 65.6571 -0.0267264 0.999556 -0.0131576 -5.37857 0.086117 0.0154155 0.996166 191.621 
0.995763 0.0292269 -0.0871885 65.5671 -0.0302149 0.999493 -0.0100324 -5.40126 0.0868512 0.0126242 0.996141 192.455 
0.995641 0.0329712 -0.0872471 65.4785 -0.0337355 0.999404 -0.0072987 -5.4199 0.0869545 0.0102101 0.99616 193.284 
0.995482 0.0357261 -0.0879717 65.391 -0.0365364 0.999303 -0.00761585 -5.43928 0.0876384 0.0107955 0.996094 194.107 
