1 -4.23778e-08 4.22719e-08 0 -4.23778e-08 1 -4.19404e-08 0 4.22719e-08 -4.19404e-08 1 0 
0.999055 -0.000528266 0.0434614 0.0637137 0.000627838 0.999997 -0.00227943 -0.0338249 -0.04346 0.00230448 0.999052 1.10697 
0.996073 -0.00473996 0.0884024 0.15609 0.00537665 0.999961 -0.00696641 -0.0569707 -0.0883659 0.00741428 0.99606 2.11604 
0.991086 -0.00472707 0.133142 0.301306 0.00623743 0.999921 -0.0109298 -0.079382 -0.13308 0.0116628 0.991037 3.15017 
0.983821 -0.00244985 0.179137 0.471684 0.004894 0.999901 -0.0132039 -0.112401 -0.179087 0.0138668 0.983735 4.1551 
0.974364 -0.00488347 0.224926 0.688985 0.00800741 0.999884 -0.0129791 -0.141618 -0.224836 0.0144473 0.974289 5.14714 
0.962726 -0.0055072 0.270421 0.961661 0.00972662 0.999851 -0.0142659 -0.161871 -0.270302 0.0163643 0.962636 6.24998 
0.949363 -0.00816521 0.314075 1.29278 0.0141038 0.999762 -0.0166407 -0.196486 -0.313865 0.0202276 0.949252 7.23554 
0.934197 -0.00958846 0.356628 1.64224 0.0171925 0.999687 -0.0181583 -0.228692 -0.356343 0.0230947 0.93407 8.1798 
0.916906 -0.00949487 0.398989 2.03996 0.0185422 0.999651 -0.0188225 -0.258427 -0.398671 0.0246565 0.916762 9.13373 
0.897277 -0.00985963 0.441357 2.47933 0.0195208 0.999659 -0.0173542 -0.289473 -0.441035 0.0241871 0.897164 10.0672 
0.87542 -0.00963156 0.483267 2.96078 0.0200488 0.999664 -0.0163944 -0.324625 -0.482947 0.0240408 0.87532 10.9609 
0.851493 -0.01005 0.524269 3.49056 0.0210392 0.999666 -0.0150079 -0.367406 -0.523943 0.0238093 0.85142 11.8457 
0.826019 -0.0105721 0.563543 4.08525 0.0230898 0.999619 -0.0150914 -0.392449 -0.563169 0.0254779 0.825949 12.7405 
0.798637 -0.0123434 0.601686 4.68379 0.0264091 0.999545 -0.0145485 -0.424875 -0.601233 0.0275089 0.7986 13.5494 
0.770292 -0.0116617 0.637584 5.34042 0.0275088 0.99951 -0.0149532 -0.461793 -0.637097 0.0290574 0.770235 14.3314 
0.73963 -0.0149545 0.672847 5.99824 0.0323104 0.999389 -0.0133053 -0.498432 -0.672238 0.0315809 0.739661 15.0651 
0.707559 -0.0140469 0.706514 6.70272 0.0324187 0.999395 -0.0125969 -0.527155 -0.70591 0.0318173 0.707586 15.7891 
0.673198 -0.0129168 0.739349 7.41555 0.0334413 0.999356 -0.0129901 -0.565826 -0.738705 0.0334697 0.673197 16.4533 
0.637933 -0.0143126 0.769959 8.23572 0.0381261 0.999188 -0.013015 -0.59471 -0.769148 0.0376582 0.637961 17.1265 
0.601249 -0.0124367 0.798965 9.01532 0.0378801 0.999198 -0.0129526 -0.625594 -0.798163 0.0380526 0.601238 17.7254 
0.563666 -0.0115204 0.825922 9.856 0.0408535 0.999068 -0.0139458 -0.658539 -0.824992 0.0416026 0.563611 18.2975 
0.52438 -0.00976839 0.851428 10.707 0.0454235 0.998831 -0.0165162 -0.682721 -0.850272 0.0473356 0.524211 18.8455 
0.485732 -0.00892954 0.874062 11.5633 0.046983 0.998769 -0.0159058 -0.706795 -0.872844 0.048792 0.485553 19.3219 
0.447478 -0.0108537 0.894229 12.4507 0.0519494 0.998553 -0.0138761 -0.736319 -0.892784 0.0526639 0.447395 19.7606 
0.410463 -0.0112662 0.911807 13.5014 0.0560176 0.998347 -0.0128817 -0.743128 -0.910155 0.0563647 0.410416 20.2457 
0.375408 -0.00895283 0.926816 14.4646 0.0577613 0.998236 -0.0137537 -0.76435 -0.925058 0.0586974 0.375263 20.6343 
0.342412 -0.00959905 0.939501 15.5115 0.0582588 0.99824 -0.011034 -0.781919 -0.937742 0.0585124 0.342369 20.9976 
0.309446 -0.0113152 0.95085 16.5691 0.06098 0.998107 -0.0079679 -0.795712 -0.94896 0.0604484 0.30955 21.3335 
0.276608 -0.0112565 0.960917 17.5577 0.0614623 0.998091 -0.00600056 -0.812856 -0.959015 0.06072 0.276772 21.6228 
0.244758 -0.00854286 0.969547 18.5579 0.0597052 0.998196 -0.00627712 -0.828969 -0.967744 0.0594234 0.244826 21.8803 
0.214219 -0.00685185 0.976762 19.676 0.059855 0.998188 -0.00612508 -0.839537 -0.97495 0.0597762 0.214241 22.1339 
0.183588 -0.00666567 0.982981 20.763 0.061984 0.998065 -0.00480867 -0.846527 -0.981047 0.0618119 0.183646 22.358 
0.153245 -0.00698611 0.988163 21.8665 0.0636126 0.997971 -0.00280973 -0.860339 -0.986139 0.0632903 0.153378 22.5403 
0.123382 -0.00760728 0.99233 23.0948 0.062599 0.998039 -0.000132341 -0.858944 -0.990383 0.0621352 0.123616 22.6742 
0.0939466 -0.00780415 0.995547 24.1847 0.0628876 0.998019 0.00188894 -0.861308 -0.993589 0.0624301 0.0942512 22.7765 
0.0665878 -0.00743711 0.997753 25.3892 0.0654929 0.997848 0.00306688 -0.85995 -0.995629 0.0651416 0.0669316 22.8814 
0.04159 -0.00697947 0.99911 26.6611 0.0698352 0.99755 0.00406145 -0.85519 -0.996691 0.0696042 0.0419755 22.9298 
0.0187036 -0.00645844 0.999804 27.9052 0.0740823 0.997239 0.00505591 -0.854459 -0.997077 0.0739732 0.0191304 22.9759 
-0.00179115 -0.00660515 0.999976 29.1837 0.0796635 0.996799 0.00672677 -0.848185 -0.99682 0.0796737 -0.00125923 22.9939 
-0.0199317 -0.00719293 0.999775 30.4171 0.0835434 0.996465 0.00883458 -0.837126 -0.996305 0.0837008 -0.0192603 22.9966 
-0.035602 -0.00691025 0.999342 31.771 0.0867264 0.996182 0.00997799 -0.816262 -0.995596 0.0870246 -0.0348668 22.9614 
-0.0499173 -0.00756703 0.998725 33.0618 0.0889736 0.995962 0.011993 -0.809606 -0.994782 0.0894588 -0.0490424 22.9108 
-0.0635004 -0.00869526 0.997944 34.3231 0.0891593 0.995914 0.0143508 -0.802807 -0.993991 0.0898873 -0.0624657 22.8587 
-0.0764857 -0.00850096 0.997034 35.5956 0.0886704 0.995944 0.0152938 -0.792954 -0.99312 0.0895772 -0.0754216 22.8086 
-0.0881432 -0.00574508 0.996091 36.8621 0.0884359 0.995989 0.01357 -0.782302 -0.992174 0.0892863 -0.0872816 22.7357 
-0.0984017 -0.00244674 0.995144 38.0983 0.0886723 0.995998 0.0112169 -0.771658 -0.991188 0.0893455 -0.0977909 22.6281 
-0.108225 0.000220075 0.994126 39.3965 0.0897248 0.995921 0.00954725 -0.755184 -0.990069 0.090231 -0.107803 22.5286 
-0.115665 0.00113294 0.993288 40.7341 0.0897066 0.995925 0.00931 -0.754568 -0.989229 0.0901813 -0.115295 22.396 
-0.121514 0.00155795 0.992588 42.1092 0.0896304 0.995931 0.00940942 -0.758385 -0.988535 0.0901095 -0.121159 22.239 
-0.1267 0.00308973 0.991936 43.4906 0.0905136 0.995859 0.00845925 -0.745647 -0.987803 0.0908555 -0.126455 22.0776 
-0.131701 0.00467703 0.991278 44.8652 0.0897054 0.995942 0.00721911 -0.748399 -0.987222 0.0898738 -0.131586 21.938 
-0.13605 0.00543645 0.990687 46.1902 0.0894217 0.99597 0.0068147 -0.745708 -0.986658 0.0895161 -0.135988 21.7634 
-0.139084 0.00424186 0.990271 47.6457 0.0892355 0.995976 0.00826683 -0.737205 -0.986252 0.0895171 -0.138903 21.5759 
-0.141512 0.00216503 0.989934 49.1078 0.0902826 0.995858 0.0107279 -0.739394 -0.985811 0.090892 -0.141121 21.3874 
-0.143746 0.000783561 0.989614 50.5802 0.0905421 0.995816 0.0123631 -0.735062 -0.985464 0.0913789 -0.143215 21.1847 
-0.14578 0.00147463 0.989316 52.068 0.0933806 0.995555 0.012276 -0.721553 -0.9849 0.0941725 -0.145269 20.9741 
-0.146825 0.00102714 0.989162 53.5701 0.0936162 0.995525 0.012862 -0.719263 -0.984722 0.09449 -0.146264 20.776 
-0.147776 0.00232633 0.989018 55.0806 0.0950602 0.995401 0.0118622 -0.710894 -0.984442 0.0957692 -0.147318 20.5773 
-0.147583 0.00265204 0.989046 56.5865 0.0954293 0.995369 0.0115707 -0.695956 -0.984435 0.0960917 -0.147153 20.3632 
-0.147028 0.00390591 0.989124 58.1601 0.095603 0.995366 0.0102803 -0.697648 -0.984501 0.0960748 -0.14672 20.1542 
-0.145927 0.00373525 0.989288 59.6748 0.0963689 0.995291 0.0104571 -0.687222 -0.98459 0.0968627 -0.1456 19.9503 
-0.144325 0.00265223 0.989527 61.233 0.0956384 0.995352 0.0112811 -0.679686 -0.984898 0.0962649 -0.143908 19.7378 
-0.143267 0.0034242 0.989678 62.8285 0.0967111 0.995256 0.0105565 -0.669971 -0.984947 0.0972253 -0.142919 19.5256 
-0.142245 0.00392541 0.989824 64.4477 0.0968843 0.995246 0.00997598 -0.661462 -0.985079 0.0973174 -0.141949 19.3064 
-0.141236 0.00441925 0.989966 66.0701 0.0981951 0.995121 0.00956691 -0.654435 -0.985094 0.098561 -0.140981 19.0883 
-0.14048 0.004113 0.990075 67.725 0.0978935 0.995149 0.00975579 -0.649243 -0.985232 0.0982924 -0.140201 18.8882 
-0.139817 0.00231795 0.990175 69.4298 0.0999611 0.994921 0.0117858 -0.646779 -0.985119 0.100627 -0.139338 18.6674 
-0.139242 0.000427153 0.990258 71.1027 0.101512 0.994738 0.0138446 -0.631903 -0.985042 0.10245 -0.138553 18.4574 
-0.138288 0.00146362 0.990391 72.8725 0.102965 0.994601 0.012907 -0.618031 -0.985025 0.10376 -0.137692 18.213 
-0.137853 0.00315585 0.990448 74.5834 0.105301 0.994374 0.0114877 -0.61635 -0.984839 0.105879 -0.13741 18.0069 
-0.137399 0.00272552 0.990512 76.3381 0.104849 0.994418 0.0118078 -0.608687 -0.984951 0.105477 -0.136917 17.7862 
-0.137119 0.00254726 0.990551 78.1012 0.105646 0.99433 0.0120672 -0.607135 -0.984905 0.106302 -0.136611 17.5541 
-0.136685 0.00145669 0.990613 79.8555 0.105385 0.994345 0.0130788 -0.592038 -0.984993 0.106184 -0.136066 17.3176 
-0.136188 0.00181579 0.990681 81.6201 0.107247 0.994148 0.0129209 -0.579145 -0.984861 0.108007 -0.135586 17.084 
-0.135926 0.00162976 0.990718 83.3872 0.108394 0.99402 0.0132364 -0.562979 -0.984771 0.109187 -0.13529 16.8514 
-0.135587 0.00259937 0.990762 85.1888 0.108922 0.993974 0.0122983 -0.55248 -0.98476 0.109583 -0.135053 16.5979 
-0.136009 0.00357163 0.990701 86.9998 0.108281 0.994056 0.0112817 -0.531905 -0.984772 0.108809 -0.135587 16.3684 
-0.13698 0.00409322 0.990565 88.8296 0.107529 0.994144 0.0107615 -0.520872 -0.98472 0.107989 -0.136618 16.1402 
-0.138116 0.00473229 0.990405 90.6727 0.106631 0.994247 0.0101194 -0.5145 -0.984659 0.107006 -0.137826 15.8973 
-0.139034 0.00373159 0.990281 92.4969 0.105487 0.994359 0.0110631 -0.507499 -0.984653 0.106 -0.138643 15.6633 
-0.139887 0.00341881 0.990161 94.3664 0.105635 0.994338 0.0114905 -0.503377 -0.984516 0.106203 -0.139456 15.4119 
-0.140209 0.0021641 0.990119 96.1995 0.103574 0.994543 0.0124931 -0.502153 -0.98469 0.104302 -0.139668 15.168 
-0.141844 0.00310004 0.989884 98.0627 0.103194 0.994593 0.0116722 -0.494237 -0.984495 0.103806 -0.141397 14.9206 
-0.14416 0.00376736 0.989547 99.969 0.10258 0.994662 0.0111572 -0.487406 -0.984223 0.103116 -0.143777 14.6583 
-0.14793 0.00437903 0.988988 101.861 0.103046 0.994616 0.0110092 -0.486154 -0.983615 0.103539 -0.147585 14.3801 
-0.152085 0.00344865 0.988361 103.752 0.101423 0.994769 0.0121356 -0.480913 -0.98315 0.102089 -0.15164 14.1009 
-0.156918 0.00258422 0.987608 105.657 0.0999436 0.994904 0.0132764 -0.474777 -0.982542 0.100788 -0.156377 13.828 
-0.161504 0.00340582 0.986866 107.56 0.0986171 0.995044 0.012705 -0.464903 -0.981932 0.0993738 -0.16104 13.5446 
-0.166114 0.00533946 0.986092 109.467 0.0993877 0.994984 0.0113549 -0.453001 -0.981085 0.0998916 -0.165812 13.2485 
-0.170537 0.00703219 0.985326 111.393 0.0991864 0.995018 0.0100654 -0.453281 -0.980346 0.0994475 -0.170385 12.9298 
-0.175182 0.00736314 0.984508 113.301 0.0983268 0.995103 0.0100537 -0.450543 -0.979614 0.0985648 -0.175049 12.6116 
-0.179861 0.00702058 0.983667 115.258 0.0963956 0.995287 0.0105221 -0.441224 -0.978957 0.0967137 -0.179691 12.2808 
-0.184756 0.00624981 0.982764 117.226 0.0945989 0.995449 0.0114537 -0.438128 -0.978221 0.0950846 -0.184507 11.9292 
-0.190097 0.00569047 0.981749 119.217 0.0935788 0.995535 0.0123493 -0.425924 -0.977295 0.0942185 -0.189781 11.5674 
-0.19531 0.00542351 0.980726 121.209 0.0937038 0.995513 0.0131556 -0.416079 -0.976255 0.0944672 -0.194942 11.1968 
-0.200754 0.00708152 0.979616 123.191 0.0939998 0.995499 0.0120671 -0.403484 -0.975121 0.0945062 -0.200517 10.8172 
-0.205941 0.00810686 0.978531 125.161 0.0938133 0.995523 0.0114962 -0.396616 -0.974057 0.0941667 -0.20578 10.4278 
-0.211562 0.00812611 0.977331 127.151 0.0944985 0.99545 0.0121792 -0.388512 -0.972785 0.0949329 -0.211367 10.0202 
-0.216881 0.00809504 0.976164 129.139 0.0938282 0.995509 0.0125909 -0.382312 -0.971678 0.0943225 -0.216666 9.60838 
-0.221744 0.00903314 0.975063 131.154 0.0936702 0.99553 0.0120792 -0.372391 -0.970595 0.0940128 -0.221599 9.17378 
-0.226504 0.00946187 0.973964 133.172 0.0929402 0.9956 0.0119419 -0.364314 -0.969566 0.0932253 -0.226387 8.72355 
-0.230776 0.00896188 0.972966 135.228 0.0938139 0.995504 0.013082 -0.341633 -0.968474 0.0942967 -0.230579 8.27333 
-0.234574 0.00942454 0.972053 137.242 0.0972665 0.995162 0.0138235 -0.312011 -0.96722 0.0977908 -0.234355 7.79363 
-0.238338 0.0102876 0.971128 139.276 0.0986359 0.99503 0.0136668 -0.301374 -0.96616 0.0990453 -0.238168 7.35697 
-0.241328 0.0107514 0.970384 141.31 0.0991469 0.994979 0.0136333 -0.29312 -0.965365 0.0995007 -0.241183 6.86504 
-0.244374 0.0106389 0.969623 143.36 0.0985057 0.995039 0.0139085 -0.282024 -0.964665 0.0989123 -0.24421 6.36604 
-0.24803 0.0111868 0.968688 145.393 0.0970877 0.995186 0.0133663 -0.269209 -0.963875 0.0973629 -0.247923 5.86671 
-0.252324 0.0119702 0.967569 147.386 0.0965398 0.995246 0.0128631 -0.271508 -0.962815 0.0966546 -0.25228 5.3776 
-0.256831 0.0118704 0.966383 149.448 0.0955129 0.995341 0.0131578 -0.253419 -0.961725 0.0956815 -0.256768 4.87852 
-0.26142 0.0123695 0.965146 151.488 0.0957529 0.995318 0.0131795 -0.252548 -0.960464 0.0958609 -0.261381 4.37095 
-0.265884 0.012811 0.96392 153.501 0.0947991 0.995412 0.0129194 -0.251825 -0.959332 0.0948138 -0.265879 3.8438 
-0.270449 0.0128124 0.962649 155.494 0.0944113 0.995445 0.0132752 -0.256134 -0.958094 0.0944752 -0.270427 3.31908 
-0.274754 0.0121339 0.961438 157.54 0.0942057 0.995449 0.0143583 -0.251777 -0.956888 0.094518 -0.274646 2.76461 
-0.278883 0.0123195 0.960246 159.572 0.0954209 0.995325 0.0149433 -0.246095 -0.955573 0.095795 -0.278755 2.21301 
-0.282773 0.013141 0.959097 161.613 0.0966772 0.995205 0.0148678 -0.240767 -0.954302 0.0969271 -0.282688 1.64196 
-0.286374 0.0142863 0.958011 163.671 0.0967711 0.995207 0.0140863 -0.23157 -0.953218 0.0967418 -0.286384 1.06378 
-0.28969 0.015813 0.95699 165.704 0.0969576 0.995205 0.0129054 -0.22972 -0.952197 0.096526 -0.289834 0.483508 
-0.292982 0.0168413 0.95597 167.757 0.0972779 0.995181 0.0122812 -0.22602 -0.951156 0.0965929 -0.293209 -0.11002 
-0.296158 0.0172913 0.954982 169.781 0.0965171 0.99526 0.0119112 -0.227536 -0.95025 0.0956997 -0.296423 -0.711101 
-0.299449 0.0172071 0.953957 171.847 0.0967821 0.995228 0.0124285 -0.22582 -0.949191 0.0960477 -0.299686 -1.33546 
-0.303396 0.0174048 0.952706 173.963 0.0966285 0.995241 0.0125901 -0.222268 -0.947952 0.0958783 -0.303634 -1.9708 
-0.307242 0.0181887 0.951457 175.958 0.0993223 0.99497 0.0130523 -0.230718 -0.946434 0.0985112 -0.307503 -2.5856 
-0.310629 0.018027 0.95036 178.038 0.100562 0.994832 0.0139985 -0.235157 -0.945197 0.0999187 -0.310836 -3.22477 
-0.31308 0.0175921 0.949564 180.176 0.101065 0.994768 0.0148925 -0.220546 -0.944334 0.10063 -0.31322 -3.90706 
-0.315748 0.017332 0.948685 182.273 0.10144 0.994719 0.0155888 -0.213409 -0.943405 0.101156 -0.315839 -4.58527 
-0.318557 0.0177639 0.947737 184.352 0.100376 0.994835 0.0150921 -0.208722 -0.942574 0.099938 -0.318695 -5.2432 
-0.321263 0.0197589 0.946784 186.456 0.0998721 0.994914 0.0131253 -0.200347 -0.941709 0.098774 -0.321603 -5.92666 
-0.324641 0.0215491 0.945592 188.558 0.0992662 0.994995 0.0114051 -0.205501 -0.940614 0.0975679 -0.325155 -6.59999 
-0.327671 0.0224988 0.944524 190.648 0.0987726 0.995054 0.0105633 -0.208011 -0.939615 0.0967544 -0.328273 -7.30016 
-0.3311 0.0234154 0.943305 192.732 0.0974123 0.995199 0.00948805 -0.212261 -0.938554 0.095031 -0.331791 -7.98563 
-0.33454 0.0235641 0.942087 194.875 0.0979611 0.995141 0.00989533 -0.213222 -0.937276 0.0955982 -0.335223 -8.71628 
-0.338405 0.0228323 0.940723 197.006 0.0975272 0.995173 0.0109294 -0.213254 -0.935933 0.0954447 -0.338998 -9.43565 
-0.341838 0.0222903 0.939494 199.078 0.0974665 0.995168 0.0118523 -0.217303 -0.934691 0.0956208 -0.342359 -10.1657 
-0.346181 0.0217094 0.937916 201.13 0.0970544 0.995197 0.0127871 -0.226688 -0.933134 0.0954555 -0.346626 -10.8691 
-0.350021 0.0215143 0.936495 203.232 0.0959677 0.995299 0.0130032 -0.233684 -0.931813 0.0944247 -0.35044 -11.6124 
-0.354077 0.0218661 0.934961 205.311 0.0944543 0.995451 0.0124897 -0.243158 -0.930434 0.0927334 -0.354531 -12.3501 
-0.35728 0.0224889 0.933727 207.469 0.0944472 0.995455 0.0121634 -0.241057 -0.92921 0.0925336 -0.35778 -13.1372 
-0.360193 0.0231724 0.93259 209.526 0.0954622 0.995359 0.0121382 -0.261464 -0.92798 0.0933991 -0.360734 -13.8907 
-0.362901 0.022657 0.931552 211.601 0.096338 0.995259 0.0133235 -0.275867 -0.926834 0.094579 -0.363363 -14.6569 
-0.365368 0.0221518 0.930599 213.759 0.0976993 0.995108 0.0146708 -0.269954 -0.925722 0.0962792 -0.365745 -15.4777 
-0.368302 0.0228034 0.929426 215.862 0.0988639 0.994991 0.0147646 -0.279062 -0.924434 0.0973246 -0.368712 -16.2541 
-0.371442 0.0239973 0.928146 217.996 0.0992289 0.994966 0.0139862 -0.269568 -0.923138 0.0972939 -0.371953 -17.0037 
-0.374026 0.0239524 0.927109 220.136 0.0986832 0.995019 0.0141051 -0.277378 -0.922153 0.0967657 -0.374527 -17.8213 
-0.376736 0.0250887 0.925981 222.287 0.0982624 0.995075 0.0130173 -0.283222 -0.921094 0.0958932 -0.377346 -18.6652 
-0.379652 0.0263448 0.924754 224.409 0.0981922 0.995095 0.0119634 -0.278701 -0.919904 0.0953456 -0.380377 -19.5034 
-0.382368 0.0261464 0.92364 226.462 0.0958995 0.995324 0.0115248 -0.300457 -0.91902 0.0929834 -0.383088 -20.2912 
-0.385365 0.027293 0.922361 228.512 0.0969274 0.99523 0.0110472 -0.299826 -0.91766 0.0936592 -0.386172 -21.1124 
-0.387862 0.0266459 0.921332 230.639 0.0982237 0.995085 0.0125712 -0.31434 -0.916469 0.0953726 -0.388573 -21.9717 
-0.390878 0.0255953 0.920087 232.636 0.0987174 0.995013 0.0142581 -0.324101 -0.915134 0.0964018 -0.391455 -22.7873 
-0.394294 0.025344 0.918635 234.605 0.0976541 0.995115 0.0144608 -0.324751 -0.913781 0.0954103 -0.394843 -23.5784 
-0.397331 0.0254837 0.917321 236.702 0.0962164 0.995262 0.0140264 -0.325443 -0.912617 0.0938345 -0.3979 -24.4375 
-0.40107 0.0246404 0.915716 238.804 0.0943257 0.995435 0.0145276 -0.332913 -0.911178 0.0922021 -0.401563 -25.3085 
-0.404625 0.023717 0.914175 240.916 0.0934048 0.995507 0.0155151 -0.337203 -0.9097 0.0916662 -0.405023 -26.1974 
-0.408034 0.0238962 0.912654 243.063 0.0926945 0.995576 0.0153749 -0.335092 -0.908249 0.0908715 -0.408444 -27.1229 
-0.411903 0.0234708 0.910925 245.2 0.0921419 0.995617 0.0160118 -0.334298 -0.906557 0.0905297 -0.41226 -28.0443 
-0.416012 0.0230703 0.909066 247.326 0.0913351 0.995683 0.0165288 -0.329581 -0.904761 0.0899059 -0.416323 -28.9499 
-0.419809 0.0232047 0.907316 249.429 0.090621 0.995749 0.0164633 -0.31476 -0.903077 0.0891333 -0.420128 -29.8732 
-0.423586 0.0239246 0.90554 251.556 0.0907324 0.995745 0.0161342 -0.305286 -0.9013 0.0889961 -0.423954 -30.8345 
-0.426908 0.0247316 0.903957 253.713 0.0912452 0.995702 0.0158501 -0.286547 -0.89968 0.0892482 -0.427329 -31.8232 
-0.430727 0.0244724 0.90215 255.789 0.0910871 0.995706 0.0164787 -0.288878 -0.897874 0.0892721 -0.431106 -32.7553 
-0.434392 0.0251559 0.900373 257.904 0.0900164 0.995818 0.0156064 -0.280757 -0.896215 0.0878276 -0.434839 -33.7166 
-0.437902 0.0254281 0.898663 260.072 0.0905118 0.995768 0.015929 -0.265942 -0.894455 0.0883149 -0.438351 -34.7447 
-0.441672 0.0257654 0.896806 262.141 0.0907682 0.995742 0.0160949 -0.263497 -0.892573 0.0885102 -0.44213 -35.7057 
-0.445074 0.0268965 0.89509 264.281 0.0920761 0.995625 0.0158663 -0.247769 -0.890748 0.0894781 -0.445603 -36.7267 
-0.448833 0.0291619 0.893139 266.37 0.0947019 0.995391 0.0150904 -0.244813 -0.888583 0.0913551 -0.449526 -37.7128 
-0.451477 0.0297195 0.891788 268.463 0.0956321 0.9953 0.0152456 -0.231699 -0.887143 0.0921665 -0.452197 -38.7297 
-0.454405 0.0322533 0.890211 270.568 0.0979289 0.995096 0.0139341 -0.216303 -0.885396 0.0935091 -0.455335 -39.7425 
-0.457103 0.0347767 0.888733 272.691 0.0995989 0.994952 0.0122937 -0.204826 -0.883819 0.0941364 -0.458259 -40.7741 
-0.459968 0.035352 0.887231 274.816 0.100719 0.994835 0.0125762 -0.201331 -0.882205 0.0951458 -0.461153 -41.8314 
-0.462993 0.0363536 0.885616 276.999 0.101071 0.994807 0.012003 -0.191913 -0.880581 0.095067 -0.464263 -42.9229 
-0.466322 0.0362304 0.883873 279.159 0.100054 0.994909 0.0120055 -0.182111 -0.878938 0.0940334 -0.467573 -44.015 
-0.469763 0.0378047 0.881982 281.317 0.100927 0.994832 0.0111141 -0.17107 -0.877004 0.0942369 -0.471151 -45.1238 
-0.472969 0.0381777 0.880251 283.465 0.10003 0.994928 0.0105959 -0.157606 -0.875382 0.0930631 -0.474389 -46.232 
-0.475703 0.0378858 0.878789 285.624 0.0982026 0.995113 0.010258 -0.155109 -0.874107 0.0911792 -0.477099 -47.3448 
-0.478378 0.0383107 0.877318 287.759 0.0999839 0.994927 0.0110721 -0.162737 -0.872443 0.0930143 -0.479782 -48.456 
-0.48043 0.0387157 0.876178 289.876 0.101983 0.994714 0.0119662 -0.163414 -0.871083 0.095104 -0.481839 -49.5881 
-0.482672 0.0391886 0.874924 291.992 0.103686 0.994529 0.0126548 -0.162194 -0.869642 0.0968256 -0.484095 -50.7102 
-0.484706 0.0389324 0.87381 294.157 0.103842 0.994505 0.0132916 -0.166089 -0.868491 0.0971806 -0.486085 -51.8373 
-0.486949 0.0383095 0.87259 296.281 0.10357 0.994522 0.0141346 -0.1478 -0.867268 0.097257 -0.488249 -52.975 
-0.489397 0.0385661 0.871208 298.364 0.104876 0.994374 0.0148953 -0.1178 -0.865732 0.0986588 -0.490688 -54.1165 
-0.491525 0.0385213 0.870011 300.589 0.104811 0.994376 0.0151865 -0.0868165 -0.864533 0.0986512 -0.492798 -55.3405 
-0.494421 0.0396127 0.868319 302.779 0.104691 0.994403 0.0142462 -0.0671813 -0.862895 0.0979487 -0.495801 -56.4454 
-0.49755 0.0421276 0.866412 304.87 0.104962 0.994405 0.0119248 -0.054929 -0.861062 0.0968735 -0.499187 -57.5407 
-0.500843 0.0415583 0.86454 306.956 0.103437 0.994562 0.0121146 -0.0473337 -0.859335 0.0954934 -0.502418 -58.7018 
-0.505058 0.0400989 0.862153 309.176 0.101769 0.994718 0.0133526 -0.0377872 -0.857065 0.0944842 -0.506471 -59.9344 
-0.509993 0.0375694 0.859357 311.41 0.099398 0.994927 0.0154924 -0.0209099 -0.854416 0.0933195 -0.51114 -61.1902 
-0.514732 0.0362588 0.856584 313.683 0.0979821 0.995047 0.0167588 0.00223167 -0.851733 0.0925562 -0.515736 -62.5037 
-0.519056 0.0360939 0.853978 315.915 0.097823 0.995052 0.0174012 0.0225927 -0.849124 0.0925708 -0.520018 -63.8187 
-0.523249 0.0376731 0.851347 318.129 0.0982924 0.995023 0.0163808 0.100984 -0.846492 0.0922521 -0.524347 -65.136 
-0.527212 0.0387707 0.848849 320.453 0.0998318 0.994866 0.0165645 0.122012 -0.843849 0.0934751 -0.528376 -66.5216 
-0.531003 0.0386023 0.84649 322.583 0.10054 0.994775 0.0177041 0.135095 -0.841384 0.0945071 -0.53211 -67.8178 
-0.534771 0.0373515 0.844171 324.84 0.100734 0.994716 0.0198009 0.155888 -0.838971 0.0956257 -0.535708 -69.2051 
-0.538573 0.035571 0.841828 326.98 0.0990626 0.994852 0.0213399 0.17486 -0.836735 0.0948867 -0.539324 -70.5514 
-0.541872 0.0353368 0.839718 329.116 0.0984147 0.99491 0.0216396 0.192757 -0.834679 0.0943665 -0.542592 -71.9297 
-0.545769 0.0351894 0.837196 331.35 0.0984674 0.994889 0.0223733 0.222968 -0.83213 0.0946472 -0.546445 -73.3379 
-0.549737 0.0350805 0.834601 333.6 0.0990558 0.994806 0.023432 0.265753 -0.829444 0.0955535 -0.550357 -74.7674 
-0.554042 0.0350575 0.83175 335.873 0.0998793 0.994695 0.0246057 0.312469 -0.826475 0.0967072 -0.554605 -76.2015 
-0.557896 0.0344666 0.829195 338.062 0.0993618 0.994724 0.0255051 0.337764 -0.823942 0.0966195 -0.558377 -77.6007 
-0.561135 0.0336203 0.827041 340.235 0.0985012 0.994787 0.0263922 0.37839 -0.821842 0.0962741 -0.561522 -79.0503 
-0.564082 0.0327502 0.825069 342.364 0.0980313 0.994802 0.0275342 0.416278 -0.819879 0.0964141 -0.564361 -80.4633 
-0.567055 0.0322324 0.823049 344.427 0.0972631 0.994863 0.0280501 0.469854 -0.817917 0.0959582 -0.567277 -81.8367 
-0.569734 0.0310968 0.82124 346.613 0.0930812 0.995295 0.0268874 0.513679 -0.816541 0.0917607 -0.569948 -83.3034 
-0.573212 0.0305497 0.818837 348.742 0.0897812 0.99563 0.0257041 0.551602 -0.814474 0.0882502 -0.57345 -84.7261 
-0.576054 0.0279261 0.816935 350.954 0.0874013 0.995791 0.02759 0.599351 -0.812726 0.0872945 -0.57607 -86.2234 
-0.579494 0.0275263 0.814511 353.188 0.0878475 0.995716 0.02885 0.653993 -0.810228 0.0882712 -0.57943 -87.7513 
-0.582491 0.0279242 0.812357 355.358 0.0875826 0.995747 0.0285718 0.702889 -0.808105 0.0877912 -0.58246 -89.2477 
-0.585922 0.0262939 0.809941 357.381 0.0848153 0.995974 0.0290232 0.721441 -0.805917 0.0857007 -0.585793 -90.6518 
-0.588837 0.022611 0.807936 359.574 0.0823275 0.996087 0.0321249 0.77191 -0.804048 0.0854317 -0.588394 -92.2022 
-0.591933 0.0198164 0.805743 361.718 0.0789316 0.996317 0.0334831 0.823437 -0.802113 0.0834184 -0.591318 -93.7266 
-0.594805 0.0190256 0.803645 363.866 0.0772392 0.996447 0.0335773 0.888171 -0.800151 0.0820449 -0.594161 -95.273 
-0.597458 0.019315 0.801667 366.02 0.0768009 0.996493 0.0332283 0.945616 -0.798214 0.0814213 -0.596846 -96.8382 
-0.599653 0.0192065 0.800029 368.167 0.0774393 0.996413 0.0341227 0.999523 -0.796504 0.0824155 -0.59899 -98.4078 
-0.602091 0.0186181 0.79821 370.321 0.0770115 0.996421 0.0348485 1.05295 -0.794705 0.0824534 -0.60137 -99.9861 
-0.604226 0.0166501 0.796639 372.408 0.0734103 0.996693 0.0348481 1.09013 -0.793424 0.0795377 -0.60345 -101.569 
-0.606581 0.0131715 0.794912 374.572 0.0634932 0.997472 0.0319224 1.13998 -0.792482 0.0698351 -0.605884 -103.168 
-0.609445 0.0157729 0.792671 376.554 0.055655 0.998187 0.022928 1.18357 -0.790872 0.0580895 -0.609218 -104.648 
-0.611967 0.0259212 0.790458 378.634 0.0660464 0.997646 0.0184172 1.20467 -0.78812 0.0634776 -0.612239 -106.192 
-0.612674 0.0267392 0.789883 380.772 0.073328 0.99704 0.023125 1.22891 -0.786927 0.0720887 -0.612821 -107.822 
-0.614707 0.0174524 0.788562 382.926 0.0723762 0.996785 0.0343584 1.27397 -0.785428 0.0781935 -0.613994 -109.464 
-0.617982 0.0068793 0.786162 385.046 0.0662329 0.996862 0.043341 1.33901 -0.783397 0.0788538 -0.616499 -111.064 
-0.621006 0.00107252 0.783805 387.152 0.0603311 0.997098 0.0464356 1.43066 -0.781481 0.0761246 -0.619268 -112.694 
-0.623803 0.000712039 0.781581 389.219 0.059506 0.99714 0.0465851 1.51287 -0.779313 0.0755687 -0.622062 -114.266 
-0.62729 0.00623947 0.77876 391.12 0.0649246 0.996906 0.0443094 1.59081 -0.776074 0.0783556 -0.625755 -115.481 
-0.628826 0.0124911 0.777446 393.204 0.0690273 0.99682 0.0398159 1.66353 -0.774476 0.0787022 -0.627688 -117.161 
-0.631267 0.0148221 0.775424 395.339 0.069226 0.996903 0.0373007 1.74701 -0.77247 0.0772262 -0.630339 -118.861 
-0.633346 0.0179151 0.773661 397.552 0.07066 0.996895 0.0347604 1.82165 -0.770636 0.0766823 -0.632645 -120.732 
-0.635895 0.0174907 0.771577 399.622 0.071773 0.996751 0.0365565 1.87436 -0.768431 0.0786245 -0.635084 -122.384 
-0.638033 0.017254 0.769816 401.643 0.0736289 0.996535 0.0386891 1.92336 -0.766481 0.0813656 -0.637092 -124.016 
-0.639999 0.0176803 0.768172 403.74 0.0740309 0.996503 0.0387429 1.99132 -0.764801 0.0816639 -0.63907 -125.694 
-0.641389 0.0182552 0.766998 405.838 0.074775 0.996445 0.038813 2.05805 -0.763563 0.0822465 -0.640474 -127.379 
-0.642694 0.0187682 0.765893 407.683 0.0751411 0.996424 0.0386367 2.14114 -0.762429 0.0823816 -0.641806 -128.886 
-0.643481 0.0203597 0.765191 409.452 0.077419 0.996251 0.0385972 2.25032 -0.761537 0.0840769 -0.642645 -130.372 
-0.644435 0.0196672 0.764406 411.395 0.0794221 0.995984 0.0413315 2.29503 -0.760523 0.0873462 -0.643409 -131.972 
-0.645842 0.0191129 0.763232 413.356 0.0808288 0.99578 0.0434603 2.35839 -0.759181 0.0897596 -0.644661 -133.575 
-0.647118 0.0196598 0.762136 415.365 0.0802456 0.995871 0.0424462 2.41357 -0.758154 0.0886258 -0.646024 -135.242 
-0.648482 0.0195981 0.760977 417.276 0.0758966 0.996352 0.0390168 2.48097 -0.757437 0.0830573 -0.647604 -136.829 
-0.649921 0.019174 0.759759 419.279 0.0734478 0.996587 0.0376787 2.53616 -0.756444 0.0802909 -0.649111 -138.487 
-0.650795 0.0182658 0.759033 421.31 0.0727858 0.996607 0.0384235 2.60064 -0.755756 0.0802527 -0.649917 -140.174 
-0.65036 0.017222 0.75943 423.346 0.0711983 0.996724 0.0383695 2.66604 -0.756282 0.0790241 -0.649456 -141.966 
-0.650882 0.0160257 0.75901 425.355 0.0683527 0.996954 0.0375656 2.72654 -0.756096 0.0763312 -0.649995 -143.669 
-0.651832 0.0154589 0.758206 427.39 0.0671874 0.997038 0.0374327 2.79489 -0.755382 0.0753417 -0.65094 -145.354 
-0.65264 0.0140188 0.757538 429.459 0.0675402 0.996925 0.0397389 2.87242 -0.754652 0.0770995 -0.65158 -147.099 
-0.652817 0.0126778 0.75741 431.561 0.0698572 0.996607 0.0435287 2.94781 -0.754288 0.0813268 -0.651487 -148.869 
-0.652062 0.0114709 0.758079 433.62 0.0741123 0.996061 0.0486757 3.0401 -0.754535 0.0879225 -0.650344 -150.592 
-0.650805 0.0107579 0.759169 435.639 0.0781083 0.995543 0.0528515 3.14994 -0.755217 0.0936934 -0.648744 -152.289 
-0.649107 0.00840231 0.760651 437.66 0.0724188 0.99608 0.0507961 3.24419 -0.757242 0.0880576 -0.647171 -153.963 
-0.648082 0.00805898 0.761528 439.697 0.0653913 0.99684 0.0451005 3.34 -0.758758 0.0790261 -0.646561 -155.65 
-0.646689 0.00577707 0.762732 441.742 0.0598763 0.99727 0.043213 3.43171 -0.7604 0.073615 -0.645269 -157.32 
-0.643283 0.00597224 0.765605 443.751 0.059041 0.997379 0.0418277 3.50292 -0.763348 0.0721092 -0.64195 -159.007 
-0.640183 0.00632291 0.768196 445.839 0.0606304 0.997263 0.0423185 3.58953 -0.765826 0.0736677 -0.638814 -160.724 
-0.637536 0.00614371 0.770396 447.898 0.0611675 0.997215 0.0426661 3.67023 -0.767989 0.0743245 -0.636136 -162.376 
-0.634984 0.00689123 0.772495 449.955 0.0584987 0.997518 0.0391867 3.74153 -0.770307 0.0700729 -0.633811 -164.019 
-0.633885 0.00209503 0.773425 452.045 0.0516111 0.997882 0.0395964 3.80929 -0.771704 0.0650169 -0.63265 -165.671 
-0.633088 -0.00448743 0.774067 454.15 0.0420532 0.998307 0.0401815 3.88819 -0.772937 0.0579904 -0.631827 -167.295 
-0.632427 -0.00747748 0.774584 456.168 0.0352271 0.998641 0.0384024 3.96273 -0.773818 0.0515731 -0.631304 -168.922 
-0.631365 -0.00818013 0.775443 458.206 0.0335025 0.998723 0.0378132 4.03124 -0.774762 0.0498532 -0.630284 -170.543 
-0.629865 -0.00782692 0.776665 460.247 0.0358773 0.998589 0.0391593 4.10272 -0.775875 0.0525297 -0.628696 -172.162 
-0.628561 -0.00905678 0.777708 462.32 0.0377043 0.998402 0.0421003 4.16817 -0.776846 0.0557855 -0.627215 -173.8 
-0.627451 -0.011432 0.778572 464.408 0.0358618 0.998407 0.043561 4.24523 -0.77783 0.0552534 -0.626042 -175.42 
-0.626912 -0.0112565 0.779008 466.441 0.0336916 0.998568 0.0415426 4.33232 -0.778361 0.0522896 -0.625636 -176.946 
-0.625716 -0.0104006 0.779981 468.529 0.0323909 0.998702 0.0393017 4.40912 -0.779378 0.0498561 -0.624568 -178.581 
-0.624052 -0.00866805 0.781335 470.621 0.0337499 0.998706 0.0380355 4.48156 -0.780654 0.0501061 -0.622952 -180.224 
-0.622923 -0.00811661 0.782241 472.713 0.0361555 0.998579 0.039153 4.54435 -0.781447 0.0526716 -0.621744 -181.85 
-0.621676 -0.00820591 0.783231 474.806 0.0375799 0.998481 0.0402894 4.62125 -0.782372 0.0544807 -0.620423 -183.457 
-0.620524 -0.0083776 0.784143 476.897 0.0375249 0.99848 0.0403624 4.69625 -0.783289 0.0544707 -0.619266 -185.077 
-0.619247 -0.00940721 0.78514 479.066 0.036807 0.998481 0.0409933 4.78366 -0.784333 0.0542836 -0.61796 -186.722 
-0.618178 -0.00990624 0.785976 481.039 0.0371145 0.998437 0.0417749 4.84118 -0.785162 0.0549955 -0.616844 -188.186 
-0.616788 -0.0108653 0.787054 483.118 0.0368804 0.998408 0.042685 4.91054 -0.786264 0.0553545 -0.615406 -189.796 
-0.616181 -0.0102058 0.787538 485.248 0.0360811 0.9985 0.04117 4.99139 -0.786777 0.0537835 -0.614889 -191.43 
-0.615524 -0.00877593 0.788069 486.986 0.0365761 0.998542 0.0396876 5.02681 -0.787269 0.0532532 -0.614306 -192.784 
-0.614686 -0.00917408 0.788719 489.028 0.0369617 0.998499 0.0404201 5.09642 -0.787906 0.053998 -0.613424 -194.342 
-0.614076 -0.0104479 0.789177 490.708 0.0365268 0.998465 0.0416409 5.14155 -0.788401 0.0543968 -0.612752 -195.693 
-0.614322 -0.0119286 0.788965 492.425 0.034927 0.998495 0.0422922 5.19528 -0.788282 0.0535372 -0.61298 -196.982 
-0.614561 -0.0124662 0.78877 494.551 0.0344473 0.998497 0.04262 5.27539 -0.788117 0.0533636 -0.613208 -198.59 
-0.613851 -0.0120825 0.78933 496.36 0.0346935 0.998504 0.042265 5.3148 -0.788659 0.053329 -0.612513 -200.087 
-0.614055 -0.0114976 0.78918 497.679 0.0351607 0.998503 0.0419054 5.4014 -0.78848 0.0534803 -0.612731 -201.131 
-0.614327 -0.0132184 0.788941 498.988 0.0343608 0.998463 0.0434847 5.43996 -0.788303 0.0538225 -0.612929 -202.089 
-0.614292 -0.015243 0.788931 501.085 0.033323 0.99842 0.0452371 5.51433 -0.788374 0.0540783 -0.612814 -203.686 
-0.614416 -0.0157704 0.788824 503.175 0.0324247 0.998451 0.0452169 5.59161 -0.788315 0.0533594 -0.612953 -205.238 
-0.615376 -0.0155268 0.78808 505.227 0.0321844 0.998477 0.0448034 5.70247 -0.787576 0.0529349 -0.61394 -206.206 
-0.616366 -0.0150724 0.787316 507.704 0.0321854 0.998499 0.0443122 5.85559 -0.786802 0.0526526 -0.614955 -207.372 
-0.617354 -0.0146183 0.78655 510.179 0.0321869 0.998521 0.043821 6.0074 -0.786027 0.0523697 -0.61597 -208.541 
-0.618049 -0.015071 0.785995 512.541 0.0317617 0.998521 0.044121 6.1378 -0.785498 0.0522335 -0.616656 -210.013 
-0.617851 -0.0145589 0.78616 514.637 0.0320185 0.998533 0.0436555 6.21546 -0.785643 0.0521442 -0.616479 -211.606 
-0.617688 -0.0146773 0.786286 516.385 0.0313191 0.998573 0.0432435 6.24595 -0.785799 0.0513368 -0.616347 -213.026 
-0.616563 -0.0155373 0.787152 518.397 0.030779 0.998565 0.0438189 6.3285 -0.786704 0.0512449 -0.6152 -214.596 
-0.615773 -0.0166442 0.787747 520.35 0.0306976 0.998511 0.0450932 6.38644 -0.787325 0.0519492 -0.614346 -216.145 
-0.615445 -0.0182726 0.787968 522.468 0.0302638 0.998446 0.046791 6.473 -0.787599 0.0526442 -0.613936 -217.752 
-0.615406 -0.016995 0.788027 524.605 0.031178 0.99846 0.0458816 6.56896 -0.787594 0.052805 -0.613928 -219.361 
-0.615108 -0.0144699 0.78831 526.728 0.0347763 0.998361 0.045461 6.6525 -0.787675 0.055378 -0.613597 -220.954 
-0.61454 -0.0150048 0.788743 528.765 0.0349862 0.998317 0.0462507 6.73447 -0.78811 0.056018 -0.61298 -222.521 
-0.614378 -0.0157979 0.788853 530.863 0.0342715 0.998322 0.0466843 6.82232 -0.788267 0.0557171 -0.612806 -224.12 
-0.613733 -0.0164484 0.789342 532.748 0.0334696 0.998342 0.0468269 6.90023 -0.788804 0.0551582 -0.612165 -225.659 
-0.614046 -0.0159085 0.78911 534.762 0.0331942 0.998392 0.0459576 6.98579 -0.788572 0.0544139 -0.61253 -227.166 
-0.613668 -0.0167819 0.789386 536.46 0.0335484 0.998317 0.047304 7.05098 -0.788851 0.0555116 -0.612072 -228.671 
-0.614149 -0.0176175 0.788993 538.225 0.0343968 0.998203 0.0490633 7.12992 -0.78844 0.057271 -0.61244 -229.98 
-0.614193 -0.0188104 0.788931 539.673 0.0335117 0.998192 0.049889 7.13415 -0.788444 0.0570799 -0.612453 -231.193 
-0.614206 -0.0181167 0.788938 540.957 0.0319055 0.998349 0.0477646 7.09961 -0.788501 0.0545087 -0.612614 -232.317 
-0.614221 -0.0161046 0.788969 542.385 0.0319627 0.998464 0.0452641 7.14505 -0.788486 0.0530198 -0.612763 -233.593 
-0.613805 -0.0129941 0.78935 543.644 0.0322039 0.99862 0.041481 7.26912 -0.7888 0.0508814 -0.61254 -234.792 
-0.613793 -0.014816 0.789328 545.712 0.032868 0.998477 0.0443004 7.34201 -0.788782 0.0531349 -0.612371 -236.351 
-0.61387 -0.0158326 0.789248 547.877 0.033649 0.998365 0.0461993 7.43151 -0.78869 0.0549178 -0.612334 -237.969 
-0.613757 -0.0149963 0.789352 549.982 0.0340194 0.998388 0.0454193 7.52393 -0.788761 0.0547298 -0.612258 -239.572 
-0.613755 -0.0145066 0.789363 552.064 0.0340786 0.998412 0.0448455 7.60791 -0.78876 0.0544246 -0.612287 -241.147 
-0.61372 -0.0133176 0.789412 554.113 0.0350575 0.998412 0.0440985 7.69609 -0.788745 0.054739 -0.612278 -242.706 
-0.613493 -0.0135886 0.789583 556.095 0.0355548 0.998363 0.044807 7.75667 -0.788899 0.0555623 -0.612005 -244.218 
-0.613471 -0.0143948 0.789586 558.206 0.0361183 0.998276 0.0462615 7.84315 -0.788891 0.0568986 -0.611893 -245.801 
-0.613299 -0.0155184 0.789698 560.262 0.0354972 0.998255 0.0471847 7.91724 -0.789052 0.0569705 -0.611679 -247.366 
-0.613325 -0.0153018 0.789682 562.415 0.0357902 0.998247 0.0471403 8.0177 -0.789019 0.0571752 -0.611702 -248.985 
-0.613544 -0.0149033 0.78952 564.476 0.0367555 0.998199 0.0474054 8.07797 -0.788805 0.0581045 -0.611891 -250.529 
-0.613379 -0.0155325 0.789636 566.493 0.037549 0.998102 0.0488007 8.16029 -0.788895 0.0595834 -0.611632 -252.06 
-0.613263 -0.0168807 0.789698 568.439 0.0357395 0.998155 0.0490912 8.23692 -0.78907 0.0583293 -0.611528 -253.534 
-0.612484 -0.0184064 0.790268 570.334 0.0342383 0.998173 0.0497846 8.30405 -0.789741 0.0575498 -0.610735 -255.011 
-0.611946 -0.0180095 0.790695 572.104 0.0338245 0.99823 0.0489143 8.33913 -0.790176 0.0566777 -0.610253 -256.426 
-0.611554 -0.0162301 0.791036 574.225 0.0361549 0.998172 0.0484315 8.43865 -0.790376 0.0582183 -0.609849 -258.009 
-0.610948 -0.0155194 0.791519 576.126 0.0369558 0.998159 0.0480959 8.49646 -0.790808 0.0586353 -0.609249 -259.43 
-0.609548 -0.0159547 0.792589 578.167 0.0377044 0.998082 0.0490881 8.57377 -0.791852 0.0598056 -0.607778 -260.995 
-0.608715 -0.0172126 0.793202 580.394 0.0372732 0.99804 0.0502615 8.6789 -0.792513 0.0601602 -0.60688 -262.68 
-0.608175 -0.0183614 0.79359 582.699 0.0375685 0.997946 0.0518805 8.77157 -0.792913 0.0613665 -0.606237 -264.423 
-0.607385 -0.0187976 0.794185 584.783 0.0367285 0.997986 0.051711 8.87344 -0.793558 0.0605778 -0.605472 -265.973 
-0.606925 -0.0190587 0.794531 586.914 0.036065 0.998022 0.051489 8.97386 -0.793941 0.0599047 -0.605037 -267.539 
-0.606589 -0.0198969 0.794767 589.087 0.0350157 0.998048 0.0517109 9.08709 -0.794244 0.0591966 -0.604708 -269.123 
-0.606233 -0.0203418 0.795027 591.213 0.0344181 0.998065 0.0517816 9.1808 -0.794542 0.058755 -0.60436 -270.667 
-0.605979 -0.0211938 0.795198 593.344 0.0333568 0.998089 0.0520207 9.29097 -0.794781 0.0580487 -0.604114 -272.242 
-0.606061 -0.0219274 0.795116 595.437 0.0316843 0.998161 0.0516775 9.39339 -0.794787 0.0565124 -0.604252 -273.77 
-0.606273 -0.0213412 0.79497 597.171 0.0309415 0.99825 0.0503953 9.46988 -0.794655 0.0551509 -0.604551 -275.05 
-0.605887 -0.021313 0.795265 598.957 0.0322591 0.998161 0.0513278 9.5075 -0.794896 0.0567534 -0.604085 -276.456 
-0.60589 -0.0220005 0.795244 601.036 0.03328 0.998041 0.0529666 9.59832 -0.794852 0.0585577 -0.603971 -277.994 
-0.605119 -0.0211588 0.795854 603.325 0.0361647 0.997884 0.0540274 9.71665 -0.795313 0.0614749 -0.603074 -279.744 
-0.604345 -0.02032 0.796463 605.615 0.03905 0.997718 0.0550851 9.83806 -0.795765 0.0643923 -0.602172 -281.491 
-0.603913 -0.018404 0.796838 607.702 0.0395041 0.997814 0.0529854 9.95555 -0.796071 0.063477 -0.601865 -283.064 
-0.603633 -0.0168292 0.797085 609.729 0.0400567 0.997874 0.0514035 10.0663 -0.796256 0.0629574 -0.601675 -284.537 
-0.603616 -0.0167286 0.7971 611.571 0.0403314 0.997859 0.0514834 10.1616 -0.796255 0.0632244 -0.601649 -285.867 
-0.603309 -0.0177074 0.797311 613.3 0.040662 0.99777 0.0529274 10.2052 -0.79647 0.0643519 -0.601244 -287.195 
-0.60399 -0.0185239 0.796777 615.521 0.041135 0.997673 0.0543764 10.3254 -0.79593 0.0656182 -0.601822 -288.772 
-0.605603 -0.0193664 0.795531 617.876 0.0428534 0.997459 0.0569045 10.4469 -0.794612 0.0685528 -0.603234 -290.377 
-0.607215 -0.0202029 0.79428 620.228 0.0445664 0.997237 0.0594354 10.5754 -0.793287 0.0714884 -0.604637 -291.986 
-0.606871 -0.0200537 0.794548 622.33 0.0439431 0.997306 0.0587346 10.6988 -0.793585 0.0705592 -0.604354 -293.525 
-0.606381 -0.0199876 0.794923 624.288 0.0444413 0.99727 0.0589759 10.7958 -0.793931 0.0710893 -0.603838 -294.973 
-0.605857 -0.0203937 0.795312 626.461 0.0444445 0.997243 0.0594288 10.9277 -0.794331 0.0713526 -0.60328 -296.569 
-0.605167 -0.0212643 0.795814 628.448 0.0436804 0.99725 0.0598628 11.0123 -0.794899 0.0709885 -0.602575 -298.165 
-0.603997 -0.0213975 0.7967 630.612 0.0434202 0.997271 0.0597022 11.152 -0.795803 0.0706528 -0.601419 -299.822 
-0.60432 -0.0205765 0.796476 632.523 0.0430667 0.997361 0.0584427 11.2593 -0.795577 0.0696197 -0.60184 -301.113 
-0.603397 -0.0208893 0.797167 634.633 0.0433945 0.997315 0.0589806 11.3729 -0.796259 0.0701814 -0.600871 -302.688 
-0.602899 -0.0208614 0.797545 636.816 0.0443473 0.997236 0.0596087 11.51 -0.796584 0.071307 -0.600307 -304.324 
-0.602719 -0.0211679 0.797672 638.913 0.044267 0.997222 0.0599114 11.6284 -0.796725 0.0714203 -0.600108 -305.818 
-0.602009 -0.0201095 0.798236 641.009 0.044306 0.997301 0.0585387 11.7472 -0.797259 0.0706075 -0.599493 -307.357 
-0.601746 -0.0184172 0.798475 643.014 0.0454352 0.997326 0.0572445 11.8512 -0.797394 0.0707256 -0.5993 -308.824 
-0.600757 -0.0190301 0.799205 644.982 0.0453883 0.997292 0.0578648 11.9306 -0.798142 0.0710373 -0.598267 -310.318 
