1 -4.23778e-08 4.22719e-08 0 -4.23778e-08 1 -4.19404e-08 0 4.22719e-08 -4.19404e-08 1 0 
0.999055 -0.000528266 0.0434614 0.0637137 0.000627838 0.999997 -0.00227943 -0.0338249 -0.04346 0.00230448 0.999052 1.10697 
0.996073 -0.00473996 0.0884024 0.15609 0.00537665 0.999961 -0.00696641 -0.0569707 -0.0883659 0.00741428 0.99606 2.11604 
0.991086 -0.00472707 0.133142 0.301306 0.00623743 0.999921 -0.0109298 -0.079382 -0.13308 0.0116628 0.991037 3.15017 
0.983821 -0.00244985 0.179137 0.471684 0.004894 0.999901 -0.0132039 -0.112401 -0.179087 0.0138668 0.983735 4.1551 
0.974364 -0.00488347 0.224926 0.688985 0.00800741 0.999884 -0.0129791 -0.141618 -0.224836 0.0144473 0.974289 5.14714 
0.962726 -0.0055072 0.270421 0.961661 0.00972662 0.999851 -0.0142659 -0.161871 -0.270302 0.0163643 0.962636 6.24998 
0.949363 -0.00816521 0.314075 1.29278 0.0141038 0.999762 -0.0166407 -0.196486 -0.313865 0.0202276 0.949252 7.23554 
0.934197 -0.00958846 0.356628 1.64224 0.0171925 0.999687 -0.0181583 -0.228692 -0.356343 0.0230947 0.93407 8.1798 
0.916935 -0.00939962 0.398927 2.04372 0.0184268 0.999653 -0.0188003 -0.260345 -0.398612 0.0245895 0.91679 9.1232 
0.897309 -0.00976435 0.441296 2.48302 0.0194045 0.999661 -0.0173374 -0.291372 -0.440977 0.0241201 0.897194 10.0567 
0.875454 -0.00953627 0.483207 2.96442 0.0199318 0.999667 -0.0163831 -0.326511 -0.48289 0.0239738 0.875353 10.9505 
0.851282 -0.00951219 0.524622 3.47757 0.0205885 0.999671 -0.0152827 -0.356074 -0.524304 0.023811 0.851198 11.8369 
0.825792 -0.0100336 0.563885 4.07263 0.0226524 0.999625 -0.015387 -0.381428 -0.563519 0.0254798 0.82571 12.7314 
0.798396 -0.011804 0.602017 4.67149 0.0259861 0.999552 -0.0148643 -0.414168 -0.601571 0.0275116 0.798345 13.54 
0.770037 -0.0111217 0.637903 5.32843 0.0271006 0.999516 -0.015288 -0.451432 -0.637424 0.0290598 0.769965 14.3218 
0.739362 -0.0144135 0.673154 5.98654 0.0319183 0.999397 -0.0136588 -0.488416 -0.672551 0.0315847 0.739376 15.0552 
0.707277 -0.0135058 0.706807 6.69131 0.0320435 0.999402 -0.0129683 -0.517509 -0.70621 0.0318207 0.707287 15.7789 
0.672903 -0.012375 0.739627 7.40441 0.0330841 0.999363 -0.0133789 -0.556555 -0.738991 0.0334726 0.672883 16.4428 
0.637627 -0.0137692 0.770222 8.22485 0.0377875 0.999196 -0.01342 -0.585871 -0.769418 0.0376617 0.637634 17.1157 
0.60093 -0.0118931 0.799213 9.00468 0.0375608 0.999205 -0.013373 -0.617165 -0.798418 0.0380553 0.600899 17.7142 
0.563338 -0.0109754 0.826154 9.84559 0.040554 0.999074 -0.0143805 -0.650552 -0.825231 0.0416049 0.563261 18.2859 
0.524044 -0.00922103 0.851641 10.6968 0.0451447 0.998836 -0.0169644 -0.675182 -0.850494 0.0473372 0.52385 18.8336 
0.485387 -0.00838159 0.874259 11.5533 0.0467245 0.998774 -0.0163661 -0.699707 -0.87305 0.0487932 0.485183 19.3096 
0.447128 -0.0103042 0.894411 12.4409 0.0517111 0.998559 -0.0143471 -0.729699 -0.892974 0.0526659 0.447016 19.7479 
0.410107 -0.0107153 0.911974 13.4917 0.0557988 0.998353 -0.0133622 -0.737061 -0.910329 0.0563669 0.410029 20.2326 
0.375047 -0.00840096 0.926968 14.4552 0.057561 0.99824 -0.0142421 -0.758791 -0.925217 0.0586986 0.37487 20.6208 
0.342046 -0.00904726 0.93964 15.5022 0.0580758 0.998246 -0.0115292 -0.776911 -0.937887 0.0585139 0.341971 20.9836 
0.308697 -0.0108179 0.951099 16.5228 0.0604397 0.998138 -0.00826399 -0.800018 -0.949238 0.0600351 0.308776 21.3201 
0.275851 -0.010759 0.96114 17.5116 0.0609325 0.998122 -0.00631503 -0.817484 -0.959267 0.0603066 0.275989 21.6085 
0.243993 -0.00804634 0.969744 18.512 0.059186 0.998225 -0.00660898 -0.833937 -0.967969 0.0590078 0.244036 21.8652 
0.213449 -0.00635505 0.976934 19.6303 0.0593465 0.998216 -0.00647311 -0.8449 -0.97515 0.0593592 0.213445 22.118 
0.182813 -0.00616726 0.983128 20.7175 0.0614867 0.998094 -0.00517243 -0.852284 -0.981223 0.0613949 0.182844 22.3412 
0.152467 -0.00648653 0.988287 21.8212 0.0631267 0.998 -0.00318862 -0.866513 -0.98629 0.0628735 0.152572 22.5225 
0.1226 -0.00710861 0.992431 23.0495 0.0621247 0.998068 -0.000525694 -0.865613 -0.99051 0.0617189 0.122805 22.6554 
0.0931623 -0.00730525 0.995624 24.1395 0.0624252 0.998048 0.00148172 -0.868424 -0.993692 0.062014 0.0934365 22.7569 
0.065803 -0.00693607 0.997808 25.3441 0.0650419 0.997879 0.00264712 -0.867562 -0.99571 0.0647252 0.0661146 22.8608 
0.0408064 -0.00647491 0.999146 26.616 0.069395 0.997583 0.00363052 -0.863353 -0.996754 0.0691876 0.041157 22.9082 
0.0179215 -0.00595045 0.999822 27.8602 0.0736522 0.997273 0.00461501 -0.863162 -0.997123 0.0735563 0.0183109 22.9532 
-0.0025705 -0.0060927 0.999978 29.1387 0.0792427 0.996836 0.00627717 -0.857454 -0.996852 0.0792571 -0.00207956 22.9702 
-0.0207089 -0.00667734 0.999763 30.3722 0.083131 0.996503 0.00837745 -0.846948 -0.996323 0.0832848 -0.0200814 22.9718 
-0.0363771 -0.00639207 0.999318 31.726 0.0863213 0.996222 0.00951445 -0.826706 -0.995603 0.0866085 -0.0356879 22.9355 
-0.0506908 -0.00704696 0.998689 33.0168 0.0885753 0.996003 0.0115238 -0.820652 -0.994779 0.0890434 -0.049864 22.8839 
-0.0642732 -0.00817486 0.997899 34.278 0.0887674 0.995956 0.0138762 -0.814441 -0.993976 0.0894728 -0.0632876 22.8308 
-0.0772579 -0.0079808 0.996979 35.5505 0.0882847 0.995985 0.0148141 -0.80518 -0.993095 0.0891625 -0.0762432 22.7796 
-0.0889148 -0.00522513 0.996025 36.8169 0.0880558 0.996029 0.0130858 -0.795128 -0.992139 0.0888694 -0.0881017 22.7057 
-0.0991724 -0.00192675 0.995068 38.0531 0.0882973 0.996036 0.0107286 -0.785085 -0.991145 0.0889258 -0.0986092 22.5971 
-0.108994 0.00074076 0.994042 39.3512 0.0893546 0.995959 0.00905521 -0.769236 -0.990018 0.0898092 -0.10862 22.4965 
-0.115886 0.00163686 0.993261 40.6613 0.0890011 0.995993 0.00874249 -0.761422 -0.989267 0.0894144 -0.115567 22.3468 
-0.121735 0.00206186 0.99256 42.0364 0.0889282 0.995999 0.00883773 -0.766022 -0.988571 0.0893425 -0.121431 22.1895 
-0.12692 0.0035938 0.991906 43.4178 0.0898145 0.995927 0.00788381 -0.754075 -0.987838 0.0900882 -0.126726 22.0277 
-0.131693 0.00515054 0.991277 44.8085 0.0893775 0.995975 0.00669894 -0.761932 -0.987253 0.0894801 -0.131623 21.8652 
-0.136042 0.00590996 0.990685 46.1335 0.0890961 0.996003 0.00629307 -0.759936 -0.986688 0.0891224 -0.136025 21.6906 
-0.139077 0.00471537 0.99027 47.589 0.0889115 0.996009 0.00774424 -0.752194 -0.986282 0.0891235 -0.138941 21.503 
-0.141503 0.00263853 0.989934 49.0511 0.08996 0.995893 0.0102046 -0.755148 -0.985842 0.0904985 -0.14116 21.3145 
-0.143737 0.00125706 0.989615 50.5235 0.0902207 0.995851 0.0118391 -0.751591 -0.985495 0.0909855 -0.143254 21.1117 
-0.14577 0.0019481 0.989317 52.0113 0.0930604 0.995591 0.0117514 -0.738868 -0.984932 0.0937792 -0.145309 20.901 
-0.146815 0.00150061 0.989163 53.5134 0.0932965 0.995562 0.012337 -0.737367 -0.984754 0.0940967 -0.146304 20.7029 
-0.147693 0.00284596 0.989029 54.9774 0.0949104 0.995421 0.0113086 -0.723503 -0.984469 0.0955393 -0.147287 20.5037 
-0.147606 0.0031463 0.989041 56.4982 0.0950838 0.995408 0.0110238 -0.708193 -0.984465 0.095669 -0.147227 20.2913 
-0.147051 0.00440017 0.989119 58.0718 0.0952572 0.995405 0.00973355 -0.710745 -0.984531 0.0956521 -0.146794 20.0821 
-0.146067 0.00413171 0.989266 59.5941 0.0958505 0.995345 0.00999529 -0.70424 -0.98462 0.0962816 -0.145783 19.8776 
-0.144465 0.0030486 0.989505 61.1523 0.0951191 0.995407 0.0108202 -0.697421 -0.984928 0.095684 -0.144091 19.6648 
-0.143407 0.00382071 0.989656 62.7477 0.0961914 0.995312 0.010096 -0.688437 -0.984978 0.0966443 -0.143102 19.4523 
-0.142384 0.00432193 0.989802 64.3669 0.0963641 0.995301 0.00951607 -0.680673 -0.985109 0.0967364 -0.142132 19.2329 
-0.141375 0.00481595 0.989944 65.9893 0.0976745 0.995177 0.00910752 -0.674392 -0.985126 0.0979799 -0.141163 19.0144 
-0.140619 0.00450966 0.990053 67.6441 0.0973725 0.995204 0.00929681 -0.669947 -0.985264 0.0977113 -0.140384 18.814 
-0.139955 0.00271494 0.990154 69.3488 0.09944 0.994979 0.0113273 -0.668261 -0.985152 0.100046 -0.139522 18.593 
-0.13938 0.0008244 0.990239 71.0217 0.10099 0.994797 0.0133865 -0.654145 -0.985076 0.10187 -0.138738 18.3826 
-0.138425 0.00186105 0.990371 72.7914 0.102443 0.994661 0.0124494 -0.64109 -0.98506 0.10318 -0.137876 18.1379 
-0.137925 0.00350477 0.990436 74.4637 0.104883 0.994423 0.0110868 -0.643162 -0.984874 0.105409 -0.137524 17.9329 
-0.137471 0.00307441 0.990501 76.2184 0.104431 0.994467 0.0114071 -0.636198 -0.984985 0.105007 -0.137031 17.7119 
-0.137191 0.00289621 0.99054 77.9814 0.105228 0.99438 0.0116667 -0.635354 -0.984939 0.105833 -0.136725 17.4797 
-0.136757 0.00180564 0.990603 79.7358 0.104967 0.994395 0.0126785 -0.620964 -0.985028 0.105714 -0.13618 17.2431 
-0.136267 0.00202932 0.99067 81.5041 0.107028 0.994175 0.0126851 -0.618666 -0.984874 0.107758 -0.135691 17.0081 
-0.136005 0.00184338 0.990706 83.2712 0.108175 0.994047 0.0130006 -0.602918 -0.984785 0.108938 -0.135395 16.7754 
-0.135666 0.00281302 0.990751 85.0728 0.108702 0.994001 0.0120626 -0.592849 -0.984773 0.109333 -0.135158 16.5217 
-0.136088 0.00378523 0.990689 86.8838 0.108062 0.994083 0.0110459 -0.572701 -0.984786 0.108559 -0.135692 16.292 
-0.137173 0.00430241 0.990538 88.7209 0.107495 0.994149 0.010568 -0.567299 -0.984697 0.107927 -0.136833 16.0647 
-0.138309 0.00494129 0.990377 90.5641 0.106597 0.994253 0.00992588 -0.561286 -0.984636 0.106944 -0.138041 15.8214 
-0.139227 0.0039404 0.990253 92.3882 0.105453 0.994365 0.0108695 -0.55464 -0.98463 0.105938 -0.138858 15.587 
-0.14008 0.00362766 0.990133 94.2576 0.105601 0.994344 0.0112969 -0.550883 -0.984493 0.106142 -0.139671 15.3352 
-0.140403 0.00237257 0.990092 96.0907 0.10354 0.994549 0.0122995 -0.550017 -0.984666 0.104241 -0.139883 15.0909 
-0.141767 0.0032903 0.989895 97.8822 0.104028 0.994507 0.0115926 -0.548671 -0.984419 0.104621 -0.14133 14.8436 
-0.144083 0.00395767 0.989558 99.7885 0.103414 0.994577 0.0110797 -0.542002 -0.984147 0.103931 -0.143711 14.5814 
-0.147853 0.00456932 0.988999 101.681 0.10388 0.99453 0.0109349 -0.540895 -0.983539 0.104354 -0.147519 14.3033 
-0.152009 0.00363905 0.988372 103.571 0.102258 0.994685 0.0120647 -0.535799 -0.983075 0.102903 -0.151573 14.0243 
-0.156842 0.00277471 0.98762 105.476 0.100779 0.994821 0.0132095 -0.529815 -0.982468 0.101603 -0.156309 13.7515 
-0.161428 0.00359643 0.986878 107.38 0.099453 0.994962 0.012642 -0.520085 -0.98186 0.100189 -0.160973 13.4682 
-0.166279 0.00549038 0.986063 109.28 0.100397 0.994882 0.0113904 -0.512167 -0.980954 0.100892 -0.165979 13.1762 
-0.170701 0.00718304 0.985297 111.206 0.100196 0.994916 0.0101056 -0.512383 -0.980215 0.100448 -0.170553 12.8571 
-0.175347 0.00751384 0.984478 113.114 0.0993362 0.995003 0.0100987 -0.509579 -0.979482 0.0995651 -0.175217 12.5386 
-0.180026 0.00717097 0.983636 115.071 0.097405 0.995189 0.0105719 -0.500188 -0.978827 0.0977143 -0.179859 12.2074 
-0.184921 0.00639992 0.982732 117.038 0.0956082 0.995352 0.0115084 -0.497001 -0.978092 0.0960855 -0.184673 11.8555 
-0.190262 0.00584044 0.981716 119.03 0.0945879 0.995439 0.0124095 -0.484698 -0.977166 0.0952196 -0.189946 11.4934 
-0.195475 0.00557352 0.980693 121.021 0.0947126 0.995417 0.0132211 -0.474745 -0.976124 0.0954684 -0.195107 11.1224 
-0.200919 0.00723153 0.979581 123.004 0.0950081 0.995402 0.0121384 -0.462032 -0.97499 0.095507 -0.200682 10.7424 
-0.206106 0.00825682 0.978495 124.974 0.0948212 0.995427 0.0115729 -0.455034 -0.973925 0.0951674 -0.205946 10.3527 
-0.211726 0.00827619 0.977294 126.964 0.0955059 0.995353 0.0122617 -0.446785 -0.972651 0.0959335 -0.211532 9.94474 
-0.217045 0.00824502 0.976127 128.952 0.0948353 0.995412 0.0126789 -0.440435 -0.971544 0.0953231 -0.216831 9.53257 
-0.221908 0.00918307 0.975024 130.966 0.0946768 0.995434 0.0121723 -0.430346 -0.97046 0.0950133 -0.221764 9.09761 
-0.226668 0.00961166 0.973925 132.984 0.0939464 0.995504 0.01204 -0.422084 -0.969431 0.0942258 -0.226552 8.64702 
-0.230939 0.00911186 0.972925 135.04 0.0948196 0.995407 0.0131844 -0.399224 -0.968337 0.0952972 -0.230742 8.19646 
-0.234736 0.0095751 0.972012 137.054 0.0982714 0.995062 0.0139298 -0.369388 -0.967079 0.0987908 -0.234518 7.71643 
-0.238501 0.0104384 0.971086 139.088 0.0996402 0.994928 0.0137771 -0.358582 -0.966017 0.100045 -0.238331 7.2794 
-0.24149 0.0109022 0.970342 141.122 0.100151 0.994877 0.0137467 -0.350105 -0.965221 0.1005 -0.241345 6.78712 
-0.244536 0.0107897 0.96958 143.171 0.0995094 0.994938 0.0140251 -0.338779 -0.964521 0.099912 -0.244372 6.28775 
-0.248192 0.0113373 0.968644 145.204 0.0980911 0.995086 0.0134867 -0.325732 -0.963732 0.0983627 -0.248085 5.78806 
-0.252486 0.0121206 0.967524 147.198 0.0975426 0.995147 0.0129882 -0.327804 -0.962671 0.0976542 -0.252443 5.29859 
-0.256992 0.0120206 0.966339 149.259 0.0965153 0.995243 0.0132875 -0.309488 -0.961582 0.0966813 -0.25693 4.79915 
-0.261582 0.0125197 0.9651 151.299 0.0967546 0.995219 0.0133139 -0.308377 -0.960319 0.0968606 -0.261543 4.29121 
-0.266045 0.0129611 0.963873 153.312 0.0958002 0.995315 0.0130586 -0.307393 -0.959188 0.0958135 -0.266041 3.7637 
-0.27061 0.0129624 0.962602 155.306 0.0954118 0.995347 0.0134191 -0.311439 -0.957949 0.0954749 -0.270588 3.23861 
-0.274915 0.0122839 0.96139 157.351 0.0952056 0.995352 0.0145067 -0.306796 -0.956743 0.0955178 -0.274806 2.68378 
-0.279043 0.0124698 0.960197 159.383 0.09642 0.995226 0.0150959 -0.30083 -0.955425 0.0967947 -0.278914 2.13182 
-0.282934 0.0132914 0.959047 161.424 0.0976756 0.995105 0.0150246 -0.295199 -0.954153 0.0979265 -0.282847 1.5604 
-0.286456 0.0144651 0.957984 163.49 0.0978212 0.995102 0.0142248 -0.284455 -0.953086 0.0977859 -0.286468 0.974486 
-0.289771 0.0159918 0.956962 165.523 0.0980071 0.9951 0.0130477 -0.28234 -0.952065 0.09757 -0.289919 0.394008 
-0.293063 0.0170201 0.955941 167.576 0.0983269 0.995076 0.0124272 -0.278365 -0.951023 0.0976367 -0.293294 -0.199727 
-0.296239 0.01747 0.954954 169.599 0.0975657 0.995156 0.0120607 -0.279593 -0.950117 0.0967436 -0.296509 -0.801018 
-0.299531 0.0173859 0.953928 171.666 0.0978301 0.995124 0.0125816 -0.277571 -0.949058 0.0970915 -0.299771 -1.42559 
-0.303477 0.0175836 0.952676 173.781 0.0976759 0.995137 0.0127476 -0.27371 -0.947819 0.0969222 -0.303719 -2.06114 
-0.307368 0.0184174 0.951412 175.802 0.100335 0.994867 0.013156 -0.28114 -0.946286 0.0995033 -0.307638 -2.67588 
-0.310754 0.0182559 0.950315 177.882 0.101574 0.994728 0.0141057 -0.285386 -0.945047 0.100911 -0.31097 -3.31538 
-0.313205 0.0178211 0.949518 180.02 0.102077 0.994663 0.0150023 -0.27055 -0.944184 0.101622 -0.313353 -3.99799 
-0.316228 0.0174563 0.948523 182.114 0.102298 0.994628 0.0158003 -0.266818 -0.943152 0.102029 -0.316315 -4.65874 
-0.319036 0.0178876 0.947574 184.192 0.101234 0.994745 0.0153062 -0.261698 -0.94232 0.10081 -0.319171 -5.31774 
-0.321742 0.019882 0.946618 186.296 0.10073 0.994824 0.0133421 -0.252868 -0.941454 0.0996453 -0.32208 -6.00228 
-0.325119 0.0216716 0.945425 188.397 0.100123 0.994907 0.0116251 -0.257578 -0.940358 0.0984384 -0.325633 -6.67669 
-0.328149 0.0226209 0.944355 190.487 0.0996287 0.994966 0.0107862 -0.259618 -0.939357 0.0976244 -0.328751 -7.37794 
-0.331577 0.0235366 0.943134 192.571 0.0982677 0.995113 0.00971411 -0.26341 -0.938296 0.0959007 -0.332269 -8.06449 
-0.335017 0.0236856 0.941914 194.713 0.0988156 0.995054 0.0101245 -0.263878 -0.937016 0.0964678 -0.3357 -8.79625 
-0.338881 0.0229537 0.940549 196.844 0.0983809 0.995086 0.011162 -0.263426 -0.935671 0.0963147 -0.339474 -9.51672 
-0.342313 0.0224118 0.939318 198.915 0.0983193 0.995081 0.012088 -0.266977 -0.934427 0.0964911 -0.342833 -10.2478 
-0.346656 0.0218308 0.937738 200.967 0.0979061 0.99511 0.0130267 -0.275887 -0.932869 0.0963261 -0.347098 -10.9523 
-0.350494 0.0216352 0.936315 203.069 0.0968186 0.995214 0.0132462 -0.282376 -0.931547 0.0952954 -0.350912 -11.6967 
-0.35455 0.0219861 0.934778 205.147 0.0953043 0.995367 0.0127365 -0.291346 -0.930167 0.0936041 -0.355003 -12.4355 
-0.357752 0.0226088 0.933543 207.304 0.0952962 0.995371 0.0124132 -0.288703 -0.928941 0.093404 -0.358251 -13.2237 
-0.360759 0.0232858 0.932368 209.386 0.096247 0.99528 0.0123835 -0.307613 -0.92768 0.0942052 -0.361297 -13.9837 
-0.363465 0.0227711 0.931329 211.461 0.097122 0.99518 0.0135711 -0.321499 -0.926531 0.0953852 -0.363925 -14.7512 
-0.365932 0.022267 0.930375 213.618 0.0984825 0.995027 0.0149204 -0.31503 -0.925416 0.0970856 -0.366305 -15.5733 
-0.368866 0.0229192 0.9292 215.721 0.0996463 0.99491 0.0150167 -0.323615 -0.924126 0.0981305 -0.369272 -16.3511 
-0.372004 0.0241131 0.927918 217.854 0.10001 0.994884 0.014241 -0.313622 -0.922828 0.0980991 -0.372513 -17.1019 
-0.374588 0.0240679 0.926879 219.994 0.099464 0.994937 0.0143621 -0.320877 -0.921841 0.0975709 -0.375086 -17.9209 
-0.377297 0.0252036 0.925749 222.144 0.0990425 0.994995 0.0132768 -0.326146 -0.920781 0.0966978 -0.377905 -18.766 
-0.380212 0.0264594 0.924521 224.266 0.0989715 0.995015 0.0122254 -0.321053 -0.919589 0.0961494 -0.380936 -19.6056 
-0.382928 0.0262595 0.923405 226.318 0.0966782 0.995246 0.0117891 -0.342273 -0.918705 0.0937875 -0.383646 -20.3947 
-0.385924 0.0274065 0.922123 228.367 0.0977051 0.995151 0.0113141 -0.34108 -0.917342 0.0944626 -0.38673 -21.2171 
-0.38842 0.0267605 0.921094 230.494 0.0990006 0.995004 0.0128402 -0.355003 -0.916149 0.0961762 -0.389129 -22.0778 
-0.391435 0.0257105 0.919846 232.49 0.0994934 0.994932 0.0145295 -0.364204 -0.914811 0.097206 -0.392009 -22.8946 
-0.394851 0.0254586 0.918392 234.459 0.0984291 0.995035 0.014735 -0.364311 -0.913457 0.0962147 -0.395396 -23.6869 
-0.397887 0.0255974 0.917077 236.556 0.0969906 0.995182 0.0143032 -0.364412 -0.912293 0.094639 -0.398453 -24.5472 
-0.401625 0.0247531 0.915469 238.657 0.095099 0.995358 0.0148076 -0.371282 -0.910853 0.0930073 -0.402115 -25.4196 
-0.40518 0.0238293 0.913926 240.769 0.0941771 0.99543 0.015798 -0.374957 -0.909373 0.092472 -0.405572 -26.3098 
-0.408587 0.0240081 0.912403 242.915 0.0934658 0.995499 0.0156607 -0.372202 -0.907921 0.0916773 -0.408992 -27.2366 
-0.412455 0.0235824 0.910672 245.051 0.092912 0.995541 0.0163009 -0.370768 -0.906227 0.0913358 -0.412807 -28.1593 
-0.416563 0.0231815 0.908811 247.177 0.092104 0.995607 0.0168213 -0.365423 -0.904429 0.0907122 -0.416869 -29.0663 
-0.42036 0.0233155 0.907058 249.279 0.0913886 0.995674 0.016759 -0.349958 -0.902743 0.0899396 -0.420672 -29.9908 
-0.424135 0.0240353 0.90528 251.406 0.0914988 0.995669 0.0164331 -0.339811 -0.900965 0.0898019 -0.424498 -30.9534 
-0.427456 0.0248425 0.903695 253.562 0.0920104 0.995627 0.016152 -0.320376 -0.899342 0.0900536 -0.427872 -31.9434 
-0.431274 0.0245832 0.901886 255.637 0.091851 0.995631 0.0167838 -0.322055 -0.897533 0.0900776 -0.431648 -32.8768 
-0.434938 0.0252659 0.900106 257.752 0.0907792 0.995744 0.0159146 -0.31326 -0.895873 0.0886327 -0.43538 -33.8394 
-0.438447 0.0255384 0.898394 259.919 0.0912733 0.995693 0.0162402 -0.297718 -0.89411 0.0891199 -0.43889 -34.8688 
-0.442216 0.0258758 0.896535 261.987 0.0915284 0.995667 0.0164094 -0.294596 -0.892226 0.0893149 -0.442669 -35.831 
-0.445616 0.0270075 0.894816 264.127 0.092835 0.99555 0.0161837 -0.278146 -0.890397 0.0902821 -0.446141 -36.8534 
-0.449375 0.029274 0.892864 266.216 0.0954592 0.995314 0.0154111 -0.274493 -0.888229 0.0921575 -0.450063 -37.8408 
-0.452017 0.0298321 0.89151 268.308 0.0963883 0.995222 0.0155686 -0.260658 -0.886786 0.0929685 -0.452733 -38.859 
-0.454944 0.0323667 0.889931 270.412 0.0986839 0.995017 0.0142598 -0.244544 -0.885035 0.0943093 -0.455871 -39.873 
-0.457641 0.0348905 0.888452 272.535 0.100353 0.994872 0.0126219 -0.232336 -0.883455 0.0949349 -0.458796 -40.9059 
-0.460505 0.0354665 0.886948 274.659 0.101472 0.994755 0.0129069 -0.228087 -0.881838 0.0959439 -0.461688 -41.9645 
-0.463529 0.036468 0.885331 276.841 0.101822 0.994726 0.0123363 -0.217892 -0.880212 0.0958644 -0.464798 -43.0574 
-0.466857 0.0363442 0.883585 279 0.100804 0.99483 0.0123416 -0.207309 -0.878569 0.094831 -0.468107 -44.1508 
-0.470297 0.0379186 0.881693 281.158 0.101676 0.994752 0.0114533 -0.195475 -0.876631 0.0950334 -0.471684 -45.2609 
-0.473502 0.0382908 0.87996 283.306 0.100778 0.994849 0.0109378 -0.181217 -0.875008 0.0938595 -0.474922 -46.3704 
-0.476235 0.0379978 0.878496 285.464 0.0989495 0.995036 0.0106022 -0.177923 -0.873733 0.091976 -0.477631 -47.4845 
-0.478909 0.0384238 0.877023 287.598 0.10073 0.994848 0.0114186 -0.184754 -0.872066 0.0938106 -0.480312 -48.5971 
-0.48096 0.0388301 0.875882 289.714 0.102727 0.994633 0.0123145 -0.184616 -0.870703 0.0958999 -0.482368 -49.7305 
-0.483201 0.0393041 0.874627 291.83 0.10443 0.994447 0.0130051 -0.182589 -0.869259 0.0976211 -0.484622 -50.8539 
-0.485234 0.039048 0.873512 293.994 0.104585 0.994422 0.0136435 -0.185675 -0.868107 0.0979762 -0.486612 -51.9823 
-0.487477 0.0384253 0.87229 296.117 0.104312 0.994439 0.0144884 -0.166567 -0.866882 0.098053 -0.488774 -53.1213 
-0.489923 0.0386827 0.870907 298.199 0.105617 0.99429 0.0152512 -0.135743 -0.865344 0.0994546 -0.491211 -54.2641 
-0.492051 0.0386379 0.869709 300.423 0.105551 0.994292 0.0155442 -0.103874 -0.864144 0.0994469 -0.493321 -55.4894 
-0.494946 0.0397289 0.868015 302.613 0.10543 0.994319 0.0146065 -0.0834503 -0.862504 0.0987438 -0.496323 -56.5956 
-0.498073 0.0422431 0.866105 304.703 0.105699 0.994322 0.012288 -0.0704118 -0.860669 0.0976671 -0.49971 -57.6922 
-0.501366 0.0416729 0.864231 306.788 0.104174 0.994481 0.0124806 -0.0619756 -0.858941 0.0962874 -0.50294 -58.8545 
-0.505579 0.0402129 0.861842 309.008 0.102503 0.994638 0.013722 -0.0515369 -0.85667 0.0952792 -0.50699 -60.0885 
-0.510513 0.0376827 0.859044 311.241 0.100131 0.994848 0.0158658 -0.0337489 -0.85402 0.0941163 -0.511656 -61.3457 
-0.515251 0.0363716 0.856267 313.513 0.0987127 0.994968 0.0171361 -0.00965141 -0.851336 0.0933539 -0.516249 -62.6606 
-0.519573 0.0362068 0.853659 315.744 0.0985517 0.994973 0.0177822 0.0116691 -0.848724 0.0933687 -0.520529 -63.9769 
-0.523764 0.0377857 0.851025 317.957 0.0990191 0.994944 0.0167655 0.0910225 -0.846089 0.093049 -0.524857 -65.2955 
-0.527725 0.0388841 0.848525 320.28 0.100557 0.994787 0.0169527 0.113063 -0.843442 0.0942711 -0.528884 -66.6825 
-0.531515 0.0387164 0.846164 322.41 0.101263 0.994695 0.0180955 0.127096 -0.840974 0.0953031 -0.532616 -67.98 
-0.535281 0.0374662 0.843843 324.666 0.101455 0.994635 0.0201954 0.148907 -0.838559 0.0964225 -0.536211 -69.3687 
-0.539082 0.0356853 0.841497 326.805 0.0997822 0.994772 0.0217375 0.168869 -0.836322 0.0956847 -0.539824 -70.7163 
-0.54238 0.0354508 0.839385 328.94 0.0991328 0.99483 0.02204 0.187783 -0.834264 0.0951646 -0.54309 -72.0959 
-0.546276 0.0353036 0.836861 331.174 0.0991835 0.994808 0.022777 0.21903 -0.831712 0.0954454 -0.546941 -73.5055 
-0.550242 0.0351952 0.834263 333.423 0.09977 0.994725 0.0238391 0.262868 -0.829023 0.0963517 -0.550851 -74.9363 
-0.554545 0.0351729 0.83141 335.695 0.100591 0.994613 0.0250164 0.31064 -0.826051 0.0975053 -0.555096 -76.3718 
-0.558397 0.0345819 0.828853 337.883 0.100072 0.994642 0.0259191 0.336966 -0.823516 0.0974181 -0.558866 -77.7723 
-0.561635 0.0337354 0.826697 340.055 0.0992097 0.994705 0.0268089 0.378666 -0.821415 0.0970732 -0.562009 -79.2232 
-0.564581 0.0328654 0.824723 342.183 0.0987384 0.994721 0.0279534 0.4176 -0.81945 0.0972138 -0.564845 -80.6375 
-0.567552 0.0323473 0.822702 344.246 0.0979687 0.994782 0.0284718 0.472192 -0.817488 0.0967583 -0.56776 -82.0121 
-0.570231 0.0312092 0.820891 346.431 0.0937859 0.995218 0.0273114 0.517105 -0.816113 0.0925618 -0.570431 -83.4801 
-0.573708 0.0306599 0.818486 348.558 0.0904844 0.995555 0.0261311 0.556082 -0.814046 0.0890519 -0.573932 -84.9041 
-0.576549 0.0280358 0.816582 350.769 0.0881032 0.995717 0.0280192 0.604942 -0.812299 0.0880979 -0.576549 -86.4027 
-0.579988 0.0276366 0.814156 353.002 0.0885475 0.995641 0.0292822 0.660718 -0.809798 0.0890749 -0.579907 -87.9319 
-0.582983 0.0280342 0.812 355.172 0.088281 0.995673 0.0290066 0.710726 -0.807674 0.0885946 -0.582936 -89.4296 
-0.586413 0.0264026 0.809582 357.194 0.0855121 0.995901 0.0294609 0.730323 -0.805486 0.0865053 -0.586267 -90.835 
-0.589326 0.0227195 0.807575 359.386 0.083023 0.996015 0.0325648 0.781948 -0.803618 0.0862386 -0.588864 -92.3867 
-0.592422 0.0199237 0.805381 361.529 0.0796256 0.996247 0.0339255 0.834612 -0.801683 0.0842272 -0.591785 -93.9123 
-0.595293 0.019132 0.803281 363.676 0.0779318 0.996378 0.0340223 0.9005 -0.799721 0.0828544 -0.594628 -95.46 
-0.597945 0.0194211 0.801302 365.829 0.077492 0.996424 0.0336756 0.959115 -0.797782 0.0822306 -0.597312 -97.0265 
-0.600139 0.0193132 0.799662 367.975 0.0781291 0.996344 0.0345718 1.0142 -0.796071 0.0832248 -0.599454 -98.5973 
-0.602575 0.0187248 0.797842 370.128 0.0777 0.996352 0.0352997 1.06881 -0.79427 0.0832631 -0.601832 -100.177 
-0.60471 0.0167551 0.796269 372.214 0.0740979 0.996626 0.0353011 1.10718 -0.792991 0.0803488 -0.603912 -101.761 
-0.607065 0.0132705 0.794541 374.378 0.0641801 0.997413 0.0323775 1.15822 -0.792056 0.070649 -0.606346 -103.362 
-0.609929 0.0158647 0.792297 376.358 0.0563407 0.998138 0.0233859 1.20292 -0.790451 0.0589024 -0.609687 -104.842 
-0.611985 0.0260044 0.790442 378.33 0.0666454 0.9976 0.0187793 1.23616 -0.788056 0.064172 -0.612249 -106.386 
-0.612691 0.0268227 0.789867 380.467 0.0739263 0.996987 0.0234876 1.26136 -0.786857 0.0727826 -0.612828 -108.016 
-0.614724 0.017536 0.788547 382.621 0.0729736 0.996729 0.0347219 1.30739 -0.785359 0.0788876 -0.613993 -109.658 
-0.618 0.0069629 0.786147 384.741 0.0668292 0.996807 0.0437064 1.37337 -0.783333 0.0795482 -0.616491 -111.258 
-0.621024 0.00115607 0.783791 386.847 0.0609262 0.997044 0.0468032 1.46598 -0.78142 0.0768193 -0.619258 -112.888 
-0.623821 0.000795573 0.781567 388.914 0.0600999 0.997087 0.0469548 1.54913 -0.779253 0.0762635 -0.622052 -114.46 
-0.627308 0.00632306 0.778746 390.816 0.0655166 0.996851 0.0446819 1.62775 -0.776011 0.0790501 -0.625746 -115.676 
-0.628843 0.0125747 0.777431 392.899 0.0696182 0.996764 0.0401898 1.70148 -0.77441 0.0793965 -0.627683 -117.355 
-0.631284 0.0149057 0.775408 395.034 0.0698158 0.996848 0.0376767 1.78597 -0.772403 0.0779204 -0.630335 -119.055 
-0.633363 0.0179986 0.773646 397.247 0.0712486 0.996839 0.0351381 1.86173 -0.770568 0.0773764 -0.632643 -120.926 
-0.636241 0.0173825 0.771295 399.148 0.0722425 0.996696 0.0371304 1.88519 -0.768101 0.0793441 -0.635394 -122.396 
-0.638378 0.017147 0.769532 401.168 0.0740967 0.996478 0.0392642 1.93567 -0.766148 0.0820852 -0.6374 -124.03 
-0.639553 0.0176478 0.768544 403.384 0.0745627 0.996447 0.0391672 2.03344 -0.765122 0.0823542 -0.638597 -125.939 
-0.640944 0.0182224 0.767371 405.484 0.075306 0.996388 0.0392382 2.10129 -0.763885 0.0829372 -0.640001 -127.623 
-0.641988 0.018582 0.76649 407.605 0.0757115 0.996357 0.0392589 2.18162 -0.762967 0.0832358 -0.641056 -129.366 
-0.642989 0.0181693 0.76566 409.717 0.0773468 0.996148 0.0413158 2.25714 -0.761959 0.0857869 -0.641918 -131.095 
-0.643552 0.0175301 0.765201 411.723 0.0791879 0.995898 0.0437837 2.32805 -0.761295 0.0887718 -0.6423 -132.783 
-0.644963 0.0169728 0.764025 413.686 0.0805899 0.995689 0.0459119 2.39764 -0.759952 0.0911842 -0.643551 -134.383 
-0.64624 0.0175211 0.762933 415.697 0.0800027 0.995783 0.0448974 2.45923 -0.758929 0.0900512 -0.644917 -136.048 
-0.647596 0.0174661 0.761783 417.61 0.0756499 0.996272 0.041468 2.53273 -0.758219 0.0844834 -0.646503 -137.632 
-0.649032 0.0170452 0.76057 419.615 0.0731969 0.99651 0.0401295 2.59431 -0.757232 0.0817167 -0.648014 -139.287 
-0.649905 0.0161371 0.759844 421.649 0.0725321 0.996528 0.040874 2.66527 -0.756546 0.0816773 -0.648819 -140.971 
-0.649467 0.0150947 0.76024 423.686 0.0709462 0.996644 0.0408201 2.73732 -0.757073 0.0804475 -0.648358 -142.76 
-0.649983 0.0139016 0.759822 425.698 0.0680993 0.996876 0.0400162 2.80427 -0.756892 0.0777532 -0.648899 -144.46 
-0.650931 0.0133361 0.75902 427.735 0.0669311 0.99696 0.039883 2.87911 -0.756181 0.0767631 -0.649845 -146.143 
-0.651741 0.0118937 0.758348 429.806 0.0672813 0.996842 0.0421887 2.96329 -0.755451 0.0785188 -0.650483 -147.884 
-0.651923 0.0105476 0.758212 431.91 0.0695973 0.996515 0.0459781 3.04542 -0.755085 0.0827438 -0.650385 -149.651 
-0.651176 0.0093328 0.758869 433.972 0.0738543 0.995958 0.0511248 3.1443 -0.755324 0.089337 -0.649233 -151.371 
-0.649926 0.00861298 0.759948 435.993 0.0778538 0.99543 0.0553005 3.26062 -0.755999 0.0951061 -0.647627 -153.065 
-0.648214 0.00626399 0.761432 438.016 0.0721706 0.99597 0.053246 3.36131 -0.75803 0.0894679 -0.646054 -154.737 
-0.647173 0.00593149 0.76232 440.055 0.0651473 0.996742 0.0475513 3.46362 -0.759555 0.080437 -0.645451 -156.421 
-0.645766 0.00365613 0.763526 442.102 0.0596375 0.997175 0.0456645 3.56182 -0.761202 0.0750234 -0.64416 -158.088 
-0.642355 0.00385314 0.766397 444.113 0.0588133 0.997286 0.0442803 3.63946 -0.764147 0.073518 -0.640839 -159.772 
-0.639255 0.00420191 0.768983 446.203 0.0604124 0.997169 0.0447719 3.73271 -0.766618 0.0750768 -0.637699 -161.486 
-0.636605 0.0040219 0.771179 448.264 0.0609579 0.99712 0.0451202 3.81991 -0.768777 0.0757333 -0.635017 -163.135 
-0.634045 0.00477463 0.773281 450.323 0.0582975 0.99743 0.0416418 3.89768 -0.771095 0.0714831 -0.632694 -164.775 
-0.63293 -1.53605e-05 0.774209 452.416 0.0514141 0.997792 0.0420517 3.97199 -0.7725 0.0664211 -0.631531 -166.424 
-0.632112 -0.00658903 0.774849 454.523 0.0418596 0.998213 0.042637 4.05744 -0.773745 0.0593862 -0.630707 -168.045 
-0.631437 -0.00957096 0.775368 456.543 0.0350361 0.99855 0.0408582 4.13835 -0.774636 0.0529653 -0.630186 -169.67 
-0.630369 -0.0102714 0.776227 458.583 0.033315 0.998633 0.0402692 4.21326 -0.77558 0.0512445 -0.629165 -171.287 
-0.628873 -0.0099216 0.777444 460.626 0.0356943 0.998496 0.0416156 4.29116 -0.776688 0.0539213 -0.627573 -172.903 
-0.627571 -0.0111555 0.778479 462.701 0.0375254 0.998302 0.0445566 4.36311 -0.777654 0.0571752 -0.626087 -174.538 
-0.626456 -0.0135301 0.779339 464.791 0.0356865 0.998303 0.0460174 4.44666 -0.778639 0.0566398 -0.62491 -176.155 
-0.625912 -0.0133508 0.779779 466.826 0.0335181 0.998469 0.0439993 4.54002 -0.779173 0.0536765 -0.624507 -177.678 
-0.624712 -0.0124919 0.780755 468.916 0.0322213 0.998608 0.0417589 4.62334 -0.78019 0.0512443 -0.62344 -179.311 
-0.623049 -0.0107596 0.782109 471.011 0.0335854 0.998615 0.0404932 4.70234 -0.781462 0.0514967 -0.621825 -180.95 
-0.621923 -0.0102115 0.783011 473.104 0.0359945 0.998485 0.0416108 4.77164 -0.78225 0.0540628 -0.620614 -182.574 
-0.620678 -0.010303 0.783997 475.199 0.0374227 0.998385 0.0427473 4.85504 -0.783172 0.0558716 -0.61929 -184.177 
-0.619525 -0.0104747 0.784907 477.293 0.0373713 0.998383 0.0428206 4.93655 -0.784087 0.0558614 -0.618132 -185.795 
-0.618245 -0.0115041 0.785901 479.464 0.0366574 0.998383 0.0434517 5.03067 -0.78513 0.0556729 -0.616824 -187.437 
-0.617175 -0.012004 0.786734 481.438 0.0369683 0.998337 0.0442334 5.09424 -0.785957 0.056384 -0.615705 -188.898 
-0.615784 -0.0129635 0.787808 483.52 0.0367386 0.998305 0.0451436 5.17007 -0.787058 0.0567417 -0.614264 -190.504 
-0.615175 -0.012302 0.788295 485.651 0.0359412 0.998401 0.0436289 5.25753 -0.787571 0.0551717 -0.613749 -192.135 
-0.614518 -0.0108715 0.788828 487.391 0.0364383 0.998447 0.0421467 5.29838 -0.788061 0.0546434 -0.613167 -193.487 
-0.613679 -0.0112706 0.789475 489.435 0.0368264 0.998401 0.0428793 5.37431 -0.788696 0.0553876 -0.612283 -195.043 
-0.613068 -0.0125448 0.78993 491.118 0.0363935 0.998364 0.0441001 5.42474 -0.789191 0.0557847 -0.611609 -196.391 
-0.613311 -0.0140245 0.789717 492.836 0.034793 0.998392 0.0447512 5.48376 -0.789075 0.0549231 -0.611837 -197.677 
-0.61355 -0.0145619 0.789522 494.964 0.0343125 0.998394 0.045079 5.57043 -0.78891 0.0547487 -0.612065 -199.283 
-0.612839 -0.0141781 0.790081 496.775 0.0345609 0.998401 0.0447242 5.61561 -0.789452 0.0547146 -0.611369 -200.777 
-0.613044 -0.0135934 0.789932 498.095 0.0350275 0.998401 0.0443645 5.70635 -0.789272 0.0548667 -0.611587 -201.819 
-0.613315 -0.0153146 0.78969 499.405 0.0342268 0.998357 0.0459436 5.7489 -0.789096 0.0552065 -0.611783 -202.775 
-0.613278 -0.0173395 0.789677 501.504 0.0331891 0.99831 0.0476958 5.82977 -0.789169 0.0554595 -0.611666 -204.369 
-0.6134 -0.0178659 0.78957 503.596 0.0322905 0.998341 0.0476756 5.91345 -0.789112 0.0547399 -0.611806 -205.919 
-0.614361 -0.0176218 0.788828 505.649 0.0320473 0.998368 0.047262 6.02983 -0.788374 0.0543158 -0.612794 -206.884 
-0.615351 -0.017167 0.788066 508.127 0.0320451 0.998391 0.0467707 6.1896 -0.787601 0.0540341 -0.613811 -208.046 
-0.61634 -0.0167126 0.787302 510.604 0.0320436 0.998414 0.0462794 6.34807 -0.786828 0.0537519 -0.614828 -209.211 
-0.617035 -0.0171651 0.786748 512.968 0.0316162 0.998414 0.0465793 6.48532 -0.7863 0.0536151 -0.615514 -210.68 
-0.616838 -0.016653 0.786914 515.066 0.0318736 0.998427 0.0461138 6.56947 -0.786444 0.0535265 -0.615337 -212.269 
-0.616673 -0.0167703 0.787041 516.815 0.0311748 0.998468 0.0457018 6.60549 -0.786602 0.052719 -0.615206 -213.687 
-0.615546 -0.0176301 0.787904 518.83 0.0306383 0.998459 0.0462774 6.69432 -0.787505 0.0526259 -0.614057 -215.254 
-0.614755 -0.0187379 0.788495 520.785 0.0305593 0.998401 0.0475518 6.75839 -0.788126 0.0533286 -0.6132 -216.8 
-0.614425 -0.0203671 0.788712 522.905 0.0301265 0.998332 0.0492494 6.8515 -0.788399 0.0540212 -0.612787 -218.404 
-0.614388 -0.0190898 0.788773 525.043 0.0310409 0.998348 0.0483401 6.95405 -0.788393 0.0541838 -0.612781 -220.01 
-0.614098 -0.016568 0.789056 527.169 0.0346399 0.99825 0.0479196 7.04412 -0.788469 0.0567601 -0.612449 -221.601 
-0.613529 -0.0171037 0.789487 529.208 0.0348515 0.998205 0.0487093 7.13242 -0.788903 0.0573994 -0.611832 -223.164 
-0.613366 -0.0178964 0.789596 531.307 0.0341374 0.998208 0.0491429 7.22677 -0.789061 0.0570974 -0.611656 -224.761 
-0.612719 -0.0185461 0.790083 533.194 0.0333375 0.998228 0.0492856 7.31066 -0.789598 0.0565377 -0.611015 -226.297 
-0.613031 -0.0180053 0.789853 535.21 0.0330611 0.99828 0.0484163 7.40241 -0.789367 0.0557942 -0.611381 -227.8 
-0.612653 -0.0188801 0.790126 536.91 0.0334165 0.998202 0.0497627 7.47316 -0.789645 0.0568905 -0.610921 -229.304 
-0.613137 -0.0197179 0.78973 538.677 0.0342633 0.998084 0.0515216 7.55751 -0.789233 0.0586486 -0.611286 -230.61 
-0.613179 -0.0209105 0.789667 540.126 0.0333781 0.998071 0.0523473 7.56638 -0.789238 0.0584559 -0.611298 -231.821 
-0.613188 -0.0202136 0.789678 541.412 0.031772 0.998232 0.0502231 7.53601 -0.789297 0.0558859 -0.611462 -232.943 
-0.613204 -0.0181997 0.789715 542.841 0.0318292 0.998353 0.0477229 7.58614 -0.789283 0.0543999 -0.611615 -234.217 
-0.612788 -0.0150865 0.790103 544.102 0.0320717 0.998519 0.0439402 7.71445 -0.789596 0.052266 -0.611397 -235.414 
-0.612777 -0.0169112 0.790075 546.173 0.0327358 0.99837 0.0467593 7.79371 -0.789577 0.0545168 -0.611224 -236.97 
-0.612856 -0.0179301 0.789991 548.339 0.0335165 0.998253 0.0486581 7.88988 -0.789484 0.0562981 -0.611184 -238.585 
-0.612744 -0.0170936 0.790096 550.446 0.0338873 0.998278 0.0478781 7.98881 -0.789555 0.0561113 -0.61111 -240.185 
-0.612742 -0.0166035 0.790109 552.53 0.0339464 0.998303 0.0473044 8.07922 -0.789554 0.0558068 -0.611139 -241.757 
-0.612708 -0.0154149 0.790159 554.581 0.0349254 0.998305 0.0465575 8.17374 -0.789537 0.0561228 -0.611131 -243.313 
-0.612482 -0.0156869 0.790329 556.565 0.0354233 0.998254 0.047266 8.24045 -0.78969 0.0569457 -0.610857 -244.822 
-0.612461 -0.0164948 0.790328 558.678 0.0359869 0.998164 0.0487203 8.33343 -0.789681 0.0582808 -0.610743 -246.402 
-0.612289 -0.0176184 0.790438 560.736 0.0353664 0.998141 0.0496434 8.41389 -0.789843 0.0583511 -0.610527 -247.964 
-0.612315 -0.0174021 0.790423 562.891 0.0356592 0.998132 0.049599 8.52099 -0.78981 0.0585561 -0.61055 -249.58 
-0.612536 -0.0170048 0.79026 564.954 0.0366238 0.998084 0.049864 8.5876 -0.789594 0.0594858 -0.610739 -251.121 
-0.612373 -0.0176359 0.790372 566.973 0.0374177 0.997984 0.0512592 8.67616 -0.789683 0.0609637 -0.610478 -252.649 
-0.612252 -0.0189825 0.790434 568.921 0.0356088 0.998035 0.0515497 8.7588 -0.78986 0.0597079 -0.610374 -254.121 
-0.61147 -0.0205071 0.791002 570.818 0.0341101 0.998052 0.0522431 8.83184 -0.790532 0.0589263 -0.609579 -255.595 
-0.61093 -0.0201091 0.791429 572.59 0.0336979 0.998111 0.051373 8.87249 -0.790967 0.0580548 -0.609098 -257.007 
-0.610543 -0.0183317 0.791771 574.713 0.0360294 0.998054 0.0508903 8.97854 -0.791163 0.0595978 -0.608694 -258.588 
-0.609937 -0.0176216 0.792254 576.615 0.0368322 0.998042 0.0505549 9.04219 -0.791593 0.0600158 -0.608094 -260.006 
-0.608538 -0.0180583 0.793319 578.658 0.037585 0.997963 0.0515472 9.12583 -0.792634 0.0611854 -0.606619 -261.568 
-0.607703 -0.0193166 0.79393 580.887 0.0371565 0.997918 0.0527206 9.23784 -0.793295 0.0615381 -0.60572 -263.25 
-0.607163 -0.0204668 0.794313 583.194 0.0374534 0.99782 0.0543394 9.33763 -0.793694 0.0627427 -0.605073 -264.989 
-0.60637 -0.0209021 0.794907 585.28 0.036616 0.99786 0.0541701 9.44589 -0.794339 0.0619535 -0.604307 -266.537 
-0.605908 -0.0211623 0.795253 587.413 0.0359539 0.997896 0.0539482 9.55283 -0.794722 0.0612801 -0.603873 -268.099 
-0.60557 -0.0219995 0.795488 589.588 0.0349057 0.997921 0.0541701 9.67269 -0.795026 0.0605709 -0.603543 -269.68 
-0.605212 -0.0224439 0.795748 591.716 0.0343092 0.997938 0.0542408 9.77287 -0.795324 0.0601287 -0.603195 -271.222 
-0.604956 -0.023295 0.795918 593.849 0.0332488 0.997961 0.0544799 9.88957 -0.795564 0.0594213 -0.602948 -272.793 
-0.605035 -0.0240266 0.795836 595.944 0.0315761 0.998034 0.0541367 9.99838 -0.795573 0.0578841 -0.603087 -274.318 
-0.605245 -0.0234387 0.795694 597.68 0.0308328 0.998126 0.0528547 10.0802 -0.795442 0.0565235 -0.603388 -275.595 
-0.604862 -0.0234126 0.795986 599.468 0.0321515 0.998035 0.0537871 10.1234 -0.795681 0.0581259 -0.60292 -276.999 
-0.604867 -0.0241022 0.795962 601.548 0.0331723 0.997912 0.0554257 10.2206 -0.795635 0.0599291 -0.602804 -278.534 
-0.604101 -0.0232643 0.796568 603.839 0.0360592 0.997752 0.0564865 10.346 -0.796091 0.0628472 -0.601904 -280.28 
-0.603332 -0.0224291 0.797174 606.132 0.0389467 0.997583 0.0575441 10.4745 -0.796538 0.0657656 -0.601 -282.025 
-0.6029 -0.0205121 0.797553 608.221 0.0394022 0.997684 0.0554448 10.5984 -0.796843 0.064853 -0.600696 -283.594 
-0.602621 -0.0189367 0.797803 610.249 0.0399555 0.997749 0.053863 10.7154 -0.797026 0.0643357 -0.600508 -285.065 
-0.602605 -0.0188364 0.797817 612.093 0.0402303 0.997733 0.053943 10.8162 -0.797025 0.0646027 -0.600481 -286.392 
-0.602299 -0.0198166 0.798025 613.824 0.0405618 0.997641 0.0553868 10.8652 -0.79724 0.0657288 -0.600074 -287.717 
-0.602981 -0.0206346 0.797489 616.047 0.0410326 0.99754 0.0568355 10.9921 -0.7967 0.0669938 -0.600651 -289.292 
-0.604599 -0.0214807 0.79624 618.404 0.0427459 0.997321 0.0593631 11.1207 -0.795382 0.0699269 -0.602061 -290.893 
-0.606217 -0.0223208 0.794986 620.757 0.0444538 0.997092 0.0618935 11.2562 -0.794056 0.0728611 -0.603462 -292.499 
-0.605871 -0.0221705 0.795254 622.862 0.0438316 0.997163 0.0611928 11.386 -0.794355 0.0719322 -0.60318 -294.034 
-0.605382 -0.022105 0.795628 624.821 0.0443313 0.997126 0.0614342 11.489 -0.7947 0.0724623 -0.602662 -295.479 
-0.604857 -0.0225114 0.796016 626.996 0.0443361 0.997098 0.061887 11.6275 -0.795099 0.072725 -0.602104 -297.072 
-0.604165 -0.0233815 0.796516 628.985 0.0435742 0.997104 0.0623211 11.7184 -0.795667 0.0723598 -0.601397 -298.665 
-0.602992 -0.0235143 0.7974 631.151 0.0433177 0.997126 0.0621606 11.8648 -0.79657 0.0720239 -0.600241 -300.319 
-0.603316 -0.0226921 0.797179 633.064 0.0429631 0.997219 0.0609013 11.9778 -0.796344 0.0709921 -0.600663 -301.608 
-0.602392 -0.0230056 0.797868 635.175 0.0432938 0.997171 0.0614391 12.0979 -0.797025 0.0715533 -0.599693 -303.18 
-0.601896 -0.022979 0.798244 637.36 0.044248 0.997091 0.0620672 12.2417 -0.797348 0.0726787 -0.599128 -304.813 
-0.601715 -0.0232857 0.798371 639.46 0.0441683 0.997075 0.0623699 12.3664 -0.797488 0.0727917 -0.598927 -306.304 
-0.601005 -0.0222263 0.798936 641.557 0.0442095 0.997158 0.0609975 12.4916 -0.798022 0.0719804 -0.598314 -307.839 
-0.600744 -0.0205342 0.799178 643.564 0.0453395 0.997186 0.0597036 12.6017 -0.798155 0.0721008 -0.598122 -309.303 
-0.599754 -0.0211475 0.799905 645.534 0.0452956 0.997151 0.0603239 12.6872 -0.798901 0.0724117 -0.597087 -310.795 
