1 -4.23778e-08 4.22719e-08 0 -4.23778e-08 1 -4.19404e-08 0 4.22719e-08 -4.19404e-08 1 0 
0.999996 -0.00238361 -0.0014187 -0.02225 0.0023878 0.999992 0.00302194 -0.0212376 0.00141157 -0.0030254 0.999994 1.48802 
0.99999 -0.00318258 -0.00296833 -0.0475735 0.003194 0.999987 0.00387848 -0.0386299 0.00295604 -0.003888 0.999988 2.98455 
0.999989 -0.00173569 -0.00423617 -0.0828357 0.0017508 0.999992 0.00358625 -0.0545777 0.00422999 -0.00359371 0.999985 4.48122 
0.999982 -0.00149202 -0.00587653 -0.111189 0.00151303 0.999992 0.00358641 -0.075078 0.00587122 -0.00359532 0.999976 6.01595 
0.999974 -0.00146111 -0.00706444 -0.14663 0.00148769 0.999992 0.00377007 -0.0896794 0.00705895 -0.00378057 0.999968 7.52688 
0.999959 -0.00184934 -0.00889985 -0.180167 0.00188746 0.999989 0.00428706 -0.109217 0.00889191 -0.00430376 0.999951 9.04141 
0.999936 -0.00379376 -0.01069 -0.209888 0.0038327 0.999986 0.00363225 -0.126933 0.0106761 -0.00367308 0.999936 10.5459 
0.999913 -0.00514475 -0.0121265 -0.246173 0.00519128 0.999979 0.00381562 -0.13988 0.0121067 -0.00387833 0.999919 12.0628 
0.999898 -0.00488448 -0.0134133 -0.283577 0.00493483 0.999981 0.00372942 -0.155063 0.0133949 -0.00379532 0.999903 13.5725 
0.999884 -0.00462726 -0.0145264 -0.323068 0.00468194 0.999982 0.0037383 -0.169245 0.0145089 -0.00380596 0.999887 15.0634 
0.999878 -0.00323977 -0.0152815 -0.364848 0.0033058 0.999985 0.0043031 -0.185243 0.0152675 -0.00435317 0.999874 16.5682 
0.999872 -0.00115071 -0.0159354 -0.408907 0.00122891 0.999987 0.00490382 -0.194303 0.0159297 -0.00492286 0.999861 18.0589 
0.999862 -0.000394894 -0.0165886 -0.461477 0.000491681 0.999983 0.00583595 -0.21409 0.0165861 -0.00584339 0.999845 19.5226 
0.999852 -0.00085663 -0.017186 -0.499346 0.000958947 0.999982 0.00595105 -0.232041 0.0171807 -0.00596674 0.999835 20.9526 
0.999838 -0.000252706 -0.0179676 -0.541639 0.00036175 0.999981 0.00607056 -0.242411 0.0179659 -0.00607616 0.99982 22.4269 
0.999835 0.000502211 -0.0181357 -0.583768 -0.000385499 0.999979 0.00644303 -0.249332 0.0181386 -0.00643507 0.999815 23.9051 
0.999833 0.00126373 -0.0182105 -0.626509 -0.00112317 0.999969 0.00773168 -0.263237 0.0182198 -0.00771002 0.999804 25.3623 
0.999832 0.00121107 -0.0182665 -0.676164 -0.00109231 0.999978 0.00651475 -0.281516 0.0182741 -0.00649379 0.999812 26.7862 
0.99983 0.00151312 -0.0183644 -0.72138 -0.00142886 0.999988 0.00460493 -0.2949 0.0183712 -0.00457799 0.999821 28.2246 
0.999837 -0.000384949 -0.0180673 -0.767775 0.000464896 0.99999 0.00442559 -0.309907 0.0180655 -0.00443335 0.999827 29.6498 
0.999835 -0.00133393 -0.0180966 -0.809483 0.00146389 0.999973 0.00717493 -0.324584 0.0180866 -0.00720032 0.99981 31.0706 
0.999828 -0.00309508 -0.0183031 -0.845255 0.00324701 0.99996 0.00828123 -0.334669 0.0182768 -0.00833931 0.999798 32.4809 
0.999824 -0.00393238 -0.0183498 -0.880805 0.00407282 0.999963 0.00762685 -0.341975 0.0183192 -0.00770033 0.999802 33.8952 
0.999828 -0.00415806 -0.018043 -0.921492 0.00426451 0.999974 0.00586986 -0.353898 0.0180182 -0.00594588 0.99982 35.2972 
0.999837 -0.00370076 -0.0176531 -0.964001 0.00379238 0.999979 0.00516444 -0.369041 0.0176337 -0.00523063 0.999831 36.6672 
0.999852 -0.00311606 -0.0168904 -1.00766 0.00318851 0.999986 0.00426928 -0.383862 0.0168769 -0.00432259 0.999848 38.0293 
0.999876 -0.0024615 -0.0155755 -1.05085 0.00254351 0.999983 0.005253 -0.398347 0.0155624 -0.00529205 0.999865 39.3794 
0.999898 -0.0018458 -0.0141824 -1.09009 0.00195115 0.99997 0.007424 -0.413983 0.0141684 -0.007451 0.999872 40.7187 
0.999917 -0.00255974 -0.0126366 -1.12353 0.00266632 0.999961 0.00843103 -0.427478 0.0126146 -0.00846411 0.999885 42.0199 
0.999945 -0.0021398 -0.0102781 -1.15815 0.00223359 0.999956 0.00913011 -0.44072 0.0102582 -0.00915265 0.999905 43.3197 
0.999973 -0.00235417 -0.00699181 -1.18507 0.00241327 0.999961 0.00846769 -0.451009 0.00697169 -0.00848442 0.99994 44.5704 
0.999989 -0.00295119 -0.0035031 -1.20681 0.00297454 0.999973 0.00670165 -0.463716 0.00348331 -0.00671208 0.999971 45.8041 
0.999994 -0.00331055 3.95789e-05 -1.23178 0.00331022 0.999981 0.00512958 -0.479754 -5.64752e-05 -0.0051295 0.999987 47.0412 
0.999987 -0.00296071 0.00422887 -1.24489 0.0029367 0.99998 0.0056534 -0.491029 -0.00424544 -0.00564099 0.999975 48.2785 
0.99995 -0.00257649 0.00961905 -1.25493 0.00252338 0.999981 0.00552031 -0.506078 -0.00963301 -0.00549584 0.999938 49.4902 
0.99987 -0.000783238 0.016075 -1.26254 0.000708685 0.999989 0.00463769 -0.520042 -0.0160784 -0.00462578 0.99986 50.7024 
0.999727 0.000679221 0.0233373 -1.2527 -0.000785406 0.999989 0.00453746 -0.530725 -0.0233339 -0.00455464 0.999717 51.9028 
0.999497 0.00144416 0.0316636 -1.23699 -0.00162304 0.999983 0.00562196 -0.547007 -0.0316549 -0.00567061 0.999483 53.0756 
0.999115 0.00366472 0.0418992 -1.20535 -0.00393157 0.999972 0.00628618 -0.561057 -0.0418749 -0.00644543 0.999102 54.2494 
0.998484 0.00610627 0.0546968 -1.1628 -0.00645624 0.99996 0.00622232 -0.572391 -0.0546566 -0.0065661 0.998484 55.4128 
0.99756 0.0081224 0.0693397 -1.10316 -0.00861307 0.99994 0.00677907 -0.584859 -0.0692804 -0.00735983 0.99757 56.5571 
0.996286 0.0102416 0.0854901 -1.02299 -0.0109586 0.999908 0.00792039 -0.595433 -0.0854011 -0.00882791 0.996307 57.6976 
0.994623 0.0103196 0.103046 -0.921435 -0.0112816 0.999898 0.00875577 -0.606075 -0.102945 -0.00987129 0.994638 58.8228 
0.992486 0.00980674 0.121966 -0.801401 -0.0108523 0.99991 0.00791009 -0.615668 -0.121878 -0.00917434 0.992503 59.9245 
0.989817 0.00875546 0.142079 -0.663915 -0.00984903 0.999927 0.00699487 -0.623902 -0.142007 -0.00832305 0.989831 61.0085 
0.986614 0.00600077 0.162961 -0.498901 -0.00721322 0.99995 0.00684882 -0.63406 -0.162912 -0.0079327 0.986609 62.0743 
0.982871 0.000929714 0.184294 -0.304338 -0.00264472 0.999955 0.00905971 -0.642009 -0.184278 -0.009392 0.982829 63.143 
0.978213 -0.00449361 0.207555 -0.0895937 0.00234415 0.999941 0.0106005 -0.649892 -0.20759 -0.00988303 0.978166 64.1887 
0.972844 -0.00954335 0.231264 0.147624 0.00739811 0.999921 0.0101412 -0.658928 -0.231343 -0.00815493 0.972838 65.208 
0.966475 -0.0156171 0.256284 0.409736 0.0138828 0.999867 0.00857478 -0.667723 -0.256384 -0.00472945 0.966563 66.2038 
0.959085 -0.019123 0.282473 0.693326 0.0172188 0.999809 0.00922211 -0.672656 -0.282595 -0.00398102 0.959231 67.1826 
0.950652 -0.0217757 0.309495 1.0002 0.0191001 0.999749 0.0116725 -0.679744 -0.309671 -0.00518517 0.950829 68.1412 
0.941201 -0.0263729 0.336816 1.33533 0.022734 0.999633 0.0147434 -0.685731 -0.337081 -0.00621939 0.941455 69.0744 
0.930388 -0.0293887 0.365395 1.69375 0.0258645 0.99956 0.0145367 -0.690864 -0.365662 -0.00407403 0.930739 69.9969 
0.918471 -0.0286307 0.39445 2.07248 0.026543 0.99959 0.0107488 -0.695086 -0.394596 0.000597327 0.918854 70.895 
0.905519 -0.0297414 0.423262 2.47584 0.030242 0.999527 0.00553463 -0.698075 -0.423227 0.00778851 0.90599 71.7689 
0.891424 -0.0315298 0.452071 2.8996 0.0336634 0.999428 0.00332527 -0.704724 -0.451917 0.012254 0.891976 72.6218 
0.875925 -0.0320173 0.481384 3.35929 0.0329456 0.999436 0.00652542 -0.710257 -0.481322 0.0101437 0.876485 73.4679 
0.858336 -0.0309396 0.512155 3.83802 0.0286668 0.999513 0.0123374 -0.718934 -0.512287 0.00409212 0.858804 74.2936 
0.838781 -0.0310253 0.543584 4.34412 0.0264938 0.999518 0.0161663 -0.72599 -0.543824 0.000841585 0.839199 75.1031 
0.81788 -0.0246291 0.574861 4.87296 0.0222337 0.99969 0.0111972 -0.726319 -0.574958 0.00362328 0.818175 75.8789 
0.796023 -0.0176162 0.605009 5.42333 0.0190091 0.999811 0.00410097 -0.728782 -0.604967 0.00823615 0.796208 76.6247 
0.773699 -0.015354 0.633367 6.00489 0.0180785 0.999834 0.00215353 -0.732733 -0.633295 0.00978412 0.773848 77.3494 
0.750646 -0.0177715 0.660466 6.61272 0.0190033 0.999805 0.00530414 -0.739422 -0.660431 0.00856947 0.750837 78.0413 
0.726297 -0.0178822 0.687148 7.23506 0.0188961 0.999803 0.00604593 -0.75153 -0.687121 0.00859322 0.726492 78.7098 
0.70127 -0.0159284 0.712718 7.8752 0.0194386 0.999806 0.00321801 -0.758912 -0.71263 0.0115975 0.701444 79.3435 
0.675276 -0.0135395 0.737441 8.53459 0.019216 0.999815 0.000760469 -0.766601 -0.737314 0.0136571 0.675412 79.9516 
0.648456 -0.0111581 0.76117 9.20799 0.017446 0.999848 -0.000205748 -0.775881 -0.761052 0.0134127 0.648552 80.5383 
0.62055 -0.00991977 0.784104 9.91107 0.017407 0.999848 -0.00112708 -0.790539 -0.783973 0.0143483 0.620629 81.1041 
0.592029 -0.00313358 0.805911 10.6337 0.0156433 0.999849 -0.00760413 -0.803695 -0.805765 0.0171089 0.591988 81.6445 
0.562213 0.00609486 0.82697 11.371 0.0144197 0.999748 -0.0171716 -0.821495 -0.826867 0.0215787 0.561984 82.158 
0.531494 0.0144326 0.846939 12.1381 0.0132414 0.999591 -0.0253436 -0.843509 -0.846959 0.0246846 0.531085 82.6476 
0.500047 0.0194432 0.86578 12.9301 0.010701 0.999533 -0.0286276 -0.869224 -0.865932 0.0235798 0.499605 83.1127 
0.467652 0.0190012 0.883708 13.7424 0.00844428 0.999627 -0.0259624 -0.902395 -0.883872 0.0196036 0.467317 83.5551 
0.434722 0.0177867 0.900389 14.5745 0.00364752 0.999762 -0.0215109 -0.934566 -0.900557 0.0126355 0.434554 83.9683 
0.400422 0.0190747 0.916132 15.4225 -0.000646554 0.999789 -0.020534 -0.964608 -0.916331 0.00762991 0.40035 84.3566 
0.365553 0.0221429 0.930527 16.2902 -0.00780464 0.999755 -0.0207243 -0.992334 -0.930758 0.000313403 0.365636 84.7146 
0.329855 0.024167 0.943722 17.1728 -0.0130289 0.999694 -0.0210465 -1.01779 -0.943942 -0.00535335 0.330069 85.0424 
0.29398 0.0236207 0.955519 18.0764 -0.015765 0.999678 -0.0198621 -1.04437 -0.955681 -0.00922474 0.294258 85.3339 
0.257845 0.0230958 0.96591 18.9903 -0.016483 0.999674 -0.0195032 -1.07301 -0.966046 -0.0108923 0.258142 85.5894 
0.221808 0.0225382 0.97483 19.9187 -0.0162288 0.99968 -0.0194202 -1.10192 -0.974955 -0.0115128 0.222103 85.813 
0.186661 0.0214131 0.982191 20.8677 -0.0140631 0.999718 -0.0191227 -1.1238 -0.982324 -0.0102432 0.186909 85.9959 
0.152342 0.0203862 0.988117 21.8273 -0.00584461 0.999788 -0.0197259 -1.15098 -0.98831 -0.00277007 0.152429 86.141 
0.11859 0.0238512 0.992657 22.7921 -0.00357517 0.999715 -0.0235938 -1.18053 -0.992937 -0.000750932 0.118642 86.2614 
0.086067 0.0290279 0.995866 23.7551 -0.00255133 0.999579 -0.0289157 -1.20945 -0.996286 -5.20933e-05 0.0861048 86.3512 
0.0569969 0.0326401 0.997841 24.722 0.0043482 0.999448 -0.0329411 -1.2455 -0.998365 0.00621635 0.0568235 86.4055 
0.0313681 0.0307919 0.999033 25.6925 0.00600652 0.999501 -0.030995 -1.28289 -0.99949 0.00697297 0.0311675 86.4455 
0.00900664 0.027562 0.999579 26.6742 0.00754834 0.99959 -0.0276304 -1.32237 -0.999931 0.00779402 0.0087949 86.4623 
-0.00996505 0.0251362 0.999634 27.6606 0.00784392 0.999655 -0.0250586 -1.35704 -0.999919 0.00759134 -0.0101588 86.4637 
-0.0265701 0.0284139 0.999243 28.6527 0.00919113 0.999561 -0.0281786 -1.39133 -0.999605 0.00843547 -0.0268196 86.4428 
-0.0411745 0.0328656 0.998611 29.6365 0.0120827 0.999402 -0.0323936 -1.42681 -0.999079 0.0107322 -0.041547 86.4077 
-0.0531924 0.037851 0.997867 30.6196 0.0166873 0.999175 -0.0370112 -1.46886 -0.998445 0.014683 -0.0537801 86.3593 
-0.0617082 0.0413045 0.997239 31.6228 0.0223326 0.99895 -0.0399936 -1.51274 -0.997844 0.019803 -0.0625659 86.2944 
-0.0674064 0.04681 0.996627 32.6295 0.0259131 0.998644 -0.0451522 -1.55954 -0.997389 0.0227821 -0.068528 86.227 
-0.0710355 0.051553 0.996141 33.6294 0.027843 0.998377 -0.0496833 -1.61322 -0.997085 0.0242063 -0.0723556 86.1637 
-0.0738207 0.0554118 0.995731 34.6295 0.0299147 0.998129 -0.0533275 -1.674 -0.996823 0.0258503 -0.0753402 86.0936 
-0.0763641 0.058347 0.995371 35.639 0.0301262 0.997966 -0.0561879 -1.73552 -0.996625 0.025696 -0.0779665 86.0213 
-0.0786935 0.0616461 0.994991 36.6451 0.0313038 0.997747 -0.0593412 -1.80499 -0.996407 0.0264772 -0.0804459 85.9491 
-0.080503 0.0653681 0.994609 37.6578 0.0325513 0.997487 -0.0629227 -1.87165 -0.996223 0.0273104 -0.0824285 85.8752 
-0.0827098 0.0667638 0.994335 38.6709 0.0352784 0.997324 -0.0640301 -1.94404 -0.995949 0.0297827 -0.0848438 85.7968 
-0.084563 0.0654641 0.994265 39.6902 0.0356666 0.997399 -0.062637 -2.01768 -0.99578 0.0301653 -0.086678 85.7149 
-0.0866445 0.0651889 0.994104 40.7222 0.0349335 0.997442 -0.0623631 -2.08679 -0.995627 0.0293241 -0.0887001 85.627 
-0.0886736 0.0666171 0.99383 41.7617 0.0348919 0.997356 -0.0637403 -2.15585 -0.995449 0.0290246 -0.0907636 85.5349 
-0.0910928 0.068906 0.993456 42.7989 0.0337412 0.997244 -0.066075 -2.22486 -0.995271 0.0275015 -0.0931667 85.4465 
-0.0937687 0.0710821 0.993053 43.8286 0.0320731 0.997146 -0.0683467 -2.30326 -0.995077 0.0254415 -0.0957809 85.3647 
-0.0963001 0.0747243 0.992543 44.8697 0.0298264 0.996947 -0.0721621 -2.38171 -0.994905 0.0226548 -0.0982349 85.2796 
-0.0987535 0.0789187 0.991978 45.9059 0.026326 0.996708 -0.0766743 -2.46467 -0.994764 0.0185429 -0.100506 85.1959 
-0.101267 0.0813784 0.991525 46.9448 0.0242078 0.996555 -0.0793189 -2.54928 -0.994565 0.0159703 -0.102888 85.1016 
-0.104066 0.0800925 0.99134 47.9911 0.0221172 0.996692 -0.0782032 -2.63318 -0.994324 0.0137874 -0.105493 85.0054 
-0.106869 0.0757123 0.991386 49.037 0.0191967 0.997068 -0.0740769 -2.72328 -0.994088 0.0111148 -0.108009 84.911 
-0.109412 0.074184 0.991224 50.0887 0.0190962 0.997184 -0.0725223 -2.8045 -0.993813 0.0109938 -0.110521 84.8121 
-0.111464 0.0746371 0.990962 51.1275 0.0183852 0.99716 -0.073036 -2.88721 -0.993598 0.0100781 -0.11252 84.7164 
-0.112746 0.0774412 0.990601 52.1785 0.0199 0.996934 -0.0756714 -2.97162 -0.993424 0.0111814 -0.113941 84.612 
-0.113479 0.0802135 0.990297 53.2449 0.0200383 0.996718 -0.0784374 -3.05664 -0.993338 0.0109428 -0.114714 84.4994 
-0.113701 0.0807639 0.990227 54.2995 0.0188045 0.996687 -0.0791316 -3.14693 -0.993337 0.00962339 -0.114843 84.3918 
-0.113642 0.0796745 0.990322 55.3671 0.0158638 0.996798 -0.0783751 -3.23556 -0.993395 0.0068035 -0.114542 84.2891 
-0.113698 0.0790828 0.990363 56.4406 0.0119605 0.996864 -0.0782288 -3.32674 -0.993443 0.00295074 -0.114288 84.1826 
-0.113592 0.0801735 0.990287 57.5108 0.00800499 0.99678 -0.079781 -3.41836 -0.993495 -0.0011352 -0.113868 84.077 
-0.113857 0.0804521 0.990234 58.5938 0.00409325 0.996745 -0.0805105 -3.51003 -0.993489 -0.00511342 -0.113816 83.9734 
-0.114133 0.0797758 0.990257 59.6804 0.00063437 0.996776 -0.080228 -3.60709 -0.993465 -0.00852848 -0.113816 83.8675 
-0.114504 0.0747664 0.990605 60.7748 0.00106796 0.997172 -0.0751387 -3.69385 -0.993422 -0.00754578 -0.114261 83.7638 
-0.114641 0.0658552 0.991222 61.8878 0.00437992 0.997824 -0.0657874 -3.78307 -0.993397 -0.00320042 -0.11468 83.6457 
-0.114374 0.0604791 0.991595 62.9977 0.00997794 0.998165 -0.059729 -3.86338 -0.993388 0.00306261 -0.114768 83.5233 
-0.113639 0.0629157 0.991528 64.0996 0.018123 0.997958 -0.0612467 -3.93441 -0.993357 0.0110095 -0.114547 83.3979 
-0.112409 0.0684725 0.9913 65.2105 0.0237102 0.997524 -0.0662138 -4.00798 -0.993379 0.0160609 -0.113754 83.2685 
-0.111365 0.0741137 0.991012 66.3179 0.0272959 0.997067 -0.0714993 -4.08857 -0.993405 0.019088 -0.113061 83.1458 
-0.110389 0.0784842 0.990785 67.4322 0.0283568 0.99672 -0.075795 -4.17529 -0.993484 0.0197285 -0.112252 83.0195 
-0.110254 0.0757638 0.991011 68.553 0.0251878 0.996983 -0.0734182 -4.26093 -0.993584 0.0168668 -0.11183 82.9148 
-0.109823 0.0710101 0.991411 69.6938 0.0243654 0.997337 -0.0687355 -4.35302 -0.993652 0.0166074 -0.111261 82.7961 
-0.109736 0.0689149 0.991569 70.8325 0.0220255 0.997517 -0.0668909 -4.43559 -0.993717 0.0144995 -0.110981 82.687 
-0.109571 0.0698749 0.99152 71.9635 0.0203326 0.997475 -0.0680477 -4.51476 -0.993771 0.0127041 -0.110715 82.5769 
-0.109393 0.0749237 0.991171 73.1055 0.0213347 0.997102 -0.0730175 -4.60107 -0.99377 0.0131587 -0.110674 82.4672 
-0.108483 0.077596 0.991065 74.2543 0.0210227 0.996905 -0.0757522 -4.68766 -0.993876 0.012617 -0.109779 82.3492 
-0.108042 0.076621 0.991189 75.4009 0.0211481 0.996977 -0.0747633 -4.77592 -0.993921 0.0128842 -0.109336 82.2352 
-0.107182 0.0696475 0.991797 76.5692 0.0230502 0.997449 -0.0675535 -4.86944 -0.993972 0.0156206 -0.108515 82.119 
-0.107558 0.0682014 0.991857 77.7331 0.0222594 0.997559 -0.0661797 -4.95499 -0.993949 0.01496 -0.108814 82.0024 
-0.107046 0.0712353 0.991699 78.8829 0.0198138 0.997385 -0.0695051 -5.03974 -0.994057 0.0122091 -0.108177 81.8966 
-0.106712 0.0742504 0.991514 80.055 0.0194745 0.997172 -0.0725783 -5.12637 -0.994099 0.0115642 -0.107856 81.7832 
-0.10672 0.0737321 0.991551 81.2311 0.0185389 0.997221 -0.0721584 -5.2178 -0.994116 0.0106816 -0.10779 81.6716 
-0.106454 0.0702236 0.991835 82.4063 0.0181251 0.997474 -0.0686775 -5.30718 -0.994152 0.0106661 -0.107458 81.5607 
-0.105568 0.068938 0.99202 83.5959 0.0189039 0.997553 -0.0673109 -5.39727 -0.994232 0.0116472 -0.106612 81.4489 
-0.104365 0.0693553 0.992118 84.7872 0.0205582 0.997503 -0.0675692 -5.48525 -0.994327 0.0133443 -0.10553 81.3358 
-0.103367 0.069412 0.992218 85.9828 0.0230648 0.997461 -0.067376 -5.57217 -0.994376 0.0159208 -0.104706 81.2202 
-0.101751 0.0690321 0.992412 87.1773 0.0231007 0.997484 -0.0670165 -5.65655 -0.994542 0.0161064 -0.103089 81.1034 
-0.100335 0.069568 0.992519 88.3828 0.0243176 0.997426 -0.0674538 -5.74624 -0.994656 0.0173676 -0.101769 80.9934 
-0.09956 0.067681 0.992727 89.5999 0.0244861 0.997548 -0.0655541 -5.83622 -0.99473 0.0177814 -0.100973 80.8911 
-0.0984999 0.0670258 0.992877 90.82 0.0229592 0.997617 -0.0650682 -5.92091 -0.994872 0.0163865 -0.099804 80.789 
-0.0969794 0.0663449 0.993073 92.045 0.0240913 0.99764 -0.0642975 -6.00522 -0.994995 0.0176889 -0.0983489 80.6798 
-0.0954065 0.067081 0.993175 93.2711 0.0221719 0.997622 -0.0652515 -6.09573 -0.995191 0.0157952 -0.096667 80.577 
-0.094042 0.0698048 0.993118 94.4944 0.022601 0.997431 -0.0679679 -6.18225 -0.995312 0.0160537 -0.0953782 80.4769 
-0.0929324 0.0687164 0.993298 95.7286 0.0205503 0.997535 -0.0670869 -6.26954 -0.99546 0.014178 -0.0941155 80.377 
-0.0925206 0.0672716 0.993436 96.9677 0.0171112 0.997675 -0.0659652 -6.36157 -0.995564 0.0108958 -0.0934567 80.2808 
-0.0922013 0.0682091 0.993401 98.198 0.0143057 0.997639 -0.0671724 -6.45204 -0.995638 0.00801792 -0.0929594 80.1797 
-0.0924893 0.0678349 0.9934 99.4497 0.0114767 0.997683 -0.0670589 -6.53735 -0.995647 0.00519868 -0.0930535 80.0844 
-0.0933931 0.0653647 0.993481 100.708 0.00897638 0.997857 -0.0648088 -6.62755 -0.995589 0.00286518 -0.0937797 79.9824 
-0.0947299 0.0637894 0.993457 101.972 0.00710647 0.997963 -0.0634012 -6.71808 -0.995478 0.00105399 -0.0949902 79.8816 
-0.0960319 0.063056 0.993379 103.234 0.00504868 0.998009 -0.0628619 -6.80834 -0.995365 -0.00102149 -0.0961591 79.7788 
-0.0974799 0.0632522 0.993225 104.491 0.00522351 0.997997 -0.0630435 -6.89664 -0.995224 -0.000957341 -0.0976151 79.6707 
-0.0996746 0.0618854 0.993094 105.756 0.00460128 0.998082 -0.0617345 -6.98279 -0.995009 -0.00158386 -0.0997682 79.5592 
-0.102748 0.0572104 0.993061 107.022 0.00198862 0.998354 -0.0573097 -7.07066 -0.994705 -0.00391364 -0.102693 79.4487 
-0.107 0.0570029 0.992624 108.278 0.0017115 0.998364 -0.0571481 -7.15508 -0.994257 -0.00441596 -0.106922 79.3301 
-0.112697 0.0629984 0.99163 109.508 -0.00352395 0.997956 -0.0638008 -7.24002 -0.993623 -0.0106846 -0.112245 79.2167 
-0.119593 0.0659866 0.990628 110.738 -0.00270132 0.997763 -0.0667881 -7.32817 -0.992819 -0.0106634 -0.119147 79.0878 
-0.128483 0.0622523 0.989756 112.001 -0.000953988 0.99802 -0.062896 -7.4163 -0.991711 -0.00902529 -0.128169 78.9441 
-0.139291 0.0599687 0.988434 113.251 0.00123847 0.998174 -0.0603852 -7.50762 -0.990251 -0.00718697 -0.139111 78.7829 
-0.152434 0.0608093 0.986441 114.486 0.00183105 0.998121 -0.0612464 -7.59218 -0.988312 -0.0075298 -0.152259 78.6129 
-0.166537 0.0610059 0.984146 115.704 0.0036478 0.998115 -0.0612546 -7.67739 -0.986028 -0.00661119 -0.166446 78.4219 
-0.18079 0.0589815 0.981751 116.915 0.00474132 0.998241 -0.0590991 -7.76396 -0.98351 -0.00602973 -0.180752 78.2141 
-0.196168 0.0612749 0.978654 118.111 0.00912759 0.998116 -0.0606639 -7.85264 -0.980528 -0.00296756 -0.196358 77.9856 
-0.211394 0.0645847 0.975265 119.294 0.00915531 0.997901 -0.0640994 -7.93748 -0.977358 -0.00462133 -0.211541 77.7467 
-0.226389 0.068443 0.971629 120.479 0.00915373 0.997634 -0.068142 -8.02867 -0.973994 -0.00653253 -0.226479 77.49 
-0.242474 0.0662681 0.967892 121.666 0.00556625 0.997743 -0.0669175 -8.12308 -0.970142 -0.0108382 -0.242296 77.2172 
-0.258352 0.0606165 0.964147 122.84 9.95203e-05 0.998031 -0.0627202 -8.21531 -0.966051 -0.0161079 -0.257849 76.9296 
-0.274287 0.0566869 0.959976 124.011 -0.0038641 0.998188 -0.0600475 -8.30174 -0.96164 -0.0201797 -0.273571 76.6254 
-0.289284 0.0582321 0.95547 125.172 -0.00546076 0.998031 -0.0624794 -8.38495 -0.957228 -0.0232919 -0.288397 76.2986 
-0.303693 0.0601728 0.950868 126.329 -0.00549758 0.997876 -0.0649035 -8.47129 -0.952754 -0.0249382 -0.302717 75.9474 
-0.317387 0.0626126 0.946227 127.482 -0.00387105 0.997724 -0.0673188 -8.55726 -0.948288 -0.025029 -0.316422 75.5756 
-0.331549 0.0624492 0.941369 128.619 -0.00171222 0.997765 -0.0667935 -8.64879 -0.943436 -0.0237571 -0.330701 75.1923 
-0.345184 0.0605371 0.93658 129.754 -0.00189892 0.99787 -0.0651986 -8.73801 -0.938533 -0.024284 -0.344334 74.7874 
-0.359719 0.0591781 0.931182 130.885 -0.00236782 0.997925 -0.0643345 -8.82612 -0.933057 -0.0253472 -0.358833 74.3718 
-0.374307 0.0609354 0.9253 131.999 -0.00349593 0.997739 -0.06712 -8.91125 -0.927298 -0.0283583 -0.373248 73.9395 
-0.389287 0.0629984 0.91896 133.105 -0.0027292 0.997575 -0.069544 -9.00001 -0.921112 -0.0295806 -0.388171 73.4904 
-0.403935 0.0647409 0.912494 134.208 -0.00144834 0.997446 -0.0714094 -9.09175 -0.914786 -0.0301664 -0.40281 73.0197 
-0.418293 0.0674749 0.905803 135.301 0.00134176 0.997282 -0.0736698 -9.18534 -0.908311 -0.0296001 -0.417246 72.5248 
-0.433104 0.0709668 0.898546 136.388 0.00107893 0.996936 -0.0782176 -9.28388 -0.901343 -0.0329069 -0.431853 72.0213 
-0.448211 0.0734127 0.890908 137.476 0.00222645 0.996711 -0.081011 -9.38042 -0.893925 -0.0343265 -0.4469 71.4904 
-0.463552 0.0708597 0.883232 138.565 0.000909503 0.996835 -0.0794965 -9.48012 -0.886069 -0.0360474 -0.462149 70.9447 
-0.47979 0.0664865 0.874861 139.652 -0.00193589 0.997042 -0.0768336 -9.583 -0.877381 -0.0385576 -0.478242 70.3809 
-0.495876 0.0666822 0.865829 140.723 -0.00236886 0.99694 -0.0781365 -9.68197 -0.86839 -0.040797 -0.494201 69.7909 
-0.512131 0.0659448 0.856372 141.789 -0.00375147 0.996867 -0.0790071 -9.77797 -0.858899 -0.0436746 -0.510279 69.1862 
-0.528157 0.0650136 0.846654 142.848 -0.00435515 0.996844 -0.0792634 -9.88011 -0.849136 -0.0455508 -0.526207 68.5583 
-0.543781 0.0646247 0.836735 143.897 -0.00552631 0.996733 -0.0805735 -9.98667 -0.839209 -0.0484384 -0.541647 67.9006 
-0.559166 0.0640242 0.82658 144.936 -0.00592164 0.99668 -0.0812055 -10.0913 -0.829035 -0.050302 -0.55693 67.2253 
-0.57474 0.0611417 0.816049 145.974 -0.00670613 0.996819 -0.0794089 -10.1973 -0.818309 -0.051112 -0.572502 66.5285 
-0.590133 0.057862 0.80523 147.008 -0.00625661 0.99707 -0.0762326 -10.3026 -0.807282 -0.0500254 -0.588042 65.8062 
-0.605388 0.0562442 0.793941 148.017 -0.00531865 0.997192 -0.0746984 -10.4057 -0.795913 -0.0494442 -0.603389 65.0677 
-0.620414 0.0544267 0.782384 149.032 -0.00628305 0.997212 -0.0743536 -10.5112 -0.784249 -0.0510458 -0.618342 64.2965 
-0.635639 0.0555669 0.769984 150.021 -0.00752827 0.996912 -0.0781583 -10.6148 -0.77195 -0.0554771 -0.633258 63.5192 
-0.651072 0.0549861 0.757022 150.995 -0.00982926 0.996678 -0.0808471 -10.7196 -0.758953 -0.0600782 -0.648368 62.7109 
-0.667155 0.0516885 0.743124 151.966 -0.0117029 0.996739 -0.0798355 -10.8266 -0.744827 -0.0619593 -0.664374 61.881 
-0.683973 0.0441503 0.72817 152.934 -0.0153911 0.997071 -0.0749114 -10.9322 -0.729345 -0.0624447 -0.681291 61.0282 
-0.701286 0.0415247 0.71167 153.879 -0.0166572 0.997075 -0.0745919 -11.0338 -0.712686 -0.0641647 -0.698543 60.1495 
-0.718883 0.0386066 0.694058 154.805 -0.0186704 0.997024 -0.0747971 -11.139 -0.694881 -0.0667286 -0.716022 59.2339 
-0.736596 0.0350465 0.675424 155.702 -0.0218817 0.996899 -0.0755908 -11.2369 -0.675979 -0.0704594 -0.733545 58.3075 
-0.753333 0.0330863 0.656807 156.566 -0.0214755 0.996963 -0.0748533 -11.3445 -0.657289 -0.0704947 -0.750334 57.3544 
-0.769498 0.0353335 0.637671 157.411 -0.0190453 0.996755 -0.0782129 -11.4532 -0.638365 -0.0723293 -0.766328 56.3771 
-0.78484 0.0343487 0.618746 158.232 -0.0164334 0.996958 -0.0761894 -11.5555 -0.61948 -0.0699646 -0.781888 55.3609 
-0.799593 0.0355222 0.59949 159.024 -0.0124133 0.997058 -0.0756365 -11.669 -0.600413 -0.0679201 -0.7968 54.3381 
-0.814313 0.0366778 0.579266 159.788 -0.0106318 0.996891 -0.0780667 -11.7797 -0.580329 -0.0697293 -0.811391 53.3048 
-0.828192 0.0382691 0.559137 160.528 -0.00967647 0.996541 -0.0825392 -11.8898 -0.560361 -0.0737688 -0.824956 52.2517 
-0.841526 0.0385295 0.53884 161.241 -0.00730975 0.99655 -0.0826738 -12.0002 -0.540167 -0.073511 -0.838341 51.1865 
-0.853452 0.0362864 0.519907 161.933 -0.00648528 0.996757 -0.0802136 -12.1109 -0.521132 -0.0718302 -0.850448 50.0986 
-0.864198 0.0378173 0.501729 162.592 -0.00391556 0.996636 -0.0818646 -12.2256 -0.503137 -0.0727117 -0.861142 48.9998 
-0.873862 0.0405011 0.484483 163.232 -0.00125818 0.996332 -0.0855592 -12.3371 -0.486172 -0.0753765 -0.870606 47.8903 
-0.883115 0.0382834 0.467592 163.863 -0.00292564 0.996196 -0.0870876 -12.4558 -0.469147 -0.0782763 -0.879644 46.7588 
-0.89148 0.035556 0.451663 164.475 -0.0041117 0.99624 -0.086542 -12.5799 -0.453042 -0.0790075 -0.887981 45.5982 
-0.898797 0.0334196 0.43709 165.075 -0.00511522 0.996222 -0.086689 -12.709 -0.438336 -0.0801516 -0.89523 44.4152 
-0.905853 0.0314121 0.422426 165.668 -0.00560294 0.996271 -0.0860988 -12.8354 -0.423556 -0.0803597 -0.902299 43.2446 
-0.912386 0.0285076 0.408337 166.223 -0.00703697 0.996332 -0.0852813 -12.9569 -0.409271 -0.0806829 -0.908839 42.0812 
-0.918198 0.0234632 0.395425 166.762 -0.00964586 0.996624 -0.0815345 -13.0764 -0.396003 -0.078679 -0.914872 40.8954 
-0.923484 0.0201484 0.383106 167.287 -0.0107471 0.996869 -0.0783337 -13.1912 -0.383485 -0.0764572 -0.920377 39.7024 
-0.927981 0.0202508 0.372076 167.782 -0.00827623 0.997156 -0.0749133 -13.3041 -0.372535 -0.0725975 -0.925174 38.5221 
-0.931102 0.0244836 0.363936 168.256 -0.00373922 0.997052 -0.0766427 -13.4104 -0.36474 -0.072723 -0.928265 37.3275 
-0.933346 0.0296039 0.357754 168.719 0.00155535 0.996918 -0.0784366 -13.5151 -0.358974 -0.0726521 -0.930516 36.1271 
-0.935263 0.032757 0.352434 169.18 0.004502 0.996729 -0.080694 -13.6284 -0.353925 -0.0738835 -0.932351 34.9298 
-0.937129 0.0300068 0.347691 169.646 0.00238061 0.996823 -0.0796124 -13.7381 -0.348975 -0.0737794 -0.934223 33.7312 
-0.939014 0.0225769 0.343138 170.114 -0.00385259 0.997089 -0.0761469 -13.8465 -0.343858 -0.0728249 -0.936193 32.5305 
-0.940977 0.0163301 0.338075 170.581 -0.00937143 0.997195 -0.0742514 -13.9566 -0.33834 -0.0730371 -0.938185 31.3265 
-0.942594 0.00999241 0.333791 171.041 -0.0161483 0.997019 -0.0754481 -14.0668 -0.33355 -0.0765071 -0.939623 30.1115 
-0.943879 0.00757925 0.330203 171.487 -0.0193756 0.996744 -0.0782636 -14.1731 -0.329721 -0.0802693 -0.94066 28.903 
-0.944688 0.00774334 0.327878 171.927 -0.0198267 0.996544 -0.0806599 -14.2833 -0.32737 -0.0826992 -0.94127 27.6986 
-0.944924 0.00842018 0.327181 172.364 -0.0197087 0.996391 -0.0825631 -14.3952 -0.326695 -0.0844642 -0.941348 26.4916 
-0.945004 0.0111667 0.326868 172.804 -0.0173712 0.996292 -0.0842577 -14.5121 -0.326597 -0.085302 -0.941306 25.2933 
-0.944619 0.0119456 0.32795 173.241 -0.0173063 0.996133 -0.0861329 -14.6296 -0.327711 -0.0870384 -0.94076 24.0827 
-0.944264 0.0123979 0.328955 173.681 -0.0176126 0.995956 -0.0880934 -14.7491 -0.328717 -0.0889772 -0.940228 22.8797 
-0.943584 0.0134597 0.330858 174.121 -0.0165719 0.996002 -0.0877803 -14.8703 -0.330717 -0.0883111 -0.939589 21.6696 
-0.942702 0.0129721 0.333382 174.563 -0.0175362 0.995936 -0.0883396 -14.9911 -0.333174 -0.0891242 -0.938644 20.4638 
-0.941364 0.0114473 0.337197 175.008 -0.0196175 0.995876 -0.0885754 -15.1107 -0.336821 -0.0899967 -0.937258 19.2817 
-0.939614 0.00998053 0.34209 175.458 -0.0208015 0.996061 -0.0861957 -15.2324 -0.341603 -0.0881067 -0.935705 18.0874 
-0.93752 0.00764588 0.347847 175.925 -0.0227938 0.996261 -0.0833326 -15.3538 -0.347184 -0.0860547 -0.93384 16.8933 
-0.934857 0.00560056 0.35498 176.39 -0.024655 0.996437 -0.0806512 -15.4667 -0.354167 -0.0841493 -0.931389 15.7049 
-0.93211 0.00773646 0.362092 176.857 -0.0228606 0.996521 -0.0801403 -15.5833 -0.361452 -0.0829772 -0.928691 14.5443 
-0.92874 0.00814839 0.370643 177.33 -0.023311 0.996497 -0.080319 -15.6911 -0.369999 -0.0832355 -0.925296 13.3995 
-0.924934 0.0110609 0.379968 177.817 -0.0220887 0.996324 -0.0827726 -15.7996 -0.379486 -0.0849521 -0.921289 12.249 
-0.920663 0.0123967 0.390161 178.32 -0.0211355 0.996446 -0.0815339 -15.9133 -0.389785 -0.0833115 -0.91713 11.1067 
-0.915607 0.0144293 0.401815 178.841 -0.0205942 0.996361 -0.0827072 -16.0292 -0.401546 -0.0840023 -0.911978 9.95908 
-0.909913 0.0162865 0.414479 179.384 -0.0203426 0.996274 -0.0838062 -16.142 -0.414299 -0.084688 -0.906192 8.81401 
-0.903673 0.0185499 0.42782 179.935 -0.0192344 0.996295 -0.0838269 -16.2558 -0.42779 -0.083981 -0.899968 7.66675 
-0.897317 0.0177518 0.44103 180.504 -0.0199185 0.996544 -0.0806378 -16.3762 -0.440937 -0.0811423 -0.893863 6.53661 
-0.89052 0.0205956 0.454477 181.09 -0.0181766 0.996566 -0.0807777 -16.4921 -0.45458 -0.080195 -0.887088 5.40603 
-0.883446 0.0230146 0.467968 181.694 -0.01634 0.996672 -0.0798635 -16.6003 -0.468248 -0.0782017 -0.88013 4.28605 
-0.875996 0.0246375 0.481688 182.307 -0.0145302 0.996893 -0.0774139 -16.7133 -0.482099 -0.0748133 -0.872916 3.1861 
-0.867965 0.0267982 0.495902 182.932 -0.011636 0.997171 -0.0742526 -16.8228 -0.496489 -0.070219 -0.865198 2.10003 
-0.859884 0.0296587 0.509627 183.576 -0.00870898 0.997313 -0.072735 -16.9274 -0.510415 -0.066982 -0.857315 1.03346 
-0.850721 0.0329163 0.524586 184.231 -0.00543345 0.997433 -0.0713977 -17.031 -0.525589 -0.0635898 -0.848359 -0.0193387 
-0.840596 0.0352143 0.540517 184.913 -0.00338656 0.997523 -0.0702546 -17.1299 -0.541652 -0.0608862 -0.838395 -1.04225 
-0.829402 0.0387192 0.557308 185.611 0.000112403 0.997607 -0.0691419 -17.2272 -0.558652 -0.0572838 -0.827422 -2.0756 
-0.818132 0.0409221 0.573572 186.327 0.00212295 0.997673 -0.0681519 -17.3268 -0.575026 -0.0545396 -0.816315 -3.07952 
-0.806219 0.0429554 0.590055 187.07 0.00310482 0.997654 -0.0683859 -17.4167 -0.591609 -0.053302 -0.804461 -4.07693 
-0.793432 0.045481 0.606957 187.815 0.00496644 0.997655 -0.0682648 -17.5112 -0.608638 -0.0511491 -0.791798 -5.04812 
-0.78007 0.0456531 0.624025 188.587 0.00578126 0.997818 -0.0657726 -17.6099 -0.625666 -0.0476996 -0.778631 -5.98746 
-0.764697 0.0472921 0.642652 189.378 0.0081807 0.997935 -0.0637027 -17.7054 -0.644338 -0.0434559 -0.763505 -6.91609 
-0.747929 0.0501497 0.661882 190.179 0.00996227 0.997878 -0.0643502 -17.7971 -0.663704 -0.0415355 -0.746841 -7.8158 
-0.730525 0.0533654 0.680797 191.006 0.0109045 0.997726 -0.0665074 -17.8842 -0.682798 -0.0411616 -0.729446 -8.69866 
-0.71302 0.0538353 0.699074 191.843 0.0100315 0.997729 -0.066603 -17.9768 -0.701072 -0.0404765 -0.71194 -9.53122 
-0.693828 0.054165 0.718101 192.714 0.00895247 0.997739 -0.0666077 -18.0626 -0.720085 -0.0397855 -0.692744 -10.3678 
-0.674409 0.0536409 0.736407 193.603 0.00677157 0.997765 -0.0664771 -18.1508 -0.738327 -0.0398462 -0.673265 -11.1543 
-0.654092 0.053733 0.754504 194.503 0.00461836 0.997739 -0.0670517 -18.2453 -0.756401 -0.0403734 -0.652861 -11.9188 
-0.633234 0.0534149 0.772115 195.4 0.00198666 0.997724 -0.0673933 -18.3304 -0.773958 -0.0411418 -0.631899 -12.6398 
-0.611609 0.0534039 0.789355 196.331 0.000834029 0.997762 -0.0668574 -18.4207 -0.79116 -0.0402323 -0.610285 -13.3557 
-0.588658 0.0532488 0.806627 197.281 0.000412487 0.997848 -0.0655711 -18.5086 -0.808382 -0.0382662 -0.587413 -14.0454 
-0.564515 0.0542861 0.823636 198.257 -0.000369365 0.997818 -0.0660198 -18.5892 -0.825423 -0.0375733 -0.563263 -14.705 
-0.538841 0.0576844 0.84043 199.255 0.000932435 0.997693 -0.0678806 -18.6702 -0.842407 -0.0357932 -0.537652 -15.3398 
-0.511697 0.0586328 0.857163 200.27 0.000894763 0.997704 -0.0677122 -18.7548 -0.859165 -0.0338812 -0.510575 -15.9456 
-0.484067 0.0572301 0.873157 201.298 -2.57534e-05 0.997858 -0.0654178 -18.8485 -0.875031 -0.0316891 -0.483029 -16.5106 
-0.455965 0.0554008 0.888272 202.34 -0.00167885 0.998005 -0.0631067 -18.9323 -0.889996 -0.0302657 -0.454962 -17.0388 
-0.42647 0.056554 0.902732 203.383 -0.00232206 0.997972 -0.0636176 -19.0171 -0.904499 -0.0292272 -0.425474 -17.519 
-0.395502 0.0592517 0.916552 204.449 -0.00263152 0.99784 -0.0656423 -19.094 -0.918461 -0.0283736 -0.394492 -17.9722 
-0.363687 0.0611509 0.929512 205.55 -0.00146322 0.997804 -0.0662164 -19.1743 -0.93152 -0.0254421 -0.362799 -18.3973 
-0.331474 0.0615611 0.941454 206.642 0.000179068 0.997873 -0.0651873 -19.2616 -0.943464 -0.0214393 -0.33078 -18.7852 
-0.298937 0.0617405 0.952273 207.756 -0.00090927 0.997886 -0.0649833 -19.3415 -0.954272 -0.0202918 -0.298249 -19.1219 
-0.265284 0.0603808 0.962278 208.872 0.000429279 0.998044 -0.0625068 -19.4326 -0.96417 -0.016169 -0.264791 -19.425 
-0.230374 0.0592732 0.971295 210.058 -0.00100442 0.998128 -0.0611489 -19.5009 -0.973102 -0.0150627 -0.229883 -19.7104 
-0.195985 0.0581647 0.97888 211.197 -0.000499491 0.998233 -0.0594148 -19.5802 -0.980607 -0.0121333 -0.19561 -19.9302 
-0.161133 0.0579115 0.985232 212.346 -0.000395281 0.998273 -0.0587427 -19.663 -0.986933 -0.0098548 -0.160831 -20.1155 
-0.12571 0.0576182 0.990392 213.489 -0.000360721 0.998309 -0.0581246 -19.7401 -0.992067 -0.0076641 -0.125477 -20.2591 
-0.0899617 0.0571885 0.994302 214.658 0.000381619 0.998352 -0.057387 -19.8206 -0.995945 -0.00478318 -0.0898353 -20.3638 
-0.0549052 0.0577721 0.996819 215.799 -0.00106745 0.998321 -0.057918 -19.8948 -0.998491 -0.00424405 -0.0547514 -20.418 
-0.0205115 0.057538 0.998132 216.956 -0.00235324 0.998337 -0.0575983 -19.9673 -0.999787 -0.00353026 -0.0203419 -20.4347 
0.0129512 0.0567653 0.998303 218.111 -0.00379187 0.998383 -0.0567207 -20.0444 -0.999909 -0.00305084 0.0131455 -20.4117 
0.045691 0.0570166 0.997327 219.248 -0.00495305 0.99837 -0.0568494 -20.1219 -0.998943 -0.0023423 0.045899 -20.3478 
0.0784139 0.0566248 0.995311 220.398 -0.00391222 0.998395 -0.0564921 -20.1947 -0.996913 0.000535894 0.0785097 -20.2511 
0.110258 0.0544534 0.99241 221.543 -0.00320228 0.998512 -0.0544326 -20.2706 -0.993898 0.00282362 0.110268 -20.1185 
0.141491 0.0531684 0.988511 222.696 -0.00183172 0.998569 -0.0534473 -20.3436 -0.989938 0.00575165 0.141386 -19.9529 
0.171688 0.0530724 0.983721 223.823 -0.000460089 0.998552 -0.0537924 -20.4165 -0.985151 0.0087829 0.171464 -19.7518 
0.202053 0.0524848 0.977967 224.96 0.00153389 0.998545 -0.0539062 -20.4892 -0.979373 0.012392 0.201679 -19.5162 
0.232486 0.0515787 0.971231 226.095 0.00415752 0.998531 -0.0540238 -20.5572 -0.972591 0.0165977 0.23193 -19.2446 
0.262325 0.0500862 0.963679 227.223 0.00642851 0.998539 -0.0536481 -20.6267 -0.964958 0.0202683 0.26162 -18.9305 
0.292686 0.048644 0.954971 228.355 0.00844801 0.998535 -0.0534523 -20.6967 -0.956171 0.0237123 0.291846 -18.589 
0.322529 0.0481463 0.945334 229.473 0.0108877 0.998451 -0.0545663 -20.7684 -0.946497 0.0278917 0.321505 -18.2132 
0.351286 0.0476494 0.935055 230.571 0.0114364 0.998411 -0.0551746 -20.8391 -0.936198 0.0300757 0.350183 -17.8024 
0.379346 0.0457681 0.924122 231.667 0.0120265 0.998447 -0.0543861 -20.9129 -0.925177 0.0317451 0.378206 -17.3471 
0.407709 0.0450002 0.912002 232.752 0.0119895 0.998435 -0.0546249 -20.9855 -0.913033 0.0332055 0.406531 -16.8654 
0.435818 0.0461705 0.89885 233.795 0.0130599 0.998254 -0.0576088 -21.0575 -0.89994 0.0368458 0.434454 -16.3512 
0.4638 0.0473296 0.884675 234.842 0.014123 0.99805 -0.0607994 -21.1344 -0.885827 0.040693 0.462227 -15.7981 
0.491403 0.0457779 0.869728 235.878 0.015277 0.998011 -0.0611617 -21.214 -0.870798 0.0433419 0.489726 -15.2303 
0.518169 0.0432353 0.854184 236.896 0.0158347 0.998065 -0.0601238 -21.297 -0.855131 0.0446801 0.516482 -14.6135 
0.543111 0.0408884 0.838665 237.886 0.0153285 0.998164 -0.0585914 -21.3832 -0.839521 0.0446771 0.541487 -13.9656 
0.566278 0.040902 0.823199 238.873 0.0138807 0.998153 -0.0591436 -21.468 -0.824097 0.0449182 0.564664 -13.2829 
0.586936 0.040783 0.808605 239.825 0.012613 0.998149 -0.0594983 -21.5483 -0.809535 0.0451206 0.585335 -12.5739 
0.606679 0.0394842 0.793966 240.787 0.0117908 0.998209 -0.0586509 -21.6286 -0.794859 0.0449437 0.605127 -11.8336 
0.625005 0.0368354 0.779751 241.734 0.0116858 0.998333 -0.0565279 -21.7094 -0.780533 0.0444422 0.623532 -11.0696 
0.642471 0.0332287 0.765589 242.678 0.0132378 0.998429 -0.0544437 -21.7906 -0.766196 0.0451132 0.641021 -10.2815 
0.659008 0.0307432 0.751508 243.62 0.0143463 0.998469 -0.0534266 -21.8616 -0.751999 0.0459899 0.657557 -9.46261 
0.674545 0.028432 0.737686 244.523 0.0160543 0.998457 -0.053163 -21.9368 -0.738059 0.0477038 0.673048 -8.62931 
0.689681 0.0280398 0.72357 245.401 0.0155688 0.998445 -0.0535316 -22.0112 -0.723945 0.0481848 0.688172 -7.78205 
0.704656 0.0266312 0.709049 246.271 0.0162576 0.998427 -0.053657 -22.0827 -0.709363 0.0493371 0.703115 -6.90712 
0.718968 0.0244359 0.694613 247.107 0.0157567 0.998552 -0.0514376 -22.1546 -0.694864 0.0479268 0.717542 -6.01641 
0.733108 0.0216979 0.679765 247.945 0.0162998 0.998643 -0.0494554 -22.2261 -0.679916 0.0473362 0.73176 -5.09574 
0.746881 0.0198066 0.664663 248.761 0.0167711 0.998677 -0.0486058 -22.3015 -0.664747 0.0474498 0.74556 -4.16344 
0.760334 0.0194341 0.649242 249.559 0.0175235 0.998575 -0.050413 -22.3708 -0.649296 0.0497076 0.75891 -3.21746 
0.772562 0.0187003 0.634664 250.341 0.0179926 0.99852 -0.0513233 -22.4385 -0.634684 0.0510697 0.771082 -2.24673 
0.784009 0.0179177 0.620491 251.11 0.0174924 0.998549 -0.050937 -22.5104 -0.620503 0.0507889 0.782557 -1.25471 
0.794706 0.0154825 0.606797 251.861 0.0178973 0.998642 -0.0489203 -22.5797 -0.60673 0.0497373 0.79335 -0.243195 
0.804808 0.0129214 0.593395 252.594 0.0192839 0.998666 -0.0479007 -22.652 -0.593222 0.0499938 0.803485 0.788534 
0.814546 0.0127306 0.579959 253.315 0.0189894 0.998638 -0.0485916 -22.7196 -0.579788 0.0505931 0.813195 1.82614 
0.823432 0.0104171 0.567319 254.024 0.0225347 0.998442 -0.0510414 -22.7857 -0.566967 0.0548134 0.821915 2.87452 
0.831588 0.00846541 0.555329 254.718 0.0234141 0.99846 -0.0502826 -22.8542 -0.554899 0.0548169 0.830109 3.94029 
0.839245 0.00499985 0.543731 255.413 0.0263033 0.998414 -0.04978 -22.9253 -0.543117 0.0560794 0.837782 5.02362 
0.845991 0.00361934 0.533185 256.094 0.0272936 0.998372 -0.0500833 -22.9936 -0.532498 0.0569225 0.844515 6.13018 
0.85134 0.00249867 0.524608 256.766 0.0275861 0.998392 -0.0495226 -23.0674 -0.523888 0.0566324 0.849902 7.24455 
0.855265 0.00162208 0.518189 257.436 0.027081 0.998489 -0.0478227 -23.1398 -0.517483 0.0549341 0.853928 8.37425 
0.858056 0.000426992 0.513556 258.097 0.0273622 0.998541 -0.0465475 -23.2119 -0.512827 0.0539923 0.856792 9.50746 
0.860473 -2.65461e-05 0.509496 258.75 0.0274407 0.998551 -0.0462919 -23.2823 -0.508756 0.0538138 0.859227 10.6451 
0.862833 -0.00137954 0.505488 259.406 0.0283985 0.998549 -0.0457494 -23.351 -0.504691 0.0538291 0.86162 11.7837 
0.865037 -0.00372193 0.501694 260.063 0.0296734 0.998601 -0.0437558 -23.4186 -0.500829 0.0527373 0.863938 12.9418 
0.867213 -0.00620667 0.497899 260.755 0.0319643 0.998554 -0.0432262 -23.4874 -0.496911 0.0534012 0.866157 14.1321 
0.869563 -0.00752907 0.493765 261.412 0.0333126 0.9985 -0.0434412 -23.5558 -0.492697 0.0542234 0.86851 15.2995 
0.871668 -0.00928646 0.490009 262.059 0.0347826 0.998471 -0.0429517 -23.6186 -0.488861 0.0544834 0.870658 16.4729 
0.873747 -0.00879035 0.4863 262.695 0.0339047 0.998505 -0.0428686 -23.6856 -0.485197 0.0539441 0.872739 17.6453 
0.875747 -0.0091995 0.482682 263.336 0.0338932 0.998523 -0.0424628 -23.7579 -0.481579 0.0535462 0.874766 18.8297 
0.877727 -0.00898593 0.479076 263.968 0.0332985 0.998551 -0.0422776 -23.8265 -0.478002 0.0530607 0.876754 20.0159 
