1 -4.23778e-08 4.22719e-08 0 -4.23778e-08 1 -4.19404e-08 0 4.22719e-08 -4.19404e-08 1 0 
0.999996 -0.00238361 -0.0014187 -0.02225 0.0023878 0.999992 0.00302194 -0.0212376 0.00141157 -0.0030254 0.999994 1.48802 
0.99999 -0.00318258 -0.00296833 -0.0475735 0.003194 0.999987 0.00387848 -0.0386299 0.00295604 -0.003888 0.999988 2.98455 
0.999989 -0.00179179 -0.00437693 -0.0810501 0.00180791 0.999991 0.00370199 -0.0572855 0.00437034 -0.00370994 0.999983 4.48459 
0.999981 -0.00154812 -0.00601729 -0.109618 0.00157033 0.999992 0.00370205 -0.0776094 0.00601159 -0.00371152 0.999975 6.01931 
0.999973 -0.00151719 -0.0072052 -0.145271 0.00154513 0.999991 0.00388565 -0.0920375 0.00719933 -0.00389677 0.999966 7.53025 
0.999957 -0.00190534 -0.00904065 -0.179019 0.00194512 0.999988 0.00440253 -0.111401 0.00903224 -0.00442001 0.999949 9.04478 
0.999934 -0.00384985 -0.0108307 -0.208951 0.00389056 0.999985 0.00374763 -0.128944 0.0108162 -0.0037896 0.999934 10.5493 
0.999909 -0.00534034 -0.0123813 -0.242129 0.00539054 0.999977 0.00403131 -0.142017 0.0123596 -0.00409777 0.999915 12.0705 
0.999894 -0.0050801 -0.0136681 -0.279914 0.00513437 0.999979 0.00394485 -0.156878 0.0136478 -0.00401469 0.999899 13.5801 
0.999879 -0.00482288 -0.0147812 -0.31978 0.00488173 0.99998 0.00395351 -0.170742 0.0147619 -0.00402527 0.999883 15.071 
0.999873 -0.00343524 -0.0155364 -0.36194 0.00350574 0.999984 0.00451815 -0.18642 0.0155207 -0.00457213 0.999869 16.5759 
0.999868 -0.00134605 -0.0161904 -0.406375 0.00142901 0.999986 0.00511874 -0.195164 0.0161834 -0.00514128 0.999856 18.0666 
0.999858 -0.000589992 -0.0168437 -0.459314 0.000691913 0.999981 0.00605074 -0.214643 0.0168399 -0.00606162 0.99984 19.5302 
0.999847 -0.0010517 -0.0174412 -0.497542 0.00115931 0.99998 0.00616573 -0.232289 0.0174345 -0.00618509 0.999829 20.9602 
0.999834 -0.000447745 -0.0182229 -0.540208 0.000562278 0.99998 0.00628507 -0.242346 0.0182198 -0.00629436 0.999814 22.4345 
0.999831 0.000307264 -0.018391 -0.582711 -0.000184934 0.999978 0.00665751 -0.248952 0.0183927 -0.00665307 0.999809 23.9127 
0.999829 0.00106911 -0.018466 -0.625819 -0.000922584 0.999968 0.00794614 -0.262548 0.018474 -0.00792783 0.999798 25.3699 
0.999831 0.00146986 -0.0183268 -0.677731 -0.00134902 0.999977 0.00660916 -0.27902 0.0183362 -0.00658341 0.99981 26.8213 
0.999829 0.0017718 -0.0184251 -0.723039 -0.00168556 0.999987 0.00469937 -0.292264 0.0184333 -0.00466759 0.999819 28.2596 
0.999836 -0.000126281 -0.0181281 -0.769526 0.000208168 0.99999 0.00451995 -0.307131 0.0181274 -0.00452307 0.999825 29.6849 
0.999834 -0.0010751 -0.0181566 -0.811326 0.00120717 0.999973 0.0072693 -0.32167 0.0181484 -0.0072901 0.999809 31.1056 
0.999827 -0.00283618 -0.0183629 -0.847188 0.0029903 0.99996 0.00837565 -0.331619 0.0183385 -0.0084292 0.999796 32.5159 
0.999824 -0.00367352 -0.0184098 -0.882828 0.00381612 0.999963 0.00772129 -0.338789 0.0183808 -0.00779026 0.999801 33.9303 
0.999828 -0.0038993 -0.0181034 -0.923604 0.00400778 0.999974 0.00596421 -0.350576 0.0180797 -0.00603583 0.999818 35.3323 
0.999837 -0.00344204 -0.0177137 -0.966202 0.00353562 0.99998 0.00525869 -0.365584 0.0176953 -0.00532055 0.999829 36.7022 
0.999852 -0.0028574 -0.0169512 -1.00995 0.00293167 0.999986 0.00436334 -0.380272 0.0169386 -0.00441247 0.999847 38.0643 
0.999875 -0.00220278 -0.0156361 -1.05323 0.00228655 0.999983 0.00534672 -0.394624 0.0156241 -0.00538189 0.999863 39.4144 
0.999897 -0.00158695 -0.0142424 -1.09255 0.00169406 0.99997 0.00751736 -0.41013 0.0142302 -0.0075408 0.99987 40.7537 
0.999917 -0.00230508 -0.0126477 -1.12828 0.00241269 0.999961 0.00850644 -0.422457 0.0126276 -0.00853633 0.999884 42.0681 
0.999945 -0.00188514 -0.010289 -1.16292 0.00197979 0.999956 0.00920492 -0.435597 0.0102713 -0.00922487 0.999905 43.3679 
0.999973 -0.00209951 -0.00700286 -1.18986 0.00215922 0.999961 0.00854166 -0.445788 0.00698474 -0.00855664 0.999939 44.6185 
0.99999 -0.00269655 -0.00351459 -1.21162 0.00272024 0.999973 0.00677474 -0.458401 0.00349631 -0.00678431 0.999971 45.8523 
0.999995 -0.00305593 2.7685e-05 -1.23661 0.00305566 0.999982 0.00520176 -0.474343 -4.34961e-05 -0.00520174 0.999986 47.0894 
0.999987 -0.00288955 0.00416738 -1.24456 0.00286552 0.999979 0.00574016 -0.484479 -0.00418379 -0.00572823 0.999975 48.3422 
0.999951 -0.00258521 0.00954887 -1.25106 0.00253158 0.999981 0.00561496 -0.499462 -0.00956312 -0.00559059 0.999939 49.5551 
0.999872 -0.000792016 0.0160049 -1.25876 0.000716273 0.999988 0.00473239 -0.513312 -0.0160083 -0.00472041 0.999861 50.7673 
0.999729 0.000670437 0.0232672 -1.249 -0.000778505 0.999989 0.00463222 -0.523881 -0.0232637 -0.00464916 0.999718 51.9677 
0.999499 0.0016091 0.0315916 -1.22953 -0.00178847 0.999982 0.00564744 -0.538106 -0.0315819 -0.0057012 0.999485 53.1811 
0.99911 0.00395086 0.0419835 -1.20136 -0.00421946 0.999971 0.00630902 -0.551939 -0.0419573 -0.00648063 0.999098 54.3471 
0.998478 0.0063924 0.0547811 -1.15871 -0.0067444 0.999958 0.00624146 -0.563245 -0.0547388 -0.00660151 0.998479 55.5105 
0.997552 0.00840846 0.069424 -1.09898 -0.00890148 0.999937 0.00679398 -0.575689 -0.0693625 -0.0073954 0.997564 56.6547 
0.996276 0.0105276 0.0855747 -1.01871 -0.0112472 0.999905 0.00793063 -0.586247 -0.085483 -0.00886365 0.9963 57.7952 
0.994611 0.0106055 0.10313 -0.917072 -0.0115703 0.999895 0.00876092 -0.596878 -0.103026 -0.00990703 0.994629 58.9204 
0.992472 0.0100926 0.122051 -0.79695 -0.011141 0.999907 0.00790974 -0.606467 -0.121959 -0.00921005 0.992492 60.0221 
0.989802 0.00904144 0.142162 -0.659377 -0.0101378 0.999924 0.00698866 -0.614703 -0.142088 -0.00835868 0.989819 61.1061 
0.986599 0.00628679 0.163045 -0.494278 -0.00750175 0.999948 0.00683651 -0.624872 -0.162993 -0.00796809 0.986595 62.1718 
0.982855 0.00121561 0.184378 -0.299628 -0.00293292 0.999955 0.00904115 -0.632839 -0.184359 -0.00942698 0.982814 63.2405 
0.978196 -0.00420776 0.207639 -0.0848001 0.00205647 0.999942 0.0105751 -0.640747 -0.207671 -0.00991756 0.978148 64.2863 
0.972827 -0.00925736 0.231348 0.1525 0.00711114 0.999924 0.0101088 -0.649815 -0.231424 -0.00818904 0.972819 65.3056 
0.966458 -0.0153309 0.256367 0.414691 0.0135968 0.999871 0.00853502 -0.658651 -0.256464 -0.00476306 0.966542 66.3013 
0.959066 -0.0188367 0.282555 0.69836 0.0169339 0.999814 0.00917459 -0.663631 -0.282675 -0.00401434 0.959207 67.28 
0.950632 -0.0214895 0.309577 1.00531 0.0188168 0.999755 0.0116169 -0.670773 -0.309751 -0.00521827 0.950803 68.2387 
0.94118 -0.0260868 0.336898 1.34051 0.0224525 0.99964 0.0146797 -0.676824 -0.33716 -0.00625209 0.941427 69.1718 
0.930365 -0.0291025 0.365477 1.69901 0.025585 0.999568 0.0144644 -0.682028 -0.365739 -0.00410649 0.930708 70.0943 
0.918446 -0.028344 0.394529 2.07782 0.0262659 0.999598 0.0106678 -0.686327 -0.394673 0.000564805 0.918822 70.9924 
0.905492 -0.0294542 0.423339 2.48125 0.0299676 0.999536 0.00544488 -0.689401 -0.423303 0.00775608 0.905955 71.8662 
0.891397 -0.0312423 0.452146 2.90507 0.0333921 0.999437 0.00322678 -0.696142 -0.451992 0.0122217 0.891938 72.7191 
0.875894 -0.0317299 0.481459 3.36483 0.0326777 0.999445 0.00641798 -0.701777 -0.481395 0.0101114 0.876445 73.5651 
0.858302 -0.0306527 0.512229 3.84363 0.0284029 0.999522 0.0122206 -0.710562 -0.512359 0.0040598 0.858762 74.3908 
0.838744 -0.0307387 0.543658 4.34979 0.0262344 0.999527 0.0160397 -0.717735 -0.543894 0.000809263 0.839153 75.2002 
0.817839 -0.0243422 0.574931 4.87869 0.0219792 0.999697 0.0110609 -0.718189 -0.575027 0.00359043 0.818127 75.976 
0.795979 -0.0173289 0.605076 5.42913 0.0187598 0.999816 0.00395529 -0.720784 -0.605034 0.00820271 0.796158 76.7218 
0.773652 -0.0150665 0.633432 6.01075 0.0178346 0.999839 0.00199894 -0.724876 -0.63336 0.00975049 0.773796 77.4464 
0.750597 -0.0174842 0.660529 6.61863 0.0187651 0.999811 0.00514098 -0.731715 -0.660494 0.00853605 0.750783 78.1383 
0.726246 -0.0175949 0.68721 7.24103 0.0186639 0.999808 0.00587427 -0.743978 -0.687182 0.0085598 0.726435 78.8067 
0.701217 -0.0156408 0.712776 7.88121 0.0192127 0.999811 0.00303815 -0.751522 -0.712689 0.0115639 0.701385 79.4404 
0.675221 -0.0132518 0.737497 8.54065 0.0189967 0.999819 0.000572611 -0.759378 -0.737371 0.0136233 0.675351 80.0484 
0.648398 -0.0108704 0.761224 9.2141 0.0172335 0.999851 -0.000401346 -0.768831 -0.761106 0.0133788 0.648489 80.635 
0.620491 -0.00963194 0.784155 9.91722 0.0172017 0.999851 -0.00133023 -0.783671 -0.784025 0.0143142 0.620564 81.2009 
0.591966 -0.00284553 0.805958 10.6399 0.0154454 0.99985 -0.00781452 -0.797015 -0.805814 0.0170743 0.591922 81.7412 
0.562149 0.00638326 0.827012 11.3772 0.0142297 0.999747 -0.017389 -0.815009 -0.826914 0.0215433 0.561916 82.2546 
0.531427 0.0147212 0.846976 12.1444 0.0130594 0.999588 -0.0255679 -0.837226 -0.847003 0.0246485 0.531016 82.7441 
0.499979 0.0197317 0.865813 12.9364 0.0105274 0.999528 -0.0288584 -0.863151 -0.865974 0.0235433 0.499535 83.2092 
0.467581 0.0192894 0.883739 13.7488 0.00827938 0.999622 -0.0261995 -0.89654 -0.883911 0.0195672 0.467245 83.6516 
0.434649 0.0180743 0.900418 14.5809 0.00349148 0.999757 -0.0217539 -0.928935 -0.900593 0.0125991 0.43448 84.0646 
0.400346 0.0193619 0.916159 15.4289 -0.000793309 0.999784 -0.0207827 -0.959206 -0.916364 0.00759344 0.400275 84.4529 
0.365474 0.0224295 0.930551 16.2966 -0.0079419 0.999748 -0.0209784 -0.987169 -0.930787 0.000276682 0.36556 84.8108 
0.329773 0.0244531 0.943743 17.1792 -0.0131563 0.999686 -0.0213055 -1.01286 -0.943968 -0.00539024 0.329991 85.1385 
0.293897 0.0239066 0.955538 18.0829 -0.0158826 0.999671 -0.0201258 -1.03969 -0.955705 -0.00926158 0.29418 85.4299 
0.257761 0.0233815 0.965926 18.9968 -0.0165906 0.999667 -0.0197711 -1.06859 -0.966066 -0.0109291 0.258063 85.6854 
0.221723 0.0228239 0.974843 19.9252 -0.0163264 0.999673 -0.0196919 -1.09776 -0.974973 -0.0115496 0.222023 85.9089 
0.186575 0.0216988 0.982201 20.8741 -0.0141508 0.999712 -0.0193977 -1.1199 -0.982339 -0.0102798 0.186829 86.0917 
0.152259 0.0206725 0.988124 21.8338 -0.00592276 0.999782 -0.0200039 -1.14735 -0.988323 -0.00280665 0.152348 86.2367 
0.118507 0.0241377 0.99266 22.7986 -0.0036438 0.999708 -0.0238742 -1.17717 -0.992946 -0.000787793 0.118561 86.3571 
0.0861766 0.029105 0.995855 23.7575 -0.00255896 0.999576 -0.0289924 -1.20881 -0.996277 -4.98888e-05 0.0862145 86.4451 
0.0571073 0.0327164 0.997832 24.7245 0.0043428 0.999445 -0.033018 -1.24494 -0.998359 0.00621895 0.0569335 86.4995 
0.0314787 0.0308682 0.999028 25.695 0.00600309 0.999499 -0.031072 -1.28241 -0.999486 0.00697537 0.0312777 86.5396 
0.00916969 0.0276378 0.999576 26.6799 0.00753558 0.999588 -0.0277074 -1.32216 -0.999929 0.00778646 0.00895765 86.5566 
-0.00980198 0.0252121 0.999634 27.6662 0.00783263 0.999653 -0.0251358 -1.3569 -0.999921 0.00758339 -0.00999605 86.5582 
-0.026407 0.0284896 0.999245 28.6583 0.00918113 0.999558 -0.0282559 -1.39127 -0.999609 0.00842805 -0.0266569 86.5374 
-0.0410113 0.0329409 0.998615 29.6421 0.0120738 0.9994 -0.032471 -1.42683 -0.999086 0.0107255 -0.0413844 86.5024 
-0.0530289 0.0379256 0.997872 30.6252 0.0166794 0.999173 -0.0370888 -1.46895 -0.998454 0.0146771 -0.0536176 86.4542 
-0.0615444 0.0413783 0.997246 31.6284 0.0223253 0.998947 -0.0400712 -1.51291 -0.997855 0.0197977 -0.0624034 86.3895 
-0.0673721 0.0468114 0.996629 32.6261 0.0258703 0.998645 -0.0451573 -1.5609 -0.997392 0.0227408 -0.0684919 86.3247 
-0.0710012 0.0515544 0.996143 33.6259 0.0278003 0.998378 -0.0496886 -1.61458 -0.997089 0.0241651 -0.0723192 86.2615 
-0.0737864 0.0554131 0.995733 34.6261 0.0298719 0.99813 -0.0533329 -1.67537 -0.996826 0.0258092 -0.0753037 86.1914 
-0.0763299 0.0583483 0.995374 35.6356 0.0300835 0.997966 -0.0561934 -1.73689 -0.996629 0.0256551 -0.07793 86.1192 
-0.0786592 0.0616474 0.994994 36.6417 0.0312611 0.997748 -0.0593468 -1.80637 -0.996411 0.0264364 -0.0804092 86.047 
-0.0804688 0.0653694 0.994611 37.6544 0.0325086 0.997488 -0.0629285 -1.87304 -0.996227 0.0272697 -0.0823917 85.9732 
-0.0826756 0.066765 0.994337 38.6675 0.0352358 0.997325 -0.0640359 -1.94543 -0.995953 0.029742 -0.084807 85.8948 
-0.0845288 0.0654653 0.994268 39.6868 0.035624 0.9974 -0.0626429 -2.01907 -0.995784 0.0301247 -0.0866412 85.8129 
-0.0865908 0.0652453 0.994105 40.7187 0.0348826 0.99744 -0.0624258 -2.08609 -0.995633 0.0292715 -0.088645 85.7249 
-0.0886199 0.0666735 0.993831 41.7581 0.0348412 0.997354 -0.0638031 -2.15522 -0.995456 0.028972 -0.0907084 85.6328 
-0.0910392 0.0689625 0.993457 42.7954 0.0336906 0.997241 -0.0661379 -2.2243 -0.995277 0.0274491 -0.0931114 85.5445 
-0.0937152 0.0711387 0.993054 43.8251 0.0320227 0.997143 -0.0684097 -2.30276 -0.995084 0.0253892 -0.0957255 85.4628 
-0.096221 0.0747613 0.992548 44.8659 0.0297922 0.996945 -0.0722044 -2.38152 -0.994914 0.0226226 -0.0981543 85.3777 
-0.0986744 0.0789559 0.991982 45.9021 0.0262919 0.996706 -0.0767167 -2.46452 -0.994772 0.0185111 -0.100425 85.2941 
-0.101188 0.0814159 0.99153 46.9409 0.0241739 0.996553 -0.0793614 -2.54917 -0.994574 0.0159388 -0.102807 85.1998 
-0.103987 0.0801301 0.991345 47.9872 0.0220834 0.996689 -0.0782457 -2.63312 -0.994333 0.0137557 -0.105412 85.1037 
-0.10679 0.0757501 0.991392 49.0331 0.019163 0.997065 -0.0741195 -2.72327 -0.994097 0.0110828 -0.107929 85.0095 
-0.109334 0.0742219 0.99123 50.0849 0.0190626 0.997181 -0.072565 -2.80452 -0.993822 0.0109616 -0.11044 84.9106 
-0.111386 0.074675 0.990968 51.1237 0.0183517 0.997157 -0.0730788 -2.88728 -0.993608 0.010046 -0.112439 84.815 
-0.112667 0.077479 0.990607 52.1746 0.0198665 0.996932 -0.0757142 -2.97174 -0.993434 0.0111495 -0.113861 84.7107 
-0.1134 0.0802514 0.990303 53.241 0.0200048 0.996715 -0.0784803 -3.0568 -0.993348 0.0109112 -0.114633 84.5982 
-0.113622 0.0808018 0.990233 54.2957 0.0187711 0.996684 -0.0791745 -3.14714 -0.993347 0.00959176 -0.114762 84.4906 
-0.113564 0.0797127 0.990328 55.3632 0.0158303 0.996795 -0.078418 -3.23581 -0.993404 0.00677178 -0.114462 84.388 
-0.11362 0.0791213 0.990369 56.4368 0.0119271 0.996861 -0.0782716 -3.32704 -0.993453 0.00291897 -0.114207 84.2817 
-0.113513 0.0802123 0.990293 57.507 0.00797156 0.996777 -0.0798238 -3.41871 -0.993504 -0.00116688 -0.113787 84.1761 
-0.113779 0.0804912 0.99024 58.5899 0.00405983 0.996742 -0.0805533 -3.51042 -0.993498 -0.00514508 -0.113735 84.0726 
-0.114055 0.0798152 0.990263 59.6766 0.00060096 0.996773 -0.0802708 -3.60753 -0.993474 -0.00856019 -0.113735 83.9668 
-0.114427 0.0748057 0.990611 60.771 0.00103457 0.997169 -0.0751815 -3.69433 -0.993431 -0.0075779 -0.11418 83.8632 
-0.114562 0.0658942 0.991228 61.884 0.00434653 0.997821 -0.0658303 -3.7836 -0.993406 -0.00323327 -0.114599 83.7452 
-0.114296 0.0605177 0.991602 62.9939 0.00994454 0.998162 -0.0597719 -3.86396 -0.993397 0.00302933 -0.114688 83.6229 
-0.11356 0.0629536 0.991535 64.0958 0.0180896 0.997956 -0.0612896 -3.93504 -0.993366 0.0109764 -0.114467 83.4976 
-0.11233 0.06851 0.991306 65.2067 0.0236767 0.997522 -0.0662567 -4.00866 -0.993389 0.0160282 -0.113674 83.3682 
-0.111286 0.074151 0.991018 66.3142 0.0272624 0.997065 -0.0715421 -4.08929 -0.993414 0.0190559 -0.112981 83.2457 
-0.11031 0.0785214 0.990791 67.4285 0.0283232 0.996718 -0.0758378 -4.17606 -0.993494 0.0196967 -0.112172 83.1194 
-0.110175 0.0758012 0.991017 68.5492 0.0251543 0.996981 -0.073461 -4.26175 -0.993594 0.0168348 -0.111749 83.0149 
-0.109744 0.0710475 0.991417 69.69 0.0243318 0.997335 -0.0687783 -4.35389 -0.993662 0.016575 -0.111181 82.8962 
-0.109657 0.0689526 0.991575 70.8287 0.0219919 0.997515 -0.0669337 -4.4365 -0.993726 0.0144669 -0.110901 82.7872 
-0.109492 0.0699126 0.991526 71.9598 0.020299 0.997473 -0.0680904 -4.51572 -0.99378 0.0126716 -0.110634 82.6772 
-0.109314 0.0749614 0.991177 73.1018 0.0213011 0.9971 -0.0730602 -4.60208 -0.993779 0.0131266 -0.110594 82.5676 
-0.108404 0.0776338 0.991071 74.2506 0.020989 0.996902 -0.0757949 -4.68872 -0.993885 0.0125851 -0.109698 82.4497 
-0.107964 0.0766587 0.991195 75.3972 0.0211145 0.996974 -0.074806 -4.77703 -0.993931 0.0128522 -0.109256 82.3358 
-0.107104 0.0696851 0.991803 76.5655 0.0230165 0.997447 -0.0675962 -4.8706 -0.993981 0.0155881 -0.108434 82.2197 
-0.107479 0.068239 0.991863 77.7294 0.0222257 0.997557 -0.0662224 -4.9562 -0.993959 0.0149273 -0.108733 82.1032 
-0.106967 0.0712731 0.991705 78.8792 0.0197801 0.997382 -0.0695477 -5.041 -0.994066 0.0121767 -0.108097 81.9975 
-0.106633 0.0742882 0.991519 80.0513 0.0194407 0.99717 -0.0726209 -5.12767 -0.994108 0.0115321 -0.107776 81.8842 
-0.106641 0.07377 0.991557 81.2274 0.0185052 0.997218 -0.072201 -5.21915 -0.994125 0.0106494 -0.10771 81.7727 
-0.106376 0.0702615 0.99184 82.4026 0.0180914 0.997472 -0.0687202 -5.30859 -0.994161 0.0106336 -0.107378 81.6619 
-0.105489 0.0689759 0.992025 83.5923 0.0188701 0.997551 -0.0673535 -5.39873 -0.994241 0.0116146 -0.106532 81.5502 
-0.104286 0.069393 0.992123 84.7835 0.0205244 0.9975 -0.0676118 -5.48676 -0.994335 0.0133117 -0.10545 81.4372 
-0.103288 0.0694495 0.992224 85.9791 0.0230309 0.997459 -0.0674186 -5.57373 -0.994385 0.0158883 -0.104625 81.3216 
-0.102016 0.0689024 0.992394 87.1749 0.0228055 0.997498 -0.0669125 -5.66167 -0.994521 0.0158059 -0.103332 81.21 
-0.100601 0.0694387 0.992501 88.3803 0.0240225 0.99744 -0.0673494 -5.75123 -0.994637 0.017067 -0.102011 81.0998 
-0.0998258 0.0675518 0.992709 89.5974 0.0241911 0.997563 -0.0654495 -5.84107 -0.994711 0.0174812 -0.101217 80.9972 
-0.0987656 0.0668962 0.99286 90.8175 0.0226643 0.99763 -0.0649632 -5.92563 -0.994853 0.0160864 -0.100048 80.8947 
-0.0972453 0.0662157 0.993055 92.0425 0.0237966 0.997654 -0.0641921 -6.00981 -0.994976 0.017389 -0.0985929 80.7853 
-0.0956721 0.0669512 0.993159 93.2686 0.0218774 0.997636 -0.0651456 -6.10018 -0.995172 0.0154951 -0.0969107 80.6821 
-0.0943078 0.0696751 0.993102 94.4919 0.0223067 0.997445 -0.0678616 -6.18657 -0.995293 0.0157529 -0.0956211 80.5818 
-0.0931979 0.0685862 0.993282 95.7261 0.020256 0.997549 -0.0669803 -6.27372 -0.995441 0.0138775 -0.0943587 80.4816 
-0.0927857 0.0671405 0.99342 96.9652 0.016817 0.997687 -0.0658583 -6.3656 -0.995544 0.0105956 -0.0937002 80.3851 
-0.092466 0.0680773 0.993386 98.1954 0.0140115 0.99765 -0.0670654 -6.45594 -0.995617 0.00771754 -0.0932026 80.2836 
-0.0927536 0.0677023 0.993385 99.4471 0.0111824 0.997693 -0.066952 -6.54111 -0.995626 0.00489839 -0.0932968 80.1881 
-0.0936571 0.0652314 0.993465 100.705 0.00868202 0.997867 -0.0647021 -6.63117 -0.995567 0.00256549 -0.0940236 80.0857 
-0.0949936 0.0636557 0.99344 101.97 0.00681196 0.997972 -0.0632948 -6.72156 -0.995454 0.000754686 -0.0952346 79.9846 
-0.0962953 0.0629217 0.993362 103.231 0.00475403 0.998018 -0.0627558 -6.81168 -0.995341 -0.00132061 -0.0964035 79.8815 
-0.0977433 0.0631179 0.993208 104.489 0.0049287 0.998005 -0.0629378 -6.89984 -0.995199 -0.00125652 -0.0978594 79.7731 
-0.0999379 0.061751 0.993076 105.753 0.00430624 0.99809 -0.0616295 -6.98585 -0.994984 -0.00188269 -0.100013 79.6613 
-0.103011 0.0570753 0.993041 107.02 0.00169325 0.998361 -0.0572055 -7.07358 -0.994679 -0.00421132 -0.102939 79.5505 
-0.107263 0.0568676 0.992603 108.275 0.00141569 0.998371 -0.0570452 -7.15787 -0.99423 -0.00471359 -0.107168 79.4316 
-0.112959 0.0628615 0.991609 109.505 -0.00382034 0.997962 -0.0636995 -7.24267 -0.993592 -0.0109837 -0.112489 79.3178 
-0.119855 0.0658498 0.990605 110.736 -0.00299841 0.997769 -0.0666889 -7.3307 -0.992787 -0.0109632 -0.11939 79.1887 
-0.128642 0.0620479 0.989748 111.983 -0.00126484 0.99803 -0.0627315 -7.41971 -0.99169 -0.00932178 -0.12831 79.0407 
-0.13945 0.0597646 0.988424 113.233 0.000925847 0.998184 -0.0602242 -7.51082 -0.990229 -0.00748313 -0.139252 78.8793 
-0.152593 0.0606051 0.986429 114.468 0.00151631 0.998131 -0.0610895 -7.59518 -0.988288 -0.00782608 -0.152399 78.7092 
-0.166696 0.0608018 0.984132 115.686 0.00333085 0.998126 -0.0611023 -7.6802 -0.986003 -0.0069075 -0.166586 78.518 
-0.180949 0.0587775 0.981734 116.897 0.00442219 0.998251 -0.0589514 -7.76658 -0.983482 -0.00632576 -0.180892 78.3101 
-0.196327 0.0610714 0.978635 118.094 0.00880619 0.998128 -0.0605213 -7.85508 -0.980499 -0.00326392 -0.196497 78.0814 
-0.211552 0.064381 0.975244 119.276 0.00883172 0.997913 -0.0639618 -7.93975 -0.977327 -0.00491815 -0.211679 77.8423 
-0.226547 0.068239 0.971607 120.461 0.00882806 0.997646 -0.0680094 -8.03077 -0.97396 -0.0068299 -0.226616 77.5855 
-0.242631 0.0660634 0.967867 121.648 0.00523842 0.997753 -0.0667902 -8.12502 -0.970104 -0.0111353 -0.242432 77.3125 
-0.258507 0.0604109 0.964119 122.822 -0.000230368 0.998039 -0.0625982 -8.21709 -0.966009 -0.0164041 -0.257986 77.0247 
-0.27444 0.0564806 0.959944 123.993 -0.00419596 0.998194 -0.0599308 -8.30337 -0.961595 -0.0204753 -0.273708 76.7204 
-0.289436 0.0580253 0.955437 125.154 -0.0057944 0.998036 -0.0623679 -8.38644 -0.95718 -0.0235877 -0.288532 76.3934 
-0.303844 0.0599658 0.950833 126.311 -0.00583287 0.997881 -0.064797 -8.47264 -0.952704 -0.0252343 -0.302851 76.0421 
-0.317538 0.0624057 0.94619 127.463 -0.00420784 0.997729 -0.0672172 -8.55849 -0.948236 -0.0253254 -0.316555 75.6701 
-0.3317 0.0622424 0.941329 128.6 -0.0020505 0.997771 -0.0666971 -8.6499 -0.943383 -0.0240536 -0.330833 75.2866 
-0.345334 0.0603303 0.936538 129.736 -0.00223856 0.997876 -0.065107 -8.739 -0.938477 -0.0245802 -0.344466 74.8816 
-0.359868 0.0589711 0.931137 130.866 -0.00270885 0.99793 -0.0642482 -8.827 -0.932999 -0.0256432 -0.358964 74.4658 
-0.374455 0.0607279 0.925254 131.98 -0.00383827 0.997743 -0.0670391 -8.91203 -0.927237 -0.0286545 -0.373377 74.0334 
-0.389434 0.0627907 0.918911 133.086 -0.00307281 0.997579 -0.0694686 -9.00069 -0.921049 -0.029877 -0.388298 73.5841 
-0.404082 0.0645332 0.912444 134.19 -0.00179312 0.99745 -0.0713395 -9.09234 -0.914721 -0.0304631 -0.402936 73.1132 
-0.418439 0.0672673 0.905751 135.283 0.000995923 0.997287 -0.0736054 -9.18585 -0.908245 -0.0298972 -0.41737 72.6182 
-0.433249 0.0707588 0.898492 136.37 0.000732087 0.996941 -0.0781589 -9.28432 -0.901274 -0.0332044 -0.431975 72.1146 
-0.448355 0.0732044 0.890853 137.457 0.00187866 0.996716 -0.0809581 -9.38079 -0.893854 -0.0346244 -0.44702 71.5835 
-0.463694 0.0706511 0.883174 138.546 0.000560853 0.996839 -0.0794496 -9.48042 -0.885995 -0.036345 -0.462268 71.0377 
-0.47993 0.0662776 0.8748 139.633 -0.00228535 0.997044 -0.076793 -9.58324 -0.877304 -0.0388545 -0.47836 70.4738 
-0.496015 0.0664729 0.865766 140.704 -0.00271901 0.996942 -0.0781023 -9.68217 -0.86831 -0.0410939 -0.494317 69.8836 
-0.512267 0.0657351 0.856306 141.77 -0.0041022 0.996868 -0.0789795 -9.77812 -0.858816 -0.0439714 -0.510393 69.2787 
-0.528292 0.0648035 0.846586 142.829 -0.00470634 0.996844 -0.0792423 -9.88023 -0.84905 -0.0458474 -0.52632 68.6507 
-0.543914 0.0644142 0.836665 143.878 -0.00587782 0.996732 -0.0805589 -9.98676 -0.83912 -0.0487349 -0.541758 67.9928 
-0.559297 0.0638134 0.826507 144.917 -0.00627336 0.996678 -0.0811973 -10.0913 -0.828943 -0.0505984 -0.557039 67.3174 
-0.574869 0.0609308 0.815973 145.954 -0.00705793 0.996817 -0.0794073 -10.1974 -0.818215 -0.0514079 -0.57261 66.6205 
-0.590261 0.0576512 0.805151 146.989 -0.00660837 0.997068 -0.0762377 -10.3027 -0.807185 -0.0503209 -0.58815 65.8981 
-0.605514 0.0560334 0.793859 147.998 -0.00567025 0.997189 -0.0747102 -10.4058 -0.795814 -0.0497395 -0.603494 65.1594 
-0.620538 0.0542157 0.7823 149.013 -0.00663436 0.997208 -0.0743721 -10.5113 -0.784148 -0.0513408 -0.618446 64.3881 
-0.635761 0.0553553 0.769899 150.001 -0.00787915 0.996908 -0.0781836 -10.6149 -0.771846 -0.0557722 -0.633359 63.6106 
-0.651191 0.0547737 0.756934 150.975 -0.0101795 0.996672 -0.0808793 -10.7197 -0.758845 -0.0603731 -0.648467 62.8023 
-0.667272 0.0514758 0.743033 151.946 -0.0120524 0.996732 -0.0798751 -10.8268 -0.744717 -0.0622538 -0.664471 61.9723 
-0.684087 0.0439375 0.728076 152.914 -0.0157396 0.997062 -0.0749589 -10.9324 -0.729231 -0.062738 -0.681386 61.1193 
-0.701397 0.0413117 0.711573 153.859 -0.0170044 0.997065 -0.0746477 -11.0341 -0.712568 -0.0644575 -0.698635 60.2404 
-0.71899 0.0383931 0.693959 154.785 -0.0190161 0.997013 -0.0748615 -11.1393 -0.69476 -0.067021 -0.716112 59.3248 
-0.7367 0.0348324 0.675322 155.682 -0.0222256 0.996886 -0.0756641 -11.2373 -0.675854 -0.0707511 -0.733632 58.3983 
-0.753434 0.0328723 0.656702 156.545 -0.0218174 0.99695 -0.0749351 -11.345 -0.657162 -0.0707862 -0.750418 57.445 
-0.769596 0.0351191 0.637564 157.391 -0.019385 0.996741 -0.0783033 -11.4538 -0.638236 -0.0726211 -0.766408 56.4676 
-0.784936 0.0341348 0.618636 158.211 -0.0167708 0.996945 -0.0762881 -11.5563 -0.61935 -0.0702563 -0.781965 55.4513 
-0.799687 0.0353085 0.599378 159.003 -0.0127483 0.997046 -0.0757434 -11.6699 -0.600282 -0.068212 -0.796874 54.4285 
-0.814403 0.0364639 0.579152 159.767 -0.0109639 0.996879 -0.0781819 -11.7807 -0.580195 -0.0700214 -0.811462 53.395 
-0.828279 0.0380546 0.559021 160.507 -0.0100058 0.996527 -0.0826624 -11.891 -0.560226 -0.074061 -0.825022 52.3419 
-0.841611 0.0383151 0.538723 161.22 -0.00763595 0.996536 -0.0828049 -12.0015 -0.54003 -0.0738032 -0.838404 51.2765 
-0.853534 0.0360722 0.519787 161.912 -0.00680844 0.996743 -0.0803521 -12.1124 -0.520993 -0.0721221 -0.850508 50.1886 
-0.864277 0.0376029 0.501608 162.57 -0.00423573 0.996622 -0.0820098 -12.2273 -0.502998 -0.0730039 -0.861199 49.0898 
-0.87394 0.0402863 0.484361 163.21 -0.00157545 0.996319 -0.0857107 -12.339 -0.486031 -0.075669 -0.870659 47.9802 
-0.88319 0.0380682 0.467469 163.841 -0.0032399 0.996182 -0.087245 -12.4579 -0.469005 -0.0785684 -0.879694 46.8486 
-0.891551 0.0353407 0.451538 164.453 -0.00442304 0.996224 -0.0867051 -12.5822 -0.452898 -0.0792992 -0.888029 45.688 
-0.898866 0.0332041 0.436964 165.053 -0.00542382 0.996206 -0.0868571 -12.7115 -0.43819 -0.0804429 -0.895275 44.5048 
-0.905919 0.0311966 0.422299 165.646 -0.00590874 0.996254 -0.086272 -12.8381 -0.423409 -0.0806507 -0.902342 43.3342 
-0.91245 0.0282921 0.408209 166.2 -0.00734 0.996315 -0.0854592 -12.9599 -0.409122 -0.0809735 -0.90888 42.1708 
-0.91826 0.0232479 0.395295 166.74 -0.00994626 0.996606 -0.0817167 -13.0796 -0.395853 -0.0789689 -0.914912 40.9849 
-0.923544 0.0199334 0.382975 167.265 -0.011045 0.996851 -0.07852 -13.1946 -0.383334 -0.0767466 -0.920415 39.7918 
-0.928039 0.0200364 0.371943 167.759 -0.00857188 0.997139 -0.0751033 -13.3077 -0.372384 -0.072887 -0.925212 38.6115 
-0.93116 0.0242692 0.363803 168.233 -0.00403327 0.997036 -0.0768352 -13.4144 -0.364589 -0.0730132 -0.928301 37.4169 
-0.933404 0.0293895 0.357621 168.696 0.00126251 0.996903 -0.078631 -13.5193 -0.358824 -0.072943 -0.93055 36.2165 
-0.935321 0.0325425 0.352301 169.156 0.00421021 0.996714 -0.0808901 -13.6328 -0.353776 -0.0741749 -0.932384 35.0191 
-0.937185 0.0297922 0.347557 169.622 0.00208987 0.996808 -0.0798099 -13.7428 -0.348826 -0.0740703 -0.934256 33.8204 
-0.939068 0.0223625 0.343003 170.09 -0.00414225 0.997073 -0.0763459 -13.8514 -0.343706 -0.0731148 -0.936226 32.6197 
-0.94103 0.0161155 0.33794 170.557 -0.0096599 0.997178 -0.074452 -13.9617 -0.338186 -0.073326 -0.938218 31.4157 
-0.942644 0.00977737 0.333656 171.017 -0.0164357 0.996999 -0.07565 -14.0722 -0.333394 -0.0767949 -0.939655 30.2006 
-0.943928 0.00736367 0.330068 171.463 -0.0196622 0.996723 -0.0784665 -14.1787 -0.329564 -0.0805567 -0.94069 28.992 
-0.944737 0.00752741 0.327744 171.902 -0.0201128 0.996522 -0.0808635 -14.2892 -0.327213 -0.0829865 -0.9413 27.7876 
-0.944973 0.00820399 0.327046 172.339 -0.0199946 0.996368 -0.0827668 -14.4014 -0.326538 -0.0847515 -0.941377 26.5806 
-0.945053 0.0109504 0.326734 172.779 -0.0176572 0.99627 -0.0844615 -14.5185 -0.326441 -0.0855898 -0.941335 25.3822 
-0.944668 0.0117291 0.327817 173.216 -0.0175924 0.996111 -0.0863363 -14.6363 -0.327555 -0.0873263 -0.940788 24.1716 
-0.944313 0.0121811 0.328822 173.655 -0.017899 0.995933 -0.0882964 -14.7561 -0.32856 -0.0892651 -0.940255 22.9686 
-0.943634 0.013243 0.330726 174.095 -0.0168587 0.995979 -0.0879828 -14.8775 -0.330561 -0.0885992 -0.939617 21.7584 
-0.942752 0.0127553 0.33325 174.537 -0.0178236 0.995913 -0.0885413 -14.9986 -0.333017 -0.0894122 -0.938672 20.5526 
-0.941414 0.0112303 0.337065 174.982 -0.0199056 0.995853 -0.0887759 -15.1185 -0.336664 -0.0902844 -0.937287 19.3705 
-0.939665 0.00976383 0.341957 175.432 -0.0210907 0.996038 -0.0863948 -15.2404 -0.341446 -0.0883942 -0.935736 18.1761 
-0.937571 0.00742947 0.347714 175.899 -0.0230841 0.996238 -0.08353 -15.362 -0.347027 -0.0863419 -0.933872 16.982 
-0.934909 0.00538441 0.354847 176.364 -0.0249468 0.996414 -0.0808464 -15.4752 -0.35401 -0.0844363 -0.931422 15.7935 
-0.932163 0.00752049 0.361959 176.831 -0.0231539 0.996499 -0.0803333 -15.592 -0.361296 -0.0832645 -0.928726 14.6329 
-0.928794 0.00793238 0.370511 177.303 -0.023606 0.996474 -0.0805093 -15.7 -0.369843 -0.0835228 -0.925332 13.488 
-0.92499 0.0108447 0.379837 177.79 -0.0223858 0.996301 -0.0829598 -15.8087 -0.379332 -0.0852399 -0.921326 12.3375 
-0.920721 0.0121807 0.39003 178.293 -0.0214346 0.996425 -0.0817179 -15.9227 -0.389631 -0.0835995 -0.917169 11.1951 
-0.915667 0.0142132 0.401685 178.813 -0.0208956 0.99634 -0.0828873 -16.0388 -0.401393 -0.0842907 -0.912019 10.0475 
-0.909975 0.0160703 0.41435 179.356 -0.0206466 0.996253 -0.0839821 -16.1518 -0.414148 -0.0849766 -0.906234 8.90237 
-0.903738 0.0183339 0.427693 179.907 -0.0195409 0.996274 -0.0839983 -16.2659 -0.42764 -0.08427 -0.900013 7.75505 
-0.897383 0.0175361 0.440903 180.477 -0.0202275 0.996525 -0.0808047 -16.3865 -0.440787 -0.0814312 -0.89391 6.62485 
-0.890589 0.0203801 0.454351 181.062 -0.0184882 0.996547 -0.0809399 -16.5026 -0.454432 -0.0804844 -0.887138 5.49421 
-0.883518 0.0227993 0.467843 181.666 -0.0166541 0.996654 -0.080021 -16.6109 -0.468102 -0.0784915 -0.880182 4.37417 
-0.87607 0.0244227 0.481564 182.279 -0.0148468 0.996877 -0.0775666 -16.7242 -0.481955 -0.0751034 -0.872971 3.27415 
-0.868042 0.0265841 0.495778 182.904 -0.011955 0.997157 -0.0744002 -16.8338 -0.496347 -0.0705095 -0.865256 2.18801 
-0.859964 0.0294451 0.509505 183.548 -0.00903037 0.9973 -0.0728775 -16.9386 -0.510275 -0.067273 -0.857376 1.12137 
-0.850804 0.0327033 0.524464 184.203 -0.00575733 0.997421 -0.0715346 -17.0424 -0.525451 -0.0638814 -0.848422 0.068495 
-0.840682 0.0350016 0.540397 184.884 -0.00371299 0.997513 -0.0703854 -17.1415 -0.541516 -0.0611782 -0.838461 -0.954494 
-0.829492 0.0385071 0.55719 185.582 -0.000216635 0.997598 -0.0692661 -17.2389 -0.558519 -0.0575764 -0.827491 -1.98793 
-0.818225 0.0407104 0.573455 186.298 0.0017915 0.997665 -0.0682696 -17.3387 -0.574895 -0.0548326 -0.816388 -2.99194 
-0.806314 0.0427439 0.58994 187.041 0.00277103 0.997647 -0.0684969 -17.4287 -0.59148 -0.0535953 -0.804536 -3.98944 
-0.793531 0.0452699 0.606844 187.785 0.00463036 0.997649 -0.0683688 -17.5233 -0.608512 -0.0514428 -0.791875 -4.96073 
-0.780171 0.0454425 0.623913 188.558 0.00544302 0.997813 -0.0658693 -17.6221 -0.625543 -0.0479933 -0.778712 -5.90016 
-0.764802 0.0470821 0.642543 189.348 0.00784022 0.997932 -0.0637912 -17.7177 -0.644218 -0.0437499 -0.76359 -6.82889 
-0.748037 0.0499401 0.661775 190.15 0.00961963 0.997876 -0.06443 -17.8095 -0.663587 -0.04183 -0.746929 -7.7287 
-0.730637 0.0531558 0.680694 190.976 0.0105599 0.997725 -0.0665784 -17.8967 -0.682684 -0.0414566 -0.729536 -8.61167 
-0.713134 0.0536259 0.698974 191.814 0.00968522 0.997728 -0.0666652 -17.9894 -0.700961 -0.0407715 -0.712033 -9.44433 
-0.693945 0.0539557 0.718003 192.684 0.00860465 0.997739 -0.0666606 -18.0753 -0.719976 -0.0400806 -0.69284 -10.281 
-0.674529 0.0534315 0.736312 193.573 0.00642247 0.997764 -0.0665207 -18.1635 -0.73822 -0.0401412 -0.673364 -11.0676 
-0.654214 0.0535236 0.754413 194.473 0.00426819 0.997738 -0.0670857 -18.258 -0.756297 -0.0406684 -0.652963 -11.8322 
-0.633359 0.0532053 0.772027 195.369 0.0016357 0.997723 -0.0674177 -18.3432 -0.773857 -0.0414368 -0.632004 -12.5533 
-0.611736 0.0531945 0.789271 196.301 0.000482522 0.997761 -0.0668722 -18.4334 -0.791062 -0.0405273 -0.610392 -13.2694 
-0.588787 0.0530397 0.806546 197.25 6.07026e-05 0.997848 -0.0655757 -18.5213 -0.808288 -0.0385612 -0.587523 -13.9592 
-0.564647 0.0540772 0.823559 198.227 -0.000721133 0.997818 -0.066014 -18.602 -0.825332 -0.0378685 -0.563376 -14.619 
-0.538976 0.0574757 0.840358 199.224 0.000581011 0.997694 -0.0678641 -18.6829 -0.842321 -0.0360888 -0.537767 -15.2539 
-0.511835 0.0584244 0.857095 200.24 0.000544048 0.997707 -0.0676845 -18.7675 -0.859083 -0.034177 -0.510693 -15.8598 
-0.484207 0.057022 0.873093 201.267 -0.000375406 0.99786 -0.0653789 -18.8611 -0.874953 -0.0319847 -0.48315 -16.4249 
-0.456107 0.055193 0.888212 202.309 -0.00202709 0.998008 -0.0630567 -18.9448 -0.889923 -0.030561 -0.455086 -16.9533 
-0.426615 0.0563464 0.902676 203.352 -0.00266846 0.997975 -0.0635562 -19.0296 -0.904429 -0.0295228 -0.4256 -17.4337 
-0.395649 0.0590442 0.916502 204.418 -0.00297564 0.997844 -0.0655692 -19.1064 -0.918397 -0.0286695 -0.39462 -17.887 
-0.363836 0.0609439 0.929467 205.519 -0.00180461 0.997809 -0.0661315 -19.1866 -0.931461 -0.0257384 -0.362929 -18.3123 
-0.331626 0.0613547 0.941414 206.61 -0.000159204 0.997879 -0.0650909 -19.2738 -0.943411 -0.0217357 -0.330913 -18.7003 
-0.29909 0.0615343 0.952239 207.725 -0.00124403 0.997893 -0.0648753 -19.3536 -0.954224 -0.0205881 -0.298383 -19.0372 
-0.265439 0.0601752 0.962248 208.841 9.85204e-05 0.998052 -0.0623871 -19.4445 -0.964128 -0.0164652 -0.264928 -19.3404 
-0.230529 0.0590678 0.971271 210.027 -0.00133064 0.998136 -0.0610174 -19.5127 -0.973064 -0.0153587 -0.230021 -19.626 
-0.196142 0.0579598 0.978861 211.166 -0.000820878 0.998241 -0.0592719 -19.5919 -0.980575 -0.0124292 -0.19575 -19.8459 
-0.161291 0.0577069 0.985218 212.315 -0.000711397 0.998282 -0.0585886 -19.6744 -0.986907 -0.0101507 -0.160973 -20.0314 
-0.125869 0.0574139 0.990384 213.457 -0.000671108 0.998319 -0.0579592 -19.7513 -0.992047 -0.00795992 -0.125619 -20.1752 
-0.0901214 0.0569847 0.994299 214.627 7.73872e-05 0.998362 -0.0572106 -19.8316 -0.995931 -0.00507895 -0.0899782 -20.28 
-0.0550651 0.0575683 0.996822 215.767 -0.00136529 0.998331 -0.057731 -19.9056 -0.998482 -0.0045399 -0.0548946 -20.3344 
-0.0206712 0.0573344 0.998141 216.924 -0.00264445 0.998348 -0.0574011 -19.9779 -0.999783 -0.00382608 -0.0204855 -20.3512 
0.0127917 0.0565617 0.998317 218.08 -0.00407632 0.998393 -0.0565139 -20.0547 -0.99991 -0.00334655 0.0130017 -20.3284 
0.0455319 0.0568132 0.997346 219.217 -0.00523056 0.998381 -0.0566335 -20.132 -0.998949 -0.00263804 0.0457554 -20.2646 
0.0782549 0.0564218 0.995335 220.367 -0.00418249 0.998407 -0.0562672 -20.2046 -0.996925 0.000240203 0.0783663 -20.1681 
0.110099 0.0542508 0.992439 221.512 -0.00346522 0.998524 -0.0541991 -20.2802 -0.993915 0.00252824 0.110124 -20.0357 
0.141333 0.0529662 0.988544 222.665 -0.00208717 0.998581 -0.0532057 -20.3529 -0.98996 0.00545646 0.141243 -19.8703 
0.17153 0.0528707 0.983759 223.792 -0.00070802 0.998565 -0.0535431 -20.4255 -0.985179 0.00848774 0.171322 -19.6693 
0.201896 0.0522837 0.97801 224.929 0.0012938 0.998559 -0.0536494 -20.4979 -0.979406 0.012097 0.201537 -19.4339 
0.23233 0.0513782 0.971279 226.064 0.00392556 0.998546 -0.0537597 -20.5656 -0.972629 0.0163028 0.23179 -19.1625 
0.262169 0.0498864 0.963731 227.192 0.00620481 0.998555 -0.053377 -20.6348 -0.965002 0.0199736 0.261481 -18.8486 
0.292531 0.0484447 0.955028 228.325 0.008233 0.998551 -0.0531743 -20.7045 -0.956221 0.0234179 0.291708 -18.5072 
0.322375 0.0479477 0.945397 229.442 0.0106815 0.998468 -0.0542817 -20.7759 -0.946552 0.0275973 0.321369 -18.1315 
0.351133 0.0474512 0.935122 230.54 0.011239 0.998429 -0.0548839 -20.8462 -0.936258 0.0297814 0.350049 -17.7209 
0.379195 0.0455702 0.924194 231.636 0.011838 0.998466 -0.0540896 -20.9197 -0.925241 0.0314511 0.378074 -17.2657 
0.40756 0.0448024 0.912079 232.721 0.0118103 0.998453 -0.0543228 -20.9919 -0.913102 0.0329117 0.4064 -16.7842 
0.435671 0.0459733 0.898931 233.764 0.0128901 0.998274 -0.0573013 -21.0635 -0.900014 0.0365518 0.434326 -16.2702 
0.463655 0.0471331 0.884761 234.812 0.013963 0.998071 -0.0604868 -21.1401 -0.885906 0.0403989 0.462103 -15.7172 
0.49126 0.0455818 0.869819 235.848 0.0151269 0.998033 -0.0608443 -21.2193 -0.870881 0.043048 0.489604 -15.1496 
0.518029 0.0430395 0.854279 236.866 0.0156946 0.998087 -0.0598018 -21.3019 -0.855219 0.0443866 0.516363 -14.5329 
0.542973 0.0406926 0.838763 237.856 0.0151979 0.998185 -0.0582654 -21.3876 -0.839612 0.044384 0.54137 -13.8851 
0.566143 0.0407062 0.823301 238.843 0.0137592 0.998174 -0.0588141 -21.4721 -0.824192 0.0446251 0.564549 -13.2025 
0.586804 0.0405873 0.808711 239.796 0.0124999 0.99817 -0.0591658 -21.552 -0.809633 0.0448275 0.585223 -12.4937 
0.606549 0.0392884 0.794075 240.758 0.0116859 0.99823 -0.0583158 -21.6319 -0.79496 0.0446508 0.605016 -11.7535 
0.624877 0.0366394 0.779863 241.704 0.0115888 0.998353 -0.0561903 -21.7123 -0.780637 0.0441497 0.623423 -10.9896 
0.642345 0.0330329 0.765703 242.649 0.0131485 0.998449 -0.054104 -21.793 -0.766303 0.0448213 0.640914 -10.2017 
0.658884 0.0305475 0.751624 243.591 0.0142644 0.998488 -0.053085 -21.8637 -0.752109 0.0456983 0.657452 -9.38291 
0.674423 0.0282366 0.737805 244.494 0.0159796 0.998476 -0.0528198 -21.9384 -0.738172 0.0474126 0.672944 -8.54973 
0.689562 0.0278445 0.723691 245.372 0.0155011 0.998464 -0.0531868 -22.0123 -0.72406 0.0478936 0.688072 -7.7026 
0.704539 0.026436 0.709173 246.242 0.0161972 0.998447 -0.0533109 -22.0835 -0.70948 0.0490462 0.703016 -6.82779 
0.718854 0.0242405 0.694738 247.078 0.0157034 0.99857 -0.0510904 -22.1549 -0.694984 0.0476362 0.717446 -5.93718 
0.732996 0.0215024 0.679893 247.916 0.0162536 0.998661 -0.0491071 -22.226 -0.680038 0.047046 0.731665 -5.01663 
0.746771 0.0196111 0.664792 248.733 0.0167321 0.998695 -0.0482566 -22.301 -0.664871 0.0471599 0.745468 -4.08444 
0.760226 0.019239 0.649373 249.531 0.0174916 0.998593 -0.0500631 -22.3698 -0.649423 0.0494179 0.75882 -3.13857 
0.772456 0.0185054 0.634798 250.313 0.0179675 0.998538 -0.0509729 -22.4371 -0.634813 0.05078 0.770995 -2.16795 
0.783905 0.0177228 0.620627 251.083 0.0174736 0.998567 -0.0505862 -22.5085 -0.620634 0.0504994 0.782472 -1.17602 
0.794605 0.0152874 0.606934 251.834 0.0178847 0.99866 -0.0485692 -22.5774 -0.606863 0.0494481 0.793267 -0.164613 
0.804709 0.0127263 0.593533 252.567 0.0192772 0.998683 -0.0475494 -22.6492 -0.593357 0.049705 0.803403 0.867019 
0.814449 0.0125356 0.580099 253.288 0.0189886 0.998655 -0.0482402 -22.7164 -0.579924 0.0503044 0.813116 1.90453 
0.823336 0.0102228 0.567461 253.997 0.0225393 0.99846 -0.0506901 -22.782 -0.567106 0.0545251 0.821838 2.95282 
0.831494 0.00827113 0.555472 254.691 0.0234239 0.998478 -0.0499314 -22.8501 -0.555039 0.0545289 0.830035 4.01849 
0.839152 0.00480578 0.543875 255.387 0.026318 0.998431 -0.0494289 -22.9207 -0.543259 0.055792 0.837709 5.10173 
0.8459 0.00342541 0.53333 256.068 0.0273127 0.998389 -0.0497324 -22.9886 -0.532642 0.0566353 0.844444 6.20821 
0.851251 0.0023047 0.524754 256.74 0.0276088 0.998409 -0.0491719 -23.0619 -0.524032 0.0563454 0.849832 7.32248 
0.855176 0.00142781 0.518335 257.41 0.0271064 0.998505 -0.0474722 -23.1339 -0.517628 0.0546472 0.853859 8.4521 
0.857968 0.000232562 0.513703 258.071 0.0273894 0.998557 -0.0461971 -23.2056 -0.512972 0.0537056 0.856723 9.58523 
0.860386 -0.000221007 0.509643 258.725 0.0274696 0.998566 -0.0459416 -23.2755 -0.508902 0.0535271 0.859158 10.7228 
0.862746 -0.001574 0.505635 259.381 0.0284291 0.998564 -0.0453992 -23.3437 -0.504838 0.0535427 0.861552 11.8613 
0.864951 -0.00391657 0.501841 260.038 0.0297055 0.998616 -0.0434057 -23.4108 -0.500976 0.0524512 0.86387 13.0193 
0.867126 -0.0064012 0.498047 260.731 0.031998 0.998568 -0.0428762 -23.4791 -0.497059 0.0531156 0.866089 14.2095 
0.869477 -0.00772346 0.493913 261.387 0.033348 0.998514 -0.0430915 -23.5471 -0.492846 0.053938 0.868443 15.3769 
0.871522 -0.00901725 0.490272 262.025 0.0342331 0.99851 -0.0424891 -23.6134 -0.489159 0.0538137 0.870533 16.541 
0.873603 -0.0085213 0.486564 262.662 0.0333571 0.998543 -0.0424036 -23.6797 -0.485494 0.0532743 0.872615 17.7133 
0.875604 -0.00893057 0.482947 263.303 0.0333475 0.998561 -0.0419956 -23.7514 -0.481877 0.0528765 0.874642 18.8975 
0.877585 -0.00871715 0.479342 263.936 0.0327548 0.998589 -0.0418082 -23.8194 -0.478301 0.0523909 0.876632 20.0835 
