1 2.12261e-08 -2.11895e-08 0 2.12261e-08 1 2.10703e-08 0 -2.11895e-08 2.10703e-08 1 0 
1 -0.000399167 -0.000463279 -0.00248464 0.000399833 0.999999 0.00134748 -0.0120237 0.000462699 -0.00134762 0.999999 1.38876 
0.999999 -0.00140459 -0.000718902 -0.0322808 0.00140561 0.999998 0.00136338 -0.0301876 0.000716944 -0.00136435 0.999999 2.73066 
0.999996 -0.00280621 -0.000838997 -0.0481243 0.00280641 0.999996 0.000186695 -0.0457957 0.000838427 -0.000189006 1 4.08548 
0.999996 -0.00294329 -0.000611319 -0.0730964 0.00294334 0.999996 1.22749e-05 -0.0583462 0.000611237 -1.4032e-05 1 5.44875 
0.999994 -0.00348937 -0.000497274 -0.0983705 0.00348986 0.999994 0.000904625 -0.0778907 0.000494071 -0.000906313 1 6.80951 
0.999987 -0.00505563 -7.59929e-05 -0.124033 0.00505582 0.999985 0.00217107 -0.0992902 6.49733e-05 -0.00217138 0.999998 8.15704 
0.999989 -0.00461858 -4.74732e-05 -0.154253 0.00461873 0.999986 0.00269475 -0.118502 3.49842e-05 -0.0026949 0.999996 9.50046 
0.999992 -0.00408214 -0.000326287 -0.184636 0.00408247 0.999991 0.000880896 -0.136481 0.000322645 -0.000882179 1 10.8727 
0.999999 -0.00133769 -0.000180803 -0.21059 0.00133747 0.999998 -0.00145247 -0.155335 0.000182703 0.00145227 0.999999 12.2483 
0.999997 0.00233266 0.00042759 -0.246771 -0.00233158 0.999994 -0.00240298 -0.177345 -0.000433236 0.00240202 0.999997 13.6074 
0.999988 0.00485514 0.00101136 -0.285358 -0.00485256 0.999985 -0.00250177 -0.202941 -0.00102353 0.00249687 0.999996 14.9616 
0.999983 0.00576539 0.00125936 -0.313186 -0.00576316 0.999982 -0.00172907 -0.224701 -0.00126934 0.00172182 0.999998 16.3343 
0.999992 0.00347531 0.00182256 -0.334568 -0.00347694 0.999994 0.000914467 -0.243622 -0.00181941 -0.000920755 0.999998 17.6931 
0.999997 -0.000464273 0.00228403 -0.357741 0.000458184 0.999996 0.00268465 -0.262978 -0.00228531 -0.00268356 0.999994 19.0516 
0.999994 -0.00283935 0.0021158 -0.375009 0.00283841 0.999996 0.000467134 -0.283431 -0.00211716 -0.000461084 0.999998 20.4176 
0.999991 -0.00388484 0.00196186 -0.395186 0.00388803 0.999991 -0.00160119 -0.301083 -0.00195566 0.00160884 0.999997 21.7826 
0.999995 -0.00136064 0.00297156 -0.426448 0.00137038 0.999994 -0.00326564 -0.323469 -0.00296714 0.00326973 0.99999 23.1454 
0.999992 0.00145686 0.00380987 -0.454013 -0.00145207 0.999998 -0.00124927 -0.347602 -0.00381172 0.00124377 0.999992 24.5166 
0.999989 0.00178661 0.00431025 -0.47493 -0.00179672 0.999996 0.00235228 -0.368765 -0.00430608 -0.00235996 0.999988 25.8941 
0.999989 -0.000258404 0.00474695 -0.490013 0.000238895 0.999992 0.00411876 -0.38187 -0.00474802 -0.00411754 0.99998 27.2746 
0.999982 -0.00408998 0.00431373 -0.504233 0.00407997 0.999989 0.00233619 -0.399703 -0.00432328 -0.0023185 0.999988 28.639 
0.999981 -0.00438449 0.00437399 -0.524763 0.0043842 0.99999 8.56136e-05 -0.422212 -0.00437436 -6.63934e-05 0.99999 30.0112 
0.999975 -0.00494967 0.00509829 -0.540397 0.00496081 0.999985 -0.00216596 -0.448818 -0.00508754 0.00219124 0.999985 31.4065 
0.999983 -0.0010871 0.00567493 -0.558121 0.00110464 0.999995 -0.00308031 -0.473245 -0.0056716 0.00308657 0.999979 32.8082 
0.999981 -0.000294998 0.00620114 -0.580354 0.000326695 0.999987 -0.00510416 -0.499361 -0.00619959 0.00510613 0.999968 34.2047 
0.99998 0.00101285 0.00629586 -0.59907 -0.000983773 0.999989 -0.00461355 -0.526796 -0.0063005 0.0046073 0.99997 35.6127 
0.999977 0.00123135 0.00670627 -0.627652 -0.00121011 0.999994 -0.00316359 -0.557522 -0.00671017 0.00315545 0.999973 37.0165 
0.999976 0.00262065 0.00648101 -0.647948 -0.00260817 0.999995 -0.00192717 -0.578506 -0.00648607 0.00191026 0.999977 38.4252 
0.999965 0.005253 0.00654299 -0.666343 -0.00524346 0.999985 -0.00146699 -0.605781 -0.00655064 0.00143267 0.999978 39.8264 
0.999944 0.00775464 0.00719973 -0.692422 -0.00774083 0.999968 -0.0019378 -0.628048 -0.00721457 0.001882 0.999972 41.2417 
0.999925 0.0098289 0.00730418 -0.711238 -0.00981847 0.999951 -0.00145659 -0.656908 -0.00731818 0.00138481 0.999972 42.6625 
0.999923 0.0100977 0.00720575 -0.731671 -0.0100891 0.999948 -0.00121752 -0.677868 -0.00721772 0.00114477 0.999973 44.1157 
0.999931 0.00929759 0.00719105 -0.752593 -0.00928748 0.999956 -0.00143237 -0.700505 -0.00720409 0.00136553 0.999973 45.5509 
0.99994 0.00872218 0.00669793 -0.773372 -0.00871026 0.99996 -0.00180047 -0.724167 -0.00671341 0.00174206 0.999976 46.9769 
0.999946 0.00844174 0.00606675 -0.790905 -0.00843128 0.999963 -0.00174062 -0.74701 -0.00608126 0.00168942 0.99998 48.3999 
0.99995 0.00861713 0.00510898 -0.81024 -0.00861412 0.999963 -0.000602548 -0.768031 -0.00511402 0.000558551 0.999987 49.8138 
0.99995 0.00900121 0.0042588 -0.834784 -0.00899722 0.999959 -0.000944899 -0.789132 -0.00426718 0.000906577 0.999991 51.2584 
0.999949 0.0095184 0.00331609 -0.856912 -0.00951579 0.999954 -0.000790436 -0.806929 -0.00332351 0.000758882 0.999994 52.6945 
0.999949 0.00977353 0.00244074 -0.883872 -0.00977371 0.999952 7.83898e-05 -0.830918 -0.0024399 -0.000102199 0.999997 54.1215 
0.999962 0.00847299 0.00191096 -0.906626 -0.00847501 0.999964 0.00107326 -0.85346 -0.00190184 -0.00108937 0.999998 55.566 
0.999974 0.00708563 0.00164408 -0.931926 -0.0070875 0.999974 0.00115993 -0.876605 -0.00163586 -0.00117151 0.999998 57.0033 
0.999987 0.00491044 0.00124698 -0.953973 -0.00491099 0.999988 0.000475056 -0.898676 -0.00124468 -0.000481132 0.999999 58.4423 
0.999991 0.00400959 0.00125566 -0.975847 -0.00401046 0.999992 0.00072557 -0.92208 -0.00125278 -0.000730557 0.999999 59.8866 
0.999995 0.00269058 0.00167654 -0.996349 -0.00269297 0.999995 0.00145492 -0.946947 -0.00167266 -0.00145939 0.999998 61.3311 
0.999997 0.00130285 0.00222264 -1.01686 -0.00130789 0.999997 0.0022874 -0.974161 -0.00221969 -0.00229026 0.999995 62.7687 
0.999996 0.000223129 0.00288361 -1.03908 -0.00022786 0.999999 0.00165512 -0.996168 -0.00288328 -0.00165573 0.999995 64.2105 
0.999993 -0.00145723 0.00341913 -1.0615 0.00145409 0.999999 0.000934423 -1.02037 -0.00342053 -0.000929403 0.999994 65.6456 
0.999991 -0.000792175 0.00419142 -1.08991 0.00079054 1 0.000401954 -1.04283 -0.00419178 -0.000398595 0.999991 67.089 
0.999986 0.00089957 0.0051699 -1.11629 -0.000899289 1 -4.84886e-05 -1.0648 -0.00516999 4.38807e-05 0.999987 68.5366 
0.999973 0.00459857 0.00566825 -1.13107 -0.00460475 0.999989 0.00108538 -1.08821 -0.00566324 -0.00111141 0.999983 69.9627 
0.999942 0.00831384 0.00689624 -1.16992 -0.00832962 0.999963 0.00226851 -1.11246 -0.00687716 -0.00232578 0.999974 71.3988 
0.99989 0.0125897 0.00783925 -1.20306 -0.0126085 0.999918 0.00235668 -1.1264 -0.00780898 -0.00245522 0.999967 72.8209 
0.999818 0.0169303 0.00876079 -1.23936 -0.0169476 0.999855 0.00191464 -1.15085 -0.00872715 -0.00206272 0.99996 74.2295 
0.999748 0.0204082 0.00932399 -1.25715 -0.0204203 0.999791 0.00120655 -1.17474 -0.00929746 -0.0013966 0.999956 75.6623 
0.999706 0.0220161 0.0101861 -1.27324 -0.0220292 0.999757 0.0011788 -1.20269 -0.0101577 -0.0014028 0.999947 77.0628 
0.999698 0.0222266 0.0105298 -1.28564 -0.0222422 0.999752 0.00136541 -1.22238 -0.0104969 -0.00159916 0.999944 78.4987 
0.999726 0.0209151 0.0104784 -1.28573 -0.0209277 0.99978 0.00110113 -1.24532 -0.0104531 -0.00132008 0.999945 79.9254 
0.999742 0.0200933 0.0105711 -1.30024 -0.020096 0.999798 0.000159063 -1.26929 -0.0105658 -0.000371417 0.999944 81.3124 
0.999755 0.0195462 0.0104016 -1.31703 -0.0195479 0.999809 6.75381e-05 -1.29229 -0.0103983 -0.00027081 0.999946 82.7368 
0.999763 0.0193145 0.0100334 -1.33002 -0.0193169 0.999813 0.000152609 -1.31331 -0.0100287 -0.000346347 0.99995 84.1355 
0.999774 0.0188691 0.0097586 -1.36161 -0.0188703 0.999822 3.81858e-05 -1.35116 -0.00975619 -0.000222283 0.999952 85.5647 
0.999771 0.0192119 0.00940534 -1.39265 -0.0192144 0.999815 0.000187613 -1.37448 -0.00940004 -0.000368246 0.999956 86.9625 
0.999791 0.0185472 0.00860281 -1.4189 -0.0185548 0.999828 0.000814957 -1.39617 -0.00858626 -0.000974369 0.999963 88.395 
0.999833 0.016623 0.00766235 -1.4323 -0.0166369 0.99986 0.00175737 -1.42187 -0.0076321 -0.00188451 0.999969 89.7611 
0.999884 0.0139561 0.00618526 -1.44221 -0.0139707 0.9999 0.00233077 -1.44637 -0.00615215 -0.00241686 0.999978 91.1542 
0.999915 0.0118821 0.0053975 -1.45437 -0.011895 0.999926 0.00236494 -1.4665 -0.00536904 -0.0024289 0.999983 92.5536 
0.999935 0.0102406 0.00498112 -1.47155 -0.0102491 0.999946 0.0016897 -1.47837 -0.00496359 -0.0017406 0.999986 93.958 
0.999947 0.00901505 0.00490106 -1.49136 -0.00902129 0.999959 0.00126114 -1.50221 -0.00488953 -0.00130525 0.999987 95.3627 
0.999938 0.00999133 0.00493396 -1.51205 -0.00999408 0.99995 0.000542523 -1.52751 -0.00492833 -0.000591758 0.999988 96.7058 
0.999942 0.00953012 0.00505095 -1.53165 -0.00953059 0.999955 7.60434e-05 -1.54995 -0.00505004 -0.000124136 0.999987 98.0724 
0.999929 0.0106916 0.00522157 -1.55722 -0.0106881 0.999943 -0.000682273 -1.57729 -0.00522861 0.000626458 0.999986 99.4461 
0.999913 0.011749 0.00594075 -1.5888 -0.0117461 0.999931 -0.0005085 -1.59693 -0.00594636 0.000438717 0.999982 100.819 
0.999909 0.0120199 0.00615436 -1.60253 -0.0120267 0.999927 0.00107787 -1.62223 -0.006141 -0.00115175 0.999981 102.181 
0.999898 0.0127876 0.00639481 -1.62293 -0.0128029 0.999915 0.00236352 -1.64423 -0.00636409 -0.00244511 0.999977 103.534 
0.999907 0.0118855 0.00668611 -1.64667 -0.011892 0.999929 0.000938031 -1.66326 -0.00667453 -0.00101741 0.999977 104.895 
0.999904 0.0120078 0.00697102 -1.66438 -0.0119984 0.999927 -0.00138251 -1.688 -0.00698715 0.00129878 0.999975 106.236 
0.999911 0.0112515 0.00713615 -1.68726 -0.0112333 0.999934 -0.00257213 -1.71354 -0.00716466 0.00249178 0.999971 107.581 
0.999929 0.00927521 0.00747079 -1.7028 -0.0092657 0.999956 -0.00130102 -1.73819 -0.00748257 0.00123175 0.999971 108.923 
0.999944 0.006818 0.00805952 -1.71528 -0.00682318 0.999977 0.000621536 -1.76176 -0.00805513 -0.000676451 0.999967 110.266 
0.999945 0.00529288 0.00909769 -1.72876 -0.00530308 0.999985 0.00110253 -1.78302 -0.00909176 -0.00115067 0.999958 111.625 
0.999941 0.00446174 0.00993103 -1.7358 -0.00445876 0.99999 -0.000318308 -1.80508 -0.00993239 0.000274051 0.999951 112.975 
0.999921 0.00650276 0.0107873 -1.75141 -0.00647372 0.999975 -0.00272124 -1.83217 -0.0108048 0.00265123 0.999938 114.319 
0.999891 0.00862221 0.012028 -1.762 -0.00856528 0.999952 -0.00477283 -1.86007 -0.0120686 0.00466932 0.999916 115.682 
0.999841 0.0116286 0.0135322 -1.77604 -0.0115637 0.999921 -0.00486153 -1.88684 -0.0135877 0.00470432 0.999897 117.052 
0.999796 0.0129909 0.0154613 -1.7892 -0.0129441 0.999911 -0.00312009 -1.90886 -0.0155005 0.00291936 0.999876 118.432 
0.999778 0.0129838 0.0166063 -1.79179 -0.0129723 0.999916 -0.000796658 -1.93753 -0.0166152 0.000581101 0.999862 119.807 
0.999773 0.0122109 0.0174423 -1.79132 -0.0122067 0.999925 -0.000342073 -1.96061 -0.0174452 0.000129124 0.999848 121.155 
0.999747 0.0125586 0.0186797 -1.79434 -0.012544 0.999921 -0.000896194 -1.98298 -0.0186895 0.00066169 0.999825 122.499 
0.999687 0.0147472 0.0202199 -1.81139 -0.0147176 0.99989 -0.00161183 -2.00302 -0.0202415 0.00131378 0.999794 123.885 
0.999632 0.0167069 0.0213782 -1.8088 -0.0166652 0.999859 -0.00212478 -2.02222 -0.0214108 0.00176777 0.999769 125.255 
0.999592 0.0171994 0.0228122 -1.81213 -0.0171301 0.999848 -0.00322762 -2.0441 -0.0228643 0.00283557 0.999735 126.616 
0.99954 0.0186449 0.0239006 -1.811 -0.0185519 0.99982 -0.00410669 -2.06846 -0.0239729 0.00366144 0.999706 127.973 
0.999528 0.0177182 0.0251069 -1.80816 -0.0176108 0.999835 -0.00449249 -2.09041 -0.0251824 0.00404826 0.999675 129.348 
0.999506 0.0173506 0.0262021 -1.80633 -0.0172683 0.999845 -0.00336249 -2.12144 -0.0262564 0.00290841 0.999651 130.685 
0.999492 0.0161497 0.0274873 -1.80784 -0.0160867 0.999867 -0.00250893 -2.14568 -0.0275242 0.00206552 0.999619 132.065 
0.999485 0.0154353 0.0281265 -1.80335 -0.0153787 0.999879 -0.00222755 -2.1674 -0.0281575 0.00179389 0.999602 133.431 
0.99951 0.0131575 0.0284183 -1.79805 -0.0131026 0.999912 -0.00211709 -2.19124 -0.0284437 0.00174374 0.999594 134.791 
0.999533 0.0114772 0.0283192 -1.7901 -0.0114433 0.999934 -0.00135543 -2.21627 -0.0283329 0.00103077 0.999598 136.159 
0.999561 0.00994399 0.0279242 -1.78294 -0.00990136 0.99995 -0.00166294 -2.23939 -0.0279394 0.00138576 0.999609 137.515 
0.999593 0.0090174 0.0270515 -1.77799 -0.00896943 0.999958 -0.00189255 -2.25921 -0.0270674 0.00164918 0.999632 138.872 
0.999628 0.00768971 0.0261681 -1.76827 -0.00766661 0.99997 -0.000981353 -2.28418 -0.0261749 0.000780409 0.999657 140.218 
0.999661 0.00612055 0.0253088 -1.76785 -0.00610216 0.999981 -0.000802198 -2.30753 -0.0253133 0.000647529 0.999679 141.557 
0.999692 0.00584053 0.024124 -1.76332 -0.00582292 0.999983 -0.000798415 -2.33359 -0.0241283 0.000657738 0.999709 142.902 
0.999719 0.00565758 0.0230158 -1.75812 -0.00562812 0.999983 -0.00134281 -2.35782 -0.0230231 0.00121294 0.999734 144.257 
0.999735 0.00600163 0.0222116 -1.75342 -0.00596361 0.999981 -0.0017757 -2.38264 -0.0222218 0.00164281 0.999752 145.63 
0.999763 0.0036559 0.0214683 -1.7516 -0.00357128 0.999986 -0.00397649 -2.41176 -0.0214825 0.00389892 0.999762 146.975 
0.999788 -0.00198888 0.0204857 -1.74518 0.00207854 0.999988 -0.00435421 -2.43737 -0.0204768 0.00439591 0.999781 148.326 
0.999762 -0.00969189 0.0195613 -1.72704 0.00973341 0.999951 -0.00202639 -2.46443 -0.0195408 0.00221635 0.999807 149.695 
0.999706 -0.0162059 0.0180176 -1.71727 0.016221 0.999868 -0.000689689 -2.48496 -0.0180041 0.000981792 0.999837 151.048 
0.999658 -0.0196701 0.0172208 -1.71055 0.0197398 0.999798 -0.00388521 -2.51459 -0.017141 0.00422386 0.999844 152.393 
0.999667 -0.0188592 0.0176095 -1.70863 0.018987 0.999794 -0.00711594 -2.54101 -0.0174717 0.00744796 0.99982 153.748 
0.999708 -0.0151598 0.0188166 -1.71525 0.0153394 0.999838 -0.00943638 -2.57059 -0.0186705 0.00972231 0.999778 155.1 
0.999686 -0.0155687 0.0196487 -1.7114 0.0157535 0.999833 -0.00928176 -2.61127 -0.019501 0.00958842 0.999764 156.465 
0.99962 -0.0185969 0.0203646 -1.69799 0.0187203 0.999807 -0.00588282 -2.64167 -0.0202513 0.00626185 0.999775 157.847 
0.999501 -0.0237113 0.0208843 -1.68382 0.0237801 0.999713 -0.00304972 -2.67154 -0.0208061 0.00354487 0.999777 159.21 
0.999406 -0.0273026 0.0210352 -1.67294 0.0273469 0.999624 -0.00182246 -2.69663 -0.0209776 0.00239667 0.999777 160.564 
0.999367 -0.0286893 0.0210389 -1.66365 0.0287381 0.999585 -0.00201699 -2.72208 -0.0209723 0.00262037 0.999777 161.933 
0.9994 -0.0265173 0.0222773 -1.65809 0.0265544 0.999646 -0.00136875 -2.74793 -0.0222331 0.00195953 0.999751 163.292 
0.999467 -0.0225127 0.0236577 -1.65446 0.0225718 0.999743 -0.00223199 -2.77661 -0.0236014 0.00276484 0.999718 164.661 
0.999508 -0.018815 0.0250999 -1.66363 0.0189321 0.999811 -0.00443281 -2.80292 -0.0250118 0.00490587 0.999675 165.997 
0.999538 -0.0159522 0.025856 -1.65735 0.0160868 0.999858 -0.00500615 -2.82883 -0.0257725 0.00541982 0.999653 167.355 
0.999554 -0.0137968 0.026484 -1.6464 0.0139063 0.999896 -0.00395108 -2.85762 -0.0264268 0.00431765 0.999641 168.73 
0.99958 -0.0119081 0.0264165 -1.63215 0.0120253 0.999919 -0.00428007 -2.88881 -0.0263635 0.00459598 0.999642 170.11 
0.999606 -0.0102366 0.0261303 -1.63173 0.0104154 0.999923 -0.00671391 -2.91227 -0.0260596 0.00698347 0.999636 171.522 
0.999642 -0.00615592 0.0260477 -1.64061 0.00641094 0.999932 -0.00971699 -2.93876 -0.0259862 0.00988054 0.999614 172.918 
0.999658 -0.000986306 0.0261227 -1.64653 0.00127497 0.999938 -0.0110345 -2.97159 -0.0261103 0.011064 0.999598 174.303 
0.999637 0.0036543 0.026682 -1.64642 -0.00339065 0.999945 -0.00991826 -3.00751 -0.0267168 0.00982424 0.999595 175.673 
0.999607 0.00617549 0.027354 -1.63857 -0.00596013 0.999951 -0.00794599 -3.04287 -0.0274018 0.00777987 0.999594 177.069 
0.999594 0.0071833 0.0275708 -1.62907 -0.00702458 0.999958 -0.00584774 -3.07545 -0.0276117 0.00565173 0.999603 178.465 
0.999625 0.00421732 0.0270468 -1.61718 -0.00408428 0.999979 -0.00497045 -3.10227 -0.0270672 0.00485816 0.999622 179.852 
0.999676 0.0020383 0.0253574 -1.60058 -0.00191394 0.999986 -0.00492593 -3.13128 -0.0253671 0.00487584 0.999666 181.246 
0.999724 0.00178177 0.023414 -1.59375 -0.00157056 0.999958 -0.0090343 -3.16681 -0.0234292 0.00899508 0.999685 182.645 
0.999755 0.00365368 0.021814 -1.58584 -0.00336361 0.999906 -0.0133174 -3.20015 -0.0218606 0.0132408 0.999673 184.05 
0.999737 0.00838849 0.0213375 -1.58934 -0.0080896 0.999869 -0.0140538 -3.23937 -0.0214526 0.0138775 0.999674 185.457 
0.999714 0.0112012 0.0211362 -1.58804 -0.0109305 0.999857 -0.0128795 -3.2811 -0.0212775 0.0126448 0.999694 186.896 
0.999686 0.0129682 0.021443 -1.58727 -0.0127656 0.999873 -0.00955868 -3.31273 -0.0215642 0.00928199 0.999724 188.355 
0.999676 0.0133102 0.0216932 -1.58217 -0.013145 0.999884 -0.00774076 -3.3393 -0.0217938 0.00745314 0.999735 189.812 
0.999683 0.0126599 0.0217544 -1.57409 -0.0125166 0.999899 -0.00670982 -3.37014 -0.0218371 0.00643544 0.999741 191.261 
0.999697 0.0110635 0.0219959 -1.57248 -0.0109323 0.999922 -0.00607461 -3.3987 -0.0220614 0.00583235 0.99974 192.673 
0.999722 0.0079182 0.0222134 -1.56674 -0.00779893 0.999955 -0.00544903 -3.43247 -0.0222556 0.00527431 0.999738 194.084 
0.999735 0.00551002 0.0223533 -1.55999 -0.00538921 0.999971 -0.00545903 -3.4613 -0.0223827 0.00533715 0.999735 195.525 
0.999738 0.00213917 0.0227873 -1.54577 -0.00204215 0.999989 -0.00427798 -3.49357 -0.0227963 0.00423037 0.999731 196.973 
0.999729 -0.0020626 0.0231925 -1.5308 0.00212777 0.999994 -0.00278374 -3.51972 -0.0231866 0.00283238 0.999727 198.427 
0.999711 -0.0047221 0.0235858 -1.51845 0.00478943 0.999985 -0.00279716 -3.55003 -0.0235722 0.00290936 0.999718 199.875 
0.999709 -0.00252124 0.0239835 -1.51029 0.00269618 0.99997 -0.00726299 -3.5795 -0.0239645 0.00732559 0.999686 201.323 
0.99969 0.00492221 0.0244084 -1.50863 -0.00461631 0.99991 -0.0125716 -3.6088 -0.0244681 0.012455 0.999623 202.757 
0.999572 0.0137758 0.0258025 -1.51379 -0.0134516 0.999829 -0.0126951 -3.64447 -0.025973 0.0123426 0.999586 204.214 
0.999406 0.0214978 0.0269428 -1.51661 -0.0212582 0.999732 -0.00914791 -3.68182 -0.0271323 0.00856976 0.999595 205.676 
0.999353 0.0226401 0.0279468 -1.51122 -0.0224519 0.999723 -0.00702749 -3.71348 -0.0280982 0.00639552 0.999585 207.137 
0.999407 0.0207346 0.0274785 -1.49602 -0.020558 0.999766 -0.00669261 -3.74073 -0.0276109 0.00612378 0.9996 208.598 
0.999491 0.0176868 0.0265401 -1.48279 -0.0175153 0.999824 -0.00668023 -3.77388 -0.0266537 0.00621201 0.999625 210.052 
0.999547 0.0157797 0.0256437 -1.46789 -0.0155979 0.999852 -0.00727382 -3.80506 -0.0257547 0.00687057 0.999645 211.522 
0.999552 0.0162496 0.0251384 -1.46057 -0.0160595 0.999841 -0.00774074 -3.84097 -0.0252602 0.0073336 0.999654 212.986 
0.999527 0.0177203 0.0251288 -1.45474 -0.0175377 0.999818 -0.00746686 -3.87754 -0.0252566 0.00702267 0.999656 214.448 
0.999507 0.0188356 0.0251378 -1.44981 -0.0186776 0.999804 -0.00650582 -3.9113 -0.0252554 0.00603314 0.999663 215.916 
0.999521 0.0180991 0.0251085 -1.44349 -0.0179303 0.999815 -0.00692957 -3.94758 -0.0252294 0.00647609 0.999661 217.384 
0.99953 0.0178145 0.0249325 -1.43451 -0.0176215 0.999813 -0.00793692 -3.98001 -0.0250693 0.00749388 0.999658 218.853 
0.999546 0.0170234 0.0248643 -1.42582 -0.0168264 0.999826 -0.00810785 -4.01552 -0.024998 0.00768583 0.999658 220.331 
0.999536 0.0176166 0.0248369 -1.42444 -0.0174185 0.999815 -0.008168 -4.04916 -0.0249762 0.00773163 0.999658 221.825 
0.99953 0.0179966 0.0248214 -1.42129 -0.0177899 0.999805 -0.00852273 -4.08289 -0.02497 0.00807719 0.999656 223.325 
0.999531 0.0179374 0.0248153 -1.41793 -0.0177292 0.999806 -0.00858074 -4.11908 -0.0249645 0.0081368 0.999655 224.818 
0.999528 0.0187165 0.0243786 -1.40713 -0.0185032 0.999789 -0.00894275 -4.15764 -0.0245408 0.00848748 0.999663 226.326 
0.999534 0.018554 0.0242315 -1.40216 -0.0183375 0.99979 -0.00912389 -4.19192 -0.0243957 0.00867533 0.999665 227.833 
0.999533 0.0188882 0.0240194 -1.39287 -0.0186739 0.999784 -0.00911212 -4.22789 -0.0241863 0.00865937 0.99967 229.335 
0.999545 0.0181537 0.0241062 -1.38768 -0.0179389 0.999798 -0.00909657 -4.26498 -0.0242665 0.00866003 0.999668 230.837 
0.999563 0.016971 0.0242001 -1.37554 -0.0167483 0.999816 -0.00937337 -4.30047 -0.0243547 0.008964 0.999663 232.363 
0.999578 0.0157035 0.0244537 -1.36621 -0.0154813 0.999837 -0.00925009 -4.33425 -0.0245951 0.00886765 0.999658 233.882 
0.999597 0.014254 0.0245425 -1.35067 -0.0140541 0.999867 -0.00829755 -4.37568 -0.0246575 0.00794933 0.999664 235.397 
0.999596 0.0142624 0.024589 -1.34262 -0.0140675 0.999868 -0.00807829 -4.41611 -0.024701 0.00772916 0.999665 236.917 
0.999577 0.0144542 0.0252338 -1.35716 -0.0142458 0.999863 -0.00841821 -4.45048 -0.025352 0.00805521 0.999646 238.456 
0.99956 0.0151141 0.0255334 -1.34458 -0.0148877 0.999848 -0.0090336 -4.48676 -0.0256661 0.00864953 0.999633 239.968 
0.999523 0.0164907 0.0261188 -1.33921 -0.0162759 0.999832 -0.00841259 -4.52435 -0.0262532 0.00798351 0.999623 241.484 
0.999507 0.0166151 0.0266431 -1.32384 -0.0164563 0.999846 -0.00616559 -4.56471 -0.0267415 0.00572415 0.999626 243.001 
0.999489 0.0164556 0.027394 -1.31353 -0.0163026 0.99985 -0.00579632 -4.59772 -0.0274854 0.0053468 0.999608 244.528 
0.999467 0.0168008 0.0279928 -1.3023 -0.0165966 0.999834 -0.00751021 -4.63133 -0.0281144 0.00704166 0.99958 246.061 
0.999444 0.0169982 0.0286703 -1.29575 -0.0167515 0.999821 -0.00882381 -4.66491 -0.0288152 0.00833868 0.99955 247.591 
0.999422 0.0175526 0.0291054 -1.28226 -0.0173152 0.999815 -0.00838539 -4.69968 -0.0292473 0.00787662 0.999541 249.12 
0.999423 0.0175799 0.0290611 -1.26704 -0.0173748 0.999823 -0.00729157 -4.73849 -0.0291842 0.00678247 0.999551 250.65 
0.999422 0.0175029 0.0291462 -1.26117 -0.017314 0.999828 -0.00671953 -4.77522 -0.0292588 0.00621105 0.999553 252.181 
0.999426 0.0177352 0.0288522 -1.24458 -0.0175469 0.999823 -0.00676445 -4.80865 -0.0289671 0.00625435 0.999561 253.724 
0.999388 0.0193517 0.0291495 -1.23067 -0.0191681 0.999795 -0.00656299 -4.84396 -0.0292705 0.00600028 0.999554 255.259 
0.99935 0.0208177 0.0294323 -1.22203 -0.0206228 0.999763 -0.00690974 -4.87271 -0.0295692 0.00629831 0.999543 256.828 
0.999336 0.0209799 0.029774 -1.21189 -0.0207958 0.999763 -0.00647792 -4.90934 -0.0299029 0.00585449 0.999536 258.373 
0.999367 0.0195343 0.0297413 -1.19253 -0.019352 0.999792 -0.00640547 -4.94347 -0.0298603 0.0058259 0.999537 259.915 
0.9994 0.0176839 0.0297939 -1.17567 -0.0175265 0.999831 -0.00553377 -4.97745 -0.0298867 0.00500831 0.999541 261.454 
0.999442 0.0151515 0.0297593 -1.14853 -0.0150193 0.999876 -0.004657 -5.0164 -0.0298262 0.00420748 0.999546 263.015 
0.999467 0.0141781 0.029417 -1.12359 -0.014026 0.999887 -0.00536932 -5.05018 -0.0294899 0.00495389 0.999553 264.556 
0.999485 0.0129999 0.0293307 -1.10218 -0.0128145 0.999897 -0.00649726 -5.08124 -0.0294122 0.0061181 0.999549 266.102 
0.999488 0.0112744 0.0299342 -1.08925 -0.0111398 0.999927 -0.00465802 -5.11602 -0.0299846 0.00432222 0.999541 267.627 
0.999498 0.00912083 0.0303355 -1.06784 -0.00903694 0.999955 -0.00290009 -5.14973 -0.0303606 0.00262454 0.999536 269.18 
0.999502 0.00818649 0.0304878 -1.05386 -0.00807615 0.99996 -0.00373918 -5.1818 -0.0305172 0.00349113 0.999528 270.725 
0.999486 0.00803908 0.0310208 -1.02935 -0.00789099 0.999957 -0.00489201 -5.20782 -0.0310589 0.00464475 0.999507 272.284 
0.999446 0.00935715 0.0319366 -1.01161 -0.00919045 0.999943 -0.00536097 -5.24131 -0.031985 0.00506453 0.999476 273.833 
0.999387 0.0114754 0.0330626 -0.98958 -0.0113033 0.999922 -0.00538672 -5.278 -0.0331218 0.00500975 0.999439 275.382 
0.999341 0.012962 0.0339136 -0.971263 -0.0127773 0.999902 -0.00565505 -5.31141 -0.0339836 0.00521804 0.999409 276.956 
0.999292 0.0140011 0.0349314 -0.942793 -0.0138005 0.999887 -0.00597657 -5.34836 -0.0350112 0.00549031 0.999372 278.509 
0.999254 0.0144426 0.035819 -0.9175 -0.0142319 0.99988 -0.00612941 -5.38513 -0.0359033 0.00561511 0.99934 280.048 
0.999227 0.0142807 0.0366272 -0.891011 -0.0140449 0.999879 -0.00668486 -5.42416 -0.0367183 0.00616531 0.999307 281.598 
0.999198 0.0136738 0.0376372 -0.865475 -0.0134023 0.999882 -0.00745356 -5.4533 -0.0377348 0.00694319 0.999264 283.194 
0.999167 0.0128037 0.0387496 -0.833808 -0.0125412 0.999897 -0.00700756 -5.49163 -0.0388354 0.0065158 0.999224 284.752 
0.999151 0.0117735 0.0394896 -0.802289 -0.0115395 0.999915 -0.006148 -5.52093 -0.0395586 0.00568713 0.999201 286.336 
0.999156 0.0110343 0.0395615 -0.769631 -0.0108087 0.999924 -0.00591057 -5.55628 -0.0396237 0.00547802 0.9992 287.891 
0.99915 0.0106505 0.0398261 -0.742225 -0.0103175 0.99991 -0.00855677 -5.5887 -0.0399137 0.00813863 0.99917 289.467 
0.999161 0.00945065 0.0398562 -0.70657 -0.00903448 0.999903 -0.010608 -5.62801 -0.0399526 0.0102391 0.999149 291.038 
0.999166 0.00962241 0.0396752 -0.689645 -0.00920472 0.9999 -0.0106958 -5.65753 -0.0397742 0.0103218 0.999155 292.545 
0.999227 0.00785634 0.0385081 -0.653548 -0.00745498 0.999917 -0.0105541 -5.6957 -0.0385879 0.0102589 0.999203 294.094 
0.999278 0.00784747 0.0371775 -0.61891 -0.00743796 0.99991 -0.0111393 -5.73919 -0.0372616 0.0108548 0.999247 295.638 
0.999294 0.00761916 0.0367938 -0.59168 -0.00720352 0.999909 -0.0114149 -5.78288 -0.0368774 0.0111418 0.999258 297.218 
0.999326 0.00736714 0.035957 -0.553725 -0.00698141 0.999917 -0.0108402 -5.82365 -0.036034 0.0105819 0.999295 298.81 
0.999375 0.00649101 0.034737 -0.51856 -0.00612411 0.999925 -0.010657 -5.86399 -0.0348036 0.0104376 0.99934 300.398 
0.999412 0.00606647 0.0337359 -0.490008 -0.00575399 0.99994 -0.00935081 -5.90002 -0.0337906 0.00915125 0.999387 302.001 
0.999416 0.00792454 0.0332407 -0.468129 -0.00765874 0.999938 -0.00811451 -5.93929 -0.033303 0.00785523 0.999414 303.578 
0.999383 0.00853982 0.0340726 -0.454262 -0.00827101 0.999934 -0.00802121 -5.9714 -0.0341389 0.00773449 0.999387 305.192 
0.999349 0.00900803 0.0349306 -0.430564 -0.00872072 0.999927 -0.00836766 -6.00878 -0.0350035 0.00805764 0.999355 306.806 
0.999346 0.00764381 0.0353326 -0.400466 -0.00735105 0.999938 -0.00840729 -6.05212 -0.0353947 0.0081421 0.99934 308.432 
0.999354 0.00566664 0.0354853 -0.368842 -0.00533476 0.999941 -0.00943908 -6.08824 -0.0355368 0.00924372 0.999326 310.038 
0.999355 0.00428374 0.0356511 -0.330755 -0.00387872 0.999927 -0.0114206 -6.12712 -0.0356975 0.011275 0.999299 311.693 
0.999366 0.00364391 0.0354228 -0.305304 -0.00320709 0.999918 -0.0123792 -6.17182 -0.0354651 0.0122578 0.999296 313.302 
0.999445 0.00403685 0.0330617 -0.28002 -0.00360297 0.999907 -0.0131709 -6.22072 -0.0331119 0.0130445 0.999367 314.92 
0.99951 0.00521559 0.0308744 -0.258201 -0.00483352 0.999911 -0.0124352 -6.26583 -0.0309366 0.0122799 0.999446 316.539 
0.999511 0.00629573 0.0306157 -0.244684 -0.00601636 0.99994 -0.00920703 -6.30763 -0.0306718 0.00901838 0.999489 318.193 
0.999497 0.00495028 0.0313325 -0.224545 -0.00475535 0.999969 -0.00629144 -6.34175 -0.0313627 0.00613931 0.999489 319.821 
0.999494 0.00400859 0.0315509 -0.204797 -0.00383445 0.999977 -0.00557644 -6.37682 -0.0315726 0.00545268 0.999487 321.455 
0.999485 0.00296011 0.0319652 -0.18535 -0.0027418 0.999973 -0.00686999 -6.411 -0.0319847 0.00677885 0.999465 323.107 
0.999468 0.00201988 0.0325466 -0.166832 -0.00179287 0.999974 -0.00700129 -6.44581 -0.0325599 0.00693926 0.999446 324.755 
0.99945 0.00210359 0.0330894 -0.145725 -0.00187976 0.999975 -0.00679287 -6.48212 -0.0331029 0.00672698 0.999429 326.419 
0.999429 0.00178436 0.0337375 -0.125836 -0.00155798 0.999976 -0.00673388 -6.52093 -0.0337488 0.00667751 0.999408 328.058 
0.999404 0.00351909 0.0343436 -0.107709 -0.00325373 0.999964 -0.00777834 -6.55838 -0.0343698 0.007662 0.99938 329.702 
0.999377 0.00429532 0.035024 -0.0821459 -0.00400541 0.999957 -0.00834214 -6.6014 -0.0350584 0.0081967 0.999352 331.342 
0.999338 0.00283675 0.0362721 -0.0606695 -0.00260399 0.999976 -0.00646128 -6.63895 -0.0362896 0.00636259 0.999321 332.97 
0.999332 0.00188354 0.0365078 -0.0324676 -0.00167746 0.999983 -0.0056736 -6.67763 -0.0365179 0.00560861 0.999317 334.632 
0.99932 0.00112023 0.0368513 -0.00873046 -0.000870488 0.999977 -0.00679129 -6.71863 -0.0368581 0.00675464 0.999298 336.25 
0.999307 0.00262123 0.0371313 0.0171387 -0.00237168 0.999974 -0.00676199 -6.75646 -0.0371481 0.00666928 0.999288 337.886 
0.999295 0.00457259 0.0372645 0.0229448 -0.00424063 0.999951 -0.00898128 -6.79427 -0.0373038 0.00881697 0.999265 339.545 
0.999299 0.00629372 0.0369006 0.044403 -0.00585457 0.999911 -0.0119955 -6.83581 -0.0369728 0.0117711 0.999247 341.206 
0.999311 0.00754919 0.0363504 0.0689594 -0.00713619 0.999909 -0.0114768 -6.88403 -0.0364337 0.0112095 0.999273 342.836 
0.999312 0.00839046 0.0361178 0.0534015 -0.00809708 0.999933 -0.00826014 -6.92052 -0.0361847 0.00796205 0.999313 344.493 
0.999337 0.00943745 0.0351522 0.0798643 -0.00925073 0.999942 -0.0054694 -6.9611 -0.0352018 0.00514063 0.999367 346.119 
0.99936 0.00970902 0.034442 0.0883166 -0.00948158 0.999932 -0.00675954 -6.99352 -0.0345053 0.00642868 0.999384 347.766 
0.999409 0.00934619 0.0330867 0.102834 -0.00907945 0.999925 -0.00820157 -7.03225 -0.0331609 0.00789636 0.999419 349.372 
0.99947 0.00797505 0.0315647 0.123897 -0.0077668 0.999947 -0.00671348 -7.07425 -0.0316166 0.0064648 0.999479 350.989 
0.999495 0.00629957 0.0311377 0.134577 -0.00610152 0.999961 -0.00645002 -7.10728 -0.0311771 0.00625682 0.999494 352.619 
0.999502 0.00617303 0.0309492 0.147502 -0.00595167 0.999956 -0.00723803 -7.14664 -0.0309926 0.00705027 0.999495 354.236 
0.999515 0.00539172 0.0306619 0.170074 -0.00514868 0.999955 -0.00799841 -7.19016 -0.0307037 0.00783671 0.999498 355.85 
0.999517 0.00519622 0.0306338 0.188662 -0.00495097 0.999955 -0.0080748 -7.2308 -0.0306744 0.00791927 0.999498 357.468 
0.999511 0.00471963 0.0309139 0.205826 -0.0044683 0.999956 -0.00819275 -7.27035 -0.0309512 0.00805065 0.999489 359.078 
0.999511 0.00401897 0.0310266 0.224109 -0.00375324 0.999956 -0.00861669 -7.31296 -0.0310599 0.00849606 0.999481 360.679 
0.999507 0.00379143 0.0311816 0.241442 -0.00350424 0.999951 -0.00925852 -7.35338 -0.0312152 0.00914473 0.999471 362.275 
0.9995 0.00328978 0.0314638 0.260272 -0.00300556 0.999954 -0.00907506 -7.39646 -0.0314922 0.008976 0.999464 363.876 
0.9995 0.0036362 0.0313981 0.284269 -0.00333403 0.999948 -0.00966961 -7.44173 -0.0314317 0.00956014 0.99946 365.468 
0.999504 0.00200898 0.0314178 0.311213 -0.0016615 0.999937 -0.0110808 -7.48234 -0.0314382 0.0110232 0.999445 367.089 
0.999499 0.000271408 0.0316356 0.323417 2.67753e-05 0.999956 -0.00942339 -7.51987 -0.0316368 0.00941956 0.999455 368.678 
0.999494 -0.00139741 0.0317674 0.344276 0.00167651 0.99996 -0.00875926 -7.55578 -0.031754 0.00880813 0.999457 370.291 
0.999484 -0.00200945 0.0320551 0.360659 0.00232161 0.99995 -0.00970248 -7.59444 -0.0320341 0.00977193 0.999439 371.894 
0.999484 -0.00113173 0.0321059 0.383394 0.00146487 0.999945 -0.0103534 -7.63518 -0.0320924 0.0103951 0.999431 373.495 
0.999464 0.000654366 0.0327299 0.398578 -0.000345355 0.999955 -0.00944467 -7.67866 -0.0327347 0.00942835 0.99942 375.102 
0.99944 0.00225316 0.0333765 0.413022 -0.00196123 0.99996 -0.0087756 -7.719 -0.033395 0.00870527 0.999404 376.719 
0.999428 0.00268458 0.0337033 0.442252 -0.00237828 0.999956 -0.00912351 -7.75788 -0.0337263 0.00903818 0.99939 378.342 
0.999427 0.00249754 0.0337625 0.46561 -0.00216134 0.999948 -0.00998946 -7.80167 -0.0337858 0.00991081 0.99938 379.948 
0.99942 0.00282673 0.0339329 0.491392 -0.00247465 0.999943 -0.0104119 -7.84042 -0.0339605 0.010322 0.99937 381.575 
0.9994 0.00315055 0.0344962 0.517888 -0.00279177 0.999942 -0.0104427 -7.8845 -0.0345271 0.0103401 0.99935 383.192 
0.999399 0.00445268 0.0343898 0.549589 -0.00409771 0.999938 -0.0103842 -7.92633 -0.0344339 0.0102371 0.999355 384.819 
0.999382 0.00594627 0.0346486 0.58132 -0.00560195 0.999934 -0.0100248 -7.97314 -0.034706 0.00982459 0.999349 386.444 
0.999372 0.00701637 0.0347275 0.612288 -0.0066447 0.99992 -0.010805 -8.01568 -0.0348005 0.0105675 0.999338 388.048 
0.999355 0.00794479 0.035015 0.641583 -0.00754736 0.999906 -0.0114669 -8.0601 -0.0351028 0.0111953 0.999321 389.684 
0.999342 0.0092319 0.0350805 0.675077 -0.00882095 0.999891 -0.0118499 -8.09611 -0.0351861 0.0115327 0.999314 391.323 
0.999323 0.0105055 0.0352488 0.706068 -0.0101292 0.99989 -0.0108357 -8.14366 -0.0353588 0.0104714 0.99932 392.935 
0.9993 0.0113955 0.0356464 0.731143 -0.0110157 0.999881 -0.0108308 -8.18437 -0.0357657 0.0104306 0.999306 394.563 
0.999281 0.0120021 0.035975 0.758282 -0.0116024 0.999869 -0.0112985 -8.22978 -0.0361059 0.010873 0.999289 396.201 
0.99926 0.0126072 0.036328 0.776422 -0.0122124 0.999864 -0.011067 -8.27509 -0.0364626 0.0106153 0.999279 397.825 
0.99925 0.0123414 0.0367098 0.803985 -0.0119657 0.999874 -0.0104361 -8.31795 -0.036834 0.00998907 0.999272 399.463 
0.999236 0.0122799 0.0371119 0.833299 -0.0118642 0.999865 -0.0113995 -8.36432 -0.0372469 0.0109505 0.999246 401.094 
0.99924 0.0117453 0.0371797 0.873285 -0.0113049 0.999864 -0.0120321 -8.41673 -0.037316 0.0116027 0.999236 402.73 
0.99924 0.0112695 0.0373044 0.904925 -0.0108301 0.99987 -0.0119601 -8.46514 -0.0374343 0.011547 0.999232 404.371 
0.999251 0.0104065 0.0372684 0.94875 -0.0100121 0.999892 -0.0107526 -8.50461 -0.0373763 0.0103714 0.999247 406.043 
0.999248 0.00884331 0.0377457 0.976783 -0.0084882 0.999918 -0.00955684 -8.54013 -0.0378272 0.0092293 0.999242 407.676 
0.999253 0.0073337 0.037944 1.01273 -0.00694443 0.999922 -0.0103796 -8.58666 -0.0380172 0.0101084 0.999226 409.329 
0.99926 0.00610573 0.0379737 1.04396 -0.00568724 0.999922 -0.0111176 -8.63182 -0.0380386 0.0108935 0.999217 410.968 
