1 2.12261e-08 -2.11895e-08 0 2.12261e-08 1 2.10703e-08 0 -2.11895e-08 2.10703e-08 1 0 
1 -0.000399167 -0.000463279 -0.00248464 0.000399833 0.999999 0.00134748 -0.0120237 0.000462699 -0.00134762 0.999999 1.38876 
0.999999 -0.00140459 -0.000718902 -0.0322808 0.00140561 0.999998 0.00136338 -0.0301876 0.000716944 -0.00136435 0.999999 2.73066 
0.999996 -0.00280621 -0.000838997 -0.0481243 0.00280641 0.999996 0.000186695 -0.0457957 0.000838427 -0.000189006 1 4.08548 
0.999996 -0.00294329 -0.000611319 -0.0730964 0.00294334 0.999996 1.22749e-05 -0.0583462 0.000611237 -1.4032e-05 1 5.44875 
0.999994 -0.00348937 -0.000497274 -0.0983705 0.00348986 0.999994 0.000904625 -0.0778907 0.000494071 -0.000906313 1 6.80951 
0.999987 -0.00505563 -7.59929e-05 -0.124033 0.00505582 0.999985 0.00217107 -0.0992902 6.49733e-05 -0.00217138 0.999998 8.15704 
0.999989 -0.00461858 -4.74732e-05 -0.154253 0.00461873 0.999986 0.00269475 -0.118502 3.49842e-05 -0.0026949 0.999996 9.50046 
0.999992 -0.00408214 -0.000326287 -0.184636 0.00408247 0.999991 0.000880896 -0.136481 0.000322645 -0.000882179 1 10.8727 
0.999999 -0.00133769 -0.000180803 -0.21059 0.00133747 0.999998 -0.00145247 -0.155335 0.000182703 0.00145227 0.999999 12.2483 
0.999997 0.00233266 0.00042759 -0.246771 -0.00233158 0.999994 -0.00240298 -0.177345 -0.000433236 0.00240202 0.999997 13.6074 
0.999988 0.00485514 0.00101136 -0.285358 -0.00485256 0.999985 -0.00250177 -0.202941 -0.00102353 0.00249687 0.999996 14.9616 
0.999983 0.00576539 0.00125936 -0.313186 -0.00576316 0.999982 -0.00172907 -0.224701 -0.00126934 0.00172182 0.999998 16.3343 
0.999992 0.00347531 0.00182256 -0.334568 -0.00347694 0.999994 0.000914467 -0.243622 -0.00181941 -0.000920755 0.999998 17.6931 
0.999997 -0.000464273 0.00228403 -0.357741 0.000458184 0.999996 0.00268465 -0.262978 -0.00228531 -0.00268356 0.999994 19.0516 
0.999994 -0.00283935 0.0021158 -0.375009 0.00283841 0.999996 0.000467134 -0.283431 -0.00211716 -0.000461084 0.999998 20.4176 
0.999991 -0.00388484 0.00196186 -0.395186 0.00388803 0.999991 -0.00160119 -0.301083 -0.00195566 0.00160884 0.999997 21.7826 
0.999995 -0.00136064 0.00297156 -0.426448 0.00137038 0.999994 -0.00326564 -0.323469 -0.00296714 0.00326973 0.99999 23.1454 
0.999992 0.00145686 0.00380987 -0.454013 -0.00145207 0.999998 -0.00124927 -0.347602 -0.00381172 0.00124377 0.999992 24.5166 
0.999989 0.00178661 0.00431025 -0.47493 -0.00179672 0.999996 0.00235228 -0.368765 -0.00430608 -0.00235996 0.999988 25.8941 
0.999989 -0.000258404 0.00474695 -0.490013 0.000238895 0.999992 0.00411876 -0.38187 -0.00474802 -0.00411754 0.99998 27.2746 
0.999982 -0.00408998 0.00431373 -0.504233 0.00407997 0.999989 0.00233619 -0.399703 -0.00432328 -0.0023185 0.999988 28.639 
0.999981 -0.00438449 0.00437399 -0.524763 0.0043842 0.99999 8.56136e-05 -0.422212 -0.00437436 -6.63934e-05 0.99999 30.0112 
0.999975 -0.00494967 0.00509829 -0.540397 0.00496081 0.999985 -0.00216596 -0.448818 -0.00508754 0.00219124 0.999985 31.4065 
0.999983 -0.0010871 0.00567493 -0.558121 0.00110464 0.999995 -0.00308031 -0.473245 -0.0056716 0.00308657 0.999979 32.8082 
0.999981 -0.000294998 0.00620114 -0.580354 0.000326695 0.999987 -0.00510416 -0.499361 -0.00619959 0.00510613 0.999968 34.2047 
0.99998 0.00101285 0.00629586 -0.59907 -0.000983773 0.999989 -0.00461355 -0.526796 -0.0063005 0.0046073 0.99997 35.6127 
0.999977 0.00123135 0.00670627 -0.627652 -0.00121011 0.999994 -0.00316359 -0.557522 -0.00671017 0.00315545 0.999973 37.0165 
0.999976 0.00262065 0.00648101 -0.647948 -0.00260817 0.999995 -0.00192717 -0.578506 -0.00648607 0.00191026 0.999977 38.4252 
0.999965 0.005253 0.00654299 -0.666343 -0.00524346 0.999985 -0.00146699 -0.605781 -0.00655064 0.00143267 0.999978 39.8264 
0.999944 0.00775464 0.00719973 -0.692422 -0.00774083 0.999968 -0.0019378 -0.628048 -0.00721457 0.001882 0.999972 41.2417 
0.999925 0.0098289 0.00730418 -0.711238 -0.00981847 0.999951 -0.00145659 -0.656908 -0.00731818 0.00138481 0.999972 42.6625 
0.999923 0.0100977 0.00720575 -0.731671 -0.0100891 0.999948 -0.00121752 -0.677868 -0.00721772 0.00114477 0.999973 44.1157 
0.999931 0.00929759 0.00719105 -0.752593 -0.00928748 0.999956 -0.00143237 -0.700505 -0.00720409 0.00136553 0.999973 45.5509 
0.99994 0.00872218 0.00669793 -0.773372 -0.00871026 0.99996 -0.00180047 -0.724167 -0.00671341 0.00174206 0.999976 46.9769 
0.999946 0.00844174 0.00606675 -0.790905 -0.00843128 0.999963 -0.00174062 -0.74701 -0.00608126 0.00168942 0.99998 48.3999 
0.99995 0.00861713 0.00510898 -0.81024 -0.00861412 0.999963 -0.000602548 -0.768031 -0.00511402 0.000558551 0.999987 49.8138 
0.99995 0.00911586 0.00419335 -0.833232 -0.00911204 0.999958 -0.000919213 -0.790456 -0.0042016 0.000880999 0.999991 51.2537 
0.999948 0.00963306 0.00325066 -0.855455 -0.00963058 0.999953 -0.000764642 -0.808214 -0.00325791 0.000733338 0.999994 52.6898 
0.999948 0.00988825 0.0023754 -0.882511 -0.00988849 0.999951 0.000104284 -0.832162 -0.0023743 -0.000127726 0.999997 54.1168 
0.999961 0.00858778 0.00184574 -0.905363 -0.00858978 0.999963 0.00109921 -0.854664 -0.00183627 -0.00111498 0.999998 55.5613 
0.999973 0.00720042 0.00157887 -0.930759 -0.00720226 0.999973 0.00118591 -0.877768 -0.00157033 -0.00119721 0.999998 56.9986 
0.999987 0.00502519 0.00118169 -0.952902 -0.00502574 0.999987 0.000501088 -0.899799 -0.0011792 -0.000506978 0.999999 58.4376 
0.999991 0.00412436 0.0011904 -0.974874 -0.00412521 0.999991 0.000751601 -0.923163 -0.00118733 -0.000756462 0.999999 59.8819 
0.999995 0.00280539 0.00161136 -0.995473 -0.00280773 0.999995 0.00148091 -0.947989 -0.00160724 -0.00148538 0.999998 61.3264 
0.999997 0.00141771 0.00215756 -1.01608 -0.00142266 0.999996 0.00231332 -0.975163 -0.00215431 -0.00231634 0.999995 62.764 
0.999996 0.000337957 0.00281845 -1.03839 -0.000342653 0.999999 0.00168097 -0.997131 -0.00281792 -0.00168188 0.999995 64.2058 
0.999994 -0.00134245 0.0033539 -1.06092 0.00133928 0.999999 0.000960205 -1.02129 -0.00335522 -0.000955665 0.999994 65.6409 
0.999991 -0.000677429 0.00412612 -1.08942 0.000675713 1 0.000427648 -1.04371 -0.00412645 -0.000424814 0.999991 67.0843 
0.999986 0.00101429 0.00510455 -1.1159 -0.00101414 1 -2.29072e-05 -1.06564 -0.00510462 1.77722e-05 0.999987 68.5319 
0.999973 0.00471336 0.00560303 -1.13077 -0.00471961 0.999988 0.0011109 -1.08901 -0.00559777 -0.00113727 0.999984 69.958 
0.999941 0.00842871 0.00683115 -1.16972 -0.00844451 0.999962 0.00229389 -1.11322 -0.0068116 -0.0023514 0.999974 71.3941 
0.999889 0.0127046 0.00777418 -1.20295 -0.0127234 0.999916 0.00238195 -1.12711 -0.00774331 -0.00248056 0.999967 72.8161 
0.999817 0.0170451 0.00869567 -1.23935 -0.0170625 0.999853 0.0019398 -1.15153 -0.00866137 -0.00208778 0.99996 74.2248 
0.999747 0.020523 0.00925879 -1.25724 -0.0205352 0.999788 0.00123166 -1.17537 -0.00923159 -0.00142143 0.999956 75.6576 
0.999704 0.0221309 0.0101209 -1.27343 -0.0221441 0.999754 0.00120381 -1.20329 -0.0100918 -0.00142753 0.999948 77.0581 
0.999696 0.0223414 0.0104646 -1.28591 -0.0223571 0.999749 0.00139038 -1.22294 -0.010431 -0.00162387 0.999944 78.494 
0.999725 0.0210299 0.0104132 -1.2861 -0.0210427 0.999778 0.0011261 -1.24585 -0.0103872 -0.00134487 0.999945 79.9207 
0.999741 0.020208 0.0105057 -1.30071 -0.020211 0.999796 0.000184024 -1.26977 -0.0104999 -0.000396266 0.999945 81.3077 
0.999753 0.0196609 0.0103362 -1.31759 -0.0196629 0.999807 9.25182e-05 -1.29274 -0.0103325 -0.000295694 0.999947 82.7321 
0.999762 0.0194292 0.00996812 -1.33067 -0.0194319 0.999811 0.000177631 -1.31372 -0.00996283 -0.000371247 0.99995 84.1308 
0.999773 0.0189838 0.00969326 -1.36236 -0.0189852 0.99982 6.32399e-05 -1.35153 -0.00969036 -0.000247213 0.999953 85.5599 
0.99977 0.0193266 0.00934002 -1.3935 -0.0193294 0.999813 0.000212707 -1.37481 -0.00933421 -0.000393153 0.999956 86.9578 
0.999789 0.0186619 0.00853757 -1.41985 -0.0186698 0.999825 0.000840144 -1.39646 -0.00852044 -0.00099932 0.999963 88.3903 
0.999831 0.0167378 0.00759721 -1.43333 -0.0167518 0.999858 0.00178266 -1.42212 -0.00756633 -0.00190959 0.99997 89.7564 
0.999882 0.0140709 0.00612018 -1.44334 -0.0140855 0.999898 0.00235623 -1.44658 -0.00608645 -0.00244212 0.999979 91.1495 
0.999914 0.011997 0.00533243 -1.45559 -0.0120098 0.999925 0.00239049 -1.46668 -0.00530339 -0.00245429 0.999983 92.5489 
0.999934 0.0103555 0.00491597 -1.47286 -0.010364 0.999945 0.0017153 -1.47851 -0.00489798 -0.0017661 0.999986 93.9533 
0.999947 0.00912985 0.00483586 -1.49277 -0.00913613 0.999957 0.00128675 -1.5023 -0.00482395 -0.00133082 0.999988 95.3579 
0.999937 0.0101061 0.00486867 -1.51355 -0.0101089 0.999949 0.000568131 -1.52757 -0.00486273 -0.000617271 0.999988 96.7011 
0.999941 0.00964484 0.00498562 -1.53324 -0.00964543 0.999954 0.000101638 -1.54997 -0.00498445 -0.000149679 0.999988 98.0677 
0.999928 0.0108062 0.00515615 -1.5589 -0.0108029 0.999941 -0.000656698 -1.57727 -0.00516299 0.000600991 0.999987 99.4413 
0.999912 0.0118637 0.00587535 -1.59058 -0.011861 0.99993 -0.000483008 -1.59688 -0.00588071 0.00041332 0.999983 100.814 
0.999904 0.0123386 0.00629555 -1.61295 -0.0123465 0.999923 0.00121185 -1.6313 -0.00628015 -0.00128942 0.999979 102.185 
0.999893 0.0131062 0.0065364 -1.63318 -0.0131227 0.999911 0.00249742 -1.65311 -0.00650313 -0.00258289 0.999976 103.538 
0.999902 0.0122043 0.00682725 -1.65673 -0.0122118 0.999925 0.00107184 -1.67195 -0.0068137 -0.00115506 0.999976 104.898 
0.999899 0.0123269 0.00711142 -1.67425 -0.0123182 0.999923 -0.0012488 -1.6965 -0.00712631 0.00116111 0.999974 106.239 
0.999907 0.0115708 0.00727617 -1.69696 -0.0115533 0.99993 -0.00243847 -1.72185 -0.00730392 0.00235422 0.999971 107.584 
0.999925 0.00959432 0.00761122 -1.71232 -0.00958566 0.999953 -0.00116746 -1.74632 -0.0076221 0.00109446 0.99997 108.926 
0.999941 0.00713685 0.00820056 -1.72461 -0.00714324 0.999974 0.000754904 -1.7697 -0.008195 -0.000813396 0.999966 110.27 
0.999942 0.00561167 0.00923888 -1.73791 -0.00562328 0.999983 0.00123556 -1.79077 -0.00923184 -0.0012874 0.999957 111.629 
0.999938 0.00478073 0.0100718 -1.74477 -0.00477906 0.999989 -0.00018554 -1.81264 -0.0100726 0.000137436 0.999949 112.978 
0.999917 0.00682208 0.0109273 -1.76019 -0.00679413 0.999974 -0.00258874 -1.83955 -0.0109447 0.00251433 0.999937 114.323 
0.999886 0.00894181 0.0121673 -1.7706 -0.00888586 0.99995 -0.00464073 -1.86725 -0.0122082 0.00453213 0.999915 115.685 
0.999835 0.0119482 0.0136714 -1.78445 -0.0118845 0.999918 -0.00472992 -1.89384 -0.0137269 0.0045667 0.999895 117.056 
0.99979 0.0133102 0.0156011 -1.79743 -0.0132651 0.999908 -0.00298909 -1.91566 -0.0156395 0.00278156 0.999874 118.436 
0.999771 0.0133028 0.0167468 -1.79983 -0.0132935 0.999911 -0.000666032 -1.94414 -0.0167542 0.000443297 0.99986 119.81 
0.999767 0.0125298 0.017583 -1.79918 -0.012528 0.999922 -0.000211715 -1.96704 -0.0175843 -8.57214e-06 0.999845 121.158 
0.99974 0.0128776 0.0188202 -1.80202 -0.0128654 0.999917 -0.000766233 -1.98923 -0.0188286 0.000523945 0.999823 122.503 
0.999679 0.0150663 0.0203602 -1.81888 -0.0150392 0.999886 -0.00148236 -2.00908 -0.0203802 0.00117573 0.999792 123.889 
0.999624 0.017026 0.0215184 -1.8161 -0.016987 0.999854 -0.00199569 -2.02809 -0.0215492 0.00162944 0.999767 125.258 
0.999583 0.0175187 0.0229519 -1.81924 -0.0174521 0.999843 -0.00309899 -2.04978 -0.0230027 0.00269718 0.999732 126.619 
0.999531 0.0189643 0.0240401 -1.81794 -0.018874 0.999814 -0.00397841 -2.07396 -0.0241112 0.00352286 0.999703 127.976 
0.999519 0.0180377 0.0252462 -1.8149 -0.017933 0.99983 -0.0043646 -2.09572 -0.0253207 0.0039098 0.999672 129.351 
0.999497 0.0176699 0.0263418 -1.8129 -0.0175907 0.99984 -0.00323495 -2.12657 -0.0263948 0.00277 0.999648 130.688 
0.999483 0.0164689 0.0276273 -1.81423 -0.0164093 0.999863 -0.00238181 -2.15062 -0.0276627 0.00192727 0.999615 132.068 
0.999476 0.0157545 0.0282666 -1.80955 -0.0157013 0.999875 -0.00210063 -2.17216 -0.0282962 0.00165575 0.999598 133.434 
0.999501 0.0134767 0.0285584 -1.80406 -0.0134253 0.999908 -0.00199027 -2.19582 -0.0285826 0.00160591 0.99959 134.794 
0.999525 0.0117963 0.0284595 -1.79593 -0.011766 0.99993 -0.00122858 -2.22067 -0.0284721 0.000893179 0.999594 136.163 
0.999553 0.0102631 0.0280645 -1.78858 -0.010224 0.999947 -0.00153596 -2.2436 -0.0280788 0.00124838 0.999605 137.518 
0.999587 0.00933658 0.0271916 -1.78345 -0.00929196 0.999955 -0.00176528 -2.26324 -0.027207 0.00151193 0.999629 138.876 
0.999622 0.00800877 0.0263085 -1.77355 -0.00798903 0.999968 -0.000853804 -2.28803 -0.0263146 0.000643343 0.999654 140.221 
0.999655 0.00643959 0.0254494 -1.77295 -0.00642447 0.999979 -0.000674372 -2.3112 -0.0254532 0.000510682 0.999676 141.561 
0.999687 0.00615957 0.0242645 -1.76824 -0.00614507 0.999981 -0.000670207 -2.33707 -0.0242682 0.000520931 0.999705 142.906 
0.999714 0.00597671 0.0231562 -1.76285 -0.00595014 0.999982 -0.00121425 -2.36112 -0.0231631 0.00107616 0.999731 144.26 
0.99973 0.00632081 0.0223518 -1.75797 -0.00628552 0.999979 -0.00164688 -2.38575 -0.0223618 0.00150598 0.999749 145.633 
0.999759 0.0039754 0.0216078 -1.75597 -0.0038931 0.999985 -0.00384743 -2.41469 -0.0216228 0.00376242 0.999759 146.979 
0.999786 -0.00166931 0.0206251 -1.74936 0.00175685 0.99999 -0.00422483 -2.44013 -0.0206179 0.0042602 0.999778 148.33 
0.999762 -0.00937263 0.0197015 -1.73105 0.00941185 0.999954 -0.00189672 -2.46701 -0.0196828 0.00208174 0.999804 149.699 
0.999709 -0.0158868 0.0181582 -1.72109 0.0158997 0.999873 -0.000559516 -2.48735 -0.0181471 0.000848104 0.999835 151.051 
0.999662 -0.0193506 0.0173604 -1.71418 0.0194186 0.999804 -0.00375478 -2.51681 -0.0172844 0.00409067 0.999842 152.397 
0.999671 -0.0185392 0.017748 -1.71208 0.0186657 0.999801 -0.00698564 -2.54304 -0.017615 0.00731466 0.999818 153.752 
0.99971 -0.0148395 0.0189544 -1.71853 0.015018 0.999844 -0.00930647 -2.57243 -0.0188133 0.00958848 0.999777 155.103 
0.999688 -0.0152484 0.0197866 -1.7145 0.0154319 0.999839 -0.00915212 -2.61292 -0.0196439 0.00945465 0.999762 156.469 
0.999623 -0.0182772 0.0205035 -1.7009 0.0183987 0.999814 -0.0057534 -2.64315 -0.0203946 0.00612851 0.999773 157.85 
0.999505 -0.0233919 0.0210242 -1.68655 0.0234584 0.999721 -0.00292047 -2.67284 -0.02095 0.00341226 0.999775 159.214 
0.999412 -0.0269834 0.0211755 -1.67549 0.0270253 0.999633 -0.00169326 -2.69775 -0.021122 0.00226458 0.999774 160.568 
0.999373 -0.0283701 0.0211791 -1.66601 0.0284165 0.999594 -0.00188779 -2.72301 -0.021117 0.00248848 0.999774 161.936 
0.999405 -0.0261982 0.0224176 -1.66027 0.0262326 0.999655 -0.00123995 -2.74868 -0.0223775 0.00182733 0.999748 163.296 
0.99947 -0.0221935 0.0237978 -1.65646 0.0222498 0.99975 -0.00210363 -2.77717 -0.0237452 0.00263205 0.999715 164.665 
0.99951 -0.0184954 0.0252393 -1.66544 0.0186099 0.999818 -0.00430492 -2.80329 -0.0251551 0.00477255 0.999672 166.001 
0.99954 -0.0156325 0.0259952 -1.65899 0.0157645 0.999864 -0.0048785 -2.82902 -0.0259154 0.0052861 0.99965 167.359 
0.999555 -0.0134773 0.0266235 -1.64784 0.0135838 0.9999 -0.00382363 -2.85763 -0.0265694 0.00418362 0.999638 168.733 
0.99958 -0.0115885 0.026556 -1.63341 0.0117028 0.999923 -0.00415261 -2.88864 -0.0265058 0.00446169 0.999639 170.114 
0.999606 -0.00991673 0.026269 -1.6328 0.010093 0.999927 -0.00658636 -2.9119 -0.0262018 0.00684893 0.999633 171.526 
0.99964 -0.00583559 0.0261854 -1.64149 0.00608855 0.999936 -0.0095894 -2.93821 -0.0261278 0.00974543 0.999611 172.921 
0.999655 -0.000665811 0.02626 -1.64722 0.000952558 0.99994 -0.0109069 -2.97085 -0.0262512 0.0109282 0.999596 174.307 
0.999632 0.00397463 0.0268196 -1.64694 -0.00371314 0.999945 -0.00979089 -3.00658 -0.0268571 0.00968774 0.999592 175.677 
0.999601 0.00649553 0.0274923 -1.6389 -0.00628271 0.99995 -0.00781883 -3.04175 -0.0275417 0.00764302 0.999591 177.073 
0.999588 0.00750304 0.0277098 -1.62922 -0.00734718 0.999957 -0.00572064 -3.07414 -0.0277515 0.00551474 0.9996 178.469 
0.99962 0.00453695 0.027186 -1.61714 -0.00440682 0.999979 -0.00484319 -3.10078 -0.0272074 0.00472159 0.999619 179.856 
0.999672 0.00235794 0.0254966 -1.60035 -0.00223626 0.999986 -0.00479812 -3.1296 -0.0255076 0.00473957 0.999663 181.25 
0.99972 0.00210198 0.0235519 -1.59333 -0.00189263 0.999959 -0.00890587 -3.16494 -0.0235697 0.00885885 0.999683 182.649 
0.999751 0.00397447 0.0219505 -1.58524 -0.00368548 0.999906 -0.0131884 -3.1981 -0.0220009 0.0131043 0.999672 184.054 
0.999732 0.00870936 0.0214738 -1.58855 -0.0084114 0.999868 -0.0139247 -3.23712 -0.0215922 0.0137404 0.999672 185.46 
0.999707 0.0115219 0.0212729 -1.58707 -0.0112523 0.999855 -0.0127503 -3.27866 -0.0214168 0.0125072 0.999692 186.9 
0.999679 0.0132884 0.0215807 -1.5861 -0.0130874 0.99987 -0.00942962 -3.31009 -0.0217033 0.00914419 0.999723 188.359 
0.999669 0.0136302 0.0218316 -1.58081 -0.0134668 0.99988 -0.00761177 -3.33646 -0.0219328 0.00731529 0.999733 189.815 
0.999676 0.0129797 0.021893 -1.57253 -0.0128384 0.999896 -0.00658085 -3.36711 -0.0219762 0.00629769 0.999739 191.265 
0.99969 0.0113832 0.0221347 -1.57073 -0.0112541 0.999919 -0.00594572 -3.39548 -0.0222007 0.00569481 0.999737 192.677 
0.999716 0.00823789 0.0223525 -1.5648 -0.00812084 0.999953 -0.0053202 -3.42906 -0.0223953 0.00513721 0.999736 194.088 
0.99973 0.00582972 0.0224923 -1.55786 -0.00571115 0.99997 -0.00533025 -3.4577 -0.0225228 0.0052004 0.999733 195.529 
0.999734 0.00245871 0.0229268 -1.54344 -0.00236414 0.999989 -0.00414935 -3.48977 -0.0229368 0.00409408 0.999729 196.976 
0.999726 -0.00174325 0.0233324 -1.52828 0.00180573 0.999995 -0.00265524 -3.51573 -0.0233277 0.00269668 0.999724 198.43 
0.999709 -0.00440274 0.0237257 -1.51573 0.00446735 0.999987 -0.00266878 -3.54585 -0.0237136 0.00277404 0.999715 199.879 
0.999707 -0.00220126 0.024122 -1.50737 0.00237404 0.999972 -0.00713474 -3.57512 -0.0241056 0.00718996 0.999684 201.327 
0.999685 0.0052429 0.0245451 -1.50552 -0.00493851 0.99991 -0.0124435 -3.60423 -0.0246082 0.0123184 0.999621 202.761 
0.999564 0.0140965 0.0259392 -1.51049 -0.013774 0.999826 -0.0125674 -3.6397 -0.0261119 0.0122047 0.999585 204.218 
0.999395 0.0218179 0.0270807 -1.51312 -0.0215806 0.999726 -0.00902061 -3.67686 -0.0272702 0.00843078 0.999593 205.68 
0.999342 0.0229599 0.0280854 -1.50753 -0.0227745 0.999717 -0.00690052 -3.70832 -0.0282359 0.00625639 0.999582 207.141 
0.999397 0.0210544 0.0276171 -1.49214 -0.0208806 0.99976 -0.00656549 -3.73537 -0.0277488 0.00598491 0.999597 208.602 
0.999482 0.0180066 0.0266788 -1.47871 -0.0178377 0.999819 -0.0065528 -3.76833 -0.026792 0.00607356 0.999623 210.056 
0.999538 0.0160996 0.0257821 -1.46361 -0.0159202 0.999848 -0.0071461 -3.79931 -0.0258933 0.00673239 0.999642 211.525 
0.999543 0.0165695 0.0252767 -1.4561 -0.0163818 0.999837 -0.00761286 -3.83502 -0.0253988 0.00719535 0.999652 212.99 
0.999518 0.0180402 0.0252672 -1.45007 -0.01786 0.999814 -0.00733898 -3.87139 -0.025395 0.00688421 0.999654 214.452 
0.999497 0.0191554 0.0252765 -1.44495 -0.0189998 0.999799 -0.00637794 -3.90496 -0.0253936 0.00589452 0.99966 215.92 
0.999512 0.0184189 0.0252471 -1.43843 -0.0182525 0.99981 -0.00680168 -3.94104 -0.0253677 0.00633758 0.999658 217.387 
0.999521 0.0181345 0.0250708 -1.42925 -0.0179438 0.999809 -0.00780897 -3.97328 -0.0252077 0.00735541 0.999655 218.857 
0.999537 0.0173434 0.0250025 -1.42037 -0.0171486 0.999821 -0.00797988 -4.00859 -0.0251364 0.00754747 0.999656 220.335 
0.999527 0.0179366 0.0249751 -1.41879 -0.0177407 0.99981 -0.00804003 -4.04202 -0.0251146 0.00759319 0.999656 221.829 
0.999521 0.0183166 0.0249595 -1.41544 -0.0181121 0.999801 -0.00839475 -4.07555 -0.0251083 0.0079387 0.999653 223.329 
0.999522 0.0182574 0.0249534 -1.41188 -0.0180514 0.999801 -0.00845276 -4.11154 -0.0251028 0.00799831 0.999653 224.822 
0.999518 0.0190365 0.0245165 -1.40088 -0.0188254 0.999784 -0.00881463 -4.14989 -0.0246791 0.00834889 0.999661 226.33 
0.999525 0.0188741 0.0243694 -1.39571 -0.0186596 0.999785 -0.00899572 -4.18398 -0.024534 0.00853676 0.999663 227.837 
0.999524 0.0192083 0.0241572 -1.38622 -0.018996 0.999779 -0.00898388 -4.21975 -0.0243245 0.00852075 0.999668 229.339 
0.999535 0.0184738 0.0242441 -1.38083 -0.018261 0.999793 -0.00896836 -4.25663 -0.0244048 0.00852152 0.999666 230.84 
0.999554 0.0172911 0.0243379 -1.36849 -0.0170704 0.999812 -0.00924519 -4.29192 -0.0244932 0.00882565 0.999661 232.367 
0.999569 0.0160237 0.0245916 -1.35895 -0.0158034 0.999834 -0.00912199 -4.32549 -0.0247337 0.00872947 0.999656 233.886 
0.999586 0.0145905 0.0247929 -1.3469 -0.014391 0.999863 -0.00820179 -4.36613 -0.0249092 0.00784164 0.999659 235.401 
0.999585 0.0145988 0.0248395 -1.33847 -0.0144045 0.999864 -0.00798254 -4.4064 -0.0249527 0.00762147 0.99966 236.92 
0.999566 0.0147908 0.0254841 -1.35264 -0.0145829 0.999859 -0.00832268 -4.44061 -0.0256037 0.00794748 0.999641 238.459 
0.999548 0.0154508 0.0257836 -1.33968 -0.0152247 0.999844 -0.00893817 -4.47674 -0.0259177 0.00854162 0.999628 239.971 
0.999511 0.0168272 0.0263692 -1.33395 -0.0166131 0.999827 -0.00831736 -4.51417 -0.0265046 0.00787526 0.999618 241.488 
0.999495 0.016951 0.0268942 -1.31821 -0.0167935 0.999841 -0.00607054 -4.55438 -0.0269929 0.00561586 0.99962 243.004 
0.999477 0.0167914 0.0276453 -1.30752 -0.0166399 0.999845 -0.00570152 -4.58723 -0.0277368 0.00523856 0.999602 244.531 
0.999454 0.017137 0.0282435 -1.29591 -0.0169338 0.999829 -0.00741561 -4.62068 -0.0283658 0.00693333 0.999574 246.064 
0.999431 0.0173348 0.0289205 -1.28898 -0.0170888 0.999816 -0.00872944 -4.6541 -0.0290665 0.0082303 0.999544 247.594 
0.999409 0.017889 0.0293558 -1.27512 -0.0176526 0.99981 -0.00829117 -4.68872 -0.0294986 0.0077681 0.999535 249.123 
0.99941 0.017916 0.0293119 -1.25953 -0.0177122 0.999817 -0.00719733 -4.72738 -0.0294355 0.00667394 0.999544 250.653 
0.999409 0.017839 0.0293971 -1.25328 -0.0176514 0.999822 -0.00662532 -4.76395 -0.0295101 0.00610254 0.999546 252.184 
0.999413 0.0180712 0.0291031 -1.23631 -0.0178843 0.999818 -0.00667015 -4.79722 -0.0292184 0.00614578 0.999554 253.727 
0.999377 0.0196729 0.029314 -1.22081 -0.0194881 0.999789 -0.00657582 -4.83113 -0.0294372 0.00600049 0.999549 255.262 
0.99934 0.0210495 0.0296212 -1.20886 -0.0208575 0.99976 -0.00677597 -4.86196 -0.0297568 0.00615371 0.999538 256.81 
0.999326 0.0212116 0.029963 -1.19843 -0.0210306 0.999759 -0.00634423 -4.89837 -0.0300904 0.00570986 0.999531 258.355 
0.999357 0.0197661 0.0299303 -1.17878 -0.0195867 0.999789 -0.00627177 -4.93229 -0.030048 0.00568154 0.999532 259.897 
0.99939 0.0179155 0.0299831 -1.16164 -0.0177613 0.999828 -0.00540009 -4.96606 -0.0300747 0.0048643 0.999536 261.435 
0.999433 0.0153829 0.0299487 -1.13421 -0.0152541 0.999873 -0.00452331 -5.0048 -0.0300146 0.00406394 0.999541 262.997 
0.999458 0.0144096 0.0296063 -1.10899 -0.0142606 0.999885 -0.00523554 -5.03836 -0.0296784 0.00481054 0.999548 264.537 
0.999477 0.0132317 0.0295198 -1.08729 -0.0130492 0.999895 -0.00636347 -5.06921 -0.0296009 0.00597497 0.999544 266.084 
0.99948 0.0115059 0.0301236 -1.07408 -0.0113746 0.999925 -0.00452437 -5.10378 -0.0301735 0.00417942 0.999536 267.608 
0.99949 0.00935197 0.0305253 -1.05237 -0.00927176 0.999953 -0.00276653 -5.13728 -0.0305498 0.00248214 0.99953 269.161 
0.999494 0.00841779 0.0306774 -1.03811 -0.008311 0.999959 -0.00360566 -5.16914 -0.0307066 0.00334891 0.999523 270.706 
0.999479 0.0082706 0.0312102 -1.01331 -0.00812591 0.999956 -0.00475861 -5.19494 -0.0312482 0.00450256 0.999502 272.266 
0.999438 0.00958874 0.0321259 -0.995275 -0.0094255 0.999942 -0.00522778 -5.22821 -0.0321742 0.00492208 0.99947 273.815 
0.999378 0.011707 0.0332518 -0.972963 -0.0115385 0.99992 -0.00525381 -5.26469 -0.0333107 0.00486691 0.999433 275.364 
0.999331 0.0131936 0.0341028 -0.954354 -0.0130126 0.9999 -0.00552234 -5.29789 -0.0341723 0.00507492 0.999403 276.938 
0.999282 0.0142328 0.0351205 -0.925597 -0.014036 0.999884 -0.00584409 -5.33462 -0.0351996 0.00534699 0.999366 278.491 
0.999244 0.0146743 0.0360081 -0.900019 -0.0144675 0.999877 -0.00599714 -5.37118 -0.0360917 0.0054717 0.999334 280.03 
0.999217 0.0145125 0.0368161 -0.873243 -0.0142806 0.999877 -0.00655279 -5.41 -0.0369067 0.00602194 0.999301 281.58 
0.999188 0.0139057 0.037826 -0.84741 -0.0136381 0.99988 -0.00732172 -5.43893 -0.0379233 0.00679994 0.999258 283.176 
0.999157 0.0130355 0.0389384 -0.815455 -0.0127771 0.999895 -0.00687598 -5.47704 -0.039024 0.0063727 0.999218 284.734 
0.99914 0.0120052 0.0396786 -0.783641 -0.0117755 0.999913 -0.0060166 -5.50612 -0.0397474 0.00554423 0.999194 286.318 
0.999146 0.011266 0.0397505 -0.750695 -0.0110447 0.999922 -0.00577919 -5.54126 -0.0398126 0.00533526 0.999193 287.873 
0.99914 0.0108827 0.0400146 -0.722995 -0.0105536 0.999909 -0.00842545 -5.57346 -0.0401027 0.00799594 0.999164 289.448 
0.999151 0.00968323 0.0400441 -0.68705 -0.00927058 0.999902 -0.0104767 -5.61257 -0.0401417 0.0100966 0.999143 291.02 
0.999157 0.009855 0.0398632 -0.669845 -0.0094408 0.9999 -0.0105645 -5.64188 -0.0399634 0.0101793 0.999149 292.526 
0.999218 0.00808892 0.0386961 -0.633461 -0.0076909 0.999916 -0.0104225 -5.67984 -0.0387772 0.0101168 0.999197 294.076 
0.999269 0.00808016 0.0373654 -0.59854 -0.00767371 0.99991 -0.0110073 -5.72312 -0.037451 0.0107126 0.999241 295.619 
0.999285 0.00785191 0.0369816 -0.571018 -0.00743921 0.999909 -0.0112828 -5.7666 -0.0370668 0.0109997 0.999252 297.199 
0.999318 0.00759978 0.036145 -0.532769 -0.00721699 0.999917 -0.0107079 -5.80715 -0.0362234 0.0104398 0.999289 298.792 
0.999367 0.00672363 0.034925 -0.497311 -0.00635954 0.999924 -0.0105244 -5.84728 -0.0349932 0.0102957 0.999335 300.38 
0.999405 0.00629885 0.0339242 -0.468461 -0.00598928 0.99994 -0.00921806 -5.88309 -0.0339803 0.00900943 0.999382 301.983 
0.999409 0.00788744 0.0334567 -0.444917 -0.00762446 0.999939 -0.00797952 -5.92151 -0.0335176 0.00771976 0.999408 303.568 
0.999376 0.0085027 0.0342886 -0.430701 -0.00823684 0.999935 -0.0078862 -5.95339 -0.0343535 0.00759889 0.999381 305.182 
0.999342 0.00897098 0.0351467 -0.406653 -0.00868666 0.999928 -0.00823262 -5.99055 -0.035218 0.00792193 0.999348 306.796 
0.999339 0.00760678 0.0355486 -0.376203 -0.00731705 0.999939 -0.00827223 -6.03368 -0.0356094 0.00800669 0.999334 308.422 
0.999347 0.00562984 0.0357014 -0.344231 -0.00530078 0.999943 -0.00930401 -6.06959 -0.0357517 0.00910873 0.999319 310.028 
0.999348 0.00424738 0.0358672 -0.305785 -0.00384477 0.999929 -0.0112855 -6.10824 -0.0359127 0.0111403 0.999293 311.683 
0.999358 0.00360777 0.035639 -0.279985 -0.0031731 0.99992 -0.0122441 -6.15272 -0.0356804 0.0121232 0.99929 313.292 
0.999438 0.00400088 0.0332779 -0.25435 -0.00356866 0.999909 -0.0130359 -6.2014 -0.0333271 0.0129099 0.999361 314.91 
0.999503 0.00517945 0.0310906 -0.232179 -0.00479892 0.999913 -0.0123003 -6.2463 -0.0311517 0.012145 0.999441 316.529 
0.999505 0.00625889 0.0308317 -0.218304 -0.00598172 0.999941 -0.00907214 -6.28787 -0.0308867 0.00888326 0.999483 318.183 
0.99949 0.00491282 0.0315484 -0.197812 -0.0047208 0.99997 -0.00615651 -6.32178 -0.0315778 0.00600448 0.999483 319.811 
0.999487 0.00397097 0.0317669 -0.17771 -0.00379993 0.999978 -0.00544151 -6.35663 -0.0317878 0.00531805 0.999481 321.445 
0.999478 0.00292278 0.0321812 -0.157905 -0.00270733 0.999974 -0.00673505 -6.39059 -0.0322 0.00664445 0.999459 323.097 
0.999461 0.00198259 0.0327626 -0.13903 -0.00175848 0.999975 -0.00686633 -6.42518 -0.0327754 0.00680506 0.99944 324.745 
0.999443 0.00206626 0.0333054 -0.117562 -0.00184545 0.999976 -0.00665789 -6.46127 -0.0333184 0.00659276 0.999423 326.409 
0.999422 0.00174701 0.0339535 -0.0973183 -0.00152376 0.999977 -0.00659887 -6.49986 -0.0339643 0.00654336 0.999402 328.048 
0.999397 0.00348196 0.0345596 -0.0788347 -0.00321959 0.999966 -0.00764332 -6.53709 -0.034585 0.00752748 0.999373 329.692 
0.99937 0.0042583 0.0352401 -0.0529164 -0.00397136 0.999958 -0.00820709 -6.57988 -0.0352736 0.00806201 0.999345 331.332 
0.99933 0.00279933 0.0364881 -0.0310873 -0.00257011 0.999977 -0.00632619 -6.61722 -0.036505 0.00622822 0.999314 332.96 
0.999324 0.00184596 0.0367237 -0.00252519 -0.00164361 0.999983 -0.0055385 -6.65567 -0.0367334 0.00547443 0.99931 334.622 
0.999312 0.0010829 0.0370673 0.0215629 -0.000836685 0.999978 -0.00665618 -6.69645 -0.0370737 0.00662063 0.999291 336.24 
0.999299 0.00258388 0.0373472 0.0477865 -0.00233792 0.999975 -0.00662687 -6.73407 -0.0373635 0.00653495 0.99928 337.876 
0.999287 0.00453571 0.0374805 0.0539522 -0.00420689 0.999952 -0.00884616 -6.77165 -0.0375189 0.00868222 0.999258 339.535 
0.999291 0.00625747 0.0371167 0.0757705 -0.00582079 0.999913 -0.0118604 -6.81297 -0.0371877 0.011636 0.999241 341.196 
0.999303 0.00751282 0.0365665 0.100681 -0.00710233 0.99991 -0.0113417 -6.86096 -0.0366485 0.0110741 0.999267 342.826 
0.999305 0.00835339 0.0363338 0.0854817 -0.00806319 0.999935 -0.00812506 -6.89724 -0.0363993 0.00782648 0.999307 344.483 
0.99933 0.00939977 0.0353681 0.112297 -0.0092167 0.999943 -0.00533434 -6.9376 -0.0354163 0.00500483 0.99936 346.11 
0.999352 0.00967163 0.0346579 0.121106 -0.00944746 0.999933 -0.00662451 -6.9698 -0.0347197 0.00629283 0.999377 347.757 
0.999402 0.0093091 0.0333027 0.135971 -0.00904515 0.999927 -0.00806659 -7.00832 -0.0333754 0.00776058 0.999413 349.362 
0.999463 0.00793766 0.0317807 0.157385 -0.00773229 0.999949 -0.00657855 -7.0501 -0.0318313 0.00632932 0.999473 350.979 
0.999489 0.00626213 0.0313537 0.168419 -0.00606695 0.999962 -0.0063151 -7.08291 -0.0313921 0.00612169 0.999488 352.609 
0.999495 0.00613576 0.0311652 0.181693 -0.00591707 0.999957 -0.00710313 -7.12205 -0.0312075 0.00691518 0.999489 354.226 
0.999509 0.00535462 0.0308779 0.204616 -0.00511405 0.999956 -0.00786352 -7.16536 -0.0309187 0.00770178 0.999492 355.84 
0.999511 0.00515914 0.0308498 0.223555 -0.00491634 0.999956 -0.0079399 -7.20578 -0.0308895 0.00778439 0.999493 357.458 
0.999504 0.00468258 0.0311299 0.241068 -0.0044337 0.999958 -0.00805784 -7.24511 -0.0311664 0.00791587 0.999483 359.068 
0.999504 0.00398201 0.0312427 0.259698 -0.00371865 0.999957 -0.00848178 -7.2875 -0.0312751 0.00836143 0.999476 360.669 
0.9995 0.00375462 0.0313977 0.277376 -0.00346967 0.999952 -0.00912361 -7.32771 -0.0314305 0.00901014 0.999465 362.265 
0.999493 0.00325293 0.0316798 0.296554 -0.00297103 0.999956 -0.00894014 -7.37058 -0.0317076 0.00884152 0.999458 363.866 
0.999494 0.00359948 0.0316142 0.320896 -0.00329949 0.999949 -0.00953469 -7.41564 -0.0316469 0.00942559 0.999455 365.458 
0.999498 0.00197257 0.031634 0.348192 -0.00162696 0.999939 -0.0109459 -7.45602 -0.0316537 0.010889 0.99944 367.079 
0.999493 0.000234654 0.0318517 0.36074 6.1284e-05 0.999957 -0.00928846 -7.49334 -0.0318525 0.00928574 0.999449 368.668 
0.999487 -0.0014343 0.0319835 0.381948 0.001711 0.999961 -0.00862433 -7.52903 -0.0319699 0.00867467 0.999451 370.281 
0.999477 -0.00204613 0.0322712 0.398679 0.00235606 0.999951 -0.00956753 -7.56748 -0.0322501 0.0096386 0.999433 371.885 
0.999477 -0.00116827 0.032322 0.421762 0.00149932 0.999947 -0.0102185 -7.608 -0.0323084 0.0102616 0.999425 373.485 
0.999457 0.000617613 0.032946 0.437293 -0.000310995 0.999957 -0.0093097 -7.65127 -0.0329504 0.00929444 0.999414 375.092 
0.999433 0.00221626 0.0335926 0.452089 -0.00192696 0.999961 -0.00864061 -7.69139 -0.0336104 0.00857102 0.999398 376.709 
0.999421 0.00264774 0.0339193 0.48167 -0.00234406 0.999957 -0.00898851 -7.73005 -0.0339417 0.00890384 0.999384 378.332 
0.99942 0.00246089 0.0339786 0.505376 -0.00212712 0.999949 -0.00985446 -7.77362 -0.0340012 0.00977651 0.999374 379.938 
0.999413 0.00279017 0.034149 0.531512 -0.00244046 0.999944 -0.0102769 -7.81216 -0.0341758 0.0101876 0.999364 381.565 
0.999393 0.003114 0.0347123 0.558359 -0.00275765 0.999943 -0.0103076 -7.85603 -0.0347424 0.0102057 0.999344 383.182 
0.999391 0.0044161 0.0346059 0.590411 -0.00406358 0.999939 -0.0102492 -7.89764 -0.0346491 0.0101023 0.999349 384.809 
0.999375 0.00590961 0.0348647 0.622495 -0.00556786 0.999936 -0.00988982 -7.94422 -0.0349209 0.00968955 0.999343 386.434 
0.999365 0.00697986 0.0349436 0.653811 -0.00661062 0.999921 -0.01067 -7.98655 -0.0350154 0.0104322 0.999332 388.038 
0.999348 0.00790843 0.0352311 0.683462 -0.00751332 0.999908 -0.0113318 -8.03075 -0.0353175 0.0110598 0.999315 389.674 
0.999335 0.00919561 0.0352966 0.717311 -0.00878693 0.999893 -0.0117149 -8.06654 -0.0354006 0.011397 0.999308 391.313 
0.999316 0.010469 0.0354649 0.748651 -0.0100952 0.999892 -0.0107006 -8.11387 -0.0355732 0.0103353 0.999314 392.925 
0.999292 0.011359 0.0358625 0.774079 -0.0109818 0.999883 -0.0106957 -8.15436 -0.0359799 0.0102944 0.9993 394.553 
0.999273 0.0119657 0.0361911 0.801573 -0.0115685 0.999871 -0.0111635 -8.19956 -0.0363201 0.0107367 0.999283 396.191 
0.999253 0.0125707 0.0365441 0.820065 -0.0121785 0.999866 -0.010932 -8.24464 -0.0366766 0.0104788 0.999272 397.815 
0.999242 0.0123048 0.0369259 0.847984 -0.0119319 0.999876 -0.010301 -8.28729 -0.0370481 0.00985266 0.999265 399.453 
0.999228 0.0122435 0.037328 0.877652 -0.0118305 0.999867 -0.0112644 -8.33343 -0.0374609 0.0108141 0.99924 401.084 
0.999232 0.011709 0.0373959 0.917993 -0.0112711 0.999866 -0.011897 -8.38563 -0.0375302 0.0114664 0.99923 402.721 
0.999233 0.0112332 0.0375205 0.949989 -0.0107963 0.999872 -0.011825 -8.43381 -0.0376486 0.0114108 0.999226 404.361 
0.999243 0.01037 0.0374844 0.994176 -0.00997838 0.999894 -0.0106175 -8.47306 -0.0375906 0.0102354 0.999241 406.033 
0.99924 0.00880652 0.0379618 1.02256 -0.00845453 0.99992 -0.0094217 -8.50836 -0.0380417 0.00909363 0.999235 407.666 
0.999245 0.00729709 0.0381601 1.05887 -0.00691078 0.999924 -0.0102445 -8.55467 -0.038232 0.00997308 0.999219 409.319 
0.999252 0.0060693 0.0381898 1.09046 -0.0056536 0.999924 -0.0109825 -8.59961 -0.0382535 0.0107584 0.99921 410.958 
