1 2.12261e-08 -2.11895e-08 0 2.12261e-08 1 2.10703e-08 0 -2.11895e-08 2.10703e-08 1 0 
0.999997 -0.00169332 -0.00155389 -0.00706708 0.00169211 0.999998 -0.000806544 -0.00953716 0.00155521 0.000803954 0.999999 0.576875 
0.999994 -0.00207834 -0.00269327 -0.0171402 0.00207191 0.999995 -0.00240491 -0.018325 0.00269821 0.00239936 0.999994 1.15494 
0.999985 -0.00257407 -0.00476009 -0.026115 0.00255652 0.99999 -0.00369976 -0.0312635 0.00476952 0.00368757 0.999982 1.72765 
0.999967 -0.00461586 -0.00668087 -0.0387187 0.00458049 0.999975 -0.00530622 -0.0426796 0.00670515 0.00527548 0.999964 2.29399 
0.99994 -0.00706111 -0.00834575 -0.0504363 0.00699989 0.999949 -0.00734738 -0.0515476 0.00839716 0.00728857 0.999938 2.86283 
0.999918 -0.00830899 -0.00971171 -0.0658957 0.00823071 0.999934 -0.00807682 -0.0624693 0.00977813 0.00799626 0.99992 3.44237 
0.999903 -0.00855164 -0.0110144 -0.0859043 0.00847138 0.999937 -0.00731721 -0.0767519 0.0110763 0.00722323 0.999913 4.02396 
0.999886 -0.00887948 -0.0122196 -0.103907 0.00878705 0.999933 -0.00760071 -0.0946379 0.0122862 0.00749251 0.999896 4.61911 
0.999879 -0.00824144 -0.0131638 -0.128792 0.00810551 0.999914 -0.0103497 -0.108766 0.0132479 0.0102418 0.99986 5.22401 
0.999875 -0.00654241 -0.0144294 -0.15259 0.00633907 0.999881 -0.0140961 -0.126964 0.0145198 0.0140029 0.999797 5.83214 
0.999865 -0.00503021 -0.015637 -0.177605 0.00474837 0.999827 -0.0180119 -0.136743 0.0157248 0.0179352 0.999716 6.44583 
0.999856 -0.00328911 -0.0166614 -0.212292 0.00298648 0.999831 -0.0181586 -0.147385 0.0167183 0.0181063 0.999696 7.08424 
0.999841 -0.00082257 -0.0178291 -0.241524 0.000622765 0.999937 -0.0112117 -0.159948 0.0178372 0.0111989 0.999778 7.73861 
0.999827 2.37231e-05 -0.0185927 -0.267651 -3.73686e-05 1 -0.000735833 -0.174472 0.0185926 0.000736443 0.999827 8.40798 
0.999821 0.000865942 -0.0189166 -0.30829 -0.000753186 0.999982 0.00596478 -0.186297 0.0189213 -0.00594942 0.999803 9.08986 
0.999795 0.00296868 -0.0200496 -0.339084 -0.00286832 0.999983 0.00503038 -0.200987 0.0200642 -0.0049718 0.999786 9.77463 
0.999776 0.00489878 -0.0205765 -0.379284 -0.00494933 0.999985 -0.0024088 -0.204525 0.0205643 0.00251014 0.999785 10.4768 
0.999752 0.00466388 -0.0217953 -0.405798 -0.00485168 0.999952 -0.00857334 -0.204473 0.0217542 0.008677 0.999726 11.1927 
0.999733 0.00271668 -0.0229306 -0.43521 -0.00287619 0.999972 -0.00692797 -0.205963 0.0229111 0.00699211 0.999713 11.9357 
0.999725 0.00146404 -0.0234062 -0.46419 -0.00140828 0.999996 0.00239662 -0.215394 0.0234096 -0.00236296 0.999723 12.7073 
0.999716 0.000897051 -0.0238313 -0.494801 -0.000661517 0.999951 0.00988766 -0.224725 0.023839 -0.00986904 0.999667 13.4869 
0.999703 -0.000144259 -0.0243676 -0.530712 0.000442703 0.999925 0.0122409 -0.224252 0.024364 -0.012248 0.999628 14.2871 
0.999696 -0.00214411 -0.0245457 -0.558893 0.00241944 0.999934 0.0111914 -0.223741 0.02452 -0.0112473 0.999636 15.0995 
0.999708 -0.0025941 -0.0240424 -0.590028 0.00280365 0.999958 0.00868424 -0.22374 0.0240188 -0.00874906 0.999673 15.9201 
0.999724 -0.000183744 -0.0235 -0.630059 0.000308577 0.999986 0.00530676 -0.226683 0.0234987 -0.00531251 0.99971 16.7637 
0.999739 -0.00330874 -0.0225855 -0.657931 0.00330652 0.999995 -0.000137675 -0.234115 0.0225858 6.30021e-05 0.999745 17.6227 
0.999739 -0.00615443 -0.0219895 -0.68655 0.00601691 0.999962 -0.00631654 -0.245063 0.0220275 0.00618262 0.999738 18.4959 
0.999768 -0.00525544 -0.0209119 -0.718455 0.0050064 0.999916 -0.0119459 -0.25298 0.0209729 0.0118385 0.99971 19.3904 
0.999774 -0.00404626 -0.0208885 -0.752996 0.00378284 0.999913 -0.0126369 -0.271988 0.0209377 0.0125551 0.999702 20.2938 
0.99977 -0.00389302 -0.0210926 -0.788385 0.00363797 0.99992 -0.0121187 -0.292678 0.0211381 0.0120392 0.999704 21.2196 
0.999771 -0.00233616 -0.0212938 -0.823774 0.00204902 0.999907 -0.0134987 -0.315548 0.0213234 0.013452 0.999682 22.1616 
0.999779 0.000440288 -0.0210258 -0.868987 -0.000769236 0.999877 -0.0156414 -0.337413 0.0210163 0.0156542 0.999657 23.1209 
0.999762 0.00381867 -0.0214686 -0.908235 -0.00417124 0.999857 -0.0164041 -0.361842 0.0214028 0.0164898 0.999635 24.0881 
0.999753 0.00536229 -0.0215651 -0.949486 -0.00571439 0.999851 -0.016301 -0.391716 0.0214744 0.0164202 0.999635 25.0674 
0.99974 0.00623232 -0.021921 -0.987917 -0.00659043 0.999845 -0.0163041 -0.421998 0.021816 0.0164444 0.999627 26.0523 
0.999741 0.00623625 -0.0219093 -1.03058 -0.00659035 0.999848 -0.0161293 -0.451614 0.0218054 0.0162695 0.99963 27.0457 
0.99973 0.00706248 -0.0221561 -1.07654 -0.00739724 0.999859 -0.0150656 -0.479647 0.0220465 0.0152255 0.999641 28.0578 
0.999717 0.00754574 -0.0225506 -1.11669 -0.00784388 0.999883 -0.0131635 -0.506501 0.0224486 0.0133368 0.999659 29.0725 
0.999707 0.00830694 -0.0227397 -1.16253 -0.00858069 0.999892 -0.0119691 -0.534844 0.0226377 0.0121608 0.99967 30.0939 
0.999705 0.00819348 -0.0228754 -1.20389 -0.00849361 0.999879 -0.0130559 -0.561731 0.0227656 0.0132464 0.999653 31.1175 
0.999685 0.00952771 -0.023221 -1.24847 -0.00985538 0.999853 -0.0140394 -0.587154 0.0230838 0.0142639 0.999632 32.151 
0.999673 0.00914509 -0.023883 -1.28677 -0.00945883 0.99987 -0.0130586 -0.614434 0.0237605 0.0132802 0.99963 33.197 
0.999666 0.00830301 -0.0244908 -1.33109 -0.00855705 0.999911 -0.0102883 -0.642715 0.0244031 0.0104944 0.999647 34.2536 
0.999655 0.00884848 -0.0247418 -1.37907 -0.00901677 0.999937 -0.00670026 -0.665699 0.0246809 0.00692108 0.999671 35.3096 
0.99964 0.00885423 -0.0253138 -1.4249 -0.00896443 0.999951 -0.00424463 -0.689648 0.0252749 0.00447007 0.999671 36.378 
0.999628 0.00887006 -0.0258037 -1.47139 -0.00896959 0.999953 -0.00374599 -0.713101 0.0257692 0.00397608 0.99966 37.4524 
0.999617 0.00847268 -0.0263582 -1.51817 -0.00861363 0.999949 -0.00524033 -0.732943 0.0263124 0.0054654 0.999639 38.532 
0.999595 0.00907889 -0.0269841 -1.57038 -0.00923734 0.999941 -0.00575461 -0.752957 0.0269302 0.00600158 0.999619 39.6191 
0.99958 0.00866386 -0.0276715 -1.62035 -0.008796 0.999951 -0.00465881 -0.772897 0.0276297 0.00490029 0.999606 40.7098 
0.999555 0.00887838 -0.0284738 -1.67018 -0.00895755 0.999956 -0.00265528 -0.794145 0.0284489 0.00290919 0.999591 41.8017 
0.999541 0.00906869 -0.0289098 -1.72439 -0.0090736 0.999959 -4.01841e-05 -0.817934 0.0289082 0.000302524 0.999582 42.893 
0.999513 0.0101105 -0.0295233 -1.77507 -0.010121 0.999949 -0.000206659 -0.840546 0.0295197 0.000505405 0.999564 43.9777 
0.999491 0.0114866 -0.029767 -1.82952 -0.0116153 0.999924 -0.004156 -0.86088 0.029717 0.00449968 0.999548 45.0531 
0.99948 0.0127242 -0.0296135 -1.88507 -0.0129684 0.999883 -0.00806893 -0.883497 0.0295073 0.00844882 0.999529 46.1313 
0.999485 0.0131815 -0.0292556 -1.94092 -0.0134339 0.999874 -0.00844879 -0.907569 0.0291405 0.0088375 0.999536 47.2168 
0.999479 0.0138775 -0.0291533 -1.99145 -0.0140491 0.999885 -0.00569012 -0.934088 0.0290709 0.00609677 0.999559 48.292 
0.999476 0.0145226 -0.0289428 -2.04497 -0.0146312 0.999887 -0.00354868 -0.958316 0.028888 0.00397034 0.999575 49.3794 
0.999497 0.0127028 -0.029044 -2.09212 -0.0127753 0.999916 -0.00231344 -0.97957 0.0290121 0.00268336 0.999576 50.4717 
0.999513 0.012523 -0.0285742 -2.14071 -0.0126185 0.999915 -0.00316533 -1.00525 0.0285321 0.00352439 0.999587 51.562 
0.999529 0.0118338 -0.0283261 -2.18982 -0.0119814 0.999916 -0.00504936 -1.02669 0.0282639 0.00538641 0.999586 52.6481 
0.999538 0.0120603 -0.0279046 -2.24093 -0.0122611 0.9999 -0.00703735 -1.05329 0.0278169 0.00737628 0.999586 53.7502 
0.999557 0.0107088 -0.027758 -2.28971 -0.0109702 0.999897 -0.00928206 -1.08233 0.0276557 0.00958251 0.999572 54.846 
0.999572 0.00921685 -0.0277613 -2.33683 -0.00956881 0.999875 -0.0125734 -1.11254 0.0276419 0.0128337 0.999536 55.9387 
0.999587 0.00753955 -0.0277218 -2.38145 -0.00793626 0.999867 -0.0142298 -1.14404 0.0276108 0.014444 0.999514 57.0306 
0.999598 0.00580345 -0.0277505 -2.42563 -0.00614009 0.999908 -0.0120626 -1.17251 0.0276779 0.0122282 0.999542 58.1238 
0.999611 0.00436326 -0.0275378 -2.4712 -0.00453469 0.999971 -0.00616753 -1.19962 0.0275101 0.00629005 0.999602 59.2198 
0.999612 0.00274511 -0.0277091 -2.51242 -0.00275222 0.999996 -0.00021997 -1.22221 0.0277083 0.000296189 0.999616 60.3228 
0.999609 0.00103618 -0.0279554 -2.55585 -0.00101876 0.999999 0.000635915 -1.24284 0.027956 -0.000607144 0.999609 61.4224 
0.999609 -0.00227859 -0.0278552 -2.60009 0.0022155 0.999995 -0.00229708 -1.26326 0.0278603 0.00223451 0.999609 62.5186 
0.999599 -0.00374619 -0.0280767 -2.64831 0.00359242 0.999978 -0.00552655 -1.28164 0.0280967 0.00542352 0.999591 63.6117 
0.999602 -0.00156543 -0.028165 -2.70865 0.0012962 0.999953 -0.00957639 -1.30868 0.0281787 0.00953611 0.999557 64.714 
0.999607 -0.00140635 -0.028009 -2.76081 0.00101439 0.999901 -0.0140051 -1.33302 0.0280259 0.0139712 0.99951 65.8098 
0.999621 0.00179468 -0.027457 -2.81639 -0.00219675 0.999891 -0.0146219 -1.36529 0.0274277 0.0146767 0.999516 66.9149 
0.999628 0.0056013 -0.0266912 -2.87064 -0.00589498 0.999923 -0.0109384 -1.39768 0.0266279 0.0110917 0.999584 68.0195 
0.999623 0.00705826 -0.0265353 -2.92837 -0.00729364 0.999935 -0.00878578 -1.42766 0.0264715 0.00897604 0.999609 69.1288 
0.999626 0.00628867 -0.0266 -2.97656 -0.00650432 0.999947 -0.00802983 -1.45247 0.0265481 0.00819989 0.999614 70.2352 
0.999632 0.00477087 -0.0266989 -3.02293 -0.00495931 0.999963 -0.00699793 -1.4837 0.0266645 0.00712781 0.999619 71.334 
0.999627 0.00338143 -0.0270895 -3.07226 -0.00353651 0.999978 -0.0056806 -1.50747 0.0270696 0.00577433 0.999617 72.4351 
0.999614 0.00184115 -0.0277331 -3.11371 -0.00193999 0.999992 -0.00353884 -1.53408 0.0277263 0.00359132 0.999609 73.5344 
0.999597 0.000554279 -0.0283935 -3.16759 -0.000604308 0.999998 -0.00175493 -1.55809 0.0283924 0.00177142 0.999595 74.6456 
0.999574 -0.000375933 -0.0291914 -3.21525 0.000285118 0.999995 -0.00311656 -1.58211 0.0291924 0.00310695 0.999569 75.7449 
0.999553 2.6369e-05 -0.0298971 -3.26955 -0.000231186 0.999977 -0.00684872 -1.60742 0.0298962 0.00685261 0.99953 76.8376 
0.999527 0.00077164 -0.0307445 -3.32052 -0.00104619 0.99996 -0.00891648 -1.63329 0.0307363 0.00894447 0.999488 77.9207 
0.999498 0.00253395 -0.0315776 -3.3744 -0.00276529 0.99997 -0.0072858 -1.6609 0.0315581 0.00736951 0.999475 79.0103 
0.999471 0.00371988 -0.0323083 -3.42547 -0.00381787 0.999988 -0.00297303 -1.68735 0.0322968 0.00309485 0.999474 80.1102 
0.999451 0.00498168 -0.0327682 -3.48965 -0.0049504 0.999987 0.00103441 -1.71272 0.0327729 -0.000871582 0.999462 81.2072 
0.99942 0.00592553 -0.0335376 -3.54445 -0.00587304 0.999981 0.00166203 -1.73572 0.0335468 -0.00146406 0.999436 82.2938 
0.999399 0.00577181 -0.0341826 -3.60096 -0.00579296 0.999983 -0.000520969 -1.75178 0.034179 0.000718717 0.999416 83.3696 
0.99938 0.00576667 -0.0347204 -3.65701 -0.00581758 0.999982 -0.00136684 -1.77068 0.0347119 0.00156802 0.999396 84.4335 
0.999356 0.00505997 -0.0355293 -3.70568 -0.00511553 0.999986 -0.00147407 -1.79349 0.0355213 0.00165491 0.999368 85.4899 
0.999333 0.00405701 -0.0362909 -3.76151 -0.00410152 0.999991 -0.00115334 -1.81778 0.0362858 0.00130146 0.999341 86.5355 
0.999314 0.0028639 -0.0369377 -3.81319 -0.0028625 0.999996 8.95923e-05 -1.83513 0.0369378 1.62465e-05 0.999318 87.5609 
0.999292 0.00315247 -0.0374894 -3.87275 -0.00304671 0.999991 0.00287678 -1.86018 0.0374981 -0.00276048 0.999293 88.5644 
0.999256 0.00218494 -0.0385067 -3.92704 -0.00204586 0.999991 0.00364959 -1.87904 0.0385143 -0.00356805 0.999252 89.5521 
0.999172 0.00150985 -0.0406587 -3.9824 -0.00134471 0.999991 0.0040878 -1.9009 0.0406645 -0.0040297 0.999165 90.5177 
0.999041 0.000821179 -0.0437799 -4.04221 -0.000689786 0.999995 0.00301529 -1.91757 0.0437821 -0.00298215 0.999037 91.4604 
0.998893 0.000971455 -0.0470349 -4.10653 -0.000878741 0.999998 0.00199094 -1.93243 0.0470366 -0.00194736 0.998891 92.3857 
0.998745 0.000540603 -0.0500906 -4.16806 -0.000430491 0.999998 0.00220819 -1.94902 0.0500917 -0.00218381 0.998742 93.2845 
0.998589 0.00174848 -0.0530716 -4.23509 -0.00157112 0.999993 0.00338274 -1.96996 0.0530771 -0.00329454 0.998585 94.1484 
0.998412 0.00269219 -0.0562738 -4.29804 -0.00244439 0.999987 0.00447099 -1.98842 0.0562851 -0.00432629 0.998405 94.9973 
0.998234 0.003536 -0.0592915 -4.36292 -0.00317947 0.999976 0.00610569 -2.0069 0.0593116 -0.00590636 0.998222 95.8219 
0.998073 0.0049957 -0.0618437 -4.43183 -0.00459202 0.999967 0.00666713 -2.01638 0.0618749 -0.00637026 0.998064 96.6152 
0.997912 0.00697773 -0.0642122 -4.50144 -0.00653472 0.999953 0.00710594 -2.03315 0.0642587 -0.00667145 0.997911 97.3818 
0.99772 0.0088318 -0.0669162 -4.56857 -0.00844341 0.999946 0.00608411 -2.051 0.0669662 -0.00550519 0.99774 98.1206 
0.997537 0.0101237 -0.0694086 -4.63534 -0.00998369 0.999947 0.00236294 -2.06676 0.0694288 -0.00166413 0.997586 98.8276 
0.997347 0.0126639 -0.0716855 -4.70604 -0.0128068 0.999917 -0.00153431 -2.08063 0.0716601 0.00244835 0.997426 99.5039 
0.997182 0.0144503 -0.0736216 -4.77038 -0.0147906 0.999882 -0.00408065 -2.09541 0.0735539 0.0051581 0.997278 100.15 
0.997085 0.0165509 -0.0744768 -4.82916 -0.0169807 0.999843 -0.00514194 -2.10877 0.0743799 0.00639167 0.99721 100.774 
0.997105 0.0188104 -0.0736692 -4.88673 -0.0192121 0.999804 -0.00474858 -2.12368 0.0735654 0.00615022 0.997271 101.372 
0.997253 0.0224738 -0.0705833 -4.94484 -0.0227665 0.999735 -0.00334547 -2.14033 0.0704893 0.00494326 0.9975 101.946 
0.997555 0.0251473 -0.0652007 -4.98857 -0.0253182 0.999678 -0.00179636 -2.15626 0.0651345 0.00344278 0.997871 102.5 
0.997991 0.0259192 -0.0578183 -5.02518 -0.0259712 0.999663 -0.000149744 -2.16574 0.0577949 0.0016511 0.998327 103.027 
0.998511 0.0256363 -0.0481467 -5.05173 -0.0255516 0.999671 0.00237338 -2.17832 0.0481917 -0.00113958 0.998837 103.532 
0.999016 0.0253138 -0.0364057 -5.06865 -0.0251995 0.999676 0.00359573 -2.18987 0.0364849 -0.00267475 0.999331 104.008 
0.999439 0.024278 -0.0230707 -5.07578 -0.0241986 0.9997 0.00371268 -2.20191 0.0231538 -0.00315228 0.999727 104.469 
0.999675 0.0242213 -0.00797132 -5.07521 -0.0241982 0.999703 0.00298524 -2.21518 0.00804122 -0.00279133 0.999964 104.904 
0.999685 0.0229393 0.0101409 -5.06477 -0.0229405 0.999737 1.2783e-05 -2.22724 -0.010138 -0.000245375 0.999949 105.329 
0.999262 0.0223746 0.0312155 -5.03933 -0.0222417 0.999742 -0.0045961 -2.23842 -0.0313103 0.00389846 0.999502 105.738 
0.998242 0.0204605 0.055633 -5.00419 -0.0199716 0.999757 -0.00933008 -2.24935 -0.0558105 0.00820264 0.998408 106.136 
0.996408 0.0179261 0.0827644 -4.95188 -0.0169966 0.999785 -0.0119207 -2.26193 -0.0829603 0.0104712 0.996498 106.529 
0.99352 0.0153505 0.112617 -4.88599 -0.0139639 0.999817 -0.0130905 -2.27294 -0.112797 0.0114331 0.993552 106.914 
0.989332 0.0130512 0.145095 -4.80722 -0.0110146 0.999829 -0.0148305 -2.28694 -0.145263 0.0130741 0.989307 107.286 
0.983443 0.0105408 0.180911 -4.71491 -0.00771279 0.999837 -0.0163283 -2.30017 -0.181053 0.0146627 0.983364 107.654 
0.975563 0.00736591 0.219597 -4.61162 -0.00377874 0.999853 -0.0167506 -2.31361 -0.219688 0.0155115 0.975447 108.004 
0.965635 0.00520848 0.25985 -4.49172 -0.000668968 0.999846 -0.0175549 -2.32798 -0.259902 0.0167779 0.965489 108.348 
0.953268 0.00610217 0.302064 -4.36562 -0.000523075 0.999828 -0.0185472 -2.34315 -0.302126 0.0175224 0.953107 108.684 
0.93792 0.00806422 0.346758 -4.22906 -0.0016317 0.999821 -0.0188383 -2.35992 -0.346848 0.017103 0.937766 109.004 
0.92005 0.00811581 0.391717 -4.07454 -0.00134012 0.999845 -0.0175676 -2.37178 -0.391799 0.0156382 0.919918 109.312 
0.899645 0.0074487 0.436559 -3.90241 -0.00037837 0.999867 -0.0162802 -2.38411 -0.436622 0.0144813 0.899528 109.609 
0.876322 0.00620174 0.481685 -3.7171 0.00201145 0.999861 -0.0165326 -2.39983 -0.481721 0.0154568 0.876188 109.891 
0.850721 0.00667242 0.525576 -3.52179 0.00362336 0.999821 -0.018558 -2.41442 -0.525605 0.0176921 0.850545 110.163 
0.822632 0.0088412 0.568505 -3.31405 0.00417267 0.999758 -0.0215857 -2.43292 -0.568559 0.0201293 0.822397 110.425 
0.791379 0.0136508 0.611174 -3.09345 0.00266863 0.999664 -0.0257833 -2.44801 -0.61132 0.0220354 0.791076 110.683 
0.756904 0.0200692 0.653217 -2.8563 -0.000633277 0.99955 -0.0299759 -2.45657 -0.653525 0.0222753 0.756577 110.933 
0.71904 0.0247649 0.694527 -2.59997 -0.00273781 0.999458 -0.0328034 -2.46654 -0.694963 0.0216855 0.718719 111.172 
0.678987 0.0251166 0.733721 -2.3247 -0.000800247 0.999439 -0.0334721 -2.48157 -0.73415 0.02214 0.678626 111.394 
0.637132 0.0225935 0.770423 -2.02382 0.00321101 0.999484 -0.0319663 -2.49477 -0.770748 0.0228406 0.636731 111.602 
0.592356 0.0207576 0.805409 -1.71291 0.00442307 0.999569 -0.0290146 -2.50556 -0.805664 0.0207494 0.592009 111.8 
0.545261 0.0193552 0.838043 -1.39137 0.0051701 0.999637 -0.0264511 -2.51557 -0.838251 0.0187555 0.544963 111.98 
0.496583 0.016939 0.867824 -1.05315 0.00662898 0.999706 -0.0233064 -2.52884 -0.867964 0.0173264 0.496325 112.144 
0.444993 0.0131363 0.895438 -0.702064 0.00852485 0.999785 -0.0189035 -2.54755 -0.895493 0.0160454 0.444786 112.291 
0.392579 0.0133278 0.919622 -0.337897 0.00594411 0.999837 -0.0170278 -2.56351 -0.919699 0.0121511 0.392436 112.427 
0.340894 0.0182416 0.939925 0.0239595 0.00218381 0.999794 -0.0201955 -2.57886 -0.940099 0.00893715 0.340784 112.539 
0.289959 0.0233131 0.956755 0.40494 0.00122008 0.999693 -0.0247291 -2.59257 -0.957038 0.00833775 0.289841 112.632 
0.242887 0.0253397 0.969724 0.790599 0.0026163 0.999638 -0.0267766 -2.60713 -0.970051 0.00904079 0.242733 112.706 
0.201329 0.0248461 0.979209 1.1976 0.00978032 0.999577 -0.0273737 -2.62402 -0.979475 0.0150881 0.201001 112.759 
0.166059 0.024813 0.985804 1.62861 0.0174669 0.999453 -0.0280988 -2.63625 -0.985961 0.021885 0.165535 112.803 
0.135682 0.0261105 0.990408 2.07797 0.0218083 0.999332 -0.0293333 -2.64713 -0.990512 0.0255791 0.135022 112.842 
0.10747 0.0246152 0.993904 2.54181 0.0197576 0.999443 -0.0268888 -2.66261 -0.994012 0.0225269 0.106924 112.886 
0.0818364 0.0211834 0.996421 3.0271 0.0136127 0.999657 -0.0223702 -2.67643 -0.996553 0.0153947 0.08152 112.931 
0.0579469 0.0173604 0.998169 3.54223 0.00900053 0.999799 -0.0179112 -2.68818 -0.998279 0.0100219 0.0577791 112.968 
0.0352808 0.0150354 0.999264 4.07029 0.0133236 0.999791 -0.0155137 -2.70306 -0.999289 0.0138611 0.0350731 112.98 
0.0149925 0.0156842 0.999765 4.60443 0.0210585 0.99965 -0.0159982 -2.72117 -0.999666 0.0212934 0.0146569 112.973 
-0.00220915 0.0180836 0.999834 5.16065 0.0260385 0.999499 -0.0180199 -2.73866 -0.999659 0.0259943 -0.00267891 112.96 
-0.0166043 0.0236134 0.999583 5.74028 0.0265082 0.99938 -0.0231682 -2.74976 -0.999511 0.0261124 -0.0172199 112.953 
-0.0276391 0.0283101 0.999217 6.33535 0.0236705 0.999337 -0.0276587 -2.76254 -0.999338 0.0228875 -0.0282908 112.948 
-0.0341734 0.0282198 0.999017 6.96534 0.0261804 0.999284 -0.0273318 -2.77646 -0.999073 0.0252207 -0.0348877 112.936 
-0.0368957 0.0250002 0.999006 7.61557 0.0323916 0.999192 -0.0238085 -2.79715 -0.998794 0.031481 -0.0376757 112.915 
-0.0364026 0.0233395 0.999065 8.27631 0.033964 0.999179 -0.0221046 -2.81879 -0.99876 0.0331275 -0.0371654 112.899 
-0.0344602 0.0230063 0.999141 8.95744 0.032543 0.999231 -0.021886 -2.84111 -0.998876 0.0317608 -0.0351824 112.891 
-0.0332108 0.0232652 0.999178 9.65241 0.0289475 0.999332 -0.0223066 -2.86563 -0.999029 0.0281829 -0.0338621 112.891 
-0.0320591 0.0246172 0.999183 10.3678 0.0281759 0.999322 -0.0237166 -2.88398 -0.999089 0.0273925 -0.032731 112.884 
-0.0309374 0.0254254 0.999198 11.0983 0.0280705 0.999304 -0.0245589 -2.90775 -0.999127 0.0272882 -0.0316295 112.872 
-0.0300445 0.0249224 0.999238 11.8454 0.0277252 0.999325 -0.0240909 -2.93237 -0.999164 0.0269802 -0.0307152 112.865 
-0.0294059 0.0237584 0.999285 12.609 0.0267105 0.999379 -0.0229746 -2.95782 -0.999211 0.0260158 -0.0300222 112.858 
-0.0288354 0.0223417 0.999335 13.3882 0.0275819 0.999387 -0.021547 -2.98303 -0.999204 0.0269423 -0.0294339 112.848 
-0.0294839 0.0201657 0.999362 14.1745 0.0281317 0.999417 -0.0193368 -3.00874 -0.999169 0.0275436 -0.030034 112.837 
-0.0305135 0.0184971 0.999363 14.9677 0.0257517 0.999511 -0.0177135 -3.03347 -0.999203 0.0251948 -0.0309749 112.828 
-0.0317548 0.0174336 0.999344 15.7655 0.0246993 0.999556 -0.0166524 -3.05642 -0.999191 0.0241543 -0.0321713 112.82 
-0.0329222 0.0149438 0.999346 16.5736 0.0271517 0.999533 -0.0140521 -3.07781 -0.999089 0.0266713 -0.0333126 112.802 
-0.0341176 0.013279 0.99933 17.3968 0.0285793 0.999516 -0.0123057 -3.10118 -0.999009 0.0281403 -0.0344806 112.787 
-0.0360218 0.0123715 0.999274 18.225 0.0258142 0.999601 -0.0114449 -3.1279 -0.999018 0.0253832 -0.0363268 112.777 
-0.0368755 0.0171162 0.999173 19.0517 0.023217 0.999598 -0.0162666 -3.14922 -0.99905 0.022598 -0.0372581 112.762 
-0.0375651 0.0217271 0.999058 19.8854 0.0244063 0.999485 -0.0208186 -3.17386 -0.998996 0.0236013 -0.038076 112.742 
-0.0385843 0.0233616 0.998982 20.732 0.0247403 0.999443 -0.0224167 -3.20144 -0.998949 0.0238502 -0.0391407 112.722 
-0.0401322 0.0210693 0.998972 21.5838 0.0212238 0.99957 -0.0202292 -3.23116 -0.998969 0.0203901 -0.0405621 112.71 
-0.0411988 0.0167441 0.999011 22.4343 0.0182742 0.999705 -0.0160021 -3.26346 -0.998984 0.0175969 -0.0414927 112.696 
-0.0413508 0.0113909 0.99908 23.2883 0.0170037 0.999798 -0.0106953 -3.29266 -0.999 0.0165458 -0.0415361 112.676 
-0.041516 0.00573827 0.999121 24.1461 0.0134506 0.999896 -0.00518377 -3.31465 -0.999047 0.0132236 -0.0415888 112.656 
-0.0414635 0.00442535 0.99913 25.0005 0.0108382 0.999933 -0.00397908 -3.33903 -0.999081 0.0106638 -0.0415087 112.641 
-0.040303 0.0112414 0.999124 25.8376 0.0137526 0.999848 -0.0106948 -3.36618 -0.999093 0.0133095 -0.0404515 112.616 
-0.0392919 0.0224833 0.998975 26.6764 0.0161018 0.999631 -0.0218647 -3.38861 -0.999098 0.0152262 -0.0396394 112.597 
-0.0383191 0.0276676 0.998882 27.515 0.0183511 0.999468 -0.0269798 -3.41385 -0.999097 0.0172967 -0.0388064 112.571 
-0.0371381 0.0222223 0.999063 28.3613 0.020111 0.999567 -0.0214859 -3.44409 -0.999108 0.0192942 -0.037569 112.557 
-0.0362469 0.0143823 0.999239 29.2014 0.0231273 0.999641 -0.0135491 -3.47628 -0.999075 0.0226186 -0.0365665 112.539 
-0.035457 0.011388 0.999306 30.0319 0.0244533 0.999646 -0.0105242 -3.50269 -0.999072 0.0240632 -0.0357229 112.518 
-0.0355575 0.0120691 0.999295 30.8584 0.0233229 0.999665 -0.0112436 -3.52798 -0.999095 0.0229066 -0.0358271 112.503 
-0.0363469 0.0129991 0.999255 31.6776 0.0205552 0.999714 -0.0122574 -3.55327 -0.999128 0.0200943 -0.0366037 112.49 
-0.0382132 0.0131286 0.999183 32.4987 0.0185222 0.999751 -0.0124276 -3.57838 -0.999098 0.0180322 -0.0384469 112.476 
-0.0402444 0.0129733 0.999106 33.318 0.0180228 0.999763 -0.0122559 -3.6051 -0.999027 0.0175134 -0.0404687 112.46 
-0.0424572 0.0132353 0.999011 34.1305 0.0170118 0.999777 -0.0125224 -3.63256 -0.998953 0.0164633 -0.0426729 112.446 
-0.0443641 0.0136533 0.998922 34.9394 0.0156318 0.999794 -0.0129709 -3.65547 -0.998893 0.0150395 -0.0445683 112.425 
-0.0464577 0.012771 0.998839 35.7443 0.0140133 0.999828 -0.0121318 -3.68277 -0.998822 0.0134334 -0.0466287 112.409 
-0.048436 0.0116078 0.998759 36.5395 0.0146511 0.999833 -0.0109097 -3.70726 -0.998719 0.0141045 -0.048598 112.383 
-0.0501441 0.0116968 0.998674 37.334 0.0147285 0.999831 -0.0109708 -3.73367 -0.998633 0.0141588 -0.0503079 112.355 
-0.0520375 0.0128734 0.998562 38.123 0.0147721 0.999817 -0.0121197 -3.75553 -0.998536 0.0141202 -0.0522181 112.33 
-0.0527834 0.0129537 0.998522 38.9029 0.0151669 0.999811 -0.0121686 -3.78183 -0.998491 0.0145022 -0.0529699 112.298 
-0.0538217 0.0118071 0.998481 39.6875 0.0169693 0.999797 -0.010908 -3.80581 -0.998406 0.0163564 -0.0540111 112.267 
-0.0553113 0.0112828 0.998405 40.4669 0.0173922 0.999795 -0.0103349 -3.82748 -0.998318 0.0167928 -0.0554962 112.238 
-0.0566433 0.0108581 0.998335 41.2347 0.0161307 0.99982 -0.00995902 -3.85075 -0.998264 0.0155397 -0.0568083 112.212 
-0.0577705 0.00986322 0.998281 41.9851 0.0144661 0.999855 -0.00904157 -3.87483 -0.998225 0.0139189 -0.0579047 112.184 
-0.0584984 0.00869401 0.99825 42.7268 0.0133292 0.99988 -0.00792706 -3.89701 -0.998199 0.0128421 -0.0586072 112.157 
-0.0592147 0.00842288 0.99821 43.446 0.0136764 0.999877 -0.00762561 -3.91795 -0.998152 0.0132004 -0.0593226 112.128 
-0.0593506 0.0109206 0.998178 44.1532 0.0139313 0.999852 -0.0101106 -3.94196 -0.99814 0.0133059 -0.0594939 112.1 
-0.0591478 0.0136851 0.998155 44.8577 0.0142642 0.999816 -0.0128626 -3.9654 -0.998147 0.0134771 -0.0593321 112.069 
-0.0594905 0.0153453 0.998111 45.5683 0.0122083 0.999818 -0.0146438 -3.98699 -0.998154 0.011314 -0.059667 112.047 
-0.0592502 0.0161724 0.998112 46.2628 0.013036 0.999796 -0.0154258 -4.00985 -0.998158 0.0120974 -0.0594489 112.016 
-0.0595109 0.0159601 0.9981 46.9708 0.0142047 0.999785 -0.0151401 -4.03429 -0.998127 0.0132767 -0.0597247 111.991 
-0.0596579 0.0154084 0.9981 47.6618 0.0151698 0.999779 -0.0145276 -4.05637 -0.998104 0.0142743 -0.0598785 111.961 
-0.0600163 0.0155482 0.998076 48.3499 0.0112321 0.999826 -0.0149 -4.07844 -0.998134 0.0103162 -0.0601805 111.94 
-0.0597617 0.0156537 0.99809 49.0396 0.00873496 0.999847 -0.0151582 -4.10501 -0.998174 0.00781239 -0.0598893 111.917 
-0.0595439 0.0144405 0.998121 49.7302 0.0108668 0.999846 -0.0138171 -4.12609 -0.998167 0.0100237 -0.0596916 111.885 
-0.0606979 0.0139168 0.998059 50.4178 0.0111506 0.99985 -0.0132636 -4.14523 -0.998094 0.0103238 -0.060844 111.859 
-0.0641738 0.0134523 0.997848 51.0909 0.00804703 0.999884 -0.0129621 -4.16726 -0.997906 0.00719789 -0.0642746 111.831 
-0.0692357 0.013175 0.997513 51.765 0.00420921 0.999908 -0.0129144 -4.18952 -0.997591 0.0033046 -0.0692848 111.801 
-0.0749228 0.0168209 0.997048 52.4318 0.00776686 0.999837 -0.0162843 -4.21258 -0.997159 0.00652386 -0.0750412 111.756 
-0.0813383 0.0197006 0.996492 53.0996 0.0100519 0.99977 -0.0189449 -4.2336 -0.996636 0.00847571 -0.0815176 111.706 
-0.0888579 0.0214701 0.995813 53.7778 0.00958078 0.99974 -0.0206998 -4.25413 -0.995998 0.00770132 -0.0890405 111.66 
-0.0950801 0.0206686 0.995255 54.4612 0.00599673 0.999778 -0.0201896 -4.27758 -0.995452 0.00404865 -0.0951829 111.612 
-0.100475 0.0195405 0.994748 55.1484 0.00561766 0.999802 -0.0190723 -4.30088 -0.994924 0.00367186 -0.100565 111.556 
-0.104925 0.0202323 0.994274 55.8418 0.00342782 0.999794 -0.0199829 -4.32322 -0.994474 0.00131148 -0.104973 111.495 
-0.108883 0.0197932 0.993858 56.5434 0.00148208 0.999804 -0.0197492 -4.34234 -0.994053 -0.000677386 -0.108891 111.435 
-0.111544 0.0165615 0.993622 57.2588 0.00206625 0.999863 -0.0164335 -4.36465 -0.993757 0.000220008 -0.111563 111.371 
-0.113215 0.0134736 0.993479 57.9709 0.00403683 0.999906 -0.0131007 -4.38543 -0.993562 0.00252731 -0.113258 111.299 
-0.114492 0.0106077 0.993368 58.6939 0.00383693 0.99994 -0.0102356 -4.40796 -0.993417 0.00263959 -0.114526 111.228 
-0.115695 0.0104479 0.99323 59.4197 0.00299773 0.999944 -0.0101693 -4.42474 -0.99328 0.0018009 -0.11572 111.158 
-0.115805 0.0142058 0.99317 60.1498 0.00494103 0.999894 -0.0137258 -4.44456 -0.99326 0.00331775 -0.115863 111.082 
-0.115793 0.0179828 0.993111 60.8883 0.0106625 0.999801 -0.0168607 -4.46747 -0.993216 0.00863671 -0.115961 111.001 
-0.116168 0.0229156 0.992965 61.6323 0.0183369 0.999613 -0.0209237 -4.49111 -0.99306 0.0157772 -0.116543 110.914 
-0.11688 0.0240864 0.992854 62.388 0.0187675 0.999581 -0.0220403 -4.51388 -0.992969 0.0160574 -0.117283 110.84 
-0.117044 0.021802 0.992887 63.1424 0.0167214 0.999661 -0.0199795 -4.53963 -0.992986 0.014264 -0.117369 110.765 
-0.116564 0.0170362 0.993037 63.8958 0.0174057 0.999734 -0.015108 -4.56637 -0.993031 0.0155234 -0.116829 110.683 
-0.116356 0.0149777 0.993095 64.6468 0.019583 0.999727 -0.0127833 -4.59123 -0.993014 0.0179604 -0.116618 110.602 
-0.117285 0.0145354 0.992992 65.3924 0.0196004 0.999732 -0.012319 -4.61565 -0.992905 0.0180182 -0.117538 110.526 
-0.118886 0.0153749 0.992789 66.1336 0.0181321 0.999747 -0.0133114 -4.64056 -0.992742 0.0164188 -0.119134 110.452 
-0.120819 0.0159598 0.992546 66.8753 0.0175614 0.999749 -0.0139379 -4.66397 -0.992519 0.0157465 -0.121069 110.374 
-0.122846 0.0160622 0.992296 67.6184 0.01885 0.999726 -0.0138488 -4.68891 -0.992247 0.0170035 -0.123115 110.291 
-0.124548 0.0163542 0.992079 68.3629 0.0192805 0.999715 -0.0140596 -4.71071 -0.992026 0.0173767 -0.124827 110.209 
-0.126318 0.0160326 0.99186 69.1115 0.0193308 0.999719 -0.0136977 -4.73255 -0.991801 0.0174432 -0.126593 110.124 
-0.127888 0.01633 0.991654 69.8621 0.0173623 0.999748 -0.0142242 -4.75827 -0.991637 0.0153983 -0.128139 110.043 
-0.128832 0.0177021 0.991509 70.6157 0.0176509 0.999723 -0.0155553 -4.78475 -0.991509 0.015497 -0.129108 109.958 
-0.129741 0.0180539 0.991384 71.3852 0.016446 0.999736 -0.0160538 -4.80758 -0.991412 0.0142214 -0.130003 109.876 
-0.131288 0.0185127 0.991171 72.1627 0.0163184 0.999731 -0.016511 -4.82531 -0.99121 0.0140066 -0.131555 109.799 
-0.132454 0.0170437 0.991043 72.9477 0.0167866 0.999747 -0.0149498 -4.84632 -0.991047 0.0146561 -0.132706 109.711 
-0.133634 0.014783 0.990921 73.7325 0.0143722 0.999813 -0.0129774 -4.86817 -0.990927 0.0125075 -0.133821 109.627 
-0.135349 0.0127098 0.990717 74.5173 0.0112853 0.999873 -0.0112855 -4.89094 -0.990734 0.00965307 -0.135475 109.54 
-0.13755 0.0122775 0.990419 75.3154 0.0127188 0.999863 -0.0106281 -4.91064 -0.990413 0.0111351 -0.137687 109.444 
-0.139239 0.0129306 0.990174 76.1124 0.0140837 0.99984 -0.0110763 -4.93177 -0.990159 0.0124031 -0.139399 109.345 
-0.141319 0.0143083 0.989861 76.9185 0.0135939 0.999829 -0.0125116 -4.95075 -0.989871 0.011688 -0.141489 109.245 
-0.142927 0.0179571 0.98957 77.7282 0.0152325 0.999757 -0.0159418 -4.97307 -0.989616 0.0127951 -0.143166 109.145 
-0.143418 0.0218901 0.98942 78.5416 0.0171046 0.999661 -0.0196373 -4.99892 -0.989514 0.0141073 -0.143743 109.04 
-0.144519 0.0259139 0.989163 79.3612 0.018318 0.999556 -0.0235099 -5.02488 -0.989332 0.0147218 -0.14493 108.936 
-0.144182 0.0271195 0.989179 80.1902 0.020656 0.999489 -0.0243913 -5.05269 -0.989336 0.0169157 -0.144669 108.828 
-0.143641 0.026556 0.989273 81.0258 0.0245072 0.999429 -0.0232702 -5.08365 -0.989326 0.0209018 -0.14421 108.717 
-0.143641 0.0245199 0.989326 81.8738 0.024844 0.999467 -0.0211641 -5.11664 -0.989318 0.0215388 -0.144174 108.611 
-0.143082 0.0229446 0.989445 82.723 0.0241956 0.999514 -0.0196791 -5.14573 -0.989415 0.0211244 -0.143568 108.51 
-0.141233 0.0205938 0.989762 83.5725 0.0233922 0.999574 -0.01746 -5.17395 -0.9897 0.0206867 -0.141655 108.405 
-0.139665 0.0173034 0.990048 84.4313 0.0238219 0.999617 -0.0141101 -5.20224 -0.989912 0.0216141 -0.140023 108.303 
-0.13814 0.0140487 0.990313 85.2925 0.0244889 0.999642 -0.010765 -5.22623 -0.99011 0.0227646 -0.138435 108.201 
-0.13657 0.0137889 0.990534 86.1556 0.022609 0.999686 -0.010799 -5.25277 -0.990372 0.0209202 -0.136839 108.104 
-0.135318 0.0178637 0.990641 87.0144 0.0235573 0.999613 -0.0148077 -5.28211 -0.990522 0.0213331 -0.135686 108.005 
-0.133422 0.0241832 0.990764 87.8679 0.0241991 0.999484 -0.0211372 -5.30851 -0.990764 0.0211554 -0.133938 107.908 
-0.131771 0.0275941 0.990896 88.7215 0.0227308 0.999434 -0.0248091 -5.34256 -0.99102 0.0192548 -0.132323 107.807 
-0.130394 0.0251663 0.991143 89.5858 0.0210442 0.999523 -0.0226104 -5.3729 -0.991239 0.0179095 -0.130862 107.712 
-0.129015 0.0225043 0.991387 90.4552 0.0216423 0.999568 -0.0198735 -5.40816 -0.991406 0.0188919 -0.129447 107.611 
-0.128335 0.0208638 0.991511 91.3254 0.0226597 0.999579 -0.0181006 -5.44012 -0.991472 0.0201444 -0.128754 107.512 
-0.127435 0.0204199 0.991637 92.1932 0.0220014 0.9996 -0.0177564 -5.47441 -0.991603 0.0195546 -0.127833 107.416 
-0.126963 0.0203549 0.991699 93.059 0.0212224 0.999616 -0.0178003 -5.50608 -0.99168 0.0187863 -0.127346 107.323 
-0.126305 0.0185354 0.991818 93.9248 0.0237968 0.999594 -0.0156503 -5.53643 -0.991706 0.0216254 -0.126695 107.228 
-0.124987 0.0177718 0.991999 94.7955 0.0264764 0.999543 -0.014571 -5.56848 -0.991805 0.0244434 -0.1254 107.127 
-0.124248 0.0190732 0.992068 95.663 0.0286177 0.999468 -0.0156313 -5.59745 -0.991838 0.0264486 -0.124727 107.031 
-0.123023 0.02116 0.992178 96.5317 0.0293694 0.999412 -0.0176726 -5.62784 -0.991969 0.0269655 -0.123572 106.931 
-0.122051 0.0227599 0.992263 97.3976 0.0266435 0.999452 -0.0196475 -5.65619 -0.992166 0.0240393 -0.122591 106.84 
-0.121491 0.0185935 0.992418 98.2603 0.0216344 0.999637 -0.0160803 -5.68439 -0.992357 0.0195168 -0.121849 106.759 
-0.121524 0.0167268 0.992448 99.1241 0.0171488 0.999744 -0.0147499 -5.7138 -0.99244 0.0152268 -0.12178 106.674 
-0.122347 0.0169 0.992344 99.9757 0.0136776 0.999789 -0.0153404 -5.74782 -0.992393 0.0116961 -0.122552 106.585 
-0.123338 0.0215233 0.992131 100.821 0.0106964 0.999736 -0.0203585 -5.77675 -0.992307 0.00810129 -0.123536 106.499 
-0.124117 0.0240259 0.991977 101.668 0.010007 0.999686 -0.0229605 -5.80748 -0.992217 0.00707693 -0.124318 106.408 
-0.124466 0.024396 0.991924 102.504 0.0106987 0.999673 -0.023244 -5.84227 -0.992166 0.00771918 -0.124686 106.316 
-0.124694 0.0236953 0.991912 103.336 0.0122128 0.999676 -0.0223454 -5.87912 -0.99212 0.00932773 -0.124943 106.223 
-0.125042 0.0244792 0.991849 104.161 0.0136391 0.999644 -0.0229521 -5.91323 -0.992058 0.010658 -0.125332 106.13 
-0.125324 0.0275453 0.991733 104.982 0.0150511 0.999552 -0.0258605 -5.95068 -0.992002 0.0116857 -0.125683 106.037 
-0.125974 0.0290441 0.991608 105.803 0.0146797 0.999517 -0.0274108 -5.98646 -0.991925 0.0111035 -0.12634 105.949 
-0.127168 0.0293883 0.991446 106.62 0.013135 0.999523 -0.0279429 -6.02112 -0.991794 0.00946918 -0.127493 105.865 
-0.129429 0.0285742 0.991177 107.43 0.0117179 0.999559 -0.0272857 -6.05432 -0.991519 0.00808298 -0.129707 105.779 
-0.132453 0.0295752 0.990748 108.226 0.0115552 0.999533 -0.0282926 -6.09396 -0.991122 0.0077009 -0.132732 105.686 
-0.135835 0.032268 0.990206 109.024 0.0111747 0.999456 -0.0310365 -6.13074 -0.990668 0.00684942 -0.136122 105.596 
-0.139299 0.0336365 0.989679 109.817 0.00959689 0.999422 -0.0326168 -6.16759 -0.990204 0.00495435 -0.139541 105.506 
-0.142517 0.0336782 0.989219 110.599 0.0100268 0.999419 -0.0325808 -6.20674 -0.989742 0.00527536 -0.142772 105.408 
-0.145385 0.0322487 0.988849 111.381 0.0113463 0.999457 -0.0309264 -6.24719 -0.98931 0.00672352 -0.145672 105.306 
-0.147751 0.0332047 0.988467 112.159 0.0130758 0.999415 -0.0316179 -6.28563 -0.988938 0.00825344 -0.148099 105.2 
-0.149766 0.0376117 0.988006 112.933 0.00840685 0.999289 -0.0367669 -6.32683 -0.988686 0.0027996 -0.149975 105.105 
-0.151403 0.04444 0.987473 113.703 0.00608137 0.999012 -0.0440268 -6.37252 -0.988453 -0.000660631 -0.151524 105.006 
-0.153857 0.0474953 0.986951 114.467 0.010511 0.998866 -0.0464301 -6.41189 -0.988037 0.00323024 -0.154182 104.892 
-0.156381 0.0457039 0.986639 115.237 0.0126872 0.998939 -0.0442628 -6.45287 -0.987615 0.00559578 -0.156795 104.777 
-0.15948 0.0378778 0.986474 116.015 0.0111336 0.999269 -0.0365691 -6.50099 -0.987138 0.00515096 -0.159785 104.668 
-0.161799 0.0356543 0.986179 116.789 0.010062 0.999355 -0.0344797 -6.54914 -0.986772 0.00434417 -0.162054 104.559 
-0.163343 0.038538 0.985816 117.548 0.00979435 0.999251 -0.0374403 -6.5912 -0.986521 0.00353981 -0.163598 104.444 
-0.166026 0.0420429 0.985225 118.302 0.00730279 0.999116 -0.041405 -6.63019 -0.986094 0.000320558 -0.166186 104.334 
-0.168735 0.0444493 0.984659 119.05 0.00664802 0.999011 -0.0439579 -6.67519 -0.985639 -0.000871228 -0.168864 104.222 
-0.170395 0.0485842 0.984177 119.79 0.0106905 0.998816 -0.0474559 -6.72487 -0.985318 0.00243508 -0.170713 104.099 
-0.172105 0.0532078 0.983641 120.531 0.0109523 0.998582 -0.0520996 -6.77073 -0.985018 0.00180655 -0.172444 103.979 
-0.175337 0.0553171 0.982953 121.279 0.0102206 0.998469 -0.0543671 -6.81929 -0.984456 0.000513873 -0.175634 103.87 
-0.177627 0.0529766 0.982671 122.02 0.0111652 0.998594 -0.0518167 -6.86778 -0.984035 0.00176766 -0.177969 103.749 
-0.181502 0.0497782 0.98213 122.76 0.0156261 0.998738 -0.0477321 -6.91302 -0.983266 0.0066834 -0.182051 103.62 
-0.187239 0.0482562 0.981128 123.5 0.0178459 0.998795 -0.0457193 -6.96196 -0.982152 0.00894863 -0.187875 103.489 
-0.193406 0.0470113 0.979992 124.233 0.0166222 0.998865 -0.0446361 -7.00815 -0.980978 0.00765671 -0.193968 103.358 
-0.201823 0.0473624 0.978276 124.962 0.0156678 0.998858 -0.0451265 -7.05399 -0.979297 0.00621993 -0.202334 103.221 
-0.212428 0.0477449 0.97601 125.689 0.0150141 0.998847 -0.0455942 -7.09963 -0.977061 0.00496837 -0.2129 103.076 
-0.224253 0.048677 0.973315 126.406 0.0156606 0.998803 -0.0463434 -7.14379 -0.974405 0.00484999 -0.224747 102.917 
-0.236636 0.0494467 0.970339 127.122 0.0169696 0.998762 -0.0467567 -7.18914 -0.97145 0.00540195 -0.237182 102.75 
-0.248396 0.0496415 0.967386 127.83 0.0201135 0.998735 -0.0460856 -7.23194 -0.96845 0.00801001 -0.249081 102.573 
-0.259517 0.0497824 0.964455 128.533 0.0232949 0.998703 -0.0452819 -7.27454 -0.965457 0.0107155 -0.26034 102.388 
-0.269502 0.0495938 0.961722 129.226 0.0276583 0.99866 -0.0437479 -7.32519 -0.962603 0.0148094 -0.270512 102.196 
-0.278237 0.0503925 0.95919 129.923 0.0335604 0.998523 -0.0427239 -7.36733 -0.959926 0.0203034 -0.279518 101.994 
-0.285782 0.0503351 0.956972 130.613 0.0385993 0.998414 -0.0409878 -7.41107 -0.957517 0.0252248 -0.287271 101.788 
-0.292251 0.0504517 0.95501 131.301 0.0389758 0.998406 -0.0408169 -7.45463 -0.955547 0.0252935 -0.293752 101.588 
-0.296929 0.0485826 0.953663 131.991 0.0426717 0.998382 -0.0375746 -7.49299 -0.953946 0.0295374 -0.298522 101.381 
-0.299048 0.0459852 0.953129 132.676 0.048504 0.99828 -0.0329452 -7.52879 -0.953005 0.0363783 -0.300764 101.167 
-0.299993 0.0447175 0.952893 133.351 0.0549945 0.99805 -0.0295231 -7.56447 -0.952355 0.0435471 -0.301867 100.952 
-0.300822 0.0431329 0.952704 134.028 0.0573383 0.997988 -0.0270781 -7.60392 -0.951955 0.0464807 -0.30269 100.746 
-0.300447 0.0485448 0.952562 134.69 0.0597772 0.997699 -0.0319908 -7.63817 -0.951923 0.04733 -0.302658 100.544 
-0.299255 0.0518093 0.952766 135.355 0.059494 0.997595 -0.0355605 -7.67127 -0.952317 0.0460422 -0.301618 100.348 
-0.29852 0.0515235 0.953012 136.009 0.0617057 0.997495 -0.0345998 -7.70754 -0.952407 0.0484775 -0.300952 100.152 
-0.29681 0.0500371 0.953625 136.666 0.0628949 0.997482 -0.0327626 -7.74135 -0.952863 0.0502538 -0.29921 99.957 
-0.294805 0.0472272 0.95439 137.32 0.0650457 0.997453 -0.029266 -7.78084 -0.953341 0.0534512 -0.297126 99.7603 
-0.293457 0.0478571 0.954774 137.964 0.0657523 0.997391 -0.0297838 -7.81661 -0.953708 0.0540383 -0.295839 99.5724 
-0.29099 0.0500565 0.955416 138.603 0.0667977 0.997256 -0.0319041 -7.84983 -0.954392 0.0545359 -0.293535 99.387 
-0.286782 0.0517407 0.956598 139.238 0.0685225 0.997091 -0.0333882 -7.88308 -0.955542 0.0559734 -0.289493 99.2061 
-0.281382 0.0508722 0.958247 139.872 0.0694691 0.997054 -0.0325333 -7.91597 -0.957078 0.0574142 -0.284087 99.0304 
-0.275879 0.049119 0.959937 140.5 0.0708321 0.997017 -0.0306597 -7.95011 -0.958579 0.059536 -0.278535 98.8597 
-0.271088 0.0471946 0.961397 141.125 0.0705982 0.997082 -0.0290395 -7.98316 -0.959962 0.0600007 -0.273629 98.693 
-0.267288 0.0463816 0.9625 141.748 0.0705786 0.9971 -0.0284491 -8.01623 -0.961028 0.0603277 -0.269787 98.5359 
-0.263432 0.0446588 0.963644 142.366 0.0710817 0.997111 -0.0267781 -8.04784 -0.962056 0.0614432 -0.265845 98.3784 
-0.259608 0.0433045 0.964743 142.976 0.0746566 0.996904 -0.0246584 -8.07592 -0.962824 0.0656229 -0.262037 98.22 
-0.256088 0.0416758 0.965755 143.593 0.0764144 0.996817 -0.0227535 -8.10345 -0.963629 0.0679707 -0.258457 98.0676 
-0.25282 0.0402194 0.966677 144.199 0.0746032 0.996971 -0.0219685 -8.13492 -0.964633 0.0665631 -0.255055 97.9244 
-0.24925 0.0409214 0.967574 144.793 0.0715003 0.997158 -0.0237538 -8.16782 -0.965796 0.0632612 -0.251468 97.7879 
-0.244437 0.0444398 0.968646 145.385 0.0728634 0.996967 -0.027352 -8.19503 -0.966924 0.063893 -0.246934 97.6464 
-0.238739 0.0474985 0.969922 145.97 0.0745338 0.996753 -0.0304665 -8.22261 -0.968219 0.0650184 -0.241504 97.51 
-0.232137 0.0485096 0.971473 146.557 0.0739268 0.996747 -0.0321065 -8.25115 -0.96987 0.0643648 -0.234968 97.3846 
