1 2.12261e-08 -2.11895e-08 0 2.12261e-08 1 2.10703e-08 0 -2.11895e-08 2.10703e-08 1 0 
0.999997 -0.00169332 -0.00155389 -0.00706708 0.00169211 0.999998 -0.000806544 -0.00953716 0.00155521 0.000803954 0.999999 0.576875 
0.999994 -0.00207834 -0.00269327 -0.0171402 0.00207191 0.999995 -0.00240491 -0.018325 0.00269821 0.00239936 0.999994 1.15494 
0.999985 -0.00257407 -0.00476009 -0.026115 0.00255652 0.99999 -0.00369976 -0.0312635 0.00476952 0.00368757 0.999982 1.72765 
0.999967 -0.00461586 -0.00668087 -0.0387187 0.00458049 0.999975 -0.00530622 -0.0426796 0.00670515 0.00527548 0.999964 2.29399 
0.99994 -0.00706111 -0.00834575 -0.0504363 0.00699989 0.999949 -0.00734738 -0.0515476 0.00839716 0.00728857 0.999938 2.86283 
0.999918 -0.00830899 -0.00971171 -0.0658957 0.00823071 0.999934 -0.00807682 -0.0624693 0.00977813 0.00799626 0.99992 3.44237 
0.999903 -0.00855164 -0.0110144 -0.0859043 0.00847138 0.999937 -0.00731721 -0.0767519 0.0110763 0.00722323 0.999913 4.02396 
0.999886 -0.00887948 -0.0122196 -0.103907 0.00878705 0.999933 -0.00760071 -0.0946379 0.0122862 0.00749251 0.999896 4.61911 
0.999879 -0.00824144 -0.0131638 -0.128792 0.00810551 0.999914 -0.0103497 -0.108766 0.0132479 0.0102418 0.99986 5.22401 
0.999875 -0.00654241 -0.0144294 -0.15259 0.00633907 0.999881 -0.0140961 -0.126964 0.0145198 0.0140029 0.999797 5.83214 
0.999867 -0.00497817 -0.015515 -0.181173 0.00469897 0.999827 -0.0179827 -0.137428 0.0156018 0.0179075 0.999718 6.44897 
0.999858 -0.00323705 -0.0165395 -0.215782 0.00293711 0.999831 -0.0181294 -0.14805 0.0165953 0.0180783 0.999699 7.08739 
0.999843 -0.00077135 -0.0177068 -0.244934 0.000573429 0.999937 -0.0111824 -0.160594 0.0177142 0.0111706 0.999781 7.74176 
0.999829 7.36606e-05 -0.0184698 -0.27098 -8.66828e-05 1 -0.000706532 -0.175097 0.0184697 0.000708055 0.999829 8.41114 
0.999823 0.000915056 -0.0187933 -0.311536 -0.000802491 0.999982 0.0059941 -0.1869 0.0187984 -0.00597791 0.999805 9.09302 
0.999797 0.00301791 -0.0199265 -0.342246 -0.00291759 0.999983 0.00505975 -0.20157 0.0199414 -0.00500055 0.999789 9.7778 
0.999779 0.00494893 -0.0204537 -0.38236 -0.00499859 0.999985 -0.0023794 -0.205085 0.0204416 0.00248116 0.999788 10.4799 
0.999754 0.0047148 -0.0216728 -0.408786 -0.0049009 0.999952 -0.00854388 -0.205012 0.0216314 0.00864804 0.999729 11.1959 
0.999736 0.00276738 -0.0228081 -0.438107 -0.00292538 0.999972 -0.00689845 -0.20648 0.0227883 0.0069634 0.999716 11.9389 
0.999728 0.0015136 -0.0232832 -0.466993 -0.00145746 0.999996 0.00242616 -0.215887 0.0232867 -0.00239152 0.999726 12.7105 
0.999719 0.000945682 -0.023708 -0.497507 -0.000710677 0.999951 0.00991722 -0.225195 0.0237161 -0.00989754 0.99967 13.4901 
0.999706 -9.59212e-05 -0.0242441 -0.533321 0.000393559 0.999925 0.0122705 -0.224697 0.0242411 -0.0122764 0.999631 14.2903 
0.999699 -0.00214363 -0.0244319 -0.562347 0.00241922 0.999934 0.0112543 -0.224184 0.0244061 -0.01131 0.999638 15.1013 
0.99971 -0.00259334 -0.0239286 -0.593388 0.00280339 0.999958 0.00874719 -0.224131 0.0239048 -0.00881169 0.999675 15.922 
0.999727 -0.00018259 -0.0233862 -0.633324 0.000308291 0.999986 0.00536972 -0.227021 0.0233849 -0.00537541 0.999712 16.7655 
0.999742 -0.00330698 -0.0224717 -0.661098 0.00330617 0.999995 -7.47222e-05 -0.234399 0.0224718 4.50257e-07 0.999748 17.6245 
0.999742 -0.00615196 -0.0218757 -0.689617 0.00601653 0.999962 -0.00625358 -0.245292 0.0219133 0.0061204 0.999741 18.4977 
0.999773 -0.00515849 -0.0206865 -0.724692 0.00491376 0.999918 -0.0118656 -0.253935 0.0207459 0.0117612 0.999716 19.3916 
0.999779 -0.00394915 -0.0206631 -0.75903 0.00369021 0.999914 -0.0125566 -0.27287 0.0207109 0.0124776 0.999708 20.2949 
0.999775 -0.00379602 -0.0208672 -0.794211 0.00354536 0.999921 -0.0120384 -0.293483 0.0209112 0.0119617 0.99971 21.2207 
0.999776 -0.00223884 -0.0210685 -0.829389 0.00195642 0.999908 -0.0134183 -0.316276 0.0210966 0.0133741 0.999688 22.1627 
0.999784 0.000538104 -0.0208007 -0.874386 -0.000861865 0.999879 -0.0155611 -0.338062 0.0207898 0.0155757 0.999663 23.1221 
0.999767 0.00391667 -0.0212436 -0.913418 -0.00426384 0.999858 -0.0163237 -0.362412 0.0211766 0.0164105 0.999641 24.0892 
0.999757 0.00546028 -0.0213401 -0.95445 -0.00580698 0.999852 -0.0162206 -0.392205 0.0212483 0.0163406 0.999641 25.0686 
0.999745 0.00633032 -0.021696 -0.992661 -0.00668299 0.999846 -0.0162237 -0.422406 0.0215899 0.0163646 0.999633 26.0534 
0.999745 0.0063342 -0.0216843 -1.03511 -0.00668291 0.999849 -0.0160488 -0.45194 0.0215793 0.0161897 0.999636 27.0469 
0.999734 0.00716019 -0.0219309 -1.08083 -0.00748978 0.99986 -0.0149852 -0.479889 0.0218205 0.0151455 0.999647 28.059 
0.999722 0.00764303 -0.0223252 -1.12076 -0.00793639 0.999883 -0.0130831 -0.50666 0.0222226 0.0132566 0.999665 29.0738 
0.999711 0.00840396 -0.0225142 -1.16637 -0.00867318 0.999892 -0.0118886 -0.534919 0.0224118 0.0120805 0.999676 30.0951 
0.999709 0.00829075 -0.0226501 -1.2075 -0.0085861 0.999879 -0.0129754 -0.561721 0.0225397 0.0131661 0.999659 31.1187 
0.999689 0.00962521 -0.0229957 -1.25184 -0.00994783 0.999853 -0.0139588 -0.587059 0.022858 0.0141833 0.999638 32.1523 
0.999677 0.00924237 -0.0236577 -1.28992 -0.00955123 0.99987 -0.0129779 -0.614254 0.0235346 0.0131998 0.999636 33.1982 
0.99967 0.00839966 -0.0242652 -1.33399 -0.00864941 0.999911 -0.0102076 -0.642447 0.0241772 0.0104141 0.999653 34.2549 
0.999659 0.00894432 -0.0245158 -1.38174 -0.0091091 0.999937 -0.00661955 -0.665344 0.024455 0.00684066 0.999678 35.3109 
0.999645 0.00894952 -0.0250876 -1.42733 -0.00905671 0.99995 -0.00416387 -0.689205 0.0250491 0.00438965 0.999677 36.3793 
0.999633 0.00896523 -0.0255774 -1.47358 -0.00906184 0.999952 -0.00366519 -0.71257 0.0255433 0.00389566 0.999666 37.4537 
0.999624 0.00857278 -0.0260421 -1.52143 -0.00870818 0.999949 -0.00509178 -0.733132 0.0259971 0.00531668 0.999648 38.5337 
0.999602 0.00917917 -0.0266681 -1.5733 -0.00933179 0.999941 -0.005606 -0.752983 0.026615 0.00585268 0.999629 39.6207 
0.999587 0.00876379 -0.0273554 -1.62293 -0.00889035 0.99995 -0.00451014 -0.772758 0.0273144 0.00475152 0.999616 40.7114 
0.999563 0.00897768 -0.0281575 -1.67242 -0.00905177 0.999956 -0.00250652 -0.793842 0.0281337 0.00276035 0.9996 41.8034 
0.999549 0.00916716 -0.0285933 -1.72628 -0.00916776 0.999958 0.000108609 -0.817466 0.028593 0.000153619 0.999591 42.8947 
0.999521 0.010209 -0.0292068 -1.77662 -0.010215 0.999948 -5.78078e-05 -0.839915 0.0292046 0.000356171 0.999573 43.9794 
0.999499 0.0115864 -0.0294509 -1.83073 -0.0117093 0.999923 -0.00400713 -0.860086 0.0294022 0.00435001 0.999558 45.0549 
0.999488 0.0128252 -0.0292978 -1.88594 -0.0130624 0.999883 -0.00792008 -0.882541 0.0291927 0.00829877 0.999539 46.1331 
0.999493 0.0132827 -0.0289399 -1.94145 -0.013528 0.999874 -0.00829997 -0.906449 0.028826 0.0086873 0.999547 47.2186 
0.999488 0.0138086 -0.0288666 -1.99165 -0.0139735 0.999887 -0.00552156 -0.932576 0.0287871 0.00592215 0.999568 48.3011 
0.999485 0.014453 -0.0286563 -2.04486 -0.0145557 0.999888 -0.00338011 -0.956623 0.0286043 0.00379552 0.999584 49.3885 
0.999507 0.0126328 -0.0287576 -2.0917 -0.0126997 0.999917 -0.00214487 -0.977693 0.028728 0.00250906 0.999584 50.4808 
0.999522 0.0124533 -0.0282877 -2.13997 -0.012543 0.999917 -0.00299672 -1.00319 0.028248 0.00335015 0.999595 51.5711 
0.999538 0.0117646 -0.0280394 -2.18877 -0.0119059 0.999917 -0.00488074 -1.02445 0.0279797 0.00521236 0.999595 52.6573 
0.999539 0.0127133 -0.0275689 -2.23938 -0.0129083 0.999893 -0.00690895 -1.04819 0.0274781 0.00726167 0.999596 53.7577 
0.999559 0.0113626 -0.0274237 -2.2878 -0.0116175 0.999891 -0.00915376 -1.07708 0.0273167 0.00946836 0.999582 54.8535 
0.999575 0.00987171 -0.0274292 -2.33457 -0.0102161 0.99987 -0.0124451 -1.10713 0.0273028 0.01272 0.999546 55.9462 
0.999591 0.00819494 -0.0273908 -2.37884 -0.00858355 0.999864 -0.0141016 -1.13849 0.0272714 0.0143309 0.999525 57.0382 
0.999603 0.00645812 -0.027418 -2.42267 -0.00678738 0.999906 -0.0119343 -1.16681 0.0273383 0.0121157 0.999553 58.1314 
0.999617 0.00501595 -0.0272015 -2.46789 -0.00518201 0.999968 -0.00603937 -1.19377 0.0271704 0.00617806 0.999612 59.2274 
0.99962 0.00339577 -0.0273689 -2.50874 -0.00339951 0.999994 -9.16958e-05 -1.21621 0.0273684 0.000184745 0.999625 60.3304 
0.999617 0.00168654 -0.0276147 -2.55181 -0.00166602 0.999998 0.000764348 -1.23668 0.0276159 -0.000718006 0.999618 61.43 
0.99962 -0.00162727 -0.0275164 -2.59569 0.00156823 0.999996 -0.00216871 -1.25696 0.0275198 0.00212478 0.999619 62.5263 
0.99961 -0.00309379 -0.02774 -2.64355 0.00294518 0.999981 -0.00539804 -1.27518 0.0277561 0.00531428 0.999601 63.6194 
0.999612 -0.000911647 -0.027831 -2.70353 0.000648958 0.999955 -0.00944782 -1.30207 0.0278383 0.00942614 0.999568 64.7217 
0.999617 -0.000751093 -0.0276778 -2.75533 0.000367129 0.999904 -0.0138766 -1.32625 0.0276855 0.0138612 0.999521 65.8175 
0.999629 0.00245017 -0.0271263 -2.81056 -0.00284408 0.999891 -0.0144938 -1.35837 0.0270878 0.0145656 0.999527 66.9227 
0.999633 0.0062556 -0.026358 -2.86445 -0.00654241 0.99992 -0.0108108 -1.39059 0.0262883 0.0109793 0.999594 68.0273 
0.999627 0.00771184 -0.0262007 -2.92183 -0.00794108 0.999931 -0.00865826 -1.42042 0.0261321 0.00886314 0.999619 69.1365 
0.999631 0.00694199 -0.0262649 -2.96965 -0.00715175 0.999943 -0.00790227 -1.44507 0.0262085 0.00808724 0.999624 70.243 
0.999638 0.00542384 -0.0263632 -3.01567 -0.00560674 0.999961 -0.00687031 -1.47615 0.0263248 0.00701568 0.999629 71.3418 
0.999634 0.00403394 -0.0267529 -3.06464 -0.00418389 0.999976 -0.00555273 -1.49976 0.0267298 0.00566267 0.999627 72.4429 
0.999618 0.00238475 -0.0275228 -3.10273 -0.00248065 0.999991 -0.00345205 -1.52528 0.0275143 0.00351905 0.999615 73.535 
0.999602 0.0010975 -0.0281823 -3.15639 -0.00114491 0.999998 -0.00166778 -1.54918 0.0281803 0.00169942 0.999601 74.6462 
0.99958 0.000167569 -0.0289809 -3.20383 -0.000255416 0.999995 -0.00302898 -1.5731 0.0289803 0.00303515 0.999575 75.7456 
0.999559 0.000570657 -0.0296886 -3.25791 -0.000771659 0.999977 -0.00676076 -1.5983 0.029684 0.00678073 0.999536 76.8382 
0.999533 0.00131636 -0.0305371 -3.30867 -0.00158659 0.99996 -0.00882807 -1.62406 0.0305242 0.00887243 0.999495 77.9214 
0.9995 0.00305263 -0.0314619 -3.35805 -0.00328108 0.999969 -0.00721351 -1.65127 0.0314388 0.00731318 0.999479 79.0045 
0.999473 0.00423806 -0.0321904 -3.40901 -0.00433361 0.999986 -0.00290036 -1.67763 0.0321776 0.00303837 0.999478 80.1045 
0.999452 0.00549938 -0.0326482 -3.47307 -0.0054661 0.999984 0.00110732 -1.7029 0.0326538 -0.000928209 0.999466 81.2014 
0.999421 0.00644315 -0.0334172 -3.52775 -0.00638868 0.999978 0.00173534 -1.72582 0.0334276 -0.0015208 0.99944 82.2881 
0.9994 0.0062897 -0.0340634 -3.58413 -0.00630855 0.99998 -0.000447331 -1.74178 0.0340598 0.000661996 0.99942 83.3639 
0.999381 0.00628466 -0.0346017 -3.64007 -0.00633314 0.999979 -0.00129292 -1.76059 0.0345928 0.0015113 0.9994 84.4278 
0.999357 0.00557798 -0.0354105 -3.68862 -0.00563102 0.999983 -0.00139973 -1.78333 0.0354021 0.00159827 0.999372 85.4842 
0.999335 0.00457497 -0.036172 -3.74434 -0.00461697 0.999989 -0.00107861 -1.80753 0.0361666 0.00124494 0.999345 86.5298 
0.999316 0.00338171 -0.0368182 -3.79591 -0.0033779 0.999994 0.000164651 -1.82479 0.0368185 -4.01277e-05 0.999322 87.5552 
0.999295 0.00366994 -0.0373684 -3.85537 -0.00356206 0.999989 0.00295212 -1.84975 0.0373788 -0.00281689 0.999297 88.5587 
0.999259 0.00270232 -0.0383853 -3.90955 -0.00256114 0.99999 0.00372546 -1.86852 0.038395 -0.00362435 0.999256 89.5464 
0.999176 0.00202718 -0.0405372 -3.9648 -0.00185982 0.99999 0.00416478 -1.89031 0.0405452 -0.00408591 0.999169 90.512 
0.999046 0.00133863 -0.0436589 -4.02451 -0.00120466 0.999995 0.00309387 -1.90689 0.0436627 -0.00303828 0.999042 91.4547 
0.998898 0.00148903 -0.0469144 -4.08872 -0.00139335 0.999997 0.0020712 -1.92167 0.0469173 -0.00200351 0.998897 92.38 
0.99875 0.00105815 -0.0499701 -4.15016 -0.000944857 0.999997 0.00229003 -1.93817 0.0499723 -0.00223991 0.998748 93.2789 
0.998595 0.00226589 -0.0529504 -4.2171 -0.00208523 0.999992 0.00346611 -1.95903 0.0529578 -0.00335078 0.998591 94.1428 
0.998417 0.00320947 -0.0561521 -4.27995 -0.00295824 0.999985 0.00455601 -1.97741 0.0561659 -0.00438264 0.998412 94.9917 
0.99824 0.00405309 -0.059169 -4.34474 -0.00369306 0.999974 0.00619227 -1.99581 0.0591925 -0.00596281 0.998229 95.8163 
0.998078 0.00551273 -0.0617209 -4.41356 -0.00510538 0.999964 0.00675502 -2.00521 0.0617559 -0.00642688 0.998071 96.6096 
0.997916 0.00749472 -0.0640892 -4.48309 -0.00704786 0.999949 0.00719504 -2.02191 0.0641398 -0.00672832 0.997918 97.3762 
0.997723 0.00934893 -0.0667937 -4.55013 -0.0089563 0.999941 0.0061746 -2.03968 0.0668474 -0.00556227 0.997748 98.115 
0.99754 0.0106413 -0.0692881 -4.61683 -0.0104963 0.999942 0.00245472 -2.05537 0.0693101 -0.00172136 0.997594 98.822 
0.997349 0.013182 -0.0715671 -4.68746 -0.0133192 0.99991 -0.00144137 -2.06916 0.0715416 0.00239081 0.997435 99.4984 
0.997183 0.0149686 -0.0735045 -4.75173 -0.0153029 0.999875 -0.00398671 -2.08387 0.0734355 0.00510035 0.997287 100.144 
0.997085 0.0170694 -0.0743603 -4.81044 -0.0174929 0.999834 -0.00504756 -2.09716 0.0742617 0.00633367 0.997219 100.769 
0.997104 0.0193288 -0.0735524 -4.86795 -0.0197243 0.999795 -0.00465461 -2.11201 0.0734473 0.00609195 0.997281 101.367 
0.997249 0.0229921 -0.0704657 -4.926 -0.0232789 0.999724 -0.00325309 -2.1286 0.0703714 0.00488456 0.997509 101.941 
0.99755 0.0256654 -0.0650823 -4.96967 -0.0258311 0.999665 -0.00170675 -2.14447 0.0650167 0.00338376 0.997878 102.494 
0.997984 0.026437 -0.0576991 -5.00622 -0.0264848 0.999649 -6.39282e-05 -2.15391 0.0576771 0.00159199 0.998334 103.021 
0.998504 0.0261538 -0.0480261 -5.03272 -0.026066 0.999657 0.00245422 -2.16644 0.0480737 -0.00119866 0.998843 103.527 
0.999008 0.0258311 -0.0362844 -5.04958 -0.0257147 0.999663 0.00367051 -2.17795 0.0363669 -0.00273379 0.999335 104.003 
0.999421 0.0250782 -0.0229944 -5.05543 -0.024999 0.999681 0.00372607 -2.18773 0.0230805 -0.00314903 0.999729 104.464 
0.999656 0.0250216 -0.00789566 -5.05484 -0.0249986 0.999683 0.00298653 -2.20101 0.00796784 -0.00278808 0.999964 104.899 
0.999666 0.0237394 0.0102236 -5.04448 -0.0237406 0.999718 -2.26525e-06 -2.21305 -0.0102209 -0.000240409 0.999948 105.323 
0.999242 0.0231751 0.0312945 -5.01901 -0.0230413 0.999724 -0.00462801 -2.22425 -0.0313932 0.00390347 0.9995 105.732 
0.998221 0.0212614 0.0557081 -4.98385 -0.0207701 0.99974 -0.00938153 -2.23522 -0.0558932 0.00820781 0.998403 106.13 
0.996387 0.0187272 0.0828373 -4.93152 -0.0177936 0.99977 -0.0119938 -2.24784 -0.0830429 0.0104766 0.996491 106.523 
0.993499 0.0161517 0.112688 -4.8656 -0.0147583 0.999804 -0.0131875 -2.2589 -0.112879 0.0114387 0.993543 106.908 
0.989311 0.0138526 0.145164 -4.78682 -0.0118055 0.999819 -0.0149535 -2.27297 -0.145345 0.0130799 0.989295 107.28 
0.983422 0.0113423 0.180979 -4.69448 -0.00849868 0.999828 -0.0164799 -2.28628 -0.181135 0.0146687 0.983349 107.648 
0.975541 0.00816747 0.219665 -4.59118 -0.00455805 0.999846 -0.0169331 -2.2998 -0.219769 0.0155177 0.975429 107.998 
0.965613 0.00601014 0.259916 -4.47126 -0.00144006 0.999841 -0.0177696 -2.31427 -0.259981 0.0167843 0.965468 108.342 
0.953242 0.00690387 0.302128 -4.34514 -0.00128397 0.999823 -0.0187955 -2.32955 -0.302205 0.0175288 0.953082 108.678 
0.93789 0.00886589 0.34682 -4.20857 -0.00238001 0.999814 -0.0191223 -2.34643 -0.346925 0.0171092 0.937737 108.999 
0.920016 0.00891737 0.391779 -4.05403 -0.0020738 0.999838 -0.0178875 -2.35841 -0.391875 0.0156444 0.919886 109.306 
0.899608 0.00825019 0.43662 -3.88189 -0.00109541 0.999861 -0.0166359 -2.37088 -0.436697 0.0144875 0.899492 109.603 
0.876284 0.0070033 0.481745 -3.69657 0.00131339 0.999856 -0.0169242 -2.38675 -0.481794 0.0154631 0.876148 109.885 
0.85068 0.00747413 0.525631 -3.50125 0.00294609 0.999815 -0.0189846 -2.4015 -0.525676 0.0176984 0.850501 110.158 
0.822588 0.00964306 0.568556 -3.2935 0.00351818 0.999751 -0.0220464 -2.42016 -0.568627 0.0201354 0.822349 110.42 
0.79133 0.0144527 0.611218 -3.0729 0.00203946 0.999653 -0.0262779 -2.43543 -0.611386 0.0220411 0.791026 110.677 
0.75685 0.0208711 0.653256 -2.83573 -0.00123457 0.999534 -0.030504 -2.44419 -0.653588 0.0222805 0.756523 110.927 
0.718981 0.0255666 0.69456 -2.57939 -0.00330851 0.999438 -0.0333642 -2.45436 -0.695022 0.0216903 0.718661 111.166 
0.678925 0.0259184 0.73375 -2.30411 -0.00133862 0.999419 -0.034064 -2.46962 -0.734206 0.0221447 0.678566 111.388 
0.637071 0.0233953 0.77045 -2.00323 0.0027064 0.999465 -0.0325874 -2.48306 -0.770801 0.0228456 0.636667 111.596 
0.592293 0.0215594 0.805435 -1.69231 0.00395454 0.999552 -0.0296634 -2.4941 -0.805713 0.0207545 0.591942 111.794 
0.545195 0.0201569 0.838067 -1.37076 0.00473949 0.999621 -0.0271256 -2.50437 -0.838296 0.0187608 0.544893 111.974 
0.496517 0.0177406 0.867846 -1.03253 0.00623754 0.999692 -0.0240044 -2.51791 -0.868005 0.0173318 0.496253 112.138 
0.444926 0.0139378 0.895459 -0.681455 0.00817488 0.999774 -0.0196233 -2.5369 -0.89553 0.0160512 0.444711 112.284 
0.392507 0.014129 0.91964 -0.317289 0.00563627 0.999826 -0.0177665 -2.55316 -0.919732 0.0121568 0.39236 112.421 
0.340818 0.0190426 0.939936 0.044564 0.00191748 0.999779 -0.0209501 -2.5688 -0.940127 0.00894251 0.340706 112.533 
0.28988 0.024114 0.956759 0.425541 0.000994629 0.999674 -0.0254969 -2.58281 -0.957062 0.00834268 0.289762 112.625 
0.242705 0.0261689 0.969747 0.819941 0.00211795 0.999619 -0.027505 -2.60046 -0.970098 0.00872949 0.242557 112.703 
0.201151 0.0256763 0.979224 1.22694 0.00931348 0.999561 -0.0281227 -2.61767 -0.979516 0.0147769 0.200824 112.757 
0.165887 0.0256444 0.985811 1.65794 0.0170272 0.999438 -0.0288641 -2.63025 -0.985998 0.0215738 0.165357 112.8 
0.135512 0.0269425 0.990409 2.1073 0.0213924 0.999318 -0.0301118 -2.64149 -0.990545 0.0252678 0.134844 112.839 
0.107298 0.0254468 0.993901 2.57113 0.019364 0.999429 -0.0276787 -2.65733 -0.994038 0.0222158 0.106745 112.884 
0.0816589 0.0220138 0.996417 3.05643 0.0132396 0.999644 -0.0231701 -2.67155 -0.996572 0.0150842 0.0813383 112.928 
0.0577848 0.0180973 0.998165 3.56558 0.0081244 0.999794 -0.0185972 -2.68864 -0.998296 0.00918413 0.0576259 112.961 
0.0351217 0.0157731 0.999259 4.09363 0.0124633 0.999791 -0.0162195 -2.7039 -0.999305 0.0130237 0.0349178 112.973 
0.014839 0.016423 0.999755 4.62776 0.0202128 0.999656 -0.0167213 -2.7224 -0.999686 0.020456 0.0145019 112.967 
-0.00235897 0.018823 0.99982 5.18396 0.0252054 0.999506 -0.0187576 -2.74032 -0.99968 0.0251566 -0.00283225 112.953 
-0.0167537 0.0243528 0.999563 5.76358 0.0256859 0.999384 -0.0239178 -2.75185 -0.99953 0.0252739 -0.0173689 112.946 
-0.0277906 0.0290489 0.999192 6.35864 0.0228564 0.999335 -0.0284173 -2.76507 -0.999352 0.0220482 -0.028436 112.941 
-0.034323 0.028959 0.998991 6.98861 0.0253714 0.999283 -0.0280957 -2.77946 -0.999089 0.0243815 -0.0350331 112.929 
-0.0370407 0.0257404 0.998982 7.63882 0.0315848 0.999199 -0.0245748 -2.80065 -0.998815 0.0306424 -0.0378241 112.908 
-0.0365464 0.0240799 0.999042 8.29955 0.0331568 0.999188 -0.0228705 -2.82279 -0.998782 0.0322892 -0.0373152 112.892 
-0.0346051 0.0237466 0.999119 8.98066 0.0317343 0.99924 -0.0226503 -2.84562 -0.998897 0.0309225 -0.0353324 112.883 
-0.0333584 0.0240049 0.999155 9.67562 0.0281378 0.999338 -0.0230698 -2.87065 -0.999047 0.0273444 -0.0340117 112.883 
-0.0322073 0.0253568 0.99916 10.3909 0.0273652 0.999326 -0.0244789 -2.88953 -0.999107 0.0265538 -0.0328795 112.876 
-0.0310856 0.0261649 0.999174 11.1215 0.0272591 0.999308 -0.0253203 -2.91385 -0.999145 0.0264495 -0.0317773 112.864 
-0.030193 0.0256619 0.999215 11.8685 0.026913 0.999329 -0.0248516 -2.93902 -0.999182 0.0261415 -0.0308634 112.857 
-0.0295551 0.0244978 0.999263 12.6321 0.0258978 0.999383 -0.0237347 -2.96504 -0.999228 0.0251773 -0.0301713 112.85 
-0.028984 0.0230812 0.999313 13.4113 0.0267689 0.999393 -0.0223066 -2.99083 -0.999221 0.0261039 -0.0295842 112.84 
-0.0296321 0.0209053 0.999342 14.1975 0.0273192 0.999425 -0.0200969 -3.01713 -0.999188 0.0267057 -0.0301861 112.829 
-0.0306635 0.0192364 0.999345 14.9908 0.0249399 0.999518 -0.0184745 -3.04245 -0.999219 0.024357 -0.0311284 112.82 
-0.0319055 0.0181728 0.999326 15.7885 0.0238884 0.999563 -0.0174143 -3.066 -0.999205 0.0233167 -0.0323257 112.811 
-0.0330711 0.0156834 0.99933 16.5966 0.0263417 0.999543 -0.014815 -3.08799 -0.999106 0.0258341 -0.0334691 112.794 
-0.0342655 0.0140188 0.999314 17.4198 0.0277703 0.999529 -0.0130696 -3.11198 -0.999027 0.0273034 -0.0346386 112.778 
-0.0361717 0.0131109 0.99926 18.248 0.0250066 0.999613 -0.0122103 -3.13932 -0.999033 0.0245464 -0.0364855 112.768 
-0.0370273 0.0178551 0.999155 19.0747 0.02241 0.999604 -0.0170326 -3.16126 -0.999063 0.0217604 -0.0374128 112.753 
-0.037716 0.0224661 0.999036 19.9083 0.0235999 0.999488 -0.0215853 -3.18653 -0.99901 0.022763 -0.0382269 112.733 
-0.0387349 0.0241006 0.998959 20.755 0.0239346 0.999445 -0.0231842 -3.21475 -0.998963 0.0230116 -0.0392902 112.712 
-0.0400077 0.0218615 0.99896 21.6109 0.0205032 0.999568 -0.0210536 -3.24532 -0.998989 0.0196395 -0.0404387 112.695 
-0.0410768 0.0175367 0.999002 22.4614 0.0175544 0.999704 -0.0168272 -3.27831 -0.999002 0.0168457 -0.0413725 112.681 
-0.0413138 0.0121529 0.999072 23.3121 0.0162021 0.999803 -0.0114917 -3.30789 -0.999015 0.0157123 -0.0415025 112.663 
-0.0414817 0.00650036 0.999118 24.1699 0.0126491 0.999902 -0.00598025 -3.33055 -0.999059 0.0123899 -0.0415598 112.644 
-0.0414312 0.00518753 0.999128 25.0242 0.0100366 0.999938 -0.0047755 -3.35559 -0.999091 0.00982997 -0.0414807 112.629 
-0.0402685 0.0120035 0.999117 25.8613 0.0129501 0.99985 -0.0114903 -3.3834 -0.999105 0.0124759 -0.0404179 112.604 
-0.0392556 0.0232451 0.998959 26.7001 0.0152986 0.999626 -0.0226594 -3.40648 -0.999112 0.0143931 -0.0395965 112.585 
-0.038281 0.0284293 0.998863 27.5387 0.0175471 0.99946 -0.0277738 -3.43238 -0.999113 0.0164639 -0.0387592 112.559 
-0.0370988 0.022984 0.999047 28.385 0.0193061 0.999565 -0.022279 -3.46329 -0.999125 0.0184611 -0.0375264 112.545 
-0.0362052 0.015144 0.99923 29.225 0.0223218 0.999648 -0.0143415 -3.49613 -0.999095 0.0217853 -0.0365305 112.527 
-0.0354143 0.0121496 0.999299 30.0556 0.0236471 0.999656 -0.0113159 -3.52319 -0.999093 0.0232298 -0.0356895 112.506 
-0.0355157 0.0128307 0.999287 30.882 0.0225168 0.999674 -0.0120354 -3.54913 -0.999115 0.0220733 -0.035793 112.491 
-0.0363072 0.0137609 0.999246 31.7012 0.0197496 0.99972 -0.0130498 -3.57505 -0.999146 0.0192609 -0.0365688 112.478 
-0.0381751 0.0138904 0.999175 32.5223 0.0177181 0.999756 -0.0132215 -3.6008 -0.999114 0.0171988 -0.0384118 112.464 
-0.0402066 0.0137352 0.999097 33.3415 0.0172203 0.999767 -0.0130514 -3.62815 -0.999043 0.01668 -0.0404338 112.449 
-0.0424202 0.0139972 0.999002 34.1541 0.016211 0.99978 -0.0133197 -3.65625 -0.998968 0.0156298 -0.0426378 112.434 
-0.0443281 0.0144152 0.998913 34.9629 0.0148326 0.999795 -0.0137697 -3.67979 -0.998907 0.014206 -0.0445329 112.414 
-0.046423 0.013533 0.99883 35.7678 0.0132157 0.999829 -0.0129323 -3.70772 -0.998834 0.0125999 -0.0465939 112.397 
-0.0484008 0.0123698 0.998751 36.563 0.0138551 0.999835 -0.0117117 -3.73284 -0.998732 0.0132709 -0.0485642 112.372 
-0.0501088 0.0124588 0.998666 37.3574 0.0139339 0.999834 -0.0117742 -3.75987 -0.998647 0.0133253 -0.0502741 112.344 
-0.0520022 0.0136354 0.998554 38.1464 0.013979 0.999819 -0.0129247 -3.78235 -0.998549 0.0132867 -0.0521834 112.319 
-0.0527478 0.0137157 0.998514 38.9263 0.0143745 0.999813 -0.0129741 -3.80927 -0.998504 0.0136687 -0.0529351 112.287 
-0.0537847 0.0125691 0.998473 39.7109 0.0161777 0.999801 -0.0117143 -3.83388 -0.998422 0.0155229 -0.0539773 112.255 
-0.0552507 0.0121309 0.998399 40.4901 0.0166123 0.999799 -0.0112285 -3.85512 -0.998334 0.0159653 -0.0554411 112.227 
-0.0565838 0.0117063 0.998329 41.2578 0.015352 0.999823 -0.0108537 -3.87906 -0.99828 0.0147122 -0.0567535 112.2 
-0.0577124 0.0107115 0.998276 42.0083 0.0136884 0.999857 -0.00993708 -3.9038 -0.998239 0.0130913 -0.0578508 112.173 
-0.0584413 0.00954236 0.998245 42.7499 0.0125521 0.999882 -0.00882312 -3.92663 -0.998212 0.0120144 -0.0585542 112.146 
-0.0591573 0.00927122 0.998206 43.4691 0.0129 0.999881 -0.00852223 -3.9482 -0.998165 0.0123727 -0.0592698 112.117 
-0.059293 0.0117689 0.998171 44.1762 0.013155 0.999853 -0.0110073 -3.97284 -0.998154 0.0124783 -0.0594391 112.088 
-0.0590899 0.0145334 0.998147 44.8808 0.0134877 0.999814 -0.0137592 -3.99691 -0.998162 0.0126497 -0.059275 112.057 
-0.0594344 0.0161937 0.998101 45.5913 0.0114321 0.999814 -0.0155407 -4.01912 -0.998167 0.0104867 -0.0596084 112.036 
-0.0591933 0.0170208 0.998101 46.2859 0.0122596 0.999792 -0.0163225 -4.04259 -0.998171 0.0112701 -0.0593897 112.005 
-0.059453 0.0168084 0.99809 46.9938 0.0134285 0.999781 -0.016037 -4.06765 -0.998141 0.0124494 -0.0596657 111.98 
-0.0595992 0.0162566 0.99809 47.6848 0.0143938 0.999777 -0.0154245 -4.09034 -0.998119 0.013447 -0.05982 111.95 
-0.059961 0.0163966 0.998066 48.3728 0.0104563 0.999821 -0.0157972 -4.11301 -0.998146 0.00948889 -0.0601217 111.929 
-0.0597085 0.0165023 0.998079 49.0625 0.00795896 0.999839 -0.0160552 -4.14019 -0.998184 0.00698504 -0.0598303 111.906 
-0.0594889 0.015289 0.998112 49.7531 0.0100906 0.999841 -0.014714 -4.16188 -0.998178 0.00919626 -0.0596337 111.874 
-0.0606427 0.0147652 0.99805 50.4407 0.0103754 0.999846 -0.0141613 -4.18163 -0.998106 0.00949642 -0.0607865 111.849 
-0.0641212 0.0143009 0.99784 51.1138 0.00727501 0.999877 -0.0138625 -4.20425 -0.997916 0.00637041 -0.0642174 111.821 
-0.0691864 0.0140238 0.997505 51.7879 0.00344174 0.999899 -0.0138187 -4.22711 -0.997598 0.00247709 -0.0692277 111.79 
-0.0748704 0.0176695 0.997037 52.4547 0.00700458 0.999828 -0.0171929 -4.25077 -0.997169 0.00569658 -0.0749813 111.746 
-0.0812841 0.020549 0.996479 53.1224 0.00929552 0.99976 -0.0198584 -4.27241 -0.996648 0.00764862 -0.0814555 111.695 
-0.0888041 0.0223186 0.995799 53.8007 0.00883129 0.999727 -0.021619 -4.29355 -0.99601 0.00687433 -0.088977 111.65 
-0.0950293 0.0215173 0.995242 54.484 0.00525298 0.999763 -0.0211134 -4.31761 -0.995461 0.00322159 -0.0951198 111.601 
-0.100425 0.0203892 0.994736 55.1712 0.00487893 0.999788 -0.0200002 -4.34154 -0.994933 0.00284473 -0.100503 111.546 
-0.104876 0.0210812 0.994262 55.8646 0.00269323 0.999778 -0.020914 -4.36452 -0.994482 0.000484395 -0.10491 111.485 
-0.108836 0.0206421 0.993845 56.5662 0.000751208 0.999786 -0.0206832 -4.38429 -0.994059 -0.0015045 -0.108829 111.425 
-0.111497 0.0174104 0.993612 57.2816 0.00133788 0.999848 -0.0173695 -4.40726 -0.993764 -0.000607307 -0.111503 111.361 
-0.113166 0.0143225 0.993473 57.9937 0.00331004 0.999896 -0.014038 -4.42871 -0.993571 0.00169982 -0.113201 111.289 
-0.114443 0.0114566 0.993364 58.7167 0.00311135 0.999933 -0.0111738 -4.45191 -0.993425 0.00181193 -0.114471 111.218 
-0.115647 0.0112968 0.993226 59.4424 0.00227328 0.999936 -0.0111084 -4.46936 -0.993288 0.000973237 -0.115665 111.148 
-0.115756 0.0150546 0.993164 60.1725 0.00421669 0.999884 -0.014665 -4.48986 -0.993269 0.0024903 -0.115806 111.072 
-0.115738 0.0188313 0.993101 60.911 0.00993821 0.999792 -0.0177999 -4.51346 -0.99323 0.00780951 -0.115901 110.991 
-0.116107 0.0237636 0.992952 61.6549 0.017613 0.999606 -0.0218633 -4.53781 -0.993081 0.0149504 -0.11648 110.904 
-0.11666 0.0249396 0.992859 62.4058 0.0181863 0.999571 -0.0229713 -4.56197 -0.993005 0.0153766 -0.117064 110.827 
-0.116825 0.0226556 0.992894 63.1602 0.0161403 0.999651 -0.0209106 -4.58842 -0.993021 0.0135827 -0.11715 110.752 
-0.116345 0.0178896 0.993048 63.9137 0.0168241 0.99973 -0.0160389 -4.61586 -0.993066 0.0148411 -0.116614 110.671 
-0.116135 0.0158306 0.993107 64.6646 0.0190013 0.999725 -0.0137141 -4.64142 -0.993052 0.0172776 -0.116404 110.59 
-0.117064 0.0153883 0.993005 65.4102 0.0190195 0.999731 -0.0132503 -4.66653 -0.992942 0.0173353 -0.117325 110.514 
-0.118666 0.0162282 0.992802 66.1514 0.0175527 0.999745 -0.0142436 -4.69212 -0.992779 0.0157361 -0.118921 110.44 
-0.1206 0.0168131 0.992559 66.8931 0.0169838 0.999745 -0.0148712 -4.71622 -0.992556 0.0150639 -0.120855 110.362 
-0.122626 0.0169153 0.992309 67.6362 0.0182744 0.999724 -0.0147834 -4.74186 -0.992285 0.016321 -0.122901 110.28 
-0.124327 0.0172072 0.992092 68.3808 0.0187064 0.999713 -0.0149951 -4.76435 -0.992065 0.0166942 -0.124613 110.197 
-0.126098 0.0168856 0.991874 69.1294 0.0187584 0.999717 -0.0146343 -4.78689 -0.99184 0.0167607 -0.126379 110.113 
-0.127669 0.0171835 0.991668 69.88 0.0167914 0.999744 -0.0151616 -4.81331 -0.991675 0.0147158 -0.127925 110.032 
-0.128613 0.0185555 0.991521 70.6335 0.0170809 0.999718 -0.0164932 -4.84049 -0.991548 0.0148148 -0.128893 109.947 
-0.129523 0.0189076 0.991396 71.403 0.0158768 0.99973 -0.0169923 -4.86404 -0.991449 0.0135393 -0.129788 109.866 
-0.130895 0.0193433 0.991208 72.181 0.0158766 0.999722 -0.0174129 -4.88435 -0.991269 0.0134578 -0.131166 109.784 
-0.13206 0.0178741 0.991081 72.966 0.0163459 0.999741 -0.0158522 -4.90607 -0.991107 0.0141067 -0.132318 109.696 
-0.133242 0.0156143 0.990961 73.7509 0.0139325 0.999807 -0.0138803 -4.92863 -0.990986 0.0119572 -0.133434 109.613 
-0.13496 0.0135422 0.990759 74.5356 0.0108472 0.999867 -0.0121891 -4.9521 -0.990792 0.00910192 -0.135089 109.525 
-0.137159 0.0131093 0.990462 75.3338 0.0122827 0.999858 -0.0115327 -4.97251 -0.990473 0.0105838 -0.137301 109.43 
-0.138848 0.0137619 0.990218 76.1308 0.0136492 0.999835 -0.0119816 -4.99436 -0.99022 0.011852 -0.139013 109.331 
-0.140928 0.0151398 0.989904 76.937 0.0131613 0.999823 -0.0134178 -5.01407 -0.989932 0.0111374 -0.141102 109.231 
-0.142535 0.0187882 0.989611 77.7467 0.0148013 0.999749 -0.0168487 -5.03713 -0.989679 0.012246 -0.142778 109.132 
-0.143024 0.0227206 0.989458 78.5601 0.0166739 0.99965 -0.0205444 -5.06372 -0.989579 0.0135598 -0.143353 109.028 
-0.144125 0.0267441 0.989198 79.3797 0.0178883 0.999542 -0.0244174 -5.09042 -0.989398 0.0141759 -0.144537 108.924 
-0.143786 0.0279488 0.989214 80.2087 0.020226 0.999475 -0.0252987 -5.11898 -0.989402 0.0163703 -0.144276 108.816 
-0.143242 0.0273838 0.989309 81.0443 0.0240768 0.999418 -0.0241775 -5.1507 -0.989395 0.0203562 -0.143817 108.705 
-0.143241 0.0253474 0.989363 81.8923 0.0244136 0.999458 -0.0220713 -5.18447 -0.989387 0.0209924 -0.143782 108.6 
-0.142683 0.0237723 0.989483 82.7416 0.0237646 0.999506 -0.0205862 -5.21432 -0.989483 0.0205774 -0.143177 108.498 
-0.140834 0.0214217 0.989801 83.5911 0.0229595 0.999568 -0.0183662 -5.2433 -0.989767 0.0201388 -0.141265 108.395 
-0.139265 0.018131 0.990089 84.4499 0.0233878 0.999614 -0.0150157 -5.27237 -0.989979 0.0210649 -0.139635 108.293 
-0.13774 0.0148759 0.990357 85.3111 0.0240534 0.999643 -0.01167 -5.29714 -0.990176 0.0222141 -0.138049 108.191 
-0.136172 0.0146168 0.990577 86.1742 0.0221721 0.999686 -0.0117033 -5.32446 -0.990437 0.0203696 -0.136453 108.094 
-0.134918 0.0186915 0.99068 87.0331 0.0231193 0.999609 -0.0157113 -5.35457 -0.990587 0.0207841 -0.135298 107.995 
-0.133022 0.0250109 0.990798 87.8866 0.0237593 0.999475 -0.02204 -5.38173 -0.990828 0.0206089 -0.133546 107.899 
-0.131372 0.0284225 0.990926 88.7402 0.0222895 0.999421 -0.0257111 -5.41655 -0.991083 0.0187096 -0.131929 107.798 
-0.129997 0.0259952 0.991174 89.6045 0.0206016 0.999511 -0.0235118 -5.44767 -0.9913 0.0173633 -0.130469 107.703 
-0.128751 0.0233309 0.991402 90.4681 0.0211942 0.99956 -0.0207704 -5.48463 -0.99145 0.0183377 -0.129189 107.608 
-0.12807 0.02169 0.991528 91.3382 0.0222109 0.999573 -0.0189971 -5.51737 -0.991516 0.0195898 -0.128497 107.509 
-0.12717 0.0212463 0.991653 92.206 0.0215518 0.999594 -0.0186526 -5.55243 -0.991647 0.0189999 -0.127577 107.413 
-0.126699 0.0211815 0.991715 93.0719 0.0207724 0.999609 -0.0186963 -5.58487 -0.991724 0.0182315 -0.127089 107.321 
-0.126039 0.0193614 0.991836 93.9377 0.0233462 0.999591 -0.0165459 -5.61599 -0.991751 0.0210702 -0.12644 107.225 
-0.124718 0.018597 0.992018 94.8084 0.0260247 0.999542 -0.0154661 -5.64883 -0.991851 0.0238881 -0.125145 107.125 
-0.123978 0.0198978 0.992086 95.6758 0.0281654 0.999467 -0.0165261 -5.67858 -0.991885 0.0258936 -0.124472 107.03 
-0.122752 0.0219844 0.992194 96.5446 0.0289159 0.999409 -0.0185669 -5.70974 -0.992016 0.0264111 -0.123315 106.93 
-0.121783 0.0235851 0.992277 97.4105 0.0261892 0.999446 -0.0205412 -5.73886 -0.992211 0.0234853 -0.122333 106.839 
-0.121227 0.01942 0.992435 98.2731 0.0211795 0.999632 -0.0169737 -5.76782 -0.992399 0.0189616 -0.121594 106.758 
-0.121263 0.0175545 0.992465 99.137 0.0166939 0.999738 -0.0156434 -5.798 -0.99248 0.0146711 -0.121525 106.673 
-0.122089 0.0177285 0.992361 99.9886 0.0132234 0.999781 -0.0162342 -5.83278 -0.992431 0.0111404 -0.122297 106.585 
-0.123083 0.0223527 0.992145 100.834 0.0102431 0.999722 -0.0212527 -5.86246 -0.992344 0.00754679 -0.123277 106.499 
-0.123862 0.0248555 0.991988 101.681 0.00955436 0.99967 -0.023855 -5.89395 -0.992253 0.00652309 -0.124059 106.408 
-0.124211 0.0252254 0.991935 102.517 0.0102463 0.999656 -0.0241387 -5.92948 -0.992203 0.00716543 -0.124426 106.316 
-0.124438 0.0245243 0.991924 103.349 0.0117607 0.999661 -0.0232402 -5.96707 -0.992158 0.0087738 -0.124684 106.223 
-0.124785 0.0253079 0.991861 104.174 0.0131873 0.999629 -0.023847 -6.00193 -0.992096 0.0101043 -0.125072 106.131 
-0.125065 0.0283737 0.991743 104.995 0.0145995 0.999535 -0.0267555 -6.04011 -0.992041 0.0111328 -0.125422 106.037 
-0.125716 0.0298726 0.991617 105.816 0.0142288 0.999498 -0.0283061 -6.07662 -0.991964 0.010551 -0.126078 105.951 
-0.12691 0.0302172 0.991454 106.632 0.0126851 0.999504 -0.0288387 -6.112 -0.991833 0.00891676 -0.127231 105.866 
-0.129173 0.0294035 0.991186 107.442 0.0112701 0.999539 -0.0281825 -6.14593 -0.991558 0.00753034 -0.129445 105.781 
-0.132197 0.0304045 0.990757 108.239 0.0111101 0.999512 -0.0291908 -6.18629 -0.991161 0.00714852 -0.13247 105.688 
-0.13558 0.0330975 0.990213 109.037 0.0107327 0.999432 -0.0319361 -6.22378 -0.990708 0.00629775 -0.135858 105.598 
-0.139045 0.0344664 0.989686 109.829 0.00915799 0.999396 -0.0335179 -6.26134 -0.990244 0.00440304 -0.139277 105.508 
-0.142263 0.034508 0.989227 110.611 0.00959083 0.999393 -0.0334833 -6.30119 -0.989782 0.00472406 -0.142508 105.411 
-0.14513 0.0330782 0.98886 111.394 0.010913 0.999434 -0.0318303 -6.34235 -0.989352 0.00617185 -0.145409 105.309 
-0.147495 0.0340338 0.988477 112.172 0.0126447 0.999391 -0.0325227 -6.3815 -0.988982 0.00770203 -0.147835 105.203 
-0.149513 0.0384421 0.988012 112.946 0.00797751 0.999258 -0.0376724 -6.42339 -0.988728 0.00224935 -0.149709 105.108 
-0.151153 0.0452709 0.987473 113.715 0.00565352 0.998974 -0.0449328 -6.46978 -0.988494 -0.00120902 -0.151254 105.009 
-0.153603 0.0483252 0.98695 114.48 0.0100854 0.998828 -0.0473371 -6.50985 -0.988081 0.00268269 -0.15391 104.896 
-0.156125 0.0465333 0.986641 115.249 0.0122639 0.998904 -0.045171 -6.55153 -0.987661 0.00504774 -0.156525 104.781 
-0.159226 0.0387075 0.986483 116.028 0.0107132 0.99924 -0.0374788 -6.60036 -0.987184 0.00460079 -0.159519 104.672 
-0.161546 0.0364843 0.986191 116.802 0.00964378 0.999327 -0.0353905 -6.64921 -0.986818 0.00379341 -0.161789 104.563 
-0.16309 0.0393681 0.985825 117.561 0.00937751 0.99922 -0.0383516 -6.69197 -0.986567 0.00298982 -0.163332 104.449 
-0.165775 0.0428738 0.985231 118.314 0.00688842 0.999081 -0.0423173 -6.73165 -0.98614 -0.000228487 -0.165918 104.338 
-0.168485 0.0452803 0.984664 119.062 0.00623616 0.998973 -0.0448713 -6.77733 -0.985685 -0.00141961 -0.168594 104.227 
-0.170141 0.0494143 0.98418 119.803 0.0102802 0.998777 -0.0483699 -6.8277 -0.985366 0.00188783 -0.170441 104.104 
-0.171851 0.0540378 0.98364 120.543 0.0105436 0.998538 -0.0530141 -6.87424 -0.985067 0.00126058 -0.17217 103.985 
-0.175084 0.0561473 0.982951 121.291 0.00981494 0.998423 -0.0552827 -6.92349 -0.984505 -3.15069e-05 -0.175359 103.875 
-0.177374 0.0538066 0.982672 122.033 0.0107617 0.998551 -0.0527335 -6.97266 -0.984085 0.00122163 -0.177696 103.755 
-0.181245 0.0506071 0.982135 122.772 0.0152262 0.9987 -0.0486507 -7.01859 -0.98332 0.00613649 -0.18178 103.626 
-0.18698 0.0490846 0.981137 123.512 0.0174513 0.998759 -0.0466404 -7.06821 -0.982209 0.00840131 -0.187605 103.495 
-0.193149 0.0478401 0.980003 124.245 0.0162335 0.99883 -0.0455596 -7.11508 -0.981035 0.00710904 -0.193699 103.364 
-0.201566 0.0481915 0.978289 124.975 0.015287 0.998822 -0.0460533 -7.1616 -0.979356 0.00567235 -0.202066 103.227 
-0.212173 0.0485743 0.976024 125.701 0.0146434 0.99881 -0.046525 -7.20794 -0.977122 0.00442089 -0.212632 103.083 
-0.223998 0.0495064 0.973331 126.419 0.0153012 0.998765 -0.0472786 -7.25278 -0.974469 0.00430277 -0.224479 102.924 
-0.236381 0.050276 0.970359 127.135 0.0166222 0.998724 -0.0476964 -7.29882 -0.971518 0.00485495 -0.236915 102.757 
-0.248139 0.0504701 0.967409 127.843 0.0197775 0.998698 -0.0470295 -7.3423 -0.968523 0.00746307 -0.248814 102.581 
-0.259258 0.0506103 0.964481 128.546 0.0229699 0.998667 -0.0462297 -7.38559 -0.965535 0.0101686 -0.260075 102.396 
-0.269327 0.0505125 0.961723 129.245 0.0270484 0.998626 -0.0448759 -7.4327 -0.962669 0.0139268 -0.270323 102.203 
-0.278057 0.0513103 0.959193 129.942 0.032961 0.998494 -0.0438576 -7.47567 -0.959999 0.019421 -0.27933 102.001 
-0.285597 0.0512519 0.956978 130.632 0.038009 0.998389 -0.0421264 -7.52022 -0.957596 0.0243425 -0.287085 101.795 
-0.292067 0.0513686 0.955018 131.32 0.0383932 0.998381 -0.0419595 -7.5646 -0.955627 0.0244112 -0.293566 101.596 
-0.296742 0.0494988 0.953674 132.01 0.0420949 0.998363 -0.0387202 -7.60378 -0.95403 0.0286549 -0.29834 101.389 
-0.298855 0.0469002 0.953145 132.695 0.0479299 0.998269 -0.0340923 -7.6404 -0.953094 0.0354955 -0.300586 101.175 
-0.299794 0.0456312 0.952912 133.37 0.0544219 0.998047 -0.0306709 -7.67689 -0.95245 0.0426643 -0.301692 100.96 
-0.300621 0.0440461 0.952726 134.047 0.0567668 0.997988 -0.0282265 -7.71715 -0.952053 0.0455977 -0.302517 100.754 
-0.300244 0.0494576 0.952579 134.709 0.0592054 0.997696 -0.033139 -7.75219 -0.952023 0.046448 -0.30248 100.552 
-0.299052 0.0527222 0.952779 135.374 0.0589208 0.997588 -0.036708 -7.78608 -0.952416 0.0451609 -0.301437 100.356 
-0.298315 0.052436 0.953026 136.028 0.0611317 0.997489 -0.035747 -7.82313 -0.952508 0.0475962 -0.300772 100.16 
-0.296604 0.0509492 0.95364 136.685 0.0623189 0.99748 -0.0339088 -7.85772 -0.952965 0.0493723 -0.299032 99.9655 
-0.294577 0.0481177 0.954416 137.339 0.06444 0.997459 -0.0303985 -7.89782 -0.953453 0.0525479 -0.296929 99.7691 
-0.293229 0.0487474 0.954799 137.982 0.065145 0.997397 -0.0309155 -7.93434 -0.95382 0.0531351 -0.295641 99.5813 
-0.29076 0.0509465 0.955439 138.621 0.0661877 0.99726 -0.0330343 -7.96831 -0.954504 0.0536332 -0.293335 99.3961 
-0.28655 0.0526303 0.956619 139.256 0.0679076 0.997094 -0.0345158 -8.00229 -0.955656 0.0550712 -0.289291 99.2153 
-0.281149 0.0517616 0.958267 139.89 0.0688478 0.997059 -0.0336574 -8.03592 -0.957191 0.0565119 -0.283886 99.0398 
-0.275644 0.050008 0.959958 140.518 0.0702046 0.997026 -0.0317803 -8.07077 -0.958693 0.0586334 -0.278335 98.8692 
-0.270854 0.0480835 0.961419 141.143 0.0699651 0.997094 -0.0301569 -8.10455 -0.960075 0.0590977 -0.273431 98.7026 
-0.267054 0.0472705 0.962522 141.766 0.069941 0.997113 -0.029564 -8.13832 -0.96114 0.0594246 -0.269589 98.5457 
-0.263197 0.0455475 0.963666 142.384 0.0704397 0.997126 -0.0278904 -8.17063 -0.962167 0.0605397 -0.265649 98.3884 
-0.259369 0.0441923 0.964767 142.995 0.0740105 0.996925 -0.0257682 -8.19941 -0.962938 0.0647194 -0.261842 98.2301 
-0.255847 0.0425631 0.96578 143.611 0.0757644 0.99684 -0.0238609 -8.22763 -0.963744 0.067067 -0.258264 98.0778 
-0.252581 0.0411071 0.966702 144.217 0.0739493 0.996995 -0.0230736 -8.25978 -0.964746 0.065659 -0.254862 97.9348 
-0.249014 0.0418098 0.967597 144.812 0.0708422 0.997178 -0.0248565 -8.29334 -0.965906 0.062357 -0.251273 97.7984 
-0.2442 0.0453279 0.968665 145.404 0.0721999 0.996984 -0.0284516 -8.32122 -0.967034 0.0629896 -0.246736 97.657 
-0.2385 0.0483862 0.969936 145.988 0.0738639 0.996769 -0.0315622 -8.34945 -0.96833 0.0641158 -0.241303 97.5208 
-0.231898 0.0493974 0.971485 146.576 0.0732495 0.996761 -0.0331976 -8.37863 -0.969978 0.0634624 -0.234765 97.3954 
