1 2.12261e-08 -2.11895e-08 0 2.12261e-08 1 2.10703e-08 0 -2.11895e-08 2.10703e-08 1 0 
0.999998 0.000739986 0.00196512 -0.0264921 -0.000737997 0.999999 -0.000991371 -0.0193579 -0.00196589 0.000989961 0.999998 1.22378 
0.999994 0.0012081 0.00336382 -0.043322 -0.0012062 0.999999 -0.000553473 -0.0388246 -0.00336453 0.000549454 0.999994 2.44207 
0.99999 0.000800213 0.0044277 -0.0620479 -0.00079894 1 -0.000279671 -0.0581065 -0.00442796 0.000276173 0.99999 3.64896 
0.999987 0.000502994 0.00499453 -0.0741783 -0.000502542 1 -8.31126e-05 -0.0791913 -0.00499461 8.06436e-05 0.999988 4.85458 
0.999983 0.000308987 0.0057569 -0.0807844 -0.000308962 1 2.22384e-06 -0.0997768 -0.00575694 -3.96045e-06 0.999983 6.07188 
0.99998 0.000488838 0.00624173 -0.0900623 -0.000483011 0.999999 -0.000928268 -0.122214 -0.00624222 0.000925277 0.99998 7.27362 
0.999977 0.000111752 0.00677891 -0.0979884 -0.000102505 0.999999 -0.00135815 -0.141712 -0.0067791 0.00135747 0.999976 8.47869 
0.999978 -0.000607794 0.00654435 -0.103897 0.000607446 1 6.1726e-05 -0.160936 -0.00654443 -5.77073e-05 0.999979 9.6911 
0.999985 -0.00121919 0.00534686 -0.12391 0.00121428 0.999999 0.000929121 -0.180334 -0.00534802 -0.000922572 0.999985 10.8911 
0.999993 -0.00230481 0.00302526 -0.143369 0.00230363 0.999997 0.000408387 -0.199637 -0.00302624 -0.000401372 0.999995 12.0981 
0.999997 -0.00198423 0.00112869 -0.168327 0.00198442 0.999998 -0.000125138 -0.219412 -0.00112848 0.00012742 0.999999 13.304 
0.999998 -0.00184647 -0.000224219 -0.188649 0.00184645 0.999998 -0.000299551 -0.241297 0.000224729 0.000299179 1 14.5193 
0.999999 -0.000435853 -0.00118012 -0.209109 0.000435384 1 -0.000433121 -0.263146 0.00118026 0.000432649 0.999999 15.7351 
0.999998 -0.00106594 -0.00172692 -0.234858 0.00106533 0.999999 -0.000377377 -0.286117 0.00172728 0.000375579 0.999998 16.945 
0.999996 -0.00197529 -0.00223628 -0.2606 0.00197537 0.999998 1.42928e-05 -0.30841 0.0022362 -1.8668e-05 0.999998 18.1687 
0.999994 -0.00233022 -0.00273286 -0.286647 0.00233111 0.999997 0.0003088 -0.32899 0.00273209 -0.000315126 0.999996 19.3902 
0.999994 -0.00191948 -0.00280263 -0.335298 0.00191682 0.999998 -0.000966169 -0.340773 0.00280444 0.000960834 0.999996 20.6292 
0.999992 -0.00219175 -0.00323109 -0.367097 0.00218568 0.999996 -0.00189515 -0.358457 0.00323519 0.00188811 0.999993 21.8367 
0.999991 -0.00147722 -0.00409122 -0.394192 0.00147182 0.999998 -0.00133345 -0.381726 0.00409313 0.00132746 0.999991 23.0528 
0.999987 -0.00169178 -0.00480584 -0.421627 0.00168449 0.999997 -0.00152851 -0.40108 0.00480837 0.00152044 0.999987 24.2702 
0.999982 -0.00182695 -0.00563624 -0.453172 0.00181448 0.999996 -0.00222567 -0.423436 0.00564024 0.00221544 0.999982 25.4798 
0.999977 -0.00142336 -0.00662356 -0.479277 0.00141341 0.999998 -0.00151355 -0.447 0.00662566 0.0015042 0.999977 26.6863 
0.999968 -0.00286169 -0.00741628 -0.505432 0.00286515 0.999996 0.000450851 -0.472477 0.00741492 -0.000472043 0.999972 27.8932 
0.999956 -0.00327455 -0.0087819 -0.527014 0.00327987 0.999994 0.000586524 -0.491603 0.00877989 -0.000615259 0.999961 29.1104 
0.999944 -0.0042107 -0.00974254 -0.556873 0.00420825 0.999991 -0.000275888 -0.513856 0.00974358 0.000234916 0.999953 30.3173 
0.99993 -0.00486319 -0.0107534 -0.587956 0.00485011 0.999988 -0.00124558 -0.53624 0.0107593 0.00119338 0.999941 31.5192 
0.999924 -0.00428456 -0.0115848 -0.620325 0.00427101 0.99999 -0.00119827 -0.559168 0.0115897 0.00114874 0.999932 32.7316 
0.999913 -0.00517229 -0.0121217 -0.65851 0.00516349 0.999986 -0.000759961 -0.578179 0.0121254 0.000697347 0.999926 33.9353 
0.999902 -0.00541655 -0.0129218 -0.691179 0.00541218 0.999985 -0.000376317 -0.599673 0.0129236 0.000306388 0.999916 35.1461 
0.999891 -0.00618786 -0.0134156 -0.729888 0.00618285 0.999981 -0.000417615 -0.62434 0.0134178 0.000334665 0.99991 36.3641 
0.999879 -0.00648936 -0.0141552 -0.764354 0.00648281 0.999979 -0.000511627 -0.644432 0.0141582 0.000419842 0.9999 37.572 
0.999869 -0.00745653 -0.0143485 -0.801727 0.00746035 0.999972 0.000209907 -0.668098 0.0143465 -0.000316882 0.999897 38.7785 
0.999868 -0.00735776 -0.0144802 -0.834474 0.00738108 0.999972 0.00155476 -0.691765 0.0144683 -0.00166139 0.999894 40 
0.99987 -0.00688452 -0.0145743 -0.872186 0.00692064 0.999973 0.002427 -0.71233 0.0145572 -0.00252751 0.999891 41.2217 
0.999874 -0.0063085 -0.0145436 -0.910204 0.00633666 0.999978 0.00188826 -0.731293 0.0145313 -0.00198014 0.999892 42.4463 
0.999886 -0.00540079 -0.0140997 -0.950784 0.00542761 0.999984 0.00186183 -0.750748 0.0140894 -0.0019381 0.999899 43.6824 
0.999905 -0.00281949 -0.0135262 -0.98703 0.00286695 0.99999 0.00348768 -0.766789 0.0135162 -0.00352609 0.999902 44.9087 
0.999923 -0.00293761 -0.0120346 -1.02324 0.00301663 0.999974 0.00654956 -0.783235 0.012015 -0.00658531 0.999906 46.1213 
0.999943 -0.00253518 -0.0103923 -1.05677 0.00263208 0.999953 0.00931699 -0.795338 0.0103681 -0.00934377 0.999903 47.3398 
0.99996 -0.00235558 -0.0086735 -1.09331 0.00246575 0.999916 0.012709 -0.805941 0.00864279 -0.0127298 0.999882 48.5627 
0.999968 -0.00300372 -0.00740639 -1.11799 0.00310732 0.999897 0.0140103 -0.810972 0.0073635 -0.0140329 0.999874 49.7922 
0.99997 -0.00497735 -0.00596488 -1.14344 0.00505202 0.999908 0.0125628 -0.814307 0.00590176 -0.0125926 0.999903 51.0055 
0.99998 -0.00394831 -0.00494959 -1.17153 0.00400196 0.999933 0.0108675 -0.817796 0.0049063 -0.010887 0.999929 52.2157 
0.999985 -0.003648 -0.00419015 -1.1969 0.00369052 0.999941 0.0101743 -0.821464 0.00415275 -0.0101896 0.99994 53.4359 
0.999983 -0.00428259 -0.00408088 -1.22362 0.00432272 0.999942 0.00986449 -0.833394 0.00403836 -0.00988192 0.999943 54.6495 
0.999976 -0.00489513 -0.00485095 -1.24886 0.00493719 0.99995 0.00868697 -0.84013 0.00480814 -0.00871067 0.999951 55.8736 
0.999969 -0.00492585 -0.00611037 -1.28506 0.00498111 0.999947 0.00905438 -0.85111 0.0060654 -0.00908449 0.99994 57.0984 
0.999962 -0.0047648 -0.00724516 -1.32117 0.00484008 0.999934 0.0104023 -0.862829 0.00719508 -0.010437 0.99992 58.3252 
0.999955 -0.00506427 -0.00808357 -1.3564 0.00515145 0.999928 0.010796 -0.874635 0.00802828 -0.0108371 0.999909 59.5453 
0.999952 -0.00419556 -0.00889219 -1.39184 0.00428995 0.999934 0.0106177 -0.885706 0.00884702 -0.0106553 0.999904 60.7553 
0.999948 -0.00381939 -0.00942463 -1.42769 0.00391788 0.999938 0.0104498 -0.894755 0.00938409 -0.0104861 0.999901 61.968 
0.999944 -0.00453607 -0.0096099 -1.45942 0.00463201 0.99994 0.00998022 -0.903285 0.00956401 -0.0100241 0.999904 63.184 
0.999937 -0.00594054 -0.00955166 -1.49433 0.00602776 0.99994 0.00912376 -0.91655 0.00949685 -0.00918072 0.999913 64.3998 
0.999931 -0.00614117 -0.010053 -1.52741 0.00624651 0.999926 0.0104764 -0.929666 0.00998791 -0.0105384 0.999895 65.6095 
0.999926 -0.0064929 -0.010307 -1.56012 0.0066174 0.999905 0.0120872 -0.941477 0.0102275 -0.0121545 0.999874 66.8159 
0.999926 -0.00593322 -0.0106395 -1.59204 0.00604492 0.999927 0.0104939 -0.9521 0.0105764 -0.0105573 0.999888 68.0284 
0.999939 -0.00408895 -0.010267 -1.63476 0.00418381 0.999949 0.00923089 -0.960735 0.0102287 -0.00927324 0.999905 69.2363 
0.999948 -0.00196274 -0.0100277 -1.67767 0.00206061 0.99995 0.00975539 -0.974611 0.010008 -0.0097755 0.999902 70.4361 
0.999954 -8.50006e-05 -0.0095669 -1.71795 0.000179709 0.999951 0.00989478 -0.983429 0.00956555 -0.009896 0.999905 71.6361 
0.999958 0.00140936 -0.00910215 -1.75978 -0.00131505 0.999946 0.0103553 -0.991911 0.0091162 -0.0103428 0.999905 72.8346 
0.999967 0.0018752 -0.00784816 -1.79492 -0.001786 0.999934 0.0113527 -1.00282 0.00786889 -0.0113382 0.999905 74.0258 
0.999976 0.00404226 -0.00564849 -1.82975 -0.00397361 0.999919 0.0121048 -1.00921 0.00569692 -0.012082 0.999911 75.2192 
0.999993 0.00264401 -0.00270628 -1.85733 -0.0026172 0.999948 0.00984852 -1.0185 0.00273213 -0.00984133 0.999948 76.4178 
1 -7.70046e-05 4.53339e-05 -1.87772 7.68237e-05 0.999988 0.00490362 -1.02844 -4.57535e-05 -0.00490358 0.999988 77.5926 
0.999997 0.00111302 0.00236693 -1.89516 -0.00112326 0.99999 0.00434537 -1.03824 -0.00236211 -0.00434797 0.999988 78.7708 
0.999986 2.49718e-06 0.00528887 -1.91117 -4.38127e-05 0.999969 0.00781971 -1.05415 -0.00528873 -0.00781979 0.999955 79.9461 
0.999963 0.000710503 0.00861398 -1.92352 -0.000789373 0.999958 0.00916095 -1.06538 -0.00860715 -0.00916736 0.999921 81.1181 
0.999912 0.00124393 0.013215 -1.93558 -0.00134152 0.999972 0.00738153 -1.0772 -0.0132055 -0.00739857 0.999885 82.2839 
0.999854 0.000366057 0.0170817 -1.94051 -0.000441126 0.99999 0.00439365 -1.09186 -0.01708 -0.0044005 0.999844 83.445 
0.999782 -0.00112274 0.020847 -1.95071 0.00109882 0.999999 0.00116044 -1.11451 -0.0208483 -0.00113724 0.999782 84.644 
0.9997 -0.00182395 0.0244124 -1.94427 0.00182077 0.999998 0.000154125 -1.13499 -0.0244127 -0.000109588 0.999702 85.8156 
0.999594 -0.00199199 0.0284159 -1.93773 0.00193661 0.999996 0.00197815 -1.15537 -0.0284197 -0.00192227 0.999594 86.9982 
0.999472 -0.000796801 0.0324772 -1.92532 0.000719428 0.999997 0.00239535 -1.17699 -0.032479 -0.00237067 0.99947 88.1757 
0.999333 -0.00134656 0.0364979 -1.9071 0.00133407 0.999999 0.00036764 -1.19462 -0.0364984 -0.000318663 0.999334 89.3315 
0.9992 -0.00176758 0.039959 -1.88456 0.00184744 0.999996 -0.00196067 -1.21497 -0.0399555 0.00203296 0.999199 90.4846 
0.999064 -0.00165088 0.043233 -1.85913 0.00174397 0.999996 -0.00211473 -1.23885 -0.0432294 0.00218819 0.999063 91.6504 
0.998935 -0.00298917 0.0460528 -1.82303 0.00303734 0.999995 -0.000975126 -1.26023 -0.0460496 0.00111401 0.998939 92.8202 
0.998804 -0.00369313 0.0487566 -1.78834 0.00367475 0.999993 0.000467534 -1.27949 -0.048758 -0.000287765 0.998811 93.9813 
0.998668 -0.00449404 0.0513978 -1.74389 0.00438557 0.999988 0.00222378 -1.29817 -0.0514072 -0.00199537 0.998676 95.1617 
0.998535 -0.0060513 0.05378 -1.69886 0.00588473 0.999977 0.00325586 -1.31619 -0.0537985 -0.00293456 0.998548 96.3258 
0.998403 -0.00703904 0.0560619 -1.64922 0.00699738 0.999975 0.000940074 -1.33151 -0.0560671 -0.000546245 0.998427 97.5186 
0.998268 -0.00834105 0.0582337 -1.601 0.00850325 0.999961 -0.00253728 -1.35251 -0.0582102 0.0030281 0.9983 98.6775 
0.998158 -0.00771899 0.0601809 -1.54977 0.00806393 0.999952 -0.00549028 -1.37252 -0.0601357 0.0059655 0.998172 99.8464 
0.998063 -0.00765279 0.0617432 -1.49832 0.00806283 0.999947 -0.00639391 -1.39553 -0.0616911 0.00687939 0.998072 101.027 
0.998043 -0.00758349 0.0620662 -1.44127 0.00795326 0.999952 -0.00571214 -1.42144 -0.0620199 0.00619463 0.998056 102.229 
0.998088 -0.00747576 0.0613576 -1.38637 0.0077333 0.999962 -0.00396025 -1.44482 -0.0613257 0.00442722 0.998108 103.435 
0.998162 -0.00795638 0.0600738 -1.34057 0.00811566 0.999964 -0.0024071 -1.47041 -0.0600525 0.00289026 0.998191 104.623 
0.99826 -0.00775985 0.0584532 -1.2952 0.00785688 0.999968 -0.00142971 -1.49547 -0.0584403 0.00188652 0.998289 105.844 
0.998402 -0.00744609 0.0560274 -1.2512 0.00751707 0.999971 -0.00105534 -1.51387 -0.0560179 0.00147486 0.998429 107.082 
0.998562 -0.00704517 0.0531417 -1.21445 0.00710514 0.999974 -0.00093893 -1.53638 -0.0531338 0.0013152 0.998587 108.291 
0.998754 -0.00561173 0.0495933 -1.19876 0.00569156 0.999983 -0.00146776 -1.55598 -0.0495843 0.00174823 0.998768 109.553 
0.998926 -0.00544598 0.0460031 -1.17489 0.00550258 0.999984 -0.00110298 -1.57635 -0.0459964 0.00135497 0.998941 110.781 
0.99911 -0.00474576 0.0419107 -1.13687 0.00475507 0.999989 -0.000121355 -1.60088 -0.0419097 0.000320576 0.999121 112.05 
0.999275 -0.0045157 0.0378148 -1.11475 0.00448913 0.99999 0.000788563 -1.62193 -0.037818 -0.000618194 0.999284 113.288 
0.999438 -0.00465143 0.0332036 -1.08412 0.00460847 0.999988 0.00137137 -1.64064 -0.0332096 -0.00121753 0.999448 114.525 
0.999583 -0.00425873 0.0285477 -1.07404 0.00421729 0.99999 0.00151318 -1.66326 -0.0285539 -0.00139211 0.999591 115.773 
0.999706 -0.00353941 0.0239706 -1.08189 0.00350842 0.999993 0.00133661 -1.67942 -0.0239752 -0.00125208 0.999712 117.067 
0.999813 -0.00309452 0.0190667 -1.07813 0.00307577 0.999995 0.00101509 -1.69806 -0.0190697 -0.000956211 0.999818 118.322 
0.999893 -0.00200307 0.0144709 -1.08819 0.00199736 0.999998 0.00041154 -1.71975 -0.0144718 -0.000382551 0.999895 119.568 
0.999936 7.69868e-05 0.0113333 -1.10766 -7.88894e-05 1 0.000171195 -1.7386 -0.0113333 -0.000172037 0.999936 120.809 
0.999954 0.00210492 0.00939509 -1.12812 -0.00210783 0.999998 0.000304366 -1.75934 -0.00939447 -0.000324114 0.999956 122.051 
0.99996 0.00305828 0.00842786 -1.1429 -0.00305731 0.999995 -0.000123776 -1.77294 -0.00842824 9.80468e-05 0.999965 123.313 
0.999958 0.00523045 0.0074688 -1.16208 -0.00523051 0.999986 -6.35065e-06 -1.79163 -0.00746877 -3.26733e-05 0.999972 124.564 
0.999957 0.0066581 0.00652472 -1.17795 -0.00666298 0.999978 0.000733928 -1.81063 -0.00651973 -0.000777328 0.999978 125.818 
0.99996 0.0066372 0.00593341 -1.19611 -0.00664444 0.999977 0.00120741 -1.82975 -0.0059253 -0.00124674 0.999982 127.081 
0.999934 0.0102376 0.00516344 -1.22101 -0.0102531 0.999943 0.00299647 -1.84383 -0.00513251 -0.00304917 0.999982 128.356 
0.999926 0.0112356 0.00457488 -1.24502 -0.0112632 0.999918 0.00606517 -1.85646 -0.00450641 -0.00611621 0.999971 129.626 
0.99994 0.0101772 0.0039974 -1.26781 -0.0101996 0.999932 0.00564683 -1.86852 -0.0039397 -0.00568722 0.999976 130.908 
0.999942 0.010151 0.00361969 -1.29087 -0.0101658 0.99994 0.00410259 -1.88019 -0.00357787 -0.00413911 0.999985 132.17 
0.999968 0.00743107 0.00301336 -1.31908 -0.00744641 0.999959 0.00512746 -1.89302 -0.00297518 -0.0051497 0.999982 133.463 
0.999985 0.00514605 0.00180181 -1.33457 -0.00515869 0.999962 0.00710413 -1.90988 -0.00176522 -0.00711328 0.999973 134.765 
0.999998 0.00164742 0.00139823 -1.35163 -0.00165987 0.999958 0.00897736 -1.92148 -0.00138342 -0.00897962 0.999959 136.048 
1 -0.000299193 0.000915697 -1.37048 0.000289958 0.999949 0.0101151 -1.93313 -0.000918719 -0.0101147 0.999948 137.319 
0.99999 -0.00444281 0.00105525 -1.38643 0.00443388 0.999955 0.00835112 -1.94523 -0.00109235 -0.00834632 0.999965 138.594 
0.999974 -0.00710816 0.00125981 -1.40407 0.00709875 0.999948 0.00735223 -1.95398 -0.00131205 -0.00734305 0.999972 139.879 
0.999963 -0.0084507 0.00148029 -1.42097 0.00843992 0.999939 0.00717429 -1.96787 -0.00154087 -0.00716149 0.999973 141.161 
0.999963 -0.0084595 0.001856 -1.43847 0.00844537 0.999936 0.00751144 -1.97849 -0.00191947 -0.00749544 0.99997 142.443 
0.999968 -0.0075379 0.00256159 -1.46582 0.00751314 0.999926 0.00956108 -1.98969 -0.00263351 -0.00954149 0.999951 143.725 
0.99998 -0.00537859 0.00318875 -1.48554 0.00534335 0.999926 0.0109735 -1.99746 -0.00324757 -0.0109562 0.999935 145.025 
0.999977 -0.00560812 0.00394915 -1.50919 0.00557141 0.999942 0.00925708 -2.00764 -0.00400088 -0.00923481 0.999949 146.315 
0.999978 -0.00479109 0.00449208 -1.53039 0.00475827 0.999962 0.00729804 -2.01663 -0.00452691 -0.00727646 0.999963 147.609 
0.999976 -0.00486515 0.00494176 -1.54624 0.00484077 0.999976 0.00494157 -2.03309 -0.00496573 -0.00491748 0.999976 148.896 
0.999968 -0.00603915 0.0053473 -1.56824 0.00603381 0.999981 0.00102221 -2.05486 -0.00535342 -0.000989867 0.999985 150.176 
0.999966 -0.00590355 0.00582053 -1.58675 0.00591912 0.999979 -0.002655 -2.074 -0.00580478 0.00268941 0.99998 151.462 
0.999962 -0.00620515 0.00619587 -1.60719 0.0062267 0.999975 -0.00345773 -2.10326 -0.0061743 0.00349621 0.999975 152.76 
0.99996 -0.00603896 0.00655574 -1.63012 0.00606026 0.999976 -0.0032274 -2.13242 -0.00653614 0.00326704 0.999973 154.054 
0.999964 -0.00556288 0.00645496 -1.64565 0.00558047 0.999981 -0.00270461 -2.16031 -0.00643983 0.00274057 0.999976 155.344 
0.999966 -0.00510224 0.00641046 -1.66408 0.00511367 0.999985 -0.00176117 -2.18535 -0.00640142 0.00179393 0.999978 156.629 
0.99997 -0.00458282 0.00622241 -1.68275 0.00459031 0.999989 -0.00118193 -2.21378 -0.00621696 0.0012105 0.99998 157.902 
0.999974 -0.00442816 0.00567501 -1.70078 0.0044365 0.999989 -0.00145044 -2.24176 -0.00566857 0.00147562 0.999983 159.166 
0.999979 -0.00404213 0.00501202 -1.71762 0.0040482 0.999991 -0.00119322 -2.2658 -0.00500719 0.00121353 0.999987 160.44 
0.999979 -0.00482299 0.00429655 -1.73294 0.00482322 0.999988 -3.35375e-05 -2.2872 -0.00429638 5.43021e-05 0.999991 161.731 
0.999986 -0.00383527 0.00371695 -1.75397 0.00383457 0.999993 0.000206525 -2.30946 -0.00371775 -0.000192228 0.999993 163.007 
0.999989 -0.00341883 0.0031246 -1.77481 0.00342081 0.999994 -0.000615054 -2.33542 -0.00312252 0.000625778 0.999995 164.306 
0.999993 -0.00283627 0.00253054 -1.79762 0.00284085 0.999994 -0.00179277 -2.3604 -0.00252548 0.00179998 0.999995 165.574 
0.999996 -0.00233952 0.00161304 -1.81659 0.00234253 0.999996 -0.00184137 -2.38427 -0.00160877 0.00184519 0.999997 166.843 
0.999995 -0.00301396 0.000844379 -1.83862 0.00301634 0.999992 -0.00278652 -2.40743 -0.000836016 0.0027891 0.999996 168.131 
0.999997 -0.00225682 0.000268986 -1.8659 0.0022579 0.99999 -0.00393534 -2.43226 -0.000260144 0.00393598 0.999992 169.414 
0.999998 -0.00191301 -0.000525353 -1.88688 0.00191106 0.999991 -0.00375499 -2.45461 0.000532489 0.00375402 0.999993 170.714 
0.999998 -0.00168578 -0.00114725 -1.91413 0.00168315 0.999996 -0.00232791 -2.4851 0.00115112 0.00232602 0.999997 171.999 
0.999997 -0.00159094 -0.0018705 -1.94277 0.00158715 0.999997 -0.00204671 -2.50861 0.00187371 0.00204378 0.999996 173.28 
0.999995 -0.00126489 -0.00281152 -1.96588 0.00126016 0.999998 -0.00169839 -2.53158 0.00281362 0.00169488 0.999995 174.565 
0.999994 -0.000907128 -0.00341297 -1.99845 0.000902177 0.999999 -0.00146423 -2.55589 0.00341425 0.00146119 0.999993 175.849 
0.999993 -0.000688641 -0.00360312 -2.03446 0.000680725 0.999997 -0.0022095 -2.5817 0.00360459 0.00220707 0.999991 177.132 
0.999991 0.000190046 -0.004238 -2.06516 -0.000200946 0.999997 -0.0025816 -2.61065 0.00423745 0.00258247 0.999988 178.405 
0.99999 0.000432058 -0.00451521 -2.09891 -0.00044187 0.999998 -0.00218175 -2.63686 0.00451422 0.00218376 0.999987 179.682 
0.999989 0.000137163 -0.0046074 -2.1272 -0.000151994 0.999995 -0.0032279 -2.66474 0.00460689 0.00322861 0.999984 180.972 
0.999988 -0.00119692 -0.00466488 -2.15657 0.0011748 0.999988 -0.00475125 -2.69233 0.00467047 0.00474576 0.999978 182.24 
0.999979 -0.00421757 -0.00496486 -2.18024 0.00419504 0.999981 -0.00454752 -2.71891 0.0049839 0.00452663 0.999977 183.511 
0.999979 -0.00384333 -0.00516439 -2.20899 0.00383916 0.999992 -0.000824833 -2.74522 0.00516748 0.000805031 0.999986 184.786 
0.999973 -0.00497822 -0.00538553 -2.23512 0.0049973 0.999981 0.0035262 -2.76836 0.00536784 -0.00355298 0.999979 186.058 
0.999981 -0.00355776 -0.00511758 -2.26817 0.0035726 0.999989 0.00288511 -2.78712 0.00510722 -0.00290329 0.999983 187.312 
0.999985 -0.00213903 -0.00500962 -2.30058 0.00213799 0.999998 -0.000221914 -2.80888 0.00501004 0.000211242 0.999987 188.554 
0.999984 -0.00202436 -0.00536913 -2.33241 0.00201247 0.999996 -0.00222587 -2.83021 0.00537357 0.00221507 0.999983 189.801 
0.999982 -0.0022936 -0.00547789 -2.36287 0.00228329 0.999996 -0.00189457 -2.85517 0.00548217 0.00188208 0.999983 191.066 
0.999983 -0.0025802 -0.00533065 -2.39004 0.00257668 0.999996 -0.000673963 -2.88064 0.00533232 0.000660258 0.999986 192.322 
0.999985 -0.00236559 -0.00497961 -2.42303 0.00237284 0.999996 0.00144133 -2.9044 0.00497613 -0.00145308 0.999987 193.581 
0.999988 -0.00301563 -0.00377636 -2.46655 0.00302392 0.999993 0.00217933 -2.92236 0.00376972 -0.00219068 0.999991 194.854 
0.999993 -0.00302346 -0.00214889 -2.49715 0.00302699 0.999994 0.0016217 -2.94573 0.00214393 -0.00162816 0.999996 196.107 
0.999991 -0.00414913 -0.000788101 -2.5164 0.00414922 0.999991 6.12052e-05 -2.96655 0.000787798 -6.44324e-05 1 197.353 
0.99999 -0.00454167 0.000304087 -2.53434 0.00454212 0.999989 -0.00138078 -2.99139 -0.000297854 0.00138219 0.999999 198.582 
0.999985 -0.00523732 0.00168428 -2.55415 0.00524031 0.999985 -0.0017475 -3.0189 -0.00167514 0.00175634 0.999997 199.817 
0.999983 -0.0051411 0.00292806 -2.57073 0.00514419 0.999986 -0.00103464 -3.04477 -0.00292274 0.00104972 0.999995 201.047 
0.999976 -0.00558929 0.00414259 -2.58029 0.00558614 0.999984 0.000783498 -3.06859 -0.00414694 -0.000760296 0.999991 202.295 
0.999976 -0.00460644 0.00516305 -2.59956 0.0045999 0.999989 0.00128617 -3.09498 -0.00516896 -0.00126235 0.999986 203.512 
0.999968 -0.00491914 0.00626962 -2.61431 0.00491038 0.999987 0.00141802 -3.12007 -0.00627655 -0.00138715 0.999979 204.73 
0.999963 -0.00465208 0.00719337 -2.62876 0.00464081 0.999988 0.00158891 -3.14132 -0.00720072 -0.00155543 0.999973 205.943 
0.999955 -0.00477851 0.0082266 -2.63974 0.00476445 0.999987 0.00173321 -3.16259 -0.00823482 -0.00169389 0.999965 207.149 
0.999948 -0.00433968 0.00924438 -2.6548 0.00432522 0.999989 0.00158826 -3.18337 -0.00925122 -0.00154815 0.999956 208.355 
0.999939 -0.00456706 0.0100172 -2.6649 0.00455005 0.999988 0.00172468 -3.20697 -0.010025 -0.00167895 0.999948 209.55 
0.99993 -0.00554357 0.0104887 -2.67281 0.00552545 0.999983 0.00175926 -3.22949 -0.0104983 -0.00170114 0.999943 210.733 
0.999928 -0.00577618 0.0105015 -2.67704 0.00574993 0.99998 0.00253207 -3.25035 -0.0105159 -0.00247147 0.999942 211.91 
0.99993 -0.00634691 0.0100285 -2.68204 0.00631042 0.999973 0.00367017 -3.27428 -0.0100516 -0.00360659 0.999943 213.049 
0.999939 -0.00617341 0.00918863 -2.68353 0.00613999 0.999974 0.0036659 -3.29701 -0.00921107 -0.00360921 0.999951 214.179 
0.999943 -0.00585756 0.00889142 -2.69393 0.00583392 0.999979 0.00268711 -3.31577 -0.00890702 -0.00263505 0.999957 215.31 
0.999949 -0.00579587 0.00832362 -2.70729 0.00577924 0.999981 0.00202597 -3.33922 -0.00833525 -0.00197772 0.999963 216.411 
0.999953 -0.00598858 0.00759355 -2.71319 0.00597496 0.999981 0.00182049 -3.35908 -0.00760435 -0.001775 0.99997 217.507 
0.999961 -0.00642815 0.00612453 -2.72283 0.00641595 0.999977 0.00201624 -3.38327 -0.0061374 -0.00197682 0.999979 218.584 
0.999965 -0.00720683 0.00431171 -2.73464 0.00719566 0.999971 0.0026095 -3.40209 -0.00433044 -0.00257834 0.999987 219.652 
0.999963 -0.00842325 0.00199689 -2.73898 0.00841473 0.999956 0.00425785 -3.4202 -0.00203271 -0.00424085 0.999989 220.727 
0.999969 -0.00791813 -0.000244056 -2.75859 0.00791945 0.999952 0.00581434 -3.43528 0.000197963 -0.00581605 0.999983 221.753 
0.999968 -0.00755749 -0.00272531 -2.77882 0.00757347 0.999954 0.00588577 -3.45307 0.00268066 -0.00590618 0.999979 222.779 
0.999959 -0.00744579 -0.00525193 -2.80234 0.0074747 0.999957 0.00549897 -3.47135 0.00521072 -0.00553795 0.999971 223.783 
0.999938 -0.00741751 -0.00827744 -2.82311 0.00746548 0.999956 0.00577408 -3.48826 0.0082342 -0.00583547 0.999949 224.774 
0.999915 -0.00688044 -0.0111053 -2.85037 0.00695154 0.999956 0.00637314 -3.50624 0.0110609 -0.00644975 0.999918 225.739 
0.999879 -0.00660171 -0.0140673 -2.87807 0.00668904 0.999959 0.00616738 -3.52428 0.0140259 -0.00626069 0.999882 226.685 
0.999825 -0.00676664 -0.017423 -2.90943 0.00686737 0.99996 0.00572578 -3.5416 0.0173836 -0.00584438 0.999832 227.593 
0.999755 -0.00683992 -0.0210328 -2.93812 0.00695194 0.999962 0.00525512 -3.55995 0.020996 -0.00540001 0.999765 228.484 
0.999682 -0.00594252 -0.0245218 -2.97121 0.00606895 0.999969 0.00508293 -3.57771 0.0244908 -0.00523009 0.999686 229.356 
0.999599 -0.00575134 -0.0277201 -3.00854 0.00587612 0.999973 0.00442067 -3.59537 0.0276939 -0.00458175 0.999606 230.194 
0.999523 -0.0037391 -0.0306722 -3.0445 0.0038794 0.999982 0.00451452 -3.6113 0.0306547 -0.00463131 0.999519 231.019 
0.999497 -0.00329998 -0.0315391 -3.08097 0.00346124 0.999981 0.00505844 -3.62643 0.0315218 -0.00516501 0.99949 231.84 
0.99951 -0.00305383 -0.031146 -3.11888 0.00324402 0.999976 0.00605647 -3.63817 0.0311267 -0.0061545 0.999497 232.634 
0.999514 -0.00302197 -0.0310226 -3.15017 0.00323673 0.999971 0.00687323 -3.65381 0.0310009 -0.00697026 0.999495 233.408 
0.999523 -0.00313072 -0.0307161 -3.1853 0.00333015 0.999974 0.00644263 -3.66694 0.030695 -0.0065418 0.999507 234.159 
0.999535 -0.00264723 -0.0303749 -3.22119 0.00278775 0.999986 0.00458337 -3.67998 0.0303623 -0.00466588 0.999528 234.897 
0.999564 -0.00257395 -0.0293995 -3.25803 0.00264841 0.999993 0.00249264 -3.69257 0.0293928 -0.00256937 0.999565 235.624 
0.9996 -0.00228436 -0.028206 -3.29141 0.00231799 0.999997 0.00115827 -3.70516 0.0282032 -0.00122315 0.999602 236.355 
0.999632 -0.00171701 -0.0270606 -3.32018 0.00173569 0.999998 0.000665088 -3.71697 0.0270594 -0.000711769 0.999634 237.087 
0.999675 -0.00206289 -0.0254019 -3.34727 0.00207427 0.999998 0.00041996 -3.7277 0.0254009 -0.000472471 0.999677 237.817 
0.999713 -0.00219761 -0.0238388 -3.37046 0.00220682 0.999998 0.000358435 -3.73951 0.0238379 -0.000410897 0.999716 238.543 
0.999757 -0.00215586 -0.0219541 -3.39779 0.00215977 0.999998 0.000152255 -3.75104 0.0219537 -0.000199591 0.999759 239.268 
0.999802 -0.00243493 -0.0197277 -3.42688 0.00243298 0.999997 -0.000125128 -3.76587 0.0197279 7.71491e-05 0.999805 240.002 
0.999853 -0.00221572 -0.0170305 -3.44639 0.00221766 0.999998 9.24604e-05 -3.7754 0.0170302 -0.000130172 0.999855 240.729 
0.999899 -0.00339463 -0.0138283 -3.46607 0.00340664 0.999994 0.000841978 -3.78906 0.0138253 -0.000888958 0.999904 241.453 
0.999931 -0.00442652 -0.0108453 -3.4837 0.00443806 0.99999 0.00103648 -3.7999 0.0108405 -0.0010845 0.999941 242.166 
0.999959 -0.00466137 -0.00782352 -3.49548 0.00467035 0.999989 0.00112416 -3.8141 0.00781814 -0.0011606 0.999969 242.879 
0.999976 -0.00498539 -0.00482332 -3.50821 0.00498939 0.999987 0.00080949 -3.82693 0.00481918 -0.000833494 0.999988 243.575 
0.999986 -0.00504124 -0.00170999 -3.52017 0.00504236 0.999987 0.000624209 -3.83818 0.00170678 -0.000632781 0.999998 244.278 
0.999991 -0.00417063 0.00120154 -3.53068 0.00417102 0.999991 -0.00028081 -3.85016 -0.0012004 0.000285861 0.999999 244.977 
0.999983 -0.0040932 0.00422356 -3.53773 0.00409703 0.999991 -0.000889138 -3.86117 -0.00421993 0.000906468 0.999991 245.686 
0.999967 -0.00393955 0.00708053 -3.54413 0.0039392 0.999992 6.86755e-05 -3.87344 -0.00708079 -4.07395e-05 0.999975 246.391 
0.999946 -0.00387542 0.00961192 -3.54818 0.00386857 0.999992 0.000734934 -3.88616 -0.00961474 -0.000697668 0.999954 247.097 
0.999919 -0.00397108 0.0121096 -3.5508 0.00396325 0.999992 0.000674136 -3.8994 -0.0121122 -0.000626047 0.999926 247.804 
0.999886 -0.00408753 0.0145299 -3.5538 0.00410274 0.999991 -0.00101437 -3.91155 -0.0145257 0.00107391 0.999894 248.509 
0.999861 -0.00389894 0.0162161 -3.55343 0.00395197 0.999987 -0.00323664 -3.92453 -0.0162033 0.00330032 0.999863 249.219 
0.99984 -0.00469398 0.0172922 -3.55162 0.00477794 0.999977 -0.00481435 -3.93584 -0.0172693 0.00489624 0.999839 249.933 
0.999838 -0.00461173 0.017377 -3.54903 0.00470518 0.999975 -0.00533828 -3.94896 -0.017352 0.00541922 0.999835 250.655 
0.999829 -0.00572062 0.0175822 -3.54704 0.00582213 0.999967 -0.00572492 -3.96585 -0.0175489 0.00582635 0.999829 251.381 
0.999832 -0.00444917 0.0177568 -3.54811 0.0045553 0.999972 -0.00593842 -3.98169 -0.0177299 0.00601835 0.999825 252.117 
0.999828 -0.00374918 0.0181809 -3.54922 0.00386917 0.999971 -0.00656672 -3.99297 -0.0181558 0.00663597 0.999813 252.861 
0.999816 -0.00430066 0.0187036 -3.55665 0.0044637 0.999952 -0.00868205 -4.00572 -0.0186654 0.00876398 0.999787 253.627 
0.999775 -0.0083036 0.0194967 -3.56294 0.00851605 0.999905 -0.010837 -4.02154 -0.0194049 0.0110006 0.999751 254.391 
0.999723 -0.0114767 0.0205381 -3.5653 0.0117141 0.999866 -0.0114754 -4.04746 -0.0204037 0.0117129 0.999723 255.18 
0.999727 -0.00927674 0.0214502 -3.57354 0.00944038 0.999927 -0.007538 -4.06453 -0.0213788 0.00773849 0.999742 255.966 
0.999743 -0.00526829 0.0220586 -3.57788 0.00530358 0.999985 -0.00153988 -4.07907 -0.0220502 0.00165651 0.999756 256.753 
0.999716 -0.00597977 0.0230712 -3.57642 0.00593126 0.99998 0.00217223 -4.09998 -0.0230837 -0.00203473 0.999732 257.557 
0.999648 -0.00695773 0.025605 -3.56848 0.00695565 0.999976 0.000172204 -4.11359 -0.0256056 5.99806e-06 0.999672 258.348 
0.999539 -0.00558463 0.02984 -3.56008 0.00577104 0.999964 -0.00616309 -4.1223 -0.0298045 0.0063325 0.999536 259.145 
0.999426 -0.00343399 0.0337059 -3.55168 0.00376572 0.999945 -0.0097819 -4.13506 -0.0336705 0.00990325 0.999384 259.953 
0.999317 -0.00210957 0.0369049 -3.54039 0.00246643 0.999951 -0.00962564 -4.15036 -0.0368829 0.00971013 0.999272 260.765 
0.999183 -0.00371959 0.0402457 -3.52232 0.0040141 0.999966 -0.00723829 -4.16898 -0.0402174 0.00739396 0.999164 261.598 
0.999037 -0.00678839 0.0433495 -3.49482 0.00697077 0.999968 -0.00405628 -4.18493 -0.0433206 0.0043546 0.999052 262.443 
0.998886 -0.0089323 0.04634 -3.46797 0.00906199 0.999956 -0.00258831 -4.19796 -0.0463149 0.0030054 0.998922 263.284 
0.998735 -0.0087817 0.0495031 -3.44369 0.00889907 0.999958 -0.00215012 -4.21257 -0.0494822 0.00258797 0.998772 264.126 
0.99862 -0.00629867 0.0521431 -3.41733 0.00653246 0.999969 -0.00431352 -4.22883 -0.0521144 0.00464823 0.99863 264.968 
0.99851 -0.00530011 0.0543189 -3.38227 0.00566568 0.999962 -0.00657747 -4.24371 -0.054282 0.00687546 0.998502 265.807 
0.998361 -0.00474342 0.0570261 -3.35 0.00513364 0.999964 -0.00669754 -4.26038 -0.0569923 0.00697935 0.99835 266.654 
0.998193 -0.00389866 0.0599642 -3.31522 0.00418207 0.999981 -0.00460078 -4.2804 -0.0599451 0.00484328 0.99819 267.509 
0.997986 -0.00256219 0.0633816 -3.28236 0.00275144 0.999992 -0.0028981 -4.30039 -0.0633737 0.00306669 0.997985 268.365 
0.997783 -0.0017279 0.0665319 -3.24507 0.00193743 0.999993 -0.00308429 -4.31677 -0.0665262 0.00320639 0.99778 269.214 
0.997595 -0.00174289 0.069298 -3.20244 0.00199591 0.999992 -0.00358142 -4.33194 -0.0692912 0.00371116 0.99759 270.066 
0.9974 -0.00334228 0.0719921 -3.15078 0.00364043 0.999985 -0.00401008 -4.34869 -0.0719777 0.00426177 0.997397 270.921 
0.997233 -0.00647335 0.0740541 -3.10619 0.00673759 0.999972 -0.00331842 -4.36249 -0.0740306 0.00380822 0.997249 271.771 
0.997156 -0.00728132 0.0750124 -3.05397 0.00756315 0.999965 -0.00347315 -4.37928 -0.0749845 0.00403064 0.997177 272.627 
0.997097 -0.00835321 0.075685 -3.00207 0.00863024 0.999957 -0.00333333 -4.39973 -0.0756539 0.00397688 0.997126 273.49 
0.997051 -0.00846122 0.0762719 -2.95391 0.00873124 0.999957 -0.0032069 -4.41779 -0.0762415 0.00386343 0.997082 274.349 
0.997062 -0.00822813 0.0761626 -2.9051 0.0084513 0.999961 -0.00260775 -4.43378 -0.0761382 0.0032438 0.997092 275.212 
0.9971 -0.00772172 0.0757052 -2.85942 0.00791499 0.999966 -0.00225264 -4.45102 -0.0756853 0.00284535 0.997128 276.068 
0.997187 -0.00794816 0.0745299 -2.81166 0.00819258 0.999962 -0.00297376 -4.46947 -0.0745034 0.00357603 0.997214 276.928 
0.997307 -0.00791159 0.0729066 -2.7658 0.0082202 0.999959 -0.00393323 -4.48566 -0.0728725 0.00452199 0.997331 277.785 
0.997421 -0.00727199 0.0714019 -2.72452 0.00761933 0.99996 -0.0045928 -4.50385 -0.0713657 0.00512503 0.997437 278.647 
0.997542 -0.00630945 0.0697819 -2.68114 0.00665484 0.999967 -0.00471744 -4.52769 -0.0697498 0.00517028 0.997551 279.498 
0.997666 -0.00476052 0.0681177 -2.64253 0.00511135 0.999975 -0.00497637 -4.54688 -0.0680923 0.00531297 0.997665 280.353 
0.99781 -0.00448621 0.0659884 -2.59755 0.00479498 0.999978 -0.00452083 -4.56403 -0.0659667 0.00482739 0.99781 281.223 
0.997971 -0.00499746 0.0634752 -2.56851 0.00519525 0.999982 -0.00295063 -4.58489 -0.0634594 0.00327446 0.997979 282.071 
0.998216 -0.00609553 0.0594013 -2.53147 0.00614646 0.999981 -0.000673848 -4.60065 -0.0593961 0.00103779 0.998234 282.922 
0.998469 -0.0071278 0.0548455 -2.50195 0.00708628 0.999974 0.00095241 -4.61487 -0.054851 -0.00056226 0.998494 283.766 
0.998705 -0.00765123 0.0502971 -2.47976 0.00754996 0.999969 0.002204 -4.63186 -0.0503124 -0.00182136 0.998732 284.603 
0.998931 -0.00778382 0.0455723 -2.45821 0.00766345 0.999967 0.00281648 -4.64675 -0.0455927 -0.00246419 0.998957 285.434 
0.999123 -0.00835076 0.0410277 -2.44321 0.00822876 0.999961 0.00314255 -4.6577 -0.0410524 -0.00280214 0.999153 286.25 
0.999301 -0.00940813 0.0361803 -2.42689 0.00929017 0.999951 0.00342805 -4.67432 -0.0362108 -0.0030895 0.999339 287.061 
0.999434 -0.00966677 0.03223 -2.41543 0.00957141 0.999949 0.00311292 -4.68966 -0.0322585 -0.00280263 0.999476 287.857 
0.999553 -0.00916616 0.0284722 -2.41699 0.00908542 0.999954 0.0029655 -4.70436 -0.0284981 -0.00270545 0.99959 288.639 
0.999654 -0.00912968 0.0246545 -2.41011 0.00905929 0.999955 0.00296679 -4.72035 -0.0246805 -0.00274237 0.999692 289.395 
0.999736 -0.00952964 0.0208945 -2.41159 0.00947024 0.999951 0.00294213 -4.73331 -0.0209216 -0.00274344 0.999777 290.138 
0.999804 -0.0105167 0.016779 -2.42153 0.0104816 0.999943 0.00218422 -4.7444 -0.016801 -0.00200788 0.999857 290.877 
0.99989 -0.00884569 0.0118991 -2.42704 0.00883862 0.999961 0.000650334 -4.75913 -0.0119044 -0.000545049 0.999929 291.575 
0.999957 -0.00750425 0.00539383 -2.43946 0.0075114 0.999971 -0.00129901 -4.77607 -0.00538397 0.00133951 0.999985 292.256 
0.999974 -0.00663889 -0.00286425 -2.45972 0.00663051 0.999974 -0.0029422 -4.79338 0.00288367 0.00292317 0.999992 292.925 
0.999887 -0.00674463 -0.0134394 -2.48593 0.00669032 0.999969 -0.00408506 -4.8078 0.0134665 0.00399472 0.999901 293.585 
0.999626 -0.00633733 -0.0265977 -2.527 0.00622664 0.999972 -0.00424398 -4.82662 0.0266237 0.00407682 0.999637 294.229 
0.999042 -0.00533235 -0.0434343 -2.57535 0.00517695 0.99998 -0.00369034 -4.84419 0.043453 0.00346199 0.99905 294.861 
0.997986 -0.0028771 -0.063376 -2.64283 0.00268671 0.999992 -0.0030898 -4.85765 0.0633843 0.00291335 0.997985 295.497 
0.996289 -0.00134427 -0.0860618 -2.72499 0.00106918 0.999994 -0.00324287 -4.87262 0.0860656 0.00313887 0.996285 296.121 
0.993743 -0.000210173 -0.111695 -2.81807 -0.000180554 0.999994 -0.00348839 -4.88404 0.111695 0.00348677 0.993736 296.726 
0.9902 0.00112193 -0.139653 -2.93247 -0.00161616 0.999993 -0.00342597 -4.89187 0.139648 0.00361814 0.990195 297.326 
0.98531 0.00204725 -0.170763 -3.0549 -0.0024633 0.999995 -0.00222476 -4.90621 0.170758 0.00261277 0.98531 297.913 
0.978764 0.00173608 -0.204984 -3.19529 -0.00190725 0.999998 -0.000637633 -4.91345 0.204982 0.00101509 0.978765 298.479 
0.970378 0.00171563 -0.241587 -3.35162 -0.00153359 0.999998 0.000941405 -4.92425 0.241588 -0.000542977 0.970379 299.032 
0.960069 0.00296689 -0.279747 -3.52903 -0.00214066 0.999992 0.00325884 -4.93341 0.279754 -0.00252983 0.960068 299.568 
0.947647 0.00444582 -0.31929 -3.72479 -0.00280518 0.99998 0.00559798 -4.9453 0.319309 -0.0044092 0.947641 300.092 
0.932984 0.00490243 -0.359886 -3.93132 -0.00235762 0.999969 0.00750969 -4.95422 0.359911 -0.00615789 0.932966 300.594 
0.915751 0.00477418 -0.401719 -4.14814 -0.00118684 0.999957 0.00917828 -4.96574 0.401746 -0.00792819 0.915717 301.098 
0.895704 0.0043644 -0.444629 -4.38896 0.000278502 0.999946 0.0103763 -4.97325 0.44465 -0.00941786 0.895655 301.584 
0.872671 0.00361471 -0.488296 -4.64965 0.00208888 0.999936 0.0111354 -4.9798 0.488305 -0.0107374 0.872607 302.042 
0.846493 0.00291236 -0.532393 -4.93134 0.00426531 0.999916 0.0122516 -4.98649 0.532384 -0.0126416 0.846409 302.491 
0.817006 0.00312413 -0.57662 -5.23083 0.00575806 0.999891 0.0135759 -4.98746 0.5766 -0.0144118 0.8169 302.924 
0.784512 0.00449401 -0.620098 -5.56167 0.0053289 0.999888 0.0139882 -4.99534 0.620091 -0.0142783 0.7844 303.313 
0.748678 0.00353871 -0.662925 -5.90899 0.00755707 0.999875 0.013872 -4.99927 0.662891 -0.0153953 0.748558 303.688 
0.709733 0.00257162 -0.704466 -6.2813 0.0117354 0.999811 0.0154729 -5.00114 0.704373 -0.0192487 0.709569 304.005 
0.666643 0.0019201 -0.745375 -6.66877 0.0176979 0.999674 0.0184037 -4.99874 0.745167 -0.0254602 0.666392 304.28 
0.619425 0.00242246 -0.785052 -7.07346 0.0218508 0.999555 0.0203251 -4.99383 0.784752 -0.0297438 0.619096 304.515 
0.56871 0.00613574 -0.822516 -7.49209 0.0208591 0.999543 0.0218789 -4.98889 0.822274 -0.0295996 0.568322 304.727 
0.516014 0.0125785 -0.856488 -7.91397 0.0158875 0.99958 0.0242518 -4.99186 0.856433 -0.0261216 0.515597 304.9 
0.46056 0.0161346 -0.887482 -8.33262 0.0134661 0.999593 0.025161 -4.98221 0.887527 -0.023539 0.460155 305.059 
0.402957 0.0183766 -0.915034 -8.75745 0.0127382 0.999589 0.0256842 -4.9769 0.91513 -0.0220055 0.402558 305.194 
0.343872 0.0204546 -0.938794 -9.16794 0.014398 0.99953 0.0270518 -4.97187 0.938906 -0.022819 0.343416 305.313 
0.283854 0.0238307 -0.958572 -9.57865 0.0164739 0.999422 0.0297246 -4.96915 0.958726 -0.0242288 0.283297 305.413 
0.223046 0.0275391 -0.974419 -9.99165 0.0184643 0.999302 0.0324689 -4.96034 0.974633 -0.025234 0.222382 305.482 
0.158978 0.0310586 -0.986793 -10.4126 0.0205981 0.999183 0.034767 -4.95706 0.987067 -0.0258532 0.158209 305.53 
0.0930917 0.0348524 -0.995047 -10.8532 0.0210601 0.999095 0.0369644 -4.94467 0.995435 -0.0243968 0.0922734 305.547 
0.0265606 0.0403125 -0.998834 -11.3104 0.0228213 0.998902 0.040922 -4.92905 0.999387 -0.0238816 0.0256114 305.528 
-0.0415853 0.0471174 -0.998023 -11.7781 0.0245334 0.998634 0.046124 -4.91514 0.998834 -0.0225668 -0.0426844 305.479 
-0.110122 0.053789 -0.992462 -12.2536 0.0266358 0.998336 0.0511519 -4.89557 0.993561 -0.020802 -0.111371 305.397 
-0.177944 0.0598217 -0.982221 -12.7369 0.0288222 0.998039 0.0555636 -4.87463 0.983618 -0.0184225 -0.17932 305.275 
-0.244725 0.0657552 -0.96736 -13.219 0.0325121 0.997693 0.059592 -4.8536 0.969047 -0.0168672 -0.246299 305.119 
-0.309761 0.0699038 -0.948241 -13.706 0.0365427 0.997432 0.0615928 -4.82756 0.950112 -0.0155722 -0.31152 304.928 
-0.371549 0.07216 -0.925605 -14.1792 0.0398092 0.997296 0.0617691 -4.80148 0.92756 -0.0138973 -0.373417 304.693 
-0.430887 0.0722535 -0.899509 -14.6563 0.0427629 0.997305 0.0596245 -4.76541 0.901392 -0.0127741 -0.432815 304.426 
-0.486605 0.0722432 -0.87063 -15.1289 0.0449646 0.997325 0.0576249 -4.73361 0.872464 -0.0111069 -0.488551 304.118 
-0.537909 0.0722297 -0.839903 -15.5981 0.0466979 0.997346 0.0558621 -4.69997 0.841708 -0.00917291 -0.539855 303.775 
-0.583858 0.0722618 -0.808634 -16.0607 0.0481069 0.99736 0.0543923 -4.66808 0.81043 -0.00714354 -0.585793 303.395 
-0.624295 0.0729624 -0.777774 -16.5224 0.049147 0.997325 0.0541095 -4.63648 0.779641 -0.00444501 -0.62621 302.982 
-0.661033 0.0765394 -0.746443 -16.9747 0.0533945 0.99706 0.0549524 -4.60428 0.748455 -0.0035306 -0.663176 302.538 
-0.696981 0.0838178 -0.712175 -17.4223 0.0616089 0.996472 0.056983 -4.57708 0.714439 -0.00416025 -0.699686 302.065 
-0.731642 0.0895897 -0.675777 -17.8655 0.0677996 0.995975 0.0586348 -4.54587 0.678309 -0.00291766 -0.734771 301.546 
-0.763794 0.0911949 -0.638986 -18.2987 0.0705932 0.995833 0.0577418 -4.51183 0.641589 -0.00100527 -0.767048 300.987 
-0.793292 0.0878483 -0.602471 -18.7164 0.0699164 0.996134 0.0531885 -4.4817 0.604814 7.13626e-05 -0.796367 300.386 
-0.819761 0.0848568 -0.566385 -19.1128 0.0705809 0.996392 0.0471257 -4.44776 0.56834 -0.00134411 -0.822793 299.749 
-0.844065 0.0800595 -0.530231 -19.4937 0.0690145 0.996788 0.0406419 -4.41555 0.531782 -0.00228919 -0.846879 299.073 
-0.866078 0.0773007 -0.493896 -19.8731 0.0687431 0.997003 0.0354975 -4.38588 0.49516 -0.00320833 -0.868796 298.357 
-0.88612 0.0758091 -0.457214 -20.2326 0.0678097 0.997122 0.0339085 -4.36276 0.458469 -0.000956545 -0.88871 297.6 
-0.904809 0.07216 -0.419659 -20.5688 0.0648873 0.997392 0.0315999 -4.34117 0.420845 0.0013614 -0.907132 296.808 
-0.921515 0.0717587 -0.381655 -20.8784 0.0655424 0.99742 0.029281 -4.31903 0.382772 0.00196833 -0.923841 295.985 
-0.936709 0.0739265 -0.342216 -21.165 0.0683221 0.997258 0.0284204 -4.29655 0.343379 0.00324073 -0.939192 295.129 
-0.949776 0.0774693 -0.303191 -21.4246 0.0725045 0.996986 0.0276157 -4.28076 0.304416 0.00424606 -0.95253 294.243 
-0.961035 0.0787878 -0.264962 -21.6497 0.0737771 0.996858 0.0288261 -4.26623 0.266401 0.00815475 -0.963828 293.323 
-0.970339 0.0817246 -0.227515 -21.8412 0.0771378 0.996599 0.0289951 -4.25028 0.229111 0.010585 -0.973343 292.378 
-0.97824 0.0811543 -0.190945 -22.0034 0.0773088 0.996627 0.0275158 -4.23372 0.192534 0.0121554 -0.981215 291.411 
-0.984383 0.0798139 -0.156906 -22.1303 0.0771211 0.996752 0.0231852 -4.21674 0.158247 0.0107223 -0.987341 290.41 
