1 2.12261e-08 -2.11895e-08 0 2.12261e-08 1 2.10703e-08 0 -2.11895e-08 2.10703e-08 1 0 
0.999998 0.000739986 0.00196512 -0.0264921 -0.000737997 0.999999 -0.000991371 -0.0193579 -0.00196589 0.000989961 0.999998 1.22378 
0.999994 0.0012081 0.00336382 -0.043322 -0.0012062 0.999999 -0.000553473 -0.0388246 -0.00336453 0.000549454 0.999994 2.44207 
0.999989 0.00117078 0.00445447 -0.0621678 -0.00116979 0.999999 -0.000216296 -0.0568616 -0.00445477 0.000211125 0.99999 3.64638 
0.999987 0.000873557 0.00502138 -0.0742735 -0.000873425 1 -1.99481e-05 -0.0778636 -0.00502143 1.5604e-05 0.999987 4.852 
0.999983 0.000930281 0.00581014 -0.080727 -0.000930384 1 2.24407e-05 -0.0948733 -0.00581016 -2.7804e-05 0.999983 6.0723 
0.99998 0.00111018 0.00629439 -0.0899549 -0.00110444 0.999999 -0.000908352 -0.117276 -0.00629544 0.000901424 0.99998 7.27405 
0.999976 0.000733118 0.00683131 -0.097829 -0.000723948 0.999999 -0.00133857 -0.136741 -0.00683233 0.00133364 0.999976 8.47912 
0.999978 1.34969e-05 0.00659763 -0.103685 -1.3992e-05 1 8.14535e-05 -0.155932 -0.00659767 -8.1502e-05 0.999978 9.69152 
0.999985 -0.000597947 0.00540067 -0.123646 0.000592869 0.999999 0.000949592 -0.175289 -0.00540128 -0.000946334 0.999985 10.8915 
0.999994 -0.00168354 0.00307876 -0.143053 0.00168226 0.999999 0.000430301 -0.194551 -0.00307952 -0.000425077 0.999995 12.0985 
0.999998 -0.00136293 0.00118185 -0.167959 0.0013631 0.999999 -0.000102046 -0.214282 -0.00118175 0.000103699 0.999999 13.3045 
0.999999 -0.00122516 -0.000171163 -0.18823 0.00122516 0.999999 -0.000275618 -0.236126 0.000171458 0.00027545 1 14.5197 
0.999999 0.000185465 -0.00112714 -0.208639 -0.000185883 1 -0.000408594 -0.257933 0.00112702 0.000408845 0.999999 15.7355 
0.999999 -0.000444624 -0.00167391 -0.234337 0.000444077 1 -0.00035251 -0.280859 0.00167403 0.000351808 0.999999 16.9455 
0.999997 -0.001354 -0.00218303 -0.260028 0.00135413 0.999999 3.94761e-05 -0.303107 0.00218293 -4.23899e-05 0.999998 18.1691 
0.999995 -0.00170894 -0.00267942 -0.286023 0.00170988 0.999999 0.000334292 -0.323641 0.00267881 -0.000338829 0.999996 19.3906 
0.999994 -0.0014105 -0.00315642 -0.318241 0.00140829 0.999999 -0.00071648 -0.342049 0.00315738 0.000712073 0.999995 20.6079 
0.999992 -0.0016831 -0.00358535 -0.350476 0.00167725 0.999997 -0.00164524 -0.359418 0.00358807 0.00163926 0.999992 21.8154 
0.99999 -0.000968367 -0.00444519 -0.378013 0.000963604 0.999999 -0.00108311 -0.382371 0.00444619 0.00107886 0.99999 23.0315 
0.999986 -0.00106856 -0.00521435 -0.402733 0.00106172 0.999999 -0.00132202 -0.398793 0.00521572 0.0013165 0.999986 24.2537 
0.999981 -0.00120402 -0.00604519 -0.434785 0.00119188 0.999997 -0.00201866 -0.420883 0.00604756 0.00201146 0.99998 25.4633 
0.999975 -0.000800138 -0.00703206 -0.461396 0.000791016 0.999999 -0.00130593 -0.444185 0.00703305 0.00130038 0.999974 26.6698 
0.999967 -0.00223766 -0.00782355 -0.488059 0.00224292 0.999997 0.000658968 -0.4694 0.00782202 -0.000676451 0.999969 27.8767 
0.999954 -0.00265046 -0.00918908 -0.510149 0.00265792 0.999996 0.00079549 -0.488265 0.0091869 -0.000819835 0.999958 29.0939 
0.999942 -0.00358696 -0.0101503 -0.540514 0.00358651 0.999994 -6.63245e-05 -0.510254 0.0101504 2.99591e-05 0.999949 30.3008 
0.999929 -0.00423984 -0.0111617 -0.572101 0.00422859 0.999991 -0.00103539 -0.532374 0.011166 0.000988158 0.999937 31.5027 
0.999921 -0.00366119 -0.011993 -0.604978 0.00364965 0.999993 -0.000987557 -0.555035 0.0119965 0.000943752 0.999928 32.7151 
0.999911 -0.00454874 -0.0125297 -0.643666 0.00454226 0.99999 -0.000548919 -0.573777 0.0125321 0.000491999 0.999921 33.9187 
0.9999 -0.00479284 -0.0133296 -0.676841 0.00479111 0.999989 -0.000164778 -0.595004 0.0133302 0.00010094 0.999911 35.1296 
0.999887 -0.0056927 -0.0138978 -0.716703 0.00568971 0.999984 -0.000257914 -0.616992 0.013899 0.000178853 0.999903 36.3358 
0.999875 -0.00599425 -0.0146375 -0.751762 0.00598978 0.999982 -0.000351561 -0.636881 0.0146393 0.000263884 0.999893 37.5438 
0.999866 -0.00696106 -0.0148305 -0.789728 0.00696736 0.999976 0.000370068 -0.660344 0.0148275 -0.000473305 0.99989 38.7502 
0.999865 -0.00686165 -0.0149615 -0.823076 0.00688811 0.999975 0.00171498 -0.683808 0.0149493 -0.00181777 0.999887 39.9717 
0.999866 -0.00638798 -0.0150552 -0.861387 0.00642769 0.999976 0.00258727 -0.704167 0.0150382 -0.00268366 0.999883 41.1934 
0.99987 -0.00581223 -0.0150247 -0.900005 0.00584369 0.999981 0.00204852 -0.722924 0.0150125 -0.00213601 0.999885 42.418 
0.999882 -0.00490453 -0.0145809 -0.94119 0.00493457 0.999986 0.00202187 -0.74217 0.0145707 -0.00209354 0.999892 43.6541 
0.999899 -0.00232247 -0.0140065 -0.978035 0.00237382 0.999991 0.00364744 -0.758005 0.0139979 -0.00368028 0.999895 44.8804 
0.999919 -0.00243912 -0.0125134 -1.01483 0.00252325 0.999974 0.00670857 -0.774248 0.0124967 -0.00673956 0.999899 46.0929 
0.999939 -0.00203537 -0.0108697 -1.04896 0.00213844 0.999953 0.00947519 -0.786147 0.0108499 -0.00949782 0.999896 47.3114 
0.999956 -0.00185416 -0.00914926 -1.0861 0.00197184 0.999915 0.0128663 -0.796545 0.00912459 -0.0128837 0.999875 48.5343 
0.999966 -0.00250168 -0.0078815 -1.11137 0.00261321 0.999896 0.0141671 -0.801376 0.0078452 -0.0141871 0.999869 49.7638 
0.999969 -0.00447599 -0.00644073 -1.1374 0.00455769 0.999909 0.0127189 -0.804512 0.00638317 -0.0127478 0.999898 50.977 
0.999979 -0.00344777 -0.00542629 -1.16608 0.00350747 0.999933 0.011023 -0.807802 0.00538788 -0.0110417 0.999925 52.1873 
0.999984 -0.00314779 -0.0046672 -1.19204 0.00319591 0.999942 0.0103294 -0.811271 0.00463437 -0.0103441 0.999936 53.4075 
0.999983 -0.00378253 -0.00455809 -1.21936 0.00382809 0.999943 0.0100196 -0.823002 0.00451988 -0.0100368 0.999939 54.621 
0.999976 -0.00439563 -0.00532874 -1.24518 0.00444268 0.999951 0.00884243 -0.829538 0.00528957 -0.00886586 0.999947 55.8451 
0.999969 -0.00442617 -0.00658797 -1.28198 0.0044868 0.999948 0.00921046 -0.840312 0.00654682 -0.00923969 0.999936 57.0699 
0.999961 -0.00426447 -0.00772209 -1.31869 0.00434595 0.999935 0.010559 -0.851826 0.00767651 -0.0105921 0.999914 58.2967 
0.999953 -0.00456375 -0.0085603 -1.35451 0.00465745 0.999929 0.010953 -0.863427 0.00850966 -0.0109923 0.999903 59.5168 
0.999949 -0.00369513 -0.009369 -1.39055 0.00379608 0.999935 0.0107751 -0.874296 0.00932853 -0.0108101 0.999898 60.7268 
0.999946 -0.00331904 -0.00990152 -1.42698 0.00342409 0.999938 0.0106075 -0.883141 0.00986566 -0.0106408 0.999895 61.9394 
0.999941 -0.00403594 -0.010087 -1.4593 0.00413825 0.99994 0.010138 -0.89147 0.0100455 -0.0101791 0.999898 63.1554 
0.999935 -0.00544082 -0.0100292 -1.4948 0.00553399 0.999942 0.00928155 -0.904531 0.00997809 -0.0093364 0.999907 64.3712 
0.999929 -0.0056408 -0.0105299 -1.52847 0.00575282 0.999927 0.0106344 -0.917446 0.0104691 -0.0106942 0.999888 65.5809 
0.999923 -0.00624717 -0.0107673 -1.56147 0.00637958 0.999904 0.0123028 -0.932235 0.0106894 -0.0123705 0.999866 66.7924 
0.999922 -0.00568823 -0.0111002 -1.59396 0.00580718 0.999926 0.0107095 -0.942592 0.0110384 -0.0107731 0.999881 68.005 
0.999935 -0.00384455 -0.010728 -1.63724 0.00394599 0.999948 0.00944646 -0.950959 0.0106911 -0.00948814 0.999898 69.2128 
0.999944 -0.0017181 -0.0104885 -1.68071 0.00182274 0.999949 0.0099709 -0.96457 0.0104708 -0.00998941 0.999895 70.4126 
0.99995 0.00015969 -0.0100277 -1.72155 -5.82606e-05 0.999949 0.0101102 -0.973122 0.0100288 -0.010109 0.999899 71.6125 
0.999953 0.00165426 -0.00956285 -1.76394 -0.00155311 0.999943 0.0105706 -0.981338 0.00957975 -0.0105552 0.999898 72.811 
0.999963 0.00212056 -0.00830862 -1.79963 -0.00202433 0.999931 0.0115676 -0.991986 0.00833254 -0.0115504 0.999899 74.0022 
0.999972 0.00428796 -0.00610877 -1.83502 -0.00421241 0.999915 0.0123192 -0.998113 0.00616104 -0.0122931 0.999905 75.1956 
0.999991 0.00288868 -0.00316712 -1.86315 -0.00285663 0.999945 0.0100623 -1.00714 0.00319597 -0.0100531 0.999944 76.3942 
1 0.000165382 -0.000416717 -1.88408 -0.000163205 0.999987 0.00511674 -1.01682 0.000417515 -0.00511662 0.999987 77.569 
0.999997 0.00135515 0.00190475 -1.90207 -0.00136378 0.999989 0.00455793 -1.02637 -0.00189859 -0.00456047 0.999988 78.7472 
0.999988 0.00024623 0.00482753 -1.91863 -0.000284956 0.999968 0.00803156 -1.04203 -0.00482544 -0.0080328 0.999956 79.9225 
0.999966 0.000954858 0.00815299 -1.93153 -0.00103122 0.999956 0.00937199 -1.053 -0.00814372 -0.00938004 0.999923 81.0944 
0.999918 0.00148747 0.0127536 -1.94414 -0.00158433 0.99997 0.00759146 -1.06457 -0.012742 -0.007611 0.99989 82.2603 
0.999862 0.000608211 0.0166196 -1.9496 -0.00068475 0.999989 0.00460264 -1.07899 -0.0166167 -0.00461334 0.999851 83.4214 
0.999792 -0.000882091 0.0203841 -1.96036 0.000854415 0.999999 0.00136851 -1.10138 -0.0203853 -0.00135077 0.999791 84.6203 
0.999712 -0.00158378 0.0239494 -1.95447 0.00157562 0.999999 0.000361327 -1.1216 -0.02395 -0.000323446 0.999713 85.792 
0.999608 -0.00175099 0.0279533 -1.94849 0.00169063 0.999996 0.00218437 -1.14174 -0.0279571 -0.00213621 0.999607 86.9746 
0.999487 -0.000555586 0.0320148 -1.93662 0.000472613 0.999997 0.00260056 -1.16311 -0.0320162 -0.00258406 0.999484 88.1521 
0.99935 -0.00110629 0.036035 -1.91895 0.00108643 0.999999 0.000571863 -1.1805 -0.0360357 -0.0005323 0.99935 89.3079 
0.999219 -0.0015284 0.0394957 -1.89694 0.00159909 0.999997 -0.00175731 -1.2006 -0.039493 0.00181913 0.999218 90.461 
0.999084 -0.00141177 0.0427697 -1.87206 0.00149497 0.999997 -0.00191219 -1.22424 -0.0427669 0.00197441 0.999083 91.6268 
0.998957 -0.00274957 0.0455898 -1.83651 0.00278776 0.999996 -0.000773281 -1.24538 -0.0455875 0.000899609 0.99896 92.7966 
0.998827 -0.00345288 0.048294 -1.80236 0.00342462 0.999994 0.000668702 -1.2644 -0.0482961 -0.000502488 0.998833 93.9578 
0.998693 -0.004253 0.0509357 -1.75846 0.00413491 0.999989 0.00242429 -1.28285 -0.0509454 -0.00221046 0.998699 95.1382 
0.998561 -0.00580982 0.0533182 -1.71398 0.00563359 0.999978 0.00345576 -1.30062 -0.0533372 -0.00315038 0.998572 96.3023 
0.99843 -0.00679867 0.0555996 -1.66489 0.0067458 0.999977 0.00113941 -1.3157 -0.0556061 -0.000762514 0.998453 97.4952 
0.998297 -0.00810235 0.0577706 -1.61721 0.00825124 0.999963 -0.0023385 -1.33647 -0.0577496 0.00281123 0.998327 98.654 
0.998187 -0.00748164 0.0597171 -1.56653 0.00781154 0.999956 -0.00529198 -1.35624 -0.0596749 0.00574892 0.998201 99.823 
0.998093 -0.00741588 0.0612794 -1.51563 0.00781013 0.99995 -0.00619601 -1.37901 -0.0612304 0.00666284 0.998101 101.004 
0.998074 -0.00734625 0.0616025 -1.45914 0.00770049 0.999955 -0.00551432 -1.40468 -0.0615593 0.00597811 0.998086 102.206 
0.998118 -0.0072377 0.0608942 -1.4048 0.00748067 0.999965 -0.00376226 -1.42782 -0.0608649 0.00421075 0.998137 103.411 
0.998192 -0.00771761 0.0596108 -1.35957 0.00786328 0.999967 -0.00220878 -1.45316 -0.0595918 0.00267356 0.998219 104.6 
0.998289 -0.00752061 0.0579904 -1.31476 0.00760483 0.99997 -0.00123098 -1.47797 -0.0579794 0.00166992 0.998316 105.821 
0.998429 -0.00720666 0.0555646 -1.27134 0.00726549 0.999973 -0.000855997 -1.49612 -0.055557 0.0012584 0.998455 107.059 
0.998598 -0.00692212 0.0524741 -1.23215 0.00697294 0.999975 -0.000784575 -1.51758 -0.0524674 0.00114941 0.998622 108.265 
0.998787 -0.00548897 0.0489255 -1.2173 0.0055599 0.999984 -0.00131293 -1.53698 -0.0489175 0.0015834 0.998802 109.527 
0.998958 -0.00532296 0.0453351 -1.19425 0.00537149 0.999985 -0.000947681 -1.55716 -0.0453295 0.00119025 0.998971 110.755 
0.999139 -0.00462205 0.0412427 -1.15708 0.00462461 0.999989 3.44773e-05 -1.58148 -0.0412425 0.000156325 0.999149 112.024 
0.9993 -0.00439136 0.0371469 -1.1358 0.00435931 0.99999 0.000944928 -1.60234 -0.0371507 -0.000782291 0.999309 113.261 
0.99946 -0.00452669 0.0325356 -1.106 0.00447938 0.999989 0.00152833 -1.62085 -0.0325422 -0.00138172 0.999469 114.499 
0.999603 -0.00413387 0.0278797 -1.09676 0.00408892 0.99999 0.00167074 -1.64327 -0.0278864 -0.00155604 0.99961 115.747 
0.999723 -0.00341465 0.0233024 -1.10547 0.00338078 0.999993 0.00149476 -1.65923 -0.0233074 -0.00141552 0.999727 117.04 
0.99983 -0.0029613 0.0182055 -1.09258 0.00294075 0.999995 0.00115766 -1.67899 -0.0182089 -0.00110388 0.999834 118.312 
0.999906 -0.00187034 0.0136097 -1.10372 0.00186301 0.999998 0.000554728 -1.70049 -0.0136107 -0.000529279 0.999907 119.558 
0.999945 0.000209532 0.010472 -1.12426 -0.000212797 1 0.000314804 -1.71916 -0.010472 -0.000316973 0.999945 120.798 
0.999961 0.00223759 0.00853376 -1.14579 -0.00224146 0.999997 0.000448234 -1.73972 -0.00853277 -0.000467303 0.999964 122.041 
0.999966 0.00319059 0.00756646 -1.16166 -0.00319079 0.999995 2.02209e-05 -1.75313 -0.0075664 -4.43213e-05 0.999971 123.302 
0.999964 0.00536287 0.00660741 -1.18192 -0.00536386 0.999986 0.000137775 -1.77164 -0.00660662 -0.000173169 0.999978 124.553 
0.999961 0.00679116 0.00566342 -1.19887 -0.0067962 0.999977 0.000878179 -1.79046 -0.00565737 -0.000916593 0.999984 125.808 
0.999964 0.00677067 0.00507217 -1.21813 -0.00677756 0.999976 0.00135173 -1.80938 -0.00506294 -0.00138602 0.999986 127.071 
0.999937 0.0103726 0.00430244 -1.24412 -0.0103862 0.999941 0.0031409 -1.82328 -0.00426965 -0.00318535 0.999986 128.345 
0.999928 0.0113732 0.0037143 -1.26923 -0.0113961 0.999916 0.00620968 -1.83572 -0.00364341 -0.00625152 0.999974 129.615 
0.999942 0.0103144 0.00313676 -1.29313 -0.0103324 0.99993 0.00579141 -1.84759 -0.00307684 -0.00582344 0.999978 130.897 
0.999943 0.010287 0.00275884 -1.31728 -0.0102986 0.999938 0.00424723 -1.85908 -0.00271502 -0.00427536 0.999987 132.16 
0.999969 0.00756789 0.00215264 -1.3466 -0.00757911 0.999957 0.00527218 -1.87171 -0.00211269 -0.00528829 0.999984 133.453 
0.999986 0.00528457 0.000941362 -1.36322 -0.00529121 0.99996 0.007249 -1.88838 -0.000903059 -0.00725384 0.999973 134.755 
0.999998 0.00178755 0.000538039 -1.38138 -0.00179234 0.999957 0.00912229 -1.89979 -0.000521752 -0.0091232 0.999958 136.038 
1 -0.00015809 5.56706e-05 -1.40133 0.000157553 0.999947 0.01026 -1.91125 -5.73323e-05 -0.01026 0.999947 137.309 
0.999991 -0.00430322 0.000194975 -1.41838 0.00430146 0.999955 0.0084961 -1.92317 -0.000231569 -0.00849514 0.999964 138.583 
0.999976 -0.00696944 0.0003994 -1.43713 0.0069663 0.999948 0.00749717 -1.93173 -0.000451672 -0.00749417 0.999972 139.868 
0.999965 -0.00831214 0.000619848 -1.45513 0.00830743 0.999939 0.00731921 -1.94544 -0.000680691 -0.00731377 0.999973 141.15 
0.999965 -0.00832065 0.000995611 -1.47374 0.00831283 0.999936 0.0076563 -1.95586 -0.0010593 -0.00764772 0.99997 142.433 
0.999971 -0.00739729 0.00170148 -1.50219 0.00738049 0.999926 0.00970585 -1.96687 -0.0017732 -0.00969297 0.999951 143.714 
0.999984 -0.00523676 0.00232884 -1.52303 0.00521061 0.999925 0.0111182 -1.97445 -0.00238693 -0.0111058 0.999936 145.015 
0.99998 -0.00546778 0.00308901 -1.54779 0.00543856 0.999941 0.00940166 -1.98444 -0.00314027 -0.00938464 0.999951 146.305 
0.999983 -0.00465243 0.00363166 -1.57011 0.00462534 0.999962 0.00744255 -1.99324 -0.00366619 -0.00742559 0.999966 147.598 
0.999981 -0.00472852 0.00408102 -1.58708 0.00470778 0.999976 0.00508603 -2.00951 -0.00410502 -0.00506667 0.999979 148.885 
0.999973 -0.00591016 0.00439187 -1.60584 0.00590489 0.999982 0.00122212 -2.03211 -0.00439905 -0.00119611 0.99999 150.158 
0.999972 -0.00577808 0.00486463 -1.62558 0.00579011 0.99998 -0.00245515 -2.05099 -0.00485039 0.00248329 0.999985 151.444 
0.999968 -0.00608045 0.00523987 -1.64726 0.00609762 0.999976 -0.00325792 -2.07999 -0.00521997 0.00328981 0.999981 152.742 
0.999967 -0.00591404 0.00559977 -1.67143 0.0059311 0.999978 -0.00302764 -2.10888 -0.00558179 0.0030608 0.99998 154.036 
0.99997 -0.00543745 0.00549906 -1.6882 0.00545133 0.999982 -0.00250484 -2.13652 -0.00548538 0.00253478 0.999982 155.326 
0.999973 -0.00497591 0.00545467 -1.70786 0.00498454 0.999986 -0.00156139 -2.1613 -0.00544687 0.00158858 0.999984 156.611 
0.999976 -0.00445594 0.00526669 -1.72775 0.00446121 0.99999 -0.000982135 -2.18946 -0.00526231 0.00100565 0.999986 157.884 
0.99998 -0.00430153 0.00471926 -1.74699 0.00430752 0.99999 -0.00125057 -2.21718 -0.00471388 0.00127092 0.999988 159.148 
0.999984 -0.00391525 0.00405629 -1.76505 0.00391935 0.999992 -0.000993266 -2.24097 -0.00405241 0.00100919 0.999991 160.422 
0.999983 -0.004695 0.00334097 -1.78161 0.00469451 0.999989 0.00016651 -2.26211 -0.00334176 -0.000150781 0.999994 161.712 
0.999989 -0.00370704 0.0027614 -1.80386 0.00370598 0.999993 0.000406648 -2.28411 -0.00276293 -0.000396367 0.999996 162.989 
0.999992 -0.00329139 0.00216895 -1.82594 0.00329234 0.999995 -0.000414855 -2.30981 -0.00216761 0.000422035 0.999998 164.288 
0.999995 -0.00270994 0.00157473 -1.84997 0.00271249 0.999995 -0.00159249 -2.33453 -0.00157045 0.0015968 0.999998 165.556 
0.999997 -0.00221324 0.000657231 -1.87015 0.00221436 0.999996 -0.00164098 -2.35814 -0.000653639 0.00164247 0.999998 166.825 
0.999996 -0.00288858 -0.000111553 -1.89342 0.00288833 0.999993 -0.00258603 -2.38104 0.00011898 0.00258574 0.999997 168.113 
0.999998 -0.00213254 -0.00068709 -1.92193 0.00213 0.999991 -0.00373478 -2.40561 0.000695006 0.00373335 0.999993 169.396 
0.999997 -0.00180756 -0.00139446 -1.94692 0.00180272 0.999992 -0.00350029 -2.42939 0.00140073 0.00349781 0.999993 170.688 
0.999997 -0.00157909 -0.0020162 -1.9753 0.00157496 0.999997 -0.00207315 -2.45955 0.00201942 0.00207001 0.999996 171.974 
0.999995 -0.00164072 -0.00266084 -2.00449 0.00163639 0.999997 -0.0016453 -2.48477 0.00266349 0.00164098 0.999995 173.25 
0.999993 -0.00131439 -0.00360188 -2.02861 0.00130977 0.999998 -0.00129702 -2.50722 0.00360354 0.00129234 0.999993 174.535 
0.999991 -0.000956448 -0.00420334 -2.0622 0.000952031 0.999999 -0.00106289 -2.53102 0.00420431 0.00105893 0.999991 175.819 
0.99999 -0.000738552 -0.00439345 -2.09922 0.000730656 0.999998 -0.00180817 -2.55631 0.00439474 0.00180498 0.999989 177.102 
0.999987 0.000139839 -0.00502831 -2.13092 -0.000150761 0.999998 -0.0021803 -2.58476 0.00502795 0.00218107 0.999985 178.375 
0.999986 0.000382166 -0.00530554 -2.16568 -0.000391575 0.999998 -0.00178046 -2.61046 0.00530481 0.00178256 0.999984 179.652 
0.999985 8.64452e-05 -0.00539767 -2.19499 -0.000101661 0.999996 -0.00282662 -2.63782 0.00539736 0.00282717 0.999981 180.943 
0.999984 -0.00124883 -0.00545507 -2.22536 0.00122515 0.99999 -0.00434998 -2.6649 0.00546041 0.00434327 0.999976 182.21 
0.999974 -0.00426931 -0.00575506 -2.25003 0.00424553 0.999982 -0.00414626 -2.69097 0.00577262 0.00412176 0.999975 183.481 
0.999975 -0.00389213 -0.00595478 -2.27979 0.00388972 0.999992 -0.000423582 -2.71677 0.00595634 0.000400451 0.999982 184.757 
0.999968 -0.00502358 -0.00617613 -2.30693 0.00504794 0.99998 0.00392744 -2.7394 0.00615623 -0.00395845 0.999973 186.029 
0.999976 -0.00360363 -0.00590815 -2.34097 0.00362314 0.999988 0.00328636 -2.75766 0.00589619 -0.00330764 0.999977 187.283 
0.999981 -0.00218736 -0.00580004 -2.37436 0.00218848 0.999998 0.000179345 -2.77892 0.00579959 -0.000191992 0.999983 188.524 
0.999979 -0.00207427 -0.00615945 -2.40717 0.00206311 0.999996 -0.00182463 -2.79975 0.00616317 0.00181193 0.999979 189.772 
0.999978 -0.00234325 -0.00626823 -2.43863 0.00233397 0.999996 -0.00149334 -2.82421 0.00627166 0.00147872 0.999979 191.036 
0.999978 -0.00262888 -0.00612105 -2.46679 0.0026273 0.999997 -0.00027272 -2.84917 0.0061217 0.000256675 0.999981 192.292 
0.99998 -0.00241261 -0.00577011 -2.50078 0.00242332 0.999995 0.00184259 -2.87243 0.00576559 -0.00185649 0.999982 193.551 
0.999985 -0.00306206 -0.0045669 -2.5453 0.00307391 0.999992 0.00258065 -2.88987 0.00455892 -0.00259461 0.999986 194.824 
0.999991 -0.00307034 -0.00293941 -2.57689 0.00307634 0.999993 0.00202311 -2.91275 0.00293313 -0.00203209 0.999994 196.077 
0.99999 -0.00419724 -0.00157855 -2.59713 0.00419802 0.999991 0.000462674 -2.93307 0.00157655 -0.000469253 0.999999 197.323 
0.999989 -0.00459092 -0.00048629 -2.61603 0.00459049 0.999989 -0.000979263 -2.95741 0.000490738 0.000977062 0.999999 198.552 
0.999986 -0.00528687 0.000893923 -2.63682 0.00528812 0.999985 -0.00134591 -2.98443 -0.000886836 0.00135066 0.999999 199.787 
0.999984 -0.00519009 0.00213767 -2.65437 0.0051915 0.999986 -0.000632991 -3.00981 -0.0021344 0.000644121 0.999998 201.017 
0.999979 -0.00563685 0.00335211 -2.66492 0.00563295 0.999983 0.0011852 -3.03312 -0.00335878 -0.00116625 0.999994 202.265 
0.99998 -0.00465361 0.00437256 -2.68515 0.00464631 0.999988 0.00168792 -3.05903 -0.0043804 -0.00166753 0.999989 203.482 
0.999973 -0.00496621 0.00547912 -2.70086 0.00495634 0.999986 0.00181983 -3.08363 -0.00548812 -0.00179258 0.999983 204.7 
0.999969 -0.00469902 0.00640287 -2.71627 0.0046864 0.999987 0.00199075 -3.10439 -0.00641219 -0.00196064 0.999978 205.913 
0.999961 -0.00482534 0.0074361 -2.7282 0.00480963 0.999986 0.0021351 -3.12518 -0.00744634 -0.00209921 0.99997 207.119 
0.999955 -0.00438662 0.00845389 -2.74421 0.00436998 0.999989 0.0019902 -3.14547 -0.00846257 -0.00195312 0.999962 208.325 
0.999947 -0.0046139 0.0092267 -2.75526 0.00459451 0.999987 0.00212665 -3.1686 -0.00923644 -0.0020841 0.999955 209.52 
0.999937 -0.00559039 0.00969823 -2.7641 0.00556972 0.999982 0.00216125 -3.19064 -0.00971018 -0.00210706 0.999951 210.704 
0.999936 -0.00582239 0.00971096 -2.76926 0.00579419 0.999979 0.00293406 -3.21103 -0.00972788 -0.00287757 0.999949 211.88 
0.999937 -0.00639222 0.00923794 -2.77516 0.00635486 0.999972 0.00407214 -3.2345 -0.00926375 -0.00401314 0.999949 213.019 
0.999945 -0.00621872 0.00839805 -2.77754 0.00618477 0.999973 0.00406783 -3.25678 -0.00842316 -0.00401562 0.999957 214.149 
0.99995 -0.00590364 0.00810087 -2.78883 0.00587883 0.999978 0.00308903 -3.27509 -0.00811898 -0.00304121 0.999962 215.28 
0.999955 -0.00584247 0.0075331 -2.80307 0.00582437 0.99998 0.00242786 -3.29809 -0.00754718 -0.00238383 0.999969 216.381 
0.999959 -0.00603534 0.00680304 -2.80983 0.00602038 0.999979 0.00222236 -3.31752 -0.00681636 -0.00218127 0.999974 217.477 
0.999965 -0.00647475 0.00533401 -2.82031 0.00646196 0.999976 0.00241803 -3.34127 -0.00534958 -0.00238344 0.999983 218.554 
0.999968 -0.00725295 0.00352115 -2.83297 0.00724241 0.999969 0.00301121 -3.35966 -0.00354293 -0.00298557 0.999989 219.622 
0.999963 -0.00846806 0.00120625 -2.83816 0.0084624 0.999953 0.00465945 -3.37735 -0.00124569 -0.00464903 0.999988 220.698 
0.999968 -0.00796169 -0.00103477 -2.85858 0.00796801 0.999949 0.00621583 -3.39202 0.000985183 -0.00622383 0.99998 221.724 
0.999965 -0.00760098 -0.00351602 -2.87962 0.00762302 0.999951 0.00628714 -3.40939 0.00346802 -0.00631368 0.999974 222.749 
0.999954 -0.00748957 -0.00604262 -2.90394 0.00752527 0.999954 0.00590021 -3.42727 0.00599811 -0.00594536 0.999964 223.753 
0.999931 -0.00746106 -0.00906812 -2.92548 0.00751726 0.999953 0.00617516 -3.44378 0.00902157 -0.00624286 0.99994 224.744 
0.999905 -0.0069235 -0.011896 -2.95351 0.00700446 0.999953 0.00677407 -3.46138 0.0118485 -0.00685671 0.999906 225.709 
0.999868 -0.00664492 -0.0148579 -2.98196 0.00674315 0.999956 0.00656816 -3.47904 0.0148135 -0.00666743 0.999868 226.655 
0.999811 -0.00681019 -0.0182136 -3.01403 0.00692283 0.999957 0.00612637 -3.49599 0.0181711 -0.00625126 0.999815 227.563 
0.999738 -0.00688382 -0.0218233 -3.04343 0.00700884 0.999959 0.00565551 -3.51399 0.0217835 -0.00580695 0.999746 228.454 
0.999662 -0.00598655 -0.0253122 -3.07721 0.00612725 0.999966 0.00548312 -3.5314 0.0252785 -0.00563632 0.999665 229.326 
0.999577 -0.00579588 -0.0285105 -3.1152 0.0059357 0.999971 0.00482068 -3.54872 0.0284817 -0.00498783 0.999582 230.164 
0.999498 -0.0037836 -0.0314624 -3.15181 0.00394017 0.99998 0.00491434 -3.56433 0.0314432 -0.0050358 0.999493 230.989 
0.999472 -0.00334406 -0.0323294 -3.18892 0.00352236 0.999979 0.00545821 -3.57913 0.0323104 -0.00556916 0.999462 231.81 
0.999485 -0.00309713 -0.0319363 -3.22746 0.00330498 0.999974 0.00645626 -3.59056 0.0319155 -0.00655844 0.999469 232.604 
0.999489 -0.00306463 -0.0318129 -3.25936 0.00329763 0.999968 0.00727303 -3.60588 0.0317896 -0.00737418 0.999467 233.378 
0.999499 -0.00317371 -0.0315064 -3.29508 0.00339094 0.999971 0.00684245 -3.61871 0.0314837 -0.00694581 0.99948 234.129 
0.999511 -0.00269171 -0.0311652 -3.33156 0.0028484 0.999984 0.00498322 -3.63146 0.0311512 -0.00506951 0.999502 234.867 
0.999541 -0.00262008 -0.0301897 -3.36898 0.00270868 0.999992 0.00289254 -3.64376 0.0301818 -0.00297295 0.99954 235.594 
0.999577 -0.00233156 -0.0289962 -3.40293 0.00237778 0.999996 0.00155825 -3.65606 0.0289924 -0.00162649 0.999578 236.325 
0.999611 -0.00176462 -0.0278508 -3.43228 0.00179502 0.999998 0.00106514 -3.66758 0.0278488 -0.00111467 0.999612 237.057 
0.999655 -0.00211068 -0.0261921 -3.45994 0.00213294 0.999997 0.000820105 -3.67801 0.0261902 -0.000875645 0.999657 237.786 
0.999694 -0.00224545 -0.024629 -3.48371 0.00226486 0.999997 0.000758671 -3.68953 0.0246272 -0.000814178 0.999696 238.513 
0.999739 -0.00220387 -0.0227443 -3.51161 0.00221706 0.999997 0.0005526 -3.70077 0.022743 -0.000602839 0.999741 239.238 
0.999786 -0.00248316 -0.020518 -3.54128 0.00248937 0.999997 0.000275344 -3.7153 0.0205172 -0.000326319 0.999789 239.971 
0.999839 -0.00226379 -0.0178208 -3.56137 0.00227298 0.999997 0.000493083 -3.72454 0.0178196 -0.000533467 0.999841 240.699 
0.999887 -0.00344209 -0.0146187 -3.58162 0.00346067 0.999993 0.00124278 -3.73791 0.0146143 -0.00129318 0.999892 241.423 
0.999922 -0.00447383 -0.0116357 -3.59981 0.00449089 0.999989 0.00143744 -3.74847 0.0116291 -0.00148954 0.999931 242.136 
0.999952 -0.00470862 -0.00861399 -3.61215 0.00472197 0.999988 0.00152527 -3.76239 0.00860666 -0.00156583 0.999962 242.849 
0.999972 -0.00503289 -0.00561379 -3.62543 0.00503981 0.999987 0.00121076 -3.77494 0.00560758 -0.00123897 0.999984 243.545 
0.999984 -0.00508891 -0.00250046 -3.63795 0.00509153 0.999987 0.00102563 -3.7859 0.00249517 -0.0010383 0.999996 244.247 
0.999991 -0.00421902 0.000411107 -3.649 0.00421902 0.999991 0.000120755 -3.79761 -0.000411655 -0.000118977 1 244.946 
0.999986 -0.00414208 0.00343317 -3.65661 0.00414382 0.999991 -0.00048743 -3.80833 -0.00343116 0.000501691 0.999994 245.655 
0.999972 -0.00398768 0.0062901 -3.66358 0.00398484 0.999992 0.000470515 -3.82031 -0.00629197 -0.000445395 0.99998 246.361 
0.999953 -0.00392303 0.00882148 -3.66818 0.00391319 0.999992 0.00113689 -3.83276 -0.0088259 -0.00110227 0.99996 247.067 
0.999928 -0.00401875 0.0113191 -3.67136 0.00400687 0.999991 0.0010762 -3.84571 -0.0113234 -0.00103073 0.999935 247.774 
0.999897 -0.00413655 0.0137396 -3.67491 0.00414539 0.999991 -0.000612206 -3.85758 -0.013737 0.000669141 0.999905 248.478 
0.999873 -0.00394971 0.015426 -3.67511 0.00399394 0.999988 -0.0028344 -3.87028 -0.0154146 0.00289569 0.999877 249.188 
0.999853 -0.00474602 0.0165021 -3.67386 0.00481948 0.999979 -0.00441207 -3.8813 -0.0164809 0.00449099 0.999854 249.903 
0.999852 -0.00466417 0.0165869 -3.67184 0.00474668 0.999977 -0.004936 -3.89413 -0.0165636 0.00501404 0.99985 250.625 
0.999842 -0.00577339 0.0167921 -3.67042 0.00586355 0.999969 -0.00532263 -3.91072 -0.0167609 0.00542029 0.999845 251.35 
0.999846 -0.00450209 0.0169668 -3.67208 0.00459666 0.999974 -0.00553612 -3.92626 -0.0169414 0.0056133 0.999841 252.087 
0.999842 -0.00380259 0.0173909 -3.67378 0.00391036 0.999973 -0.00616441 -3.93726 -0.0173671 0.00623147 0.99983 252.831 
0.99983 -0.00435575 0.0179137 -3.68181 0.00450468 0.999956 -0.00827972 -3.94969 -0.0178769 0.00835905 0.999805 253.596 
0.99979 -0.00836045 0.018707 -3.6887 0.00855673 0.999909 -0.0104346 -3.96521 -0.0186181 0.0105926 0.999771 254.361 
0.999744 -0.0114663 0.0194889 -3.67805 0.0116866 0.999869 -0.0112207 -3.98391 -0.0193578 0.0114457 0.999747 255.132 
0.999749 -0.00926224 0.0204011 -3.68711 0.00941258 0.999929 -0.0072833 -4.00078 -0.0203322 0.00747354 0.999765 255.918 
0.999766 -0.00524741 0.0210095 -3.69228 0.00527561 0.999985 -0.00128519 -4.01512 -0.0210025 0.00139577 0.999778 256.706 
0.99974 -0.00595501 0.0220222 -3.69166 0.00590302 0.99998 0.00242689 -4.03582 -0.0220363 -0.00229622 0.999755 257.51 
0.999674 -0.00693512 0.0245561 -3.68455 0.00692677 0.999976 0.000426792 -4.04923 -0.0245585 -0.000256517 0.999698 258.301 
0.999568 -0.00550114 0.0288778 -3.67648 0.00567514 0.999966 -0.0059457 -4.0564 -0.0288442 0.00610706 0.999565 259.098 
0.999458 -0.00335393 0.0327435 -3.66886 0.00366898 0.999948 -0.00956489 -4.06897 -0.0327098 0.00967989 0.999418 259.906 
0.999352 -0.00202932 0.0359428 -3.65835 0.00236899 0.999953 -0.00940895 -4.08409 -0.035922 0.00948804 0.99931 260.717 
0.999222 -0.00363711 0.0392838 -3.64109 0.00391593 0.999968 -0.00702191 -4.10254 -0.039257 0.00717032 0.999203 261.551 
0.999079 -0.00670299 0.042388 -3.6144 0.00687194 0.999969 -0.00384021 -4.1183 -0.042361 0.004128 0.999094 262.395 
0.998931 -0.0088456 0.0453788 -3.58836 0.00896251 0.999957 -0.00237253 -4.13114 -0.0453559 0.00277675 0.998967 263.236 
0.998793 -0.00852784 0.0483759 -3.55673 0.00863757 0.999961 -0.00205887 -4.14306 -0.0483565 0.00247428 0.998827 264.09 
0.99868 -0.00607715 0.0509956 -3.53098 0.00629994 0.999971 -0.00420833 -4.15962 -0.0509686 0.00452408 0.99869 264.932 
0.998573 -0.00508114 0.053171 -3.4969 0.00543292 0.999964 -0.00647278 -4.17441 -0.0531362 0.00675246 0.998564 265.77 
0.998427 -0.00452457 0.0558783 -3.4656 0.0049006 0.999966 -0.00659348 -4.19099 -0.0558467 0.00685699 0.998416 266.617 
0.998262 -0.00367736 0.0588171 -3.43181 0.00394873 0.999982 -0.00449741 -4.21092 -0.0587995 0.00472189 0.998259 267.473 
0.998059 -0.00233885 0.0622351 -3.39994 0.00251775 0.999993 -0.00279552 -4.23082 -0.0622281 0.00294683 0.998058 268.328 
0.997859 -0.00150472 0.0653856 -3.36362 0.00170341 0.999994 -0.00298246 -4.24711 -0.0653808 0.00308749 0.997856 269.177 
0.997673 -0.00147857 0.0681638 -3.32209 0.00172263 0.999992 -0.00352119 -4.26156 -0.0681581 0.00363045 0.997668 270.029 
0.997482 -0.00307859 0.0708581 -3.27141 0.003367 0.999987 -0.00395058 -4.27826 -0.070845 0.00417925 0.997479 270.884 
0.997318 -0.00620914 0.0729204 -3.22778 0.00646404 0.999974 -0.00325948 -4.29201 -0.0728983 0.00372214 0.997332 271.734 
0.997243 -0.00701736 0.0738787 -3.17654 0.00728954 0.999968 -0.00341448 -4.30874 -0.0738524 0.00394365 0.997261 272.59 
0.997184 -0.0080892 0.0745514 -3.12563 0.00835659 0.99996 -0.00327485 -4.32914 -0.074522 0.00388866 0.997212 273.453 
0.997139 -0.00819707 0.0751385 -3.07845 0.00845756 0.999959 -0.00314858 -4.34714 -0.0751096 0.0037751 0.997168 274.312 
0.997166 -0.00788319 0.0748219 -3.02742 0.00809239 0.999964 -0.00249268 -4.36417 -0.0747996 0.00309114 0.997194 275.176 
0.997204 -0.00737624 0.0743645 -2.9829 0.00755613 0.999969 -0.0021374 -4.38131 -0.0743465 0.00269337 0.997229 276.032 
0.997289 -0.00760366 0.0731888 -2.9363 0.00783386 0.999965 -0.00285811 -4.39964 -0.0731646 0.00342375 0.997314 276.893 
0.997407 -0.00756837 0.0715651 -2.8916 0.00786167 0.999962 -0.00381699 -4.41574 -0.0715336 0.00436975 0.997429 277.75 
0.997523 -0.00693983 0.070003 -2.84982 0.00726653 0.999964 -0.00441261 -4.43607 -0.0699699 0.0049104 0.997537 278.608 
0.997657 -0.00614578 0.0681346 -2.80082 0.00647252 0.999969 -0.00457521 -4.45807 -0.0681044 0.00500553 0.997666 279.474 
0.997778 -0.00463847 0.0664628 -2.76358 0.0049734 0.999976 -0.00487413 -4.47648 -0.0664387 0.00519389 0.997777 280.33 
0.997919 -0.00436336 0.0643333 -2.72005 0.00465725 0.999979 -0.0044183 -4.49354 -0.0643128 0.00470876 0.997919 281.2 
0.998075 -0.00487203 0.0618201 -2.69242 0.00505777 0.999983 -0.00284775 -4.51431 -0.0618052 0.00315498 0.998083 282.048 
0.998314 -0.00596639 0.0577461 -2.65679 0.0060094 0.999982 -0.000570407 -4.52998 -0.0577417 0.000916506 0.998331 282.899 
0.99856 -0.00699601 0.0531901 -2.62867 0.00694969 0.999975 0.00105647 -4.54411 -0.0531962 -0.000685257 0.998584 283.743 
0.998788 -0.00751734 0.0486414 -2.60787 0.00741385 0.99997 0.00230868 -4.56101 -0.0486574 -0.00194522 0.998814 284.58 
0.999006 -0.00764888 0.0439164 -2.58769 0.00752784 0.999967 0.00292181 -4.57581 -0.0439373 -0.00258827 0.999031 285.411 
0.999191 -0.00821525 0.0393715 -2.57405 0.00809363 0.999962 0.00324849 -4.58667 -0.0393967 -0.00292716 0.999219 286.227 
0.999361 -0.00927214 0.0345238 -2.55908 0.00915556 0.999952 0.00353465 -4.6032 -0.0345549 -0.00321627 0.999398 287.038 
0.999487 -0.00953126 0.0305733 -2.54894 0.00943722 0.99995 0.00322005 -4.61846 -0.0306025 -0.00292983 0.999527 287.835 
0.9996 -0.00903081 0.0268153 -2.5518 0.00895163 0.999955 0.00307313 -4.63307 -0.0268419 -0.00283182 0.999636 288.617 
0.999695 -0.00899427 0.0229974 -2.54618 0.00892592 0.999955 0.00307493 -4.64897 -0.0230241 -0.00286868 0.999731 289.373 
0.999771 -0.00939423 0.0192373 -2.54888 0.00933727 0.999952 0.00305078 -4.66185 -0.0192651 -0.00287041 0.99981 290.115 
0.999832 -0.0103825 0.0151215 -2.56006 0.010349 0.999944 0.00229341 -4.67286 -0.0151445 -0.00213649 0.999883 290.855 
0.99991 -0.00871392 0.0102413 -2.56672 0.00870663 0.999962 0.000760171 -4.68751 -0.0102476 -0.000670893 0.999947 291.553 
0.999966 -0.00737561 0.00373571 -2.58028 0.00738013 0.999972 -0.00118832 -4.70438 -0.00372688 0.00121589 0.999992 292.233 
0.999969 -0.00651288 -0.00452259 -2.60165 0.00650016 0.999975 -0.00283043 -4.72161 0.00454087 0.00280098 0.999986 292.903 
0.999864 -0.0066195 -0.0150985 -2.62892 0.00656027 0.999971 -0.0039714 -4.73596 0.0151243 0.00387186 0.999878 293.562 
0.999579 -0.00617489 -0.0283443 -2.6719 0.00605992 0.999973 -0.00414153 -4.75454 0.0283691 0.00396806 0.99959 294.209 
0.998966 -0.00516882 -0.0451798 -2.72136 0.00501198 0.999981 -0.0035851 -4.77204 0.0451974 0.003355 0.998972 294.841 
0.997874 -0.00271262 -0.0651195 -2.78995 0.00252387 0.999992 -0.00298129 -4.78543 0.065127 0.00281064 0.997873 295.477 
0.996137 -0.00118018 -0.0878024 -2.8732 0.000908848 0.999995 -0.00313068 -4.80033 0.0878056 0.00303883 0.996133 296.101 
0.993546 -4.67005e-05 -0.113431 -2.96734 -0.000337942 0.999994 -0.00337211 -4.81167 0.11343 0.00338872 0.99354 296.706 
0.989954 0.00128517 -0.141383 -3.08279 -0.00177021 0.999993 -0.00330529 -4.81943 0.141377 0.00352241 0.98995 297.305 
0.984961 0.00224244 -0.172762 -3.19297 -0.00261111 0.999995 -0.00190698 -4.84078 0.172756 0.00232945 0.984962 297.894 
0.978339 0.00190937 -0.207002 -3.33119 -0.0020257 0.999998 -0.000350212 -4.84743 0.207 0.000761996 0.978341 298.465 
0.969877 0.00189213 -0.243587 -3.48866 -0.00164117 0.999998 0.00123307 -4.85806 0.243589 -0.000796113 0.969878 299.018 
0.95949 0.00314748 -0.281725 -3.66719 -0.00223662 0.999991 0.00355453 -4.86706 0.281734 -0.00278038 0.959489 299.553 
0.946986 0.00463028 -0.321242 -3.86402 -0.00288881 0.999978 0.00589739 -4.87878 0.321263 -0.00465669 0.946979 300.077 
0.9321 0.00508113 -0.362164 -4.06617 -0.00239113 0.999966 0.00787529 -4.88913 0.362192 -0.00647453 0.932081 300.591 
0.914791 0.00490653 -0.403899 -4.28316 -0.00115633 0.999954 0.0095283 -4.90024 0.403927 -0.00824931 0.914754 301.087 
0.894642 0.0045003 -0.44676 -4.52513 0.000325546 0.999942 0.0107245 -4.90755 0.446783 -0.00973995 0.894589 301.573 
0.871505 0.00375376 -0.490372 -4.78691 0.00215305 0.999932 0.0114808 -4.91393 0.490382 -0.0110613 0.871437 302.03 
0.845383 0.00301764 -0.534151 -5.07554 0.00437866 0.999911 0.0125788 -4.9198 0.534142 -0.0129727 0.845295 302.472 
0.815994 0.00329097 -0.578051 -5.38281 0.00585333 0.999886 0.0139553 -4.92205 0.57803 -0.0147709 0.815882 302.897 
0.783467 0.00476689 -0.621415 -5.71465 0.00530611 0.999883 0.0143599 -4.9289 0.621411 -0.0145478 0.78335 303.288 
0.747581 0.00382728 -0.66416 -6.06358 0.00753829 0.99987 0.0142469 -4.93306 0.664128 -0.0156573 0.747455 303.665 
0.708568 0.00286655 -0.705636 -6.43642 0.011738 0.999806 0.0158483 -4.93475 0.705544 -0.0195123 0.708397 303.981 
0.665413 0.00222529 -0.746472 -6.82435 0.0177227 0.999667 0.0187783 -4.93218 0.746265 -0.0257248 0.665151 304.255 
0.61813 0.00273471 -0.786071 -7.22943 0.0218986 0.999546 0.0206974 -4.9271 0.785771 -0.0300075 0.617789 304.489 
0.567352 0.00644774 -0.82345 -7.64841 0.0209304 0.999533 0.0222474 -4.92199 0.823209 -0.0298572 0.566952 304.701 
0.514599 0.0128847 -0.857334 -8.07057 0.0159818 0.999569 0.0246151 -4.9248 0.857282 -0.0263685 0.514171 304.873 
0.459092 0.0164365 -0.888237 -8.48948 0.0135832 0.999582 0.0255176 -4.915 0.888285 -0.02378 0.458677 305.031 
0.401444 0.018676 -0.915693 -8.91453 0.0128779 0.999578 0.0260326 -4.90954 0.915793 -0.0222428 0.401034 305.166 
0.34232 0.0207554 -0.939354 -9.32522 0.0145596 0.999519 0.0273905 -4.90437 0.939471 -0.0230529 0.341853 305.284 
0.282269 0.0241338 -0.959032 -9.73609 0.0166566 0.99941 0.0300524 -4.90151 0.959191 -0.024457 0.281701 305.383 
0.221436 0.0278438 -0.974777 -10.1492 0.0186672 0.999288 0.0327845 -4.89257 0.974996 -0.025456 0.220758 305.451 
0.157348 0.0313642 -0.987045 -10.5702 0.0208212 0.999168 0.0350686 -4.88917 0.987324 -0.0260694 0.156564 305.499 
0.0914483 0.0351556 -0.995189 -11.0108 0.0213027 0.999079 0.0372505 -4.87666 0.995582 -0.0246067 0.0906151 305.516 
0.0249111 0.0406148 -0.998864 -11.4681 0.0230825 0.998885 0.0411913 -4.86093 0.999423 -0.0240824 0.0239458 305.496 
-0.0432332 0.0474175 -0.997939 -11.9356 0.0248123 0.998616 0.0463747 -4.84691 0.998757 -0.0227562 -0.0443499 305.445 
-0.11176 0.0540861 -0.992262 -12.411 0.0269313 0.998316 0.0513827 -4.82724 0.99337 -0.0209803 -0.113029 305.363 
-0.179566 0.0601147 -0.981908 -12.8941 0.0291329 0.998018 0.0557734 -4.8062 0.983315 -0.0185907 -0.180961 305.24 
-0.246322 0.0660455 -0.966935 -13.3759 0.0328364 0.997671 0.05978 -4.78509 0.968632 -0.0170255 -0.247917 305.083 
-0.311325 0.0701919 -0.947708 -13.8626 0.036879 0.99741 0.0617583 -4.75897 0.949588 -0.0157235 -0.313107 304.891 
-0.373074 0.0724453 -0.924969 -14.3354 0.0401557 0.997274 0.061912 -4.73283 0.926932 -0.0140449 -0.374966 304.656 
-0.432368 0.072537 -0.898775 -14.812 0.0431179 0.997282 0.0597447 -4.6967 0.900666 -0.0129216 -0.43432 304.388 
-0.488037 0.0725239 -0.869805 -15.2841 0.0453265 0.997303 0.0577225 -4.66487 0.871645 -0.0112544 -0.490008 304.079 
-0.539291 0.0725072 -0.838992 -15.7528 0.0470651 0.997324 0.0559379 -4.6312 0.840804 -0.00932043 -0.54126 303.736 
-0.585186 0.0725359 -0.807648 -16.2147 0.0484777 0.997339 0.0544475 -4.59929 0.809448 -0.007291 -0.587146 303.355 
-0.625572 0.073232 -0.776722 -16.6758 0.0495202 0.997304 0.0541458 -4.56768 0.778593 -0.00459131 -0.627512 302.941 
-0.662257 0.0768075 -0.745329 -17.1273 0.053769 0.997039 0.0549706 -4.53548 0.747345 -0.0036709 -0.664426 302.496 
-0.698147 0.0840867 -0.711 -17.5741 0.0619837 0.996449 0.0569823 -4.50828 0.713267 -0.00428834 -0.70088 302.022 
-0.732746 0.0898564 -0.674543 -18.0164 0.0681738 0.99595 0.0586152 -4.47709 0.677078 -0.00303606 -0.735905 301.503 
-0.764837 0.0914584 -0.637699 -18.4487 0.070966 0.995808 0.0577038 -4.44309 0.640303 -0.00112097 -0.768121 300.943 
-0.794274 0.0881101 -0.601137 -18.8654 0.0702871 0.996111 0.053133 -4.41301 0.60348 -4.99659e-05 -0.797378 300.341 
-0.820807 0.0852217 -0.564812 -19.2719 0.0710592 0.996361 0.0470699 -4.37936 0.566768 -0.00149974 -0.823876 299.699 
-0.845043 0.0804263 -0.528616 -19.6515 0.06949 0.996758 0.0405654 -4.34722 0.530164 -0.002454 -0.847892 299.023 
-0.866987 0.0776693 -0.492241 -20.0296 0.069215 0.996973 0.0354008 -4.31764 0.493501 -0.00337843 -0.869739 298.305 
-0.88696 0.0761735 -0.455522 -20.3877 0.0682772 0.997094 0.0337921 -4.29464 0.456773 -0.0011295 -0.889583 297.548 
-0.905579 0.0725201 -0.417933 -20.7224 0.0653496 0.997366 0.0314641 -4.27318 0.419114 0.00118146 -0.907933 296.756 
-0.922213 0.0721177 -0.379899 -21.0304 0.0659987 0.997395 0.0291261 -4.25118 0.381009 0.00178763 -0.92457 295.932 
-0.937331 0.074283 -0.340431 -21.3153 0.0687714 0.997233 0.0282462 -4.22887 0.341587 0.00306418 -0.939845 295.075 
-0.950323 0.0778238 -0.301381 -21.5733 0.0729461 0.996959 0.0274231 -4.21327 0.302598 0.00407628 -0.95311 294.188 
-0.961509 0.0791348 -0.263131 -21.7967 0.0742108 0.996832 0.0286161 -4.19895 0.264561 0.0079875 -0.964336 293.268 
-0.970742 0.082067 -0.225665 -21.9863 0.077563 0.996572 0.0287684 -4.18323 0.227253 0.0104234 -0.97378 292.323 
-0.978574 0.0814937 -0.189081 -22.1468 0.0777253 0.996602 0.0272734 -4.16692 0.190661 0.0119927 -0.981583 291.355 
-0.984652 0.0801561 -0.155033 -22.2718 0.0775289 0.996726 0.0229285 -4.15021 0.156363 0.0105571 -0.987643 290.355 
