1 2.12261e-08 -2.11895e-08 0 2.12261e-08 1 2.10703e-08 0 -2.11895e-08 2.10703e-08 1 0 
0.999979 0.00046562 -0.00642997 -0.0100614 -0.000463731 1 0.000288788 -0.000781569 0.00643007 -0.000285758 0.999979 0.0933027 
0.999907 0.0010736 -0.0135817 -0.0196617 -0.00107101 0.999999 0.0001945 -0.00157918 0.0135819 -0.000179893 0.999908 0.193292 
0.999776 0.00127932 -0.0211216 -0.0323496 -0.00129095 0.999999 -0.000538525 -0.00194208 0.0211208 0.000565714 0.999777 0.292944 
0.999536 0.00184986 -0.0304182 -0.0471903 -0.00190662 0.999997 -0.00183845 -0.00355602 0.0304146 0.00189564 0.999536 0.401498 
0.999122 0.00195828 -0.041849 -0.0668482 -0.0021018 0.999992 -0.00338679 -0.00419751 0.041842 0.00347182 0.999118 0.518839 
0.998457 0.00180866 -0.0554976 -0.0898772 -0.00205029 0.999989 -0.00429798 -0.00429816 0.0554892 0.00440518 0.99845 0.64992 
0.997417 0.00187827 -0.0718029 -0.118819 -0.00219301 0.999988 -0.00430538 -0.00469727 0.071794 0.00445177 0.99741 0.793751 
0.995909 0.000249184 -0.090361 -0.153058 -0.000630718 0.999991 -0.00419425 -0.00737103 0.0903591 0.00423413 0.9959 0.947643 
0.993876 -0.00083638 -0.110499 -0.189741 0.000357411 0.99999 -0.00435472 -0.00911279 0.110501 0.0042886 0.993867 1.1149 
0.991168 -0.000978088 -0.132611 -0.240968 0.000360427 0.999989 -0.00468192 -0.012688 0.132614 0.00459281 0.991157 1.28699 
0.987633 0.00269325 -0.156762 -0.301414 -0.00369045 0.999975 -0.00607077 -0.0180588 0.156741 0.00657425 0.987618 1.46673 
0.983245 0.00689535 -0.18216 -0.372921 -0.00840717 0.999936 -0.00752874 -0.0244251 0.182096 0.00893408 0.98324 1.65161 
0.977825 0.00996724 -0.209186 -0.449197 -0.0120016 0.999892 -0.00845796 -0.0294466 0.209079 0.010781 0.977839 1.8423 
0.97108 0.0108504 -0.238508 -0.533932 -0.0132752 0.999875 -0.00856268 -0.0327165 0.238386 0.0114813 0.971103 2.04139 
0.96297 0.0127616 -0.269308 -0.626754 -0.0154842 0.999848 -0.00798773 -0.036211 0.269165 0.011862 0.963021 2.2452 
0.953468 0.014624 -0.301139 -0.735742 -0.0175553 0.999821 -0.00703007 -0.037084 0.300982 0.0119896 0.953555 2.45357 
0.942122 0.0166913 -0.334854 -0.85007 -0.0198407 0.999785 -0.0059868 -0.0369746 0.334682 0.0122841 0.942251 2.66366 
0.929514 0.0189314 -0.368302 -0.971603 -0.0226159 0.999728 -0.00569005 -0.0364916 0.368094 0.0136185 0.929689 2.86798 
0.915389 0.0216494 -0.401987 -1.09979 -0.0257707 0.999656 -0.00484669 -0.0373607 0.401744 0.0147961 0.915632 3.06927 
0.899095 0.0220671 -0.437196 -1.23556 -0.0266398 0.999636 -0.00432918 -0.0345381 0.436941 0.0155392 0.899356 3.27377 
0.880307 0.017346 -0.474087 -1.37552 -0.022393 0.999737 -0.00500183 -0.0328348 0.473875 0.0150194 0.880464 3.48121 
0.858669 0.0123513 -0.512382 -1.52543 -0.0175983 0.999831 -0.00539027 -0.0337113 0.512229 0.0136455 0.85874 3.68398 
0.833164 0.0140809 -0.552846 -1.69565 -0.0182109 0.999832 -0.00197915 -0.0391379 0.552726 0.0117168 0.833281 3.87858 
0.803423 0.0194674 -0.595091 -1.88891 -0.0228693 0.999737 0.00182918 -0.042689 0.59497 0.0121398 0.803656 4.06876 
0.770092 0.0223692 -0.63754 -2.09309 -0.0259106 0.999657 0.00377695 -0.0466309 0.637406 0.0136105 0.770408 4.24951 
0.733335 0.0214624 -0.679529 -2.31226 -0.0251921 0.999673 0.00438696 -0.045 0.679401 0.0139017 0.733636 4.43037 
0.692948 0.0172865 -0.72078 -2.54672 -0.0190327 0.999803 0.00568056 -0.0444331 0.720736 0.00978212 0.69314 4.60946 
0.64975 0.0138194 -0.760022 -2.79953 -0.0136457 0.999886 0.00651491 -0.0443806 0.760025 0.00613802 0.649865 4.77822 
0.60466 0.0132589 -0.796373 -3.07386 -0.0108529 0.999906 0.00840726 -0.0422449 0.79641 0.00355946 0.604747 4.93037 
0.556054 0.0138747 -0.831031 -3.36915 -0.00821653 0.999904 0.0111963 -0.0390984 0.831106 0.000602467 0.556114 5.07658 
0.504938 0.0145567 -0.863033 -3.67673 -0.00681777 0.999894 0.0128762 -0.0338968 0.863129 -0.00061769 0.504984 5.19782 
0.452091 0.0160387 -0.891828 -3.99317 -0.00580559 0.99987 0.0150387 -0.0293594 0.891953 -0.00162123 0.452126 5.30038 
0.397655 0.0181365 -0.917356 -4.31845 -0.00484555 0.999832 0.0176666 -0.024254 0.917522 -0.00258008 0.397676 5.38847 
0.342173 0.0201969 -0.93942 -4.67833 -0.00386378 0.999791 0.0200875 -0.0223756 0.939629 -0.00324362 0.342179 5.46734 
0.287036 0.0232127 -0.957639 -5.06586 -0.00163808 0.999717 0.0237417 -0.0177182 0.957918 -0.00524598 0.286993 5.53681 
0.233232 0.0250793 -0.972098 -5.46354 0.00284002 0.999646 0.0264714 -0.0140138 0.972417 -0.00893469 0.233078 5.59145 
0.182373 0.0254916 -0.982899 -5.87402 0.00510318 0.999626 0.0268723 -0.0086241 0.983216 -0.00991665 0.182175 5.62314 
0.134947 0.0263699 -0.990502 -6.31539 0.00289114 0.999631 0.0270068 0.00130226 0.990849 -0.00650812 0.134821 5.63756 
0.0925815 0.0266065 -0.99535 -6.75513 0.000683702 0.999641 0.0267848 0.0108097 0.995705 -0.00316025 0.0925301 5.63145 
0.0545211 0.0249647 -0.998201 -7.21125 -0.000858152 0.999688 0.024955 0.0214482 0.998512 -0.000503925 0.0545256 5.62023 
0.0200949 0.0222918 -0.99955 -7.67756 0.000224762 0.999751 0.0223008 0.0285949 0.999798 -0.000672751 0.0200849 5.59598 
-0.0113148 0.0195303 -0.999745 -8.16299 0.00043963 0.999809 0.0195266 0.0359554 0.999936 -0.000218538 -0.0113212 5.56081 
-0.0373921 0.0176167 -0.999145 -8.67605 -0.000454876 0.999844 0.017646 0.0433701 0.999301 0.00111435 -0.0373783 5.49752 
-0.0583208 0.0151332 -0.998183 -9.18924 -0.00122493 0.999883 0.0152305 0.0527096 0.998297 0.002111 -0.0582955 5.44545 
-0.0747023 0.0142718 -0.997104 -9.71606 -0.000714755 0.999897 0.0143653 0.0635448 0.997206 0.00178585 -0.0746843 5.38503 
-0.087902 0.0146282 -0.996022 -10.2575 0.000528699 0.999893 0.0146384 0.0729607 0.996129 0.000760188 -0.0879003 5.32163 
-0.0975787 0.0158362 -0.995102 -10.818 -0.000658236 0.999872 0.0159767 0.0722815 0.995228 0.00221403 -0.0975558 5.2495 
-0.104207 0.0170075 -0.99441 -11.398 -0.0021954 0.999847 0.0173306 0.0758758 0.994553 0.00398914 -0.104154 5.16383 
-0.108895 0.0180035 -0.99389 -11.9886 -0.00179539 0.999831 0.0183078 0.0824619 0.994052 0.0037781 -0.108844 5.08598 
-0.110301 0.0187668 -0.993721 -12.5956 0.000534176 0.999823 0.0188227 0.0912195 0.993898 0.00154538 -0.110291 5.00897 
-0.109604 0.0209185 -0.993755 -13.2226 0.00265298 0.999781 0.0207528 0.0997472 0.993972 -0.000361781 -0.109636 4.93387 
-0.108243 0.023404 -0.993849 -13.8619 0.00204446 0.999726 0.0233197 0.104428 0.994122 0.000492362 -0.108261 4.85325 
-0.106808 0.0233243 -0.994006 -14.5141 -0.000211695 0.999724 0.0234812 0.109355 0.99428 0.00271844 -0.106773 4.77213 
-0.105189 0.0206257 -0.994238 -15.1844 -0.00194841 0.999779 0.0209468 0.118634 0.99445 0.0041406 -0.105126 4.68386 
-0.104109 0.0203986 -0.994357 -15.8656 -0.00212642 0.999783 0.0207326 0.130626 0.994564 0.00427291 -0.104043 4.60449 
-0.102418 0.0231487 -0.994472 -16.568 -0.00169366 0.999724 0.0234454 0.143068 0.99474 0.00408556 -0.10235 4.52136 
-0.100566 0.0265756 -0.994575 -17.2871 -0.00256264 0.999633 0.0269699 0.153594 0.994927 0.00526103 -0.100461 4.43596 
-0.0988144 0.028735 -0.994691 -18.0114 -0.00316814 0.999569 0.0291907 0.160274 0.995101 0.00603582 -0.0986808 4.3515 
-0.0970174 0.0279825 -0.994889 -18.754 -0.00469683 0.999581 0.0285725 0.173765 0.995272 0.00744489 -0.0968453 4.262 
-0.0952934 0.024841 -0.995139 -19.5114 -0.00701332 0.999647 0.0256251 0.189105 0.995425 0.00942117 -0.0950856 4.17004 
-0.0938765 0.0242566 -0.995288 -20.28 -0.00771134 0.999655 0.0250904 0.200838 0.995554 0.0100304 -0.0936571 4.08421 
-0.0924687 0.0268501 -0.995354 -21.0624 -0.00523095 0.99961 0.0274509 0.21189 0.995702 0.00774503 -0.0922922 4.00243 
-0.0912727 0.0290157 -0.995403 -21.8587 -0.0031684 0.999562 0.0294275 0.223058 0.995821 0.00583979 -0.0911408 3.91596 
-0.0899513 0.0307596 -0.995471 -22.659 -0.00205892 0.999515 0.0310706 0.234126 0.995944 0.00484448 -0.0898443 3.82747 
-0.0894098 0.026189 -0.995651 -23.4589 -0.00204423 0.999647 0.0264777 0.243445 0.995993 0.00440274 -0.0893248 3.74186 
-0.0890605 0.0192714 -0.99584 -24.2672 -0.000648438 0.999812 0.0194063 0.249656 0.996026 0.00237412 -0.0890312 3.65536 
-0.089396 0.0147924 -0.995886 -25.0836 0.00263233 0.99989 0.0146156 0.259229 0.995993 -0.00131489 -0.0894251 3.57541 
-0.0899786 0.0156114 -0.995821 -25.9133 0.00379624 0.999875 0.0153319 0.266414 0.995937 -0.00240079 -0.0900267 3.49003 
-0.0902372 0.0228373 -0.995658 -26.7574 0.00338152 0.999738 0.0226244 0.273881 0.995915 -0.00132524 -0.0902908 3.39989 
-0.0906007 0.0298474 -0.99544 -27.5998 0.00197783 0.999554 0.0297907 0.283733 0.995885 0.000730286 -0.0906193 3.30762 
-0.0909852 0.0352095 -0.99523 -28.4457 3.51062e-05 0.999375 0.035353 0.29265 0.995852 0.0031817 -0.0909295 3.21156 
-0.0914597 0.0354098 -0.995179 -29.2875 -0.0015915 0.999361 0.0357049 0.305805 0.995808 0.00484943 -0.0913449 3.11749 
-0.0918277 0.0319013 -0.995264 -30.1245 -0.00154145 0.999481 0.0321787 0.31997 0.995774 0.00448908 -0.0917308 3.02483 
-0.0923272 0.029121 -0.995303 -30.9599 -0.00166227 0.999566 0.0293999 0.335051 0.995727 0.00436891 -0.0922388 2.93336 
-0.0926553 0.0302933 -0.995237 -31.7963 -0.00295019 0.999524 0.0306985 0.348735 0.995694 0.00578056 -0.0925219 2.84174 
-0.0924567 0.0325855 -0.995183 -32.6399 -0.00352972 0.999447 0.033053 0.359318 0.99571 0.00656873 -0.0922906 2.74255 
-0.0923876 0.0309894 -0.995241 -33.4767 -0.00430647 0.999494 0.0315216 0.367409 0.995714 0.00719822 -0.0922073 2.64713 
-0.0919223 0.0257693 -0.995433 -34.31 -0.00512481 0.99964 0.0263515 0.379027 0.995753 0.00752373 -0.0917572 2.54971 
-0.0918029 0.0215306 -0.995544 -35.1461 -0.00633242 0.999733 0.0222052 0.389927 0.995757 0.00834274 -0.0916421 2.45425 
-0.0915192 0.0222666 -0.995554 -35.9785 -0.00578528 0.999721 0.0228917 0.397423 0.995787 0.00785463 -0.0913649 2.36741 
-0.0910916 0.0247722 -0.995534 -36.8167 -0.00462551 0.999669 0.0252983 0.403214 0.995832 0.00690936 -0.0909469 2.27704 
-0.0906282 0.0295866 -0.995445 -37.6609 -0.0044177 0.999537 0.0301105 0.413372 0.995875 0.00712647 -0.0904555 2.18397 
-0.0900656 0.0351865 -0.995314 -38.5003 -0.0034322 0.999359 0.03564 0.426824 0.99593 0.00662609 -0.0898871 2.09375 
-0.0901916 0.0382793 -0.995189 -39.3367 -0.00362192 0.999242 0.0387635 0.440914 0.995918 0.00710067 -0.0899846 2.00143 
-0.0899068 0.038122 -0.99522 -40.1691 -0.00319339 0.999251 0.0385649 0.457658 0.995945 0.00664541 -0.0897177 1.91221 
-0.0899378 0.0335696 -0.995382 -40.9972 -0.0028835 0.999419 0.0339663 0.476571 0.995943 0.00592508 -0.0897888 1.82278 
-0.0894323 0.0292391 -0.995564 -41.8252 -0.00401629 0.99955 0.029717 0.488398 0.995985 0.00665617 -0.0892747 1.72712 
-0.089471 0.0263947 -0.99564 -42.6536 -0.0080317 0.999597 0.0272214 0.498752 0.995957 0.0104322 -0.089223 1.6319 
-0.0898262 0.0245491 -0.995655 -43.4866 -0.0111441 0.999609 0.025652 0.508411 0.995895 0.0133999 -0.0895175 1.53113 
-0.0906929 0.0227599 -0.995619 -44.3136 -0.00888177 0.999681 0.0236618 0.512404 0.995839 0.0109889 -0.0904618 1.44484 
-0.0919666 0.0191282 -0.995578 -45.1396 -0.0053415 0.999792 0.0197026 0.518032 0.995748 0.00712989 -0.0918452 1.35738 
-0.0928622 0.0176427 -0.995523 -45.9625 -0.000965974 0.999841 0.0178093 0.52615 0.995679 0.0026155 -0.0928304 1.26992 
-0.0949848 0.0211609 -0.995254 -46.7915 -0.000409006 0.999773 0.021296 0.529505 0.995479 0.0024299 -0.0949546 1.17594 
-0.0968783 0.0275321 -0.994915 -47.6202 0.00214503 0.999621 0.0274534 0.532104 0.995294 0.000525554 -0.0969006 1.08377 
-0.098865 0.031231 -0.994611 -48.4396 0.00393252 0.999512 0.030994 0.538639 0.995093 -0.000847069 -0.0989395 0.992681 
-0.10054 0.0303485 -0.99447 -49.2489 0.0038964 0.999539 0.0301093 0.546815 0.994925 -0.000847624 -0.100612 0.897513 
-0.101622 0.0262902 -0.994476 -50.0488 0.000734639 0.999652 0.026352 0.553616 0.994823 0.00194741 -0.101606 0.794539 
-0.103004 0.0224796 -0.994427 -50.8445 -0.00397654 0.999727 0.0230113 0.560765 0.994673 0.00632467 -0.102886 0.690822 
-0.10448 0.0208582 -0.994308 -51.6389 -0.00813056 0.999729 0.0218263 0.566235 0.994494 0.0103647 -0.104283 0.584715 
-0.105643 0.0220306 -0.99416 -52.4318 -0.00960535 0.999685 0.0231737 0.569088 0.994358 0.0119974 -0.105398 0.48414 
-0.106772 0.0235737 -0.994004 -53.2217 -0.00930339 0.999651 0.0247069 0.572813 0.99424 0.0118856 -0.106515 0.384931 
-0.107956 0.0231439 -0.993886 -54.001 -0.0108168 0.999643 0.0244529 0.576158 0.994097 0.0133906 -0.107668 0.284928 
-0.108547 0.0229948 -0.993825 -54.7766 -0.011385 0.999638 0.0243728 0.580004 0.994026 0.0139604 -0.108246 0.182914 
-0.10921 0.0247532 -0.993711 -55.5536 -0.00971247 0.999616 0.0259678 0.587232 0.993971 0.0124873 -0.108927 0.0867954 
-0.109732 0.0276594 -0.993576 -56.326 -0.00858158 0.999549 0.0287734 0.594669 0.993924 0.0116839 -0.109445 -0.00925643 
-0.109931 0.0318956 -0.993427 -57.0941 -0.00882076 0.999414 0.0330639 0.600571 0.9939 0.0123976 -0.109585 -0.108388 
-0.110557 0.0340651 -0.993286 -57.8611 -0.00875353 0.99934 0.0352471 0.607446 0.993831 0.0125916 -0.110186 -0.210774 
-0.111469 0.0340577 -0.993184 -58.6193 -0.00830923 0.999346 0.0352016 0.617056 0.993733 0.0121765 -0.111113 -0.307296 
-0.112018 0.0321994 -0.993184 -59.3654 -0.00751587 0.999419 0.0332492 0.625534 0.993678 0.0111892 -0.111711 -0.402878 
-0.112519 0.0284916 -0.993241 -60.1014 -0.00684531 0.999543 0.0294479 0.638451 0.993626 0.0101125 -0.112273 -0.49706 
-0.112575 0.0257632 -0.993309 -60.8291 -0.0070404 0.999618 0.0267248 0.641009 0.993618 0.0100019 -0.11235 -0.589931 
-0.111576 0.0233122 -0.993482 -61.5422 -0.00741769 0.999677 0.0242907 0.648803 0.993728 0.0100796 -0.111367 -0.683183 
-0.109539 0.0225953 -0.993726 -62.2422 -0.00962152 0.999671 0.023791 0.650628 0.993936 0.0121672 -0.109286 -0.775296 
-0.105591 0.023388 -0.994135 -62.9268 -0.00979951 0.99965 0.0245587 0.654979 0.994361 0.0123352 -0.105325 -0.8605 
-0.100031 0.0250684 -0.994669 -63.5918 -0.0090065 0.999619 0.0260989 0.656823 0.994944 0.0115692 -0.0997666 -0.934567 
-0.0929114 0.0265923 -0.995319 -64.2472 -0.00811181 0.99959 0.0274636 0.66084 0.995641 0.0106256 -0.0926575 -1.00501 
-0.0841768 0.0279496 -0.996059 -64.8828 -0.00904626 0.999544 0.0288119 0.662726 0.99641 0.0114359 -0.0838856 -1.06867 
-0.0725157 0.0296789 -0.996926 -65.5045 -0.0112067 0.99947 0.0305698 0.665328 0.997304 0.0133891 -0.0721447 -1.12345 
-0.0577274 0.0311036 -0.997848 -66.1125 -0.0141897 0.999388 0.0319725 0.671213 0.998232 0.0160049 -0.0572508 -1.16721 
-0.0394472 0.0322929 -0.9987 -66.7011 -0.0157119 0.999334 0.032934 0.67757 0.999098 0.0169907 -0.0389135 -1.19255 
-0.0174451 0.0331108 -0.999299 -67.2666 -0.0165842 0.999304 0.0334005 0.682155 0.99971 0.0171553 -0.0168838 -1.19809 
0.00787552 0.0334592 -0.999409 -67.8075 -0.015966 0.999317 0.0333303 0.687835 0.999842 0.0156941 0.00840435 -1.1828 
0.0372063 0.0330649 -0.99876 -68.3274 -0.0144791 0.999365 0.0325455 0.693882 0.999203 0.0132503 0.0376614 -1.1492 
0.0712849 0.0330481 -0.996908 -68.8213 -0.013251 0.999394 0.032183 0.700637 0.997368 0.0109159 0.0716796 -1.095 
0.109013 0.0333917 -0.993479 -69.2963 -0.0125732 0.999402 0.0322111 0.704595 0.993961 0.00897983 0.109368 -1.02328 
0.149792 0.0330799 -0.988164 -69.7522 -0.0122878 0.999425 0.0315942 0.71047 0.988641 0.00740981 0.150113 -0.928762 
0.195176 0.0340312 -0.980178 -70.1997 -0.0112509 0.99941 0.0324586 0.715201 0.980704 0.00469283 0.195444 -0.81813 
0.243936 0.0328024 -0.969236 -70.6269 -0.00794482 0.999462 0.0318258 0.716055 0.969759 -6.29988e-05 0.244065 -0.684013 
0.29437 0.028122 -0.955278 -71.0282 -0.000273073 0.999569 0.0293417 0.716914 0.955692 -0.00837639 0.29425 -0.525992 
0.346282 0.0231299 -0.937845 -71.4177 0.00480944 0.999639 0.0264297 0.71748 0.938118 -0.0136626 0.346046 -0.349611 
0.399233 0.0184612 -0.916664 -71.7978 0.00985841 0.999653 0.0244262 0.723292 0.916797 -0.0187885 0.398912 -0.149184 
0.451151 0.0181083 -0.892264 -72.1747 0.00930174 0.999644 0.0249908 0.730938 0.892399 -0.0195742 0.450822 0.0634671 
0.500304 0.0169518 -0.865684 -72.5357 0.0105815 0.999614 0.0256898 0.737959 0.865785 -0.0220129 0.499931 0.29644 
0.545947 0.0127149 -0.837723 -72.8794 0.0181904 0.999469 0.0270246 0.743788 0.837622 -0.0299925 0.545426 0.562754 
0.5904 0.00663892 -0.807084 -73.1979 0.0283337 0.999179 0.0289458 0.744809 0.806614 -0.0399572 0.589727 0.849374 
0.633788 0.00161165 -0.773505 -73.5102 0.029588 0.999215 0.0263254 0.747614 0.772941 -0.0395711 0.633243 1.13992 
0.675845 -0.00320719 -0.737036 -73.8048 0.0262997 0.999459 0.0197671 0.751455 0.736574 -0.0327433 0.675564 1.43626 
0.717283 -0.0103611 -0.696705 -74.0941 0.0227705 0.999704 0.00857575 0.760312 0.69641 -0.0220155 0.717306 1.75783 
0.757422 -0.0128591 -0.652799 -74.3593 0.0176688 0.999844 0.000805123 0.760179 0.652686 -0.0121439 0.757531 2.09263 
0.795354 -0.0135092 -0.605994 -74.6142 0.0157699 0.999874 -0.00159215 0.755034 0.60594 -0.00829012 0.795467 2.45478 
0.829978 -0.0149256 -0.557596 -74.8543 0.0158451 0.999869 -0.00317895 0.756825 0.557571 -0.00619668 0.830106 2.85863 
0.86138 -0.0134947 -0.507782 -75.094 0.0125708 0.999907 -0.00524887 0.753927 0.507806 -0.00186189 0.86147 3.2865 
0.887955 -0.01178 -0.459779 -75.3081 0.0114802 0.999928 -0.00344799 0.744583 0.459787 -0.00221662 0.888027 3.73758 
0.909679 -0.00567881 -0.415274 -75.5157 0.00514545 0.999984 -0.00240335 0.739885 0.415281 4.95483e-05 0.909693 4.22021 
0.927642 -0.00130972 -0.373469 -75.7111 -0.000168087 0.999992 -0.00392448 0.737089 0.373471 0.00370333 0.927634 4.71141 
0.941421 0.00381502 -0.337213 -75.8907 -0.00491027 0.999985 -0.00239523 0.730527 0.337199 0.00391077 0.941425 5.23532 
0.951708 0.00434981 -0.306974 -76.0615 -0.00466525 0.999989 -0.000293937 0.722317 0.30697 0.0017119 0.951718 5.78842 
0.959234 0.00369853 -0.28259 -76.221 -0.00345051 0.999993 0.00137523 0.715007 0.282593 -0.000344036 0.95924 6.36236 
0.965213 0.00386966 -0.261437 -76.3785 -0.00310616 0.99999 0.00333343 0.713305 0.261447 -0.00240536 0.965215 6.95178 
0.969979 0.00645579 -0.243103 -76.5345 -0.00515942 0.999969 0.00596876 0.70884 0.243134 -0.00453525 0.969982 7.55778 
0.973665 0.0111417 -0.22771 -76.6921 -0.00969224 0.999925 0.00748241 0.708039 0.227776 -0.0050783 0.9737 8.18127 
0.976631 0.0147138 -0.214417 -76.8418 -0.0131619 0.999876 0.00866351 0.705942 0.214518 -0.00563887 0.976704 8.8213 
0.979433 0.0133602 -0.201328 -76.9817 -0.011902 0.999893 0.00845166 0.704158 0.201419 -0.00588159 0.979488 9.47905 
0.982141 0.0130778 -0.187691 -77.1142 -0.0117518 0.999898 0.00817568 0.70078 0.187778 -0.00582392 0.982194 10.151 
0.984823 0.0132761 -0.173051 -77.2436 -0.0119503 0.999891 0.00870084 0.703818 0.173148 -0.00650074 0.984874 10.843 
0.98717 0.0148673 -0.158978 -77.3656 -0.0135595 0.999865 0.00930756 0.701194 0.159095 -0.00703244 0.987238 11.5433 
0.989139 0.0149376 -0.146221 -77.4805 -0.0141237 0.999879 0.00660228 0.694471 0.146302 -0.00446535 0.98923 12.2565 
0.990699 0.0156117 -0.135175 -77.5889 -0.0155761 0.999878 0.00132067 0.687208 0.135179 0.000797167 0.990821 12.9784 
0.991982 0.0138918 -0.125611 -77.6925 -0.0146255 0.999881 -0.00492109 0.685777 0.125528 0.0067188 0.992067 13.7136 
0.992986 0.0137716 -0.117431 -77.7919 -0.0144599 0.999883 -0.00501125 0.678648 0.117348 0.00667418 0.993068 14.4623 
0.993738 0.0157051 -0.110626 -77.8943 -0.0156522 0.999877 0.00134698 0.666603 0.110634 0.000393035 0.993861 15.2251 
0.994203 0.0202113 -0.105606 -77.9942 -0.0193226 0.999769 0.00943111 0.655227 0.105772 -0.00733581 0.994363 15.9959 
0.994641 0.0210061 -0.101236 -78.0877 -0.0197576 0.999716 0.0133192 0.645601 0.101487 -0.0112476 0.994773 16.7661 
0.995017 0.0197426 -0.0977319 -78.1781 -0.0186499 0.999753 0.0120808 0.644202 0.0979463 -0.0101979 0.995139 17.5304 
0.995317 0.0195592 -0.0946618 -78.2642 -0.0185862 0.999765 0.0111496 0.640359 0.0948576 -0.00933797 0.995447 18.2956 
0.995614 0.0179756 -0.0918173 -78.3472 -0.0168167 0.999769 0.0133801 0.638467 0.0920366 -0.0117773 0.995686 19.0627 
0.995871 0.0160417 -0.0893481 -78.4246 -0.0146718 0.999765 0.0159674 0.632297 0.0895832 -0.0145906 0.995873 19.829 
0.99616 0.0140087 -0.086424 -78.5006 -0.0125159 0.999763 0.0177907 0.627401 0.0866528 -0.0166407 0.9961 20.595 
0.996398 0.0134299 -0.0837249 -78.5776 -0.0122829 0.999824 0.0141986 0.622993 0.0839008 -0.013119 0.996388 21.3531 
0.996496 0.0161087 -0.0820783 -78.6561 -0.0156066 0.999855 0.00675457 0.619039 0.0821752 -0.00544989 0.996603 22.1052 
0.996624 0.0166289 -0.0803992 -78.7325 -0.0167449 0.99986 -0.000769236 0.608311 0.0803751 0.00211296 0.996762 22.8528 
0.996703 0.0173982 -0.0792457 -78.8039 -0.0178341 0.999829 -0.00479627 0.596276 0.0791487 0.00619378 0.996844 23.6016 
0.996855 0.0188843 -0.0769668 -78.8828 -0.0191812 0.999811 -0.00312025 0.582902 0.0768933 0.00458679 0.997029 24.3661 
0.99697 0.0225045 -0.0744606 -78.962 -0.0225001 0.999746 0.00089675 0.565455 0.0744619 0.000781386 0.997224 25.1247 
0.997048 0.0257807 -0.0723219 -79.0373 -0.0254172 0.999659 0.00594106 0.552738 0.0724504 -0.00408526 0.997364 25.8856 
0.997286 0.0235038 -0.0697767 -79.1021 -0.023011 0.999704 0.00785803 0.544281 0.0699408 -0.00623103 0.997532 26.6424 
0.997426 0.0204426 -0.0687275 -79.164 -0.0199668 0.999772 0.0076024 0.536437 0.0688672 -0.00621052 0.997607 27.3967 
0.997529 0.0188515 -0.0676763 -79.2252 -0.0183701 0.999801 0.00772867 0.525948 0.0678085 -0.00646631 0.997677 28.1469 
0.997605 0.0183549 -0.0666862 -79.2898 -0.0180021 0.999821 0.00588757 0.519593 0.0667822 -0.00467294 0.997757 28.8978 
0.997696 0.0164359 -0.0658283 -79.3525 -0.016166 0.999859 0.00463049 0.513728 0.065895 -0.0035556 0.99782 29.6539 
0.997754 0.0156522 -0.0651256 -79.4145 -0.015377 0.999871 0.00472424 0.505728 0.0651911 -0.00371215 0.997866 30.4153 
0.997753 0.018736 -0.0643241 -79.4836 -0.0184064 0.999814 0.00571284 0.498473 0.0644192 -0.00451598 0.997913 31.1866 
0.997754 0.0184502 -0.0644003 -79.5489 -0.0181786 0.999823 0.00479979 0.491539 0.0644774 -0.00361825 0.997913 31.9627 
0.99766 0.0181202 -0.0659265 -79.617 -0.0178451 0.999829 0.00475753 0.482452 0.0660015 -0.00356989 0.997813 32.7397 
0.997568 0.0157176 -0.067906 -79.6834 -0.0153989 0.999868 0.00521324 0.476507 0.0679789 -0.00415484 0.997678 33.5186 
0.997328 0.0179599 -0.0708115 -79.7608 -0.0176568 0.999832 0.00490318 0.473411 0.0708876 -0.00363973 0.997478 34.31 
0.997058 0.0214452 -0.0735874 -79.8408 -0.0211642 0.999765 0.00459571 0.463294 0.0736687 -0.00302473 0.997278 35.1059 
0.996861 0.0217299 -0.0761303 -79.9229 -0.0218151 0.999762 -0.00028812 0.453991 0.0761059 0.00194805 0.997098 35.902 
0.99664 0.0225905 -0.0787325 -80.0009 -0.0229706 0.999728 -0.00392623 0.446961 0.0786224 0.00572161 0.996888 36.7073 
0.996509 0.0214915 -0.0806744 -80.0842 -0.0220037 0.999743 -0.00546607 0.436077 0.0805361 0.00722217 0.996726 37.5254 
0.996337 0.0217077 -0.082717 -80.171 -0.0221016 0.999748 -0.00385066 0.419905 0.0826126 0.00566478 0.996566 38.3509 
0.99619 0.0203426 -0.0847989 -80.2593 -0.0206787 0.999781 -0.00308767 0.40678 0.0847175 0.00482948 0.996393 39.1757 
0.99605 0.0196549 -0.0865928 -80.3436 -0.0198514 0.999802 -0.00140813 0.396413 0.0865479 0.0031216 0.996243 40.0101 
0.995946 0.0193473 -0.087849 -80.4344 -0.0192244 0.999813 0.00224512 0.386048 0.0878759 -0.000547136 0.996131 40.8518 
0.995867 0.019129 -0.0887888 -80.5229 -0.0185826 0.999803 0.00697679 0.376544 0.0889048 -0.00529798 0.996026 41.7049 
0.995908 0.0190705 -0.0883415 -80.6113 -0.0183288 0.99979 0.00919913 0.367942 0.0884983 -0.00754225 0.996048 42.5599 
0.996017 0.0221471 -0.0863645 -80.7042 -0.0214253 0.999727 0.00927519 0.361971 0.0865463 -0.00738782 0.99622 43.418 
0.996191 0.0222595 -0.0843114 -80.7993 -0.0216772 0.999735 0.00781551 0.35945 0.0844629 -0.00595806 0.996409 44.2815 
0.996353 0.0199232 -0.0829724 -80.8819 -0.0195193 0.999793 0.00567537 0.351528 0.0830682 -0.00403507 0.996536 45.145 
0.996568 0.0163598 -0.0811426 -80.9631 -0.0160844 0.999862 0.00404565 0.344365 0.0811976 -0.00272659 0.996694 46.0199 
0.996745 0.0150698 -0.0792011 -81.0468 -0.0148136 0.999883 0.00382151 0.336113 0.0792493 -0.00263577 0.996851 46.8858 
0.996837 0.0127401 -0.0784462 -81.1273 -0.0122769 0.999904 0.00638327 0.32412 0.07852 -0.00539996 0.996898 47.757 
0.996924 0.0100798 -0.077718 -81.2034 -0.00941175 0.999916 0.00895692 0.314655 0.0778016 -0.00819787 0.996935 48.6316 
0.996997 0.00937213 -0.0768737 -81.2882 -0.00868615 0.99992 0.00925253 0.304606 0.0769541 -0.00855696 0.996998 49.5026 
0.997061 0.0105874 -0.075883 -81.3702 -0.0101582 0.99993 0.00603813 0.293526 0.0759416 -0.0052495 0.997098 50.3717 
0.997088 0.0136999 -0.0750143 -81.4622 -0.0137242 0.999906 0.000190616 0.281639 0.0750098 0.000839497 0.997182 51.235 
0.997148 0.015565 -0.0738508 -81.5477 -0.0159929 0.999859 -0.00520719 0.265767 0.0737592 0.00637347 0.997256 52.0912 
0.997125 0.0201984 -0.0730296 -81.6342 -0.0210456 0.99972 -0.0108502 0.243272 0.0727899 0.012356 0.997271 52.9387 
0.997215 0.0202136 -0.071789 -81.7155 -0.0211053 0.999709 -0.0116848 0.221185 0.0715319 0.0131674 0.997351 53.7885 
0.997279 0.0172312 -0.0716773 -81.7899 -0.0176849 0.999827 -0.00570098 0.2052 0.0715666 0.00695312 0.997412 54.6458 
0.997242 0.0164595 -0.0723754 -81.8656 -0.016248 0.999862 0.00350903 0.184748 0.0724231 -0.00232335 0.997371 55.5017 
0.997171 0.0154568 -0.0735564 -81.9441 -0.014666 0.999829 0.0112772 0.16898 0.0737181 -0.0101665 0.997227 56.3557 
0.997022 0.0134077 -0.0759404 -82.0218 -0.0127577 0.999878 0.00903754 0.160353 0.0760523 -0.00804176 0.997071 57.1982 
0.996925 0.00823997 -0.0779272 -82.0936 -0.00782438 0.999954 0.00563635 0.15075 0.07797 -0.00500924 0.996943 58.0316 
0.99674 0.00682495 -0.0803951 -82.1752 -0.00651642 0.99997 0.00409889 0.139271 0.0804207 -0.00356159 0.996755 58.8618 
0.996502 0.00898643 -0.0830838 -82.264 -0.00887015 0.999959 0.00176803 0.125011 0.0830963 -0.00102484 0.996541 59.6874 
0.996207 0.0106951 -0.0863516 -82.3562 -0.0108697 0.99994 -0.00155179 0.110637 0.0863298 0.00248457 0.996264 60.506 
0.995851 0.0111886 -0.0903077 -82.4483 -0.0116851 0.999919 -0.00497196 0.0954741 0.0902447 0.00600663 0.995902 61.321 
0.995548 0.0131362 -0.0933348 -82.5447 -0.0140313 0.999862 -0.00894115 0.0766708 0.0932044 0.010211 0.995595 62.1277 
0.995175 0.0175566 -0.0965328 -82.6475 -0.0185078 0.999789 -0.00896815 0.054908 0.0963549 0.0107115 0.995289 62.9387 
0.994775 0.0211248 -0.099879 -82.7532 -0.0219666 0.999732 -0.00733658 0.0396886 0.0996972 0.0094923 0.994973 63.7442 
0.994314 0.0242523 -0.103691 -82.8601 -0.0245267 0.999698 -0.00137264 0.0199825 0.103627 0.00390809 0.994609 64.5468 
0.993871 0.0246644 -0.107756 -82.9664 -0.0243419 0.999694 0.00430714 0.00259693 0.10783 -0.0016577 0.994168 65.3482 
0.99333 0.0241625 -0.112745 -83.0722 -0.023424 0.999695 0.00787012 -0.0066877 0.1129 -0.00517666 0.993593 66.1445 
0.992577 0.02371 -0.119284 -83.1817 -0.0228034 0.9997 0.00895944 -0.0147984 0.11946 -0.00617282 0.99282 66.935 
0.991905 0.0214662 -0.125157 -83.2937 -0.0200476 0.99972 0.0125832 -0.0220789 0.125392 -0.00997218 0.992057 67.7197 
0.991056 0.0217099 -0.131669 -83.4133 -0.0202487 0.999718 0.0124263 -0.0294265 0.131901 -0.00964897 0.991216 68.493 
0.990128 0.0266368 -0.137611 -83.5457 -0.0253196 0.999615 0.0113133 -0.0344532 0.137859 -0.00771732 0.990422 69.2632 
0.989215 0.0287449 -0.143625 -83.6802 -0.027948 0.999581 0.00756358 -0.0406528 0.143782 -0.00346795 0.989603 70.0301 
0.988356 0.0277128 -0.149612 -83.8131 -0.027299 0.999616 0.00481843 -0.0481595 0.149688 -0.000678007 0.988733 70.7996 
0.9875 0.029002 -0.15493 -83.9532 -0.0287955 0.999579 0.0035772 -0.0571682 0.154968 0.000928842 0.987919 71.5643 
0.986705 0.0307853 -0.159582 -84.0962 -0.0298155 0.99952 0.00846849 -0.0615156 0.159766 -0.00359785 0.987148 72.3307 
0.985681 0.0315642 -0.165642 -84.2461 -0.0298886 0.999474 0.0125993 -0.0661165 0.165953 -0.00746807 0.986106 73.0951 
0.984642 0.0308316 -0.171843 -84.3958 -0.0287291 0.999479 0.0147089 -0.0744404 0.172207 -0.00954606 0.985015 73.855 
0.983451 0.0284568 -0.178927 -84.5483 -0.0269495 0.999578 0.0108495 -0.0785252 0.17916 -0.00584788 0.983803 74.6033 
0.981962 0.0268588 -0.18716 -84.7097 -0.0266425 0.999638 0.0036713 -0.0802242 0.187191 0.00138139 0.982323 75.345 
0.980278 0.0242807 -0.196125 -84.876 -0.0243902 0.999701 0.00185684 -0.0878584 0.196111 0.00296336 0.980577 76.0843 
0.978088 0.0239413 -0.206811 -85.0519 -0.0234405 0.999713 0.00487191 -0.098383 0.206869 8.26445e-05 0.978369 76.8231 
0.975742 0.0236898 -0.217637 -85.2361 -0.021843 0.999702 0.0108874 -0.100022 0.21783 -0.00586943 0.975969 77.558 
0.97297 0.0255242 -0.229516 -85.4315 -0.021845 0.999589 0.0185571 -0.10243 0.229895 -0.0130417 0.973128 78.2917 
0.970277 0.0262604 -0.240568 -85.6333 -0.0215595 0.999522 0.0221519 -0.108649 0.241035 -0.0163069 0.970379 79.0176 
0.967324 0.0293947 -0.251836 -85.8479 -0.0257874 0.999512 0.017613 -0.112483 0.252231 -0.0105432 0.96761 79.7318 
0.96416 0.028676 -0.263768 -86.0649 -0.0274283 0.999588 0.00841224 -0.113643 0.263901 -0.000875995 0.96455 80.4332 
0.960764 0.026476 -0.276101 -86.2881 -0.026527 0.999642 0.00355065 -0.112376 0.276096 0.00391284 0.961122 81.1391 
0.957264 0.025214 -0.288115 -86.5209 -0.0237994 0.999681 0.00841215 -0.112757 0.288235 -0.00119565 0.957559 81.8579 
0.953786 0.0265663 -0.29931 -86.7684 -0.0228326 0.999612 0.015965 -0.119521 0.299618 -0.00839315 0.954022 82.5732 
0.950029 0.0265045 -0.311033 -87.0259 -0.0208312 0.999551 0.0215485 -0.123842 0.311465 -0.0139924 0.950155 83.2861 
0.945861 0.0240979 -0.323676 -87.2859 -0.0188102 0.999634 0.019455 -0.120271 0.324026 -0.0123133 0.945968 83.9951 
0.942037 0.022177 -0.334777 -87.5561 -0.0182496 0.999723 0.0148727 -0.118737 0.335014 -0.007901 0.94218 84.6951 
0.938831 0.0181476 -0.3439 -87.8296 -0.0163462 0.999833 0.00813695 -0.123269 0.34399 -0.00201773 0.938971 85.3934 
0.936034 0.0141138 -0.351626 -88.1089 -0.0142323 0.999896 0.00224766 -0.12763 0.351621 0.0029006 0.936138 86.0955 
0.933347 0.0140124 -0.358702 -88.3999 -0.0149234 0.999889 0.00022899 -0.133077 0.358665 0.00513936 0.933452 86.7985 
0.930179 0.0191664 -0.366606 -88.6974 -0.0205452 0.999789 0.000140695 -0.143582 0.366532 0.00740119 0.930376 87.4961 
0.92708 0.0191105 -0.374377 -89.0014 -0.0195641 0.999805 0.00258903 -0.155497 0.374354 0.00492415 0.927273 88.196 
0.92373 0.0196511 -0.382539 -89.3049 -0.0175138 0.999806 0.00906877 -0.156465 0.382643 -0.00167733 0.923895 88.9042 
0.920875 0.0214995 -0.389265 -89.6171 -0.0160087 0.999721 0.0173441 -0.159896 0.389529 -0.00974004 0.920963 89.6126 
0.918083 0.0313489 -0.395147 -89.9461 -0.0237093 0.999426 0.024203 -0.166616 0.395679 -0.0128517 0.918299 90.3085 
0.915425 0.0378823 -0.400702 -90.28 -0.0321489 0.999262 0.021024 -0.165826 0.401203 -0.00636369 0.915967 90.9911 
0.913122 0.034476 -0.406226 -90.609 -0.0317895 0.999405 0.0133614 -0.163088 0.406445 0.000713209 0.913675 91.6741 
0.911159 0.0265908 -0.411196 -90.9308 -0.0264709 0.999632 0.00598695 -0.163517 0.411203 0.0054297 0.911528 92.3584 
0.909506 0.0271362 -0.414804 -91.2674 -0.027379 0.999611 0.00536236 -0.166441 0.414788 0.00647985 0.909895 93.044 
0.907145 0.033233 -0.419503 -91.6155 -0.0316958 0.999441 0.0106356 -0.171757 0.419622 0.00364849 0.907692 93.7412 
0.904567 0.0354028 -0.42486 -91.9606 -0.0320525 0.999373 0.0150331 -0.177432 0.425126 1.94304e-05 0.905134 94.4412 
0.902298 0.0318618 -0.429934 -92.3058 -0.0290357 0.999492 0.013134 -0.184032 0.430134 0.000632639 0.902765 95.1333 
0.899962 0.0301545 -0.434924 -92.658 -0.0301923 0.999521 0.00682427 -0.189256 0.434922 0.00698984 0.900441 95.8171 
0.897769 0.0274972 -0.439607 -93.0162 -0.0305329 0.999534 0.000165733 -0.191745 0.439407 0.0132737 0.89819 96.5021 
0.895406 0.0283405 -0.444348 -93.3795 -0.0321074 0.999484 -0.000952699 -0.201766 0.444092 0.01512 0.895854 97.1873 
0.893332 0.031409 -0.448298 -93.7475 -0.0333776 0.999437 0.00351109 -0.215696 0.448156 0.0118266 0.893877 97.8769 
0.891217 0.0328446 -0.452387 -94.1153 -0.0340139 0.999406 0.00555137 -0.224698 0.4523 0.01044 0.891805 98.5604 
0.888883 0.0338683 -0.45688 -94.4858 -0.0347766 0.999375 0.00642364 -0.236089 0.456812 0.0101789 0.889505 99.2373 
0.886618 0.031863 -0.461403 -94.8564 -0.0330168 0.999439 0.00557392 -0.244091 0.461322 0.0102921 0.887173 99.9164 
0.884567 0.0301257 -0.465439 -95.2286 -0.0313696 0.999495 0.00507472 -0.25359 0.465357 0.0101117 0.885065 100.587 
0.8823 0.0295988 -0.469756 -95.6003 -0.0305234 0.999518 0.00564928 -0.261788 0.469697 0.00935421 0.882778 101.257 
0.879953 0.030912 -0.474055 -95.9791 -0.0317704 0.999476 0.00620052 -0.27062 0.473998 0.00960479 0.880474 101.919 
0.877691 0.0312343 -0.478208 -96.358 -0.0321137 0.999464 0.0063397 -0.28215 0.478149 0.00979275 0.878224 102.574 
0.875326 0.0283767 -0.4827 -96.7338 -0.0311347 0.999513 0.0022993 -0.292357 0.48253 0.0130161 0.875783 103.222 
0.873015 0.024948 -0.487054 -97.1104 -0.0297138 0.999556 -0.00206067 -0.304789 0.486787 0.0162713 0.873369 103.867 
0.870937 0.0233504 -0.49084 -97.4869 -0.0294776 0.999554 -0.00475339 -0.315095 0.49051 0.0186087 0.871237 104.504 
0.869023 0.0251968 -0.494129 -97.8675 -0.0295822 0.999562 -0.00105616 -0.324182 0.493886 0.0155353 0.869388 105.139 
0.867111 0.0291606 -0.497261 -98.2468 -0.029098 0.999546 0.00787546 -0.335955 0.497265 0.00764048 0.867565 105.771 
0.865586 0.0309281 -0.499804 -98.6231 -0.0257138 0.999519 0.0173181 -0.343479 0.500099 -0.00213842 0.865966 106.402 
0.863977 0.0303643 -0.502615 -98.9898 -0.0223305 0.999509 0.0219974 -0.349203 0.503036 -0.00778156 0.86423 107.013 
0.862378 0.0273592 -0.505526 -99.3548 -0.0193404 0.99959 0.0211053 -0.344973 0.505896 -0.00842361 0.862553 107.611 
0.860684 0.0254813 -0.508502 -99.7135 -0.0191943 0.999661 0.0176053 -0.345905 0.508778 -0.00539223 0.860881 108.188 
0.859116 0.023642 -0.511234 -100.066 -0.018757 0.999716 0.0147113 -0.346728 0.511436 -0.00304944 0.859316 108.75 
0.857621 0.0218634 -0.513818 -100.41 -0.0173898 0.999757 0.0135149 -0.350029 0.513989 -0.00265545 0.857793 109.298 
0.856381 0.0202284 -0.515948 -100.742 -0.0157013 0.99979 0.0131368 -0.353044 0.516106 -0.00314903 0.856519 109.83 
0.854927 0.0205225 -0.518342 -101.069 -0.0154146 0.999781 0.0141599 -0.358369 0.518519 -0.00411556 0.855056 110.346 
0.853714 0.0200709 -0.520355 -101.387 -0.0139827 0.99978 0.0156224 -0.363871 0.520554 -0.00606107 0.853807 110.842 
0.852274 0.018697 -0.522762 -101.693 -0.0120406 0.999797 0.0161284 -0.366317 0.522958 -0.0074514 0.852326 111.321 
0.850979 0.0171799 -0.524918 -101.985 -0.0101801 0.999817 0.016219 -0.368505 0.5251 -0.00845822 0.850998 111.781 
0.849761 0.0159957 -0.526925 -102.268 -0.00934296 0.99984 0.0152846 -0.374244 0.527085 -0.00806516 0.849774 112.22 
0.848449 0.0160173 -0.529035 -102.54 -0.0115253 0.999864 0.0117884 -0.37877 0.529152 -0.0039045 0.848518 112.633 
0.846858 0.013304 -0.531653 -102.802 -0.0109639 0.999911 0.00755742 -0.381486 0.531706 -0.000571044 0.846929 113.031 
0.844515 0.0094622 -0.535449 -103.05 -0.00784051 0.999955 0.00530456 -0.382494 0.535475 -0.000281537 0.844551 113.419 
0.841799 0.00542802 -0.539763 -103.29 -0.00282618 0.99998 0.00564841 -0.385494 0.539783 -0.00322931 0.841798 113.79 
0.838159 0.0062528 -0.54539 -103.522 -0.00287673 0.999971 0.00704346 -0.388788 0.545418 -0.00433455 0.838153 114.142 
0.834347 0.00988742 -0.55115 -103.758 -0.00595907 0.999943 0.0089175 -0.395204 0.551207 -0.0041559 0.834358 114.471 
0.830654 0.0158932 -0.556562 -103.987 -0.0100655 0.999858 0.0135295 -0.401563 0.556698 -0.00563621 0.830696 114.783 
0.826614 0.0212518 -0.562368 -104.204 -0.0118098 0.999722 0.0204202 -0.404292 0.562645 -0.0102381 0.826635 115.08 
0.821783 0.0226026 -0.569352 -104.407 -0.0107055 0.999649 0.0242329 -0.402612 0.5697 -0.0138189 0.821737 115.361 
0.816345 0.0198468 -0.577224 -104.596 -0.00637142 0.999658 0.0253606 -0.402891 0.57753 -0.0170252 0.816192 115.621 
0.809235 0.0178391 -0.587214 -104.777 -0.00298617 0.999651 0.0262533 -0.402235 0.587477 -0.0194915 0.809006 115.868 
0.800535 0.0161853 -0.599068 -104.959 0.000116187 0.999631 0.0271627 -0.399427 0.599286 -0.0218142 0.800238 116.096 
0.790149 0.0168144 -0.612685 -105.135 0.000538754 0.999604 0.0281277 -0.400878 0.612915 -0.0225551 0.789827 116.303 
0.777895 0.0182353 -0.628129 -105.314 -0.00106642 0.999616 0.0276993 -0.401786 0.628393 -0.0208773 0.777616 116.494 
0.763847 0.0169847 -0.645173 -105.484 -0.000940435 0.999682 0.025204 -0.404676 0.645396 -0.0186452 0.76362 116.669 
0.74898 0.0142374 -0.662439 -105.652 -0.00140257 0.999801 0.0199022 -0.40496 0.662591 -0.0139772 0.748851 116.829 
0.733763 0.0106353 -0.679322 -105.811 -0.0011233 0.999895 0.0144407 -0.40398 0.679404 -0.00983293 0.733698 116.98 
0.718271 0.0104786 -0.695684 -105.978 -0.00488099 0.999938 0.0100218 -0.398068 0.695746 -0.00380272 0.718278 117.12 
0.702295 0.0139664 -0.711749 -106.151 -0.012111 0.999897 0.00767056 -0.393595 0.711783 0.00323302 0.702392 117.252 
0.684932 0.0156624 -0.728439 -106.327 -0.0146131 0.999863 0.00775797 -0.390791 0.728461 0.00533114 0.685067 117.386 
0.665769 0.0140702 -0.746025 -106.497 -0.0112866 0.999898 0.00878585 -0.385585 0.746072 0.00257078 0.66586 117.526 
0.645415 0.0130807 -0.76372 -106.674 -0.0082979 0.999914 0.0101136 -0.381016 0.763787 -0.000190148 0.645469 117.659 
0.623044 0.014679 -0.782049 -106.86 -0.00824179 0.999892 0.0122018 -0.376098 0.782143 -0.00115675 0.623098 117.782 
0.598797 0.0189759 -0.800676 -107.054 -0.0117903 0.99982 0.0148781 -0.368275 0.800814 0.000531355 0.598913 117.89 
0.574054 0.0228457 -0.818499 -107.252 -0.0138727 0.999739 0.0181748 -0.362216 0.8187 0.000921561 0.574221 117.994 
0.54842 0.0254396 -0.835816 -107.452 -0.0155297 0.999675 0.0202371 -0.355221 0.836059 0.00188155 0.548637 118.093 
0.522402 0.0286229 -0.852219 -107.655 -0.0186486 0.999581 0.0221409 -0.353627 0.852495 0.00432627 0.522717 118.181 
0.49562 0.0325663 -0.867929 -107.864 -0.0227637 0.999441 0.0245019 -0.346884 0.868241 0.0076137 0.496084 118.26 
0.467518 0.0355462 -0.883269 -108.071 -0.0249114 0.999324 0.0270311 -0.346123 0.883632 0.00936596 0.468088 118.336 
0.437892 0.0347766 -0.898355 -108.285 -0.0236358 0.999352 0.0271654 -0.343026 0.898717 0.00933784 0.43843 118.405 
0.405404 0.0315696 -0.913593 -108.511 -0.0233312 0.999435 0.0241828 -0.340686 0.91384 0.0115115 0.405911 118.474 
0.371103 0.0269741 -0.9282 -108.756 -0.0225668 0.999545 0.020025 -0.332543 0.928318 0.0135152 0.371542 118.532 
0.331981 0.0246653 -0.942964 -109.017 -0.0223434 0.999583 0.01828 -0.325593 0.943021 0.0150004 0.332394 118.588 
0.290538 0.0235081 -0.956575 -109.301 -0.0214629 0.999607 0.0180467 -0.317679 0.956623 0.0152877 0.290928 118.638 
0.247066 0.0213385 -0.968764 -109.604 -0.0205396 0.999648 0.0167805 -0.305737 0.968781 0.0157522 0.247418 118.673 
0.19986 0.018658 -0.979647 -109.92 -0.0190955 0.999703 0.0151442 -0.297384 0.979638 0.0156802 0.200157 118.699 
0.150906 0.0163511 -0.988413 -110.254 -0.0181919 0.99974 0.013761 -0.286425 0.988381 0.0159045 0.151164 118.708 
0.10081 0.0159409 -0.994778 -110.603 -0.017267 0.999749 0.0142707 -0.277799 0.994756 0.0157382 0.10106 118.7 
0.048906 0.0175344 -0.99865 -110.962 -0.0157967 0.999734 0.0167799 -0.273301 0.998679 0.0149548 0.04917 118.674 
-0.00451689 0.019615 -0.999797 -111.344 -0.0125083 0.999728 0.0196701 -0.264333 0.999912 0.0125947 -0.00427031 118.638 
-0.0584745 0.0217267 -0.998052 -111.731 -0.00865599 0.999715 0.0222701 -0.257588 0.998251 0.0099414 -0.0582698 118.581 
-0.112054 0.0233074 -0.993429 -112.124 -0.00466795 0.999702 0.0239811 -0.249847 0.993691 0.00732449 -0.111911 118.497 
-0.164962 0.0248913 -0.985986 -112.532 -0.00165844 0.999673 0.0255143 -0.24041 0.986299 0.00584413 -0.164867 118.39 
-0.216327 0.0265236 -0.975961 -112.944 0.000606113 0.999634 0.0270326 -0.232363 0.976321 0.00525637 -0.216264 118.256 
-0.265732 0.0277452 -0.963648 -113.364 0.00404269 0.999609 0.0276658 -0.22104 0.964038 0.00345599 -0.265741 118.101 
-0.313896 0.0293025 -0.949005 -113.794 0.00903562 0.999571 0.0278752 -0.210502 0.949414 0.000175115 -0.314026 117.924 
-0.360511 0.0308406 -0.932245 -114.23 0.0139076 0.99952 0.027688 -0.200909 0.932651 -0.00298339 -0.360767 117.718 
-0.404415 0.0328675 -0.913985 -114.667 0.0187139 0.999442 0.0276602 -0.191626 0.914384 -0.00591798 -0.404805 117.482 
