1 2.12261e-08 -2.11895e-08 0 2.12261e-08 1 2.10703e-08 0 -2.11895e-08 2.10703e-08 1 0 
0.999979 0.00046562 -0.00642997 -0.0100614 -0.000463731 1 0.000288788 -0.000781569 0.00643007 -0.000285758 0.999979 0.0933027 
0.999907 0.0010736 -0.0135817 -0.0196617 -0.00107101 0.999999 0.0001945 -0.00157918 0.0135819 -0.000179893 0.999908 0.193292 
0.999776 0.00127932 -0.0211216 -0.0323496 -0.00129095 0.999999 -0.000538525 -0.00194208 0.0211208 0.000565714 0.999777 0.292944 
0.999536 0.00184986 -0.0304182 -0.0471903 -0.00190662 0.999997 -0.00183845 -0.00355602 0.0304146 0.00189564 0.999536 0.401498 
0.999122 0.00195828 -0.041849 -0.0668482 -0.0021018 0.999992 -0.00338679 -0.00419751 0.041842 0.00347182 0.999118 0.518839 
0.998457 0.00180866 -0.0554976 -0.0898772 -0.00205029 0.999989 -0.00429798 -0.00429816 0.0554892 0.00440518 0.99845 0.64992 
0.997417 0.00187827 -0.0718029 -0.118819 -0.00219301 0.999988 -0.00430538 -0.00469727 0.071794 0.00445177 0.99741 0.793751 
0.995909 0.000249184 -0.090361 -0.153058 -0.000630718 0.999991 -0.00419425 -0.00737103 0.0903591 0.00423413 0.9959 0.947643 
0.993876 -0.00083638 -0.110499 -0.189741 0.000357411 0.99999 -0.00435472 -0.00911279 0.110501 0.0042886 0.993867 1.1149 
0.991168 -0.000978088 -0.132611 -0.240968 0.000360427 0.999989 -0.00468192 -0.012688 0.132614 0.00459281 0.991157 1.28699 
0.987633 0.00269325 -0.156762 -0.301414 -0.00369045 0.999975 -0.00607077 -0.0180588 0.156741 0.00657425 0.987618 1.46673 
0.983245 0.00689535 -0.18216 -0.372921 -0.00840717 0.999936 -0.00752874 -0.0244251 0.182096 0.00893408 0.98324 1.65161 
0.977825 0.00996724 -0.209186 -0.449197 -0.0120016 0.999892 -0.00845796 -0.0294466 0.209079 0.010781 0.977839 1.8423 
0.97108 0.0108504 -0.238508 -0.533932 -0.0132752 0.999875 -0.00856268 -0.0327165 0.238386 0.0114813 0.971103 2.04139 
0.96297 0.0127616 -0.269308 -0.626754 -0.0154842 0.999848 -0.00798773 -0.036211 0.269165 0.011862 0.963021 2.2452 
0.953468 0.014624 -0.301139 -0.735742 -0.0175553 0.999821 -0.00703007 -0.037084 0.300982 0.0119896 0.953555 2.45357 
0.942095 0.0166184 -0.334935 -0.850023 -0.0197576 0.999787 -0.00596733 -0.0374204 0.334765 0.0122393 0.942222 2.66195 
0.929483 0.0188584 -0.368382 -0.971573 -0.0225322 0.99973 -0.00567356 -0.0369367 0.368175 0.013574 0.929657 2.86625 
0.915356 0.0215763 -0.402066 -1.09978 -0.0256864 0.999658 -0.00483327 -0.0378057 0.401824 0.0147518 0.915598 3.06754 
0.89906 0.021994 -0.437274 -1.23557 -0.0265551 0.999638 -0.00431904 -0.0349834 0.43702 0.015495 0.899318 3.27202 
0.880268 0.0172729 -0.474163 -1.37554 -0.0223079 0.999739 -0.00499521 -0.0332806 0.473952 0.0149747 0.880423 3.47945 
0.858626 0.0122783 -0.512456 -1.52547 -0.0175129 0.999832 -0.00538741 -0.0341585 0.512304 0.0136004 0.858696 3.68221 
0.833118 0.0140081 -0.552918 -1.6957 -0.0181255 0.999834 -0.00198037 -0.0395884 0.552798 0.0116719 0.833233 3.87679 
0.803373 0.0193945 -0.595161 -1.88898 -0.0227841 0.999739 0.00182357 -0.0431446 0.59504 0.0120953 0.803605 4.06696 
0.770039 0.0222963 -0.637607 -2.09318 -0.0258259 0.999659 0.00376674 -0.0470928 0.637474 0.0135663 0.770353 4.24769 
0.733278 0.0213894 -0.679593 -2.31237 -0.0251081 0.999675 0.00437204 -0.0454693 0.679465 0.0138574 0.733577 4.42853 
0.692887 0.0172139 -0.720841 -2.54684 -0.0189496 0.999804 0.00566081 -0.0449109 0.720797 0.00973743 0.693078 4.6076 
0.649686 0.013747 -0.760079 -2.79966 -0.0135639 0.999887 0.00649034 -0.0448688 0.760082 0.00609302 0.649799 4.77634 
0.604592 0.0131868 -0.796426 -3.074 -0.0107727 0.999907 0.008378 -0.0427457 0.796462 0.00351441 0.604678 4.92846 
0.555982 0.0138028 -0.83108 -3.36931 -0.00813821 0.999905 0.0111624 -0.0396137 0.831154 0.000557476 0.556042 5.07465 
0.504864 0.014485 -0.863077 -3.67691 -0.00674165 0.999895 0.0128376 -0.0344286 0.863173 -0.000662621 0.504909 5.19587 
0.452015 0.015967 -0.891868 -3.99335 -0.00573192 0.999871 0.0149955 -0.0299092 0.891992 -0.00166603 0.452048 5.29839 
0.397576 0.0180649 -0.917392 -4.31864 -0.00477461 0.999833 0.0176191 -0.0248231 0.917557 -0.0026247 0.397596 5.38645 
0.342092 0.0201254 -0.939451 -4.67853 -0.00379581 0.999792 0.0200358 -0.0229669 0.939659 -0.00328806 0.342097 5.46529 
0.286953 0.0231414 -0.957665 -5.06606 -0.00157322 0.999718 0.0236862 -0.018334 0.957943 -0.00529015 0.286909 5.53473 
0.233147 0.0250083 -0.97212 -5.46375 0.00290168 0.999647 0.0264124 -0.0146557 0.972437 -0.00897871 0.232992 5.58934 
0.182288 0.0254207 -0.982917 -5.87424 0.00516169 0.999627 0.0268102 -0.00929404 0.983232 -0.00996063 0.182089 5.62099 
0.134861 0.0262987 -0.990516 -6.3156 0.00294659 0.999633 0.0269419 0.000601297 0.99086 -0.00655202 0.134734 5.63537 
0.0924954 0.026535 -0.99536 -6.75534 0.000736341 0.999643 0.0267176 0.0100768 0.995713 -0.00320413 0.0924428 5.62922 
0.0544349 0.0248929 -0.998207 -7.21147 -0.000808117 0.99969 0.0248858 0.0206821 0.998517 -0.000547948 0.0544381 5.61797 
0.0200085 0.0222201 -0.999553 -7.67777 0.000272384 0.999753 0.02223 0.0277941 0.9998 -0.000717008 0.0199975 5.59368 
-0.0114012 0.0194585 -0.999746 -8.1632 0.000485003 0.999811 0.0194542 0.0351182 0.999935 -0.000263036 -0.0114085 5.55846 
-0.0374784 0.0175448 -0.999143 -8.67626 -0.000411406 0.999846 0.0175726 0.0424932 0.999297 0.00106969 -0.0374654 5.49513 
-0.058407 0.0150612 -0.998179 -9.18944 -0.00118301 0.999884 0.0151561 0.0517934 0.998292 0.00206612 -0.0583824 5.44301 
-0.0747871 0.0142009 -0.997098 -9.71626 -0.000675684 0.999898 0.0142915 0.0624731 0.997199 0.00174258 -0.0747699 5.38249 
-0.0879869 0.0145574 -0.996015 -10.2577 0.000566789 0.999894 0.0145641 0.071848 0.996122 0.000716956 -0.0879858 5.31904 
-0.0976634 0.0157654 -0.995095 -10.8182 -0.00062087 0.999873 0.015902 0.071126 0.995219 0.00217091 -0.0976412 5.24687 
-0.104291 0.0169365 -0.994403 -11.3981 -0.00215853 0.999849 0.0172557 0.0746754 0.994544 0.00394611 -0.104239 5.16115 
-0.10898 0.0179325 -0.993882 -11.9888 -0.00175888 0.999832 0.0182327 0.0812162 0.994042 0.00373515 -0.10893 5.08324 
-0.110386 0.018696 -0.993713 -12.5958 0.000570583 0.999824 0.0187476 0.0899276 0.993889 0.0015025 -0.110377 5.00618 
-0.109689 0.0208479 -0.993747 -13.2228 0.00268944 0.999783 0.0206776 0.0984076 0.993962 -0.000404472 -0.109721 4.93103 
-0.108328 0.0233333 -0.993841 -13.8621 0.00208102 0.999728 0.0232447 0.103039 0.994113 0.000449884 -0.108347 4.85036 
-0.106892 0.0232534 -0.993999 -14.5142 -0.000175023 0.999726 0.0234062 0.107917 0.994271 0.00267595 -0.106859 4.76918 
-0.105274 0.0205547 -0.994231 -15.1846 -0.00191162 0.99978 0.0208718 0.117145 0.994442 0.00409788 -0.105211 4.68085 
-0.104194 0.0203276 -0.994349 -15.8658 -0.00208954 0.999784 0.0206577 0.129085 0.994555 0.00423017 -0.104129 4.60142 
-0.102502 0.0230777 -0.994465 -16.5681 -0.00165666 0.999726 0.0233705 0.141473 0.994731 0.00404306 -0.102436 4.51823 
-0.10065 0.0265045 -0.994569 -17.2872 -0.0025255 0.999635 0.0268951 0.151945 0.994919 0.00521882 -0.100546 4.43277 
-0.0988989 0.0286638 -0.994685 -18.0115 -0.00313087 0.999571 0.0291159 0.15857 0.995093 0.0059938 -0.0987668 4.34825 
-0.0971018 0.0279112 -0.994883 -18.7541 -0.00465942 0.999583 0.0284978 0.172004 0.995264 0.00740281 -0.0969312 4.25869 
-0.0953777 0.0247696 -0.995133 -19.5115 -0.00697578 0.999649 0.0255506 0.187287 0.995417 0.00937882 -0.0951714 4.16666 
-0.0939607 0.0241851 -0.995282 -20.2801 -0.0076737 0.999658 0.0250159 0.198962 0.995546 0.00998805 -0.093743 4.08076 
-0.0925531 0.0267788 -0.995348 -21.0625 -0.0051932 0.999612 0.0273764 0.209955 0.995694 0.00770285 -0.0923781 3.99892 
-0.0913572 0.0289446 -0.995397 -21.8588 -0.00313056 0.999564 0.029353 0.221063 0.995813 0.0057978 -0.0912268 3.91238 
-0.0900359 0.0306886 -0.995466 -22.6591 -0.00202099 0.999518 0.0309963 0.23207 0.995937 0.00480264 -0.0899305 3.82382 
-0.0894945 0.026118 -0.995645 -23.4589 -0.00200625 0.999649 0.0264034 0.241329 0.995985 0.00436051 -0.0894107 3.73814 
-0.0891452 0.0192006 -0.995834 -24.2673 -0.000610434 0.999813 0.0193319 0.247479 0.996018 0.00233128 -0.0891168 3.65157 
-0.089481 0.0147218 -0.99588 -25.0837 0.00267031 0.999891 0.0145412 0.25699 0.995985 -0.00135811 -0.0895105 3.57156 
-0.0900637 0.0155409 -0.995815 -25.9134 0.00383418 0.999876 0.0152575 0.264113 0.995929 -0.00244394 -0.0901121 3.4861 
-0.0903222 0.0227667 -0.995652 -26.7575 0.00341944 0.99974 0.02255 0.271516 0.995907 -0.00136777 -0.0903765 3.39589 
-0.0906856 0.0297766 -0.995434 -27.5999 0.00201572 0.999556 0.0297163 0.281305 0.995878 0.000688364 -0.0907054 3.30355 
-0.0910699 0.0351386 -0.995224 -28.4457 7.29663e-05 0.999378 0.0352786 0.290158 0.995845 0.00314024 -0.0910158 3.20742 
-0.0915443 0.0353388 -0.995174 -29.2875 -0.00155368 0.999364 0.0356305 0.303249 0.9958 0.00480799 -0.0914312 3.11328 
-0.0919123 0.0318302 -0.995258 -30.1245 -0.00150365 0.999483 0.0321042 0.317351 0.995766 0.00444734 -0.091817 3.02054 
-0.0924119 0.0290499 -0.995297 -30.9599 -0.00162451 0.999569 0.0293254 0.332368 0.99572 0.00432693 -0.0923248 2.92899 
-0.0927399 0.0302222 -0.995232 -31.7963 -0.00291246 0.999527 0.030624 0.345989 0.995686 0.00573868 -0.092608 2.8373 
-0.0925413 0.0325143 -0.995178 -32.6399 -0.00349197 0.99945 0.0329786 0.356508 0.995703 0.00652705 -0.0923768 2.73804 
-0.092472 0.0309182 -0.995235 -33.4767 -0.00426872 0.999496 0.0314472 0.364536 0.995706 0.0071564 -0.0922935 2.64256 
-0.0920068 0.025698 -0.995427 -34.31 -0.00508702 0.999642 0.026277 0.376091 0.995745 0.00748146 -0.0918431 2.54506 
-0.0918872 0.0214593 -0.995538 -35.146 -0.00629462 0.999735 0.0221307 0.386927 0.99575 0.0083001 -0.0917278 2.44953 
-0.0916036 0.0221953 -0.995548 -35.9785 -0.00574746 0.999723 0.0228172 0.39436 0.995779 0.00781206 -0.0914506 2.36262 
-0.0911761 0.024701 -0.995528 -36.8167 -0.00458766 0.999671 0.0252239 0.400089 0.995824 0.006867 -0.0910328 2.27218 
-0.0907127 0.0295154 -0.99544 -37.6608 -0.00437981 0.999539 0.0300361 0.410182 0.995868 0.00708453 -0.0905416 2.17904 
-0.0901501 0.0351152 -0.995309 -38.5003 -0.00339427 0.999362 0.0355657 0.423571 0.995922 0.00658464 -0.0899734 2.08875 
-0.0902761 0.0382081 -0.995184 -39.3366 -0.003584 0.999245 0.0386891 0.437598 0.99591 0.00705948 -0.090071 1.99635 
-0.0899914 0.0380508 -0.995215 -40.1691 -0.00315545 0.999254 0.0384905 0.454279 0.995938 0.0066042 -0.0898042 1.90706 
-0.0900224 0.0334984 -0.995376 -40.9971 -0.00284556 0.999421 0.0338919 0.47313 0.995936 0.00588348 -0.089875 1.81756 
-0.0895168 0.0291679 -0.995558 -41.8251 -0.00397831 0.999553 0.0296426 0.484894 0.995977 0.00661419 -0.0893607 1.72183 
-0.0895552 0.0263231 -0.995634 -42.6535 -0.00799373 0.9996 0.027147 0.495185 0.99595 0.01039 -0.0893089 1.62654 
-0.0899102 0.0244773 -0.995649 -43.4865 -0.0111062 0.999611 0.0255776 0.50478 0.995888 0.0133576 -0.0896034 1.52569 
-0.090777 0.0226883 -0.995613 -44.3135 -0.00884389 0.999683 0.0235874 0.508711 0.995832 0.0109463 -0.0905476 1.43933 
-0.0920509 0.0190569 -0.995572 -45.1395 -0.00530371 0.999793 0.0196281 0.514277 0.99574 0.00708705 -0.0919308 1.35181 
-0.0929469 0.0175718 -0.995516 -45.9624 -0.000928254 0.999842 0.0177348 0.522333 0.995671 0.00257253 -0.092916 1.26428 
-0.0950695 0.02109 -0.995247 -46.7913 -0.000371445 0.999775 0.0212214 0.525625 0.995471 0.00238723 -0.0950403 1.17022 
-0.0969632 0.0274613 -0.994909 -47.62 0.00218245 0.999623 0.0273788 0.528161 0.995286 0.000483432 -0.0969866 1.07798 
-0.0988719 0.0311979 -0.994611 -48.4363 0.00385535 0.999513 0.0309684 0.533209 0.995093 -0.000772629 -0.098944 0.985879 
-0.100547 0.0303154 -0.99447 -49.2456 0.00381918 0.99954 0.0300838 0.541365 0.994925 -0.000773189 -0.100617 0.890707 
-0.101629 0.0262571 -0.994476 -50.0455 0.000657394 0.999653 0.0263266 0.548147 0.994822 0.00202182 -0.101611 0.787728 
-0.103011 0.0224464 -0.994427 -50.8412 -0.00405382 0.999728 0.022986 0.555277 0.994672 0.00639907 -0.102892 0.684006 
-0.104487 0.020825 -0.994308 -51.6356 -0.00820788 0.999729 0.0218011 0.560729 0.994492 0.0104391 -0.104288 0.577894 
-0.105649 0.0219974 -0.99416 -52.4285 -0.00968269 0.999685 0.0231486 0.563563 0.994356 0.0120718 -0.105403 0.477314 
-0.106778 0.0235405 -0.994004 -53.2184 -0.00938076 0.999651 0.0246819 0.56727 0.994239 0.01196 -0.10652 0.3781 
-0.107963 0.0231107 -0.993886 -53.9977 -0.0108942 0.999642 0.024428 0.570596 0.994095 0.013465 -0.107673 0.278091 
-0.108553 0.0229616 -0.993825 -54.7733 -0.0114624 0.999638 0.0243479 0.574424 0.994025 0.0140347 -0.108251 0.176072 
-0.109216 0.02472 -0.993711 -55.5503 -0.0097899 0.999616 0.0259429 0.581634 0.99397 0.0125617 -0.108932 0.0799492 
-0.109739 0.0276262 -0.993577 -56.3227 -0.00865902 0.999549 0.0287486 0.589052 0.993923 0.0117583 -0.10945 -0.0161073 
-0.109937 0.0318624 -0.993428 -57.0908 -0.00889822 0.999414 0.0330391 0.594936 0.993899 0.012472 -0.109589 -0.115244 
-0.110563 0.0340319 -0.993286 -57.8578 -0.008831 0.999341 0.0352224 0.601793 0.99383 0.012666 -0.11019 -0.217634 
-0.111475 0.0340245 -0.993185 -58.616 -0.00838672 0.999346 0.0351769 0.611385 0.993732 0.012251 -0.111117 -0.314161 
-0.112024 0.0321662 -0.993185 -59.3621 -0.00759337 0.999419 0.0332246 0.619845 0.993677 0.0112636 -0.111715 -0.409747 
-0.112526 0.0284585 -0.993241 -60.0981 -0.00692282 0.999543 0.0294233 0.632745 0.993625 0.010187 -0.112278 -0.503934 
-0.112581 0.02573 -0.993309 -60.8258 -0.00711792 0.999618 0.0267002 0.635286 0.993617 0.0100763 -0.112355 -0.596809 
-0.111582 0.023279 -0.993483 -61.5388 -0.00749518 0.999677 0.024266 0.643063 0.993727 0.010154 -0.111372 -0.690065 
-0.109546 0.0225621 -0.993726 -62.2389 -0.00969896 0.999671 0.0237662 0.644872 0.993934 0.0122416 -0.109291 -0.782183 
-0.105597 0.0233548 -0.994135 -62.9235 -0.00987685 0.99965 0.0245335 0.649206 0.99436 0.0124096 -0.10533 -0.867391 
-0.100037 0.0250352 -0.994669 -63.5885 -0.0090837 0.999619 0.0260734 0.651034 0.994942 0.0116436 -0.0997715 -0.941464 
-0.0929179 0.0265591 -0.99532 -64.2439 -0.00818882 0.99959 0.0274375 0.655034 0.99564 0.0107 -0.0926623 -1.01191 
-0.0841833 0.0279164 -0.996059 -64.8795 -0.00912305 0.999544 0.0287851 0.656904 0.996409 0.0115104 -0.0838902 -1.07557 
-0.0725222 0.0296457 -0.996926 -65.5012 -0.0112832 0.99947 0.0305422 0.65949 0.997303 0.0134635 -0.0721492 -1.13036 
-0.0577338 0.0310703 -0.997848 -66.1092 -0.0142658 0.999388 0.0319437 0.665357 0.99823 0.0160794 -0.0572552 -1.17412 
-0.0394535 0.0322596 -0.998701 -66.6978 -0.0157874 0.999334 0.0329038 0.671697 0.999097 0.0170651 -0.0389179 -1.19947 
-0.0174514 0.0330776 -0.9993 -67.2633 -0.016659 0.999304 0.0333686 0.676263 0.999709 0.0172297 -0.0168882 -1.20501 
0.00786921 0.033426 -0.99941 -67.8042 -0.01604 0.999317 0.0332966 0.681925 0.99984 0.0157686 0.00839998 -1.18973 
0.0371999 0.0330317 -0.998762 -68.3241 -0.0145521 0.999366 0.0325096 0.687951 0.999202 0.0133247 0.037657 -1.15612 
0.0712785 0.033015 -0.99691 -68.818 -0.0133227 0.999394 0.0321447 0.694687 0.997368 0.0109903 0.0716752 -1.10193 
0.109007 0.0333585 -0.993481 -69.293 -0.0126434 0.999402 0.0321701 0.698623 0.993961 0.00905428 0.109363 -1.03022 
0.149786 0.0330468 -0.988166 -69.7489 -0.0123562 0.999426 0.0315504 0.704477 0.988641 0.00748425 0.150108 -0.935697 
0.19517 0.033998 -0.98018 -70.1964 -0.0113173 0.999411 0.0324116 0.709184 0.980704 0.00476728 0.195439 -0.825067 
0.24393 0.0327693 -0.969239 -70.6236 -0.00800875 0.999463 0.0317755 0.710014 0.96976 1.14476e-05 0.244061 -0.690953 
0.294363 0.0280889 -0.955281 -71.0249 -0.000334292 0.999571 0.0292882 0.710848 0.955694 -0.00830197 0.294246 -0.532934 
0.346276 0.0230969 -0.937848 -71.4144 0.00475125 0.999641 0.026373 0.711388 0.938121 -0.0135882 0.346042 -0.356556 
0.399226 0.0184282 -0.916667 -71.7945 0.00980356 0.999655 0.0243662 0.717173 0.9168 -0.0187142 0.398908 -0.156131 
0.451145 0.0180753 -0.892268 -72.1714 0.00925041 0.999646 0.0249277 0.724791 0.892403 -0.0194998 0.450818 0.0565178 
0.500297 0.0169189 -0.865688 -72.5324 0.0105338 0.999616 0.025624 0.731782 0.86579 -0.0219386 0.499927 0.289488 
0.54594 0.012682 -0.837728 -72.8761 0.0181463 0.999472 0.0269563 0.73758 0.837628 -0.0299181 0.545422 0.555801 
0.590393 0.00660609 -0.807089 -73.1946 0.0282933 0.999183 0.0288752 0.738569 0.80662 -0.0398829 0.589724 0.842419 
0.633781 0.00157882 -0.773511 -73.5069 0.0295516 0.999218 0.0262528 0.741342 0.772948 -0.0394969 0.633239 1.13296 
0.67584 -0.00324008 -0.737042 -73.8015 0.0262674 0.999461 0.0196925 0.745151 0.736581 -0.0326691 0.67556 1.42931 
0.717277 -0.0103941 -0.69671 -74.0908 0.0227425 0.999705 0.0084994 0.753975 0.696417 -0.0219413 0.717302 1.75086 
0.757417 -0.0128922 -0.652804 -74.356 0.0176454 0.999844 0.00072724 0.753808 0.652693 -0.0120697 0.757527 2.08567 
0.79535 -0.0135423 -0.606 -74.6109 0.0157513 0.999875 -0.0016713 0.748628 0.605946 -0.00821596 0.795463 2.44781 
0.829974 -0.0149587 -0.557602 -74.851 0.0158312 0.999869 -0.00325907 0.750381 0.557578 -0.00612253 0.830102 2.85166 
0.861376 -0.0135278 -0.507788 -75.0908 0.0125616 0.999907 -0.00532967 0.747444 0.507813 -0.00178772 0.861466 3.27953 
0.887952 -0.0118131 -0.459785 -75.3048 0.0114754 0.999928 -0.00352917 0.738058 0.459794 -0.00214245 0.888023 3.73061 
0.909676 -0.00571194 -0.415281 -75.5125 0.00514475 0.999984 -0.00248466 0.733318 0.415288 0.00012377 0.90969 4.21324 
0.927639 -0.00134288 -0.373475 -75.7078 -0.000165089 0.999992 -0.00400574 0.730479 0.373477 0.00377759 0.927632 4.70443 
0.941419 0.00378186 -0.337219 -75.8875 -0.00490412 0.999985 -0.00247631 0.723873 0.337205 0.00398506 0.941423 5.22835 
0.951706 0.00431667 -0.306981 -76.0582 -0.00465652 0.999989 -0.000374784 0.715616 0.306976 0.00178619 0.951716 5.78144 
0.959232 0.0036654 -0.282597 -76.2177 -0.00343972 0.999993 0.00129463 0.708258 0.2826 -0.000269749 0.959238 6.35538 
0.965211 0.00383654 -0.261443 -76.3753 -0.00309359 0.99999 0.00325309 0.706507 0.261453 -0.00233107 0.965213 6.9448 
0.969978 0.00642269 -0.24311 -76.5312 -0.00514534 0.999969 0.00588867 0.701991 0.24314 -0.00446095 0.969981 7.5508 
0.973664 0.0111086 -0.227717 -76.6888 -0.00967689 0.999926 0.00740255 0.701139 0.227782 -0.00500396 0.973699 8.17429 
0.97663 0.0146807 -0.214424 -76.8385 -0.0131455 0.999877 0.00858387 0.698989 0.214523 -0.00556452 0.976703 8.81432 
0.979432 0.0133271 -0.201335 -76.9785 -0.0118845 0.999894 0.00837225 0.697152 0.201425 -0.00580725 0.979487 9.47207 
0.98214 0.0130447 -0.187698 -77.111 -0.0117332 0.999898 0.00809652 0.69372 0.187784 -0.00574958 0.982194 10.144 
0.984823 0.013243 -0.173058 -77.2404 -0.0119305 0.999892 0.00862197 0.696702 0.173154 -0.0064264 0.984874 10.8361 
0.98717 0.0148342 -0.158985 -77.3624 -0.0135386 0.999866 0.00922898 0.694021 0.159101 -0.00695809 0.987238 11.5363 
0.989139 0.0149045 -0.146228 -77.4773 -0.0141018 0.999879 0.00652398 0.687242 0.146308 -0.00439099 0.989229 12.2495 
0.990698 0.0155786 -0.135182 -77.5857 -0.0155534 0.999878 0.00124261 0.679922 0.135185 0.000871527 0.99082 12.9714 
0.991982 0.0138586 -0.125618 -77.6893 -0.014602 0.999881 -0.00499892 0.678433 0.125533 0.00679315 0.992066 13.7066 
0.992985 0.0137385 -0.117438 -77.7887 -0.0144357 0.999883 -0.00508888 0.671245 0.117354 0.00674853 0.993067 14.4553 
0.993738 0.015672 -0.110633 -77.8911 -0.0156275 0.999877 0.00126951 0.65914 0.110639 0.000467395 0.993861 15.2182 
0.994203 0.0201782 -0.105613 -77.991 -0.0192976 0.99977 0.00935377 0.647704 0.105777 -0.00726143 0.994363 15.9889 
0.994643 0.0210042 -0.101218 -78.0854 -0.0197651 0.999717 0.0132291 0.638367 0.101467 -0.0111576 0.994776 16.757 
0.995019 0.0197408 -0.0977135 -78.1758 -0.0186572 0.999754 0.0119907 0.636899 0.0979261 -0.0101079 0.995142 17.5213 
0.995319 0.0195574 -0.0946433 -78.2618 -0.0185931 0.999766 0.0110595 0.632986 0.0948374 -0.00924794 0.99545 18.2865 
0.995615 0.0179737 -0.0917989 -78.3448 -0.0168233 0.99977 0.0132899 0.631026 0.0920166 -0.0116873 0.995689 19.0536 
0.995873 0.0160398 -0.0893296 -78.4223 -0.0146783 0.999766 0.0158772 0.624786 0.0895634 -0.0145005 0.995876 19.82 
0.996162 0.0140068 -0.0864055 -78.4982 -0.0125221 0.999765 0.0177005 0.61982 0.0866331 -0.0165505 0.996103 20.5859 
0.9964 0.013428 -0.0837064 -78.5752 -0.0122889 0.999825 0.0141084 0.615344 0.0838811 -0.0130289 0.996391 21.344 
0.996497 0.0161069 -0.0820598 -78.6538 -0.0156124 0.999856 0.00666432 0.611322 0.0821553 -0.00535979 0.996605 22.0961 
0.996626 0.0166273 -0.0803807 -78.7301 -0.0167505 0.999859 -0.000859492 0.600526 0.080355 0.00220305 0.996764 22.8437 
0.996705 0.0173967 -0.0792271 -78.8015 -0.0178396 0.999829 -0.00488654 0.588423 0.0791285 0.00628385 0.996845 23.5926 
0.996856 0.0188827 -0.0769483 -78.8803 -0.0191865 0.999811 -0.00321052 0.57498 0.076873 0.00467684 0.99703 24.357 
0.996971 0.0225029 -0.0744421 -78.9596 -0.0225052 0.999746 0.000806462 0.557464 0.0744413 0.000871361 0.997225 25.1156 
0.99705 0.025779 -0.0723034 -79.0348 -0.0254222 0.99966 0.00585076 0.544678 0.0724296 -0.00399535 0.997366 25.8765 
0.997287 0.023502 -0.0697582 -79.0996 -0.0230156 0.999705 0.00776773 0.536153 0.0699202 -0.00614108 0.997534 26.6333 
0.997427 0.0204409 -0.068709 -79.1616 -0.0199714 0.999772 0.00751208 0.52824 0.0688468 -0.0061205 0.997609 27.3877 
0.997531 0.0188498 -0.0676578 -79.2227 -0.0183746 0.999802 0.00763835 0.517683 0.0677883 -0.00637626 0.997679 28.1378 
0.997606 0.0183532 -0.0666676 -79.2873 -0.0180065 0.999821 0.00579725 0.51126 0.0667621 -0.00458288 0.997758 28.8888 
0.997697 0.0164342 -0.0658097 -79.35 -0.0161703 0.999859 0.00454016 0.505327 0.065875 -0.0034655 0.997822 29.6449 
0.997753 0.0154572 -0.0651955 -79.4115 -0.015186 0.999874 0.00465277 0.496428 0.0652592 -0.00365222 0.997862 30.4068 
0.997752 0.0185411 -0.0643943 -79.4807 -0.0182153 0.999818 0.00564152 0.489115 0.0644871 -0.00445584 0.997909 31.1781 
0.997753 0.0182027 -0.064483 -79.5459 -0.017935 0.999828 0.00472801 0.481897 0.0645579 -0.00356085 0.997908 31.954 
0.997659 0.0178727 -0.0660092 -79.614 -0.0176016 0.999834 0.00468539 0.47275 0.0660819 -0.00351251 0.997808 32.731 
0.997555 0.0155025 -0.0681387 -79.676 -0.0151894 0.999872 0.00510938 0.467112 0.0682092 -0.00406186 0.997663 33.5087 
0.997324 0.0174714 -0.0709925 -79.7547 -0.0171677 0.999841 0.00488567 0.461386 0.0710665 -0.00365377 0.997465 34.2991 
0.997061 0.021091 -0.0736575 -79.8379 -0.0208098 0.999773 0.00458303 0.452041 0.0737374 -0.00303672 0.997273 35.0871 
0.996864 0.0213754 -0.0761986 -79.9201 -0.0214607 0.99977 -0.000301705 0.442719 0.0761746 0.00193608 0.997093 35.8832 
0.996643 0.0222357 -0.0787995 -79.9981 -0.0226163 0.999736 -0.00394074 0.435673 0.0786911 0.0057097 0.996883 36.6885 
0.996511 0.0211366 -0.0807408 -80.0814 -0.0216494 0.999751 -0.00548127 0.42477 0.0806048 0.00721018 0.99672 37.5066 
0.996339 0.0213529 -0.082784 -80.1684 -0.0217474 0.999756 -0.00386659 0.408578 0.0826812 0.00565281 0.99656 38.332 
0.996192 0.0199879 -0.0848661 -80.2567 -0.0203244 0.999789 -0.00310433 0.395433 0.0847861 0.00481741 0.996388 39.1568 
0.996051 0.0193003 -0.0866607 -80.341 -0.0194971 0.999809 -0.00142544 0.385047 0.0866165 0.00310949 0.996237 39.9913 
0.995947 0.018993 -0.0879181 -80.4319 -0.0188702 0.99982 0.00222737 0.374662 0.0879445 -0.000559269 0.996125 40.8329 
0.995867 0.018775 -0.0888596 -80.5204 -0.0182284 0.99981 0.0069587 0.365138 0.0889733 -0.00531013 0.99602 41.686 
0.995908 0.0187167 -0.0884131 -80.6089 -0.0179746 0.999796 0.0091812 0.356516 0.0885669 -0.0075544 0.996042 42.541 
0.996019 0.0217933 -0.0864361 -80.7019 -0.0210711 0.999735 0.00925797 0.350523 0.0866149 -0.00739976 0.996214 43.3991 
0.996193 0.0219056 -0.0843825 -80.797 -0.021323 0.999742 0.00779901 0.34798 0.0845316 -0.00596999 0.996403 44.2626 
0.996354 0.0195691 -0.0830427 -80.8797 -0.019165 0.9998 0.00565936 0.340041 0.0831369 -0.00404716 0.99653 45.1261 
0.996568 0.0160056 -0.0812124 -80.9609 -0.0157301 0.999868 0.00403028 0.33286 0.0812662 -0.00273893 0.996689 46.001 
0.996745 0.0147156 -0.0792708 -81.0447 -0.0144592 0.999888 0.00380683 0.32459 0.0793179 -0.0026482 0.996846 46.8668 
0.996836 0.012386 -0.0785168 -81.1252 -0.0119225 0.999909 0.00636886 0.312581 0.0785885 -0.00541255 0.996892 47.738 
0.996922 0.00972594 -0.0777895 -81.2014 -0.00905733 0.999919 0.00894277 0.303101 0.0778702 -0.00821064 0.99693 48.6126 
0.996995 0.00901829 -0.0769453 -81.2862 -0.00833172 0.999923 0.00923868 0.293033 0.0770227 -0.00856978 0.996993 49.4837 
0.997059 0.0102333 -0.0759536 -81.3683 -0.0098038 0.999934 0.00602463 0.281936 0.0760101 -0.00526224 0.997093 50.3528 
0.997093 0.0128277 -0.0751048 -81.4593 -0.012845 0.999918 0.000252382 0.267902 0.0751018 0.000713118 0.997176 51.2069 
0.997155 0.0146923 -0.0739366 -81.545 -0.0151138 0.999873 -0.0051444 0.252065 0.0738515 0.00624726 0.99725 52.0631 
0.997137 0.0193254 -0.0731105 -81.6314 -0.0201666 0.999738 -0.0107866 0.229602 0.0728828 0.0122302 0.997266 52.9106 
0.997225 0.019402 -0.0718722 -81.7126 -0.0202901 0.999726 -0.0116482 0.207869 0.0716265 0.0130742 0.997346 53.7615 
0.997287 0.0162901 -0.0717875 -81.7854 -0.0167441 0.999843 -0.00572732 0.1938 0.0716829 0.00691384 0.997404 54.6166 
0.997248 0.0155194 -0.0724943 -81.8612 -0.0153072 0.999877 0.00348203 0.173313 0.0725393 -0.00236272 0.997363 55.4725 
0.997176 0.0145177 -0.0736825 -81.9397 -0.0137252 0.999843 0.0112491 0.157507 0.0738342 -0.0102059 0.997218 56.3266 
0.997025 0.0124683 -0.0760644 -82.0175 -0.011817 0.99989 0.00900717 0.148841 0.0761683 -0.00808148 0.997062 57.1691 
0.996923 0.00730017 -0.078048 -82.0894 -0.00688364 0.999961 0.00560411 0.139205 0.0780858 -0.00504957 0.996934 58.0024 
0.996736 0.00588497 -0.0805145 -82.1711 -0.00557575 0.999976 0.00406432 0.127683 0.0805364 -0.00360209 0.996745 58.8327 
0.9965 0.00804616 -0.0832009 -82.26 -0.00792959 0.999967 0.00173093 0.113374 0.0832121 -0.00106508 0.996531 59.6582 
0.996207 0.00975449 -0.0864656 -82.3523 -0.00992926 0.999949 -0.00159198 0.0989466 0.0864456 0.00244452 0.996254 60.4768 
0.995851 0.0102475 -0.0904184 -82.4445 -0.0107449 0.99993 -0.00501588 0.0837306 0.0903606 0.00596665 0.995891 61.2918 
0.99555 0.0121947 -0.0934417 -82.5409 -0.0130912 0.999874 -0.00898792 0.0648699 0.0933203 0.0101712 0.995584 62.0985 
0.995181 0.0166151 -0.0966397 -82.6438 -0.017568 0.999805 -0.00901795 0.0430438 0.0964709 0.0106723 0.995279 62.9094 
0.994784 0.0201835 -0.0999873 -82.7495 -0.021027 0.999752 -0.00738954 0.0277582 0.0998133 0.00945347 0.994961 63.715 
0.994324 0.0233117 -0.103805 -82.8565 -0.0235874 0.999721 -0.0014292 0.00798466 0.103743 0.00386963 0.994597 64.5176 
0.993881 0.0237245 -0.107876 -82.963 -0.0234028 0.999717 0.00424673 -0.00946795 0.107946 -0.00169612 0.994155 65.319 
0.993339 0.0232229 -0.112867 -83.0688 -0.0224851 0.999717 0.007805 -0.0188192 0.113016 -0.00521513 0.993579 66.1153 
0.992584 0.0227705 -0.119407 -83.1784 -0.021865 0.999721 0.00888814 -0.0270004 0.119576 -0.00621134 0.992806 66.9057 
0.991909 0.0205272 -0.125284 -83.2905 -0.0191096 0.999739 0.0125063 -0.0343539 0.125508 -0.010011 0.992042 67.6904 
0.991059 0.0207709 -0.131795 -83.4102 -0.0193113 0.999737 0.0123433 -0.0417821 0.132017 -0.00968773 0.9912 68.4637 
0.990136 0.0256976 -0.137736 -83.5426 -0.0243828 0.99964 0.0112247 -0.0469016 0.137975 -0.0077555 0.990405 69.2338 
0.989224 0.0278053 -0.143746 -83.6773 -0.0270117 0.999607 0.00746926 -0.0531961 0.143898 -0.00350588 0.989586 70.0007 
0.988364 0.0267728 -0.149732 -83.8102 -0.0263634 0.999641 0.00471844 -0.0607962 0.149804 -0.000716063 0.988715 70.7703 
0.987508 0.0280619 -0.155047 -83.9504 -0.0278605 0.999606 0.00347217 -0.0699051 0.155084 0.000890937 0.987901 71.5349 
0.986714 0.0298458 -0.159704 -84.0935 -0.028881 0.999548 0.00835906 -0.0743555 0.159881 -0.00363554 0.98713 72.3014 
0.985689 0.0306251 -0.165768 -84.2435 -0.0289548 0.999503 0.0124841 -0.0790658 0.166068 -0.00750567 0.986086 73.0657 
0.984648 0.0298928 -0.171971 -84.3933 -0.027796 0.999507 0.0145878 -0.0874993 0.172322 -0.00958375 0.984994 73.8256 
0.983455 0.0275175 -0.179051 -84.5458 -0.0260173 0.999604 0.0107217 -0.0916966 0.179275 -0.00588585 0.983781 74.5738 
0.981965 0.0259186 -0.187277 -84.7074 -0.0257114 0.999663 0.00353574 -0.0935169 0.187306 0.00134323 0.982301 75.3155 
0.980278 0.0233402 -0.19624 -84.8737 -0.0234602 0.999723 0.00171277 -0.101277 0.196226 0.0029249 0.980554 76.0548 
0.978086 0.0230012 -0.206929 -85.0497 -0.0225121 0.999735 0.0047177 -0.111937 0.206983 4.41475e-05 0.978345 76.7936 
0.975737 0.0227503 -0.217761 -85.234 -0.0209165 0.999724 0.0107229 -0.113719 0.217944 -0.00590795 0.975943 77.5285 
0.972964 0.0245857 -0.229646 -85.4295 -0.0209205 0.999612 0.0183813 -0.116281 0.230009 -0.01308 0.973101 78.2622 
0.970269 0.0253223 -0.240702 -85.6313 -0.0206371 0.999546 0.0219656 -0.122659 0.241148 -0.0163451 0.970351 78.9881 
0.967318 0.028456 -0.251964 -85.846 -0.0248673 0.999539 0.017416 -0.126665 0.252344 -0.0105811 0.96758 79.7022 
0.964155 0.027736 -0.263888 -86.0631 -0.0265107 0.999615 0.00820389 -0.128001 0.264013 -0.000913938 0.964519 80.4036 
0.960756 0.0255354 -0.276216 -86.2863 -0.0256121 0.999666 0.00333057 -0.126914 0.276209 0.00387464 0.96109 81.1095 
0.957253 0.024274 -0.288233 -86.5193 -0.0228873 0.999705 0.00818062 -0.127485 0.288347 -0.001234 0.957525 81.8282 
0.953772 0.0256272 -0.299435 -86.7668 -0.0219233 0.999636 0.0157228 -0.134452 0.299729 -0.00843134 0.953987 82.5435 
0.950012 0.0255661 -0.311164 -87.0244 -0.0199249 0.999575 0.0212951 -0.138985 0.311576 -0.0140306 0.950118 83.2564 
0.945841 0.0231592 -0.323804 -87.2845 -0.0179074 0.999656 0.0191896 -0.135631 0.324137 -0.0123518 0.94593 83.9653 
0.942015 0.0212377 -0.3349 -87.5548 -0.0173499 0.999743 0.0145966 -0.134322 0.335123 -0.0079397 0.942141 84.6653 
0.938806 0.0172076 -0.344016 -87.8283 -0.0154491 0.99985 0.00785219 -0.139082 0.344099 -0.00205691 0.938931 85.3636 
0.936007 0.0131731 -0.351736 -88.1077 -0.0133375 0.999909 0.00195553 -0.143677 0.35173 0.00286095 0.936097 86.0657 
0.933319 0.0130715 -0.35881 -88.3987 -0.0140309 0.999902 -6.99088e-05 -0.149368 0.358774 0.00509971 0.933411 86.7686 
0.930155 0.0182253 -0.366714 -88.6964 -0.0196554 0.999807 -0.000165764 -0.160125 0.36664 0.00736213 0.930334 87.4662 
0.927054 0.0181697 -0.374487 -89.0004 -0.0186768 0.999823 0.00227513 -0.172296 0.374462 0.00488509 0.927229 88.166 
0.923702 0.018711 -0.382654 -89.304 -0.0166294 0.999824 0.00874706 -0.173521 0.382751 -0.00171633 0.92385 88.8742 
0.920845 0.0205605 -0.389387 -89.6163 -0.0151267 0.999741 0.0170159 -0.177217 0.389636 -0.00977882 0.920917 89.5826 
0.918059 0.0304105 -0.395276 -89.9454 -0.0228296 0.999454 0.0238692 -0.184217 0.395787 -0.0128893 0.918252 90.2785 
0.915408 0.0369433 -0.400828 -90.2794 -0.0312715 0.999297 0.0206849 -0.183713 0.40131 -0.00640056 0.91592 90.961 
0.913105 0.033536 -0.406344 -90.6084 -0.030914 0.999437 0.0130169 -0.181256 0.406552 0.000675946 0.913628 91.644 
0.911136 0.0256501 -0.411307 -90.9303 -0.0255971 0.999656 0.00563778 -0.18196 0.41131 0.00539151 0.91148 92.3282 
0.909483 0.0261954 -0.414915 -91.2669 -0.0265065 0.999636 0.00500973 -0.185172 0.414895 0.00644173 0.909847 93.0138 
0.907126 0.0322927 -0.419618 -91.6152 -0.0308254 0.999472 0.0102785 -0.190787 0.419728 0.00361108 0.907643 93.7109 
0.904547 0.034463 -0.424979 -91.9603 -0.0311843 0.999406 0.0146708 -0.196757 0.425232 -1.77247e-05 0.905085 94.4109 
0.902275 0.0309218 -0.43005 -92.3056 -0.0281694 0.999522 0.0127669 -0.203654 0.430239 0.000595069 0.902715 95.103 
0.89994 0.0292137 -0.435035 -92.6579 -0.0293281 0.999549 0.00645233 -0.209181 0.435027 0.00695208 0.900391 95.7867 
0.897745 0.0264577 -0.43972 -93.0145 -0.029598 0.999562 -0.000285217 -0.211852 0.43952 0.013271 0.898135 96.471 
0.895383 0.0273008 -0.44446 -93.3779 -0.031175 0.999513 -0.00140859 -0.222246 0.444205 0.0151173 0.895798 97.1562 
0.89331 0.0303698 -0.448414 -93.746 -0.0324472 0.999469 0.00305109 -0.236554 0.448268 0.0118243 0.893821 97.8458 
0.89118 0.0318335 -0.452531 -94.1137 -0.033121 0.999438 0.00507977 -0.245202 0.452438 0.0104613 0.891734 98.5302 
0.888847 0.0328572 -0.457025 -94.4843 -0.0338861 0.999408 0.00594754 -0.256977 0.45695 0.0102004 0.889434 99.207 
0.886579 0.0308518 -0.461547 -94.8551 -0.0321287 0.999471 0.00509329 -0.265365 0.461459 0.0103133 0.887101 99.8861 
0.884526 0.0291145 -0.465582 -95.2273 -0.0304836 0.999525 0.00459005 -0.275251 0.465494 0.0101327 0.884993 100.557 
0.882257 0.0285877 -0.469899 -95.5991 -0.0296398 0.999547 0.00516029 -0.283836 0.469834 0.00937506 0.882705 101.227 
0.87991 0.0299009 -0.474198 -95.978 -0.0308893 0.999507 0.00570722 -0.293061 0.474135 0.00962584 0.8804 101.888 
0.877649 0.0302232 -0.478351 -96.357 -0.0312349 0.999495 0.00584224 -0.304984 0.478286 0.00981384 0.87815 102.543 
0.875282 0.027365 -0.482839 -96.7329 -0.0302584 0.999541 0.00179735 -0.315581 0.482666 0.0130368 0.875707 103.192 
0.872969 0.0239358 -0.487188 -97.1096 -0.0288399 0.999581 -0.00256698 -0.328405 0.486922 0.0162914 0.873293 103.836 
0.87089 0.0223378 -0.49097 -97.4862 -0.0286059 0.999577 -0.00526349 -0.339101 0.490645 0.0186286 0.87116 104.474 
0.868976 0.0241847 -0.494263 -97.8668 -0.0287125 0.999587 -0.00156955 -0.348583 0.494021 0.0155555 0.869311 105.108 
0.867062 0.0281498 -0.497404 -98.2462 -0.0282303 0.999574 0.00735893 -0.360749 0.4974 0.00766125 0.867488 105.741 
0.865534 0.0299187 -0.499956 -98.6226 -0.0248476 0.99955 0.016799 -0.368664 0.500234 -0.00211737 0.865888 106.371 
0.863921 0.0293558 -0.502772 -98.9894 -0.021466 0.999539 0.0214755 -0.374768 0.50317 -0.0077606 0.864152 106.982 
0.862318 0.0263508 -0.505681 -99.3545 -0.0184775 0.999617 0.0205805 -0.370917 0.50603 -0.00840311 0.862475 107.58 
0.860623 0.0244723 -0.508654 -99.7133 -0.0183332 0.999686 0.0170776 -0.372221 0.508912 -0.00537203 0.860802 108.157 
0.859055 0.0226326 -0.511383 -100.066 -0.0178975 0.999739 0.0141807 -0.37341 0.51157 -0.00302952 0.859236 108.718 
0.857558 0.0208539 -0.513965 -100.41 -0.0165319 0.999779 0.0129818 -0.377067 0.514122 -0.00263581 0.857713 109.267 
0.856316 0.019219 -0.516095 -100.742 -0.0148446 0.99981 0.0126016 -0.380426 0.516239 -0.00312964 0.856439 109.799 
0.854862 0.0195132 -0.518489 -101.069 -0.0145595 0.999801 0.0136222 -0.38609 0.518652 -0.00409613 0.854976 110.315 
0.853647 0.0190619 -0.520503 -101.387 -0.0131289 0.9998 0.0150828 -0.391921 0.520687 -0.00604171 0.853726 110.811 
0.852204 0.0176882 -0.522911 -101.693 -0.0111882 0.999816 0.0155863 -0.394684 0.52309 -0.00743226 0.852245 111.29 
0.850907 0.0161712 -0.525067 -101.986 -0.00932913 0.999834 0.0156748 -0.397175 0.525233 -0.00843931 0.850917 111.75 
0.849688 0.014987 -0.527073 -102.268 -0.00849322 0.999855 0.0147384 -0.403207 0.527217 -0.00804644 0.849692 112.188 
0.848378 0.0150079 -0.529179 -102.541 -0.010677 0.99988 0.0112401 -0.408014 0.529284 -0.00388577 0.848436 112.602 
0.846786 0.012294 -0.531792 -102.802 -0.0101171 0.999924 0.00700649 -0.411001 0.531838 -0.000552737 0.846846 113 
0.844439 0.00845214 -0.535586 -103.05 -0.0069962 0.999964 0.00474983 -0.412266 0.535607 -0.000263829 0.844468 113.387 
0.841718 0.00441839 -0.5399 -103.29 -0.00198469 0.999985 0.00508937 -0.415514 0.539914 -0.00321223 0.841714 113.758 
0.838077 0.00524335 -0.545527 -103.523 -0.00203901 0.999977 0.0064788 -0.419048 0.545549 -0.00431734 0.838068 114.11 
0.834267 0.00887798 -0.551289 -103.759 -0.0051253 0.999952 0.00834708 -0.425708 0.551337 -0.00413813 0.834272 114.439 
0.830577 0.0148841 -0.556705 -103.988 -0.0092355 0.999873 0.0129537 -0.432304 0.556828 -0.0056175 0.830609 114.752 
0.826538 0.0202435 -0.562517 -104.205 -0.0109841 0.999743 0.0198386 -0.435257 0.562774 -0.0102186 0.826548 115.048 
0.821705 0.021595 -0.569504 -104.408 -0.00988474 0.999672 0.0236443 -0.433787 0.569828 -0.0137992 0.821648 115.329 
0.816261 0.0188397 -0.577377 -104.597 -0.00555626 0.999678 0.0247641 -0.434261 0.577657 -0.0170059 0.816102 115.589 
0.809146 0.0168323 -0.587366 -104.778 -0.00217835 0.999669 0.0256469 -0.433792 0.587603 -0.0194725 0.808915 115.836 
0.800441 0.0151789 -0.599219 -104.96 0.000915017 0.999647 0.0265444 -0.431171 0.599411 -0.0217955 0.800145 116.064 
0.790052 0.0158082 -0.612836 -105.136 0.00132687 0.999621 0.0274959 -0.432803 0.613038 -0.0225363 0.789732 116.271 
0.777798 0.0172288 -0.628278 -105.315 -0.000290935 0.999634 0.0270521 -0.433895 0.628514 -0.0208582 0.777518 116.462 
0.763747 0.0159778 -0.645318 -105.485 -0.000179419 0.999699 0.0245398 -0.43696 0.645515 -0.0186264 0.76352 116.637 
0.748878 0.0132296 -0.662576 -105.653 -0.000656858 0.999815 0.0192208 -0.437416 0.662708 -0.0139587 0.748748 116.797 
0.733658 0.00962676 -0.679451 -105.812 -0.000393233 0.999906 0.0137425 -0.4366 0.679519 -0.00981504 0.733592 116.948 
0.718167 0.00946909 -0.695806 -105.979 -0.00416683 0.999948 0.00930732 -0.430859 0.695858 -0.00378486 0.718169 117.088 
0.702196 0.0129559 -0.711866 -106.152 -0.0114132 0.999911 0.00694008 -0.426562 0.711892 0.00325143 0.702282 117.22 
0.684833 0.0146515 -0.728553 -106.328 -0.0139332 0.999878 0.00701091 -0.423938 0.728567 0.00534981 0.684953 117.354 
0.665664 0.0130597 -0.746137 -106.498 -0.0106263 0.999911 0.00802134 -0.418907 0.746176 0.00258921 0.665744 117.494 
0.645304 0.0120706 -0.76383 -106.675 -0.00765845 0.999927 0.00933154 -0.414518 0.763887 -0.000171876 0.64535 117.626 
0.62293 0.0136692 -0.782158 -106.862 -0.00762524 0.999906 0.0114016 -0.40979 0.78224 -0.00113823 0.622976 117.749 
0.598684 0.0179659 -0.800784 -107.055 -0.0111986 0.999838 0.0140594 -0.402165 0.800907 0.000550545 0.598788 117.858 
0.57394 0.0218357 -0.818606 -107.253 -0.0133063 0.999761 0.0173385 -0.396307 0.818789 0.000941353 0.574094 117.962 
0.548306 0.0244295 -0.835921 -107.453 -0.0149894 0.9997 0.0193838 -0.389516 0.836144 0.00190175 0.548507 118.061 
0.522288 0.0276125 -0.852322 -107.656 -0.0181348 0.999609 0.0212714 -0.388129 0.852576 0.00434696 0.522585 118.148 
0.495507 0.0315555 -0.86803 -107.865 -0.0222773 0.999473 0.023617 -0.381598 0.868318 0.007635 0.495949 118.227 
0.467405 0.0345353 -0.883368 -108.072 -0.0244536 0.999359 0.0261312 -0.381048 0.883705 0.00938773 0.46795 118.304 
0.437776 0.0337657 -0.89845 -108.286 -0.0232082 0.999386 0.0262507 -0.378168 0.898785 0.00935948 0.438291 118.373 
0.405284 0.0305583 -0.91368 -108.512 -0.0229367 0.999466 0.0232533 -0.376057 0.913903 0.0115326 0.405769 118.441 
0.37098 0.0259623 -0.928278 -108.757 -0.0222072 0.999571 0.0190813 -0.368162 0.928375 0.0135357 0.371398 118.5 
0.331856 0.0236532 -0.943033 -109.018 -0.0220235 0.999607 0.0173221 -0.361478 0.943073 0.0150205 0.332247 118.556 
0.29041 0.0224959 -0.956638 -109.303 -0.0211851 0.99963 0.0170757 -0.353851 0.956668 0.0153075 0.290779 118.605 
0.246936 0.0203262 -0.968819 -109.605 -0.0203059 0.999669 0.0157978 -0.342215 0.968819 0.0157717 0.247267 118.64 
0.199727 0.0176457 -0.979693 -109.922 -0.0189097 0.999721 0.0141514 -0.334183 0.979669 0.0156993 0.200004 118.666 
0.15077 0.0153388 -0.98845 -110.256 -0.0180556 0.999756 0.0127601 -0.323561 0.988404 0.0159233 0.15101 118.676 
0.100672 0.0149285 -0.994808 -110.604 -0.0171814 0.999764 0.0132642 -0.315287 0.994771 0.0157569 0.100905 118.668 
0.0487662 0.0165222 -0.998674 -110.963 -0.0157637 0.999751 0.0157703 -0.311152 0.998686 0.0149738 0.0490145 118.641 
-0.00466016 0.0186031 -0.999816 -111.346 -0.0125293 0.999747 0.0186603 -0.302569 0.999911 0.012614 -0.0044259 118.605 
-0.0586214 0.0207153 -0.998065 -111.733 -0.00873141 0.999736 0.0212628 -0.296214 0.998242 0.00996102 -0.0584251 118.548 
-0.112204 0.0222964 -0.993435 -112.125 -0.00479742 0.999724 0.0229795 -0.288868 0.993674 0.00734435 -0.112066 118.464 
-0.165114 0.0238806 -0.985985 -112.533 -0.00184124 0.999698 0.024521 -0.279842 0.986273 0.00586424 -0.16502 118.356 
-0.216479 0.025513 -0.975954 -112.946 0.000371589 0.999661 0.0260503 -0.27221 0.976287 0.00527673 -0.216415 118.223 
-0.265887 0.0267349 -0.963634 -113.366 0.00375846 0.999637 0.0266967 -0.261308 0.963997 0.00347654 -0.26589 118.068 
-0.314053 0.0282928 -0.948984 -113.795 0.00870297 0.9996 0.0269217 -0.251201 0.949366 0.000195911 -0.314174 117.891 
-0.36067 0.0298314 -0.932216 -114.232 0.0135281 0.999551 0.0267522 -0.242045 0.932595 -0.00296235 -0.360912 117.685 
-0.404577 0.0318588 -0.913949 -114.669 0.0182904 0.999475 0.0267436 -0.2332 0.914321 -0.00589663 -0.404947 117.449 
