1 2.12261e-08 -2.11895e-08 0 2.12261e-08 1 2.10703e-08 0 -2.11895e-08 2.10703e-08 1 0 
0.999999 0.00065309 0.00161527 -0.00637419 -0.000651543 0.999999 -0.000931864 -0.00498539 -0.00161592 0.000930852 0.999998 0.446621 
0.999992 0.00208238 0.00340901 -0.0136286 -0.00207557 0.999996 -0.0019876 -0.0103995 -0.00341317 0.00198055 0.999992 0.909361 
0.999981 0.00330764 0.00521111 -0.0230779 -0.00329417 0.999991 -0.0025835 -0.0165487 -0.00521965 0.00256633 0.999983 1.38593 
0.999972 0.00339031 0.00664923 -0.0280305 -0.00337247 0.999991 -0.00268647 -0.0225329 -0.00665832 0.00266402 0.999974 1.87429 
0.99996 0.00299431 0.00837918 -0.0311541 -0.00297403 0.999993 -0.00242672 -0.0299014 -0.00838643 0.00240174 0.999962 2.37529 
0.999946 0.00230762 0.0101752 -0.0337147 -0.00229571 0.999997 -0.00117779 -0.0398827 -0.0101779 0.00115441 0.999948 2.88124 
0.999929 0.00217288 0.0117361 -0.0363386 -0.00217678 0.999998 0.000323247 -0.0470903 -0.0117354 -0.00034873 0.999931 3.39405 
0.999917 0.00258472 0.0126379 -0.0393223 -0.00260314 0.999996 0.0014448 -0.0548952 -0.0126342 -0.00147753 0.999919 3.90885 
0.999906 0.0035765 0.0132653 -0.0421467 -0.003595 0.999993 0.00137428 -0.0620907 -0.0132603 -0.00142179 0.999911 4.42468 
0.99989 0.00432724 0.0142 -0.0460731 -0.00434234 0.99999 0.00103546 -0.071027 -0.0141954 -0.00109697 0.999899 4.93869 
0.999878 0.00459512 0.0149016 -0.0484548 -0.00460985 0.999989 0.00095721 -0.0784903 -0.0148971 -0.00102575 0.999889 5.46004 
0.999866 0.0053513 0.0154552 -0.0493778 -0.00535511 0.999986 0.000207991 -0.0860636 -0.0154539 -0.000290686 0.999881 5.98717 
0.999848 0.00614741 0.0163191 -0.0504745 -0.00614242 0.999981 -0.000353241 -0.0952225 -0.016321 0.000252991 0.999867 6.5218 
0.999827 0.00682334 0.0173116 -0.0512975 -0.00681472 0.999977 -0.00055461 -0.101653 -0.017315 0.000436582 0.99985 7.06009 
0.999806 0.00774702 0.0181178 -0.0521963 -0.00772659 0.999969 -0.00119454 -0.111366 -0.0181265 0.00105436 0.999835 7.60205 
0.999771 0.00893347 0.0194514 -0.0542983 -0.00890304 0.999959 -0.00164831 -0.119348 -0.0194653 0.0014748 0.999809 8.15455 
0.999703 0.0101225 0.0221705 -0.0521983 -0.0100872 0.999948 -0.00169882 -0.127534 -0.0221866 0.00147472 0.999753 8.71317 
0.999602 0.0108095 0.0260574 -0.0499787 -0.0107564 0.99994 -0.0021758 -0.135561 -0.0260794 0.00189469 0.999658 9.27864 
0.999485 0.0111013 0.0300977 -0.0408078 -0.0110284 0.999936 -0.00258473 -0.144584 -0.0301245 0.00225152 0.999544 9.84739 
0.999331 0.010788 0.034934 -0.0254714 -0.0106862 0.999938 -0.00309627 -0.155021 -0.0349652 0.00272093 0.999385 10.4253 
0.999104 0.0111739 0.0408162 -0.00852903 -0.0110604 0.999934 -0.00300501 -0.165776 -0.0408471 0.00255091 0.999162 11.0097 
0.998845 0.0109113 0.0467974 0.0130442 -0.0108026 0.999938 -0.00257448 -0.173908 -0.0468226 0.00206602 0.998901 11.6094 
0.998545 0.0109355 0.0528021 0.0381428 -0.0107875 0.999937 -0.00308587 -0.188063 -0.0528325 0.00251181 0.9986 12.2109 
0.998205 0.00896344 0.0592165 0.0671966 -0.00873835 0.999954 -0.0040583 -0.197599 -0.0592501 0.0035336 0.998237 12.8246 
0.997837 0.00814425 0.0652345 0.103487 -0.00787159 0.999959 -0.00443489 -0.206785 -0.065268 0.00391183 0.99786 13.4449 
0.997377 0.0109259 0.0715554 0.140095 -0.0104909 0.999924 -0.00645152 -0.217789 -0.0716205 0.00568396 0.997416 14.0846 
0.996851 0.0147598 0.0779092 0.170786 -0.0140573 0.999856 -0.00955731 -0.231706 -0.078039 0.00843206 0.996915 14.7304 
0.996443 0.0117801 0.0834391 0.227603 -0.0110124 0.999893 -0.00965385 -0.241912 -0.0835439 0.00870068 0.996466 15.4036 
0.996097 0.00422323 0.0881659 0.287928 -0.00362104 0.999969 -0.00698854 -0.250568 -0.0881927 0.00664205 0.996081 16.0904 
0.99565 -0.00149502 0.0931623 0.35076 0.00182595 0.999992 -0.00346658 -0.261165 -0.0931565 0.00362165 0.995645 16.7905 
0.995241 -0.000427087 0.0974412 0.404672 0.000435403 1 -6.36227e-05 -0.269991 -0.0974412 0.000105786 0.995241 17.5024 
0.995034 -0.00156947 0.0995261 0.468243 0.0015854 0.999999 -8.04755e-05 -0.27928 -0.0995259 0.000237904 0.995035 18.233 
0.995019 -0.00562395 0.099525 0.540938 0.00584023 0.999981 -0.00188144 -0.285767 -0.0995126 0.00245336 0.995033 18.9806 
0.995147 -0.0117805 0.097697 0.611628 0.0122182 0.999918 -0.0038822 -0.290239 -0.0976433 0.00505708 0.995209 19.7428 
0.995583 -0.0143105 0.0927876 0.672515 0.0147777 0.999881 -0.00434921 -0.299907 -0.0927144 0.00570123 0.995676 20.5137 
0.996255 -0.0140142 0.0853262 0.721443 0.0144491 0.999886 -0.00448082 -0.310136 -0.0852537 0.00569696 0.996343 21.2989 
0.996998 -0.0137834 0.0761976 0.762135 0.0140255 0.999898 -0.00264301 -0.320913 -0.0761534 0.00370382 0.997089 22.1043 
0.997679 -0.0140874 0.0666164 0.797181 0.0141624 0.9999 -0.000652793 -0.32898 -0.0666006 0.00159477 0.997778 22.9176 
0.99827 -0.0129867 0.0573378 0.825848 0.012867 0.999914 0.00245764 -0.341141 -0.0573649 -0.00171559 0.998352 23.7508 
0.998706 -0.0123836 0.0493339 0.846333 0.0121702 0.999915 0.0046254 -0.35142 -0.0493871 -0.00401897 0.998772 24.591 
0.999037 -0.0110478 0.04246 0.862497 0.0108224 0.999926 0.00553582 -0.359037 -0.0425181 -0.00507092 0.999083 25.4286 
0.99927 -0.00987053 0.0369147 0.874868 0.00965364 0.999935 0.00605025 -0.366543 -0.0369721 -0.00568943 0.9993 26.2643 
0.999459 -0.0087218 0.0317234 0.881746 0.00853122 0.999945 0.00613924 -0.376142 -0.0317752 -0.00586524 0.999478 27.1009 
0.999608 -0.00824539 0.0267682 0.884978 0.00809054 0.99995 0.00588948 -0.386013 -0.0268155 -0.00567056 0.999624 27.941 
0.999725 -0.00825879 0.0219724 0.886687 0.00813785 0.999951 0.00558983 -0.396873 -0.0220175 -0.00540944 0.999743 28.7801 
0.999816 -0.00719517 0.0177773 0.876455 0.00708768 0.999956 0.00610495 -0.404216 -0.0178205 -0.00597779 0.999823 29.6263 
0.999884 -0.00548934 0.0141874 0.870279 0.00539184 0.999962 0.00690449 -0.415625 -0.0142248 -0.00682715 0.999876 30.4543 
0.999929 -0.00334801 0.0114804 0.862425 0.00325926 0.999965 0.00774357 -0.425143 -0.011506 -0.00770556 0.999904 31.2844 
0.99995 -0.00201906 0.00977983 0.855474 0.00194337 0.999968 0.00774695 -0.438299 -0.0097952 -0.00772751 0.999922 32.1114 
0.999959 -0.00114201 0.00897197 0.845423 0.00107701 0.999973 0.00725138 -0.447443 -0.00898005 -0.00724138 0.999934 32.9314 
0.999967 0.000870863 0.00811058 0.834983 -0.000918719 0.999982 0.00590383 -0.457902 -0.00810534 -0.00591104 0.99995 33.742 
0.999966 0.00325772 0.00754545 0.818807 -0.00330106 0.999978 0.00574412 -0.469597 -0.00752661 -0.00576879 0.999955 34.5477 
0.999963 0.00514467 0.00689988 0.806655 -0.00518917 0.999966 0.00645293 -0.48398 -0.00686649 -0.00648845 0.999955 35.3428 
0.999957 0.00676536 0.00636398 0.793617 -0.00680963 0.999953 0.0069676 -0.496381 -0.00631658 -0.00701059 0.999956 36.1247 
0.999949 0.0081346 0.00595792 0.780687 -0.00817641 0.999942 0.00703536 -0.507443 -0.00590039 -0.00708368 0.999958 36.8931 
0.999928 0.0105974 0.00554803 0.761906 -0.0106365 0.999919 0.00706088 -0.519543 -0.00547279 -0.00711934 0.99996 37.6422 
0.999906 0.0125109 0.00556195 0.748114 -0.0125515 0.999894 0.00732602 -0.527413 -0.00546975 -0.0073951 0.999958 38.3884 
0.999864 0.015377 0.00595933 0.733936 -0.0154211 0.999853 0.00743406 -0.539466 -0.00584419 -0.0075249 0.999955 39.1124 
0.999795 0.0188265 0.00751329 0.721501 -0.0188815 0.999795 0.0073308 -0.549219 -0.00737377 -0.00747111 0.999945 39.8227 
0.999734 0.0207527 0.0100785 0.718938 -0.0208158 0.999764 0.00620263 -0.563454 -0.00994743 -0.00641073 0.99993 40.508 
0.999656 0.0222463 0.0138817 0.715989 -0.0223223 0.999737 0.00534852 -0.577517 -0.0137591 -0.00565651 0.999889 41.1932 
0.999578 0.0219463 0.0190452 0.715703 -0.0220539 0.999742 0.0054601 -0.583657 -0.0189205 -0.00587777 0.999804 41.8731 
0.99944 0.0229495 0.0243702 0.722126 -0.0230981 0.999716 0.00583449 -0.595995 -0.0242294 -0.00639408 0.999686 42.5387 
0.999257 0.0232625 0.0307368 0.728647 -0.0234651 0.999705 0.00624932 -0.603072 -0.0305824 -0.00696587 0.999508 43.1895 
0.999015 0.0226836 0.038141 0.742672 -0.0229574 0.999714 0.0067566 -0.612558 -0.0379768 -0.00762552 0.99925 43.8238 
0.99864 0.0229842 0.0468051 0.76424 -0.0233124 0.999707 0.00648025 -0.618915 -0.0466425 -0.00756253 0.998883 44.4447 
0.998077 0.0237361 0.0572688 0.791598 -0.0241369 0.999689 0.00631843 -0.628383 -0.057101 -0.00768853 0.998339 45.0536 
0.997315 0.023497 0.0693585 0.828215 -0.0239816 0.999693 0.00616281 -0.637348 -0.0691925 -0.00780955 0.997573 45.6517 
0.996403 0.0221491 0.0817919 0.875107 -0.0227295 0.999723 0.00617153 -0.645672 -0.0816326 -0.00800838 0.99663 46.2376 
0.995262 0.0213915 0.0948427 0.927093 -0.0220359 0.999741 0.00575336 -0.655266 -0.0946951 -0.00781601 0.995476 46.8121 
0.993728 0.0213673 0.109764 0.986183 -0.0221217 0.999739 0.00565992 -0.662992 -0.109615 -0.00805255 0.993942 47.375 
0.991781 0.0213152 0.126156 1.05745 -0.0222409 0.999735 0.00593384 -0.670755 -0.125996 -0.00869086 0.991993 47.9254 
0.989358 0.0237619 0.143548 1.13321 -0.0247692 0.99968 0.0052341 -0.678526 -0.143378 -0.00873393 0.98963 48.4641 
0.986141 0.0223193 0.1644 1.22354 -0.0233726 0.999717 0.00447517 -0.688196 -0.164254 -0.00825557 0.986384 48.9893 
0.981968 0.0256924 0.187291 1.32552 -0.0268142 0.999634 0.00345836 -0.697943 -0.187134 -0.00841803 0.982298 49.5026 
0.976832 0.024776 0.212567 1.43999 -0.0255819 0.999672 0.00104156 -0.705389 -0.212472 -0.00645528 0.977146 49.9996 
0.970725 0.0238682 0.239003 1.57117 -0.0241398 0.999707 -0.00179088 -0.716675 -0.238976 -0.00403102 0.971017 50.481 
0.963409 0.0229075 0.267054 1.71056 -0.0225331 0.999736 -0.00446666 -0.725708 -0.267086 -0.00171429 0.963671 50.9426 
0.954758 0.0204601 0.296679 1.86628 -0.0197477 0.99979 -0.0053979 -0.739673 -0.296727 -0.000704993 0.954962 51.3946 
0.944598 0.0224837 0.327458 2.02393 -0.0211442 0.999747 -0.00765056 -0.752085 -0.327547 0.000302914 0.944835 51.825 
0.933005 0.0230391 0.359125 2.1913 -0.0218436 0.999734 -0.00738668 -0.765758 -0.359199 -0.000952732 0.93326 52.2407 
0.919937 0.022233 0.391436 2.37145 -0.0216367 0.999748 -0.00593442 -0.781217 -0.391469 -0.00301005 0.920186 52.6428 
0.904847 0.0212528 0.425207 2.56484 -0.021098 0.999765 -0.00507355 -0.797373 -0.425215 -0.00438018 0.905082 53.0252 
0.887671 0.0206172 0.460016 2.76494 -0.0204672 0.999776 -0.00531368 -0.811017 -0.460022 -0.0046984 0.887895 53.3862 
0.86848 0.0203723 0.495305 2.97502 -0.0198566 0.999783 -0.00630468 -0.824653 -0.495326 -0.00435955 0.868696 53.7268 
0.847215 0.0194374 0.530895 3.19564 -0.0178863 0.999808 -0.00806194 -0.836304 -0.53095 -0.00266555 0.847399 54.0482 
0.823918 0.0181442 0.566419 3.42741 -0.0154497 0.999835 -0.00955439 -0.847791 -0.566499 -0.000878961 0.824062 54.3525 
0.798542 0.015118 0.601749 3.67498 -0.0116541 0.999886 -0.00965503 -0.860485 -0.601826 0.000697134 0.798627 54.6459 
0.770476 0.0113337 0.637368 3.93228 -0.00855157 0.999936 -0.00744328 -0.871451 -0.637412 0.000284397 0.770523 54.9273 
0.740731 0.0067887 0.671767 4.2038 -0.00593849 0.999976 -0.00355727 -0.880843 -0.671775 -0.00135427 0.740754 55.1926 
0.708652 0.00309743 0.705552 4.48103 -0.00446567 0.99999 9.53237e-05 -0.888422 -0.705544 -0.00321829 0.708659 55.442 
0.673404 0.000619901 0.739274 4.76687 -0.00550011 0.999976 0.00417161 -0.897179 -0.739254 -0.00687525 0.673391 55.6788 
0.635886 -0.00300322 0.771777 5.06395 -0.00434503 0.999963 0.0074712 -0.905895 -0.771771 -0.00810421 0.635849 55.8949 
0.59682 -0.00662228 0.802348 5.36871 -0.00148753 0.999955 0.0093598 -0.911424 -0.802374 -0.00677962 0.596783 56.0854 
0.554666 -0.0087721 0.832027 5.6843 0.00163564 0.999954 0.00945223 -0.9164 -0.832072 -0.00388192 0.554655 56.2615 
0.50995 -0.0077401 0.860169 6.0155 0.00292347 0.999969 0.00726495 -0.920475 -0.860199 -0.00119007 0.509957 56.4286 
0.463052 -0.00526066 0.886315 6.36073 0.00137985 0.999985 0.0052145 -0.923891 -0.88633 -0.00119159 0.463053 56.587 
0.413786 -0.0023472 0.910371 6.7273 -0.00252627 0.99999 0.00372657 -0.926727 -0.910371 -0.00384184 0.413776 56.7378 
0.363691 0.000115167 0.93152 7.10487 -0.00748421 0.999968 0.00279847 -0.929118 -0.93149 -0.00798946 0.36368 56.8663 
0.313808 0.000671158 0.949486 7.50086 -0.00968286 0.99995 0.00249343 -0.93134 -0.949437 -0.00997619 0.313799 56.9758 
0.265576 0.000420388 0.96409 7.91137 -0.00808748 0.999966 0.00179187 -0.935991 -0.964056 -0.00827293 0.265571 57.0628 
0.220102 -0.000392529 0.975477 8.34248 -0.00692137 0.999974 0.00196414 -0.939356 -0.975452 -0.00718394 0.220093 57.1399 
0.178452 -0.00248247 0.983946 8.79437 -0.00695494 0.999969 0.00378432 -0.942085 -0.983924 -0.0075186 0.178429 57.2041 
0.139609 -0.00471105 0.990196 9.27379 -0.00701233 0.999959 0.00574623 -0.94291 -0.990182 -0.0077458 0.13957 57.2583 
0.10323 -0.00646608 0.994636 9.77012 -0.00802485 0.999941 0.00733349 -0.945737 -0.994625 -0.00873885 0.103172 57.2979 
0.0704512 -0.00773838 0.997485 10.2881 -0.00707715 0.999941 0.00825732 -0.948514 -0.99749 -0.00764109 0.0703923 57.3227 
0.0411124 -0.00823155 0.999121 10.825 -0.00667418 0.999942 0.00851299 -0.949127 -0.999132 -0.0070183 0.0410551 57.3319 
0.0146435 -0.00605104 0.999875 11.383 -0.00924272 0.999938 0.00618684 -0.947701 -0.99985 -0.00933215 0.0145867 57.3385 
-0.00804179 -0.00367351 0.999961 11.9597 -0.013337 0.999905 0.00356609 -0.947261 -0.999879 -0.0133078 -0.00809002 57.3384 
-0.0275287 -0.00281045 0.999617 12.5597 -0.0135702 0.999905 0.00243759 -0.946725 -0.999529 -0.0134979 -0.0275643 57.3195 
-0.0445875 -0.00211432 0.999003 13.1749 -0.00961729 0.999952 0.00168713 -0.9481 -0.998959 -0.00953248 -0.0446057 57.2851 
-0.0603895 -0.0024219 0.998172 13.8117 -0.00762339 0.999969 0.00196509 -0.950672 -0.998146 -0.00749079 -0.0604061 57.2459 
-0.0759658 -0.00355168 0.997104 14.4666 -0.00821726 0.999962 0.00293586 -0.95584 -0.997077 -0.00797044 -0.0759921 57.2029 
-0.0906277 -0.00257804 0.995882 15.1404 -0.00749412 0.99997 0.00190668 -0.961811 -0.995857 -0.00729046 -0.0906443 57.1462 
-0.102965 -0.000803974 0.994685 15.8343 -0.00567387 0.999984 0.000220967 -0.966632 -0.994669 -0.00562096 -0.102968 57.0799 
-0.112653 0.00174106 0.993633 16.5429 0.00135662 0.999998 -0.00159837 -0.971771 -0.993633 0.00116792 -0.112655 56.9987 
-0.118419 0.00453847 0.992953 17.2693 0.00908186 0.999953 -0.00348732 -0.977959 -0.992922 0.0086049 -0.118455 56.9083 
-0.120526 0.00453286 0.9927 18.0128 0.0139822 0.999898 -0.00286808 -0.987481 -0.992612 0.0135344 -0.120577 56.8183 
-0.120512 0.00298018 0.992707 18.7751 0.0147942 0.99989 -0.00120573 -0.995806 -0.992602 0.014541 -0.120543 56.7397 
-0.117834 0.00215655 0.993031 19.5594 0.0180255 0.999838 -3.23729e-05 -1.00206 -0.99287 0.017896 -0.117854 56.6607 
-0.113496 0.00114222 0.993538 20.3538 0.0200314 0.999799 0.0011389 -1.01312 -0.993337 0.0200313 -0.113496 56.5867 
-0.109091 0.00206755 0.99403 21.1508 0.0185679 0.999828 -4.18139e-05 -1.02065 -0.993858 0.0184525 -0.10911 56.5152 
-0.10512 0.00309863 0.994455 21.9553 0.0182349 0.999833 -0.00118781 -1.03038 -0.994292 0.0180089 -0.105159 56.454 
-0.10059 0.00227543 0.994925 22.7622 0.0229289 0.999737 3.17765e-05 -1.0439 -0.994664 0.0228157 -0.100615 56.381 
-0.0968155 0.000241257 0.995302 23.5747 0.0286553 0.999586 0.00254511 -1.05487 -0.99489 0.028767 -0.0967824 56.3077 
-0.093115 -0.00323582 0.99565 24.3876 0.0313099 0.999491 0.0061765 -1.06517 -0.995163 0.0317488 -0.0929663 56.2445 
-0.0886251 -0.00676446 0.996042 25.2004 0.0343557 0.999361 0.00984391 -1.07374 -0.995472 0.0350921 -0.0883361 56.1858 
-0.083091 -0.00956506 0.996496 26.0081 0.0351177 0.999305 0.0125203 -1.08003 -0.995923 0.036035 -0.0826973 56.1304 
-0.0791115 -0.011016 0.996805 26.8202 0.032907 0.999365 0.013656 -1.08655 -0.996323 0.0338822 -0.0786988 56.0898 
-0.075252 -0.0125962 0.997085 27.6265 0.0262733 0.999548 0.0146102 -1.08772 -0.996818 0.0272961 -0.074887 56.0547 
-0.0710303 -0.0161219 0.997344 28.4404 0.0204978 0.999635 0.0176188 -1.08955 -0.997264 0.0216948 -0.0706739 56.0259 
-0.0666777 -0.0175846 0.99762 29.2565 0.0177125 0.999666 0.0188046 -1.09136 -0.997617 0.0189241 -0.066344 55.9938 
-0.0627722 -0.0136352 0.997935 30.0656 0.0183163 0.999723 0.0148118 -1.09658 -0.99786 0.0192083 -0.062505 55.963 
-0.0593019 -0.00588536 0.998223 30.8754 0.0195868 0.999783 0.00705821 -1.10075 -0.998048 0.0199706 -0.0591737 55.9288 
-0.0565128 -2.09367e-06 0.998402 31.6932 0.0181575 0.999835 0.00102991 -1.10691 -0.998237 0.0181867 -0.0565034 55.8989 
-0.0545259 -0.000669585 0.998512 32.5201 0.0175501 0.999845 0.00162888 -1.11346 -0.998358 0.0176128 -0.0545057 55.8662 
-0.0533036 -0.00435961 0.998569 33.3515 0.0201575 0.999782 0.00544095 -1.12288 -0.998375 0.0204187 -0.0532041 55.8354 
-0.0523065 -0.00465867 0.99862 34.1801 0.0212639 0.999757 0.00577779 -1.13512 -0.998405 0.0215368 -0.0521947 55.8033 
-0.0522982 -0.00224209 0.998629 35.0099 0.0193743 0.999807 0.00325941 -1.14583 -0.998444 0.0195182 -0.0522447 55.7782 
-0.0525639 -0.00100353 0.998617 35.842 0.012386 0.999922 0.00165684 -1.15521 -0.998541 0.012456 -0.0525473 55.7613 
-0.0536806 -0.00180504 0.998557 36.6885 0.0107399 0.99994 0.00238494 -1.16242 -0.9985 0.0108524 -0.0536579 55.7345 
-0.0547486 -0.00270471 0.998497 37.5411 0.0110074 0.999934 0.00331219 -1.1734 -0.99844 0.0111722 -0.0547152 55.7008 
-0.05631 0.000982466 0.998413 38.395 0.0105007 0.999945 -0.000391699 -1.18663 -0.998358 0.010462 -0.0563172 55.6685 
-0.0577021 0.00516356 0.998321 39.258 0.0108884 0.99993 -0.0045425 -1.19594 -0.998275 0.010608 -0.0577543 55.635 
-0.0584601 0.00799321 0.998258 40.1327 0.0123312 0.999897 -0.00728415 -1.20712 -0.998214 0.0118839 -0.0585527 55.5996 
-0.0594122 0.00902826 0.998193 41.0173 0.0148402 0.999857 -0.00815999 -1.22529 -0.998123 0.0143286 -0.0595377 55.5569 
-0.0602691 0.0103588 0.998128 41.9089 0.0154431 0.999836 -0.00944398 -1.24451 -0.998063 0.014845 -0.0604192 55.517 
-0.061457 0.00999811 0.99806 42.817 0.0143242 0.999856 -0.00913403 -1.2617 -0.998007 0.013735 -0.0615914 55.4745 
-0.0627653 0.00527538 0.998014 43.7367 0.0122309 0.999915 -0.00451618 -1.27961 -0.997953 0.0119231 -0.0628245 55.4369 
-0.0643183 0.00360765 0.997923 44.666 0.0121346 0.999922 -0.00283274 -1.30075 -0.997856 0.0119272 -0.0643571 55.3958 
-0.0654849 0.00707468 0.997829 45.596 0.0126318 0.999901 -0.00626034 -1.31633 -0.997774 0.0121944 -0.0655678 55.3496 
-0.0661796 0.0106695 0.997751 46.5329 0.0136502 0.999859 -0.00978662 -1.33171 -0.997714 0.0129718 -0.0663159 55.3048 
-0.0659716 0.0118963 0.997751 47.48 0.0167401 0.999801 -0.0108139 -1.35168 -0.997681 0.0159891 -0.0661577 55.2528 
-0.0659304 0.0083849 0.997789 48.4438 0.0212856 0.999749 -0.00699485 -1.37245 -0.997597 0.0207773 -0.0660923 55.1967 
-0.0663807 0.0026488 0.997791 49.4228 0.023068 0.999733 -0.00111926 -1.38623 -0.997528 0.0229427 -0.0664241 55.1439 
-0.0658241 -0.000442236 0.997831 50.408 0.0244046 0.9997 0.002053 -1.40524 -0.997533 0.0244868 -0.0657936 55.0991 
-0.0642311 0.00108875 0.997935 51.397 0.0234421 0.999725 0.000418161 -1.41534 -0.99766 0.0234205 -0.064239 55.0557 
-0.0635606 0.00407459 0.99797 52.3862 0.0228448 0.999736 -0.00262678 -1.42635 -0.997717 0.0226314 -0.0636369 55.0139 
-0.0633682 0.00594469 0.997973 53.3907 0.0169647 0.999844 -0.00487859 -1.44579 -0.997846 0.0166212 -0.0634592 54.9755 
-0.0639518 0.00579818 0.997936 54.4021 0.0140184 0.99989 -0.00491113 -1.46071 -0.997855 0.0136754 -0.0640261 54.9352 
-0.0645341 0.0010776 0.997915 55.4291 0.0140562 0.999901 -0.000170707 -1.47478 -0.997817 0.0140158 -0.0645429 54.889 
-0.065161 -0.00484669 0.997863 56.4717 0.0119778 0.999912 0.00563884 -1.48841 -0.997803 0.0123197 -0.0650973 54.84 
-0.0657502 -0.0043556 0.997827 57.5096 0.0139866 0.999888 0.00528626 -1.49977 -0.997738 0.0143038 -0.065682 54.7864 
-0.0659439 -0.000898562 0.997823 58.5426 0.0170003 0.999853 0.00202395 -1.50723 -0.997679 0.0170968 -0.065919 54.7289 
-0.0670996 0.00200405 0.997744 59.59 0.0190972 0.999817 -0.000723863 -1.51959 -0.997564 0.0190055 -0.0671256 54.6737 
-0.0693997 -0.00102117 0.997588 60.6486 0.0195335 0.999806 0.00238238 -1.53205 -0.997398 0.0196517 -0.0693663 54.6176 
-0.0719874 -0.00611263 0.997387 61.7134 0.020871 0.999753 0.00763356 -1.54321 -0.997187 0.021366 -0.071842 54.5541 
-0.0752284 -0.00904521 0.997125 62.7925 0.0222559 0.999695 0.0107477 -1.55336 -0.996918 0.0230005 -0.0750041 54.4918 
-0.07866 -0.00811301 0.996869 63.8605 0.0267668 0.999589 0.0102473 -1.55714 -0.996542 0.027489 -0.0784106 54.4163 
-0.082147 -0.00907454 0.996579 64.9288 0.0301087 0.99948 0.0115828 -1.56256 -0.996165 0.0309572 -0.081831 54.3429 
-0.0857263 -0.0110365 0.996258 65.999 0.0338655 0.999329 0.0139846 -1.5694 -0.995743 0.0349376 -0.085295 54.2635 
-0.0886201 -0.0105513 0.99601 67.0712 0.0371886 0.999212 0.0138941 -1.57165 -0.995371 0.0382715 -0.0881578 54.1849 
-0.0909097 -0.0068401 0.995836 68.136 0.0410265 0.999102 0.0106079 -1.57571 -0.995014 0.04182 -0.0905474 54.1017 
-0.0926952 -0.00218699 0.995692 69.2055 0.0433042 0.999043 0.00622584 -1.58325 -0.994752 0.0436947 -0.0925117 54.0184 
-0.0938531 0.000647893 0.995586 70.2756 0.0468828 0.998893 0.0037696 -1.59279 -0.994482 0.0470296 -0.0937796 53.9291 
-0.0931677 9.23436e-05 0.99565 71.3455 0.0458359 0.99894 0.00419647 -1.60363 -0.994595 0.0460275 -0.0930732 53.8483 
-0.0903755 -0.00226604 0.995905 72.4153 0.0470933 0.998869 0.0065464 -1.61479 -0.994794 0.0474921 -0.0901666 53.7688 
-0.0857101 -0.00569376 0.996304 73.4874 0.0504916 0.998674 0.010051 -1.62555 -0.99504 0.0511665 -0.085309 53.6861 
-0.0804268 -0.00860358 0.996723 74.5606 0.0509222 0.998622 0.012729 -1.63319 -0.995459 0.0517791 -0.0798778 53.6196 
-0.0756065 -0.0120076 0.997065 75.6393 0.0521831 0.99851 0.015982 -1.63708 -0.995771 0.0532383 -0.0748672 53.5609 
-0.0708527 -0.0132293 0.997399 76.7157 0.0534749 0.998424 0.0170417 -1.6429 -0.996052 0.0545432 -0.0700336 53.5024 
-0.067091 -0.00919672 0.997705 77.7924 0.0536812 0.998476 0.0128137 -1.64888 -0.996302 0.0544176 -0.066495 53.4506 
-0.0647602 -0.00437037 0.997891 78.8642 0.052985 0.998565 0.00781193 -1.65223 -0.996493 0.0533792 -0.0644356 53.3962 
-0.0634075 -0.00460818 0.997977 79.9407 0.053206 0.998552 0.00799138 -1.65937 -0.996568 0.0536051 -0.0630705 53.3458 
-0.0618643 -0.00659234 0.998063 81.0232 0.0541927 0.998481 0.00995424 -1.66755 -0.996612 0.0547035 -0.0614131 53.2953 
-0.0600572 -0.00354995 0.998189 82.1094 0.054534 0.998489 0.00683216 -1.67786 -0.996704 0.0548455 -0.0597728 53.2509 
-0.0577806 0.0022996 0.998327 83.1791 0.0546798 0.998504 0.000864764 -1.69043 -0.996831 0.0546383 -0.0578198 53.1996 
-0.0557695 0.00542431 0.998429 84.2535 0.0537914 0.998549 -0.00242028 -1.70692 -0.996994 0.0535719 -0.0559804 53.1592 
-0.0533958 0.00463529 0.998563 85.3314 0.0542771 0.998524 -0.00173272 -1.7297 -0.997097 0.0541066 -0.0535686 53.1204 
-0.0496879 0.00139166 0.998764 86.4193 0.0522161 0.998635 0.00120628 -1.74947 -0.997399 0.0522115 -0.0496927 53.0862 
-0.0452827 -0.00281085 0.99897 87.5057 0.0520927 0.998629 0.00517125 -1.76369 -0.997615 0.0522732 -0.0450742 53.0565 
-0.040605 -0.00529934 0.999161 88.593 0.0506071 0.998692 0.00735351 -1.77694 -0.997893 0.0508633 -0.0402837 53.0312 
-0.0371443 -0.00122948 0.999309 89.6826 0.0467833 0.998901 0.00296795 -1.79261 -0.998214 0.0468612 -0.0370459 53.0151 
-0.0354139 0.00814364 0.99934 90.7631 0.0431917 0.999045 -0.0066106 -1.81157 -0.998439 0.042929 -0.0357318 53.0019 
-0.034424 0.0160783 0.999278 91.8498 0.0376051 0.999183 -0.0147813 -1.83847 -0.9987 0.0370691 -0.0350005 52.9902 
-0.0338943 0.0156743 0.999303 92.9474 0.0369345 0.999214 -0.0144201 -1.86688 -0.998743 0.03642 -0.0344466 52.9712 
-0.0331515 0.00935747 0.999407 94.0529 0.0366428 0.999295 -0.0081409 -1.89881 -0.998778 0.0363512 -0.033471 52.9535 
-0.0345252 0.00319019 0.999399 95.1536 0.0384126 0.99926 -0.00186271 -1.92318 -0.998665 0.0383252 -0.0346222 52.9295 
-0.0367093 -0.00262129 0.999323 96.2503 0.0366985 0.999319 0.00396941 -1.93847 -0.998652 0.0368193 -0.0365881 52.9122 
-0.038695 -0.00764259 0.999222 97.3501 0.0362266 0.999303 0.00904613 -1.95807 -0.998594 0.0365484 -0.0383912 52.8881 
-0.0408944 -0.00702543 0.999139 98.4337 0.0366649 0.999291 0.00852722 -1.9708 -0.998491 0.036982 -0.0406078 52.8615 
-0.0429078 -0.00680221 0.999056 99.5182 0.0360981 0.999313 0.00835436 -1.98331 -0.998427 0.0364225 -0.0426328 52.8337 
-0.0444793 -0.00805784 0.998978 100.599 0.0372322 0.999259 0.00971791 -1.99464 -0.998316 0.0376264 -0.0441463 52.8 
-0.0452736 -0.00646849 0.998954 101.678 0.0382363 0.999235 0.00820326 -2.01057 -0.998243 0.0385676 -0.0449916 52.7663 
-0.0457511 0.00180727 0.998951 102.751 0.0388395 0.999246 -2.89521e-05 -2.02656 -0.998198 0.0387975 -0.0457867 52.7332 
-0.0460411 0.00970363 0.998892 103.816 0.0360046 0.999319 -0.0080482 -2.04556 -0.998291 0.0355942 -0.0463591 52.7025 
-0.0473732 0.0101349 0.998826 104.885 0.0336501 0.999397 -0.0085447 -2.06818 -0.99831 0.0332058 -0.0476857 52.6748 
-0.049688 0.00407248 0.998757 105.959 0.0291117 0.999573 -0.00262746 -2.09513 -0.99834 0.028945 -0.0497853 52.6485 
-0.0528182 -0.00359483 0.998598 107.03 0.0229193 0.999726 0.00481119 -2.11325 -0.998341 0.0231413 -0.0527213 52.624 
-0.0547794 -0.0117842 0.998429 108.09 0.0209834 0.999696 0.0129505 -2.12266 -0.998278 0.0216599 -0.0545155 52.5871 
-0.0564217 -0.018188 0.998241 109.141 0.0240637 0.999519 0.0195715 -2.13009 -0.998117 0.0251256 -0.0559569 52.5402 
-0.0585071 -0.0184578 0.998116 110.18 0.0227492 0.999545 0.0198178 -2.13276 -0.998028 0.0238659 -0.0580606 52.5008 
-0.059327 -0.0107938 0.99818 111.212 0.0264675 0.999573 0.012382 -2.1407 -0.997888 0.027154 -0.059016 52.4545 
-0.0598564 0.00375929 0.9982 112.236 0.03509 0.999383 -0.00165956 -2.15343 -0.99759 0.0349275 -0.0599513 52.398 
-0.0608876 0.0147667 0.998035 113.251 0.0399294 0.999126 -0.0123468 -2.17378 -0.997346 0.0390992 -0.0614241 52.3407 
-0.061166 0.0115727 0.998061 114.276 0.040284 0.999147 -0.00911648 -2.19787 -0.997314 0.0396483 -0.06158 52.2935 
-0.0610061 0.00101718 0.998137 115.319 0.042761 0.999084 0.00159544 -2.22058 -0.997221 0.0427786 -0.0609938 52.245 
-0.0605481 -0.00895969 0.998125 116.351 0.0427393 0.999019 0.0115604 -2.23545 -0.99725 0.0433592 -0.0601058 52.1965 
-0.0604478 -0.014282 0.998069 117.372 0.0412447 0.999008 0.0167934 -2.24227 -0.997319 0.0421802 -0.0597988 52.1551 
-0.0604795 -0.0196548 0.997976 118.39 0.0387442 0.999006 0.0220231 -2.24178 -0.997417 0.0399977 -0.0596579 52.1148 
-0.0599506 -0.0229303 0.997938 119.407 0.0360027 0.999036 0.0251184 -2.24212 -0.997552 0.0374343 -0.0590673 52.0689 
-0.0598723 -0.0207514 0.99799 120.402 0.0346376 0.999139 0.0228533 -2.24197 -0.997605 0.0359363 -0.059102 52.0275 
-0.0592671 -0.0139048 0.998145 121.394 0.0322309 0.999355 0.0158355 -2.24204 -0.997722 0.0331096 -0.0587807 51.9882 
-0.0591087 -0.00768384 0.998222 122.388 0.0320235 0.999441 0.0095895 -2.24327 -0.997738 0.0325333 -0.0588296 51.9473 
-0.0586806 -0.00251566 0.998274 123.372 0.0327077 0.999455 0.00444131 -2.2536 -0.997741 0.0329119 -0.0585663 51.9029 
-0.058652 0.00224222 0.998276 124.343 0.0340154 0.999421 -0.000246236 -2.26716 -0.997699 0.0339423 -0.0586943 51.8615 
-0.0579588 0.00643211 0.998298 125.309 0.0350156 0.999377 -0.0044061 -2.28675 -0.997705 0.0347007 -0.0581479 51.8182 
-0.0580401 0.00571704 0.998298 126.274 0.0361969 0.999338 -0.00361851 -2.30499 -0.997658 0.0359253 -0.0582087 51.779 
-0.0579594 -0.000701501 0.998319 127.242 0.0347412 0.999393 0.00271927 -2.32486 -0.997714 0.0348404 -0.0578998 51.7414 
-0.0586807 -0.0106437 0.99822 128.2 0.0327111 0.999386 0.0125791 -2.33994 -0.997741 0.033391 -0.0582965 51.7074 
-0.0594681 -0.0186253 0.998056 129.141 0.0274684 0.999417 0.0202874 -2.34983 -0.997852 0.0286215 -0.0589218 51.6718 
-0.0619484 -0.0216019 0.997846 130.064 0.0224952 0.999482 0.0230339 -2.35277 -0.997826 0.0238737 -0.0614304 51.6398 
-0.0636443 -0.0194159 0.997784 130.964 0.0180459 0.999625 0.0206028 -2.35889 -0.99781 0.0193172 -0.0632701 51.6037 
-0.0648235 -0.012145 0.997823 131.841 0.014835 0.999804 0.0131329 -2.36406 -0.997787 0.015654 -0.0646306 51.5677 
-0.0654971 -0.00519068 0.997839 132.7 0.0170486 0.999835 0.00632015 -2.37236 -0.997707 0.0174257 -0.0653978 51.5267 
-0.064421 0.0008266 0.997923 133.542 0.0211289 0.999777 0.000535882 -2.38515 -0.997699 0.0211195 -0.064424 51.4819 
-0.061392 0.00309925 0.998109 134.368 0.024867 0.99969 -0.00157459 -2.40346 -0.997804 0.0247233 -0.06145 51.4395 
-0.056949 0.00267587 0.998374 135.177 0.0289435 0.999581 -0.00102808 -2.42012 -0.997957 0.0288379 -0.0570025 51.4055 
-0.0520117 -0.00231268 0.998644 135.968 0.0314941 0.999496 0.00395498 -2.43655 -0.99815 0.031657 -0.0519126 51.3747 
-0.0480482 -0.00650927 0.998824 136.738 0.0322467 0.999447 0.00806459 -2.45445 -0.998324 0.0325963 -0.0478118 51.3532 
-0.043735 -0.00632091 0.999023 137.474 0.0329209 0.999428 0.00776471 -2.47209 -0.998501 0.0332283 -0.0435018 51.3324 
-0.0391621 -0.00181963 0.999231 138.181 0.0340515 0.999415 0.00315456 -2.48813 -0.998653 0.0341488 -0.0390772 51.3155 
-0.0347272 0.0022245 0.999394 138.86 0.0345876 0.999401 -0.00102261 -2.49983 -0.998798 0.0345311 -0.0347833 51.3044 
-0.0303268 0.0029631 0.999536 139.514 0.0355829 0.999365 -0.00188294 -2.51121 -0.998907 0.0355093 -0.0304129 51.2966 
-0.0260629 0.00262276 0.999657 140.138 0.0331478 0.999449 -0.00175795 -2.52784 -0.999111 0.0330906 -0.0261354 51.295 
-0.0222705 0.00164373 0.999751 140.726 0.0281337 0.999604 -0.00101674 -2.54565 -0.999356 0.028104 -0.0223079 51.3012 
-0.0188149 0.00200884 0.999821 141.293 0.0237037 0.999718 -0.00156253 -2.56203 -0.999542 0.0236701 -0.0188572 51.3086 
-0.0159 0.00525469 0.99986 141.844 0.022168 0.999742 -0.00490151 -2.57417 -0.999628 0.022087 -0.0160124 51.3144 
-0.0147898 0.0092995 0.999847 142.381 0.0210305 0.999738 -0.00898736 -2.58782 -0.999669 0.0208944 -0.0149815 51.3142 
-0.0151431 0.0103022 0.999832 142.913 0.0179485 0.999789 -0.0100299 -2.60498 -0.999724 0.0177937 -0.0153248 51.3178 
-0.0169671 0.00834032 0.999821 143.446 0.011831 0.999897 -0.00814014 -2.61936 -0.999786 0.0116907 -0.017064 51.3258 
-0.0189944 0.00418008 0.999811 143.981 0.00657392 0.99997 -0.00405582 -2.62911 -0.999798 0.00649564 -0.0190213 51.3277 
-0.0211284 -0.00103847 0.999776 144.509 0.00574488 0.999983 0.00116013 -2.6402 -0.99976 0.0057681 -0.0211221 51.3235 
-0.023298 -0.00398722 0.999721 145.03 0.00900856 0.999951 0.00419812 -2.65161 -0.999688 0.00910385 -0.0232609 51.3107 
-0.0256188 -0.00189526 0.99967 145.543 0.0112553 0.999934 0.00218424 -2.66646 -0.999608 0.0113075 -0.0255958 51.2973 
-0.0287619 0.00142754 0.999585 146.051 0.0107827 0.999941 -0.00111775 -2.67572 -0.999528 0.010746 -0.0287756 51.2928 
-0.0312145 0.00305591 0.999508 146.554 0.00698064 0.999972 -0.00283928 -2.68382 -0.999488 0.00688858 -0.031235 51.2884 
-0.033628 0.00478794 0.999423 147.051 0.00611461 0.999971 -0.00458478 -2.68979 -0.999416 0.0059569 -0.0336563 51.283 
-0.0355013 0.00625094 0.99935 147.55 0.00759802 0.999953 -0.00598475 -2.69551 -0.999341 0.00738062 -0.0355471 51.2692 
-0.0383413 0.00373222 0.999258 148.051 0.00830279 0.99996 -0.00341622 -2.70524 -0.99923 0.00816564 -0.0383708 51.2548 
-0.040778 -0.00162188 0.999167 148.551 0.00752058 0.99997 0.00193015 -2.7181 -0.99914 0.00759302 -0.0407646 51.2409 
-0.0433591 -0.00468487 0.999049 149.045 0.00662793 0.999966 0.00497687 -2.72151 -0.999038 0.00683742 -0.0433266 51.2298 
-0.0461034 -0.0057608 0.99892 149.536 0.00420581 0.999973 0.00596103 -2.72786 -0.998928 0.00447609 -0.0460779 51.2176 
-0.0481611 -0.00754043 0.998811 150.028 0.00296106 0.999966 0.00769197 -2.74087 -0.998835 0.00332799 -0.0481372 51.2048 
-0.0493293 -0.00920652 0.99874 150.516 0.0023794 0.999954 0.00933527 -2.75051 -0.99878 0.0028369 -0.0493051 51.1899 
-0.0502521 -0.00933346 0.998693 150.999 0.00183616 0.999954 0.00943768 -2.75453 -0.998735 0.00230802 -0.0502326 51.1748 
-0.0494453 -0.0074214 0.998749 151.48 0.00465162 0.99996 0.00766072 -2.75481 -0.998766 0.00502459 -0.0494088 51.1611 
-0.0446869 -0.00462259 0.99899 151.952 0.0069387 0.999964 0.00493752 -2.7582 -0.998977 0.00715234 -0.0446532 51.1478 
-0.037498 -0.00291793 0.999292 152.421 0.00724286 0.999969 0.00319173 -2.76571 -0.99927 0.00735742 -0.0374757 51.1442 
-0.0275522 -0.00311507 0.999616 152.887 0.00522327 0.999981 0.00326022 -2.77263 -0.999607 0.00531109 -0.0275354 51.1518 
-0.0120118 -0.00421448 0.999919 153.342 0.00700981 0.999966 0.00429893 -2.77768 -0.999903 0.00706088 -0.0119818 51.1615 
0.0102456 -0.00389607 0.99994 153.792 0.0128391 0.999911 0.00376445 -2.77957 -0.999865 0.0127998 0.0102947 51.1783 
0.0399306 -0.00347856 0.999196 154.237 0.0197344 0.999802 0.00269207 -2.7853 -0.999008 0.0196111 0.0399914 51.2119 
0.0762264 -0.00416207 0.997082 154.676 0.0215192 0.999765 0.00252819 -2.79062 -0.996858 0.0212636 0.0762981 51.2699 
0.116927 -0.0044491 0.993131 155.103 0.01837 0.999829 0.00231633 -2.80389 -0.992971 0.017973 0.116989 51.3579 
0.158804 -0.00151839 0.987309 155.523 0.0140769 0.999901 -0.000726414 -2.81449 -0.98721 0.0140136 0.15881 51.4665 
0.200466 0.00319461 0.979695 155.932 0.0137837 0.999887 -0.00608083 -2.8171 -0.979604 0.0147228 0.200399 51.5874 
0.242744 0.00744753 0.970062 156.335 0.015016 0.999822 -0.0114335 -2.82119 -0.969974 0.0173418 0.242589 51.7195 
0.285339 0.00948005 0.95838 156.73 0.0164321 0.999756 -0.0147816 -2.83132 -0.958286 0.019966 0.285113 51.8676 
0.326816 0.0114367 0.945019 157.111 0.0131815 0.999774 -0.0166578 -2.83869 -0.944996 0.0179008 0.326591 52.0411 
0.367116 0.0155399 0.930046 157.476 0.00543171 0.999808 -0.0188496 -2.84426 -0.930159 0.0119717 0.366961 52.2366 
0.40684 0.0206885 0.913265 157.829 -0.00300334 0.999768 -0.0213101 -2.85599 -0.913495 0.00592696 0.406808 52.4475 
0.446184 0.0265198 0.894548 158.183 -0.00741103 0.999636 -0.0259387 -2.86797 -0.894911 0.00494392 0.446218 52.6703 
0.484416 0.0304773 0.874307 158.53 -0.00871499 0.999512 -0.0300132 -2.87949 -0.874794 0.0069193 0.484445 52.9053 
0.522111 0.0294015 0.852371 158.878 -0.00674531 0.999517 -0.0303453 -2.89499 -0.852851 0.0100941 0.522057 53.1537 
0.557888 0.0278817 0.829447 159.219 -0.00808849 0.999571 -0.0281599 -2.9069 -0.829877 0.00900113 0.557875 53.4304 
0.591436 0.0284741 0.805849 159.555 -0.0122795 0.999579 -0.026307 -2.9233 -0.806259 0.00566354 0.591536 53.7298 
0.623154 0.0325044 0.781424 159.88 -0.0192188 0.999471 -0.026248 -2.9418 -0.781863 0.00133855 0.623448 54.0501 
0.653132 0.0359998 0.756388 160.202 -0.0244741 0.999351 -0.0264303 -2.95823 -0.756849 -0.00124937 0.653589 54.3883 
0.681074 0.0369553 0.731281 160.528 -0.0243625 0.999316 -0.0278104 -2.97351 -0.731809 0.0011251 0.681509 54.7358 
0.706209 0.035089 0.707133 160.853 -0.019386 0.999355 -0.0302287 -2.98513 -0.707738 0.00763931 0.706434 55.0964 
0.728725 0.0363911 0.683838 161.172 -0.0205371 0.999299 -0.0312934 -2.9958 -0.684498 0.0087603 0.728962 55.4825 
0.748424 0.0404815 0.661984 161.484 -0.0272699 0.99917 -0.0302702 -3.01325 -0.66266 0.00460274 0.748906 55.8985 
0.764979 0.0427804 0.642632 161.804 -0.0344274 0.999081 -0.0255274 -3.03311 -0.643134 -0.00259625 0.765749 56.3339 
0.7781 0.0409267 0.626806 162.123 -0.0354709 0.999146 -0.0212055 -3.05041 -0.627138 -0.00573337 0.778887 56.7722 
0.788919 0.0356101 0.613465 162.452 -0.0312215 0.999353 -0.0178588 -3.06712 -0.613704 -0.00506407 0.78952 57.2212 
0.798182 0.0279577 0.601768 162.79 -0.0248087 0.999601 -0.0135345 -3.0822 -0.601906 -0.00412603 0.798557 57.6797 
0.805538 0.0211593 0.592167 163.128 -0.0198487 0.999765 -0.00872278 -3.09937 -0.592212 -0.0047272 0.805768 58.1576 
0.812085 0.0178461 0.583267 163.467 -0.0180635 0.999822 -0.00544139 -3.11314 -0.58326 -0.00611692 0.812263 58.6646 
0.819098 0.0149632 0.573459 163.806 -0.0158437 0.999869 -0.00345911 -3.12324 -0.573435 -0.00625233 0.819227 59.1754 
0.826456 0.0106529 0.562901 164.155 -0.0103905 0.999939 -0.00366825 -3.12889 -0.562906 -0.00281717 0.826516 59.6991 
0.833058 0.0109218 0.553078 164.499 -0.00837825 0.99994 -0.00712655 -3.1421 -0.553123 0.00130303 0.833099 60.2381 
0.838758 0.0149434 0.5443 164.838 -0.0098469 0.999876 -0.0122769 -3.15726 -0.544416 0.00493771 0.838801 60.7938 
0.843101 0.0203784 0.537369 165.186 -0.0132005 0.999765 -0.0172027 -3.17078 -0.537593 0.00741011 0.843172 61.3724 
0.845277 0.0248582 0.53375 165.539 -0.0159932 0.999647 -0.0212283 -3.18379 -0.534089 0.00940747 0.845376 61.9647 
0.845115 0.0296782 0.53376 165.894 -0.0212786 0.999534 -0.0218853 -3.20191 -0.534161 0.00713796 0.845353 62.5772 
0.843417 0.0297898 0.536434 166.269 -0.0238391 0.999553 -0.0180267 -3.22497 -0.536731 0.00241596 0.84375 63.1983 
0.84095 0.0312587 0.54021 166.654 -0.0262835 0.999511 -0.0169198 -3.24647 -0.540475 3.01131e-05 0.84136 63.8316 
0.838188 0.0327859 0.544395 167.056 -0.0285946 0.99946 -0.0161658 -3.26559 -0.544632 -0.00201675 0.838673 64.4751 
0.835204 0.0327975 0.548961 167.464 -0.0298754 0.999452 -0.0142585 -3.28572 -0.549128 -0.00449166 0.835726 65.1249 
0.831923 0.0306354 0.554045 167.887 -0.027345 0.999525 -0.014208 -3.29904 -0.554217 -0.00333042 0.832366 65.7847 
0.828573 0.0275344 0.559204 168.324 -0.0253926 0.99961 -0.011595 -3.32102 -0.559305 -0.0045923 0.828949 66.4474 
0.824652 0.0282488 0.564935 168.768 -0.0266961 0.999583 -0.0110136 -3.33778 -0.565011 -0.00599911 0.825062 67.1261 
0.821206 0.03052 0.569815 169.22 -0.028234 0.999519 -0.012845 -3.35609 -0.569933 -0.00553974 0.821673 67.8062 
0.818245 0.0311655 0.574024 169.689 -0.0267731 0.999512 -0.0161026 -3.38002 -0.574246 -0.00219249 0.81868 68.4905 
0.815373 0.0331424 0.577987 170.164 -0.0268135 0.999451 -0.0194833 -3.40185 -0.578315 0.000388365 0.815814 69.1844 
0.812522 0.0324795 0.582025 170.647 -0.0261797 0.999472 -0.0192272 -3.4222 -0.582342 0.00038531 0.812944 69.8847 
0.810005 0.0294609 0.585683 171.14 -0.0274557 0.999547 -0.0123075 -3.4473 -0.585781 -0.00611118 0.810447 70.6006 
0.807603 0.0257726 0.589163 171.639 -0.0274016 0.999606 -0.006166 -3.47469 -0.58909 -0.0111643 0.807991 71.3187 
0.805669 0.0245985 0.591855 172.139 -0.0234638 0.999679 -0.00960792 -3.5007 -0.591901 -0.00614631 0.805987 72.0177 
0.804266 0.0296787 0.593528 172.633 -0.021888 0.999554 -0.0203219 -3.52831 -0.593866 0.00335315 0.804557 72.7055 
0.802851 0.0321724 0.595312 173.132 -0.0198691 0.999432 -0.0272162 -3.55733 -0.595849 0.0100222 0.803034 73.3996 
0.802036 0.0286514 0.596588 173.641 -0.0157873 0.999517 -0.0267783 -3.59195 -0.597067 0.0120587 0.802101 74.0983 
0.801306 0.023067 0.59781 174.148 -0.013495 0.999699 -0.0204854 -3.63083 -0.598103 0.00834758 0.801376 74.8015 
0.800752 0.0189167 0.598697 174.657 -0.0105255 0.999791 -0.0175121 -3.6634 -0.598903 0.00772132 0.800784 75.5053 
0.801087 0.0141722 0.59838 175.165 -0.00616025 0.999862 -0.0154337 -3.69364 -0.598516 0.00867763 0.801064 76.1997 
0.801354 0.0100509 0.598107 175.668 -0.00106959 0.999881 -0.0153694 -3.72214 -0.59819 0.0116766 0.801269 76.8887 
0.802073 0.00830347 0.597169 176.166 0.00134242 0.999876 -0.015706 -3.75391 -0.597225 0.013399 0.801962 77.5778 
0.802835 0.0106094 0.596107 176.658 0.00191894 0.999791 -0.0203784 -3.78465 -0.596198 0.0175044 0.802647 78.2604 
0.803361 0.0105991 0.595398 177.147 0.00485842 0.999692 -0.0243516 -3.81765 -0.595473 0.0224558 0.803062 78.939 
0.803668 0.00769495 0.595028 177.638 0.00725682 0.999715 -0.0227297 -3.84828 -0.595033 0.0225851 0.803384 79.6199 
0.803405 0.00613237 0.595402 178.123 0.00470888 0.99985 -0.0166518 -3.88097 -0.595415 0.0161819 0.803255 80.3031 
0.802804 0.000208968 0.596243 178.608 0.00539377 0.999957 -0.00761275 -3.91062 -0.596219 0.00932758 0.802768 80.9858 
0.802471 -0.00461245 0.596673 179.088 0.00771091 0.999967 -0.00264037 -3.93369 -0.596641 0.00671974 0.80248 81.6466 
0.801716 -0.00746724 0.597658 179.56 0.0104737 0.999944 -0.0015562 -3.95366 -0.597613 0.00750736 0.80175 82.2946 
0.800767 -0.00377719 0.598964 180.01 0.00821466 0.999955 -0.00467635 -3.97756 -0.598919 0.00866498 0.800762 82.9289 
0.799471 0.00373993 0.600693 180.438 0.00535439 0.999897 -0.0133515 -4.00471 -0.60068 0.0138905 0.799369 83.5418 
0.798059 0.00819003 0.602524 180.878 0.00567307 0.999761 -0.0211037 -4.02398 -0.602553 0.0202601 0.797822 84.1444 
0.795935 0.00796868 0.60533 181.308 0.00881054 0.999655 -0.0247444 -4.05359 -0.605318 0.0250282 0.79559 84.7196 
