1 2.12261e-08 -2.11895e-08 -1.92728e-15 2.12261e-08 1 2.10703e-08 -8.88178e-16 -2.11895e-08 2.10703e-08 1 -2.31482e-14 
0.999996 0.0028898 4.2881e-05 -0.00950175 -0.00288982 0.999995 0.00154935 -0.016143 -3.84459e-05 -0.00154942 0.999999 0.7869 
0.999985 0.00550064 7.46253e-05 -0.0242049 -0.00550073 0.999983 0.00197476 -0.032646 -6.38041e-05 -0.0019751 0.999998 1.5517 
0.999976 0.00692962 0.000533431 -0.0398307 -0.00693045 0.999975 0.00166542 -0.0488395 -0.000521919 -0.00166904 0.999999 2.30049 
0.99996 0.00888414 0.000671057 -0.0583018 -0.00888508 0.999959 0.00147032 -0.0656681 -0.00065801 -0.00147619 0.999999 3.03332 
0.999961 0.00881026 0.000744318 -0.0666214 -0.00881127 0.99996 0.00142509 -0.0813554 -0.000731775 -0.00143155 0.999999 3.7532 
0.99996 0.00890897 0.00124014 -0.0860435 -0.00891198 0.999957 0.00248063 -0.0977687 -0.00121803 -0.00249154 0.999996 4.45658 
0.999951 0.00976136 0.00159524 -0.093439 -0.00976956 0.999939 0.0052444 -0.109503 -0.00154399 -0.00525969 0.999985 5.14869 
0.999951 0.00947264 0.00288145 -0.0992285 -0.00949879 0.999912 0.00921562 -0.117806 -0.00279395 -0.00924249 0.999953 5.82079 
0.999953 0.00884089 0.00404107 -0.103032 -0.00889162 0.99988 0.0127237 -0.126212 -0.00392813 -0.012759 0.999911 6.464 
0.999956 0.00797148 0.00495452 -0.107003 -0.00804526 0.999854 0.0150626 -0.136085 -0.00483377 -0.0151018 0.999874 7.08105 
0.999945 0.00860199 0.00600819 -0.111055 -0.00869043 0.999852 0.0148593 -0.143001 -0.00587952 -0.0149106 0.999872 7.66995 
0.999933 0.00939182 0.00683587 -0.109851 -0.00947505 0.99988 0.0122521 -0.150228 -0.00672002 -0.012316 0.999902 8.23788 
0.999926 0.00947026 0.00760327 -0.112087 -0.00954207 0.99991 0.00946988 -0.156095 -0.00751294 -0.00954169 0.999926 8.76946 
0.999929 0.00764898 0.00916668 -0.111161 -0.00772293 0.999938 0.00806402 -0.161085 -0.00910447 -0.0081342 0.999926 9.27201 
0.999934 0.00390012 0.0108247 -0.103261 -0.00396223 0.999976 0.0057271 -0.166549 -0.0108021 -0.00576957 0.999925 9.75211 
0.999917 0.00199748 0.012697 -0.101033 -0.0020572 0.999987 0.00469615 -0.177198 -0.0126875 -0.00472184 0.999908 10.2007 
0.999874 0.00618454 0.0146389 -0.105213 -0.00622552 0.999977 0.0027578 -0.187584 -0.0146216 -0.00284854 0.999889 10.6121 
0.999789 0.0106038 0.0175817 -0.107953 -0.0106406 0.999941 0.00200356 -0.197126 -0.0175594 -0.00219018 0.999843 11.0024 
0.999718 0.0110245 0.021022 -0.10563 -0.0110905 0.999934 0.00302742 -0.202773 -0.0209873 -0.00325967 0.999774 11.357 
0.999684 0.00702254 0.0241211 -0.0940796 -0.00711146 0.999968 0.00360417 -0.207953 -0.024095 -0.00377453 0.999703 11.6806 
0.999646 0.00213478 0.0265248 -0.0763911 -0.00222536 0.999992 0.00338745 -0.210972 -0.0265174 -0.00344523 0.999642 11.9744 
0.99958 -0.00125681 0.0289653 -0.0657956 0.00112049 0.999988 0.00472375 -0.21522 -0.0289709 -0.00468927 0.999569 12.2426 
0.999501 -0.00173041 0.0315391 -0.0595436 0.00154959 0.999982 0.00575807 -0.221233 -0.0315485 -0.00570628 0.999486 12.4741 
0.999434 -0.00101574 0.033633 -0.0534666 0.000853704 0.999988 0.00483306 -0.224683 -0.0336376 -0.00480157 0.999423 12.6814 
0.999359 9.22627e-05 0.0358128 -0.0515216 -0.000210884 0.999995 0.00330969 -0.226914 -0.0358123 -0.00331508 0.999353 12.8702 
0.999252 0.00242014 0.0385888 -0.0536982 -0.00252157 0.999994 0.00258119 -0.232728 -0.0385823 -0.00267652 0.999252 13.0385 
0.999184 0.00494285 0.0400985 -0.0513567 -0.00502447 0.999986 0.00193613 -0.23977 -0.0400884 -0.00213599 0.999194 13.2083 
0.999118 0.00618058 0.0415429 -0.0486208 -0.00621539 0.99998 0.000710042 -0.248229 -0.0415377 -0.00096758 0.999137 13.3653 
0.999045 0.00525121 0.0433863 -0.0391949 -0.00520858 0.999986 -0.00109463 -0.252591 -0.0433914 0.000867643 0.999058 13.5195 
0.998986 0.00387174 0.0448567 -0.0299723 -0.00376305 0.99999 -0.00250626 -0.254742 -0.044866 0.00233496 0.99899 13.6671 
0.998934 0.00316136 0.0460442 -0.0220379 -0.00299674 0.999989 -0.00364296 -0.256769 -0.0460552 0.00350114 0.998933 13.8061 
0.998861 0.00393759 0.0475518 -0.015674 -0.00370636 0.999981 -0.0049488 -0.259659 -0.0475704 0.00476696 0.998857 13.941 
0.998799 0.00489739 0.0487483 -0.0109718 -0.00455898 0.999965 -0.0070499 -0.262692 -0.0487811 0.00681923 0.998786 14.0707 
0.998755 0.00494891 0.0496304 -0.00637999 -0.00449764 0.999948 -0.00919924 -0.266414 -0.0496734 0.00896462 0.998725 14.1938 
0.998726 0.00416006 0.0502832 0.000303181 -0.00358136 0.999926 -0.0115926 -0.26855 -0.0503278 0.0113978 0.998668 14.319 
0.998758 0.00306435 0.0497321 0.00634566 -0.00240142 0.999908 -0.0133835 -0.272561 -0.0497685 0.0132474 0.998673 14.4444 
0.998856 0.00273058 0.0477389 0.00942029 -0.002043 0.999894 -0.0144449 -0.276131 -0.0477733 0.0143309 0.998755 14.5718 
0.998997 0.00275218 0.0447039 0.0108553 -0.00205868 0.999877 -0.0155508 -0.277578 -0.0447412 0.0154432 0.998879 14.7022 
0.999164 0.0029034 0.0407698 0.00676498 -0.00222351 0.999858 -0.0167106 -0.282687 -0.0408126 0.016606 0.999029 14.8286 
0.999383 0.00323434 0.0349793 0.0046626 -0.00261184 0.999838 -0.0178261 -0.285761 -0.0350313 0.0177237 0.999229 14.9532 
0.999597 0.0030029 0.0282173 0.00358738 -0.00248254 0.999827 -0.0184566 -0.288694 -0.0282678 0.0183792 0.999431 15.0838 
0.999774 0.00302397 0.0210222 -0.00249782 -0.00262094 0.999813 -0.0191711 -0.292195 -0.0210762 0.0191117 0.999595 15.2162 
0.999913 0.00283802 0.012868 -0.0097542 -0.00257745 0.999792 -0.0202171 -0.294817 -0.0129227 0.0201822 0.999713 15.3497 
0.999995 0.00169398 0.00274367 -0.0203501 -0.00163494 0.99977 -0.0213669 -0.298829 -0.00277928 0.0213623 0.999768 15.4874 
0.999946 4.18095e-05 -0.0103976 -0.0308672 -0.000280825 0.999736 -0.0229913 -0.303181 0.0103939 0.022993 0.999682 15.6369 
0.999649 -0.000579753 -0.026504 -0.0537999 -7.83352e-05 0.999692 -0.0248236 -0.307472 0.0265102 0.024817 0.99934 15.7975 
0.998954 -0.000347714 -0.0457247 -0.086472 -0.000827515 0.99967 -0.0256818 -0.314447 0.0457185 0.0256928 0.998624 15.9716 
0.997714 0.000306356 -0.0675784 -0.123016 -0.00201757 0.999679 -0.0252557 -0.319565 0.067549 0.0253344 0.997394 16.1681 
0.995825 0.000982801 -0.0912741 -0.168643 -0.00318429 0.999707 -0.0239775 -0.323643 0.0912237 0.0241681 0.995537 16.3799 
0.992981 0.0017459 -0.118259 -0.222942 -0.00443936 0.999737 -0.0225166 -0.329079 0.118189 0.0228836 0.992727 16.6097 
0.988909 0.00284865 -0.148494 -0.292993 -0.0059585 0.999772 -0.0205022 -0.335047 0.148402 0.0211597 0.988701 16.8539 
0.983333 0.00271331 -0.181791 -0.374222 -0.00591352 0.999837 -0.0170642 -0.341806 0.181715 0.0178549 0.983189 17.1178 
0.975878 0.00369858 -0.218287 -0.483845 -0.00673771 0.99989 -0.0131801 -0.342384 0.218215 0.0143329 0.975796 17.3965 
0.966047 0.00548792 -0.258309 -0.599288 -0.00778964 0.999939 -0.00788824 -0.34495 0.25825 0.00963259 0.96603 17.6813 
0.953854 0.0094189 -0.300123 -0.732036 -0.0108585 0.999936 -0.00312926 -0.348142 0.300074 0.00624379 0.953896 17.9722 
0.939367 0.0130012 -0.342668 -0.87981 -0.0134072 0.999909 0.00118409 -0.348483 0.342652 0.00348195 0.939456 18.2715 
0.922196 0.0153506 -0.386418 -1.0433 -0.0137857 0.999882 0.00682058 -0.351489 0.386477 -0.000962803 0.922298 18.5751 
0.902362 0.018609 -0.430577 -1.22407 -0.0137693 0.999802 0.0143536 -0.352089 0.430759 -0.00702333 0.90244 18.8804 
0.879834 0.0226095 -0.474743 -1.42876 -0.0144583 0.999679 0.020814 -0.349467 0.475061 -0.0114489 0.879879 19.1917 
0.854229 0.0276929 -0.519159 -1.65317 -0.0169474 0.999533 0.0254314 -0.349769 0.519621 -0.0129258 0.854299 19.4933 
0.82534 0.0305987 -0.563807 -1.89491 -0.0175759 0.999439 0.0285123 -0.344559 0.564363 -0.0136228 0.825414 19.7906 
0.793449 0.0335864 -0.607709 -2.16082 -0.0194833 0.999366 0.0297941 -0.332823 0.608325 -0.0117999 0.793601 20.083 
0.758724 0.0360785 -0.650412 -2.45181 -0.0196221 0.999278 0.0325404 -0.324563 0.651117 -0.0119267 0.758884 20.3682 
0.720741 0.0396691 -0.692068 -2.76919 -0.0205094 0.999145 0.0359115 -0.307836 0.692901 -0.0116889 0.720938 20.6508 
0.680891 0.0407708 -0.731249 -3.11785 -0.0182619 0.999084 0.0386996 -0.292708 0.732157 -0.0129962 0.681012 20.9262 
0.639306 0.0405659 -0.767882 -3.49086 -0.0153279 0.999081 0.0400184 -0.280589 0.7688 -0.0138139 0.63934 21.1943 
0.59624 0.0394226 -0.801838 -3.88797 -0.0100177 0.999081 0.041671 -0.265715 0.802744 -0.0168133 0.596087 21.4424 
0.551219 0.0396185 -0.83342 -4.31001 -0.00542679 0.999021 0.0439014 -0.249977 0.834343 -0.0196765 0.550894 21.6776 
0.503906 0.0409156 -0.862789 -4.76144 -0.00371155 0.998971 0.045206 -0.228125 0.86375 -0.0195773 0.50354 21.8967 
0.453997 0.0404022 -0.890087 -5.23763 -0.00249969 0.999025 0.0440721 -0.205749 0.891 -0.0177836 0.453656 22.0882 
0.401547 0.0391716 -0.915 -5.73364 0.00250453 0.999034 0.0438682 -0.183887 0.915835 -0.0199068 0.401061 22.2608 
0.347709 0.0385708 -0.936809 -6.25667 0.00772763 0.999002 0.0439996 -0.166529 0.937571 -0.0225383 0.347064 22.4151 
0.293633 0.0374745 -0.955184 -6.80972 0.0102564 0.99905 0.0423484 -0.14254 0.955863 -0.0222316 0.292969 22.5453 
0.239622 0.0433517 -0.969898 -7.38752 0.0110272 0.998817 0.0473687 -0.116056 0.970804 -0.0220458 0.238861 22.6501 
0.188008 0.0483677 -0.980976 -7.98643 0.0135124 0.998565 0.0518246 -0.0897922 0.982075 -0.0229988 0.187085 22.7223 
0.139579 0.0498186 -0.988957 -8.60299 0.0188343 0.998419 0.0529535 -0.0653117 0.990032 -0.0260175 0.13842 22.776 
0.0952727 0.0511632 -0.994136 -9.23643 0.0209441 0.998354 0.0533875 -0.0442212 0.995231 -0.0259076 0.0940443 22.8013 
0.0547831 0.0493207 -0.997279 -9.88789 0.0205265 0.998513 0.0505093 -0.0165106 0.998287 -0.0232377 0.0536892 22.8024 
0.0190264 0.0449158 -0.99881 -10.5567 0.0178774 0.998815 0.0452566 0.0175462 0.999659 -0.0187172 0.0182009 22.7824 
-0.00944344 0.0446447 -0.998958 -11.242 0.0155117 0.998889 0.044495 0.050649 0.999835 -0.0150753 -0.0101255 22.7426 
-0.0304684 0.0488354 -0.998342 -11.9412 0.0141163 0.998727 0.0484235 0.0788228 0.999436 -0.0126175 -0.031119 22.6911 
-0.0434148 0.0548014 -0.997553 -12.6735 0.015878 0.998406 0.0541573 0.1077 0.998931 -0.0134879 -0.0442158 22.6405 
-0.05153 0.0574217 -0.997019 -13.4237 0.0155086 0.998271 0.0566923 0.137961 0.998551 -0.012541 -0.0523315 22.5841 
-0.0554811 0.0548224 -0.996954 -14.1961 0.0169418 0.998399 0.0539591 0.169257 0.998316 -0.0138965 -0.0563211 22.5295 
-0.0548243 0.0511576 -0.997185 -14.9758 0.0242359 0.998461 0.0498906 0.203756 0.998202 -0.0214324 -0.0559798 22.4808 
-0.0506703 0.0497257 -0.997477 -15.7795 0.0362114 0.998195 0.047922 0.244565 0.998059 -0.0336918 -0.0523794 22.4472 
-0.0454632 0.049936 -0.997717 -16.6073 0.0369042 0.998152 0.0482761 0.27673 0.998284 -0.0346251 -0.0472221 22.4066 
-0.0404636 0.0483054 -0.998013 -17.456 0.0352645 0.998278 0.0468884 0.30525 0.998559 -0.0332971 -0.0420974 22.3575 
-0.0373273 0.0420704 -0.998417 -18.3177 0.0388241 0.99842 0.0406191 0.339554 0.998549 -0.0372464 -0.0389017 22.323 
-0.0351385 0.0313266 -0.998891 -19.1944 0.0366122 0.998878 0.0300383 0.365793 0.998712 -0.0355161 -0.036246 22.2775 
-0.0345428 0.0227469 -0.999144 -20.0902 0.0291002 0.99934 0.0217453 0.386306 0.99898 -0.0283241 -0.0351819 22.2179 
-0.035789 0.0197311 -0.999165 -21.0147 0.0232953 0.99955 0.0189043 0.410857 0.999088 -0.0225992 -0.0362326 22.1586 
-0.0394345 0.0254481 -0.998898 -21.9646 0.0142355 0.999589 0.0249037 0.42615 0.999121 -0.0132377 -0.0397806 22.0916 
-0.0447503 0.0333676 -0.998441 -22.951 0.00935281 0.999412 0.0329808 0.449239 0.998954 -0.00786229 -0.0450361 22.0227 
-0.0495728 0.042925 -0.997848 -23.971 0.00796453 0.999061 0.0425815 0.479636 0.998739 -0.00583646 -0.0498681 21.9543 
-0.0513292 0.052875 -0.997281 -24.9945 0.00691664 0.998592 0.0525885 0.518051 0.998658 -0.00419846 -0.0516227 21.883 
-0.0526682 0.0606441 -0.996769 -26.0184 0.00888841 0.998143 0.060258 0.560791 0.998573 -0.00568597 -0.0531094 21.8175 
-0.0543369 0.0614552 -0.99663 -27.0371 0.0101969 0.998086 0.0609891 0.608019 0.998471 -0.00684856 -0.0548595 21.7499 
-0.055999 0.0587295 -0.996702 -28.0597 0.0089624 0.998258 0.0583176 0.653666 0.998391 -0.00566707 -0.0564278 21.6721 
-0.0588264 0.0537415 -0.996821 -29.0762 0.00867318 0.99854 0.0533224 0.696209 0.998231 -0.0055088 -0.0592066 21.5933 
-0.0635378 0.0487023 -0.99679 -30.0933 0.00878971 0.998797 0.0482401 0.732416 0.997941 -0.00569639 -0.0638894 21.5095 
-0.0691918 0.0441494 -0.996626 -31.1093 0.0089556 0.999008 0.0436331 0.765941 0.997563 -0.00590629 -0.0695185 21.4223 
-0.0761115 0.0421449 -0.996208 -32.1432 0.00805623 0.9991 0.0416517 0.801159 0.997067 -0.00485547 -0.0763825 21.317 
-0.0825803 0.044579 -0.995587 -33.2105 0.00843216 0.998995 0.0440322 0.836292 0.996549 -0.00475872 -0.0828731 21.2009 
-0.08903 0.0493241 -0.994807 -34.2885 0.00720752 0.998779 0.048876 0.874427 0.996003 -0.00281862 -0.0892768 21.0825 
-0.0952364 0.0521528 -0.994088 -35.3713 0.00439058 0.998639 0.051971 0.91397 0.995445 0.000584949 -0.0953358 20.9552 
-0.100123 0.0544082 -0.993486 -36.4421 0.00138753 0.99851 0.0545436 0.955296 0.994974 0.00408259 -0.100049 20.825 
-0.102896 0.0555745 -0.993138 -37.5286 -0.00279743 0.998418 0.0561598 1.00064 0.994688 0.00855689 -0.102578 20.6893 
-0.104685 0.0568742 -0.992878 -38.6109 -0.00697474 0.998297 0.05792 1.0438 0.994481 0.0129884 -0.10411 20.5474 
-0.106088 0.0564091 -0.992755 -39.7011 -0.0083422 0.998304 0.0576158 1.09111 0.994322 0.0143942 -0.105438 20.4041 
-0.107467 0.0554422 -0.992662 -40.7872 -0.00887781 0.998351 0.056721 1.13963 0.994169 0.0149083 -0.106798 20.2617 
-0.108579 0.0546047 -0.992587 -41.8803 -0.0100499 0.998379 0.0560227 1.18826 0.994037 0.0160583 -0.107854 20.1185 
-0.109499 0.0536996 -0.992535 -42.9705 -0.0122466 0.998391 0.0553675 1.23282 0.993911 0.0182179 -0.108666 19.9748 
-0.110436 0.0510925 -0.992569 -44.0565 -0.0165521 0.998445 0.0532366 1.27569 0.993745 0.0223084 -0.109419 19.8287 
-0.11069 0.0460719 -0.992787 -45.1462 -0.0220397 0.998566 0.0487974 1.31562 0.993611 0.0272821 -0.109515 19.674 
-0.109869 0.0452355 -0.992916 -46.2514 -0.0233902 0.99857 0.0480813 1.36029 0.993671 0.0285073 -0.108654 19.5269 
-0.10841 0.0493423 -0.992881 -47.3598 -0.0240979 0.998344 0.0522449 1.40237 0.993814 0.0295903 -0.107041 19.3854 
-0.106665 0.0525421 -0.992906 -48.4718 -0.0240463 0.998174 0.0554041 1.44267 0.994004 0.0297854 -0.105207 19.2483 
-0.105162 0.0522744 -0.99308 -49.5876 -0.0220147 0.99825 0.0548778 1.49099 0.994211 0.0276335 -0.103827 19.1139 
-0.102579 0.0516722 -0.993382 -50.6886 -0.0217177 0.998296 0.0541704 1.53407 0.994488 0.0271308 -0.101282 18.9781 
-0.0988824 0.0519704 -0.993741 -51.8281 -0.0260501 0.998158 0.0547936 1.58375 0.994758 0.0313053 -0.0973464 18.8435 
-0.0935012 0.0528254 -0.994217 -52.9547 -0.0308222 0.997959 0.055923 1.62665 0.995142 0.0358728 -0.0916822 18.7165 
-0.0877369 0.0523571 -0.994767 -54.0816 -0.0344249 0.997862 0.0555562 1.67374 0.995549 0.0391191 -0.085747 18.5906 
-0.0822043 0.0515429 -0.995282 -55.2103 -0.0358882 0.997861 0.0546407 1.72071 0.995969 0.0402106 -0.0801787 18.4771 
-0.0766575 0.050756 -0.995765 -56.3379 -0.0354163 0.997935 0.0535931 1.7663 0.996428 0.0393747 -0.0747016 18.373 
-0.0713336 0.0508859 -0.996154 -57.4795 -0.0337773 0.998002 0.053399 1.80983 0.99688 0.0374565 -0.0694722 18.2702 
-0.0658148 0.0514186 -0.996506 -58.6282 -0.0330542 0.998011 0.0536793 1.85771 0.997284 0.0364716 -0.0639843 18.1769 
-0.0604476 0.0530725 -0.996759 -59.7858 -0.0317941 0.997976 0.0550654 1.90449 0.997665 0.0350197 -0.0586379 18.0908 
-0.055087 0.0543146 -0.997003 -60.934 -0.0322315 0.997902 0.0561445 1.95207 0.997961 0.0352278 -0.0532208 18.0093 
-0.050098 0.0537384 -0.997298 -62.0886 -0.0315848 0.997967 0.0553611 1.99775 0.998245 0.034273 -0.0482988 17.9369 
-0.0454208 0.0492629 -0.997753 -63.2409 -0.0316364 0.998211 0.0507257 2.04157 0.998467 0.0338693 -0.0437811 17.8677 
-0.041049 0.0441597 -0.998181 -64.3898 -0.0313878 0.998473 0.0454634 2.0796 0.998664 0.033197 -0.0396002 17.8023 
-0.0372054 0.043447 -0.998363 -65.5485 -0.0314784 0.998508 0.0446264 2.12234 0.998812 0.0330872 -0.0357822 17.7367 
-0.0339472 0.0459865 -0.998365 -66.7156 -0.0307758 0.998419 0.0470354 2.15541 0.99895 0.0323223 -0.0324783 17.6778 
-0.0315514 0.0455834 -0.998462 -67.8798 -0.0310719 0.998432 0.0465639 2.19413 0.999019 0.0324933 -0.0300856 17.6143 
-0.0306469 0.0454247 -0.998498 -69.0539 -0.0327443 0.998385 0.0464246 2.2346 0.998994 0.0341179 -0.02911 17.5583 
-0.0297988 0.0462201 -0.998487 -70.2265 -0.0340224 0.998305 0.047227 2.27311 0.998977 0.0353783 -0.0281758 17.4998 
-0.0285383 0.0458003 -0.998543 -71.4003 -0.0349867 0.998292 0.0467887 2.30974 0.99898 0.036271 -0.0268871 17.441 
-0.0273035 0.0437243 -0.998671 -72.5834 -0.0352633 0.998379 0.0446756 2.34915 0.999005 0.0364363 -0.0257173 17.3853 
-0.0268011 0.0424228 -0.99874 -73.7698 -0.0335986 0.998496 0.043314 2.38731 0.999076 0.0347172 -0.0253354 17.3341 
-0.0263094 0.0421262 -0.998766 -74.9573 -0.0304717 0.998614 0.0429225 2.42398 0.999189 0.0315634 -0.0249893 17.2852 
-0.0260982 0.042977 -0.998735 -76.1425 -0.0281735 0.998647 0.0437094 2.45704 0.999262 0.0292786 -0.0248521 17.2385 
-0.0259895 0.04595 -0.998606 -77.3236 -0.0276064 0.998529 0.046665 2.4897 0.999281 0.0287808 -0.0246827 17.1876 
-0.0256342 0.0494399 -0.998448 -78.5111 -0.0295918 0.998301 0.0501923 2.52493 0.999233 0.0308326 -0.0241276 17.1347 
-0.0251625 0.0493104 -0.998467 -79.6883 -0.0321023 0.998228 0.0501077 2.56287 0.999168 0.033314 -0.023535 17.0813 
-0.0247539 0.0471339 -0.998582 -80.8607 -0.033135 0.9983 0.047942 2.60252 0.999144 0.0342748 -0.0231501 17.0284 
-0.0244892 0.044735 -0.998699 -82.0358 -0.0326502 0.99843 0.0455236 2.63846 0.999167 0.0337226 -0.0229901 16.9793 
-0.0245434 0.04415 -0.998723 -83.2116 -0.0303814 0.99853 0.0448881 2.67273 0.999237 0.0314443 -0.023166 16.9329 
-0.0245531 0.0457483 -0.998651 -84.3825 -0.0287077 0.998508 0.0464475 2.70424 0.999286 0.0298095 -0.0232032 16.8871 
-0.0241977 0.0485336 -0.998528 -85.5547 -0.0282939 0.998388 0.0492124 2.74048 0.999307 0.0294431 -0.0227854 16.8379 
-0.0236666 0.0508487 -0.998426 -86.7302 -0.02849 0.998266 0.0515158 2.77937 0.999314 0.0296644 -0.0221769 16.7887 
-0.0233874 0.0512185 -0.998414 -87.9231 -0.0303463 0.99819 0.0519178 2.816 0.999266 0.0315125 -0.0217908 16.7282 
-0.0231226 0.0490604 -0.998528 -89.0928 -0.0299538 0.998313 0.0497435 2.85661 0.999284 0.03106 -0.021614 16.6812 
-0.0229653 0.0476975 -0.998598 -90.2743 -0.0281562 0.998434 0.0483372 2.89744 0.99934 0.0292269 -0.0215864 16.6395 
-0.0228818 0.0489499 -0.998539 -91.4543 -0.0271624 0.998401 0.0495656 2.93263 0.999369 0.0282569 -0.0215156 16.5917 
-0.0227816 0.0518906 -0.998393 -92.6369 -0.0244858 0.998324 0.0524458 2.97265 0.999441 0.0256413 -0.0214728 16.5514 
-0.0229172 0.0544347 -0.998254 -93.816 -0.0232636 0.998217 0.0549668 3.01534 0.999467 0.0244827 -0.02161 16.5091 
-0.0225228 0.0561799 -0.998167 -94.989 -0.0237955 0.998107 0.0567134 3.06048 0.999463 0.0250293 -0.0211433 16.4637 
-0.0223261 0.0580995 -0.998061 -96.1531 -0.0261436 0.997935 0.0586769 3.10401 0.999409 0.0274029 -0.020761 16.4162 
-0.0220862 0.0572873 -0.998113 -97.3224 -0.0282547 0.997922 0.0579016 3.14815 0.999357 0.0294802 -0.0204217 16.3694 
-0.022206 0.0531742 -0.998338 -98.4808 -0.030578 0.998081 0.0538406 3.19508 0.999286 0.0317228 -0.0205374 16.3184 
-0.0220728 0.051537 -0.998427 -99.65 -0.0317524 0.998131 0.0522237 3.23839 0.999252 0.0328552 -0.0203952 16.2723 
-0.0222202 0.0498416 -0.99851 -100.815 -0.0314235 0.998228 0.0505268 3.28247 0.999259 0.0324994 -0.0206146 16.2317 
-0.0222951 0.0500516 -0.998498 -101.974 -0.030008 0.998263 0.0507098 3.32523 0.999301 0.0310936 -0.0207544 16.193 
-0.0224155 0.052164 -0.998387 -103.145 -0.0302067 0.998147 0.0528297 3.37106 0.999292 0.0313422 -0.0207982 16.1461 
-0.0226067 0.054136 -0.998278 -104.308 -0.0287928 0.998083 0.0547775 3.41578 0.99933 0.0299816 -0.0210047 16.1049 
-0.0233322 0.0531113 -0.998316 -105.471 -0.0323229 0.998026 0.0538513 3.46105 0.999205 0.033525 -0.0215694 16.0559 
-0.0235581 0.0542149 -0.998251 -106.641 -0.0366488 0.997811 0.0550558 3.50801 0.999051 0.0378818 -0.0215196 16.0027 
-0.0239226 0.0532015 -0.998297 -107.808 -0.0400144 0.997732 0.0541302 3.55433 0.998913 0.0412413 -0.0217396 15.949 
-0.0242236 0.0493873 -0.998486 -108.993 -0.0408883 0.997894 0.05035 3.59865 0.99887 0.0420461 -0.0221532 15.8965 
-0.025124 0.0451901 -0.998662 -110.181 -0.0407075 0.998103 0.0461889 3.64581 0.998855 0.0418136 -0.0232368 15.8497 
-0.0263945 0.0444444 -0.998663 -111.374 -0.0373109 0.998271 0.0454131 3.68388 0.998955 0.0384597 -0.0246906 15.8063 
-0.0266863 0.0439396 -0.998678 -112.608 -0.0326507 0.998462 0.0448026 3.72058 0.999111 0.0338032 -0.0252106 15.7543 
-0.0273528 0.0455352 -0.998588 -113.823 -0.0313959 0.99843 0.0463879 3.76733 0.999133 0.0326205 -0.0258802 15.7061 
-0.0281708 0.0495943 -0.998372 -115.054 -0.0304975 0.998261 0.0504493 3.80786 0.999138 0.0318691 -0.0266093 15.6489 
-0.0291578 0.0496837 -0.998339 -116.28 -0.0288831 0.998305 0.0505256 3.85418 0.999157 0.0303084 -0.0276733 15.5998 
-0.0303589 0.0454172 -0.998507 -117.485 -0.0288597 0.998511 0.0462948 3.8953 0.999122 0.0302221 -0.0290029 15.5535 
-0.0310458 0.0416503 -0.99865 -118.746 -0.0291976 0.998667 0.0425587 3.9401 0.999091 0.0304794 -0.0297883 15.4884 
-0.031831 0.0401265 -0.998688 -120.001 -0.0283045 0.998757 0.0410314 3.97972 0.999092 0.0295734 -0.0306557 15.4242 
-0.0323404 0.0413146 -0.998623 -121.262 -0.0303686 0.998643 0.0422989 4.01949 0.999015 0.0316947 -0.0310418 15.357 
-0.032783 0.045725 -0.998416 -122.538 -0.0350449 0.998286 0.0468698 4.06205 0.998848 0.036526 -0.0311244 15.2847 
-0.0331389 0.0489265 -0.998253 -123.805 -0.0404323 0.997918 0.0502523 4.10246 0.998633 0.042027 -0.0310917 15.2134 
-0.0334735 0.0485769 -0.998258 -125.07 -0.0478626 0.997594 0.0501495 4.14801 0.998293 0.049458 -0.031068 15.1384 
-0.0334672 0.0465982 -0.998353 -126.341 -0.0510709 0.997528 0.0482717 4.19038 0.998134 0.0526024 -0.0310047 15.0686 
-0.0342853 0.0452404 -0.998388 -127.612 -0.0530132 0.997486 0.0470201 4.23285 0.998005 0.0545399 -0.0318008 15.0056 
-0.0355951 0.0446246 -0.99837 -128.89 -0.0529075 0.997517 0.0464728 4.272 0.997965 0.0544755 -0.0331457 14.9485 
-0.035817 0.0439815 -0.99839 -130.177 -0.0507582 0.997662 0.0457703 4.30978 0.998069 0.0523159 -0.0335008 14.8736 
-0.0364332 0.0446814 -0.998337 -131.442 -0.0508165 0.997625 0.0465041 4.34733 0.998043 0.0524263 -0.0340761 14.8072 
-0.0373542 0.0495954 -0.998071 -132.72 -0.050377 0.997404 0.0514478 4.39391 0.998032 0.0522017 -0.0347588 14.7394 
-0.0382035 0.0537946 -0.997821 -133.997 -0.0490217 0.997247 0.0556405 4.44002 0.998067 0.0510406 -0.0354612 14.6716 
-0.0381609 0.0523256 -0.997901 -135.269 -0.0495097 0.997303 0.0541876 4.49183 0.998044 0.0514737 -0.0354673 14.5989 
-0.0375753 0.0509447 -0.997994 -136.529 -0.0491013 0.997399 0.0527631 4.54123 0.998087 0.0509854 -0.0349762 14.53 
-0.0365305 0.0503166 -0.998065 -137.786 -0.0479182 0.997495 0.0520417 4.58665 0.998183 0.0497266 -0.0340279 14.4638 
-0.0359151 0.0496644 -0.99812 -139.04 -0.0481288 0.99752 0.0513663 4.62975 0.998195 0.0498832 -0.0334357 14.3981 
-0.0354472 0.0517217 -0.998032 -140.313 -0.0481496 0.997412 0.0533997 4.67776 0.998211 0.0499478 -0.0328651 14.3382 
-0.0350824 0.0553812 -0.997849 -141.573 -0.0489561 0.997169 0.0570647 4.72619 0.998185 0.0508528 -0.0322719 14.277 
-0.034175 0.0563331 -0.997827 -142.834 -0.0504241 0.997041 0.0580158 4.77701 0.998143 0.0522973 -0.0312333 14.2154 
-0.0336194 0.0536451 -0.997994 -144.085 -0.0524052 0.99709 0.0553619 4.82407 0.99806 0.0541614 -0.0307103 14.1544 
-0.0337773 0.0505929 -0.998148 -145.328 -0.0512468 0.997316 0.052285 4.87321 0.998115 0.052918 -0.0310939 14.0932 
-0.033797 0.0489874 -0.998227 -146.571 -0.0483174 0.99755 0.05059 4.91875 0.99826 0.0499416 -0.0313472 14.0321 
-0.0345659 0.0487168 -0.998214 -147.822 -0.0470159 0.997626 0.0503162 4.95949 0.998296 0.0486712 -0.0321934 13.9777 
-0.0347975 0.048933 -0.998196 -149.08 -0.0445436 0.997732 0.0504631 5.0062 0.998401 0.0462192 -0.0325389 13.9128 
-0.0352701 0.0476636 -0.998241 -150.336 -0.0424884 0.997887 0.0491479 5.04784 0.998474 0.0441471 -0.0331704 13.854 
-0.035637 0.0477979 -0.998221 -151.585 -0.041852 0.997908 0.049277 5.09111 0.998488 0.0435336 -0.033562 13.7931 
-0.0362536 0.05062 -0.99806 -152.838 -0.0393465 0.99787 0.0520396 5.13525 0.998568 0.0411568 -0.0341846 13.7336 
-0.0364259 0.0518523 -0.99799 -154.078 -0.036793 0.997906 0.0531908 5.1832 0.998659 0.0386566 -0.0344418 13.6702 
-0.0366658 0.0506629 -0.998043 -155.308 -0.03462 0.99805 0.0519352 5.22503 0.998728 0.0364565 -0.0348404 13.6065 
-0.0378395 0.0504527 -0.998009 -156.536 -0.0354021 0.99803 0.051796 5.27366 0.998657 0.0372916 -0.0359788 13.5455 
-0.0381456 0.055168 -0.997748 -157.779 -0.0361315 0.997746 0.0565493 5.31899 0.998619 0.0382073 -0.0360663 13.4786 
-0.037782 0.0615122 -0.997391 -159.019 -0.041156 0.997161 0.063057 5.37102 0.998438 0.0434311 -0.0351431 13.4074 
-0.0367735 0.0612538 -0.997445 -160.255 -0.0458034 0.996967 0.0629131 5.42999 0.998273 0.0479999 -0.0338564 13.3309 
-0.0358418 0.057302 -0.997713 -161.5 -0.0493815 0.997034 0.059037 5.48729 0.998137 0.0513846 -0.0329058 13.2634 
-0.0341427 0.0516233 -0.998083 -162.742 -0.0511175 0.997268 0.0533298 5.54296 0.998109 0.0528403 -0.0314106 13.1919 
-0.0336647 0.0497006 -0.998197 -163.982 -0.0532592 0.997254 0.0514499 5.59135 0.998013 0.0548953 -0.0309252 13.1281 
-0.0326098 0.0468915 -0.998368 -165.201 -0.0480544 0.99767 0.0484283 5.63058 0.998312 0.0495553 -0.0302805 13.0716 
-0.0327258 0.0425706 -0.998557 -166.411 -0.0448887 0.998022 0.0440189 5.6699 0.998456 0.0462646 -0.0307501 13.0156 
-0.0330938 0.0395094 -0.998671 -167.645 -0.0385373 0.998425 0.0407767 5.70567 0.998709 0.0398355 -0.0315191 12.9605 
-0.0345789 0.0421721 -0.998512 -168.901 -0.0362994 0.998397 0.0434244 5.7487 0.998743 0.037747 -0.0329926 12.9129 
-0.0342671 0.0485545 -0.998233 -170.155 -0.0368206 0.99808 0.049811 5.78785 0.998734 0.0384624 -0.0324135 12.8578 
-0.0327756 0.0517285 -0.998123 -171.385 -0.0384345 0.997856 0.0529768 5.82775 0.998724 0.0400987 -0.0307172 12.794 
-0.031251 0.0484012 -0.998339 -172.608 -0.0395025 0.997987 0.0496207 5.87305 0.998731 0.0409876 -0.0292761 12.7368 
-0.0309236 0.0482622 -0.998356 -173.847 -0.0415828 0.997907 0.0495285 5.91796 0.998656 0.043046 -0.028852 12.6812 
-0.0303732 0.0495242 -0.998311 -175.081 -0.039587 0.997929 0.0507096 5.95517 0.998754 0.0410604 -0.0283498 12.6334 
-0.0300317 0.0476291 -0.998414 -176.285 -0.0398533 0.998013 0.0488087 5.9957 0.998754 0.041256 -0.0280738 12.5792 
-0.0283509 0.0460334 -0.998538 -177.475 -0.0399157 0.99809 0.0471461 6.03299 0.998801 0.041194 -0.0264593 12.5232 
-0.0269631 0.0478897 -0.998489 -178.633 -0.0413244 0.997945 0.0489795 6.06348 0.998782 0.0425826 -0.0249287 12.4718 
-0.0255422 0.049834 -0.998431 -179.766 -0.0411179 0.997859 0.0508574 6.09331 0.998828 0.0423524 -0.0234384 12.4212 
-0.0250492 0.0513234 -0.998368 -180.869 -0.0419525 0.997748 0.0523441 6.12258 0.998806 0.0431952 -0.0228396 12.3712 
-0.0249902 0.0524498 -0.998311 -181.953 -0.0424139 0.997668 0.0534778 6.15496 0.998788 0.0436787 -0.0227074 12.3236 
-0.0253553 0.0534991 -0.998246 -183.016 -0.0416255 0.997644 0.0545242 6.18458 0.998812 0.042935 -0.0230687 12.2791 
-0.0250454 0.0527018 -0.998296 -184.046 -0.0416149 0.997689 0.0537138 6.21378 0.99882 0.0428893 -0.0227943 12.2371 
-0.0237885 0.0526753 -0.998328 -185.039 -0.0426222 0.99765 0.0536551 6.24303 0.998808 0.0438273 -0.0214875 12.1957 
-0.0224228 0.0534457 -0.998319 -185.994 -0.0431818 0.997586 0.0543764 6.27186 0.998816 0.0443285 -0.0200608 12.1556 
-0.0237038 0.0521873 -0.998356 -186.936 -0.0415314 0.997723 0.0531402 6.2955 0.998856 0.0427228 -0.0214824 12.1225 
-0.0272553 0.0492855 -0.998413 -187.874 -0.0392142 0.997962 0.0503337 6.32196 0.998859 0.0405239 -0.025267 12.0907 
-0.0321607 0.045687 -0.998438 -188.835 -0.0391178 0.998132 0.046933 6.35494 0.998717 0.0405661 -0.0303134 12.0369 
-0.0371998 0.0423821 -0.998409 -189.789 -0.0407804 0.998204 0.0438928 6.38762 0.998475 0.0423483 -0.0354046 11.9807 
-0.0413174 0.0415246 -0.998283 -190.737 -0.0427636 0.998147 0.0432889 6.41704 0.998231 0.0444788 -0.0394651 11.9251 
-0.0446857 0.0421246 -0.998113 -191.671 -0.0442014 0.998049 0.0441008 6.4429 0.998023 0.0460887 -0.0427365 11.87 
-0.0470071 0.0440441 -0.997923 -192.61 -0.0429905 0.998013 0.0460732 6.46842 0.997969 0.045067 -0.0450202 11.8139 
-0.048996 0.0455284 -0.997761 -193.546 -0.0399407 0.998072 0.047504 6.49904 0.998 0.0421788 -0.0470831 11.7597 
-0.0507224 0.0459844 -0.997654 -194.479 -0.0381033 0.998123 0.0479432 6.52822 0.997986 0.0404457 -0.0488751 11.7044 
-0.0517236 0.0448434 -0.997654 -195.398 -0.0385336 0.998158 0.0468638 6.55695 0.997918 0.0408672 -0.0499003 11.6397 
-0.0528722 0.0435266 -0.997652 -196.306 -0.0405314 0.998133 0.0456956 6.58448 0.997778 0.0428523 -0.0510093 11.5763 
-0.0527386 0.042619 -0.997699 -197.218 -0.044223 0.998009 0.0449699 6.61251 0.997629 0.0464929 -0.0507489 11.5023 
-0.052105 0.0405641 -0.997817 -198.131 -0.0468542 0.997975 0.0430172 6.64239 0.997542 0.0489933 -0.0500989 11.4366 
-0.0514336 0.0378302 -0.99796 -199.039 -0.0471285 0.998077 0.0402636 6.66729 0.997564 0.0491033 -0.0495518 11.3753 
-0.0510033 0.035319 -0.998074 -199.954 -0.0468882 0.998188 0.0377191 6.6911 0.997597 0.0487217 -0.0492549 11.3118 
-0.0503674 0.0348725 -0.998122 -200.883 -0.0469545 0.998202 0.0372447 6.71561 0.997626 0.0487422 -0.0486394 11.245 
-0.0497422 0.0375138 -0.998057 -201.816 -0.0442464 0.998231 0.0397255 6.74162 0.997782 0.0461366 -0.0479943 11.1827 
-0.0498154 0.0389659 -0.997998 -202.756 -0.0438487 0.99819 0.0411621 6.76305 0.997795 0.0458115 -0.0480166 11.1171 
-0.0490642 0.0352663 -0.998173 -203.693 -0.0388649 0.998552 0.03719 6.78769 0.998039 0.0406186 -0.0476226 11.0572 
-0.0487445 0.0320588 -0.998297 -204.637 -0.0376693 0.998715 0.0339115 6.81449 0.998101 0.0392582 -0.0474742 10.9967 
-0.0483126 0.0320924 -0.998317 -205.58 -0.0420522 0.998532 0.0341344 6.8409 0.997947 0.0436306 -0.0468921 10.9279 
-0.0472488 0.0359932 -0.998235 -206.542 -0.0434818 0.998329 0.0380547 6.86122 0.997936 0.0452031 -0.0456048 10.8667 
-0.0452226 0.0355545 -0.998344 -207.506 -0.041059 0.998456 0.0374184 6.88625 0.998133 0.0426832 -0.0436929 10.8065 
-0.0432884 0.0368133 -0.998384 -208.482 -0.0397988 0.998464 0.0385419 6.9179 0.99827 0.041403 -0.0417568 10.7524 
-0.0421877 0.0413831 -0.998252 -209.469 -0.0404365 0.998253 0.043092 6.94776 0.998291 0.0421838 -0.0404406 10.6985 
-0.0406389 0.0456067 -0.998133 -210.46 -0.0375568 0.998182 0.0471381 6.9752 0.998468 0.0394023 -0.0388522 10.6467 
-0.0393434 0.0458948 -0.998171 -211.461 -0.0370801 0.99819 0.0473572 7.01266 0.998538 0.0388756 -0.0375703 10.5898 
-0.0374041 0.0465739 -0.998214 -212.468 -0.0406663 0.998015 0.0480885 7.04719 0.998472 0.0423924 -0.0354359 10.5286 
-0.034516 0.0481402 -0.998244 -213.485 -0.0436269 0.997815 0.049628 7.08567 0.998452 0.0452633 -0.0323404 10.4661 
-0.0310668 0.0483852 -0.998346 -214.51 -0.0448327 0.997755 0.0497517 7.12214 0.998511 0.0463042 -0.0288278 10.4141 
-0.0278649 0.0455825 -0.998572 -215.54 -0.0479001 0.997751 0.0468816 7.16018 0.998463 0.049138 -0.0256188 10.3587 
-0.0250756 0.0424586 -0.998784 -216.576 -0.0478573 0.997901 0.0436226 7.19458 0.998539 0.048893 -0.022991 10.315 
-0.0234064 0.0416925 -0.998856 -217.612 -0.0472872 0.997966 0.0427634 7.22657 0.998607 0.0482341 -0.0213872 10.2737 
-0.0220708 0.0438072 -0.998796 -218.668 -0.0478231 0.99785 0.0448224 7.26134 0.998612 0.0487549 -0.0199283 10.2337 
-0.0206001 0.0471612 -0.998675 -219.728 -0.0495537 0.997611 0.0481332 7.29538 0.998559 0.0504796 -0.0182138 10.189 
-0.0189147 0.0467255 -0.998729 -220.791 -0.0499578 0.997615 0.0476195 7.33325 0.998572 0.050795 -0.0165353 10.1429 
-0.0181407 0.0438731 -0.998872 -221.861 -0.0487812 0.997808 0.0447123 7.3701 0.998645 0.0495374 -0.0159608 10.1083 
-0.0181024 0.0409971 -0.998995 -222.941 -0.0460681 0.998064 0.0417937 7.40523 0.998774 0.0467785 -0.0161787 10.0725 
-0.018401 0.0399905 -0.999031 -224.033 -0.0445419 0.998175 0.0407766 7.43802 0.998838 0.0452491 -0.0165862 10.0401 
-0.0183345 0.0390594 -0.999069 -225.135 -0.0448169 0.9982 0.0398479 7.46854 0.998827 0.0455057 -0.0165509 10.0022 
-0.0179793 0.039096 -0.999074 -226.237 -0.0450845 0.998187 0.0398726 7.49929 0.998821 0.0457597 -0.0161841 9.96323 
-0.0180346 0.0399077 -0.999041 -227.351 -0.0472087 0.998055 0.0407205 7.53146 0.998722 0.0478978 -0.0161155 9.91693 
-0.0184628 0.0420372 -0.998945 -228.461 -0.0479581 0.997929 0.0428808 7.56547 0.998679 0.0486993 -0.0164085 9.87432 
-0.0194309 0.0437226 -0.998855 -229.602 -0.0481207 0.997845 0.0446145 7.60193 0.998653 0.0489325 -0.017285 9.83127 
-0.0202944 0.0453126 -0.998767 -230.745 -0.0494083 0.997706 0.0462685 7.6444 0.998572 0.0502864 -0.0180091 9.79002 
-0.0213617 0.0462912 -0.9987 -231.897 -0.0516344 0.997543 0.0473421 7.68235 0.998438 0.0525786 -0.018919 9.74341 
-0.0222568 0.0449248 -0.998742 -233.052 -0.0536751 0.997495 0.0460648 7.72276 0.99831 0.0546329 -0.0197897 9.68805 
-0.0233946 0.0404653 -0.998907 -234.206 -0.0522234 0.997767 0.0416422 7.76149 0.998361 0.0531405 -0.0212291 9.63752 
-0.0246756 0.034237 -0.999109 -235.388 -0.0490245 0.99817 0.0354156 7.79849 0.998493 0.0498548 -0.0229519 9.59155 
-0.0267511 0.029922 -0.999194 -236.574 -0.0444392 0.998528 0.0310918 7.82733 0.998654 0.0452352 -0.025382 9.54663 
-0.0290392 0.0303085 -0.999119 -237.763 -0.0382441 0.998775 0.0314096 7.85073 0.998846 0.0391225 -0.0278445 9.5021 
-0.0313936 0.0344543 -0.998913 -238.976 -0.0335733 0.998805 0.0355057 7.87703 0.998943 0.0346515 -0.0301994 9.44731 
-0.0333746 0.0369224 -0.998761 -240.183 -0.031429 0.998784 0.0379735 7.90569 0.998949 0.0326574 -0.0321736 9.38488 
-0.0353481 0.0365166 -0.998708 -241.388 -0.0298137 0.998849 0.037577 7.93399 0.99893 0.0311035 -0.0342187 9.32015 
-0.037559 0.0372116 -0.998601 -242.611 -0.029931 0.998816 0.0383454 7.96635 0.998846 0.0313294 -0.0364007 9.25144 
-0.0395866 0.0387352 -0.998465 -243.838 -0.0288313 0.998788 0.0398909 7.99732 0.9988 0.0303662 -0.0384218 9.18037 
-0.0420021 0.0384146 -0.998379 -245.062 -0.0279029 0.998826 0.0396056 8.02929 0.998728 0.0295212 -0.0408809 9.1094 
-0.044261 0.0369651 -0.998336 -246.293 -0.0276311 0.998888 0.0382106 8.06375 0.998638 0.0292764 -0.0431904 9.0313 
-0.0464914 0.0366785 -0.998245 -247.526 -0.0274693 0.998901 0.0379819 8.09424 0.998541 0.0291869 -0.0454327 8.95039 
-0.0488983 0.037658 -0.998094 -248.769 -0.0281494 0.99884 0.0390652 8.12588 0.998407 0.030006 -0.0477816 8.8669 
-0.0512481 0.037976 -0.997964 -250.016 -0.0287123 0.998808 0.0394825 8.15907 0.998273 0.0306773 -0.0500966 8.77925 
-0.0538624 0.0390464 -0.997785 -251.266 -0.0300188 0.99872 0.0407035 8.18891 0.998097 0.0321447 -0.0526213 8.68954 
-0.056252 0.0406936 -0.997587 -252.52 -0.0318453 0.998588 0.0425301 8.22301 0.997909 0.0341609 -0.0548767 8.59513 
-0.0577056 0.0414878 -0.997471 -253.792 -0.0332751 0.998501 0.0434557 8.25676 0.997779 0.0356986 -0.0562386 8.4991 
-0.0588208 0.0417753 -0.997394 -255.059 -0.0359558 0.998387 0.0439373 8.29229 0.997621 0.0384465 -0.0572239 8.40186 
-0.0588894 0.0417966 -0.997389 -256.319 -0.0362682 0.998374 0.0439793 8.3278 0.997606 0.0387635 -0.0572777 8.30241 
-0.0587107 0.0408419 -0.997439 -257.601 -0.0354245 0.998448 0.0429684 8.36042 0.997646 0.0378565 -0.0571728 8.19256 
-0.0584577 0.0398478 -0.997494 -258.865 -0.0325805 0.998595 0.0418012 8.3971 0.997758 0.0349425 -0.0570773 8.09811 
-0.0587645 0.0395908 -0.997487 -260.129 -0.0314835 0.998643 0.0414915 8.4319 0.997775 0.0338427 -0.0574383 8.002 
-0.058789 0.040059 -0.997466 -261.392 -0.0312633 0.998631 0.0419483 8.46443 0.997781 0.0336502 -0.0574561 7.90368 
-0.0586143 0.0398305 -0.997486 -262.657 -0.0303257 0.998672 0.0416598 8.50118 0.99782 0.0326914 -0.0573285 7.80942 
-0.0583383 0.04068 -0.997468 -263.93 -0.0300312 0.998646 0.0424844 8.53227 0.997845 0.0324337 -0.0570376 7.71267 
-0.0586558 0.0416544 -0.997409 -265.2 -0.027452 0.998684 0.0433221 8.56764 0.997901 0.029922 -0.0574351 7.62332 
-0.0588551 0.0442126 -0.997287 -266.461 -0.0230937 0.998691 0.0456378 8.60368 0.997999 0.0257171 -0.0577571 7.53815 
-0.0595132 0.0477641 -0.997084 -267.722 -0.0196461 0.998605 0.0490096 8.64083 0.998034 0.0225056 -0.0584918 7.45551 
-0.0595763 0.0504383 -0.996949 -268.976 -0.0176629 0.998513 0.051573 8.67862 0.998068 0.0206816 -0.0585969 7.36664 
-0.0595836 0.0488117 -0.997029 -270.211 -0.0180145 0.998589 0.0499646 8.71907 0.998061 0.0209381 -0.0586202 7.27201 
-0.059673 0.0473158 -0.997096 -271.434 -0.0203964 0.99861 0.0486083 8.75808 0.99801 0.0232378 -0.0586249 7.17375 
-0.060189 0.0500403 -0.996932 -272.67 -0.0261919 0.99832 0.0516912 8.80075 0.997843 0.0292228 -0.0587773 7.06835 
-0.0601282 0.0559067 -0.996624 -273.904 -0.0315591 0.997825 0.057878 8.84303 0.997692 0.0349326 -0.0582331 6.96085 
-0.0602369 0.0553 -0.996651 -275.131 -0.035585 0.997711 0.0575095 8.88818 0.99755 0.03893 -0.0581312 6.8604 
-0.0599509 0.0485681 -0.997019 -276.349 -0.0353026 0.998088 0.0507429 8.93408 0.997577 0.0382394 -0.0581217 6.76293 
-0.060627 0.0433081 -0.997221 -277.572 -0.0318556 0.998465 0.0452989 8.97399 0.997652 0.0345134 -0.0591544 6.67232 
-0.0606196 0.0424513 -0.997258 -278.798 -0.0261249 0.998686 0.0441002 9.01048 0.997819 0.0287266 -0.0594309 6.58435 
-0.059714 0.0442037 -0.997236 -280.029 -0.0228813 0.998696 0.0456385 9.0448 0.997953 0.0255433 -0.0586247 6.49685 
-0.0579216 0.0460541 -0.997258 -281.299 -0.0220406 0.998633 0.0473977 9.08971 0.998078 0.0247256 -0.0568274 6.39551 
-0.0567207 0.0483191 -0.99722 -282.557 -0.0233214 0.998492 0.0497072 9.13083 0.998118 0.0260761 -0.0555082 6.29889 
-0.0557594 0.0496029 -0.997211 -283.782 -0.0244568 0.998398 0.0510294 9.17511 0.998145 0.027234 -0.0544569 6.20104 
-0.0549377 0.050696 -0.997202 -285.015 -0.025268 0.99832 0.0521449 9.21322 0.99817 0.0280621 -0.0535644 6.10698 
-0.0543277 0.0500607 -0.997268 -286.238 -0.0247199 0.998369 0.0514627 9.25412 0.998217 0.0274482 -0.0530016 6.01869 
-0.0542517 0.0483108 -0.997358 -287.467 -0.0251279 0.998447 0.0497303 9.29367 0.998211 0.0277595 -0.0529535 5.93316 
-0.0540556 0.0470941 -0.997427 -288.7 -0.0249096 0.998513 0.0484954 9.33399 0.998227 0.027467 -0.0528021 5.84647 
-0.053978 0.0468091 -0.997444 -289.934 -0.0254348 0.998512 0.0482357 9.37238 0.998218 0.0279735 -0.0527071 5.75701 
-0.0535699 0.0469404 -0.99746 -291.159 -0.0252539 0.998511 0.0483462 9.39956 0.998245 0.0277797 -0.0523047 5.66455 
-0.0535663 0.0473664 -0.99744 -292.392 -0.0257528 0.998477 0.0487986 9.43627 0.998232 0.0283009 -0.0522649 5.57571 
-0.0532575 0.0475403 -0.997449 -293.63 -0.0251595 0.998485 0.048933 9.47578 0.998264 0.0277014 -0.0519807 5.48989 
-0.0534646 0.0458775 -0.997515 -294.871 -0.0248939 0.998572 0.0472604 9.51554 0.998259 0.0273589 -0.0522462 5.40395 
-0.0535866 0.0432561 -0.997626 -296.101 -0.0243706 0.998707 0.044612 9.55351 0.998266 0.0267033 -0.0524632 5.31652 
-0.053975 0.0402053 -0.997733 -297.333 -0.0250951 0.998819 0.0416067 9.589 0.998227 0.0272839 -0.0529023 5.22929 
-0.0543597 0.0388643 -0.997765 -298.56 -0.0269258 0.998822 0.0403724 9.62021 0.998158 0.0290603 -0.0532492 5.1358 
-0.0547636 0.0389002 -0.997741 -299.795 -0.0300531 0.998724 0.040588 9.65029 0.998047 0.032208 -0.0535246 5.03768 
-0.0548877 0.0398588 -0.997697 -301.038 -0.0334677 0.998568 0.0417348 9.68361 0.997932 0.0356814 -0.0534751 4.93609 
-0.0550683 0.0406966 -0.997653 -302.28 -0.0371049 0.998396 0.042775 9.71797 0.997793 0.0393733 -0.0534699 4.83338 
-0.055294 0.0405577 -0.997646 -303.519 -0.0387105 0.998336 0.0427313 9.75254 0.997719 0.0409822 -0.053632 4.74078 
-0.0556333 0.0385892 -0.997705 -304.755 -0.0383679 0.998432 0.0407568 9.78171 0.997714 0.0405474 -0.0540655 4.64649 
-0.0564492 0.0365858 -0.997735 -306.009 -0.0359444 0.998606 0.0386514 9.81137 0.997758 0.0380449 -0.0550555 4.56244 
-0.0576575 0.0363566 -0.997674 -307.262 -0.0332309 0.998713 0.0383149 9.84264 0.997783 0.0353628 -0.0563752 4.47656 
-0.059232 0.0385658 -0.997499 -308.526 -0.0309691 0.998702 0.0404512 9.87068 0.997764 0.0332877 -0.0579608 4.40143 
