1 2.12261e-08 -2.11895e-08 0 2.12261e-08 1 2.10703e-08 0 -2.11895e-08 2.10703e-08 1 0 
0.999933 -0.00273984 0.0112613 0.0139247 0.00272695 0.999996 0.00116312 -0.00621712 -0.0112645 -0.00113229 0.999936 0.290028 
0.999828 -0.00502887 0.0178616 0.0224206 0.00500867 0.999987 0.00117822 -0.00948079 -0.0178673 -0.00108851 0.99984 0.587033 
0.999778 -0.00776767 0.0196092 0.0328113 0.00776694 0.99997 0.000115312 -0.0152508 -0.0196095 3.70588e-05 0.999808 0.891588 
0.999813 -0.00936854 0.016903 0.043475 0.00939309 0.999955 -0.00137055 -0.0182202 -0.0168895 0.00152911 0.999856 1.19975 
0.999878 -0.0121588 0.00978472 0.0434203 0.0121872 0.999922 -0.00284391 -0.0218483 -0.00974942 0.00296285 0.999948 1.51702 
0.999902 -0.0136938 -0.00281911 0.0365626 0.0136801 0.999895 -0.00484067 -0.024054 0.00288505 0.00480167 0.999984 1.84743 
0.999722 -0.0130033 -0.0196766 0.0167293 0.0129048 0.999904 -0.00512541 -0.0292654 0.0197413 0.0048701 0.999793 2.18973 
0.999189 -0.00870851 -0.0393128 -0.0200271 0.00851159 0.99995 -0.00517464 -0.0345004 0.0393559 0.00483587 0.999214 2.54258 
0.998231 -0.00510931 -0.0592344 -0.0647599 0.00473216 0.999968 -0.00650633 -0.0389737 0.0592657 0.00621456 0.998223 2.90695 
0.996808 -0.00493166 -0.0796808 -0.110236 0.00438207 0.999965 -0.00707124 -0.0405025 0.0797129 0.00669955 0.996795 3.28576 
0.994871 -0.00654849 -0.100936 -0.162914 0.00591265 0.999961 -0.0065977 -0.0440704 0.100975 0.00596711 0.994871 3.67347 
0.992652 -0.00781428 -0.120749 -0.227986 0.00716491 0.999957 -0.00581142 -0.0484222 0.120789 0.00490361 0.992666 4.06434 
0.99033 -0.00661258 -0.138576 -0.30772 0.00594009 0.999969 -0.0052661 -0.0529609 0.138607 0.00439207 0.990338 4.4653 
0.988 -0.00542807 -0.154362 -0.391617 0.0047704 0.999978 -0.00463089 -0.0592322 0.154383 0.00383899 0.988004 4.87866 
0.98578 -0.00476716 -0.167972 -0.483019 0.00400498 0.99998 -0.00487623 -0.0652352 0.167992 0.00413422 0.98578 5.30223 
0.983632 -0.00613179 -0.180084 -0.577341 0.00515552 0.999969 -0.00588895 -0.0707176 0.180115 0.00486418 0.983634 5.742 
0.981752 -0.00989816 -0.189907 -0.67144 0.00850625 0.999931 -0.00814337 -0.0774931 0.189974 0.00637942 0.981768 6.19222 
0.980182 -0.00909014 -0.197892 -0.778942 0.0072441 0.999923 -0.0100507 -0.0842153 0.197968 0.00841798 0.980172 6.65326 
0.978652 -0.00888139 -0.205333 -0.894012 0.00659452 0.999908 -0.0118192 -0.0913417 0.205419 0.0102129 0.978621 7.12457 
0.976916 -0.00918602 -0.213425 -1.01246 0.00614481 0.99987 -0.0149087 -0.0972856 0.213534 0.0132532 0.976846 7.60716 
0.975107 -0.0132009 -0.221343 -1.13225 0.00978377 0.999816 -0.0165278 -0.109009 0.22152 0.0139509 0.975056 8.10885 
0.973276 -0.0194166 -0.228815 -1.2595 0.0157805 0.999719 -0.0177103 -0.121491 0.229094 0.0136263 0.973309 8.62378 
0.971135 -0.0200529 -0.237687 -1.39787 0.0156989 0.999673 -0.0201974 -0.135653 0.238014 0.0158831 0.971132 9.15087 
0.96907 -0.0160294 -0.246267 -1.5579 0.0102468 0.999641 -0.0247449 -0.147998 0.246575 0.0214561 0.968886 9.68136 
0.966845 -0.0127837 -0.255043 -1.72273 0.0058917 0.999597 -0.0277687 -0.166991 0.255295 0.0253454 0.966531 10.2184 
0.964652 -0.0148478 -0.263107 -1.8945 0.00731172 0.999535 -0.0295987 -0.188196 0.263424 0.0266287 0.964313 10.7773 
0.962273 -0.0174558 -0.271524 -2.06336 0.00911984 0.999448 -0.0319324 -0.209483 0.271932 0.0282515 0.961902 11.3387 
0.960054 -0.0170343 -0.279298 -2.25115 0.0077347 0.999379 -0.034365 -0.234516 0.27971 0.030832 0.959589 11.9145 
0.957748 -0.0159336 -0.287168 -2.45055 0.00528857 0.999271 -0.0378068 -0.262952 0.287561 0.0346907 0.957134 12.4964 
0.955421 -0.0169387 -0.294762 -2.64773 0.00445406 0.999066 -0.0429752 -0.292603 0.295215 0.0397465 0.954604 13.0901 
0.953635 -0.0182526 -0.300411 -2.85651 0.00317609 0.998714 -0.0505985 -0.326125 0.300949 0.0472984 0.952467 13.6961 
0.952332 -0.0188652 -0.304479 -3.07211 0.000991118 0.998272 -0.058752 -0.364519 0.305061 0.0556497 0.950705 14.3065 
0.951041 -0.0187855 -0.308494 -3.29479 -0.00220596 0.997713 -0.0675558 -0.406229 0.309057 0.0649289 0.948824 14.9347 
0.949698 -0.0181942 -0.312638 -3.52609 -0.00607653 0.997052 -0.0764831 -0.455771 0.313108 0.0745357 0.946788 15.5709 
0.948299 -0.0182826 -0.316851 -3.75966 -0.00864147 0.996482 -0.0833611 -0.512653 0.31726 0.0817894 0.944805 16.2203 
0.946722 -0.0161577 -0.321647 -4.0064 -0.0136068 0.995842 -0.090075 -0.57641 0.321765 0.0896526 0.942565 16.8677 
0.945079 -0.0155438 -0.326471 -4.26 -0.0166386 0.995285 -0.0955533 -0.648351 0.326417 0.0957375 0.940365 17.533 
0.943377 -0.0133629 -0.331454 -4.5219 -0.0213833 0.994661 -0.100962 -0.719708 0.331033 0.102333 0.938054 18.207 
0.941759 -0.0101809 -0.336134 -4.79748 -0.0264294 0.994209 -0.104161 -0.794185 0.335248 0.106979 0.936037 18.8789 
0.93997 -0.00950005 -0.341126 -5.07547 -0.0282506 0.994015 -0.105527 -0.874814 0.340087 0.108829 0.934076 19.5839 
0.937764 -0.00887915 -0.347161 -5.35456 -0.0293116 0.994082 -0.104603 -0.959433 0.346035 0.108268 0.931954 20.2807 
0.935476 -0.00817745 -0.353296 -5.64884 -0.0303098 0.994192 -0.103268 -1.04103 0.352088 0.107313 0.929795 20.9957 
0.932822 -0.00867901 -0.360234 -5.94599 -0.0298723 0.994406 -0.101312 -1.12537 0.359099 0.105267 0.927344 21.7256 
0.92955 -0.00769196 -0.368616 -6.25611 -0.0307188 0.99469 -0.0982209 -1.20758 0.367415 0.102625 0.924378 22.4634 
0.926196 -0.00606749 -0.376993 -6.57526 -0.0311084 0.995232 -0.0924451 -1.28906 0.375756 0.09735 0.921591 23.2009 
0.922691 -0.00254947 -0.385531 -6.91515 -0.0337718 0.9956 -0.08741 -1.36771 0.384057 0.0936726 0.918545 23.9485 
0.918993 0.000917737 -0.394272 -7.26303 -0.0367762 0.995837 -0.0834022 -1.44505 0.392554 0.0911459 0.915201 24.7048 
0.915143 0.00171832 -0.403126 -7.61995 -0.0377454 0.995963 -0.0814413 -1.52239 0.401358 0.0897467 0.911514 25.4618 
0.911082 0.00194329 -0.41222 -7.98726 -0.0387807 0.995958 -0.0810175 -1.59416 0.410396 0.0897998 0.907475 26.2216 
0.907169 0.00176737 -0.420762 -8.36444 -0.0389559 0.996049 -0.0798058 -1.6657 0.418959 0.0887886 0.903654 26.9864 
0.903272 0.00265648 -0.42906 -8.75615 -0.0399955 0.996148 -0.0780323 -1.73827 0.4272 0.0876449 0.899899 27.7575 
0.899475 0.00202155 -0.436967 -9.15476 -0.0390067 0.996369 -0.0756841 -1.81169 0.435227 0.0851207 0.896288 28.53 
0.895676 0.00270541 -0.444699 -9.56351 -0.038607 0.996679 -0.0716955 -1.87926 0.443029 0.0813844 0.892806 29.3019 
0.891933 0.00507333 -0.452138 -9.98783 -0.039126 0.997053 -0.0659962 -1.94587 0.450471 0.0765546 0.889503 30.0968 
0.888071 0.00526854 -0.459677 -10.4248 -0.0379269 0.997365 -0.0618416 -2.01133 0.45814 0.0723539 0.88593 30.8994 
0.88439 0.00402446 -0.466731 -10.8716 -0.0361378 0.997552 -0.0598747 -2.07545 0.465348 0.0698193 0.88237 31.7099 
0.88103 0.003364 -0.473049 -11.3287 -0.0353063 0.997653 -0.0586615 -2.1367 0.471742 0.0683842 0.879081 32.5243 
0.877903 0.00356207 -0.478826 -11.8004 -0.0350087 0.997774 -0.0567642 -2.19299 0.477558 0.0665966 0.876073 33.3507 
0.874919 0.0019443 -0.484266 -12.2834 -0.0330271 0.997903 -0.0556632 -2.25104 0.483142 0.0646947 0.873149 34.1881 
0.872581 0.00167254 -0.488467 -12.8273 -0.0330639 0.997903 -0.0556475 -2.31427 0.487349 0.0647076 0.870806 35.0466 
0.870515 0.000904172 -0.492141 -13.333 -0.0327724 0.997885 -0.0561357 -2.37453 0.491049 0.0649956 0.868704 35.9035 
0.869161 0.00106889 -0.494528 -13.8416 -0.033335 0.99785 -0.0564315 -2.43509 0.493405 0.0655332 0.867328 36.7534 
0.868782 0.00109812 -0.495193 -14.3621 -0.0328701 0.99792 -0.0554554 -2.49669 0.494102 0.0644558 0.867011 37.6143 
0.868626 0.0015245 -0.495465 -14.8874 -0.0325347 0.998013 -0.0539676 -2.55702 0.494398 0.0629975 0.86695 38.4917 
0.868308 6.04972e-05 -0.496025 -15.4184 -0.0305911 0.998103 -0.0534291 -2.61958 0.495081 0.0615669 0.866663 39.383 
0.867648 -0.00212587 -0.497174 -15.9519 -0.0285721 0.998125 -0.0541308 -2.68447 0.496357 0.0611719 0.865961 40.2745 
0.866674 -0.00431783 -0.498856 -16.5064 -0.026548 0.998146 -0.0547619 -2.74424 0.498168 0.0607044 0.864953 41.186 
0.865073 -0.00476725 -0.501624 -17.0576 -0.0251794 0.998282 -0.0529103 -2.80964 0.501014 0.0584019 0.863466 42.0997 
0.863091 -0.00416667 -0.505032 -17.6239 -0.0239017 0.998509 -0.0490856 -2.8725 0.504483 0.0544365 0.861704 43.0194 
0.860322 -0.00448791 -0.509731 -18.1771 -0.0214089 0.998761 -0.0449275 -2.93823 0.509301 0.049565 0.85916 43.9111 
0.856256 -0.00457876 -0.516532 -18.7421 -0.0205882 0.998864 -0.0429835 -3.00154 0.516142 0.0474394 0.855188 44.8137 
0.850995 -0.0085008 -0.525105 -19.3088 -0.0176765 0.998839 -0.0448169 -3.0666 0.524876 0.047421 0.849857 45.6938 
0.845186 -0.0117559 -0.534344 -19.8831 -0.0165247 0.998705 -0.0481096 -3.12554 0.534218 0.0494915 0.843897 46.535 
0.839118 -0.0119354 -0.543818 -20.4834 -0.0165964 0.998732 -0.0475282 -3.18392 0.543696 0.0489073 0.837856 47.4161 
0.833479 -0.00890156 -0.55248 -21.1042 -0.0173403 0.998956 -0.0422551 -3.24359 0.55228 0.0447989 0.832454 48.3009 
0.828349 -0.00429528 -0.560195 -21.7276 -0.020468 0.999071 -0.0379261 -3.30248 0.559838 0.0428822 0.827492 49.1775 
0.824331 -0.00424607 -0.566092 -22.356 -0.0218036 0.998992 -0.0392431 -3.3596 0.565688 0.0446922 0.823408 50.0466 
0.821081 -0.00640125 -0.570776 -22.9823 -0.0224118 0.998805 -0.0434418 -3.41654 0.570371 0.0484614 0.819956 50.8985 
0.818021 -0.00867203 -0.575123 -23.6135 -0.0249398 0.998411 -0.0505276 -3.47625 0.574647 0.0556762 0.816505 51.7459 
0.814945 -0.0100148 -0.579451 -24.2525 -0.02489 0.998323 -0.0522599 -3.53803 0.579003 0.0570116 0.81333 52.6054 
0.811563 -0.00834611 -0.584206 -24.9027 -0.0243463 0.998546 -0.0480867 -3.60368 0.583758 0.0532487 0.81018 53.4723 
0.808354 -0.00581239 -0.588669 -25.5573 -0.024072 0.998789 -0.0429172 -3.66424 0.588205 0.0488628 0.807234 54.3416 
0.805267 -0.00416323 -0.592898 -26.2141 -0.0242773 0.998905 -0.0399873 -3.72284 0.592416 0.0465945 0.804284 55.1967 
0.802134 -0.00392031 -0.597131 -26.8807 -0.0253832 0.998851 -0.0406554 -3.77367 0.596604 0.0477682 0.801113 56.0502 
0.798788 -0.00476044 -0.601594 -27.5448 -0.0258469 0.998774 -0.0422225 -3.8334 0.601057 0.0492762 0.797686 56.8884 
0.794728 -0.00754855 -0.606919 -28.2111 -0.0248244 0.998682 -0.0449273 -3.88938 0.606458 0.0507715 0.793493 57.7285 
0.790532 -0.00841405 -0.612363 -28.8883 -0.0244704 0.998673 -0.0453123 -3.94915 0.611931 0.0508056 0.789277 58.5707 
0.785968 -0.00842875 -0.61821 -29.5786 -0.0242188 0.99872 -0.0444076 -4.00976 0.617792 0.0498754 0.784758 59.4194 
0.781149 -0.00800107 -0.624294 -30.2765 -0.0245834 0.998748 -0.0435602 -4.07149 0.623861 0.0493743 0.779974 60.249 
0.775764 -0.00935422 -0.630954 -30.9832 -0.0242454 0.99871 -0.0446164 -4.13181 0.630557 0.0499096 0.774537 61.0874 
0.7705 -0.0108454 -0.637347 -31.7019 -0.0236007 0.998684 -0.0455254 -4.18852 0.637002 0.0501192 0.769231 61.9133 
0.765289 -0.0115865 -0.643583 -32.4075 -0.0238763 0.998639 -0.0463702 -4.25278 0.643244 0.0508531 0.763971 62.7008 
0.759657 -0.0132858 -0.650188 -33.1471 -0.023036 0.998614 -0.04732 -4.31561 0.649915 0.0509248 0.758299 63.5266 
0.753704 -0.0150724 -0.657041 -33.8787 -0.0222313 0.99858 -0.0484092 -4.37823 0.656837 0.0510932 0.752299 64.3298 
0.747475 -0.0166963 -0.66408 -34.6353 -0.0207259 0.998611 -0.0484358 -4.44048 0.663966 0.0499683 0.746091 65.1557 
0.741158 -0.0164866 -0.671128 -35.3916 -0.0201481 0.998702 -0.0467841 -4.50534 0.671028 0.0481964 0.739864 65.9596 
0.73476 -0.0168594 -0.678118 -36.1713 -0.0195821 0.998747 -0.0460487 -4.57007 0.678044 0.0471137 0.733509 66.7713 
0.728371 -0.0185519 -0.684931 -36.9509 -0.0185728 0.998732 -0.0468021 -4.63556 0.684931 0.0468105 0.727103 67.5726 
0.722007 -0.0198214 -0.691602 -37.7491 -0.0191569 0.998634 -0.04862 -4.70181 0.691621 0.048353 0.720641 68.3699 
0.716186 -0.0187596 -0.697657 -38.5561 -0.0211298 0.998598 -0.0485426 -4.76485 0.69759 0.0495069 0.714785 69.155 
0.711074 -0.0178218 -0.702891 -39.3796 -0.0219772 0.998627 -0.0475533 -4.83049 0.702774 0.0492616 0.709706 69.9371 
0.706181 -0.0173984 -0.707818 -40.207 -0.0229445 0.998611 -0.0474377 -4.89648 0.70766 0.0497402 0.7048 70.7308 
0.70143 -0.0187388 -0.712492 -41.0638 -0.0228651 0.998548 -0.0487724 -4.95684 0.712371 0.0505017 0.699983 71.5286 
0.696272 -0.0200988 -0.717496 -41.9136 -0.0238871 0.998405 -0.0511483 -5.03109 0.71738 0.052752 0.694682 72.313 
0.691306 -0.0229511 -0.722198 -42.768 -0.02303 0.998288 -0.05377 -5.09978 0.722195 0.0538038 0.689594 73.1006 
0.686278 -0.0235378 -0.726959 -43.6307 -0.0235367 0.998234 -0.0545408 -5.17 0.726959 0.0545404 0.684512 73.8781 
0.681375 -0.0232317 -0.731566 -44.4989 -0.0228275 0.998335 -0.0529648 -5.24265 0.731578 0.0527887 0.67971 74.6572 
0.676551 -0.0231064 -0.736033 -45.3894 -0.022443 0.998396 -0.0519721 -5.3152 0.736054 0.0516806 0.674947 75.4278 
0.671513 -0.0241738 -0.740598 -46.2826 -0.021883 0.998385 -0.05243 -5.39032 0.740669 0.051414 0.6699 76.2008 
0.666846 -0.0249249 -0.744779 -47.1741 -0.0213064 0.998394 -0.0524894 -5.46547 0.744891 0.050871 0.665244 76.9648 
0.662519 -0.0254423 -0.748613 -48.0768 -0.0206685 0.998422 -0.0522238 -5.53627 0.74876 0.050072 0.660947 77.7328 
0.658398 -0.026574 -0.752201 -48.9839 -0.019354 0.998448 -0.052214 -5.60745 0.752421 0.0489357 0.656862 78.5022 
0.65451 -0.0293632 -0.755483 -49.9014 -0.0166999 0.99844 -0.0532741 -5.68382 0.755869 0.047485 0.652999 79.2698 
0.650258 -0.0340942 -0.758948 -50.8196 -0.0136166 0.998309 -0.0565136 -5.75736 0.759591 0.0470828 0.648694 80.0319 
0.645593 -0.0381351 -0.762729 -51.7357 -0.00964979 0.998265 -0.0580793 -5.83533 0.763621 0.0448558 0.644105 80.781 
0.638946 -0.0415964 -0.768127 -52.6733 -0.00486331 0.998299 -0.0581063 -5.91629 0.769237 0.0408625 0.637656 81.54 
0.630615 -0.0454825 -0.774762 -53.6226 0.000285128 0.998295 -0.058373 -5.9975 0.776096 0.03659 0.629553 82.2936 
0.621805 -0.046589 -0.781785 -54.5884 0.00310817 0.998368 -0.0570237 -6.07788 0.783166 0.0330277 0.620935 83.0368 
0.613238 -0.0450741 -0.788611 -55.5738 0.00337013 0.998511 -0.0544505 -6.15905 0.789891 0.0307334 0.612477 83.7744 
0.604269 -0.0448444 -0.795517 -56.5582 0.00287974 0.998531 -0.0541012 -6.2403 0.796775 0.0304008 0.603511 84.4949 
0.594692 -0.0463268 -0.802618 -57.5578 0.00210317 0.998425 -0.0560704 -6.31586 0.803951 0.0316566 0.593852 85.213 
0.584798 -0.0483471 -0.809737 -58.5709 0.00227533 0.998316 -0.0579634 -6.39734 0.811175 0.0320545 0.583924 85.9153 
0.575186 -0.0500782 -0.816489 -59.6014 0.00275932 0.998238 -0.0592817 -6.47966 0.818018 0.0318451 0.57431 86.6066 
0.565124 -0.0508563 -0.823437 -60.6499 0.00566547 0.998314 -0.0577686 -6.56301 0.824987 0.0279813 0.564459 87.3079 
0.555043 -0.0508084 -0.830269 -61.6856 0.00682724 0.998378 -0.0565317 -6.64962 0.831794 0.0257091 0.554489 87.9752 
0.544604 -0.0516403 -0.837102 -62.7474 0.00723937 0.998355 -0.0568782 -6.7329 0.838662 0.024916 0.544082 88.6485 
0.534468 -0.0528862 -0.843533 -63.8114 0.00689842 0.99828 -0.0582174 -6.81512 0.845161 0.0252964 0.533913 89.2993 
0.524681 -0.0530109 -0.849647 -64.892 0.00483785 0.998229 -0.0592937 -6.9023 0.851285 0.0269999 0.524008 89.934 
0.514941 -0.0543214 -0.855503 -65.9815 0.00413155 0.998136 -0.0608913 -6.98785 0.857216 0.0278209 0.514206 90.5624 
0.505328 -0.054091 -0.86123 -67.093 0.00302712 0.998138 -0.0609135 -7.0754 0.862922 0.0281743 0.504551 91.1866 
0.496666 -0.0520962 -0.866377 -68.2039 0.00223554 0.998271 -0.0587455 -7.16438 0.867939 0.0272401 0.495923 91.7959 
0.488841 -0.0506059 -0.870904 -69.3117 0.00291228 0.998405 -0.05638 -7.25165 0.872368 0.0250246 0.488209 92.3918 
0.481284 -0.0511266 -0.875072 -70.4264 0.0032775 0.998396 -0.0565292 -7.33661 0.876558 0.0243386 0.48068 92.9791 
0.473689 -0.0542659 -0.879019 -71.5643 0.00532179 0.998258 -0.0587593 -7.42309 0.880676 0.0231558 0.473153 93.5717 
0.466525 -0.0579714 -0.882606 -72.707 0.00817398 0.99809 -0.061236 -7.50944 0.88447 0.0213538 0.466108 94.1633 
0.460353 -0.0610077 -0.885637 -73.8632 0.00953721 0.997918 -0.0637848 -7.60242 0.887685 0.0209171 0.459977 94.7422 
0.454845 -0.0644991 -0.888232 -75.0004 0.0115462 0.997717 -0.0665368 -7.6987 0.890496 0.0200083 0.454551 95.3062 
0.449906 -0.0657875 -0.89065 -76.1479 0.014395 0.997688 -0.0664223 -7.79518 0.89296 0.0170629 0.449812 95.8757 
0.445551 -0.0632071 -0.893022 -77.2968 0.0163081 0.997912 -0.0624946 -7.89774 0.895108 0.0132811 0.445652 96.4357 
0.441543 -0.0615204 -0.895129 -78.4432 0.0195428 0.998069 -0.0589554 -7.99143 0.897027 0.00853798 0.441892 96.9869 
0.438043 -0.0608702 -0.896891 -79.5908 0.021346 0.998128 -0.0573156 -8.08754 0.8987 0.00596179 0.438523 97.5317 
0.435022 -0.0609395 -0.898355 -80.725 0.0231721 0.998134 -0.0564871 -8.17803 0.900121 0.00375646 0.435623 98.0636 
0.432564 -0.0601636 -0.899594 -81.8752 0.0251514 0.998188 -0.0546636 -8.26788 0.901253 0.00101951 0.433293 98.5966 
0.429886 -0.0594873 -0.900921 -83.0145 0.0272362 0.998228 -0.0529162 -8.35466 0.902472 -0.00178967 0.430744 99.1304 
0.427164 -0.0607825 -0.902129 -84.1439 0.0303369 0.99814 -0.0528867 -8.44009 0.903665 -0.0047765 0.428213 99.6565 
0.425217 -0.0617097 -0.902985 -85.286 0.0336611 0.998061 -0.0523561 -8.51849 0.904465 -0.00813269 0.42647 100.167 
0.422658 -0.0608668 -0.904243 -86.4032 0.037184 0.998067 -0.0498019 -8.60222 0.905526 -0.0125742 0.424104 100.683 
0.420272 -0.0602433 -0.905396 -87.5127 0.0392419 0.998067 -0.0481939 -8.68416 0.906549 -0.0152749 0.421824 101.183 
0.418656 -0.0613539 -0.90607 -88.6107 0.0414577 0.997966 -0.0484208 -8.76489 0.907198 -0.0172918 0.420348 101.672 
0.41769 -0.0623869 -0.906445 -89.6888 0.0424139 0.997891 -0.0491364 -8.84297 0.907599 -0.017922 0.419456 102.143 
0.416802 -0.0637116 -0.906762 -90.7598 0.0427943 0.99781 -0.0504381 -8.92441 0.90799 -0.0177815 0.418615 102.624 
0.417325 -0.0642173 -0.906485 -91.8179 0.0418618 0.9978 -0.051414 -9.00679 0.907793 -0.0164907 0.419095 103.086 
0.419515 -0.0640876 -0.905483 -92.862 0.039891 0.997843 -0.0521428 -9.08627 0.906871 -0.0142459 0.421167 103.551 
0.423569 -0.0645884 -0.903558 -93.8956 0.0384879 0.997837 -0.0532853 -9.16421 0.905046 -0.012206 0.425139 104.019 
0.428243 -0.0651289 -0.901313 -94.9088 0.0373079 0.997823 -0.0543765 -9.24466 0.902893 -0.0103397 0.429741 104.489 
0.434412 -0.0651753 -0.898353 -95.9325 0.036769 0.99783 -0.0546122 -9.3235 0.899963 -0.00930723 0.435866 104.956 
0.440706 -0.0643792 -0.89534 -96.9341 0.0362863 0.997887 -0.0538919 -9.39967 0.896918 -0.00873809 0.442111 105.441 
0.4485 -0.063558 -0.89152 -97.9306 0.0356244 0.997947 -0.0532237 -9.47469 0.893073 -0.00788904 0.449843 105.925 
0.457287 -0.0631624 -0.887073 -98.9209 0.0350639 0.99798 -0.0529838 -9.54896 0.888628 -0.00687536 0.458578 106.418 
0.466576 -0.0627256 -0.882254 -99.9042 0.0346008 0.998013 -0.0526572 -9.62496 0.883804 -0.00595807 0.46782 106.919 
0.476057 -0.0640541 -0.877079 -100.883 0.0344369 0.997937 -0.054189 -9.70011 0.87874 -0.00440672 0.477281 107.432 
0.486305 -0.0652047 -0.871353 -101.847 0.0324516 0.997872 -0.056561 -9.7804 0.873187 -0.000770826 0.487386 107.952 
0.497623 -0.0665818 -0.864834 -102.806 0.0312188 0.997778 -0.0588537 -9.85503 0.866831 0.00228792 0.498596 108.479 
0.509885 -0.0643901 -0.857829 -103.742 0.028226 0.99791 -0.0581275 -9.92995 0.859779 0.00542531 0.510637 109.004 
0.522709 -0.0613208 -0.850303 -104.671 0.0263594 0.998095 -0.0557751 -10.0145 0.852104 0.00674066 0.52333 109.546 
0.535217 -0.0585825 -0.842681 -105.608 0.0252816 0.998256 -0.0533407 -10.0946 0.844336 0.0072446 0.535765 110.111 
0.54685 -0.0579281 -0.835224 -106.505 0.0249201 0.998288 -0.0529215 -10.1669 0.83686 0.00812635 0.547357 110.678 
0.558122 -0.0586789 -0.827681 -107.399 0.0256277 0.99824 -0.0534895 -10.2429 0.829363 0.0086421 0.558643 111.265 
0.569112 -0.0595385 -0.820102 -108.286 0.0256918 0.998176 -0.0546376 -10.3185 0.821859 0.010025 0.569603 111.862 
0.579922 -0.0612541 -0.812366 -109.146 0.027983 0.998079 -0.055281 -10.3937 0.814192 0.0093262 0.580521 112.457 
0.590594 -0.0611022 -0.804652 -109.987 0.0284684 0.998086 -0.0548958 -10.4693 0.806466 0.009514 0.591203 113.055 
0.60096 -0.0587226 -0.797119 -110.822 0.0276614 0.998228 -0.0526837 -10.5443 0.798801 0.00961145 0.601519 113.667 
0.610312 -0.0557662 -0.790196 -111.639 0.0278074 0.998412 -0.0489834 -10.616 0.791673 0.00792187 0.610893 114.296 
0.619916 -0.054071 -0.782803 -112.442 0.0266956 0.998499 -0.0478292 -10.685 0.784214 0.00875274 0.620429 114.922 
0.6298 -0.0535467 -0.77491 -113.226 0.0250958 0.998503 -0.0486008 -10.7518 0.776352 0.0111619 0.630201 115.538 
0.639137 -0.0532593 -0.767246 -113.998 0.0233829 0.998484 -0.0498323 -10.8161 0.768737 0.0139093 0.639414 116.162 
0.647905 -0.0527568 -0.759892 -114.749 0.0234343 0.998507 -0.0493423 -10.8836 0.761361 0.0141616 0.648174 116.796 
0.656725 -0.0505585 -0.752434 -115.498 0.023153 0.998632 -0.0468934 -10.9528 0.753775 0.013375 0.656997 117.437 
0.664825 -0.0490094 -0.74539 -116.226 0.0234482 0.998723 -0.0447522 -11.0124 0.746631 0.0122744 0.665125 118.087 
0.672674 -0.0483259 -0.738359 -116.944 0.0237388 0.998761 -0.0437423 -11.0766 0.739558 0.0118966 0.672988 118.739 
0.679892 -0.0476721 -0.731761 -117.648 0.0228717 0.998778 -0.043817 -11.1338 0.732956 0.0130542 0.680151 119.391 
0.687111 -0.0471027 -0.725024 -118.335 0.0225897 0.998799 -0.0434807 -11.1885 0.726202 0.013498 0.687349 120.027 
0.693804 -0.0447723 -0.718771 -119.019 0.0222058 0.998921 -0.0407884 -11.2429 0.719822 0.0123382 0.694049 120.685 
0.700477 -0.042396 -0.712415 -119.703 0.0214052 0.999033 -0.0384062 -11.2902 0.713354 0.0116532 0.700707 121.379 
0.707349 -0.0407558 -0.705689 -120.358 0.0203865 0.999097 -0.0372667 -11.343 0.70657 0.0119741 0.707541 122.042 
0.71459 -0.0400534 -0.698396 -120.997 0.0198638 0.999119 -0.0369757 -11.3933 0.699262 0.0125497 0.714756 122.692 
0.722178 -0.0374327 -0.690694 -121.621 0.0176065 0.999206 -0.0357438 -11.4418 0.691483 0.0136527 0.722263 123.332 
0.731133 -0.0348269 -0.681345 -122.235 0.0171395 0.999319 -0.0326883 -11.4908 0.68202 0.0122216 0.731232 123.977 
0.740747 -0.0309717 -0.67107 -122.837 0.0153706 0.999457 -0.0291612 -11.5372 0.671608 0.0112863 0.74082 124.622 
0.751126 -0.0285699 -0.659541 -123.443 0.0133434 0.999516 -0.0281007 -11.5867 0.660024 0.0123067 0.751144 125.276 
0.761265 -0.0275547 -0.647855 -124.019 0.0116654 0.999517 -0.0288043 -11.6285 0.648336 0.0143703 0.761219 125.934 
0.771126 -0.0285733 -0.636041 -124.566 0.0118292 0.999463 -0.0305581 -11.6676 0.636572 0.0160404 0.77105 126.586 
0.780927 -0.0276619 -0.62401 -125.084 0.0113853 0.999483 -0.0300582 -11.7035 0.624519 0.0163688 0.780838 127.233 
0.791081 -0.0260213 -0.611158 -125.597 0.0109486 0.999537 -0.0283856 -11.7438 0.611614 0.0157641 0.791 127.897 
0.801118 -0.0240592 -0.598023 -126.108 0.0109507 0.999614 -0.0255461 -11.7781 0.598406 0.0139167 0.801072 128.582 
0.810638 -0.0229038 -0.5851 -126.607 0.0114548 0.999664 -0.0232617 -11.8112 0.585436 0.0121546 0.810628 129.282 
0.819939 -0.0213284 -0.572054 -127.109 0.011782 0.999723 -0.0203861 -11.8392 0.57233 0.00997548 0.819963 129.982 
0.828216 -0.0206831 -0.560027 -127.594 0.0126137 0.999754 -0.0182691 -11.8677 0.560267 0.00806677 0.828273 130.683 
0.835445 -0.0208777 -0.549178 -128.064 0.0140944 0.999763 -0.016566 -11.8982 0.549394 0.00609965 0.835541 131.394 
0.842038 -0.0207493 -0.539019 -128.525 0.0142973 0.999767 -0.016151 -11.9277 0.539229 0.00589328 0.842139 132.105 
0.848804 -0.0197485 -0.528339 -128.984 0.0133137 0.999784 -0.0159812 -11.9552 0.52854 0.00653085 0.848883 132.823 
0.855217 -0.018428 -0.517943 -129.422 0.0122579 0.999807 -0.0153323 -11.9702 0.518126 0.00676359 0.855278 133.554 
0.861385 -0.017655 -0.507647 -129.859 0.0117299 0.999821 -0.0148684 -11.9948 0.507818 0.00685278 0.861437 134.296 
0.867224 -0.0181435 -0.497587 -130.287 0.0124689 0.999814 -0.0147247 -12.0226 0.497761 0.00656528 0.867289 135.034 
0.872173 -0.0195674 -0.488806 -130.703 0.0136466 0.999784 -0.0156729 -12.0426 0.489007 0.00699901 0.872252 135.777 
0.876379 -0.019916 -0.481211 -131.123 0.0139393 0.999775 -0.0159918 -12.0703 0.481421 0.0073072 0.876459 136.547 
0.879638 -0.0194588 -0.475246 -131.545 0.0138087 0.999786 -0.0153774 -12.0896 0.475443 0.00696409 0.879719 137.329 
0.882522 -0.0174328 -0.469948 -131.954 0.013453 0.99984 -0.0118258 -12.1164 0.470079 0.00411433 0.882615 138.119 
0.885758 -0.0134266 -0.463954 -132.399 0.0112037 0.999909 -0.00754739 -12.1371 0.464013 0.00148723 0.885827 138.926 
0.889113 -0.0106984 -0.457563 -132.843 0.00962737 0.999943 -0.0046725 -12.1575 0.457587 -0.000250707 0.889165 139.761 
0.892498 -0.00778391 -0.450985 -133.281 0.00746194 0.999969 -0.00249217 -12.1695 0.45099 -0.00114092 0.892528 140.591 
0.895762 -0.00634065 -0.444489 -133.705 0.00692166 0.999976 -0.000315781 -12.1783 0.44448 -0.00279369 0.895784 141.424 
0.898963 -0.00486645 -0.437997 -134.132 0.00669994 0.999974 0.00264076 -12.187 0.437973 -0.00530845 0.898973 142.283 
0.902425 -0.00492949 -0.430819 -134.568 0.00771187 0.999959 0.00471212 -12.1991 0.430778 -0.0075747 0.902426 143.163 
0.906017 -0.0050297 -0.423212 -134.997 0.00827671 0.999949 0.00583483 -12.2044 0.423161 -0.0087892 0.906012 144.048 
0.909754 -0.00582615 -0.415107 -135.428 0.00908187 0.999942 0.00586939 -12.2064 0.415049 -0.0091096 0.909754 144.953 
0.91374 -0.00818658 -0.406218 -135.864 0.011418 0.99992 0.00553195 -12.2149 0.40614 -0.00969292 0.91376 145.892 
0.917845 -0.00994555 -0.396816 -136.286 0.0127682 0.999909 0.00447207 -12.2197 0.396735 -0.00917125 0.917888 146.829 
0.922376 -0.0112065 -0.386131 -136.688 0.0131387 0.999911 0.00236513 -12.2261 0.38607 -0.00725474 0.922441 147.767 
0.92778 -0.00936414 -0.37301 -137.097 0.0108017 0.99994 0.00176397 -12.2334 0.372971 -0.00566566 0.927826 148.735 
0.933865 -0.00640882 -0.357568 -137.458 0.00792317 0.999965 0.00277025 -12.2246 0.357538 -0.00542006 0.933883 149.736 
0.940583 -0.00274013 -0.339554 -137.836 0.00500313 0.999971 0.0057893 -12.2261 0.339528 -0.0071441 0.940569 150.756 
0.947338 0.000331207 -0.320236 -138.179 0.00219685 0.999969 0.00753292 -12.2348 0.320229 -0.00783968 0.947308 151.788 
0.954023 0.00162019 -0.299729 -138.511 0.000971019 0.999963 0.00849591 -12.2418 0.299732 -0.00839629 0.953987 152.817 
0.960396 0.00308033 -0.278622 -138.835 -0.000256397 0.999948 0.0101711 -12.242 0.278639 -0.0096968 0.960347 153.876 
0.966335 0.00383029 -0.257259 -139.151 -0.000513085 0.999916 0.0129602 -12.2422 0.257287 -0.0123918 0.966256 154.968 
0.971839 0.00630653 -0.235561 -139.431 -0.00244836 0.999858 0.0166674 -12.2396 0.235633 -0.0156212 0.971717 156.047 
0.976867 0.00828489 -0.213685 -139.687 -0.00388105 0.999772 0.0210201 -12.2322 0.213811 -0.0197045 0.976676 157.134 
0.98142 0.0102928 -0.191596 -139.92 -0.00569326 0.999683 0.0245411 -12.2305 0.191788 -0.0229943 0.981167 158.312 
0.985381 0.0120134 -0.169939 -140.13 -0.00794347 0.999666 0.0246086 -12.2128 0.170178 -0.0228989 0.985147 159.5 
0.988837 0.0106675 -0.148617 -140.31 -0.00739368 0.999718 0.0225637 -12.1933 0.148815 -0.021213 0.988637 160.64 
0.991701 0.0107274 -0.128118 -140.465 -0.00797488 0.999727 0.0219779 -12.19 0.128319 -0.0207737 0.991515 161.826 
0.994102 0.00932325 -0.108052 -140.614 -0.00677335 0.99969 0.0239416 -12.1754 0.108241 -0.0230684 0.993857 163.021 
0.996041 0.00980561 -0.0883526 -140.742 -0.00755047 0.999638 0.025822 -12.1636 0.0885738 -0.0250527 0.995755 164.272 
0.997611 0.0103954 -0.068293 -140.834 -0.00856532 0.999598 0.0270347 -12.1561 0.0685465 -0.0263851 0.997299 165.541 
0.998763 0.0120117 -0.048259 -140.911 -0.0106735 0.999554 0.0278912 -12.1434 0.0485725 -0.0273415 0.998445 166.772 
0.999531 0.0124618 -0.02796 -140.953 -0.0116573 0.999519 0.0287497 -12.1294 0.0283048 -0.0284102 0.999196 168.039 
0.999863 0.014675 -0.00768662 -140.974 -0.0144496 0.999487 0.0285892 -12.1272 0.00810218 -0.0284742 0.999562 169.357 
0.999806 0.015708 0.011883 -140.976 -0.0160321 0.999488 0.0276983 -12.1094 -0.0114419 -0.0278834 0.999546 170.622 
0.999385 0.0155633 0.0314171 -140.969 -0.0163662 0.999542 0.0254624 -12.0847 -0.0310065 -0.0259609 0.999182 171.93 
0.998581 0.0174857 0.0502949 -140.933 -0.0186667 0.999559 0.0231097 -12.0682 -0.0498686 -0.0240158 0.998467 173.231 
0.997465 0.0176251 0.0689367 -140.833 -0.019158 0.999582 0.0216387 -12.0626 -0.0685265 -0.0229045 0.997386 174.57 
0.995985 0.0180223 0.0876893 -140.731 -0.0197533 0.999626 0.0189128 -12.0583 -0.0873157 -0.020569 0.995968 175.934 
0.994141 0.0189276 0.106421 -140.615 -0.0205167 0.999694 0.0138578 -12.0645 -0.106126 -0.01596 0.994225 177.388 
0.992075 0.0204467 0.123971 -140.428 -0.021513 0.999742 0.00726891 -12.0738 -0.12379 -0.00987825 0.992259 178.773 
0.989697 0.0225309 0.141393 -140.25 -0.023113 0.99973 0.00247636 -12.0863 -0.141299 -0.00571882 0.989951 180.189 
0.987013 0.0248557 0.158708 -140.012 -0.024949 0.999688 -0.00140427 -12.1141 -0.158693 -0.00257354 0.987325 181.666 
0.984035 0.0270163 0.175912 -139.72 -0.0267414 0.999635 -0.00393304 -12.1523 -0.175954 -0.000833856 0.984398 183.133 
0.980793 0.02634 0.193264 -139.463 -0.026151 0.999652 -0.00352891 -12.1772 -0.19329 -0.00159289 0.98114 184.571 
0.977288 0.0254684 0.210382 -139.201 -0.0251919 0.999675 -0.00399456 -12.2013 -0.210415 -0.00139605 0.977611 185.954 
0.973584 0.0253305 0.226919 -138.89 -0.0239434 0.999674 -0.00886349 -12.2305 -0.22707 0.00319617 0.973873 187.356 
0.969641 0.0264069 0.243104 -138.521 -0.023964 0.999628 -0.0130009 -12.2726 -0.243357 0.00678047 0.969913 188.855 
0.965335 0.0284451 0.259461 -138.101 -0.026007 0.99958 -0.0128254 -12.3294 -0.259717 0.00563302 0.965669 190.376 
0.960398 0.0306115 0.276947 -137.677 -0.0280457 0.999519 -0.0132217 -12.3814 -0.277218 0.00493096 0.960794 191.939 
0.9552 0.0344696 0.293948 -137.164 -0.0311474 0.999387 -0.0159768 -12.4453 -0.294318 0.00610538 0.955688 193.463 
0.949656 0.0346512 0.311372 -136.717 -0.0300421 0.999357 -0.0195882 -12.5114 -0.311851 0.00924784 0.950086 194.962 
0.943655 0.0357837 0.32899 -136.255 -0.030269 0.999303 -0.0218706 -12.5629 -0.329544 0.0106802 0.94408 196.48 
0.937537 0.0358883 0.34603 -135.702 -0.0283575 0.999238 -0.0268032 -12.6371 -0.346729 0.0153165 0.93784 197.962 
0.93017 0.0388003 0.365074 -135.143 -0.0287766 0.999046 -0.0328593 -12.7022 -0.366001 0.0200591 0.930398 199.505 
0.921361 0.0425497 0.386371 -134.523 -0.0310155 0.998869 -0.0360406 -12.7977 -0.387468 0.021223 0.921639 201.014 
0.910914 0.0455049 0.41008 -133.881 -0.033193 0.99876 -0.0370964 -12.893 -0.41126 0.0201798 0.911295 202.514 
0.898812 0.0505465 0.435411 -133.235 -0.0369977 0.998533 -0.039545 -12.9892 -0.436771 0.0194343 0.899363 203.989 
0.885996 0.0545051 0.460478 -132.513 -0.0392146 0.998317 -0.0427152 -13.0873 -0.462032 0.019788 0.886643 205.471 
0.872221 0.0585693 0.485592 -131.783 -0.0413034 0.998078 -0.0461929 -13.1588 -0.487365 0.0202339 0.872964 206.941 
0.858165 0.0599162 0.509866 -131.006 -0.0409833 0.997992 -0.0482978 -13.2622 -0.511736 0.0205514 0.858897 208.38 
0.84342 0.0617387 0.533695 -130.183 -0.0411219 0.99788 -0.0504495 -13.3784 -0.535678 0.0206036 0.844171 209.813 
0.827902 0.0636214 0.557253 -129.314 -0.0395033 0.997693 -0.0552168 -13.5028 -0.55948 0.0237008 0.828505 211.273 
0.812383 0.0659668 0.57938 -128.42 -0.0378176 0.997449 -0.0605407 -13.6157 -0.581896 0.0272715 0.812806 212.653 
0.796826 0.0679671 0.600374 -127.454 -0.0371725 0.997285 -0.0635647 -13.7626 -0.603064 0.0283327 0.797189 214.063 
0.781478 0.0694285 0.620058 -126.486 -0.0355568 0.99713 -0.0668361 -13.8892 -0.622919 0.0301837 0.781704 215.38 
0.766663 0.0696671 0.638259 -125.503 -0.0336909 0.997091 -0.0683655 -14.0224 -0.641165 0.0309098 0.76678 216.621 
0.752303 0.070327 0.655053 -124.455 -0.0325226 0.997038 -0.0696918 -14.1784 -0.658014 0.0311254 0.752362 217.865 
0.738377 0.0704794 0.670695 -123.389 -0.0298665 0.996966 -0.0718848 -14.3307 -0.673727 0.0330468 0.738241 219.051 
0.724079 0.0720755 0.685941 -122.29 -0.0278564 0.996769 -0.0753306 -14.4696 -0.689155 0.0354374 0.723747 220.284 
0.71001 0.0739764 0.700295 -121.194 -0.0254105 0.996511 -0.0795043 -14.6179 -0.703733 0.038654 0.709412 221.432 
0.696008 0.0757573 0.714027 -120.07 -0.024248 0.996331 -0.0820733 -14.7683 -0.717625 0.03981 0.695291 222.548 
0.68147 0.0765043 0.727836 -118.947 -0.0232521 0.996282 -0.0829504 -14.9153 -0.731477 0.0396045 0.680715 223.647 
0.666019 0.0776316 0.741884 -117.794 -0.0237754 0.996274 -0.0829071 -15.0668 -0.745556 0.0375791 0.665383 224.713 
0.64974 0.0788151 0.756059 -116.602 -0.0258674 0.996327 -0.0816319 -15.2197 -0.759716 0.0334823 0.649393 225.779 
0.633166 0.0797079 0.769901 -115.393 -0.0281675 0.996397 -0.079992 -15.3775 -0.773504 0.028962 0.63313 226.798 
0.616237 0.0814834 0.783335 -114.168 -0.0307768 0.996365 -0.0794314 -15.5359 -0.78696 0.02484 0.616504 227.81 
0.5989 0.0847158 0.796331 -112.961 -0.0317835 0.99612 -0.0820663 -15.6827 -0.800193 0.0238393 0.599269 228.776 
0.581616 0.0883057 0.808657 -111.733 -0.0339434 0.995859 -0.084335 -15.8378 -0.812755 0.021602 0.582205 229.709 
0.563309 0.0882066 0.821524 -110.522 -0.033797 0.995913 -0.0837564 -15.9953 -0.825555 0.0194157 0.563988 230.581 
0.543362 0.0874048 0.834936 -109.274 -0.0347127 0.996054 -0.0816809 -16.1469 -0.838781 0.0153994 0.544252 231.443 
0.522952 0.0854379 0.84807 -108.017 -0.0347071 0.996273 -0.0789667 -16.3039 -0.851655 0.0118617 0.523968 232.266 
0.50198 0.0844482 0.860747 -106.746 -0.0356232 0.996396 -0.0769816 -16.4516 -0.864146 0.00798068 0.503179 233.068 
0.481277 0.0832365 0.872608 -105.466 -0.034684 0.99651 -0.0759257 -16.597 -0.875882 0.00627583 0.482485 233.831 
0.460779 0.0829029 0.883635 -104.195 -0.0339596 0.996546 -0.0757877 -16.7365 -0.886865 0.00491354 0.462002 234.532 
0.440463 0.0822326 0.893997 -102.911 -0.0323339 0.996603 -0.0757401 -16.881 -0.897188 0.00445437 0.441626 235.211 
0.42059 0.0820809 0.90353 -101.626 -0.0293957 0.996609 -0.076853 -17.0215 -0.906774 0.00576377 0.421577 235.831 
0.400672 0.0810623 0.912629 -100.35 -0.0254982 0.996679 -0.0773334 -17.1618 -0.915867 0.00771495 0.401408 236.421 
0.380154 0.0791102 0.921534 -99.0436 -0.0238395 0.996843 -0.0757408 -17.3051 -0.924616 0.00682423 0.38084 237.006 
0.360219 0.078926 0.929523 -97.7314 -0.0232487 0.996865 -0.0756343 -17.4477 -0.932578 0.00563469 0.360924 237.541 
0.340854 0.0835757 0.936394 -96.4084 -0.0235159 0.996487 -0.0803792 -17.586 -0.939822 0.0053775 0.341622 238.051 
0.321332 0.092785 0.94241 -95.1079 -0.0251979 0.995674 -0.0894373 -17.7407 -0.946631 0.00499233 0.32228 238.55 
0.302454 0.100648 0.947835 -93.818 -0.0272549 0.994916 -0.0969501 -17.8839 -0.952774 0.00348973 0.303659 238.997 
0.28306 0.10487 0.953352 -92.5264 -0.0299473 0.994486 -0.100503 -18.0381 -0.958635 -0.000102029 0.284639 239.425 
0.263396 0.10617 0.958828 -91.2445 -0.0324744 0.994338 -0.101181 -18.1984 -0.964141 -0.00448676 0.265352 239.823 
0.243818 0.10647 0.963959 -89.9746 -0.0364751 0.994259 -0.100591 -18.3569 -0.969135 -0.0106346 0.246302 240.179 
0.224563 0.106903 0.968578 -88.6824 -0.0380795 0.994168 -0.100898 -18.5085 -0.973715 -0.014225 0.227324 240.523 
0.205679 0.105508 0.972915 -87.4279 -0.0386109 0.994272 -0.0996612 -18.6594 -0.977858 -0.017067 0.208575 240.828 
0.1871 0.105571 0.976652 -86.179 -0.0384222 0.994234 -0.100111 -18.8057 -0.981589 -0.0187944 0.190077 241.108 
0.168876 0.106195 0.9799 -84.9533 -0.0379573 0.994142 -0.101197 -18.9546 -0.984906 -0.0201047 0.171917 241.355 
0.150068 0.109722 0.982568 -83.7116 -0.041502 0.993646 -0.10462 -19.1076 -0.987804 -0.0250784 0.153668 241.585 
0.131787 0.111636 0.984972 -82.4687 -0.0417556 0.993382 -0.107003 -19.2561 -0.990398 -0.0270265 0.135576 241.788 
0.115322 0.108715 0.987361 -81.2404 -0.0420933 0.993635 -0.104489 -19.4092 -0.992436 -0.0295115 0.119164 241.957 
0.10006 0.104221 0.989508 -80.0242 -0.0396225 0.994128 -0.100701 -19.5576 -0.994192 -0.0291307 0.103602 242.107 
0.0863669 0.100017 0.99123 -78.812 -0.0391587 0.99452 -0.0969367 -19.7032 -0.995494 -0.0304432 0.0898102 242.229 
0.0738086 0.0963701 0.992605 -77.6163 -0.0368196 0.994905 -0.0938555 -19.8472 -0.996593 -0.0296199 0.0769808 242.343 
0.0632321 0.0964459 0.993328 -76.4481 -0.0366047 0.994874 -0.0942658 -19.9827 -0.997327 -0.0303998 0.0664383 242.445 
0.054829 0.098756 0.9936 -75.2819 -0.036886 0.994618 -0.0968217 -20.118 -0.997814 -0.0313413 0.0581766 242.531 
0.0481002 0.100435 0.99378 -74.1402 -0.0382433 0.994388 -0.0986451 -20.2529 -0.99811 -0.0332606 0.0516712 242.609 
0.0421395 0.104506 0.993631 -73.0085 -0.0388099 0.993935 -0.102892 -20.3913 -0.998358 -0.0342269 0.0459398 242.682 
0.0363618 0.113236 0.992903 -71.8975 -0.0383458 0.992986 -0.111841 -20.5268 -0.998603 -0.0340068 0.0404489 242.756 
0.0313779 0.115916 0.992763 -70.8014 -0.0402527 0.992593 -0.114623 -20.6632 -0.998697 -0.0363647 0.0358114 242.821 
0.0275429 0.107498 0.993824 -69.701 -0.0391256 0.993555 -0.106384 -20.8 -0.998855 -0.0359538 0.0315713 242.878 
0.0249251 0.0976831 0.994905 -68.6047 -0.0378165 0.994594 -0.0967051 -20.9315 -0.998974 -0.0352135 0.0284844 242.934 
0.0234981 0.0940665 0.995289 -67.5199 -0.0374104 0.994949 -0.0931511 -21.0538 -0.999024 -0.0350453 0.0268985 242.985 
0.0233394 0.0961382 0.995094 -66.4472 -0.0381775 0.994725 -0.0952071 -21.1726 -0.998998 -0.0357681 0.0268866 243.04 
0.0236771 0.0991936 0.994786 -65.3838 -0.0378202 0.994442 -0.0982591 -21.2923 -0.999004 -0.0352966 0.027297 243.09 
0.0248023 0.101634 0.994513 -64.3303 -0.0403947 0.994108 -0.100585 -21.416 -0.998876 -0.0376783 0.0287616 243.156 
0.026659 0.102449 0.994381 -63.2885 -0.0425507 0.993949 -0.101264 -21.5354 -0.998739 -0.039612 0.030857 243.211 
0.0297142 0.104084 0.994125 -62.2665 -0.0433365 0.993763 -0.102751 -21.6537 -0.998619 -0.0400287 0.0340395 243.267 
0.0330318 0.105104 0.993912 -61.242 -0.0457664 0.993571 -0.103547 -21.7736 -0.998406 -0.0420674 0.0376296 243.335 
0.037542 0.106266 0.993629 -60.2219 -0.0469499 0.993419 -0.10447 -21.891 -0.998192 -0.0427288 0.0422841 243.405 
0.043863 0.105345 0.993468 -59.2014 -0.047886 0.993504 -0.103234 -22.0088 -0.997889 -0.0430451 0.0486226 243.474 
0.0501718 0.103943 0.993317 -58.2017 -0.0464943 0.993734 -0.101638 -22.1256 -0.997658 -0.0410842 0.0546902 243.552 
0.0574873 0.103114 0.993007 -57.208 -0.0446545 0.993922 -0.100624 -22.241 -0.997347 -0.0385576 0.0617424 243.628 
0.0646688 0.103839 0.99249 -56.2167 -0.0431126 0.993934 -0.101181 -22.3564 -0.996975 -0.0362456 0.0687532 243.718 
0.071543 0.103877 0.992014 -55.2268 -0.0437938 0.99393 -0.100919 -22.4667 -0.996476 -0.036224 0.0756579 243.811 
0.0779553 0.10289 0.991633 -54.2348 -0.0449687 0.994011 -0.0996011 -22.5786 -0.995942 -0.036828 0.0821152 243.919 
0.0843318 0.100799 0.991326 -53.2571 -0.0457249 0.994214 -0.0972024 -22.6882 -0.995388 -0.037131 0.0884528 244.036 
0.0907686 0.0993271 0.990906 -52.2746 -0.0455645 0.994386 -0.0955021 -22.7975 -0.994829 -0.0364816 0.0947848 244.152 
0.0973155 0.100187 0.990198 -51.2958 -0.0461248 0.994305 -0.0960692 -22.9032 -0.994184 -0.0363237 0.101382 244.278 
0.103935 0.102172 0.989322 -50.3248 -0.04531 0.994163 -0.097912 -23.0114 -0.993552 -0.0346497 0.107958 244.406 
0.110294 0.103809 0.988463 -49.3525 -0.0454593 0.994017 -0.0993198 -23.1159 -0.992859 -0.0339804 0.114354 244.54 
0.116325 0.105748 0.987566 -48.3916 -0.0475136 0.99377 -0.100816 -23.2255 -0.992074 -0.0351954 0.120625 244.684 
0.122528 0.106509 0.986733 -47.4325 -0.0500064 0.993624 -0.101044 -23.3344 -0.991205 -0.0369623 0.127072 244.831 
0.129102 0.106148 0.985934 -46.4738 -0.0507432 0.993659 -0.100336 -23.4441 -0.990332 -0.0370759 0.13367 244.987 
0.135154 0.103934 0.985358 -45.5137 -0.0516546 0.99387 -0.0977463 -23.552 -0.989477 -0.0376875 0.139694 245.148 
0.141052 0.102467 0.984685 -44.5492 -0.0521381 0.994018 -0.0959698 -23.6593 -0.988628 -0.0378029 0.145551 245.324 
0.147485 0.101731 0.983819 -43.6011 -0.0520665 0.994116 -0.0949904 -23.7667 -0.987693 -0.0372143 0.151914 245.489 
0.154434 0.102756 0.982645 -42.6581 -0.0520142 0.994043 -0.0957731 -23.872 -0.986633 -0.0363209 0.158859 245.662 
0.161619 0.102975 0.981466 -41.7193 -0.0500015 0.994118 -0.0960682 -23.9761 -0.985586 -0.0335483 0.165817 245.836 
0.17053 0.104574 0.979788 -40.7862 -0.0485423 0.994037 -0.097646 -24.0809 -0.984156 -0.0309096 0.17459 246.016 
