1 2.12261e-08 -2.11895e-08 0 2.12261e-08 1 2.10703e-08 0 -2.11895e-08 2.10703e-08 1 0 
0.999933 -0.00273984 0.0112613 0.0139247 0.00272695 0.999996 0.00116312 -0.00621712 -0.0112645 -0.00113229 0.999936 0.290028 
0.999828 -0.00502887 0.0178616 0.0224206 0.00500867 0.999987 0.00117822 -0.00948079 -0.0178673 -0.00108851 0.99984 0.587033 
0.999778 -0.00776767 0.0196092 0.0328113 0.00776694 0.99997 0.000115312 -0.0152508 -0.0196095 3.70588e-05 0.999808 0.891588 
0.999813 -0.00936854 0.016903 0.043475 0.00939309 0.999955 -0.00137055 -0.0182202 -0.0168895 0.00152911 0.999856 1.19975 
0.999878 -0.0121588 0.00978472 0.0434203 0.0121872 0.999922 -0.00284391 -0.0218483 -0.00974942 0.00296285 0.999948 1.51702 
0.999902 -0.0136938 -0.00281911 0.0365626 0.0136801 0.999895 -0.00484067 -0.024054 0.00288505 0.00480167 0.999984 1.84743 
0.999722 -0.0130033 -0.0196766 0.0167293 0.0129048 0.999904 -0.00512541 -0.0292654 0.0197413 0.0048701 0.999793 2.18973 
0.999189 -0.00870851 -0.0393128 -0.0200271 0.00851159 0.99995 -0.00517464 -0.0345004 0.0393559 0.00483587 0.999214 2.54258 
0.998231 -0.00510931 -0.0592344 -0.0647599 0.00473216 0.999968 -0.00650633 -0.0389737 0.0592657 0.00621456 0.998223 2.90695 
0.996808 -0.00493166 -0.0796808 -0.110236 0.00438207 0.999965 -0.00707124 -0.0405025 0.0797129 0.00669955 0.996795 3.28576 
0.994871 -0.00654849 -0.100936 -0.162914 0.00591265 0.999961 -0.0065977 -0.0440704 0.100975 0.00596711 0.994871 3.67347 
0.992652 -0.00781428 -0.120749 -0.227986 0.00716491 0.999957 -0.00581142 -0.0484222 0.120789 0.00490361 0.992666 4.06434 
0.99033 -0.00661258 -0.138576 -0.30772 0.00594009 0.999969 -0.0052661 -0.0529609 0.138607 0.00439207 0.990338 4.4653 
0.988 -0.00542807 -0.154362 -0.391617 0.0047704 0.999978 -0.00463089 -0.0592322 0.154383 0.00383899 0.988004 4.87866 
0.98578 -0.00476716 -0.167972 -0.483019 0.00400498 0.99998 -0.00487623 -0.0652352 0.167992 0.00413422 0.98578 5.30223 
0.983632 -0.00613179 -0.180084 -0.577341 0.00515552 0.999969 -0.00588895 -0.0707176 0.180115 0.00486418 0.983634 5.742 
0.981752 -0.00989816 -0.189907 -0.67144 0.00850625 0.999931 -0.00814337 -0.0774931 0.189974 0.00637942 0.981768 6.19222 
0.980182 -0.00909014 -0.197892 -0.778942 0.0072441 0.999923 -0.0100507 -0.0842153 0.197968 0.00841798 0.980172 6.65326 
0.978652 -0.00888139 -0.205333 -0.894012 0.00659452 0.999908 -0.0118192 -0.0913417 0.205419 0.0102129 0.978621 7.12457 
0.976916 -0.00918602 -0.213425 -1.01246 0.00614481 0.99987 -0.0149087 -0.0972856 0.213534 0.0132532 0.976846 7.60716 
0.975107 -0.0132009 -0.221343 -1.13225 0.00978377 0.999816 -0.0165278 -0.109009 0.22152 0.0139509 0.975056 8.10885 
0.973276 -0.0194166 -0.228815 -1.2595 0.0157805 0.999719 -0.0177103 -0.121491 0.229094 0.0136263 0.973309 8.62378 
0.971135 -0.0200529 -0.237687 -1.39787 0.0156989 0.999673 -0.0201974 -0.135653 0.238014 0.0158831 0.971132 9.15087 
0.96907 -0.0160294 -0.246267 -1.5579 0.0102468 0.999641 -0.0247449 -0.147998 0.246575 0.0214561 0.968886 9.68136 
0.966845 -0.0127837 -0.255043 -1.72273 0.0058917 0.999597 -0.0277687 -0.166991 0.255295 0.0253454 0.966531 10.2184 
0.964652 -0.0148478 -0.263107 -1.8945 0.00731172 0.999535 -0.0295987 -0.188196 0.263424 0.0266287 0.964313 10.7773 
0.962273 -0.0174558 -0.271524 -2.06336 0.00911984 0.999448 -0.0319324 -0.209483 0.271932 0.0282515 0.961902 11.3387 
0.960054 -0.0170343 -0.279298 -2.25115 0.0077347 0.999379 -0.034365 -0.234516 0.27971 0.030832 0.959589 11.9145 
0.957748 -0.0159336 -0.287168 -2.45055 0.00528857 0.999271 -0.0378068 -0.262952 0.287561 0.0346907 0.957134 12.4964 
0.955421 -0.0169387 -0.294762 -2.64773 0.00445406 0.999066 -0.0429752 -0.292603 0.295215 0.0397465 0.954604 13.0901 
0.953635 -0.0182526 -0.300411 -2.85651 0.00317609 0.998714 -0.0505985 -0.326125 0.300949 0.0472984 0.952467 13.6961 
0.952332 -0.0188652 -0.304479 -3.07211 0.000991118 0.998272 -0.058752 -0.364519 0.305061 0.0556497 0.950705 14.3065 
0.951041 -0.0187855 -0.308494 -3.29479 -0.00220596 0.997713 -0.0675558 -0.406229 0.309057 0.0649289 0.948824 14.9347 
0.949698 -0.0181942 -0.312638 -3.52609 -0.00607653 0.997052 -0.0764831 -0.455771 0.313108 0.0745357 0.946788 15.5709 
0.948299 -0.0182826 -0.316851 -3.75966 -0.00864147 0.996482 -0.0833611 -0.512653 0.31726 0.0817894 0.944805 16.2203 
0.946722 -0.0161577 -0.321647 -4.0064 -0.0136068 0.995842 -0.090075 -0.57641 0.321765 0.0896526 0.942565 16.8677 
0.945079 -0.0155438 -0.326471 -4.26 -0.0166386 0.995285 -0.0955533 -0.648351 0.326417 0.0957375 0.940365 17.533 
0.943377 -0.0133629 -0.331454 -4.5219 -0.0213833 0.994661 -0.100962 -0.719708 0.331033 0.102333 0.938054 18.207 
0.941759 -0.0101809 -0.336134 -4.79748 -0.0264294 0.994209 -0.104161 -0.794185 0.335248 0.106979 0.936037 18.8789 
0.93997 -0.00950005 -0.341126 -5.07547 -0.0282506 0.994015 -0.105527 -0.874814 0.340087 0.108829 0.934076 19.5839 
0.937764 -0.00887915 -0.347161 -5.35456 -0.0293116 0.994082 -0.104603 -0.959433 0.346035 0.108268 0.931954 20.2807 
0.935476 -0.00817745 -0.353296 -5.64884 -0.0303098 0.994192 -0.103268 -1.04103 0.352088 0.107313 0.929795 20.9957 
0.932822 -0.00867901 -0.360234 -5.94599 -0.0298723 0.994406 -0.101312 -1.12537 0.359099 0.105267 0.927344 21.7256 
0.92955 -0.00769196 -0.368616 -6.25611 -0.0307188 0.99469 -0.0982209 -1.20758 0.367415 0.102625 0.924378 22.4634 
0.926196 -0.00606749 -0.376993 -6.57526 -0.0311084 0.995232 -0.0924451 -1.28906 0.375756 0.09735 0.921591 23.2009 
0.922691 -0.00254947 -0.385531 -6.91515 -0.0337718 0.9956 -0.08741 -1.36771 0.384057 0.0936726 0.918545 23.9485 
0.918993 0.000917737 -0.394272 -7.26303 -0.0367762 0.995837 -0.0834022 -1.44505 0.392554 0.0911459 0.915201 24.7048 
0.915143 0.00171832 -0.403126 -7.61995 -0.0377454 0.995963 -0.0814413 -1.52239 0.401358 0.0897467 0.911514 25.4618 
0.911082 0.00194329 -0.41222 -7.98726 -0.0387807 0.995958 -0.0810175 -1.59416 0.410396 0.0897998 0.907475 26.2216 
0.907169 0.00176737 -0.420762 -8.36444 -0.0389559 0.996049 -0.0798058 -1.6657 0.418959 0.0887886 0.903654 26.9864 
0.903272 0.00265648 -0.42906 -8.75615 -0.0399955 0.996148 -0.0780323 -1.73827 0.4272 0.0876449 0.899899 27.7575 
0.899475 0.00202155 -0.436967 -9.15476 -0.0390067 0.996369 -0.0756841 -1.81169 0.435227 0.0851207 0.896288 28.53 
0.895676 0.00270541 -0.444699 -9.56351 -0.038607 0.996679 -0.0716955 -1.87926 0.443029 0.0813844 0.892806 29.3019 
0.891933 0.00507333 -0.452138 -9.98783 -0.039126 0.997053 -0.0659962 -1.94587 0.450471 0.0765546 0.889503 30.0968 
0.888071 0.00526854 -0.459677 -10.4248 -0.0379269 0.997365 -0.0618416 -2.01133 0.45814 0.0723539 0.88593 30.8994 
0.884431 0.00409397 -0.466653 -10.8713 -0.0362378 0.997545 -0.0599289 -2.07532 0.465262 0.0699135 0.882408 31.704 
0.881071 0.00343338 -0.472971 -11.3283 -0.0354066 0.997647 -0.058715 -2.13662 0.471656 0.0684785 0.879119 32.5184 
0.877945 0.0036313 -0.478748 -11.8 -0.0351095 0.997767 -0.056817 -2.19296 0.477473 0.0666909 0.876112 33.3449 
0.874974 0.00226516 -0.484166 -12.2804 -0.0333922 0.99789 -0.0556772 -2.25173 0.483018 0.0648835 0.873203 34.1765 
0.872636 0.00199339 -0.488367 -12.8243 -0.0334292 0.99789 -0.0556597 -2.31495 0.487225 0.0648964 0.870862 35.0351 
0.870571 0.00122506 -0.492041 -13.3299 -0.0331377 0.997873 -0.0561463 -2.37522 0.490926 0.0651845 0.868759 35.8921 
0.869217 0.00138984 -0.494429 -13.8384 -0.0337004 0.997837 -0.0564411 -2.43578 0.493281 0.065722 0.867384 36.7421 
0.868839 0.00141894 -0.495094 -14.3587 -0.0332354 0.997907 -0.0554648 -2.49739 0.493979 0.0646446 0.867067 37.603 
0.868683 0.00184516 -0.495366 -14.884 -0.0329001 0.998 -0.0539769 -2.55772 0.494275 0.0631864 0.867006 38.4805 
0.868365 0.000380991 -0.495925 -15.4148 -0.0309565 0.998091 -0.0534381 -2.62028 0.494958 0.061756 0.86672 39.3718 
0.867706 -0.00180543 -0.497074 -15.9482 -0.0289375 0.998114 -0.0541394 -2.68517 0.496235 0.0613612 0.866017 40.2634 
0.866733 -0.00399744 -0.498757 -16.5027 -0.0269135 0.998136 -0.0547698 -2.74494 0.498046 0.0608941 0.86501 41.1749 
0.865132 -0.00444712 -0.501524 -17.0538 -0.0255449 0.998272 -0.052917 -2.81033 0.500893 0.0585916 0.863524 42.0887 
0.863151 -0.00384701 -0.504931 -17.62 -0.0242672 0.9985 -0.0490909 -2.87319 0.504362 0.0546262 0.861763 43.0085 
0.860384 -0.00416882 -0.509629 -18.173 -0.0217745 0.998753 -0.0449308 -2.93892 0.509181 0.0497547 0.85922 43.9002 
0.856319 -0.00425993 -0.51643 -18.7379 -0.0209538 0.998856 -0.042984 -3.00223 0.516023 0.0476292 0.85525 44.8029 
0.85106 -0.00818198 -0.525004 -19.3045 -0.0180421 0.998832 -0.0448136 -3.06728 0.524758 0.0476113 0.849919 45.683 
0.845252 -0.0114368 -0.534245 -19.8787 -0.0168902 0.9987 -0.0481024 -3.12619 0.534101 0.0496822 0.84396 46.5243 
0.839186 -0.0116165 -0.54372 -20.479 -0.0169619 0.998726 -0.0475169 -3.18455 0.54358 0.0490981 0.83792 47.4055 
0.833547 -0.00858305 -0.552381 -21.0997 -0.0177056 0.998951 -0.04224 -3.24419 0.552164 0.0449893 0.832521 48.2904 
0.828418 -0.00397699 -0.560096 -21.723 -0.0208332 0.999064 -0.0379076 -3.30306 0.559722 0.043072 0.82756 49.167 
0.824401 -0.00392757 -0.565993 -22.3513 -0.0221686 0.998985 -0.039222 -3.36014 0.565572 0.0448819 0.823476 50.0362 
0.821151 -0.0060823 -0.570679 -22.9775 -0.0227766 0.998797 -0.0434186 -3.41705 0.570257 0.0486514 0.820025 50.8882 
0.818091 -0.00834239 -0.575028 -23.6085 -0.0253103 0.998404 -0.0504935 -3.47682 0.574531 0.0558625 0.816574 51.7356 
0.815016 -0.00968501 -0.579357 -24.2475 -0.0252603 0.998316 -0.0522238 -3.53855 0.578887 0.057198 0.813399 52.5951 
0.811634 -0.00801676 -0.584111 -24.8976 -0.0247163 0.998539 -0.0480486 -3.60416 0.583643 0.053435 0.810251 53.462 
0.808426 -0.00548356 -0.588572 -25.552 -0.0244418 0.998781 -0.0428771 -3.66467 0.58809 0.0490487 0.807307 54.3315 
0.80534 -0.00383467 -0.592802 -26.2087 -0.0246469 0.998898 -0.0399452 -3.72321 0.592301 0.0467803 0.804357 55.1867 
0.802207 -0.00359161 -0.597035 -26.8753 -0.0257526 0.998843 -0.0406113 -3.77398 0.59649 0.0479539 0.801187 56.0402 
0.798867 -0.0043947 -0.601492 -27.5345 -0.0262136 0.998769 -0.0421128 -3.83648 0.600936 0.0494098 0.797768 56.8712 
0.794808 -0.00718262 -0.606818 -28.2008 -0.0251904 0.998678 -0.0448151 -3.89234 0.606338 0.0509055 0.793576 57.7115 
0.790613 -0.00804812 -0.612263 -28.8779 -0.0248356 0.998669 -0.0451976 -3.95197 0.611812 0.0509398 0.789361 58.5538 
0.78605 -0.00806294 -0.61811 -29.5681 -0.0245832 0.998716 -0.0442902 -4.01245 0.617674 0.0500095 0.784843 59.4025 
0.781231 -0.00763532 -0.624195 -30.2658 -0.0249468 0.998745 -0.04344 -4.07404 0.623743 0.0495084 0.78006 60.2322 
0.775848 -0.00898841 -0.630856 -30.9725 -0.0246078 0.998707 -0.0444931 -4.13422 0.63044 0.0500439 0.774623 61.0707 
0.770585 -0.0104796 -0.637251 -31.691 -0.023962 0.998682 -0.045399 -4.19078 0.636886 0.0502537 0.769318 61.8968 
0.765375 -0.0112206 -0.643487 -32.3966 -0.0242366 0.998636 -0.0462409 -4.25489 0.643128 0.0509876 0.764059 62.6843 
0.759745 -0.0129199 -0.650093 -33.136 -0.0233952 0.998612 -0.0471876 -4.31756 0.649801 0.0510596 0.758388 63.5102 
0.753793 -0.0147064 -0.656948 -33.8675 -0.0225893 0.998579 -0.0482735 -4.38002 0.656724 0.0512282 0.752389 64.3135 
0.747565 -0.0163305 -0.663988 -34.6241 -0.0210826 0.998611 -0.0482968 -4.44211 0.663854 0.0501036 0.746182 65.1396 
0.74125 -0.016121 -0.671036 -35.3802 -0.0205034 0.998701 -0.0466417 -4.50681 0.670916 0.0483317 0.739956 65.9435 
0.734853 -0.016494 -0.678026 -36.1598 -0.0199361 0.998747 -0.045903 -4.57137 0.677934 0.0472491 0.733603 66.7553 
0.728465 -0.0181865 -0.684841 -36.9394 -0.0189254 0.998732 -0.0466531 -4.63668 0.684821 0.0469461 0.727197 67.5567 
0.722102 -0.0194558 -0.691514 -37.7375 -0.0195081 0.998634 -0.0484677 -4.70275 0.691512 0.0484888 0.720736 68.3541 
0.716281 -0.0183938 -0.69757 -38.5444 -0.0214797 0.998598 -0.0483874 -4.76561 0.697482 0.0496426 0.714881 69.1393 
0.711169 -0.0174561 -0.702804 -39.3678 -0.022326 0.998627 -0.0473955 -4.83106 0.702666 0.0493971 0.709803 69.9216 
0.706276 -0.0170327 -0.707732 -40.1951 -0.0232922 0.99861 -0.0472775 -4.89686 0.707553 0.0498757 0.704898 70.7154 
0.701527 -0.018373 -0.712406 -41.0518 -0.0232117 0.998548 -0.0486098 -4.95701 0.712265 0.0506373 0.700082 71.5133 
0.696369 -0.0197327 -0.717413 -41.9015 -0.0242325 0.998406 -0.0509832 -5.03107 0.717275 0.0528878 0.694781 72.2978 
0.691404 -0.0225848 -0.722116 -42.7558 -0.0233743 0.998289 -0.0536026 -5.09955 0.72209 0.05394 0.689693 73.0855 
0.686376 -0.0231715 -0.726878 -43.6184 -0.0238798 0.998235 -0.054371 -5.16957 0.726855 0.0546767 0.684611 73.8631 
0.681474 -0.0228656 -0.731485 -44.4866 -0.0231695 0.998337 -0.0527927 -5.24201 0.731475 0.052925 0.679811 74.6423 
0.676651 -0.0227405 -0.735953 -45.3769 -0.0227838 0.998398 -0.0517978 -5.31434 0.735952 0.0518169 0.675048 75.4131 
0.671614 -0.0238079 -0.740518 -46.2701 -0.0222226 0.998387 -0.0522533 -5.38925 0.740568 0.0515504 0.670002 76.1862 
0.666947 -0.0245591 -0.7447 -47.1615 -0.0216449 0.998396 -0.0523106 -5.46418 0.74479 0.0510075 0.665346 76.9504 
0.662621 -0.0250765 -0.748535 -48.0641 -0.021006 0.998424 -0.052043 -5.53475 0.74866 0.0502086 0.66105 77.7185 
0.658501 -0.0262084 -0.752123 -48.9711 -0.0196905 0.998451 -0.0520314 -5.60571 0.752322 0.0490725 0.656965 78.4879 
0.654615 -0.0289978 -0.755406 -49.8885 -0.0170354 0.998444 -0.0530899 -5.68186 0.75577 0.0476221 0.653103 79.2557 
0.650365 -0.033729 -0.758873 -50.8066 -0.0139511 0.998315 -0.0563276 -5.75516 0.759494 0.0472206 0.648798 80.0179 
0.645701 -0.0377701 -0.762655 -51.7227 -0.00998316 0.998273 -0.0578913 -5.83291 0.763525 0.0449942 0.644209 80.7672 
0.639057 -0.041232 -0.768054 -52.6602 -0.00519504 0.998308 -0.0579155 -5.91363 0.769142 0.0410014 0.637761 81.5262 
0.630729 -0.0451188 -0.77469 -53.6094 -4.45274e-05 0.998306 -0.0581787 -5.99461 0.776003 0.0367295 0.629659 82.28 
0.621921 -0.0462257 -0.781715 -54.5751 0.00278073 0.99838 -0.0568257 -6.07474 0.783075 0.0331674 0.621042 83.0233 
0.613355 -0.0447111 -0.788541 -55.5604 0.00304488 0.998523 -0.054249 -6.15565 0.789801 0.0308729 0.612585 83.7611 
0.604387 -0.0444815 -0.795448 -56.5447 0.00255679 0.998543 -0.053896 -6.23664 0.796687 0.0305403 0.60362 84.4817 
0.59481 -0.0459638 -0.802551 -57.5443 0.0017827 0.998437 -0.0558614 -6.31194 0.803864 0.0317963 0.593963 85.1999 
0.584918 -0.047984 -0.809672 -58.5573 0.00195745 0.998329 -0.0577505 -6.39315 0.81109 0.0321945 0.584035 85.9024 
0.575307 -0.0497152 -0.816425 -59.5877 0.00244398 0.998251 -0.0590651 -6.47519 0.817934 0.0319853 0.574422 86.5939 
0.565247 -0.0504938 -0.823375 -60.6361 0.00535281 0.998328 -0.0575482 -6.55826 0.824905 0.0281216 0.564572 87.2952 
0.555167 -0.0504462 -0.830207 -61.6718 0.0065173 0.998392 -0.0563075 -6.64458 0.831713 0.0258495 0.554604 87.9627 
0.54473 -0.0512783 -0.837042 -62.7335 0.00693226 0.99837 -0.0566501 -6.72757 0.838583 0.0250565 0.544197 88.6362 
0.534594 -0.0525242 -0.843475 -63.7974 0.00659408 0.998296 -0.0579857 -6.8095 0.845083 0.025437 0.53403 89.2871 
0.524808 -0.0526486 -0.849591 -64.878 0.00453621 0.998244 -0.0590585 -6.89637 0.851209 0.0271405 0.524125 89.9219 
0.515069 -0.053959 -0.855449 -65.9674 0.00383261 0.998152 -0.0606527 -6.98162 0.85714 0.0279617 0.514323 90.5505 
0.505456 -0.0537285 -0.861178 -67.0789 0.00273088 0.998154 -0.0606716 -7.06886 0.862848 0.0283151 0.504669 91.1748 
0.496794 -0.0517338 -0.866325 -68.1897 0.00194174 0.998286 -0.0585006 -7.15751 0.867866 0.0273806 0.496043 91.7843 
0.48897 -0.0502438 -0.870852 -69.2974 0.0026207 0.99842 -0.0561324 -7.24446 0.872297 0.0251649 0.488329 92.3803 
0.481414 -0.0507646 -0.875022 -70.4121 0.00298807 0.998411 -0.0562791 -7.32911 0.876488 0.024479 0.480801 92.9678 
0.473821 -0.0539042 -0.87897 -71.5499 0.00503454 0.998274 -0.0585068 -7.41526 0.880607 0.0232966 0.473274 93.5606 
0.466658 -0.05761 -0.88256 -72.6926 0.0078888 0.998108 -0.0609813 -7.50127 0.884403 0.0214951 0.466229 94.1523 
0.460487 -0.0606464 -0.885592 -73.8487 0.00925381 0.997937 -0.0635282 -7.59392 0.887618 0.0210588 0.460098 94.7313 
0.45498 -0.064138 -0.888189 -74.9859 0.0112644 0.997738 -0.0662785 -7.68987 0.890431 0.0201505 0.454673 95.2955 
0.450042 -0.0654269 -0.890607 -76.1333 0.0141146 0.997709 -0.0661625 -7.786 0.892896 0.0172053 0.449934 95.8652 
0.445689 -0.062847 -0.892979 -77.2822 0.016029 0.997933 -0.0622334 -7.88823 0.895045 0.0134232 0.445775 96.4253 
0.441681 -0.0611609 -0.895085 -78.4285 0.019265 0.99809 -0.0586929 -7.98158 0.896965 0.00867983 0.442016 96.9766 
0.438183 -0.0605111 -0.896847 -79.5761 0.0210691 0.998149 -0.0570521 -8.07735 0.898639 0.00610355 0.438647 97.5217 
0.435163 -0.0605807 -0.898311 -80.7102 0.0228961 0.998156 -0.0562226 -8.16751 0.900061 0.00389823 0.435747 98.0537 
0.432705 -0.0598052 -0.89955 -81.8604 0.0248761 0.998209 -0.0543984 -8.25701 0.901192 0.00116117 0.433418 98.5868 
0.430028 -0.0591292 -0.900877 -82.9997 0.0269618 0.998249 -0.0526502 -8.34346 0.902413 -0.0016481 0.430869 99.1209 
0.427307 -0.0604249 -0.902085 -84.129 0.0300633 0.998162 -0.0526199 -8.42855 0.903606 -0.00463475 0.428339 99.6471 
0.425362 -0.0613526 -0.902941 -85.2711 0.0333881 0.998084 -0.0520888 -8.50661 0.904407 -0.00799082 0.426596 100.158 
0.422804 -0.0605104 -0.904199 -86.3882 0.0369118 0.99809 -0.0495338 -8.59 0.905469 -0.0124324 0.42423 100.673 
0.42042 -0.0598873 -0.905351 -87.4977 0.0389704 0.99809 -0.047925 -8.67161 0.906493 -0.0151332 0.421951 101.174 
0.418804 -0.0609983 -0.906026 -88.5956 0.0411866 0.997991 -0.0481516 -8.75201 0.907142 -0.01715 0.420475 101.663 
0.417839 -0.0620313 -0.906401 -89.6737 0.0421432 0.997916 -0.0488669 -8.82977 0.907543 -0.0177801 0.419582 102.134 
0.41695 -0.0633561 -0.906719 -90.7447 0.0425238 0.997835 -0.0501684 -8.91089 0.907934 -0.0176394 0.418742 102.616 
0.417474 -0.0638616 -0.906442 -91.8027 0.0415912 0.997825 -0.0511444 -8.99295 0.907737 -0.0163485 0.419222 103.078 
0.419663 -0.0637315 -0.90544 -92.8467 0.0396197 0.997867 -0.0518739 -9.07212 0.906815 -0.0141037 0.421293 103.543 
0.423716 -0.064232 -0.903515 -93.8804 0.0382154 0.997862 -0.0530176 -9.14975 0.904989 -0.0120637 0.425264 104.011 
0.428389 -0.0647722 -0.90127 -94.8935 0.037034 0.997848 -0.0541102 -9.2299 0.902835 -0.0101974 0.429866 104.481 
0.434558 -0.0648185 -0.898309 -95.9172 0.0364932 0.997855 -0.0543478 -9.30843 0.899904 -0.00916488 0.435991 104.948 
0.44085 -0.0640223 -0.895294 -96.9187 0.0360088 0.997911 -0.0536294 -9.38431 0.896858 -0.00859585 0.442235 105.433 
0.448644 -0.0632009 -0.891473 -97.9152 0.0353446 0.997971 -0.0529636 -9.45904 0.893012 -0.00774691 0.449967 105.918 
0.45743 -0.0628052 -0.887025 -98.9054 0.0347814 0.998003 -0.0527265 -9.53302 0.888565 -0.00673328 0.458701 106.41 
0.466719 -0.0623682 -0.882204 -99.8887 0.0343157 0.998036 -0.0524028 -9.60873 0.88374 -0.00581606 0.467942 106.912 
0.476198 -0.0636965 -0.877028 -100.867 0.034149 0.99796 -0.0539378 -9.68359 0.878675 -0.00426452 0.477402 107.425 
0.486445 -0.0648467 -0.871302 -101.832 0.0321608 0.997895 -0.0563131 -9.76361 0.873119 -0.000628465 0.487506 107.945 
0.497762 -0.0662234 -0.864782 -102.79 0.0309248 0.997802 -0.0586097 -9.83797 0.866762 0.00243047 0.498716 108.472 
0.510022 -0.0640311 -0.857775 -103.726 0.0279285 0.997932 -0.0578876 -9.91262 0.859708 0.00556756 0.510755 108.998 
0.522843 -0.0609615 -0.850246 -104.655 0.0260584 0.998116 -0.0555395 -9.99694 0.85203 0.00688249 0.523447 109.54 
0.53535 -0.0582231 -0.842621 -105.592 0.0249771 0.998276 -0.0531096 -10.0767 0.844261 0.00738604 0.535882 110.104 
0.546982 -0.0575685 -0.835163 -106.489 0.0246124 0.998307 -0.0526946 -10.1488 0.836783 0.0082677 0.547473 110.672 
0.558253 -0.0583193 -0.827618 -107.383 0.025317 0.998259 -0.0532668 -10.2246 0.829284 0.00878356 0.558758 111.258 
0.569241 -0.0591788 -0.820038 -108.27 0.0253782 0.998196 -0.0544191 -10.2999 0.821779 0.0101666 0.569716 111.855 
0.580051 -0.0608944 -0.812301 -109.13 0.0276665 0.998099 -0.0550667 -10.3749 0.81411 0.00946801 0.580633 112.451 
0.590723 -0.0607426 -0.804585 -109.97 0.0281491 0.998107 -0.0546857 -10.4503 0.806383 0.00965578 0.591314 113.049 
0.601087 -0.0583629 -0.79705 -110.805 0.0273393 0.998248 -0.0524777 -10.525 0.798716 0.00975291 0.601629 113.661 
0.610438 -0.0554067 -0.790124 -111.623 0.027483 0.998431 -0.0487811 -10.5966 0.791587 0.00806292 0.611003 114.29 
0.62004 -0.0537113 -0.782729 -112.426 0.0263687 0.998517 -0.0476308 -10.6653 0.784127 0.00889355 0.620537 114.917 
0.629923 -0.0531866 -0.774835 -113.21 0.0247664 0.998521 -0.0484066 -10.732 0.776263 0.0113026 0.630308 115.533 
0.639259 -0.0528989 -0.76717 -113.981 0.0230512 0.998501 -0.049642 -10.796 0.768646 0.01405 0.63952 116.156 
0.648025 -0.0523963 -0.759815 -114.732 0.0231004 0.998524 -0.0491558 -10.8633 0.761269 0.0143022 0.648279 116.791 
0.656844 -0.0501981 -0.752354 -115.482 0.022817 0.998648 -0.0467108 -10.9324 0.753682 0.0135153 0.657101 117.432 
0.664943 -0.0486491 -0.745308 -116.209 0.0231102 0.998739 -0.0445732 -10.9918 0.746537 0.0124145 0.665228 118.082 
0.672791 -0.0479656 -0.738276 -116.927 0.0233989 0.998777 -0.0435669 -11.0558 0.739463 0.0120366 0.67309 118.734 
0.680008 -0.0473117 -0.731677 -117.631 0.0225301 0.998793 -0.0436449 -11.1128 0.732859 0.0131941 0.680253 119.386 
0.687225 -0.0467422 -0.724939 -118.318 0.0222464 0.998814 -0.0433119 -11.1674 0.726104 0.0136378 0.68745 120.022 
0.693917 -0.0444119 -0.718684 -119.002 0.021861 0.998935 -0.0406228 -11.2217 0.719723 0.0124777 0.694149 120.681 
0.700589 -0.0420357 -0.712326 -119.686 0.0210589 0.999047 -0.0382437 -11.2688 0.713254 0.0117924 0.700806 121.375 
0.70746 -0.0403954 -0.705598 -120.341 0.0200385 0.99911 -0.0371076 -11.3214 0.706469 0.0121131 0.70764 122.038 
0.7147 -0.0396929 -0.698304 -120.979 0.0195142 0.999131 -0.0368201 -11.3716 0.699159 0.0126885 0.714853 122.688 
0.722286 -0.0370721 -0.690601 -121.604 0.0172552 0.999217 -0.035592 -11.42 0.69138 0.0137912 0.72236 123.328 
0.731239 -0.0344664 -0.68125 -122.218 0.0167863 0.999329 -0.032541 -11.4688 0.681914 0.0123597 0.731328 123.973 
0.740851 -0.0306113 -0.670972 -122.819 0.0150154 0.999466 -0.0290189 -11.5151 0.671502 0.0114239 0.740915 124.618 
0.751068 -0.0284288 -0.659612 -123.426 0.0131464 0.999518 -0.0281094 -11.5589 0.660094 0.0124406 0.75108 125.285 
0.761209 -0.0274138 -0.647927 -124.003 0.0114686 0.999519 -0.028816 -11.6007 0.648406 0.0145043 0.761157 125.943 
0.771071 -0.0284326 -0.636114 -124.549 0.0116326 0.999465 -0.0305729 -11.6399 0.636643 0.0161742 0.770989 126.595 
0.780872 -0.0275212 -0.624084 -125.067 0.011189 0.999485 -0.030076 -11.6758 0.62459 0.0165027 0.780778 127.242 
0.791072 -0.0259105 -0.611174 -125.603 0.0107972 0.999538 -0.0283999 -11.7193 0.611627 0.0158675 0.790987 127.934 
0.80111 -0.0239484 -0.598039 -126.114 0.0107996 0.999615 -0.0255629 -11.7536 0.59842 0.0140202 0.80106 128.62 
0.81063 -0.022793 -0.585115 -126.613 0.011304 0.999665 -0.0232809 -11.7867 0.58545 0.0122581 0.810616 129.32 
0.819931 -0.0212175 -0.572069 -127.115 0.0116315 0.999724 -0.0204078 -11.8148 0.572344 0.010079 0.819951 130.02 
0.828133 -0.0206036 -0.560153 -127.616 0.0125394 0.999755 -0.0182347 -11.8458 0.560391 0.00807682 0.828189 130.741 
0.835364 -0.0207978 -0.549304 -128.086 0.0140197 0.999765 -0.0165326 -11.8763 0.549519 0.00610967 0.835459 131.452 
0.841959 -0.0206695 -0.539146 -128.548 0.0142222 0.999769 -0.0161185 -11.9058 0.539355 0.00590333 0.842058 132.163 
0.848726 -0.0196687 -0.528467 -129.006 0.0132382 0.999785 -0.0159497 -11.9333 0.528667 0.00654105 0.848804 132.881 
0.855284 -0.0180323 -0.517845 -129.447 0.0119189 0.999815 -0.0151298 -11.954 0.518022 0.0067682 0.855341 133.613 
0.861451 -0.0172593 -0.507548 -129.884 0.0113885 0.999828 -0.01467 -11.9785 0.507713 0.00685729 0.861499 134.356 
0.86729 -0.0177478 -0.497487 -130.312 0.0121252 0.999821 -0.0145302 -12.0061 0.497656 0.00656985 0.86735 135.093 
0.872238 -0.0191717 -0.488706 -130.728 0.0133009 0.999792 -0.015482 -12.0259 0.488901 0.00700375 0.872311 135.837 
0.876442 -0.0195202 -0.481111 -131.147 0.013592 0.999783 -0.0158039 -12.0534 0.481315 0.00731199 0.876517 136.607 
0.879743 -0.0186614 -0.475083 -131.562 0.0131131 0.999802 -0.0149901 -12.0785 0.475269 0.00695773 0.879813 137.384 
0.882626 -0.0166359 -0.469782 -131.971 0.012755 0.999853 -0.0114427 -12.1049 0.469904 0.00410757 0.882708 138.173 
0.885861 -0.0124966 -0.463782 -132.401 0.0103728 0.999921 -0.00713018 -12.1264 0.463834 0.0015057 0.885921 138.957 
0.889214 -0.00976876 -0.457388 -132.844 0.00879346 0.999952 -0.00426128 -12.1464 0.457408 -0.000232785 0.889257 139.792 
0.892595 -0.00685446 -0.450807 -133.282 0.00662499 0.999976 -0.00208713 -12.1581 0.450811 -0.00112358 0.892619 140.622 
0.895858 -0.00541152 -0.444309 -133.706 0.00608178 0.999982 8.31699e-05 -12.1664 0.4443 -0.00277665 0.895874 141.454 
0.899058 -0.00393784 -0.437813 -134.133 0.00585718 0.999978 0.00303363 -12.1747 0.437791 -0.00529171 0.899061 142.313 
0.902519 -0.00400135 -0.430632 -134.568 0.00686601 0.999963 0.00509825 -12.1864 0.430596 -0.00755794 0.902513 143.194 
0.90611 -0.00410181 -0.423023 -134.997 0.00742763 0.999953 0.00621383 -12.1914 0.422978 -0.00877242 0.906098 144.079 
0.909846 -0.00489833 -0.414918 -135.428 0.00822945 0.999947 0.0062408 -12.1929 0.414866 -0.00909266 0.909837 144.984 
0.913832 -0.0072589 -0.406028 -135.864 0.0105621 0.999927 0.00589503 -12.2011 0.405955 -0.00967551 0.913842 145.923 
0.917936 -0.00901777 -0.396626 -136.286 0.0119086 0.999917 0.00482635 -12.2055 0.39655 -0.00915348 0.917968 146.86 
0.922466 -0.0102783 -0.385943 -136.688 0.012275 0.999921 0.0027094 -12.2116 0.385884 -0.00723671 0.922519 147.799 
0.927865 -0.00843563 -0.372821 -137.096 0.00993317 0.999949 0.00209595 -12.2184 0.372784 -0.00564801 0.927901 148.767 
0.933944 -0.00548023 -0.357377 -137.457 0.00704925 0.99997 0.00308778 -12.2093 0.357349 -0.00540301 0.933955 149.767 
0.940655 -0.00181189 -0.339358 -137.835 0.00412325 0.999973 0.00608997 -12.2105 0.339338 -0.00712778 0.940637 150.787 
0.947404 0.0012593 -0.320038 -138.178 0.00131099 0.999969 0.00781553 -12.219 0.320038 -0.00782398 0.947372 151.82 
0.954084 0.00254817 -0.299529 -138.51 7.928e-05 0.999962 0.00875934 -12.2256 0.299539 -0.00838085 0.954047 152.849 
0.960481 0.00404266 -0.278317 -138.842 -0.00117972 0.999945 0.0104532 -12.2292 0.278344 -0.00971172 0.960432 153.906 
0.966413 0.00479175 -0.256949 -139.157 -0.00144243 0.999912 0.0132217 -12.2291 0.25699 -0.012407 0.966335 154.999 
0.971909 0.00726695 -0.235246 -139.437 -0.00338332 0.999851 0.0169081 -12.2262 0.235334 -0.0156372 0.971789 156.078 
0.976932 0.00912838 -0.213354 -139.695 -0.00473066 0.999766 0.0211136 -12.2163 0.213497 -0.0196172 0.976747 157.2 
0.981476 0.0111351 -0.191261 -139.928 -0.00654475 0.999676 0.0246154 -12.2145 0.191473 -0.0229077 0.981231 158.379 
0.985429 0.0128557 -0.169603 -140.137 -0.00879637 0.999657 0.0246641 -12.1967 0.169861 -0.0228128 0.985204 159.567 
0.988878 0.0115105 -0.148281 -140.316 -0.00824759 0.999711 0.0226008 -12.1771 0.148498 -0.0211264 0.988687 160.707 
0.991735 0.0115705 -0.127782 -140.471 -0.00882938 0.999719 0.0219973 -12.1739 0.128 -0.0206872 0.991558 161.893 
0.99413 0.0101656 -0.107713 -140.62 -0.00762808 0.999684 0.0239437 -12.1592 0.107922 -0.0229815 0.993894 163.088 
0.996063 0.0106473 -0.0880115 -140.747 -0.00840507 0.999632 0.0258073 -12.1474 0.0882538 -0.0249659 0.995785 164.339 
0.997625 0.0112366 -0.0679504 -140.839 -0.00941945 0.999591 0.0270027 -12.1399 0.068226 -0.0262985 0.997323 165.609 
0.998769 0.0128526 -0.0479154 -140.915 -0.0115268 0.999546 0.0278421 -12.1273 0.0482514 -0.0272554 0.998463 166.84 
0.99953 0.0133022 -0.0276153 -140.957 -0.0125095 0.99951 0.0286833 -12.1134 0.0279833 -0.0283243 0.999207 168.106 
0.999853 0.0155154 -0.00734202 -140.978 -0.0153002 0.999477 0.0285055 -12.1113 0.0077804 -0.0283889 0.999567 169.425 
0.999788 0.0165486 0.0122269 -140.979 -0.0168809 0.999477 0.027598 -12.0937 -0.0117638 -0.0277985 0.999544 170.69 
0.999361 0.0164046 0.0317589 -140.972 -0.0172128 0.999531 0.0253455 -12.069 -0.0313282 -0.0258759 0.999174 171.997 
0.998549 0.0183276 0.0506345 -140.936 -0.019511 0.999546 0.0229769 -12.0526 -0.0501904 -0.0239314 0.998453 173.298 
0.997427 0.0184674 0.0692747 -140.835 -0.0199996 0.999569 0.0214901 -12.0473 -0.068848 -0.0228202 0.997366 174.637 
0.99594 0.0188654 0.0880245 -140.733 -0.020592 0.999612 0.0187484 -12.0432 -0.0876367 -0.0204848 0.995942 176.001 
0.994089 0.0197722 0.106752 -140.616 -0.0213521 0.999678 0.0136776 -12.0496 -0.106447 -0.0158761 0.994192 177.455 
0.992017 0.0212933 0.124295 -140.428 -0.0223451 0.999725 0.00707398 -12.0592 -0.12411 -0.00979485 0.99222 178.84 
0.989632 0.0233788 0.141712 -140.251 -0.0239415 0.999711 0.00226683 -12.0719 -0.141618 -0.00563608 0.989905 180.256 
0.98694 0.0257046 0.159023 -140.011 -0.0257736 0.999667 -0.00162827 -12.1002 -0.159012 -0.00249155 0.987274 181.733 
0.983956 0.0278657 0.176224 -139.72 -0.0275619 0.999611 -0.0041714 -12.1387 -0.176272 -0.000752571 0.984341 183.2 
0.980709 0.0271891 0.193576 -139.462 -0.0269672 0.999629 -0.00378173 -12.164 -0.193607 -0.00151138 0.981078 184.637 
0.977198 0.0263177 0.210692 -139.2 -0.0260036 0.999653 -0.00426161 -12.1884 -0.210731 -0.00131427 0.977543 186.021 
0.973491 0.0261813 0.227224 -138.888 -0.0247504 0.999652 -0.00914426 -12.218 -0.227384 0.003278 0.9738 187.422 
0.969542 0.0272587 0.243404 -138.518 -0.0247662 0.999605 -0.013295 -12.2605 -0.24367 0.00686195 0.969834 188.921 
0.965229 0.0292966 0.259759 -138.098 -0.026804 0.999554 -0.013133 -12.3178 -0.260028 0.00571384 0.965584 190.443 
0.960285 0.0314627 0.277243 -137.674 -0.028837 0.999492 -0.0135438 -12.3704 -0.277529 0.00501108 0.960704 192.005 
0.955079 0.035321 0.29424 -137.16 -0.0319328 0.999357 -0.0163129 -12.4348 -0.294627 0.00618425 0.955592 193.529 
0.94953 0.0355036 0.31166 -136.713 -0.0308211 0.999326 -0.0199386 -12.5015 -0.312158 0.00932666 0.949985 195.028 
0.943523 0.0366365 0.329274 -136.251 -0.0310413 0.999271 -0.0222355 -12.5535 -0.329849 0.0107586 0.943973 196.546 
0.937401 0.0367425 0.346308 -135.697 -0.029123 0.999206 -0.027182 -12.6283 -0.347032 0.0153949 0.937727 198.027 
0.930027 0.0396559 0.365344 -135.138 -0.0295342 0.999011 -0.0332535 -12.694 -0.366302 0.0201366 0.930278 199.57 
0.92121 0.0434055 0.386636 -134.517 -0.0317636 0.998831 -0.0364522 -12.7902 -0.387766 0.0212992 0.921512 201.079 
0.910753 0.0463603 0.41034 -133.875 -0.0339302 0.998719 -0.0375272 -12.8862 -0.411555 0.0202551 0.91116 202.579 
0.89864 0.0514015 0.435666 -133.228 -0.0377222 0.998488 -0.0399962 -12.983 -0.437062 0.019508 0.89922 204.053 
0.88577 0.055196 0.460831 -132.537 -0.0395927 0.99827 -0.0434661 -13.0597 -0.462433 0.0202554 0.886423 205.523 
0.871983 0.0592602 0.485937 -131.807 -0.0416596 0.998028 -0.0469543 -13.1323 -0.487761 0.0206994 0.872732 206.992 
0.857916 0.0606072 0.510203 -131.029 -0.0413179 0.99794 -0.0490688 -13.237 -0.512126 0.0210163 0.858653 208.431 
0.843161 0.0624297 0.534024 -130.205 -0.0414347 0.997827 -0.0512296 -13.3544 -0.536062 0.0210677 0.843916 209.863 
0.827634 0.0643136 0.557572 -129.336 -0.0397938 0.997637 -0.0560052 -13.4801 -0.559856 0.0241639 0.828237 211.323 
0.812107 0.0666603 0.579689 -128.442 -0.0380864 0.99739 -0.0613365 -13.5943 -0.582265 0.0277336 0.812526 212.703 
0.796541 0.068661 0.600674 -127.475 -0.0374202 0.997224 -0.0643672 -13.7426 -0.603426 0.0287937 0.796899 214.113 
0.781185 0.070123 0.620349 -126.507 -0.0357843 0.997068 -0.0676444 -13.8705 -0.623273 0.0306441 0.781404 215.429 
0.766363 0.070362 0.638542 -125.523 -0.0338993 0.997028 -0.0691789 -14.005 -0.641512 0.0313701 0.766471 216.67 
0.751997 0.071022 0.655329 -124.475 -0.0327129 0.996975 -0.0705096 -14.1623 -0.658354 0.0315853 0.752045 217.913 
0.738066 0.0711751 0.670964 -123.409 -0.0300395 0.996901 -0.0727063 -14.316 -0.67406 0.0335066 0.737917 219.098 
0.723763 0.0727721 0.686201 -122.309 -0.0280121 0.996702 -0.0761554 -14.4562 -0.68948 0.0358965 0.723414 220.331 
0.709689 0.0746742 0.700546 -121.212 -0.0255494 0.996441 -0.0803319 -14.6058 -0.704052 0.0391121 0.709071 221.478 
0.695682 0.0764554 0.71427 -120.088 -0.0243705 0.99626 -0.0829033 -14.7576 -0.717937 0.0402672 0.694943 222.593 
0.681139 0.0772024 0.728073 -118.964 -0.0233578 0.99621 -0.0837826 -14.9058 -0.731782 0.0400614 0.680361 223.692 
0.665681 0.0783288 0.742114 -117.811 -0.0238637 0.996202 -0.0837414 -15.0587 -0.745855 0.0380355 0.665022 224.758 
0.649395 0.0795106 0.756283 -116.619 -0.0259375 0.996256 -0.082468 -15.2129 -0.760009 0.0339382 0.649026 225.823 
0.632813 0.0804014 0.770119 -115.41 -0.0282196 0.996328 -0.0808296 -15.372 -0.77379 0.0294176 0.632758 226.841 
0.615876 0.0821751 0.783546 -114.185 -0.0308107 0.996297 -0.08027 -15.5317 -0.78724 0.0252948 0.616127 227.852 
0.598533 0.0854069 0.796532 -112.977 -0.0317991 0.99605 -0.0829053 -15.6798 -0.800467 0.0242926 0.598885 228.818 
0.581242 0.0889957 0.80885 -111.749 -0.0339409 0.995788 -0.085174 -15.8362 -0.813023 0.0220536 0.581814 229.75 
0.56293 0.0888957 0.82171 -110.537 -0.0337757 0.995843 -0.0845952 -15.995 -0.825814 0.0198674 0.563592 230.622 
0.542977 0.0880923 0.835114 -109.289 -0.0346713 0.995986 -0.0825192 -16.1479 -0.839032 0.0158515 0.543852 231.483 
0.522561 0.086124 0.848241 -108.032 -0.0346454 0.996208 -0.079804 -16.3062 -0.851898 0.0123148 0.523563 232.306 
0.501583 0.0851326 0.860911 -106.761 -0.035541 0.996334 -0.0778173 -16.4551 -0.864379 0.00843421 0.50277 233.107 
0.480876 0.0839203 0.872763 -105.48 -0.0345819 0.99645 -0.0767593 -16.6018 -0.876106 0.00672995 0.482071 233.87 
0.460373 0.0835862 0.883782 -104.209 -0.0338381 0.996486 -0.0766188 -16.7425 -0.88708 0.00536782 0.461584 234.57 
0.440055 0.0829158 0.894135 -102.925 -0.0321934 0.996545 -0.0765683 -16.8882 -0.897394 0.00490896 0.441203 235.248 
0.420179 0.0827646 0.903659 -101.64 -0.0292369 0.99655 -0.0776778 -17.0298 -0.90697 0.00621844 0.421149 235.868 
0.40026 0.0817469 0.912748 -100.364 -0.0253214 0.99662 -0.0781545 -17.1713 -0.916052 0.00817009 0.400977 236.457 
0.379739 0.0797945 0.921646 -99.0571 -0.0236444 0.996785 -0.0765578 -17.3158 -0.924791 0.00728029 0.380405 237.041 
0.359801 0.0796098 0.929627 -97.7448 -0.023036 0.996808 -0.076447 -17.4596 -0.932745 0.00609084 0.360486 237.576 
0.340433 0.0842592 0.936486 -96.4216 -0.0232864 0.996427 -0.0811871 -17.599 -0.93998 0.00583146 0.341179 238.085 
0.320907 0.0934677 0.942488 -95.121 -0.0249517 0.995607 -0.0902398 -17.7548 -0.946782 0.00544191 0.321829 238.583 
0.302024 0.101329 0.9479 -93.831 -0.0269928 0.994845 -0.0977472 -17.8992 -0.952918 0.00393555 0.303202 239.029 
0.282626 0.105549 0.953406 -92.5394 -0.029669 0.994414 -0.101294 -18.0544 -0.958771 0.000341762 0.284179 239.457 
0.262958 0.106847 0.958873 -91.2574 -0.0321799 0.994267 -0.101966 -18.2158 -0.96427 -0.0040436 0.264889 239.855 
0.243375 0.107145 0.963996 -89.9875 -0.0361649 0.994191 -0.101371 -18.3754 -0.969258 -0.0101916 0.245837 240.209 
0.224117 0.107576 0.968607 -88.6952 -0.0377539 0.994101 -0.101672 -18.528 -0.973831 -0.0137823 0.226856 240.553 
0.205231 0.10618 0.972937 -87.4407 -0.0382704 0.994208 -0.100429 -18.6799 -0.977965 -0.0166235 0.208106 240.857 
0.18665 0.106242 0.976665 -86.1918 -0.038067 0.994171 -0.100872 -18.8272 -0.981689 -0.018351 0.189607 241.136 
0.168425 0.106866 0.979904 -84.9661 -0.0375881 0.994079 -0.101951 -18.9771 -0.984998 -0.0196616 0.171445 241.383 
0.149614 0.11039 0.982563 -83.7244 -0.0411185 0.993583 -0.105367 -19.1311 -0.987889 -0.0246371 0.153193 241.613 
0.131331 0.112304 0.984957 -82.4815 -0.0413583 0.993318 -0.107742 -19.2805 -0.990475 -0.0265862 0.135099 241.815 
0.114865 0.109381 0.987341 -81.2532 -0.0416838 0.993575 -0.105222 -19.4345 -0.992506 -0.0290697 0.118687 241.983 
0.0996042 0.104888 0.989484 -80.0371 -0.0392017 0.99407 -0.101428 -19.5838 -0.994255 -0.0286868 0.103125 242.133 
0.0855222 0.100803 0.991224 -78.832 -0.0388467 0.99445 -0.0977792 -19.7242 -0.995579 -0.0301435 0.0889633 242.266 
0.0729648 0.0971573 0.992591 -77.6364 -0.0364969 0.994837 -0.0946942 -19.8692 -0.996667 -0.0293171 0.076134 242.379 
0.0623879 0.0972324 0.993304 -76.4681 -0.0362731 0.994807 -0.0951011 -20.0057 -0.997393 -0.0300971 0.0655908 242.48 
0.0539842 0.0995415 0.993568 -75.302 -0.0365474 0.994549 -0.097654 -20.142 -0.997873 -0.0310405 0.0573279 242.565 
0.047254 0.101219 0.993741 -74.1604 -0.0378991 0.994318 -0.0994751 -20.2779 -0.998164 -0.0329613 0.0508216 242.642 
0.0412927 0.105288 0.993584 -73.0287 -0.0384607 0.993863 -0.10372 -20.4172 -0.998407 -0.0339311 0.0450888 242.714 
0.0355152 0.114018 0.992844 -71.9178 -0.0379918 0.992906 -0.112666 -20.5537 -0.998647 -0.0337185 0.039595 242.787 
0.0305296 0.116695 0.992698 -70.8217 -0.0398946 0.992512 -0.115447 -20.691 -0.998737 -0.0360788 0.0349565 242.852 
0.0266954 0.108279 0.993762 -69.7214 -0.0387644 0.993481 -0.107207 -20.8288 -0.998892 -0.0356606 0.0307187 242.907 
0.0240786 0.0984654 0.994849 -68.6251 -0.0374531 0.994528 -0.0975271 -20.9611 -0.999008 -0.0349119 0.0276347 242.963 
0.0226519 0.0948493 0.995234 -67.5404 -0.0370458 0.994885 -0.0939729 -21.0844 -0.999057 -0.0347406 0.0260498 243.013 
0.0224926 0.0969202 0.995038 -66.4677 -0.0378127 0.99466 -0.0960286 -21.204 -0.999032 -0.0354652 0.0260373 243.067 
0.0228306 0.0999758 0.994728 -65.4044 -0.0374558 0.994374 -0.0990805 -21.3246 -0.999037 -0.0349962 0.0264468 243.116 
0.0239537 0.102414 0.994453 -64.3509 -0.0400312 0.994039 -0.101407 -21.4492 -0.998911 -0.0373801 0.0279107 243.181 
0.0258088 0.103228 0.994323 -63.3092 -0.0421887 0.993881 -0.102087 -21.5695 -0.998776 -0.0393145 0.0300059 243.235 
0.0288635 0.104862 0.994068 -62.2873 -0.0429771 0.993693 -0.103574 -21.6886 -0.998659 -0.0397326 0.0331881 243.29 
0.0321792 0.10588 0.993858 -61.2628 -0.0454098 0.993501 -0.104372 -21.8094 -0.99845 -0.0417723 0.0367781 243.357 
0.0366887 0.107041 0.993577 -60.2427 -0.046597 0.993349 -0.105296 -21.9277 -0.99824 -0.0424346 0.0414325 243.426 
0.0430092 0.10612 0.993423 -59.2223 -0.0475384 0.993434 -0.104063 -22.0463 -0.997943 -0.0427501 0.0477715 243.494 
0.0493193 0.10472 0.993278 -58.2226 -0.0461519 0.993665 -0.102469 -22.164 -0.997716 -0.040788 0.0538399 243.572 
0.0566366 0.103893 0.992975 -57.2289 -0.0443182 0.993852 -0.101457 -22.2802 -0.997411 -0.0382607 0.0608927 243.647 
0.0638196 0.10462 0.992463 -56.2376 -0.0427823 0.993862 -0.102016 -22.3965 -0.997044 -0.0359493 0.0679037 243.736 
0.0706936 0.104658 0.991993 -55.2477 -0.0434693 0.993859 -0.101757 -22.5076 -0.996551 -0.0359277 0.0748089 243.828 
0.0771054 0.10367 0.991619 -54.2558 -0.0446496 0.993941 -0.100441 -22.6203 -0.996023 -0.0365309 0.081267 243.935 
0.0834817 0.101579 0.991319 -53.278 -0.0454112 0.994145 -0.0980445 -22.7308 -0.995474 -0.0368321 0.0876058 244.051 
0.0899191 0.100108 0.990905 -52.2955 -0.0452564 0.994319 -0.0963463 -22.8409 -0.99492 -0.0361814 0.0939388 244.167 
0.096466 0.100968 0.990202 -51.3168 -0.0458222 0.994237 -0.0969154 -22.9474 -0.994281 -0.0360242 0.100537 244.291 
0.103087 0.102955 0.98933 -50.3458 -0.0450131 0.994093 -0.09876 -23.0565 -0.993653 -0.0343519 0.107112 244.419 
0.109447 0.104592 0.988475 -49.3734 -0.0451678 0.993945 -0.100169 -23.1618 -0.992966 -0.033684 0.113508 244.552 
0.115476 0.10653 0.987581 -48.4124 -0.0472274 0.993697 -0.101667 -23.2723 -0.992187 -0.0349007 0.119779 244.696 
0.121677 0.107289 0.986754 -47.4534 -0.0497255 0.993551 -0.101897 -23.3821 -0.991323 -0.0366683 0.126228 244.841 
0.128252 0.106928 0.98596 -46.4946 -0.050468 0.993586 -0.101191 -23.4925 -0.990457 -0.0367815 0.132826 244.996 
0.134304 0.104713 0.985392 -45.5344 -0.0513846 0.993799 -0.0986032 -23.6013 -0.989607 -0.0373912 0.138852 245.157 
0.140202 0.103247 0.984725 -44.5699 -0.0518733 0.993948 -0.0968284 -23.7095 -0.988763 -0.0375054 0.14471 245.331 
0.146636 0.102511 0.983864 -43.6218 -0.0518073 0.994047 -0.0958507 -23.8177 -0.987833 -0.0369162 0.151074 245.496 
0.153586 0.103537 0.982696 -42.6787 -0.0517611 0.993973 -0.0966352 -23.9239 -0.986779 -0.0360236 0.15802 245.668 
0.160773 0.103758 0.981522 -41.7399 -0.0497546 0.994047 -0.096932 -24.0287 -0.985737 -0.0332512 0.164978 245.841 
0.169687 0.105359 0.97985 -40.8067 -0.0483033 0.993963 -0.0985118 -24.1344 -0.984314 -0.0306138 0.173752 246.02 
