1 2.12261e-08 -2.11895e-08 0 2.12261e-08 1 2.10703e-08 0 -2.11895e-08 2.10703e-08 1 0 
0.999875 0.00141835 0.0157408 0.0117721 -0.00140256 0.999999 -0.00101138 -0.00056641 -0.0157423 0.000989222 0.999876 0.124898 
0.999299 0.00441873 0.0371894 0.0267343 -0.00439988 0.99999 -0.000587463 -0.00111485 -0.0371917 0.000423464 0.999308 0.263824 
0.99791 0.0059644 0.0643453 0.0576297 -0.00603274 0.999981 0.000868582 -0.00345076 -0.064339 -0.0012549 0.997927 0.420491 
0.995121 0.0056963 0.0985013 0.101449 -0.00602127 0.999977 0.00300268 -0.00273036 -0.098482 -0.00358109 0.995132 0.586451 
0.990623 0.00259922 0.136601 0.163742 -0.00332889 0.999981 0.00511374 -0.00628257 -0.136585 -0.00552048 0.990613 0.761061 
0.984394 -0.000202259 0.175978 0.244398 -0.000773395 0.999985 0.00547585 -0.00455419 -0.175976 -0.00552646 0.984379 0.955152 
0.975614 3.73555e-05 0.219496 0.340614 -0.00148736 0.999978 0.00644106 0.00239196 -0.219491 -0.00661042 0.975592 1.13823 
0.963581 -3.2655e-05 0.267418 0.40757 -0.00255823 0.999953 0.00934028 0.00406587 -0.267406 -0.00968419 0.963535 1.28456 
0.94911 -0.00396322 0.31492 0.507918 -0.00134502 0.999861 0.0166369 -0.00265312 -0.314942 -0.0162138 0.948973 1.47044 
0.932109 -0.0134469 0.361929 0.637939 0.00484785 0.999684 0.0246567 -0.0088403 -0.362147 -0.0212281 0.931879 1.66619 
0.910741 -0.0184165 0.412568 0.786801 0.0070964 0.999556 0.0289538 -0.0106132 -0.412918 -0.0234416 0.910467 1.86454 
0.885279 -0.0196543 0.464645 0.940773 0.00492843 0.999447 0.0328862 -0.00862023 -0.465034 -0.0268235 0.884886 2.06989 
0.856765 -0.0215648 0.515256 1.09654 0.0027593 0.999303 0.0372354 0.00201725 -0.5157 -0.0304802 0.856227 2.26012 
0.824243 -0.026028 0.565637 1.2816 0.00324292 0.999144 0.0412505 0.0118308 -0.566227 -0.0321661 0.823622 2.45488 
0.787869 -0.0310619 0.61506 1.48034 0.00488069 0.999011 0.0442004 0.0238904 -0.615824 -0.0318222 0.787241 2.64623 
0.749419 -0.034928 0.661174 1.68068 0.00545571 0.998899 0.0465853 0.0376619 -0.662073 -0.0313048 0.748785 2.82596 
0.708741 -0.0376499 0.704463 1.91885 0.00615723 0.998867 0.0471897 0.0569621 -0.705442 -0.0291077 0.70817 3.03006 
0.666092 -0.0393322 0.744832 2.18565 0.00504093 0.998823 0.0482368 0.0697839 -0.745853 -0.0283754 0.665506 3.23475 
0.622489 -0.0394509 0.781634 2.47408 -0.000102206 0.998725 0.0504895 0.0737966 -0.782629 -0.031509 0.621691 3.4542 
0.579918 -0.0400589 0.813689 2.79959 -0.00317112 0.998672 0.051426 0.0886207 -0.814669 -0.0324031 0.579021 3.66837 
0.538878 -0.0413997 0.841366 3.15604 -0.00495891 0.998618 0.0523135 0.102714 -0.842369 -0.0323628 0.537929 3.88435 
0.49977 -0.0435093 0.865065 3.54232 -0.00655235 0.998519 0.054007 0.118084 -0.866134 -0.0326593 0.498744 4.08657 
0.461955 -0.0429035 0.885865 3.94708 -0.0098913 0.998518 0.0535175 0.138038 -0.886848 -0.0334851 0.460846 4.28433 
0.425137 -0.0420726 0.904151 4.39215 -0.0107926 0.998613 0.051543 0.160664 -0.905065 -0.031671 0.424093 4.47577 
0.391218 -0.0406248 0.919401 4.86211 -0.00938588 0.998797 0.0481269 0.183246 -0.92025 -0.0274575 0.390366 4.6606 
0.361015 -0.0388118 0.931752 5.36984 -0.00718836 0.998988 0.0443978 0.205689 -0.932532 -0.022726 0.360371 4.84919 
0.335262 -0.0368068 0.941406 5.90096 -0.00595579 0.999134 0.0411849 0.230576 -0.942106 -0.0194145 0.334752 5.0346 
0.314919 -0.0363024 0.948424 6.46858 -0.00451184 0.9992 0.0397441 0.254031 -0.949108 -0.0167953 0.314503 5.21967 
0.30024 -0.0368249 0.953153 7.07078 -0.00339535 0.999207 0.0396738 0.275447 -0.953858 -0.0151479 0.299877 5.40564 
0.288503 -0.0382691 0.956714 7.69302 -0.00232665 0.99917 0.0406691 0.299128 -0.957476 -0.0139591 0.288174 5.60189 
0.277392 -0.0398547 0.95993 8.34398 -0.00357506 0.99909 0.0425136 0.328097 -0.96075 -0.0152247 0.276997 5.79961 
0.266756 -0.0418705 0.962854 9.0198 -0.00478678 0.998986 0.0447679 0.346315 -0.963752 -0.0165511 0.266285 5.99744 
0.256615 -0.0433673 0.96554 9.71982 -0.0055764 0.99891 0.0463482 0.379581 -0.966498 -0.0172779 0.256093 6.19222 
0.246698 -0.0453237 0.968032 10.4385 -0.00638874 0.998808 0.0483928 0.407124 -0.969071 -0.0181229 0.246114 6.37445 
0.23622 -0.046753 0.970574 11.1818 -0.00651128 0.998743 0.0496947 0.438175 -0.971678 -0.0180586 0.235619 6.56436 
0.225621 -0.0478768 0.973038 11.9473 -0.00664665 0.998693 0.0506803 0.473034 -0.974193 -0.017902 0.225008 6.75661 
0.215028 -0.0509084 0.97528 12.7258 -0.00808346 0.998513 0.0539034 0.501599 -0.976574 -0.0194744 0.214297 6.94201 
0.203585 -0.0543501 0.977548 13.5172 -0.00947863 0.998302 0.0574781 0.539564 -0.979012 -0.0209675 0.202724 7.11825 
0.191495 -0.0582453 0.979764 14.3138 -0.0101468 0.998067 0.0613166 0.573631 -0.981441 -0.0216832 0.190534 7.28476 
0.178241 -0.0605671 0.982121 15.1153 -0.0112242 0.997914 0.0635781 0.607137 -0.983923 -0.0223558 0.177189 7.44395 
0.164157 -0.0611948 0.984534 15.9246 -0.0115136 0.997887 0.0639445 0.644383 -0.986367 -0.0218325 0.163106 7.58916 
0.14951 -0.0600828 0.986933 16.7321 -0.0127844 0.997951 0.0626903 0.679602 -0.988678 -0.0219902 0.148435 7.72507 
0.13296 -0.0588719 0.989371 17.5497 -0.0133446 0.998038 0.0611809 0.718004 -0.991032 -0.0213373 0.131913 7.84246 
0.112437 -0.0572672 0.992007 18.3737 -0.0161138 0.998102 0.0594454 0.752681 -0.993528 -0.0226688 0.111301 7.9474 
0.0865254 -0.0558961 0.99468 19.2106 -0.0203064 0.998118 0.0578557 0.788937 -0.996043 -0.0252044 0.0852276 8.0358 
0.0559844 -0.0554213 0.996892 20.0462 -0.0242917 0.998087 0.0568519 0.820718 -0.998136 -0.027399 0.0545311 8.09351 
0.022603 -0.0550753 0.998226 20.8858 -0.0271492 0.998079 0.0556819 0.854716 -0.999376 -0.0283596 0.0210643 8.11949 
-0.0121819 -0.0544977 0.99844 21.7196 -0.0289537 0.998114 0.0541267 0.883988 -0.999507 -0.0282491 -0.0137369 8.11871 
-0.0461245 -0.0531081 0.997523 22.5581 -0.0294518 0.998224 0.0517837 0.913143 -0.998501 -0.0269904 -0.0476067 8.084 
-0.0791766 -0.0510998 0.99555 23.3927 -0.0315207 0.998314 0.0487349 0.939475 -0.996362 -0.0275217 -0.0806538 8.02611 
-0.111561 -0.0482096 0.992588 24.2226 -0.0335406 0.998436 0.0447239 0.961551 -0.993191 -0.0283025 -0.113003 7.93772 
-0.143923 -0.0435131 0.988632 25.0577 -0.0303657 0.998757 0.0395382 0.981275 -0.989123 -0.02433 -0.145066 7.81565 
-0.175546 -0.0378671 0.983743 25.8824 -0.0260166 0.999089 0.0338153 0.992344 -0.984127 -0.0196575 -0.176371 7.66824 
-0.206038 -0.0312838 0.978044 26.7186 -0.0192033 0.999426 0.0279223 1.00536 -0.978356 -0.0130286 -0.20652 7.49336 
-0.234776 -0.0255074 0.971715 27.5417 -0.013021 0.999649 0.0230947 1.01261 -0.971962 -0.0072306 -0.235026 7.28708 
-0.262371 -0.0193588 0.964773 28.351 -0.00419726 0.999812 0.0189205 1.01277 -0.964958 0.000914775 -0.262403 7.056 
-0.28855 -0.00897129 0.957423 29.1494 0.00164384 0.99995 0.00986524 1.00451 -0.957463 0.00442046 -0.288521 6.8102 
-0.313745 0.0064617 0.949485 29.9293 0.00635092 0.999969 -0.00470665 0.988521 -0.949486 0.00455341 -0.313776 6.5483 
-0.338297 0.0237472 0.94074 30.6241 0.00781322 0.999718 -0.0224263 0.960504 -0.941007 -0.000236538 -0.338387 6.29875 
-0.363463 0.0387149 0.930804 31.3795 0.00861252 0.999233 -0.038198 0.926487 -0.931569 -0.00586697 -0.363517 6.017 
-0.387918 0.0488835 0.920397 32.1136 0.0118756 0.998775 -0.0480411 0.888921 -0.921618 -0.00770571 -0.388023 5.72187 
-0.411124 0.0528905 0.910044 32.8602 0.0149585 0.998572 -0.051278 0.834985 -0.911457 -0.00746875 -0.411329 5.38522 
-0.433712 0.0526655 0.899511 33.5983 0.0187229 0.998602 -0.0494397 0.781737 -0.900857 -0.00460116 -0.434091 5.03211 
-0.453603 0.0484912 0.889884 34.3265 0.0224395 0.998824 -0.0429893 0.727728 -0.890922 0.000468494 -0.454157 4.66255 
-0.471111 0.0472507 0.880808 35.0493 0.0299686 0.998845 -0.0375537 0.678597 -0.881565 0.00870464 -0.471983 4.26365 
-0.484754 0.0477322 0.873347 35.7517 0.032139 0.998808 -0.0367503 0.630299 -0.87406 0.0102536 -0.48571 3.87657 
-0.495799 0.0517557 0.866894 36.4432 0.0359111 0.998591 -0.0390798 0.586277 -0.867695 0.0117554 -0.496959 3.49008 
-0.505651 0.0543433 0.861025 37.1258 0.0368484 0.998464 -0.0413779 0.539922 -0.861951 0.0108046 -0.506877 3.09804 
-0.516591 0.0536604 0.854549 37.8046 0.0308708 0.998553 -0.0440409 0.492263 -0.855676 0.00362947 -0.5175 2.71603 
-0.527614 0.0521074 0.847885 38.4864 0.0303282 0.998636 -0.0424995 0.438843 -0.848943 0.00329145 -0.528475 2.30873 
-0.53623 0.0534401 0.842379 39.1625 0.0321228 0.998563 -0.0429001 0.396462 -0.843461 0.00405523 -0.537176 1.88573 
-0.543618 0.0563522 0.837439 39.8397 0.0351995 0.998397 -0.0443336 0.34346 -0.838595 0.00537692 -0.544729 1.46202 
-0.547168 0.0592341 0.834924 40.5257 0.0362122 0.998234 -0.0470885 0.298893 -0.836239 0.00446907 -0.548347 1.03089 
-0.546925 0.0613632 0.834929 41.2286 0.0362591 0.998111 -0.0496045 0.247852 -0.836396 0.00314387 -0.548117 0.588495 
-0.543648 0.0616504 0.837046 41.9576 0.0380084 0.998084 -0.0488253 0.203713 -0.838452 0.00527098 -0.54495 0.12725 
-0.537763 0.0606573 0.840912 42.7019 0.0364003 0.998149 -0.0487213 0.14991 -0.84231 0.0044089 -0.538975 -0.327932 
-0.530958 0.0592638 0.845323 43.4652 0.0341895 0.998237 -0.0485094 0.0963291 -0.846708 0.00314471 -0.532048 -0.782795 
-0.52397 0.0588459 0.849701 44.2376 0.0325041 0.998265 -0.0490909 0.0460272 -0.851116 0.00189656 -0.524974 -1.23206 
-0.517671 0.0574154 0.853651 45.0326 0.029397 0.99835 -0.0493207 -0.00710801 -0.855075 -0.00043704 -0.518504 -1.69345 
-0.51384 0.0548541 0.85613 45.8228 0.0248882 0.998487 -0.0490374 -0.0646024 -0.857525 -0.00388986 -0.514428 -2.12882 
-0.512833 0.0520301 0.856911 46.6573 0.0205266 0.99862 -0.0483499 -0.123151 -0.858243 -0.00720597 -0.513193 -2.59099 
-0.513266 0.0493932 0.856807 47.5062 0.0170004 0.998732 -0.0473908 -0.17718 -0.858061 -0.00975796 -0.513454 -3.07529 
-0.51464 0.0482537 0.856047 48.3494 0.0156218 0.998777 -0.0469075 -0.231957 -0.857264 -0.0107675 -0.514765 -3.55024 
-0.515581 0.0476003 0.855518 49.193 0.0152092 0.998807 -0.0464069 -0.279608 -0.856706 -0.0109148 -0.51569 -4.02119 
-0.51622 0.0471516 0.855157 50.0545 0.0148275 0.998826 -0.0461224 -0.332847 -0.856328 -0.0111295 -0.516313 -4.50841 
-0.516711 0.0461292 0.854916 50.9452 0.0148132 0.99888 -0.044944 -0.394628 -0.856032 -0.0105591 -0.516816 -5.01189 
-0.51719 0.0457354 0.854648 51.8528 0.0144849 0.998896 -0.0446892 -0.460109 -0.855748 -0.0107334 -0.517282 -5.52449 
-0.517795 0.0442647 0.854359 52.7726 0.0127786 0.998949 -0.0440114 -0.5169 -0.85541 -0.0118714 -0.517816 -6.03681 
-0.517882 0.0435752 0.854342 53.6466 0.0122677 0.998977 -0.0435158 -0.578783 -0.855364 -0.0120552 -0.517887 -6.54506 
-0.517283 0.0427684 0.854745 54.5395 0.0105624 0.998994 -0.0435938 -0.64009 -0.855749 -0.0135222 -0.517214 -7.05975 
-0.516284 0.0410161 0.855435 55.4137 0.00978327 0.99907 -0.0419984 -0.70213 -0.856362 -0.0133142 -0.516205 -7.55927 
-0.514403 0.0389593 0.856663 56.3014 0.010051 0.999173 -0.039405 -0.763773 -0.85749 -0.0116597 -0.514369 -8.072 
-0.512823 0.0372817 0.857684 57.218 0.010395 0.999253 -0.0372199 -0.836413 -0.858431 -0.0101716 -0.512828 -8.55762 
-0.510828 0.0369055 0.858891 58.103 0.0101521 0.999267 -0.0368994 -0.892722 -0.859623 -0.0101297 -0.510828 -9.05325 
-0.50875 0.0372006 0.86011 58.9982 0.0100933 0.999255 -0.0372486 -0.947143 -0.860855 -0.0102689 -0.508747 -9.56803 
-0.508093 0.0377554 0.860475 59.9045 0.010274 0.999233 -0.0377772 -1.00581 -0.861241 -0.0103538 -0.508091 -10.07 
-0.50913 0.0391442 0.859799 60.7818 0.00940459 0.999159 -0.0399199 -1.06279 -0.860638 -0.0122384 -0.50907 -10.5641 
-0.512305 0.0408232 0.857833 61.6525 0.00786818 0.999051 -0.0428446 -1.12265 -0.858767 -0.0152 -0.51214 -11.0586 
-0.517163 0.0412488 0.854892 62.5376 0.00661943 0.999001 -0.0441977 -1.18411 -0.855861 -0.0171985 -0.516919 -11.5568 
-0.522709 0.0400345 0.851571 63.4053 0.00803224 0.999084 -0.0420391 -1.24116 -0.852473 -0.0151342 -0.522551 -12.0651 
-0.528267 0.0377265 0.84824 64.272 0.00899559 0.999205 -0.0388385 -1.29996 -0.849031 -0.0128867 -0.528186 -12.5846 
-0.533799 0.0354725 0.844867 65.1369 0.00629871 0.999259 -0.0379751 -1.35503 -0.845588 -0.0149495 -0.533627 -13.099 
-0.539086 0.0385763 0.841367 65.9826 0.00812998 0.999142 -0.0406012 -1.41417 -0.842212 -0.0150472 -0.538937 -13.6182 
-0.544122 0.0402196 0.838042 66.8186 0.00851245 0.999064 -0.0424205 -1.46984 -0.838963 -0.0159481 -0.543955 -14.1422 
-0.548581 0.0412019 0.835082 67.645 0.00750206 0.998987 -0.0443605 -1.5304 -0.836064 -0.0180705 -0.548335 -14.6626 
-0.552397 0.041003 0.832572 68.4728 0.0058618 0.998956 -0.045308 -1.59399 -0.83356 -0.0201476 -0.552061 -15.1878 
-0.555766 0.040284 0.830362 69.288 0.00663181 0.999008 -0.0440269 -1.65189 -0.831312 -0.0189619 -0.555482 -15.7129 
-0.558055 0.0336381 0.829122 70.1063 0.00740728 0.99934 -0.0355584 -1.70406 -0.829771 -0.013702 -0.557936 -16.2465 
-0.56033 0.0248152 0.827898 70.926 0.00658361 0.999653 -0.0255074 -1.75581 -0.828243 -0.00884201 -0.560299 -16.7809 
-0.561867 0.0236475 0.826889 71.7317 0.00802248 0.9997 -0.0231383 -1.80401 -0.827189 -0.00636693 -0.561888 -17.3056 
-0.563162 0.0278642 0.825876 72.5303 0.00747739 0.999562 -0.0286253 -1.84421 -0.826313 -0.00994531 -0.563124 -17.8282 
-0.564307 0.034449 0.824846 73.3245 0.00951779 0.999334 -0.0352249 -1.89014 -0.82551 -0.0120269 -0.564259 -18.3562 
-0.564611 0.0382826 0.824469 74.1174 0.0148536 0.999233 -0.0362254 -1.93581 -0.825223 -0.00820695 -0.564747 -18.8924 
-0.564468 0.0395613 0.824507 74.9076 0.0181274 0.999204 -0.0355334 -1.98742 -0.825256 -0.00511131 -0.564736 -19.4274 
-0.564156 0.0361104 0.824878 75.6997 0.0166261 0.999337 -0.0323766 -2.0344 -0.825501 -0.00455094 -0.564382 -19.9484 
-0.563368 0.0315884 0.825602 76.4908 0.0156423 0.999498 -0.027568 -2.07812 -0.826058 -0.00261661 -0.563579 -20.4709 
-0.562603 0.0248092 0.826355 77.2848 0.0122575 0.99969 -0.0216678 -2.12098 -0.826636 -0.00206131 -0.562733 -20.9881 
-0.562391 0.0188823 0.826656 78.0798 0.00336061 0.999783 -0.0205505 -2.16008 -0.826865 -0.00877934 -0.562332 -21.4893 
-0.560852 0.0136835 0.827803 78.8716 -0.00414236 0.999805 -0.0193332 -2.19207 -0.827905 -0.0142721 -0.560686 -21.9882 
-0.558951 0.0144641 0.829075 79.6637 -0.00100736 0.999835 -0.0181224 -2.22644 -0.8292 -0.0109647 -0.558844 -22.5036 
-0.555887 0.0177329 0.831069 80.4511 0.00277715 0.999807 -0.0194758 -2.26379 -0.831253 -0.00851833 -0.555829 -23.0195 
-0.550449 0.0210268 0.834604 81.2426 0.00478943 0.999746 -0.0220285 -2.29587 -0.834855 -0.0081283 -0.550409 -23.5291 
-0.542555 0.0234134 0.839694 82.0339 0.00991189 0.99972 -0.021471 -2.33184 -0.839962 -0.00332624 -0.542635 -24.0335 
-0.534499 0.0269065 0.84474 82.8316 0.0174138 0.999632 -0.0208217 -2.37212 -0.844989 0.00358099 -0.534771 -24.5294 
-0.524909 0.0258631 0.850765 83.6354 0.0145725 0.999665 -0.0213986 -2.40542 -0.851034 0.0011654 -0.52511 -25.0049 
-0.513987 0.0236353 0.857472 84.4427 0.0123646 0.999721 -0.0201446 -2.43706 -0.857709 0.000248168 -0.514136 -25.4667 
-0.502685 0.0205875 0.864225 85.2589 0.0126766 0.999784 -0.0164433 -2.47022 -0.864377 0.00268966 -0.502838 -25.9203 
-0.491706 0.0197191 0.870538 86.0731 0.0121098 0.999802 -0.0158072 -2.50628 -0.870677 0.00276951 -0.491847 -26.3606 
-0.480242 0.0191534 0.876927 86.8969 0.0127523 0.999808 -0.0148536 -2.5336 -0.877043 0.00404947 -0.480395 -26.7868 
-0.468482 0.0202087 0.883242 87.7253 0.0142459 0.999781 -0.0153189 -2.56707 -0.883358 0.00540594 -0.468668 -27.2072 
-0.45671 0.0239394 0.889294 88.5532 0.0140236 0.999707 -0.0197096 -2.60787 -0.889505 0.00346952 -0.456912 -27.6112 
-0.445351 0.0330228 0.894747 89.3762 0.0167321 0.999452 -0.0285589 -2.64308 -0.8952 0.00225222 -0.44566 -28.0045 
-0.432448 0.0374829 0.90088 90.2085 0.0164481 0.999297 -0.0336822 -2.682 -0.901509 0.000251992 -0.432761 -28.3884 
-0.421372 0.0342391 0.906241 91.0526 0.0147003 0.999414 -0.0309241 -2.72502 -0.906769 0.000291468 -0.421628 -28.7575 
-0.409819 0.0304778 0.911658 91.8944 0.0131967 0.999535 -0.0274833 -2.77077 -0.912072 0.000767719 -0.41003 -29.1182 
-0.400002 0.0312072 0.915983 92.7298 0.0104972 0.999511 -0.0294689 -2.81634 -0.916454 -0.00217234 -0.400134 -29.4603 
-0.393352 0.0356064 0.918698 93.5684 0.0057152 0.999325 -0.0362843 -2.86364 -0.91937 -0.00902195 -0.39329 -29.7927 
-0.388441 0.0405536 0.920581 94.4039 0.000187808 0.999035 -0.0439304 -2.9106 -0.921474 -0.0168915 -0.388073 -30.1186 
-0.385276 0.0420894 0.921841 95.2391 -0.00312462 0.998894 -0.0469134 -2.969 -0.922796 -0.020955 -0.384719 -30.4401 
-0.381798 0.0417149 0.923304 96.0778 -0.00466633 0.998881 -0.047059 -3.02586 -0.924234 -0.0222755 -0.381176 -30.7633 
-0.376829 0.0421242 0.925325 96.9237 -0.00508793 0.998856 -0.0475436 -3.07727 -0.926269 -0.0226238 -0.376184 -31.0886 
-0.370909 0.0378514 0.927898 97.7697 -0.00787274 0.999005 -0.043899 -3.13119 -0.928636 -0.0235876 -0.370242 -31.4084 
-0.365927 0.0341185 0.930018 98.6101 -0.00843905 0.999165 -0.0399757 -3.18514 -0.930605 -0.0224767 -0.365334 -31.7171 
-0.360189 0.0310771 0.932361 99.4563 -0.0100246 0.999258 -0.0371796 -3.24039 -0.932825 -0.0227382 -0.359611 -32.0238 
-0.354707 0.0291812 0.934522 100.305 -0.0182678 0.999106 -0.0381316 -3.28999 -0.934799 -0.0305972 -0.353857 -32.3146 
-0.348735 0.0293274 0.936762 101.152 -0.0256732 0.998836 -0.0408282 -3.33766 -0.93687 -0.0382879 -0.347576 -32.5965 
-0.342054 0.0335342 0.939082 101.994 -0.0240138 0.998725 -0.0444108 -3.38999 -0.939374 -0.0377418 -0.340812 -32.8858 
-0.335062 0.0367874 0.941478 102.841 -0.0224384 0.998643 -0.0470066 -3.44185 -0.941929 -0.0368753 -0.333782 -33.1716 
-0.328892 0.0349235 0.943722 103.699 -0.0240812 0.998681 -0.0453497 -3.4924 -0.944061 -0.0376411 -0.327617 -33.446 
-0.322166 0.0302007 0.946201 104.56 -0.0244541 0.998892 -0.0402086 -3.54589 -0.946367 -0.0360924 -0.321071 -33.7164 
-0.315127 0.0272288 0.948659 105.424 -0.0263005 0.998954 -0.0374089 -3.60094 -0.948685 -0.0367388 -0.314081 -33.9834 
-0.308912 0.0306032 0.950598 106.279 -0.0277136 0.998768 -0.0411599 -3.64894 -0.950687 -0.0390592 -0.307684 -34.2395 
-0.302823 0.0331007 0.952472 107.137 -0.0272143 0.998689 -0.0433592 -3.69991 -0.952658 -0.0390511 -0.301526 -34.4892 
-0.296165 0.0336145 0.954545 107.99 -0.0298603 0.998566 -0.0444293 -3.74945 -0.95467 -0.0416615 -0.294736 -34.7324 
-0.28939 0.0333071 0.956632 108.853 -0.0296627 0.998602 -0.0437416 -3.79886 -0.956752 -0.0410347 -0.287997 -34.9711 
-0.281016 0.0330268 0.959135 109.698 -0.0257042 0.99879 -0.0419233 -3.85387 -0.959359 -0.0364349 -0.279827 -35.2111 
-0.273349 0.0342713 0.961304 110.56 -0.0229249 0.998849 -0.0421285 -3.90384 -0.961642 -0.0335536 -0.272248 -35.4448 
-0.26695 0.0344202 0.963096 111.409 -0.0226387 0.998862 -0.0419734 -3.95872 -0.963445 -0.033008 -0.265867 -35.6609 
-0.260326 0.0330313 0.964956 112.273 -0.0286107 0.998712 -0.0419054 -4.0147 -0.965097 -0.0385171 -0.259045 -35.8648 
-0.254481 0.0312407 0.966573 113.152 -0.0327177 0.998628 -0.0408907 -4.0637 -0.966524 -0.04203 -0.25311 -36.0654 
-0.249934 0.0312745 0.967758 114.027 -0.0298598 0.998754 -0.0399878 -4.11592 -0.967802 -0.0388914 -0.248689 -36.2749 
-0.245232 0.0317476 0.968944 114.898 -0.0281767 0.998808 -0.0398573 -4.16484 -0.969055 -0.0370759 -0.244045 -36.481 
-0.240565 0.0331769 0.970066 115.766 -0.0272846 0.99879 -0.0409254 -4.21333 -0.97025 -0.036313 -0.239368 -36.6781 
-0.23455 0.0324375 0.971563 116.64 -0.0209601 0.999042 -0.038415 -4.25956 -0.971878 -0.0293743 -0.233645 -36.8792 
-0.229084 0.0313131 0.972903 117.513 -0.0138104 0.999277 -0.0354138 -4.30638 -0.973309 -0.0215489 -0.228486 -37.082 
-0.224072 0.0303605 0.9741 118.388 -0.0122128 0.999349 -0.0339567 -4.35532 -0.974496 -0.0195053 -0.223555 -37.2738 
-0.220014 0.032003 0.974972 119.258 -0.0139333 0.999257 -0.0359443 -4.40117 -0.975397 -0.0214928 -0.219405 -37.4493 
-0.216553 0.0339327 0.975681 120.129 -0.0153224 0.999155 -0.0381498 -4.44542 -0.976151 -0.0232113 -0.21585 -37.6216 
-0.214808 0.0332028 0.976092 121.007 -0.0180179 0.999117 -0.0379511 -4.49408 -0.97649 -0.0257393 -0.21402 -37.7938 
-0.213788 0.0322903 0.976346 121.882 -0.0182244 0.999148 -0.0370349 -4.54001 -0.97671 -0.0257109 -0.213017 -37.9679 
-0.212878 0.0278553 0.976682 122.753 -0.0169107 0.999339 -0.0321873 -4.58299 -0.976933 -0.0233684 -0.212266 -38.1411 
-0.211804 0.0227354 0.977048 123.631 -0.0177226 0.999476 -0.0270992 -4.62649 -0.977151 -0.0230555 -0.21129 -38.3133 
-0.211002 0.0208801 0.977263 124.498 -0.0171841 0.999538 -0.0250663 -4.6673 -0.977335 -0.0220824 -0.210546 -38.4846 
-0.209836 0.0257526 0.977397 125.354 -0.0170435 0.999405 -0.0299915 -4.70736 -0.977588 -0.0229516 -0.209273 -38.6549 
-0.209627 0.0294922 0.977337 126.205 -0.016697 0.999291 -0.033736 -4.74957 -0.977639 -0.0233906 -0.208986 -38.8222 
-0.209871 0.0285813 0.977311 127.064 -0.0205584 0.999223 -0.0336369 -4.78866 -0.977513 -0.0271514 -0.209121 -38.9843 
-0.209262 0.0275353 0.977472 127.921 -0.0222385 0.999211 -0.0329086 -4.83725 -0.977607 -0.028624 -0.208485 -39.1498 
-0.208656 0.0283748 0.977577 128.772 -0.018081 0.999296 -0.0328644 -4.88086 -0.977822 -0.024533 -0.207996 -39.3218 
-0.207756 0.0310366 0.977688 129.606 -0.0196739 0.999162 -0.0358989 -4.92033 -0.977983 -0.0266931 -0.206971 -39.4825 
-0.208359 0.0319035 0.977532 130.449 -0.0283008 0.998853 -0.0386315 -4.96656 -0.977643 -0.0357142 -0.207217 -39.6312 
-0.207879 0.0332844 0.977588 131.282 -0.0349269 0.998531 -0.0414244 -5.01293 -0.977531 -0.0427554 -0.206411 -39.7811 
-0.207699 0.036705 0.977504 132.105 -0.0320998 0.998502 -0.044314 -5.06347 -0.977666 -0.0405817 -0.20621 -39.9399 
-0.207261 0.0377456 0.977557 132.927 -0.0309111 0.998504 -0.0451081 -5.11497 -0.977797 -0.0395665 -0.205784 -40.0958 
-0.205574 0.0391121 0.97786 133.747 -0.0315973 0.998415 -0.0465769 -5.1638 -0.978131 -0.0404727 -0.204013 -40.2506 
-0.203481 0.0384896 0.978322 134.561 -0.0230857 0.998761 -0.0440952 -5.21527 -0.978807 -0.0315578 -0.20234 -40.4131 
-0.200251 0.0352209 0.979111 135.369 -0.0178436 0.999057 -0.0395878 -5.26888 -0.979582 -0.0253983 -0.199433 -40.5722 
-0.198207 0.0306102 0.979682 136.188 -0.013782 0.999326 -0.0340122 -5.31822 -0.980063 -0.0202435 -0.197651 -40.728 
-0.194607 0.0300346 0.980421 136.996 -0.0120663 0.999382 -0.0330105 -5.36494 -0.980807 -0.0182541 -0.194124 -40.8735 
-0.18971 0.0348393 0.981222 137.78 -0.0115886 0.999221 -0.0377188 -5.4153 -0.981772 -0.0185266 -0.189158 -41.0109 
-0.183254 0.0381122 0.982327 138.57 -0.0108613 0.999109 -0.0407895 -5.45572 -0.983006 -0.0181441 -0.182677 -41.142 
-0.175141 0.0389129 0.983774 139.368 -0.0111914 0.999075 -0.0415105 -5.49547 -0.98448 -0.01828 -0.174544 -41.2652 
-0.165659 0.0344428 0.985581 140.164 -0.00931329 0.999291 -0.0364873 -5.54286 -0.986139 -0.0152235 -0.165221 -41.3846 
-0.153731 0.0331774 0.987556 140.951 -0.00595952 0.999387 -0.0345026 -5.58856 -0.988095 -0.0111895 -0.153439 -41.4964 
-0.139989 0.0359719 0.989499 141.737 -0.00139597 0.999332 -0.0365268 -5.62922 -0.990152 -0.00649468 -0.139846 -41.5981 
-0.126068 0.0372814 0.991321 142.521 -0.00258316 0.999278 -0.0379091 -5.66848 -0.992018 -0.00733987 -0.125881 -41.6799 
-0.112261 0.0373503 0.992977 143.301 -0.00172393 0.999285 -0.0377824 -5.70951 -0.993677 -0.00595332 -0.112116 -41.7528 
-0.0990417 0.039118 0.994314 144.079 -0.00126846 0.999221 -0.0394374 -5.75524 -0.995083 -0.00516719 -0.098915 -41.8124 
-0.0852124 0.0451543 0.995339 144.852 -0.00360062 0.998952 -0.0456264 -5.80813 -0.996356 -0.00747178 -0.0849605 -41.8599 
-0.0724192 0.0544251 0.995888 145.629 -0.0108199 0.998408 -0.0553496 -5.8543 -0.997316 -0.0147838 -0.0717151 -41.8921 
-0.0591057 0.0621386 0.996316 146.383 -0.0151539 0.99789 -0.0631357 -5.90712 -0.998137 -0.0188298 -0.0580394 -41.9073 
-0.0459765 0.0628318 0.996965 147.151 -0.0159481 0.997847 -0.0636228 -5.95972 -0.998815 -0.0188248 -0.0448754 -41.9246 
-0.0340182 0.0587049 0.997696 147.922 -0.0198591 0.998037 -0.059402 -6.02002 -0.999224 -0.021834 -0.0327856 -41.928 
-0.0235806 0.0563594 0.998132 148.682 -0.0239973 0.99809 -0.0569239 -6.08067 -0.999434 -0.0252948 -0.0221831 -41.9177 
-0.0143976 0.0629525 0.997913 149.433 -0.027342 0.997618 -0.0633284 -6.14064 -0.999522 -0.0281967 -0.0126421 -41.9078 
-0.00796459 0.0708461 0.997456 150.182 -0.0304869 0.997006 -0.0710575 -6.19804 -0.999503 -0.0309753 -0.00578087 -41.8926 
-0.00497322 0.0736395 0.997273 150.935 -0.0336938 0.996706 -0.0737656 -6.25364 -0.99942 -0.0339688 -0.00247565 -41.876 
-0.00517579 0.0692329 0.997587 151.692 -0.0363388 0.996929 -0.0693757 -6.31316 -0.999326 -0.0366101 -0.00264406 -41.8607 
-0.00685674 0.0644316 0.997899 152.442 -0.0372755 0.997212 -0.0646434 -6.38544 -0.999282 -0.0376405 -0.0044359 -41.8482 
-0.00974564 0.0613145 0.998071 153.192 -0.0355331 0.997467 -0.0616243 -6.44575 -0.999321 -0.0360651 -0.00754227 -41.8421 
-0.0125238 0.0617087 0.998016 153.934 -0.0335434 0.997506 -0.0620981 -6.49949 -0.999359 -0.0342546 -0.0104227 -41.8408 
-0.0161491 0.0616953 0.997964 154.677 -0.0317326 0.99756 -0.0621838 -6.55714 -0.999366 -0.0326723 -0.0141519 -41.8426 
-0.0206975 0.0602052 0.997971 155.419 -0.0320191 0.997633 -0.0608488 -6.61868 -0.999273 -0.0332136 -0.0187208 -41.8402 
-0.0259125 0.0606458 0.997823 156.155 -0.0327186 0.997572 -0.0614802 -6.66884 -0.999129 -0.0342404 -0.0238654 -41.8475 
-0.0321565 0.0586448 0.997761 156.891 -0.0340456 0.997634 -0.0597345 -6.72376 -0.998903 -0.0358902 -0.0300838 -41.8531 
-0.0378393 0.0557989 0.997725 157.627 -0.0315142 0.997877 -0.0570025 -6.78487 -0.998787 -0.0335994 -0.0360005 -41.8724 
-0.0433625 0.0559349 0.997492 158.354 -0.0324086 0.997827 -0.0573625 -6.83625 -0.998534 -0.0348147 -0.0414556 -41.8901 
-0.0486463 0.0570586 0.997185 159.078 -0.0339998 0.997694 -0.0587463 -6.88927 -0.998237 -0.0367618 -0.0465941 -41.9101 
-0.0527038 0.0592767 0.996849 159.803 -0.0343948 0.997537 -0.061136 -6.94709 -0.998018 -0.0375085 -0.0505351 -41.9349 
-0.0550897 0.0616332 0.996577 160.522 -0.0343031 0.997387 -0.0635794 -7.00259 -0.997892 -0.0376882 -0.0528316 -41.9651 
-0.0567455 0.063175 0.996388 161.237 -0.0316552 0.99738 -0.0650407 -7.0556 -0.997887 -0.0352316 -0.054597 -41.994 
-0.0560336 0.0616279 0.996525 161.951 -0.0281354 0.997599 -0.0632763 -7.11157 -0.998032 -0.0315833 -0.0541651 -42.0249 
-0.0520154 0.0580696 0.996957 162.663 -0.0259143 0.997893 -0.0594762 -7.16833 -0.99831 -0.0289291 -0.0504009 -42.0537 
-0.0446966 0.0577594 0.99733 163.362 -0.0246753 0.997959 -0.0589016 -7.22667 -0.998696 -0.0272421 -0.0431801 -42.0685 
-0.0332151 0.0585574 0.997731 164.061 -0.0218413 0.998001 -0.0593003 -7.28032 -0.99921 -0.0237614 -0.0318698 -42.0804 
-0.0193057 0.0587259 0.998087 164.746 -0.0195163 0.998061 -0.0591018 -7.33113 -0.999623 -0.0206199 -0.0181222 -42.0753 
-0.004136 0.0566727 0.998384 165.435 -0.0213162 0.998161 -0.0567483 -7.3777 -0.999764 -0.0215165 -0.00292035 -42.0593 
0.0117706 0.0518201 0.998587 166.122 -0.026397 0.998324 -0.0514952 -7.42655 -0.999582 -0.0257536 0.0131187 -42.0243 
0.0279793 0.0453829 0.998578 166.806 -0.0279706 0.998613 -0.0446008 -7.47046 -0.999217 -0.0266829 0.0292099 -41.9825 
0.0450784 0.0379156 0.998264 167.488 -0.0282122 0.998929 -0.0366669 -7.51105 -0.998585 -0.0265103 0.0460998 -41.9333 
0.0629238 0.0303809 0.997556 168.163 -0.0286103 0.999181 -0.0286257 -7.54656 -0.997608 -0.0267391 0.0637415 -41.8729 
0.0797624 0.0246783 0.996508 168.825 -0.0304072 0.999289 -0.0223133 -7.57865 -0.99635 -0.0285213 0.080456 -41.7949 
0.0977525 0.0222551 0.994962 169.481 -0.0314073 0.999321 -0.0192668 -7.60924 -0.994715 -0.0293657 0.0983851 -41.7092 
0.115732 0.0208422 0.993062 170.13 -0.0299326 0.999399 -0.0174868 -7.63431 -0.992829 -0.0277011 0.116287 -41.6156 
0.133245 0.0202721 0.990876 170.771 -0.031387 0.999376 -0.0162253 -7.65671 -0.990586 -0.0289387 0.133798 -41.5097 
0.149186 0.0192387 0.988622 171.401 -0.0360312 0.999253 -0.0140083 -7.67635 -0.988152 -0.0335313 0.149768 -41.3869 
0.163606 0.0157063 0.986401 172.027 -0.038535 0.999212 -0.00951875 -7.69589 -0.985773 -0.0364536 0.164083 -41.2554 
0.175925 0.0119249 0.984331 172.656 -0.03545 0.999355 -0.00577107 -7.71304 -0.983765 -0.0338792 0.176235 -41.1303 
0.186637 0.0106895 0.982371 173.27 -0.0330486 0.999443 -0.00459644 -7.72919 -0.981873 -0.0316081 0.186887 -41.0004 
0.196724 0.014241 0.980356 173.877 -0.0368704 0.999295 -0.00711747 -7.74989 -0.979765 -0.0347459 0.19711 -40.86 
0.205714 0.0212861 0.978381 174.469 -0.0406629 0.999086 -0.0131867 -7.77153 -0.977767 -0.0370711 0.206392 -40.705 
0.214911 0.0312847 0.976132 175.06 -0.0408513 0.9989 -0.0230203 -7.78902 -0.975779 -0.0349289 0.215953 -40.5604 
0.223351 0.0369348 0.974038 175.648 -0.0349382 0.998943 -0.0298677 -7.80786 -0.974112 -0.0273602 0.224405 -40.4204 
0.230024 0.0348623 0.97256 176.255 -0.0341654 0.999031 -0.0277305 -7.82999 -0.972585 -0.0268492 0.230992 -40.2669 
0.235896 0.0274076 0.971392 176.867 -0.0370448 0.999129 -0.019194 -7.84692 -0.971072 -0.0314572 0.236706 -40.0987 
0.240252 0.0169015 0.970564 177.494 -0.0414814 0.999114 -0.00713043 -7.86816 -0.969824 -0.0385473 0.24074 -39.9258 
0.242307 0.00859212 0.970162 178.105 -0.0415686 0.999135 0.00153351 -7.89114 -0.969309 -0.0406999 0.242455 -39.7574 
0.243369 0.00795012 0.969901 178.704 -0.0382193 0.999268 0.00139926 -7.90556 -0.969181 -0.0374095 0.243495 -39.5991 
0.244602 0.00983383 0.969574 179.31 -0.0344251 0.999406 -0.00145167 -7.91538 -0.969012 -0.0330226 0.244795 -39.4387 
0.246272 0.00953381 0.969154 179.919 -0.0314096 0.999505 -0.00185084 -7.91973 -0.968692 -0.0299849 0.246449 -39.2774 
0.248144 0.00720089 0.968697 180.532 -0.0330535 0.999453 0.00103758 -7.92593 -0.968159 -0.0322762 0.248246 -39.1059 
0.25094 0.00332508 0.967997 181.142 -0.0333306 0.999431 0.0052075 -7.93727 -0.967429 -0.0335707 0.250908 -38.9325 
0.254208 -0.00191656 0.967148 181.762 -0.0326486 0.999411 0.010562 -7.94743 -0.966598 -0.034261 0.253996 -38.7598 
0.258989 -0.00470118 0.965869 182.385 -0.0313415 0.999421 0.0132685 -7.9505 -0.965372 -0.0337082 0.258691 -38.5853 
0.265396 -0.00700004 0.964114 183.005 -0.0291729 0.999458 0.0152873 -7.94879 -0.963698 -0.0321831 0.265048 -38.4031 
0.273306 -0.0102968 0.961872 183.635 -0.027352 0.999455 0.0184709 -7.9482 -0.961538 -0.0313573 0.272875 -38.2111 
0.283163 -0.0121056 0.958995 184.263 -0.0249756 0.999488 0.0199914 -7.94861 -0.958747 -0.0296123 0.282716 -38.0143 
0.294269 -0.0100474 0.95567 184.883 -0.0262712 0.999482 0.0185975 -7.94857 -0.955361 -0.0305792 0.293853 -37.8044 
0.305955 -0.00655938 0.952023 185.504 -0.0272911 0.999505 0.0156572 -7.95205 -0.951655 -0.0307722 0.305625 -37.5857 
0.318138 -0.00349594 0.948038 186.133 -0.0280721 0.99952 0.0131061 -7.94812 -0.947629 -0.030783 0.317887 -37.3639 
0.329697 -0.00337771 0.944081 186.754 -0.0265859 0.999564 0.0128607 -7.94618 -0.943712 -0.0293393 0.329463 -37.1276 
0.340969 -0.00643139 0.940053 187.384 -0.025901 0.999533 0.016233 -7.94644 -0.939718 -0.0298833 0.340643 -36.8783 
0.351896 -0.00795523 0.936005 188.009 -0.0269405 0.999464 0.0186231 -7.94772 -0.935651 -0.0317699 0.351493 -36.6186 
0.363418 -0.00843776 0.931588 188.64 -0.0284087 0.999394 0.0201343 -7.94196 -0.931193 -0.0337824 0.362958 -36.3525 
0.372852 -0.0097052 0.92784 189.274 -0.0320995 0.999212 0.023351 -7.93472 -0.927335 -0.0384896 0.372247 -36.0679 
0.380116 -0.00858002 0.924899 189.912 -0.0357598 0.999073 0.0239648 -7.92689 -0.924247 -0.0421836 0.379457 -35.7836 
0.384577 -0.0118211 0.923017 190.558 -0.0354958 0.998989 0.0275835 -7.9214 -0.92241 -0.0433712 0.383769 -35.4979 
0.38691 -0.0156187 0.921985 191.211 -0.0327129 0.998995 0.0306512 -7.91408 -0.921537 -0.0420201 0.38601 -35.2151 
0.38692 -0.0148512 0.921994 191.866 -0.0283271 0.999207 0.0279826 -7.90257 -0.921678 -0.0369444 0.386192 -34.9297 
0.385529 -0.0143519 0.922584 192.532 -0.0270465 0.999274 0.0268471 -7.89346 -0.922299 -0.035303 0.38486 -34.6367 
0.384696 -0.013011 0.922952 193.206 -0.0237126 0.999431 0.0239728 -7.8809 -0.922739 -0.0311078 0.384168 -34.3426 
0.384314 -0.0149778 0.923081 193.888 -0.020561 0.999482 0.0247778 -7.8693 -0.922974 -0.0285019 0.383807 -34.0535 
0.383633 -0.0208437 0.92325 194.571 -0.0171806 0.999411 0.0297021 -7.86058 -0.923326 -0.0272567 0.383049 -33.7654 
0.382205 -0.0236281 0.923776 195.26 -0.0169683 0.999325 0.032581 -7.84917 -0.923922 -0.0281275 0.381546 -33.4644 
0.380871 -0.0262298 0.924256 195.958 -0.0158148 0.999267 0.0348756 -7.8377 -0.924493 -0.0279 0.380177 -33.1749 
0.379496 -0.026186 0.924823 196.64 -0.0169942 0.999233 0.0352665 -7.82196 -0.925037 -0.0291001 0.37876 -32.8817 
0.377528 -0.0264331 0.925621 197.331 -0.018507 0.999177 0.0360821 -7.80648 -0.925813 -0.0307525 0.376729 -32.5839 
0.375722 -0.0252038 0.92639 198.016 -0.0194074 0.999197 0.0350559 -7.79616 -0.926529 -0.0311501 0.374931 -32.2897 
0.374379 -0.0216363 0.927023 198.694 -0.0190634 0.999337 0.0310229 -7.78808 -0.92708 -0.0292865 0.373718 -31.9994 
0.373681 -0.0155307 0.927427 199.377 -0.0194134 0.99951 0.02456 -7.77419 -0.927354 -0.0271822 0.373197 -31.7121 
0.372819 -0.0131343 0.927811 200.073 -0.0207912 0.999531 0.0225041 -7.76287 -0.927671 -0.0276803 0.372371 -31.4222 
0.371476 -0.0158883 0.928307 200.766 -0.0220051 0.999422 0.0259112 -7.75699 -0.928182 -0.0300528 0.370912 -31.1296 
0.370389 -0.0190166 0.928682 201.459 -0.0240033 0.999261 0.0300352 -7.75338 -0.928566 -0.0334161 0.369659 -30.8393 
0.36779 -0.0182622 0.92973 202.145 -0.0284072 0.99912 0.0308628 -7.75074 -0.929475 -0.037762 0.366948 -30.545 
0.362953 -0.0178866 0.931636 202.837 -0.031029 0.999029 0.031269 -7.7367 -0.931291 -0.0402569 0.362046 -30.257 
0.356412 -0.0192104 0.934131 203.537 -0.0308815 0.999 0.0323271 -7.72551 -0.933818 -0.0403692 0.355463 -29.9791 
0.347413 -0.0196967 0.937505 204.23 -0.0307711 0.999002 0.0323917 -7.71925 -0.937207 -0.0401014 0.34646 -29.7158 
0.337441 -0.0185602 0.941164 204.92 -0.0278371 0.999172 0.0296847 -7.71422 -0.940935 -0.0362161 0.336644 -29.4642 
0.326793 -0.0151656 0.944974 205.615 -0.0290998 0.999236 0.0260998 -7.70392 -0.944648 -0.0360278 0.326102 -29.2154 
0.315328 -0.0150321 0.948864 206.311 -0.0319253 0.999141 0.0264382 -7.6902 -0.948446 -0.0386295 0.314577 -28.9747 
0.304319 -0.0231919 0.952288 207.019 -0.0267014 0.999103 0.0328649 -7.68112 -0.952196 -0.0354288 0.303427 -28.7471 
0.295841 -0.0316855 0.954712 207.729 -0.0226808 0.998935 0.0401815 -7.67084 -0.954968 -0.0335409 0.294807 -28.5278 
0.288637 -0.0372089 0.956715 208.437 -0.0223928 0.998709 0.045598 -7.65531 -0.957177 -0.0345848 0.287431 -28.3055 
0.284225 -0.0379494 0.958006 209.144 -0.0283215 0.998448 0.047954 -7.6321 -0.958339 -0.0407619 0.28271 -28.0734 
0.281586 -0.0399308 0.958705 209.857 -0.0273736 0.998393 0.0496239 -7.61024 -0.959146 -0.0402166 0.28004 -27.8549 
0.280042 -0.0408599 0.959118 210.572 -0.0263581 0.99839 0.050229 -7.58545 -0.959626 -0.0393468 0.278514 -27.6364 
0.279068 -0.0389218 0.959482 211.285 -0.02676 0.998475 0.0482868 -7.56078 -0.959898 -0.039151 0.277601 -27.4116 
0.278591 -0.0368085 0.959704 212.002 -0.0301929 0.998436 0.0470587 -7.53612 -0.959935 -0.0420864 0.277044 -27.1845 
0.279042 -0.0374918 0.959547 212.726 -0.0308248 0.998373 0.0479729 -7.50963 -0.959784 -0.0429643 0.277433 -26.958 
0.280718 -0.0387401 0.959008 213.455 -0.0314095 0.998279 0.0495206 -7.4847 -0.959276 -0.0440233 0.279018 -26.7292 
0.282118 -0.0406023 0.95852 214.182 -0.0301166 0.998237 0.0511489 -7.46149 -0.958907 -0.0432974 0.280397 -26.5018 
0.283573 -0.0414962 0.958052 214.919 -0.0266579 0.998336 0.0511315 -7.43472 -0.95858 -0.0400392 0.281995 -26.2741 
0.286871 -0.0431531 0.956997 215.655 -0.0252387 0.998298 0.0525811 -7.40627 -0.957637 -0.0392373 0.285294 -26.0432 
0.290978 -0.044589 0.95569 216.39 -0.026713 0.998145 0.0547031 -7.37819 -0.956357 -0.0414467 0.289248 -25.8049 
0.296128 -0.0485899 0.953912 217.126 -0.028048 0.997832 0.0595343 -7.34655 -0.954736 -0.0443851 0.294123 -25.5548 
0.301287 -0.0525653 0.952083 217.876 -0.0277974 0.997571 0.0638732 -7.31434 -0.953128 -0.0457096 0.299094 -25.3057 
0.305608 -0.0526123 0.950703 218.616 -0.0288023 0.997505 0.064461 -7.28182 -0.951722 -0.0470823 0.30333 -25.0516 
0.31014 -0.0481704 0.94947 219.355 -0.0340054 0.997514 0.0617157 -7.25302 -0.950083 -0.0514276 0.307731 -24.7917 
0.314541 -0.0420911 0.94831 220.084 -0.0386466 0.99762 0.0570984 -7.21354 -0.948457 -0.0546087 0.312166 -24.5228 
0.319183 -0.0389972 0.94689 220.821 -0.0423532 0.997568 0.055361 -7.17911 -0.946746 -0.0577741 0.316755 -24.2527 
0.323648 -0.0394785 0.945354 221.56 -0.0438823 0.997428 0.0566766 -7.15191 -0.94516 -0.0598276 0.321083 -23.9806 
0.327551 -0.0373658 0.944094 222.305 -0.0452422 0.997451 0.0551744 -7.12527 -0.94375 -0.0607854 0.325026 -23.7046 
0.331514 -0.0344315 0.942822 223.037 -0.0457066 0.997574 0.0525024 -7.09294 -0.942342 -0.0604984 0.329137 -23.4302 
0.336142 -0.034115 0.941193 223.775 -0.0457916 0.99757 0.0525128 -7.06351 -0.940697 -0.0607505 0.333763 -23.1487 
0.340857 -0.0357691 0.939434 224.52 -0.0452765 0.997492 0.0544075 -7.0384 -0.939024 -0.0610795 0.338383 -22.865 
0.345336 -0.0360553 0.937786 225.264 -0.0417321 0.997683 0.0537259 -7.00981 -0.937551 -0.0576893 0.343031 -22.5836 
0.349646 -0.0360296 0.936189 226.002 -0.0383284 0.997874 0.0527184 -6.9842 -0.936098 -0.0543154 0.347522 -22.2976 
0.353754 -0.0338476 0.934726 226.736 -0.0393072 0.997924 0.0510122 -6.95418 -0.934512 -0.0547873 0.351689 -22.0035 
0.35828 -0.0341979 0.932988 227.471 -0.0440219 0.997599 0.0534712 -6.92652 -0.932576 -0.0602296 0.355915 -21.6964 
0.362954 -0.0346653 0.931162 228.211 -0.0464625 0.997391 0.0552414 -6.89944 -0.930648 -0.0633142 0.360396 -21.3871 
0.366984 -0.0320337 0.929676 228.942 -0.0440131 0.99769 0.0517512 -6.87393 -0.929186 -0.0599098 0.364726 -21.0846 
0.370944 -0.0253075 0.92831 229.669 -0.0432083 0.998076 0.0444752 -6.84956 -0.927649 -0.0566085 0.369137 -20.7827 
0.374215 -0.018674 0.927154 230.392 -0.0494788 0.997971 0.0400709 -6.82001 -0.926021 -0.0608696 0.372532 -20.4637 
0.37727 -0.0197312 0.925893 231.119 -0.0555361 0.997492 0.0438861 -6.79268 -0.924437 -0.0679774 0.375227 -20.1409 
0.37993 -0.0299794 0.92453 231.869 -0.0546594 0.997001 0.0547913 -6.766 -0.923399 -0.071351 0.377151 -19.8218 
0.38184 -0.0424141 0.923255 232.609 -0.0507898 0.996474 0.0667835 -6.73171 -0.922832 -0.0723925 0.378339 -19.5079 
0.383527 -0.0501079 0.922169 233.331 -0.052433 0.995735 0.075912 -6.696 -0.92204 -0.0774664 0.379264 -19.1861 
0.385668 -0.0517904 0.921183 234.056 -0.0542574 0.995422 0.0786801 -6.65819 -0.921041 -0.0803254 0.381093 -18.8636 
0.388297 -0.047022 0.920334 234.779 -0.0539615 0.995824 0.0736459 -6.61227 -0.919953 -0.0782591 0.384138 -18.5399 
0.392455 -0.0412278 0.918847 235.499 -0.0526072 0.996353 0.067175 -6.56681 -0.918265 -0.0747011 0.388855 -18.2221 
0.396849 -0.0366717 0.917151 236.219 -0.0526635 0.996646 0.0626376 -6.52327 -0.916372 -0.0731581 0.393587 -17.8917 
0.400789 -0.0349045 0.915505 236.937 -0.0507936 0.996891 0.0602438 -6.49102 -0.914761 -0.0706468 0.397769 -17.5624 
0.405101 -0.032849 0.913682 237.659 -0.0499942 0.997063 0.0580128 -6.45479 -0.912904 -0.0691798 0.402269 -17.2307 
0.409052 -0.0343998 0.911863 238.383 -0.0484682 0.99706 0.0593562 -6.41735 -0.911223 -0.0684761 0.406182 -16.8925 
0.412364 -0.0392961 0.910172 239.106 -0.0471047 0.996813 0.0643781 -6.3824 -0.909801 -0.0694205 0.409198 -16.5494 
0.415498 -0.0451959 0.908471 239.832 -0.0450632 0.996516 0.0701863 -6.34175 -0.908477 -0.0701009 0.412014 -16.2072 
0.417903 -0.050512 0.907086 240.555 -0.0439155 0.996163 0.0757046 -6.29831 -0.90743 -0.0714723 0.414081 -15.8595 
0.420006 -0.0558159 0.905803 241.286 -0.0420004 0.995842 0.0808391 -6.24848 -0.906549 -0.071997 0.415915 -15.5067 
0.421362 -0.062455 0.90474 242.016 -0.0406035 0.995326 0.0876185 -6.19572 -0.905983 -0.0736547 0.416856 -15.153 
0.42327 -0.0629758 0.903812 242.751 -0.0408436 0.995241 0.088474 -6.14278 -0.905083 -0.0743633 0.418683 -14.8001 
0.424864 -0.0513499 0.9038 243.468 -0.0499113 0.995543 0.080025 -6.09568 -0.90388 -0.0791096 0.420407 -14.4303 
0.425542 -0.0378722 0.904146 244.18 -0.0516635 0.996478 0.0660555 -6.04852 -0.903463 -0.0748207 0.422086 -14.0738 
0.426273 -0.0299723 0.904098 244.899 -0.0517405 0.997007 0.0574476 -5.99708 -0.903114 -0.0712668 0.423446 -13.7171 
