1 2.12261e-08 -2.11895e-08 0 2.12261e-08 1 2.10703e-08 0 -2.11895e-08 2.10703e-08 1 0 
0.999875 0.00141835 0.0157408 0.0117721 -0.00140256 0.999999 -0.00101138 -0.00056641 -0.0157423 0.000989222 0.999876 0.124898 
0.999299 0.00441873 0.0371894 0.0267343 -0.00439988 0.99999 -0.000587463 -0.00111485 -0.0371917 0.000423464 0.999308 0.263824 
0.99791 0.00593821 0.0643434 0.0578573 -0.00600699 0.999982 0.000876164 -0.00350825 -0.0643371 -0.0012608 0.997927 0.417274 
0.995121 0.00567012 0.0984994 0.101676 -0.0059958 0.999978 0.00301114 -0.00278572 -0.0984802 -0.00358699 0.995133 0.583234 
0.990623 0.00257305 0.136599 0.16397 -0.00330375 0.999981 0.00512317 -0.00633527 -0.136583 -0.00552638 0.990613 0.757844 
0.984395 -0.000228434 0.175976 0.244625 -0.000748658 0.999985 0.00548628 -0.00460363 -0.175974 -0.00553237 0.984379 0.951935 
0.975614 1.11823e-05 0.219494 0.34084 -0.00146311 0.999978 0.00645257 0.00234613 -0.219489 -0.00661633 0.975593 1.13501 
0.96356 -0.000142291 0.267493 0.411479 -0.00246718 0.999953 0.00941932 0.000938747 -0.267482 -0.009736 0.963514 1.29437 
0.949085 -0.00407336 0.314993 0.511843 -0.001258 0.999859 0.0167204 -0.00575969 -0.315016 -0.0162653 0.948947 1.48024 
0.93208 -0.0135574 0.362 0.64188 0.00493056 0.999682 0.0247444 -0.0119226 -0.36222 -0.0212788 0.93185 1.67598 
0.910707 -0.0185272 0.412637 0.790758 0.00717415 0.999552 0.0290459 -0.013669 -0.41299 -0.0234919 0.910433 1.87432 
0.885242 -0.0197652 0.464711 0.944746 0.00500071 0.999443 0.0329827 -0.0116486 -0.465104 -0.0268737 0.884848 2.07966 
0.856704 -0.0216038 0.515356 1.09699 0.00277195 0.999301 0.0372831 0.00125635 -0.515801 -0.030512 0.856165 2.26895 
0.824177 -0.0260672 0.565733 1.28208 0.00325268 0.999142 0.0412988 0.0110831 -0.566324 -0.0321973 0.823554 2.46369 
0.787877 -0.0317422 0.615014 1.48855 0.00539607 0.998988 0.0446472 0.0105285 -0.615809 -0.0318578 0.787251 2.65899 
0.749428 -0.0356082 0.661127 1.68888 0.00594327 0.998874 0.0470621 0.0244428 -0.662059 -0.0313404 0.748796 2.83872 
0.70875 -0.0383301 0.704417 1.92703 0.00661554 0.99884 0.0476946 0.0439124 -0.705428 -0.0291435 0.708182 3.04282 
0.666102 -0.0400124 0.744786 2.19382 0.00546876 0.998795 0.0487677 0.0569232 -0.74584 -0.0284112 0.665519 3.24752 
0.622504 -0.0401309 0.781587 2.48224 0.000294622 0.998696 0.0510439 0.0611401 -0.782617 -0.0315447 0.621704 3.46698 
0.579936 -0.0407389 0.813643 2.80774 -0.00280443 0.998643 0.0520008 0.0761936 -0.814658 -0.0324389 0.579034 3.68115 
0.538898 -0.0420796 0.84132 3.16417 -0.00462115 0.998589 0.0529057 0.0905376 -0.842359 -0.0323986 0.537943 3.89713 
0.49979 -0.0441892 0.865018 3.55044 -0.00624208 0.998488 0.054614 0.106178 -0.866124 -0.0326951 0.498759 4.09936 
0.461979 -0.0435834 0.88582 3.95518 -0.00960753 0.998487 0.0541374 0.126415 -0.886839 -0.0335209 0.460861 4.29712 
0.425162 -0.0427525 0.904107 4.40023 -0.0105346 0.998582 0.052174 0.149351 -0.905056 -0.0317068 0.424109 4.48857 
0.391242 -0.041305 0.919361 4.87017 -0.00915148 0.998768 0.0487671 0.172259 -0.920242 -0.0274932 0.390382 4.67341 
0.361038 -0.0394922 0.931715 5.37788 -0.00697498 0.998961 0.0450454 0.195055 -0.932525 -0.0227618 0.360387 4.86201 
0.335284 -0.0374873 0.941371 5.90898 -0.00576029 0.999108 0.0418382 0.22031 -0.9421 -0.0194502 0.334768 5.04743 
0.31494 -0.0369831 0.948391 6.47658 -0.00433045 0.999174 0.0404015 0.244159 -0.949102 -0.016831 0.31452 5.23251 
0.30026 -0.0375056 0.95312 7.07876 -0.00322414 0.999181 0.0403339 0.265991 -0.953852 -0.0151836 0.299894 5.41849 
0.288523 -0.0389498 0.956681 7.70098 -0.00216356 0.999143 0.0413312 0.290104 -0.957471 -0.0139948 0.288191 5.61476 
0.277413 -0.0405353 0.959895 8.35192 -0.00341965 0.999062 0.0431775 0.319523 -0.960745 -0.0152605 0.277014 5.81249 
0.266778 -0.042551 0.962818 9.02772 -0.00463873 0.998957 0.0454334 0.338209 -0.963747 -0.0165869 0.266302 6.01033 
0.256637 -0.0440478 0.965504 9.72771 -0.00543536 0.998879 0.0470152 0.371958 -0.966493 -0.0173137 0.25611 6.20512 
0.246721 -0.046004 0.967994 10.4464 -0.00625455 0.998776 0.0490611 0.399998 -0.969066 -0.0181588 0.246131 6.38736 
0.236243 -0.0474333 0.970536 11.1896 -0.00638432 0.998711 0.0503644 0.431562 -0.971673 -0.0180944 0.235636 6.57729 
0.225644 -0.0485571 0.972999 11.9551 -0.006527 0.998659 0.0513513 0.466949 -0.974188 -0.0179379 0.225024 6.76955 
0.215052 -0.0515885 0.975239 12.7336 -0.00797112 0.998478 0.0545755 0.496052 -0.97657 -0.0195103 0.214314 6.95496 
0.20361 -0.0550301 0.977504 13.5249 -0.00937417 0.998264 0.0581514 0.534562 -0.979007 -0.0210035 0.20274 7.13122 
0.191521 -0.0589251 0.979718 14.3215 -0.0100506 0.998026 0.061991 0.569178 -0.981437 -0.0217193 0.19055 7.29774 
0.178268 -0.0612467 0.982074 15.1231 -0.0111372 0.997871 0.0642536 0.603235 -0.983919 -0.0223919 0.177206 7.45695 
0.164184 -0.0618744 0.984487 15.9323 -0.0114363 0.997844 0.0646212 0.641038 -0.986363 -0.0218686 0.163123 7.60217 
0.149537 -0.0607625 0.986887 16.7398 -0.0127171 0.997909 0.0633681 0.676812 -0.988674 -0.0220263 0.148452 7.7381 
0.132988 -0.0595516 0.989327 17.5574 -0.0132886 0.997996 0.0618598 0.715775 -0.991029 -0.0213734 0.13193 7.8555 
0.112467 -0.057947 0.991964 18.3813 -0.0160719 0.998061 0.0601254 0.751018 -0.993526 -0.0227049 0.111318 7.96046 
0.0865583 -0.0565758 0.994639 19.2182 -0.0202823 0.998079 0.0585366 0.787847 -0.99604 -0.0252404 0.0852445 8.04887 
0.05602 -0.056101 0.996852 20.0538 -0.0242885 0.998048 0.0575332 0.8202 -0.998134 -0.0274351 0.0545481 8.10659 
0.0226406 -0.0557549 0.998188 20.8934 -0.0271688 0.998041 0.056363 0.85477 -0.999374 -0.0283956 0.0210814 8.13258 
-0.0121431 -0.0551773 0.998403 21.7272 -0.028997 0.998076 0.0548066 0.884611 -0.999506 -0.0282851 -0.0137197 8.13182 
-0.0460853 -0.0537879 0.997488 22.5656 -0.0295182 0.998187 0.0524618 0.914337 -0.998501 -0.0270264 -0.0475895 8.09713 
-0.0791361 -0.0517797 0.995518 23.4002 -0.0316095 0.998278 0.0494106 0.941235 -0.996363 -0.0275577 -0.0806366 8.03925 
-0.111519 -0.0488895 0.992559 24.2301 -0.0336514 0.998402 0.0453964 0.963874 -0.993192 -0.0283384 -0.112986 7.95087 
-0.143884 -0.0441933 0.988607 25.0652 -0.0304984 0.998726 0.0402069 0.984162 -0.989125 -0.0243658 -0.145048 7.82882 
-0.175509 -0.0385476 0.983723 25.8899 -0.0261707 0.999063 0.0344796 0.995788 -0.98413 -0.0196932 -0.176354 7.68142 
-0.206006 -0.0319647 0.978029 26.7261 -0.019378 0.999404 0.0285816 1.00937 -0.978359 -0.0130642 -0.206503 7.50656 
-0.234749 -0.0261885 0.971703 27.5491 -0.013215 0.999631 0.0237487 1.01717 -0.971966 -0.0072661 -0.235008 7.3003 
-0.262349 -0.0200402 0.964765 28.3584 -0.00440987 0.999799 0.0195688 1.01787 -0.964963 0.000879379 -0.262385 7.06923 
-0.288533 -0.00965285 0.957421 29.1569 0.00141365 0.999944 0.0105076 1.01015 -0.957469 0.00438525 -0.288503 6.82345 
-0.313731 0.00578011 0.949494 29.9368 0.00610384 0.999973 -0.00407054 0.994684 -0.949492 0.0045185 -0.313758 6.56157 
-0.338284 0.0230659 0.940761 30.6316 0.00754971 0.999734 -0.021797 0.967132 -0.941014 -0.000271109 -0.338368 6.31203 
-0.363451 0.038034 0.930837 31.3871 0.00833219 0.999259 -0.0375763 0.933619 -0.931576 -0.00590124 -0.363498 6.0303 
-0.387783 0.0482065 0.920489 32.134 0.0116725 0.998808 -0.0473907 0.893424 -0.921677 -0.00763289 -0.387884 5.71976 
-0.410994 0.0522136 0.910142 32.8808 0.014739 0.998609 -0.0506331 0.840017 -0.911519 -0.00739532 -0.411191 5.38322 
-0.433585 0.0519882 0.899612 33.6189 0.0184873 0.998637 -0.0488005 0.787294 -0.900923 -0.00452776 -0.433956 5.03023 
-0.45348 0.0478129 0.889983 34.3472 0.0221898 0.998856 -0.0423554 0.733803 -0.89099 0.000541256 -0.454022 4.66078 
-0.470995 0.0465711 0.880906 35.0701 0.0297064 0.998876 -0.0369247 0.68519 -0.881636 0.00877721 -0.471849 4.26198 
-0.484641 0.0470524 0.873447 35.7726 0.0318671 0.998839 -0.0361255 0.637393 -0.874133 0.0103263 -0.485578 3.87501 
-0.495689 0.0510758 0.866997 36.4642 0.0356313 0.998625 -0.0384586 0.593867 -0.867769 0.0118286 -0.496827 3.48863 
-0.505543 0.0536637 0.861131 37.1469 0.0365615 0.9985 -0.0407601 0.548 -0.862026 0.0108782 -0.506747 3.09669 
-0.51648 0.0529818 0.854659 37.8258 0.030576 0.998589 -0.0434268 0.500828 -0.855753 0.00370301 -0.517371 2.71478 
-0.527503 0.0514288 0.847995 38.5077 0.0300255 0.998671 -0.0418892 0.447898 -0.849022 0.00336476 -0.528346 2.30758 
-0.536121 0.0527614 0.842491 39.1839 0.0318138 0.998599 -0.0422929 0.406003 -0.843541 0.00412874 -0.537048 1.88469 
-0.543512 0.0556734 0.837553 39.8612 0.0348853 0.998434 -0.0437293 0.353488 -0.838676 0.00545087 -0.544603 1.46107 
-0.547064 0.0585555 0.835041 40.5473 0.0358953 0.998274 -0.0464856 0.309416 -0.836321 0.00454346 -0.548221 1.03005 
-0.546821 0.060685 0.835048 41.2502 0.0359425 0.998152 -0.0490017 0.258881 -0.836478 0.00321857 -0.547991 0.58776 
-0.543544 0.0609719 0.837163 41.9794 0.0376942 0.998125 -0.0482213 0.215267 -0.838534 0.00534573 -0.544824 0.126624 
-0.537657 0.0599788 0.841028 42.7238 0.0360902 0.99819 -0.048115 0.162 -0.842391 0.0044835 -0.538848 -0.328446 
-0.53085 0.0585855 0.845438 43.4872 0.0338844 0.998277 -0.0479006 0.108966 -0.846788 0.0032191 -0.531921 -0.783195 
-0.523861 0.0581677 0.849816 44.2597 0.032204 0.998305 -0.0484796 0.0592183 -0.851195 0.00197089 -0.524846 -1.23234 
-0.517558 0.0567375 0.853765 45.0548 0.0291015 0.998389 -0.0487071 0.00665313 -0.855153 -0.00036293 -0.518376 -1.69362 
-0.513725 0.0541766 0.856243 45.8451 0.0245954 0.998524 -0.0484224 -0.0502761 -0.857603 -0.00381613 -0.514299 -2.12887 
-0.512714 0.0513531 0.857022 46.6797 0.0202345 0.998655 -0.0477344 -0.108227 -0.858321 -0.00713267 -0.513063 -2.59091 
-0.513144 0.0487165 0.856919 47.5287 0.0167081 0.998766 -0.0467754 -0.161649 -0.85814 -0.00968506 -0.513325 -3.07508 
-0.514518 0.0475772 0.856159 48.372 0.0153285 0.99881 -0.0462926 -0.215822 -0.857342 -0.0106948 -0.514635 -3.54991 
-0.515459 0.0469237 0.855629 49.2158 0.0149152 0.99884 -0.0457922 -0.262869 -0.856784 -0.0108422 -0.515561 -4.02073 
-0.516098 0.0464751 0.855268 50.0774 0.0145331 0.998858 -0.045508 -0.315492 -0.856406 -0.0110569 -0.516184 -4.50782 
-0.516589 0.0454525 0.855026 50.9682 0.0145183 0.998911 -0.0443297 -0.376635 -0.85611 -0.0104867 -0.516687 -5.01117 
-0.517068 0.0450588 0.854758 51.8759 0.0141897 0.998927 -0.044075 -0.441466 -0.855827 -0.010661 -0.517153 -5.52363 
-0.517671 0.0435882 0.854469 52.7958 0.012483 0.99898 -0.0433974 -0.497599 -0.855489 -0.0117993 -0.517687 -6.03581 
-0.517758 0.0428987 0.854451 53.6699 0.011972 0.999008 -0.0429018 -0.558855 -0.855444 -0.0119832 -0.517757 -6.54394 
-0.517157 0.0420922 0.854855 54.563 0.0102671 0.999023 -0.0429796 -0.619522 -0.855829 -0.0134503 -0.517084 -7.05848 
-0.516158 0.0403397 0.855543 55.4373 0.00948875 0.999098 -0.0413838 -0.680935 -0.856441 -0.0132425 -0.516075 -7.55787 
-0.514277 0.0382826 0.856769 56.3251 0.00975785 0.9992 -0.0387896 -0.741943 -0.857569 -0.0115884 -0.514239 -8.07047 
-0.512697 0.0366047 0.857789 57.2418 0.010103 0.999279 -0.036604 -0.813929 -0.85851 -0.0101005 -0.512697 -8.55596 
-0.510702 0.0362286 0.858994 58.1269 0.00986148 0.999293 -0.0362827 -0.869604 -0.859701 -0.0100587 -0.510698 -9.05145 
-0.508624 0.0365237 0.860214 59.0222 0.0098042 0.999281 -0.0366313 -0.923383 -0.860933 -0.0101978 -0.508616 -9.5661 
-0.507966 0.0370785 0.860579 59.9286 0.00998533 0.999259 -0.0371597 -0.981398 -0.861319 -0.0102827 -0.507961 -10.068 
-0.509003 0.0384676 0.859905 60.806 0.00911521 0.999186 -0.0393027 -1.03776 -0.860716 -0.012167 -0.50894 -10.5619 
-0.512178 0.0401472 0.857941 61.6769 0.00757652 0.999079 -0.0422286 -1.09699 -0.858846 -0.0151284 -0.51201 -11.0562 
-0.517035 0.0405731 0.855002 62.5621 0.00632429 0.99903 -0.0435833 -1.15782 -0.855941 -0.0171268 -0.51679 -11.5543 
-0.522583 0.0393585 0.85168 63.4299 0.0077331 0.999112 -0.0414267 -1.21425 -0.852554 -0.0150628 -0.522423 -12.0625 
-0.528142 0.03705 0.848348 64.2968 0.00869246 0.999231 -0.038228 -1.27242 -0.849112 -0.0128156 -0.528058 -12.5819 
-0.533673 0.0347963 0.844975 65.1618 0.0059916 0.999284 -0.0373665 -1.32687 -0.84567 -0.0148788 -0.533499 -13.0961 
-0.538961 0.0379002 0.841478 66.0076 0.00781905 0.999169 -0.0399946 -1.3854 -0.842294 -0.014976 -0.53881 -13.6152 
-0.543998 0.0395437 0.838154 66.8437 0.00819789 0.999092 -0.0418158 -1.44047 -0.839047 -0.0158766 -0.543828 -14.1391 
-0.548457 0.0405263 0.835196 67.6702 0.00718428 0.999016 -0.0437575 -1.50044 -0.836148 -0.0179989 -0.548209 -14.6594 
-0.552272 0.0403278 0.832688 68.4982 0.00554127 0.998985 -0.0447065 -1.56343 -0.833645 -0.020076 -0.551935 -15.1844 
-0.555642 0.0396085 0.830478 69.3135 0.00630885 0.999037 -0.0434267 -1.62074 -0.831398 -0.0188903 -0.555357 -15.7095 
-0.557932 0.0329616 0.829232 70.1318 0.00708265 0.999364 -0.0349588 -1.67232 -0.829856 -0.0136315 -0.557811 -16.2429 
-0.560206 0.0241377 0.828001 70.9517 0.00625734 0.99967 -0.0249086 -1.72348 -0.82833 -0.00877285 -0.560172 -16.7771 
-0.561745 0.0229696 0.826992 71.7575 0.0076951 0.999716 -0.02254 -1.7711 -0.827275 -0.00629795 -0.561762 -17.3018 
-0.56304 0.027187 0.825983 72.5562 0.00714907 0.999582 -0.0280277 -1.81072 -0.826399 -0.00987569 -0.562998 -17.8242 
-0.564186 0.0337723 0.824957 73.3506 0.00918865 0.999358 -0.0346278 -1.85608 -0.825597 -0.0119563 -0.564134 -18.3522 
-0.564494 0.0376053 0.824581 74.1436 0.0145242 0.99926 -0.0356286 -1.90118 -0.82531 -0.00813574 -0.564622 -18.8881 
-0.564352 0.0388836 0.824618 74.9338 0.0177981 0.999231 -0.0349366 -1.95222 -0.825342 -0.0050399 -0.56461 -19.423 
-0.564039 0.0354325 0.824987 75.7261 0.016297 0.999362 -0.0317795 -1.99862 -0.825587 -0.00448006 -0.564257 -19.9439 
-0.56325 0.0309101 0.825708 76.5173 0.0153138 0.999519 -0.0269705 -2.04177 -0.826144 -0.00254642 -0.563453 -20.4663 
-0.562483 0.0241307 0.826456 77.3114 0.0119296 0.999707 -0.0210699 -2.08405 -0.826723 -0.00199215 -0.562606 -20.9834 
-0.562265 0.0182047 0.826757 78.1065 0.00303286 0.999796 -0.0199524 -2.12259 -0.826952 -0.00871109 -0.562206 -21.4845 
-0.560722 0.0130068 0.827902 78.8984 -0.004469 0.999815 -0.0187344 -2.154 -0.827992 -0.0142047 -0.560559 -21.9833 
-0.558822 0.0137869 0.829173 79.6906 -0.00133262 0.999846 -0.0175228 -2.1878 -0.829287 -0.0108971 -0.558717 -22.4986 
-0.55576 0.0170554 0.831168 80.4781 0.0024541 0.999819 -0.0188751 -2.22458 -0.831339 -0.00845026 -0.555702 -23.0144 
-0.550323 0.0203492 0.834704 81.2697 0.0044703 0.99976 -0.0214258 -2.2561 -0.83494 -0.00805972 -0.550282 -23.5238 
-0.542432 0.022735 0.839792 82.0611 0.00959846 0.999736 -0.0208653 -2.29149 -0.840045 -0.0032573 -0.542507 -24.0281 
-0.534381 0.0262272 0.844837 82.8589 0.0171062 0.999649 -0.0202131 -2.33119 -0.845071 0.00365047 -0.534642 -24.5239 
-0.524787 0.0251841 0.850861 83.6628 0.0142717 0.999682 -0.0207866 -2.36392 -0.851114 0.00123472 -0.52498 -24.9992 
-0.513863 0.0229564 0.857565 84.4702 0.0120717 0.999736 -0.0195288 -2.39499 -0.857787 0.000317147 -0.514005 -25.4609 
-0.50256 0.0199082 0.864313 85.2865 0.0123919 0.999798 -0.0158236 -2.42755 -0.864454 0.00275817 -0.502705 -25.9144 
-0.49158 0.0190398 0.870624 86.1007 0.0118329 0.999815 -0.0151839 -2.46303 -0.870752 0.00283789 -0.491714 -26.3546 
-0.479985 0.018434 0.877083 86.925 0.012536 0.999821 -0.0141533 -2.49076 -0.877187 0.00420169 -0.480131 -26.7829 
-0.468225 0.0194889 0.883395 87.7535 0.014039 0.999795 -0.0146158 -2.52358 -0.883498 0.00555848 -0.468402 -27.203 
-0.45645 0.0232203 0.889446 88.5816 0.013826 0.999724 -0.0190039 -2.56372 -0.889642 0.00362318 -0.456645 -27.6068 
-0.445091 0.0323041 0.894902 89.4048 0.0165435 0.999475 -0.0278509 -2.59829 -0.895332 0.0024086 -0.445392 -27.9998 
-0.432186 0.036765 0.901035 90.2372 0.0162697 0.999324 -0.0329716 -2.63655 -0.901638 0.000409701 -0.432492 -28.3835 
-0.421107 0.0335211 0.906391 91.0814 0.0145306 0.999438 -0.0302113 -2.67891 -0.906894 0.000448209 -0.421358 -28.7524 
-0.409551 0.0297596 0.911802 91.9234 0.0130361 0.999557 -0.0267683 -2.724 -0.912194 0.000923337 -0.409758 -29.1128 
-0.399732 0.0304899 0.916125 92.7589 0.0103443 0.999533 -0.0287522 -2.76893 -0.916574 -0.00201651 -0.39986 -29.4547 
-0.393077 0.0348913 0.918843 93.5977 0.00556749 0.999352 -0.0355667 -2.81557 -0.919489 -0.00886481 -0.393017 -29.7868 
-0.388161 0.0398411 0.92073 94.4333 4.39413e-05 0.999066 -0.0432123 -2.86188 -0.921592 -0.0167329 -0.3878 -30.1124 
-0.384994 0.0413783 0.921991 95.2686 -0.00326602 0.998927 -0.0461948 -2.91963 -0.922913 -0.020796 -0.384446 -30.4337 
-0.381514 0.0410041 0.923453 96.1074 -0.00480502 0.998914 -0.0463399 -2.97585 -0.924351 -0.0221166 -0.380903 -30.7567 
-0.376544 0.0414136 0.925473 96.9535 -0.00522275 0.99889 -0.0468238 -3.0266 -0.926384 -0.0224648 -0.37591 -31.0817 
-0.370622 0.0371409 0.928041 97.7996 -0.00800296 0.999035 -0.0431782 -3.07987 -0.928749 -0.0234299 -0.369967 -31.4013 
-0.365639 0.0334076 0.930157 98.6402 -0.00856541 0.999193 -0.0392541 -3.13317 -0.930717 -0.02232 -0.365058 -31.7097 
-0.359899 0.0303662 0.932497 99.4865 -0.0101465 0.999284 -0.0364571 -3.18776 -0.932936 -0.0225825 -0.359333 -32.0162 
-0.354411 0.0284728 0.934656 100.335 -0.0183855 0.999131 -0.0374084 -3.23671 -0.934909 -0.0304421 -0.353579 -32.3067 
-0.348432 0.0286215 0.936897 101.183 -0.0257863 0.998863 -0.0401044 -3.28373 -0.936979 -0.0381328 -0.347298 -32.5884 
-0.341752 0.0328282 0.939217 102.025 -0.0241217 0.998754 -0.0436863 -3.33541 -0.939481 -0.0375854 -0.340534 -32.8775 
-0.33476 0.0360812 0.941612 102.871 -0.0225409 0.998674 -0.0462814 -3.38663 -0.942034 -0.0367179 -0.333503 -33.1629 
-0.328588 0.0342175 0.943853 103.73 -0.024179 0.998711 -0.0446238 -3.43652 -0.944164 -0.0374843 -0.327337 -33.4371 
-0.321861 0.0294941 0.946327 104.591 -0.0245467 0.998919 -0.0394819 -3.48935 -0.946469 -0.035937 -0.320789 -33.7073 
-0.31482 0.0265224 0.948781 105.455 -0.0263877 0.998979 -0.0366815 -3.54374 -0.948784 -0.0365842 -0.313799 -33.974 
-0.308604 0.0298976 0.950721 106.31 -0.027796 0.998796 -0.040432 -3.59109 -0.950784 -0.0389037 -0.307401 -34.2298 
-0.302515 0.0323952 0.952594 107.168 -0.0272921 0.998718 -0.0426308 -3.6414 -0.952754 -0.0388948 -0.301243 -34.4793 
-0.295854 0.0329098 0.954666 108.021 -0.0299331 0.998596 -0.0437005 -3.6903 -0.954764 -0.041505 -0.294453 -34.7222 
-0.289078 0.0326022 0.95675 108.884 -0.0297303 0.998632 -0.0430122 -3.73906 -0.956844 -0.0408783 -0.287714 -34.9607 
-0.280706 0.0323204 0.959249 109.73 -0.0257653 0.998819 -0.0411933 -3.79342 -0.959448 -0.0362786 -0.279542 -35.2005 
-0.27304 0.033564 0.961417 110.592 -0.0229802 0.998878 -0.0413981 -3.84274 -0.961728 -0.0333969 -0.271963 -35.434 
-0.266641 0.0337127 0.963206 111.441 -0.0226891 0.998892 -0.0412426 -3.89697 -0.963529 -0.0328513 -0.265581 -35.6498 
-0.260012 0.0323256 0.965064 112.305 -0.0286561 0.998741 -0.0411743 -3.9523 -0.96518 -0.0383608 -0.258759 -35.8535 
-0.254165 0.0305361 0.966679 113.184 -0.0327587 0.998656 -0.0401593 -4.00064 -0.966606 -0.0418742 -0.252823 -36.0537 
-0.249619 0.0305689 0.967862 114.059 -0.0298974 0.998782 -0.0392562 -4.05221 -0.967882 -0.0387357 -0.248401 -36.263 
-0.244918 0.0310413 0.969047 114.93 -0.0282107 0.998836 -0.0391255 -4.10047 -0.969133 -0.03692 -0.243757 -36.4688 
-0.240251 0.0324704 0.970168 115.799 -0.0273151 0.998819 -0.0401935 -4.14831 -0.970327 -0.0361567 -0.23908 -36.6657 
-0.23424 0.0317288 0.971661 116.672 -0.020986 0.999069 -0.0376829 -4.19388 -0.971952 -0.0292182 -0.233356 -36.8665 
-0.228779 0.0306018 0.972997 117.545 -0.0138322 0.999303 -0.0346815 -4.24004 -0.97338 -0.0213931 -0.228196 -37.0691 
-0.223767 0.0296486 0.974192 118.421 -0.0122309 0.999373 -0.0332243 -4.28833 -0.974566 -0.0193497 -0.223265 -37.2606 
-0.219708 0.0312918 0.975064 119.291 -0.0139482 0.999283 -0.0352119 -4.33353 -0.975466 -0.0213368 -0.219114 -37.4359 
-0.216246 0.033222 0.975774 120.162 -0.0153348 0.999182 -0.0374174 -4.37713 -0.976218 -0.0230547 -0.21556 -37.6079 
-0.214499 0.0324929 0.976184 121.039 -0.018029 0.999145 -0.0372186 -4.42512 -0.976558 -0.0255829 -0.213729 -37.7798 
-0.213478 0.0315804 0.976437 121.915 -0.0182347 0.999175 -0.0363024 -4.47041 -0.976778 -0.0255548 -0.212726 -37.9537 
-0.212569 0.0271445 0.976769 122.786 -0.0169204 0.999362 -0.0314546 -4.51273 -0.977 -0.0232136 -0.211974 -38.1266 
-0.211495 0.0220245 0.977131 123.664 -0.0177314 0.999495 -0.0263664 -4.55558 -0.977218 -0.0229023 -0.210998 -38.2985 
-0.210693 0.0201688 0.977344 124.532 -0.0171923 0.999556 -0.0243335 -4.59574 -0.977401 -0.0219297 -0.210253 -38.4696 
-0.209528 0.0250417 0.977482 125.387 -0.0170509 0.999426 -0.0292587 -4.63516 -0.977654 -0.0227974 -0.20898 -38.6397 
-0.209318 0.0287815 0.977424 126.239 -0.0167042 0.999316 -0.0330033 -4.67673 -0.977705 -0.0232353 -0.208694 -38.8067 
-0.20956 0.0278718 0.977399 127.097 -0.0205658 0.999247 -0.0329042 -4.71518 -0.97758 -0.0269964 -0.208829 -38.9685 
-0.20895 0.0268262 0.977558 127.954 -0.0222454 0.999235 -0.0321759 -4.76313 -0.977673 -0.0284693 -0.208193 -39.1337 
-0.208346 0.0276644 0.977664 128.806 -0.0180875 0.99932 -0.0321317 -4.80611 -0.977888 -0.024378 -0.207704 -39.3055 
-0.207445 0.030327 0.977776 129.64 -0.0196796 0.999188 -0.0351663 -4.84496 -0.978049 -0.0265374 -0.20668 -39.4659 
-0.208042 0.0311968 0.977622 130.482 -0.0283071 0.998881 -0.037899 -4.89055 -0.97771 -0.0355583 -0.206926 -39.6144 
-0.207557 0.0325801 0.97768 131.316 -0.0349329 0.998561 -0.040692 -4.93631 -0.977599 -0.0425991 -0.20612 -39.764 
-0.20738 0.0360001 0.977598 132.139 -0.0321056 0.998534 -0.0435816 -4.98623 -0.977734 -0.0404243 -0.20592 -39.9226 
-0.206942 0.0370404 0.977652 132.961 -0.0309166 0.998536 -0.0443758 -5.03712 -0.977865 -0.0394089 -0.205494 -40.0783 
-0.205255 0.0384072 0.977955 133.781 -0.0316015 0.998449 -0.0458446 -5.08534 -0.978198 -0.0403146 -0.203723 -40.2329 
-0.203167 0.0377817 0.978415 134.595 -0.0230883 0.998793 -0.0433628 -5.1362 -0.978872 -0.0313998 -0.20205 -40.3951 
-0.199941 0.034511 0.9792 135.403 -0.0178437 0.999086 -0.0388553 -5.18921 -0.979646 -0.0252413 -0.199142 -40.5539 
-0.1979 0.0298985 0.979766 136.222 -0.0137806 0.999351 -0.0332796 -5.23794 -0.980125 -0.0200878 -0.197359 -40.7095 
-0.1943 0.0293223 0.980504 137.03 -0.0120622 0.999406 -0.0322778 -5.28405 -0.980868 -0.0180986 -0.193831 -40.8548 
-0.189403 0.0341271 0.981306 137.815 -0.0115808 0.999249 -0.0369863 -5.33383 -0.981831 -0.0183697 -0.188866 -40.9919 
-0.182948 0.0374 0.982411 138.604 -0.0108487 0.999139 -0.0400571 -5.37367 -0.983063 -0.0179863 -0.182385 -41.1228 
-0.174834 0.0382008 0.983857 139.402 -0.0111728 0.999106 -0.0407783 -5.41282 -0.984535 -0.0181219 -0.174251 -41.2458 
-0.165354 0.0337296 0.985657 140.199 -0.00928765 0.999317 -0.0357551 -5.45962 -0.986191 -0.0150667 -0.164927 -41.3649 
-0.153427 0.0324629 0.987627 140.986 -0.00592503 0.999412 -0.0337707 -5.50474 -0.988142 -0.0110331 -0.153144 -41.4765 
-0.139688 0.035256 0.989568 141.772 -0.00135131 0.999358 -0.0357956 -5.54482 -0.990195 -0.00633742 -0.139551 -41.578 
-0.125765 0.0365658 0.991386 142.556 -0.00252822 0.999305 -0.0371786 -5.58351 -0.992057 -0.00718223 -0.125586 -41.6596 
-0.111958 0.0366343 0.993037 143.336 -0.00165883 0.999312 -0.0370527 -5.62396 -0.993712 -0.00579565 -0.111821 -41.7322 
-0.098739 0.0384018 0.994372 144.114 -0.00119366 0.99925 -0.0387087 -5.66912 -0.995113 -0.005009 -0.098619 -41.7916 
-0.0849076 0.044439 0.995397 144.887 -0.00351571 0.998985 -0.044899 -5.72146 -0.996383 -0.00731179 -0.0846652 -41.8388 
-0.0721089 0.0537124 0.995949 145.664 -0.0107256 0.998449 -0.0546238 -5.76707 -0.997339 -0.0146211 -0.071421 -41.8709 
-0.0587921 0.0614275 0.996379 146.418 -0.01505 0.997937 -0.0624115 -5.81934 -0.998157 -0.0186648 -0.0577463 -41.8858 
-0.045662 0.0621207 0.997024 147.186 -0.0158346 0.997894 -0.0629001 -5.87138 -0.998831 -0.0186597 -0.0445822 -41.9029 
-0.0337008 0.0579946 0.997748 147.958 -0.0197369 0.998082 -0.0586806 -5.93113 -0.999237 -0.0216701 -0.0324916 -41.9061 
-0.0232602 0.0556501 0.998179 148.717 -0.0238677 0.998134 -0.0562037 -5.99123 -0.999445 -0.0251316 -0.0218886 -41.8956 
-0.0140748 0.0622445 0.997962 149.468 -0.0272058 0.997667 -0.0626097 -6.05066 -0.999531 -0.0280315 -0.0123486 -41.8854 
-0.0076395 0.0701393 0.997508 150.217 -0.030346 0.997061 -0.0703402 -6.10753 -0.99951 -0.0308078 -0.0054886 -41.87 
-0.00464586 0.0729338 0.997326 150.97 -0.0335508 0.996764 -0.073049 -6.1626 -0.999426 -0.0338005 -0.00218384 -41.8532 
-0.00484655 0.0685279 0.997637 151.728 -0.0361959 0.996983 -0.0686588 -6.22157 -0.999333 -0.0364431 -0.00235151 -41.8377 
-0.00652684 0.0637267 0.997946 152.477 -0.0371339 0.997264 -0.063926 -6.29332 -0.999289 -0.0374749 -0.00414256 -41.8249 
-0.00941699 0.060609 0.998117 153.227 -0.0353935 0.997516 -0.0609063 -6.35309 -0.999329 -0.0359004 -0.00724843 -41.8186 
-0.0121966 0.0610026 0.998063 153.97 -0.0334059 0.997555 -0.0613797 -6.4063 -0.999367 -0.0340898 -0.0101289 -41.8171 
-0.0158231 0.0609887 0.998013 154.713 -0.0315977 0.997609 -0.0614649 -6.46341 -0.999375 -0.0325075 -0.0138582 -41.8187 
-0.0203713 0.0594986 0.998021 155.455 -0.0318874 0.997681 -0.0601292 -6.52441 -0.999284 -0.0330492 -0.0184268 -41.8161 
-0.0255859 0.0599396 0.997874 156.191 -0.0325906 0.99762 -0.06076 -6.57405 -0.999141 -0.034076 -0.0235716 -41.8232 
-0.031829 0.057939 0.997813 156.926 -0.0339222 0.997681 -0.0590134 -6.62844 -0.998918 -0.0357263 -0.0297898 -41.8285 
-0.0375137 0.0550923 0.997776 157.663 -0.0313949 0.997921 -0.0562806 -6.68901 -0.998803 -0.0334364 -0.0357061 -41.8476 
-0.0430364 0.0552287 0.997546 158.39 -0.0322933 0.997872 -0.0566399 -6.73987 -0.998551 -0.0346516 -0.0411613 -41.8651 
-0.048319 0.0563531 0.997241 159.114 -0.0338883 0.99774 -0.0580232 -6.79237 -0.998257 -0.0365984 -0.0463001 -41.885 
-0.0523763 0.0585715 0.996908 159.839 -0.0342863 0.997585 -0.0604125 -6.84966 -0.998039 -0.0373445 -0.0502416 -41.9095 
-0.0547624 0.0609281 0.996639 160.558 -0.0341963 0.997437 -0.0628559 -6.90465 -0.997914 -0.0375235 -0.0525385 -41.9395 
-0.0564201 0.0624693 0.996451 161.273 -0.0315496 0.997431 -0.064317 -6.95713 -0.997909 -0.0350664 -0.0543042 -41.9682 
-0.0557106 0.0609209 0.996587 161.987 -0.0280293 0.997648 -0.0625526 -7.01259 -0.998053 -0.0314185 -0.053872 -41.9989 
-0.0516939 0.0573616 0.997014 162.699 -0.0258052 0.997939 -0.0587527 -7.06884 -0.99833 -0.0287653 -0.0501071 -42.0275 
-0.0443759 0.0570508 0.997385 163.398 -0.0245609 0.998004 -0.0581789 -7.12667 -0.998713 -0.0270784 -0.0428861 -42.0421 
-0.0328963 0.0578477 0.997783 164.097 -0.0217186 0.998047 -0.058579 -7.17981 -0.999223 -0.0235975 -0.0315757 -42.0538 
-0.0189885 0.0580152 0.998135 164.782 -0.0193835 0.998106 -0.0583822 -7.23013 -0.999632 -0.020456 -0.017828 -42.0485 
-0.00381742 0.0559622 0.998426 165.471 -0.0211726 0.998205 -0.0560307 -7.27621 -0.999769 -0.0213531 -0.0026257 -42.0323 
0.0120927 0.0511107 0.99862 166.158 -0.026242 0.998365 -0.0507799 -7.32457 -0.999583 -0.0255917 0.0134142 -41.9971 
0.0283025 0.0446737 0.998601 166.842 -0.0278039 0.99865 -0.0438878 -7.368 -0.999213 -0.0265229 0.0295063 -41.9551 
0.0454015 0.0372061 0.998276 167.524 -0.0280334 0.99896 -0.0359566 -7.40811 -0.998575 -0.0263526 0.0463973 -41.9057 
0.063247 0.0296713 0.997557 168.199 -0.0284187 0.999206 -0.0279185 -7.44314 -0.997593 -0.0265835 0.06404 -41.8451 
0.0800864 0.0239692 0.9965 168.861 -0.0302038 0.99931 -0.0216093 -7.47477 -0.99633 -0.0283675 0.0807551 -41.7669 
0.0980768 0.0215461 0.994946 169.517 -0.0311912 0.999341 -0.0185666 -7.5049 -0.99469 -0.0292126 0.0986842 -41.6809 
0.116055 0.0201327 0.993039 170.166 -0.0297039 0.999418 -0.0167906 -7.52951 -0.992799 -0.0275485 0.116585 -41.5872 
0.133568 0.019563 0.990847 170.807 -0.031146 0.999394 -0.0155332 -7.55147 -0.99055 -0.0287862 0.134096 -41.4811 
0.149512 0.0185311 0.988586 171.437 -0.0357791 0.999271 -0.0133202 -7.57067 -0.988112 -0.0333792 0.150066 -41.3581 
0.163933 0.0149996 0.986357 172.064 -0.0382729 0.999228 -0.00883431 -7.58979 -0.985729 -0.0363025 0.164381 -41.2264 
0.176249 0.0112174 0.984282 172.692 -0.0351793 0.999368 -0.0050899 -7.6065 -0.983717 -0.0337293 0.176532 -41.1011 
0.186959 0.00998118 0.982317 173.307 -0.0327705 0.999455 -0.00391824 -7.62223 -0.981821 -0.0314585 0.187184 -40.971 
0.197048 0.0135338 0.980301 173.913 -0.0365854 0.99931 -0.00644221 -7.64251 -0.979711 -0.0345953 0.197407 -40.8305 
0.20604 0.0205797 0.978327 174.505 -0.0403718 0.999106 -0.0125142 -7.66375 -0.977711 -0.0369184 0.206686 -40.6753 
0.215237 0.0305778 0.976083 175.096 -0.0405538 0.998927 -0.0223508 -7.68083 -0.97572 -0.0347732 0.216246 -40.5305 
0.223671 0.0362256 0.973991 175.684 -0.0346349 0.998973 -0.029201 -7.69927 -0.974049 -0.0272027 0.224696 -40.3903 
0.230343 0.0341528 0.97251 176.291 -0.0338575 0.99906 -0.0270658 -7.72099 -0.97252 -0.0266924 0.231283 -40.2367 
0.236217 0.0266994 0.971333 176.903 -0.036733 0.999153 -0.018531 -7.73751 -0.971006 -0.0313026 0.236998 -40.0683 
0.240575 0.0161955 0.970495 177.53 -0.0411666 0.999131 -0.0064686 -7.75832 -0.969757 -0.0383958 0.241033 -39.8952 
0.242631 0.00788677 0.970087 178.141 -0.0412524 0.999146 0.00219479 -7.78089 -0.969241 -0.040551 0.242749 -39.7266 
0.24369 0.00724367 0.969826 178.74 -0.0379024 0.999279 0.0020602 -7.7949 -0.969112 -0.0372608 0.243789 -39.5682 
0.24492 0.00912595 0.9695 179.346 -0.0341073 0.999418 -0.000791157 -7.80431 -0.968943 -0.0328732 0.245089 -39.4075 
0.246588 0.00882494 0.96908 179.955 -0.0310906 0.999516 -0.00119087 -7.80824 -0.968622 -0.0298356 0.246743 -39.246 
0.248461 0.00649276 0.96862 180.568 -0.0327332 0.999463 0.00169696 -7.81403 -0.968089 -0.0321277 0.24854 -39.0743 
0.251257 0.00261736 0.967917 181.178 -0.0330085 0.999438 0.00586598 -7.82495 -0.967357 -0.0334233 0.251202 -38.9008 
0.254524 -0.00262406 0.967063 181.797 -0.0323243 0.999415 0.0112194 -7.8347 -0.966526 -0.0341152 0.254291 -38.7279 
0.259304 -0.00540886 0.965781 182.421 -0.0310139 0.999422 0.0139243 -7.83735 -0.965298 -0.0335633 0.258986 -38.5532 
0.26571 -0.0077082 0.964022 183.041 -0.0288409 0.999457 0.0159409 -7.83521 -0.963622 -0.0320389 0.265343 -38.3708 
0.273587 -0.0110056 0.961784 183.67 -0.027026 0.999452 0.0191244 -7.83444 -0.961468 -0.0312253 0.27314 -38.1783 
0.283442 -0.0128149 0.958904 184.298 -0.0246429 0.999483 0.0206415 -7.83443 -0.958673 -0.0294808 0.282979 -37.9813 
0.294548 -0.0107564 0.955576 184.917 -0.0259309 0.999479 0.0192436 -7.83397 -0.955285 -0.0304472 0.294115 -37.7712 
0.306234 -0.00726838 0.951929 185.539 -0.026943 0.999504 0.0162992 -7.83704 -0.951575 -0.0306392 0.305886 -37.5523 
0.318416 -0.00420495 0.947942 186.167 -0.0277158 0.999521 0.0137436 -7.83268 -0.947546 -0.0306491 0.318147 -37.3304 
0.329973 -0.00408714 0.943982 186.789 -0.0262218 0.999565 0.0134938 -7.83033 -0.943626 -0.0292054 0.329722 -37.0939 
0.341243 -0.00714065 0.939948 187.419 -0.0255294 0.999532 0.0168617 -7.83017 -0.939628 -0.0297502 0.340901 -36.8445 
0.35217 -0.00866392 0.935896 188.044 -0.0265616 0.999462 0.0192473 -7.83104 -0.935559 -0.0316372 0.35175 -36.5846 
0.363691 -0.00914586 0.931475 188.674 -0.0280221 0.999392 0.0207539 -7.82486 -0.931098 -0.0336499 0.363214 -36.3183 
0.373127 -0.0104119 0.927722 189.308 -0.0317066 0.99921 0.0239666 -7.8172 -0.927238 -0.0383575 0.372502 -36.0336 
0.380393 -0.00928561 0.924778 189.946 -0.0353622 0.999072 0.0245773 -7.80896 -0.924149 -0.0420512 0.379712 -35.749 
0.384853 -0.0125263 0.922893 190.592 -0.0350952 0.998986 0.0281941 -7.80304 -0.92231 -0.0432397 0.384023 -35.4631 
0.387184 -0.0163243 0.921858 191.245 -0.0323107 0.998989 0.0312608 -7.79529 -0.921436 -0.0418896 0.386265 -35.1802 
0.387191 -0.0155583 0.921868 191.9 -0.0279249 0.999201 0.0285922 -7.78335 -0.921577 -0.0368137 0.386447 -34.8946 
0.385799 -0.0150595 0.92246 192.566 -0.0266452 0.999268 0.0274572 -7.7738 -0.922198 -0.0351721 0.385115 -34.6014 
0.384963 -0.0137198 0.92283 193.24 -0.0233119 0.999426 0.0245833 -7.7608 -0.922637 -0.0309766 0.384423 -34.3071 
0.384579 -0.0156874 0.922959 193.921 -0.0201605 0.999474 0.0253885 -7.74875 -0.922872 -0.0283712 0.384061 -34.0179 
0.383896 -0.0215535 0.923125 194.604 -0.0167805 0.9994 0.0303129 -7.73957 -0.923224 -0.0271275 0.383304 -33.7296 
0.382468 -0.0243377 0.923648 195.294 -0.0165691 0.999312 0.0331925 -7.72771 -0.92382 -0.0279991 0.381801 -33.4283 
0.381134 -0.0269394 0.924127 195.991 -0.0154165 0.999251 0.0354875 -7.71577 -0.924391 -0.0277723 0.380433 -33.1386 
0.379759 -0.0268953 0.924694 196.674 -0.0165969 0.999218 0.035879 -7.69958 -0.924936 -0.0289724 0.379016 -32.8453 
0.377793 -0.0271419 0.925492 197.364 -0.018111 0.999162 0.0366955 -7.68365 -0.925713 -0.0306249 0.376985 -32.5473 
0.375988 -0.0259125 0.926262 198.049 -0.0190126 0.999183 0.0356701 -7.67288 -0.92643 -0.0310222 0.375188 -32.2529 
0.374644 -0.0223456 0.926899 198.727 -0.0186695 0.999325 0.0316377 -7.66435 -0.926981 -0.0291576 0.373974 -31.9625 
0.373948 -0.0162407 0.927308 199.41 -0.01902 0.999502 0.0251752 -7.65001 -0.927255 -0.0270516 0.373452 -31.6749 
0.373086 -0.0138441 0.927694 200.105 -0.0203983 0.999525 0.0231196 -7.63823 -0.927573 -0.027549 0.372626 -31.3849 
0.371744 -0.0165974 0.928187 200.799 -0.0216131 0.999414 0.0265273 -7.63189 -0.928084 -0.0299223 0.371168 -31.0921 
0.370659 -0.0197247 0.92856 201.491 -0.023612 0.999251 0.0306518 -7.62782 -0.928469 -0.0332865 0.369916 -30.8016 
0.368063 -0.018969 0.929607 202.178 -0.0280177 0.999112 0.0314804 -7.62473 -0.929379 -0.0376322 0.367205 -30.5071 
0.363229 -0.0185927 0.931515 202.869 -0.0306427 0.999022 0.0318888 -7.61024 -0.931196 -0.040127 0.362304 -30.2189 
0.356688 -0.0199164 0.934011 203.57 -0.0304996 0.998992 0.0329495 -7.59858 -0.933725 -0.0402396 0.355721 -29.9408 
0.34769 -0.0204028 0.937388 204.262 -0.0303952 0.998993 0.0330177 -7.59185 -0.937117 -0.039972 0.34672 -29.6773 
0.337716 -0.0192674 0.941051 204.952 -0.0274678 0.999163 0.0303147 -7.58637 -0.940847 -0.0360863 0.336904 -29.4256 
0.327071 -0.015873 0.944867 205.647 -0.0287376 0.999229 0.026734 -7.5756 -0.944563 -0.0358971 0.326363 -29.1765 
0.315608 -0.0157387 0.948759 206.343 -0.0315709 0.999135 0.0270766 -7.56141 -0.948364 -0.0384988 0.314838 -28.9357 
0.304597 -0.0238993 0.952181 207.051 -0.0263543 0.999091 0.0335074 -7.55185 -0.952117 -0.0353003 0.303691 -28.7078 
0.296117 -0.0323933 0.954602 207.761 -0.0223395 0.998917 0.0408268 -7.54109 -0.95489 -0.0334148 0.295072 -28.4883 
0.288913 -0.0379163 0.956604 208.469 -0.0220564 0.998687 0.0462458 -7.52509 -0.957101 -0.0344602 0.287698 -28.2659 
0.284506 -0.0386549 0.957895 209.176 -0.0279881 0.998426 0.0486033 -7.50141 -0.958266 -0.0406375 0.282977 -28.0336 
0.281866 -0.0406365 0.958593 209.889 -0.0270419 0.998369 0.0502742 -7.47906 -0.959073 -0.0400927 0.280308 -27.8149 
0.280321 -0.0415658 0.959006 210.603 -0.0260275 0.998366 0.0508797 -7.45378 -0.959553 -0.0392232 0.278781 -27.5962 
0.279309 -0.0396856 0.959381 211.317 -0.0263665 0.998452 0.048978 -7.42972 -0.959839 -0.0389755 0.27783 -27.37 
0.278835 -0.0375715 0.959604 212.034 -0.0297997 0.998415 0.0477502 -7.40454 -0.959877 -0.0419104 0.277274 -27.1427 
0.279287 -0.0382546 0.959445 212.758 -0.0304314 0.998352 0.0486642 -7.37753 -0.959725 -0.0427885 0.277662 -26.916 
0.280963 -0.0395026 0.958905 213.487 -0.0310148 0.998257 0.0502112 -7.35208 -0.959217 -0.0438477 0.279248 -26.6871 
0.282361 -0.041365 0.958416 214.214 -0.0297209 0.998213 0.0518388 -7.32835 -0.958848 -0.0431223 0.280627 -26.4595 
0.283814 -0.0422597 0.957948 214.951 -0.0262611 0.998311 0.0518208 -7.30106 -0.95852 -0.0398642 0.282225 -26.2316 
0.287111 -0.0439167 0.95689 215.687 -0.0248395 0.998271 0.0532689 -7.27208 -0.957575 -0.0390628 0.285523 -26.0006 
0.291219 -0.045352 0.955581 216.422 -0.0263109 0.998118 0.0553892 -7.24348 -0.956295 -0.0412725 0.289478 -25.7621 
0.296369 -0.049352 0.953798 217.158 -0.0276422 0.997802 0.0602181 -7.21131 -0.954673 -0.0442119 0.294354 -25.5118 
0.301528 -0.0533268 0.951965 217.908 -0.0273879 0.997538 0.0645547 -7.17857 -0.953064 -0.0455374 0.299325 -25.2625 
0.305849 -0.0533735 0.950583 218.647 -0.0283898 0.997472 0.0651407 -7.14553 -0.951657 -0.04691 0.30356 -25.0082 
0.310385 -0.0489306 0.949351 219.386 -0.0335896 0.997486 0.0623935 -7.11619 -0.950017 -0.0512543 0.307961 -24.7482 
0.314789 -0.0428507 0.948194 220.116 -0.0382278 0.997598 0.0577745 -7.0762 -0.948392 -0.0544341 0.312394 -24.4791 
0.319433 -0.039756 0.946774 220.853 -0.041931 0.997548 0.0560352 -7.04125 -0.946681 -0.0575987 0.316983 -24.2088 
0.323899 -0.0402367 0.945236 221.591 -0.043457 0.997408 0.0573488 -7.01353 -0.945093 -0.0596523 0.321311 -23.9366 
0.327803 -0.0381238 0.943977 222.336 -0.0448142 0.997433 0.0558449 -6.98637 -0.943683 -0.0606096 0.325253 -23.6603 
0.331766 -0.0351896 0.942705 223.068 -0.0452757 0.997559 0.0531712 -6.95352 -0.942275 -0.060322 0.329363 -23.3858 
0.336394 -0.0348731 0.941076 223.806 -0.0453575 0.997554 0.0531794 -6.92357 -0.940629 -0.060574 0.333989 -23.1041 
0.341108 -0.036527 0.939314 224.551 -0.044839 0.997475 0.0550719 -6.89794 -0.938954 -0.0609034 0.338609 -22.8203 
0.345584 -0.0368142 0.937666 225.295 -0.0412914 0.997666 0.0543882 -6.86882 -0.937479 -0.0575132 0.343257 -22.5387 
0.350186 -0.0368443 0.935955 226.031 -0.037997 0.997845 0.0534971 -6.84325 -0.935909 -0.0542974 0.348031 -22.2562 
0.354294 -0.034662 0.934492 226.765 -0.0389724 0.997897 0.0517895 -6.81262 -0.934322 -0.0547681 0.352198 -21.9618 
0.358823 -0.0350091 0.932749 227.5 -0.0436834 0.997572 0.0542469 -6.78435 -0.932383 -0.0602106 0.356422 -21.6543 
0.363498 -0.0354747 0.93092 228.239 -0.0461201 0.997364 0.0560153 -6.75665 -0.930453 -0.0632955 0.360903 -21.3445 
0.367525 -0.0328452 0.929434 228.971 -0.0436674 0.997665 0.0525237 -6.73054 -0.928988 -0.0598897 0.365232 -21.0416 
0.371484 -0.0261211 0.928072 229.698 -0.0428592 0.998056 0.0452464 -6.70556 -0.92745 -0.0565847 0.369642 -20.7393 
0.374759 -0.0194852 0.926918 230.42 -0.049127 0.997957 0.040841 -6.67541 -0.92582 -0.0608422 0.373036 -20.42 
0.377818 -0.0205382 0.925652 231.147 -0.0551818 0.997477 0.0446551 -6.64748 -0.924234 -0.0679506 0.375731 -20.0968 
0.380476 -0.030784 0.924278 231.897 -0.0543029 0.996978 0.055559 -6.62018 -0.923195 -0.0713298 0.377655 -19.7772 
0.382383 -0.0432178 0.922993 232.637 -0.0504317 0.996441 0.0675501 -6.58528 -0.922627 -0.0723781 0.378842 -19.4629 
0.384071 -0.0509082 0.921899 233.358 -0.0520735 0.995695 0.0766776 -6.54897 -0.921834 -0.0774561 0.379767 -19.1407 
0.386377 -0.0529906 0.920817 234.089 -0.0533796 0.99539 0.0796804 -6.51287 -0.920795 -0.0799396 0.381768 -18.8181 
0.389005 -0.0482242 0.919973 234.812 -0.0530809 0.995797 0.0746438 -6.46618 -0.919705 -0.0778698 0.38481 -18.4938 
0.393161 -0.0424332 0.91849 235.532 -0.051722 0.996332 0.0681691 -6.41995 -0.918014 -0.0743076 0.389524 -18.1755 
0.397553 -0.0378785 0.916797 236.252 -0.0517736 0.99663 0.0636276 -6.37563 -0.916117 -0.0727612 0.394252 -17.8446 
0.401489 -0.0361133 0.915152 236.969 -0.0498994 0.996876 0.0612299 -6.34262 -0.914503 -0.0702487 0.398433 -17.5148 
0.405799 -0.0340591 0.913328 237.692 -0.0490953 0.99705 0.0589948 -6.30562 -0.912643 -0.0687801 0.40293 -17.1826 
0.409747 -0.0356104 0.911504 238.415 -0.0475651 0.997044 0.0603342 -6.26741 -0.910958 -0.0680774 0.406842 -16.8438 
0.413056 -0.0405057 0.909804 239.137 -0.046198 0.996792 0.0653527 -6.23169 -0.909533 -0.0690254 0.40986 -16.5003 
0.416187 -0.0464047 0.908094 239.863 -0.0441531 0.996487 0.0711575 -6.19027 -0.908206 -0.06971 0.412676 -16.1575 
0.418589 -0.0517194 0.906702 240.586 -0.0430028 0.996129 0.0766732 -6.14607 -0.907157 -0.0710853 0.414745 -15.8092 
0.42069 -0.0570225 0.905411 241.317 -0.0410855 0.995801 0.0818052 -6.09547 -0.906274 -0.0716138 0.416581 -15.4559 
0.422043 -0.0636597 0.904338 242.047 -0.0396871 0.995278 0.0885829 -6.04194 -0.905707 -0.0732763 0.417524 -15.1017 
0.423951 -0.0641799 0.903408 242.781 -0.0399252 0.995192 0.0894365 -5.98822 -0.904805 -0.0739854 0.41935 -14.7483 
0.425556 -0.0525512 0.903405 243.498 -0.0489914 0.99551 0.0809868 -5.94037 -0.903605 -0.0787234 0.421071 -14.3779 
0.426235 -0.0390776 0.903768 244.21 -0.0507429 0.996461 0.067017 -5.89246 -0.903188 -0.0744248 0.422744 -14.021 
0.426967 -0.0311809 0.90373 244.929 -0.0508191 0.996998 0.0584084 -5.84027 -0.902838 -0.0708651 0.424101 -13.6637 
