1 -4.23778e-08 4.22719e-08 0 -4.23778e-08 1 -4.19404e-08 0 4.22719e-08 -4.19404e-08 1 0 
0.99999 -0.0029022 -0.00338971 -0.0114923 0.00289488 0.999993 -0.0021363 -0.00534128 0.00339597 0.00212638 0.999992 0.675108 
0.99997 -0.00133659 -0.00758523 -0.0261121 0.0013058 0.999991 -0.00405209 -0.00310905 0.00759066 0.00404198 0.999963 1.37898 
0.999931 -0.00175727 -0.0115975 -0.0536212 0.00169687 0.999985 -0.005209 -0.0128179 0.0116065 0.00518887 0.999919 2.0979 
0.999865 -0.000114449 -0.0164143 -0.0796492 1.47636e-05 0.999982 -0.00606791 -0.0149046 0.0164148 0.00606676 0.999847 2.83889 
0.999779 -0.000846162 -0.0209839 -0.101569 0.000719962 0.999982 -0.00601697 -0.0304268 0.0209887 0.00600046 0.999762 3.57666 
0.999676 0.000877678 -0.0254165 -0.140722 -0.00106668 0.999972 -0.0074204 -0.035505 0.0254093 0.00744502 0.999649 4.33595 
0.999534 0.00334946 -0.0303466 -0.18044 -0.00359543 0.999961 -0.00805172 -0.046397 0.0303186 0.00815699 0.999507 5.10949 
0.999386 0.0039368 -0.034822 -0.219709 -0.00415676 0.999972 -0.00624404 -0.0564668 0.0347966 0.00638487 0.999374 5.90209 
0.999224 0.00311995 -0.0392667 -0.26699 -0.00326676 0.999988 -0.00367296 -0.0650965 0.0392548 0.0037983 0.999222 6.70209 
0.999085 0.00293997 -0.0426595 -0.310906 -0.00300116 0.999994 -0.00136863 -0.0714148 0.0426553 0.00149532 0.999089 7.50624 
0.998979 0.00438725 -0.0449539 -0.375306 -0.00447319 0.999988 -0.00180931 -0.0790204 0.0449455 0.00200847 0.998987 8.33725 
0.998881 0.00393914 -0.0471193 -0.430269 -0.00403664 0.99999 -0.00197253 -0.0881816 0.0471111 0.00216044 0.998887 9.17247 
0.998806 0.00122296 -0.0488311 -0.480572 -0.00134549 0.999996 -0.00247482 -0.0982061 0.0488279 0.00253748 0.998804 10.0037 
0.998698 0.00111386 -0.051006 -0.534034 -0.00118922 0.999998 -0.00144547 -0.106711 0.0510044 0.00150416 0.998697 10.8443 
0.998625 -0.000654159 -0.0524211 -0.59073 0.000570808 0.999998 -0.00160341 -0.119042 0.0524221 0.0015712 0.998624 11.6956 
0.998514 0.00134074 -0.0544782 -0.648292 -0.001568 0.99999 -0.00412751 -0.128198 0.0544722 0.00420671 0.998506 12.5508 
0.998428 0.00173958 -0.0560264 -0.709473 -0.00212561 0.999974 -0.0068297 -0.137943 0.0560131 0.00693797 0.998406 13.4183 
0.998303 0.00543945 -0.0579841 -0.771198 -0.00593132 0.999948 -0.0083126 -0.152288 0.0579359 0.00864233 0.998283 14.2973 
0.998261 0.00634036 -0.058599 -0.841782 -0.00682283 0.999944 -0.00803553 -0.163323 0.0585449 0.00842129 0.998249 15.1769 
0.998183 0.00515632 -0.0600254 -0.907013 -0.00553619 0.999966 -0.0061624 -0.180553 0.0599917 0.00648343 0.998178 16.0707 
0.99808 0.00576629 -0.0616721 -0.968983 -0.00609237 0.999968 -0.00509919 -0.188454 0.0616409 0.00546504 0.998083 16.9704 
0.99801 0.00536767 -0.0628204 -1.03541 -0.00568568 0.999972 -0.00488308 -0.204379 0.0627925 0.00523045 0.998013 17.8722 
0.997908 0.00522762 -0.0644438 -1.10243 -0.00560654 0.999968 -0.0056991 -0.218173 0.0644121 0.00604839 0.997905 18.7779 
0.997839 0.00390666 -0.0655824 -1.17319 -0.00433494 0.99997 -0.00638817 -0.230739 0.0655556 0.00665857 0.997827 19.6877 
0.99784 0.00370196 -0.0655867 -1.25309 -0.00404275 0.999979 -0.0050628 -0.23674 0.0655667 0.00531693 0.997834 20.6133 
0.997844 0.0050608 -0.0654328 -1.33305 -0.00516958 0.999985 -0.00149205 -0.253316 0.0654244 0.001827 0.997856 21.547 
0.997899 0.0057453 -0.0645329 -1.40796 -0.00561946 0.999982 0.00213275 -0.262388 0.0645441 -0.00176572 0.997913 22.4771 
0.998026 0.00496545 -0.0626102 -1.48574 -0.00467417 0.999977 0.00479921 -0.26754 0.0626328 -0.00449717 0.998026 23.422 
0.998096 0.00481011 -0.0614833 -1.55044 -0.00445753 0.999973 0.00587185 -0.276025 0.0615099 -0.0055867 0.998091 24.3709 
0.998176 0.00525222 -0.0601476 -1.61813 -0.00508143 0.999983 0.00299348 -0.280906 0.0601624 -0.00268247 0.998185 25.3197 
0.998213 0.00596459 -0.0594509 -1.69038 -0.00610416 0.999979 -0.00216493 -0.282906 0.0594369 0.00252387 0.998229 26.2666 
0.998304 0.00493539 -0.058006 -1.75728 -0.00525181 0.999972 -0.00530236 -0.290185 0.0579783 0.00559792 0.998302 27.227 
0.998365 0.00291685 -0.0570824 -1.82959 -0.00315913 0.999986 -0.00415309 -0.301445 0.0570696 0.00432654 0.998361 28.1936 
0.998349 0.00109663 -0.0574268 -1.89595 -0.00105684 0.999999 0.000724604 -0.309742 0.0574276 -0.000662803 0.998349 29.166 
0.998326 -0.00267602 -0.0577711 -1.97294 0.00292953 0.999986 0.00430544 -0.320673 0.0577589 -0.00446756 0.99832 30.1437 
0.998215 -0.0095735 -0.058953 -2.02937 0.00978628 0.999947 0.00332299 -0.324973 0.0589181 -0.00389408 0.998255 31.1272 
0.998099 -0.0118569 -0.0604779 -2.09366 0.0118504 0.99993 -0.000464698 -0.334962 0.0604793 -0.000252961 0.998169 32.1068 
0.998052 -0.0112615 -0.0613538 -2.17811 0.0109869 0.999928 -0.00480993 -0.34163 0.0614037 0.00412639 0.998104 33.0704 
0.997933 -0.00993862 -0.0634869 -2.25487 0.009614 0.999939 -0.00541534 -0.357023 0.063537 0.0047937 0.997968 34.0552 
0.997888 -0.00965783 -0.0642366 -2.32643 0.00942113 0.999948 -0.00398534 -0.369587 0.0642718 0.00337165 0.997927 35.0518 
0.997828 -0.00619689 -0.0655736 -2.41269 0.00610163 0.99998 -0.00165163 -0.381718 0.0655826 0.00124785 0.997846 36.0522 
0.997772 -0.00627509 -0.0664181 -2.49949 0.00625724 0.99998 -0.000475516 -0.397585 0.0664199 5.87756e-05 0.997792 37.0501 
0.997731 -0.00472146 -0.0671529 -2.5866 0.00485967 0.999986 0.00189616 -0.407456 0.0671431 -0.00221829 0.997741 38.0265 
0.997734 -0.00472475 -0.0671156 -2.659 0.00505437 0.999976 0.0047435 -0.416326 0.0670917 -0.00507206 0.997734 39.0168 
0.997722 0.00117329 -0.0674546 -2.75842 -0.000706408 0.999976 0.00694606 -0.421088 0.0674612 -0.00688267 0.997698 40.0179 
0.997732 0.00107554 -0.0673069 -2.8514 -0.00065458 0.99998 0.00627723 -0.42891 0.0673124 -0.00621902 0.997712 41.0009 
0.997758 0.00139966 -0.066913 -2.93333 -0.00110862 0.99999 0.00438777 -0.434572 0.0669185 -0.00430383 0.997749 41.9951 
0.997745 0.00339872 -0.0670286 -3.01681 -0.00325262 0.999992 0.00228991 -0.447042 0.0670359 -0.00206681 0.997748 42.9847 
0.997703 0.0026705 -0.0676896 -3.09873 -0.00249577 0.999993 0.00266701 -0.462675 0.0676964 -0.00249204 0.997703 43.9754 
0.997607 0.000862197 -0.0691292 -3.17508 -0.000604079 0.999993 0.00375584 -0.468739 0.069132 -0.00370518 0.997601 44.96 
0.997548 0.00173225 -0.0699619 -3.25518 -0.00139549 0.999987 0.00486326 -0.483397 0.0699695 -0.00475379 0.997538 45.9476 
0.997508 0.00391059 -0.0704445 -3.33447 -0.00385037 0.999992 0.000991884 -0.491301 0.0704479 -0.000718262 0.997515 46.9256 
0.997456 0.00461168 -0.0711292 -3.42449 -0.00485403 0.999983 -0.00323355 -0.500108 0.0711132 0.0035705 0.997462 47.8924 
0.997416 0.00544015 -0.0716289 -3.51483 -0.00576752 0.999974 -0.0043632 -0.514789 0.0716033 0.00476496 0.997422 48.8601 
0.997392 0.00438135 -0.0720366 -3.59111 -0.00446521 0.999989 -0.00100196 -0.529249 0.0720315 0.00132092 0.997401 49.8396 
0.99739 0.00252212 -0.072153 -3.67034 -0.00237222 0.999995 0.00216436 -0.541873 0.0721582 -0.00198763 0.997391 50.8166 
0.997393 0.000520225 -0.0721645 -3.75541 -0.000325944 0.999996 0.00270507 -0.554444 0.0721657 -0.00267458 0.997389 51.7767 
0.997381 -0.00239145 -0.0722864 -3.83335 0.00250993 0.999996 0.00154931 -0.567635 0.0722825 -0.00172677 0.997383 52.7393 
0.99732 -0.00530735 -0.0729745 -3.90498 0.00533842 0.999986 0.000231814 -0.580948 0.0729723 -0.000620848 0.997334 53.6945 
0.99724 -0.00703307 -0.0739045 -3.99326 0.00717471 0.999973 0.00165236 -0.595941 0.073891 -0.00217813 0.997264 54.6418 
0.997104 -0.0103078 -0.0753524 -4.06503 0.0107652 0.999926 0.00566847 -0.601673 0.0752885 -0.00646333 0.997141 55.5941 
0.997025 -0.0115113 -0.0762096 -4.14715 0.0123682 0.999865 0.010783 -0.609311 0.0760753 -0.0116936 0.997033 56.5509 
0.996992 -0.00950795 -0.0769235 -4.23292 0.0105077 0.999865 0.0126031 -0.609305 0.0767934 -0.0133735 0.996957 57.5127 
0.996913 -0.00831514 -0.0780749 -4.32543 0.00901692 0.999922 0.00864141 -0.616774 0.077997 -0.00931881 0.99691 58.4401 
0.996793 -0.00692348 -0.0797253 -4.40876 0.00701082 0.999975 0.000816718 -0.622279 0.0797177 -0.00137313 0.996816 59.3643 
0.996741 -0.00521907 -0.0805031 -4.49724 0.00489124 0.999979 -0.00426782 -0.629238 0.0805237 0.00386007 0.996745 60.2711 
0.996698 -0.000537336 -0.081195 -4.59067 0.000268219 0.999994 -0.00332432 -0.645982 0.0811964 0.00329148 0.996693 61.1765 
0.996611 0.00234485 -0.0822284 -4.68412 -0.00244733 0.999996 -0.0011446 -0.661283 0.0822255 0.00134188 0.996613 62.0749 
0.996528 0.00507292 -0.0831017 -4.7749 -0.00504617 0.999987 0.000532891 -0.679171 0.0831034 -0.000111783 0.996541 62.9572 
0.996433 0.00535742 -0.084221 -4.86153 -0.00534121 0.999986 0.000418773 -0.692437 0.0842221 3.24767e-05 0.996447 63.827 
0.996243 0.00721693 -0.0862959 -4.94402 -0.00714109 0.999974 0.00118841 -0.706676 0.0863023 -0.000567783 0.996269 64.6837 
0.99615 0.00829967 -0.0872678 -5.03524 -0.00813509 0.999964 0.00224237 -0.731085 0.0872834 -0.0015239 0.996182 65.5007 
0.996039 0.00834505 -0.0885214 -5.12168 -0.00812368 0.999963 0.00286163 -0.745848 0.088542 -0.00213126 0.99607 66.3207 
0.995917 0.00856271 -0.0898612 -5.20411 -0.00825724 0.999959 0.00377148 -0.754208 0.0898899 -0.00301416 0.995947 67.1356 
0.995752 0.011123 -0.0913996 -5.29287 -0.0105957 0.999924 0.00625338 -0.761682 0.0914624 -0.00525846 0.995795 67.937 
0.995647 0.0127275 -0.0923335 -5.38496 -0.0118278 0.999877 0.0102856 -0.768859 0.0924532 -0.00914878 0.995675 68.7249 
0.995433 0.0159274 -0.094128 -5.47053 -0.0148574 0.999817 0.0120583 -0.779689 0.0943029 -0.0106049 0.995487 69.5013 
0.995277 0.018786 -0.0952355 -5.56021 -0.018108 0.999804 0.00797933 -0.79041 0.0953669 -0.00621721 0.995423 70.2509 
0.995144 0.0187703 -0.0966223 -5.64324 -0.0187925 0.999823 0.000680551 -0.800906 0.0966181 0.00113844 0.995321 70.9812 
0.995022 0.0181928 -0.0979805 -5.72804 -0.018763 0.999812 -0.00490069 -0.811358 0.097873 0.00671462 0.995176 71.6854 
0.994955 0.0191501 -0.0984717 -5.80788 -0.0198526 0.999784 -0.00615869 -0.819967 0.0983325 0.00808246 0.995121 72.3816 
0.994841 0.0218319 -0.0990702 -5.90227 -0.02223 0.999749 -0.00291597 -0.830036 0.0989817 0.00510318 0.995076 73.0603 
0.994688 0.0218802 -0.100584 -5.97635 -0.0220361 0.999757 -0.000437667 -0.850653 0.10055 0.00265172 0.994928 73.7242 
0.994629 0.0187265 -0.1018 -6.04153 -0.0192018 0.999809 -0.00369011 -0.866537 0.101711 0.00562495 0.994798 74.3629 
0.994729 0.0107123 -0.101973 -6.09994 -0.0116777 0.999892 -0.00887341 -0.879166 0.101867 0.0100174 0.994748 74.9829 
0.994908 0.00644067 -0.100584 -6.17652 -0.00789366 0.99987 -0.0140535 -0.88491 0.10048 0.0147758 0.994829 75.5895 
0.995167 0.00868191 -0.0978073 -6.23721 -0.0101444 0.999844 -0.0144642 -0.895771 0.0976665 0.0153864 0.9951 76.1776 
0.995537 0.0139366 -0.0933409 -6.31416 -0.0150702 0.999821 -0.0114503 -0.910958 0.0931647 0.0128058 0.995568 76.7488 
0.995969 0.0123297 -0.0888416 -6.36452 -0.0131276 0.999878 -0.00840213 -0.926009 0.0887273 0.00953446 0.99601 77.3045 
0.99652 0.00882067 -0.082888 -6.41449 -0.00922605 0.999947 -0.00450797 -0.935564 0.082844 0.00525692 0.996549 77.8538 
0.997162 0.00448383 -0.0751493 -6.44045 -0.00456629 0.999989 -0.000924479 -0.949254 0.0751444 0.00126492 0.997172 78.3847 
0.997876 0.00801119 -0.0646408 -6.47373 -0.00810355 0.999966 -0.00116554 -0.961206 0.0646294 0.0016868 0.997908 78.9012 
0.998686 0.0134021 -0.0494709 -6.50683 -0.0135005 0.999907 -0.0016527 -0.97219 0.0494442 0.00231832 0.998774 79.4062 
0.999343 0.0185852 -0.0311262 -6.52618 -0.0186436 0.999825 -0.00158367 -0.976202 0.0310914 0.00216285 0.999514 79.8833 
0.999814 0.0170207 -0.00901329 -6.52146 -0.0170332 0.999854 -0.00129958 -0.98026 0.00898994 0.00145278 0.999958 80.3646 
0.999755 0.0136656 0.0174123 -6.49949 -0.013662 0.999907 -0.000328233 -0.99191 -0.0174151 9.01831e-05 0.999848 80.8281 
0.998806 0.0125468 0.0472188 -6.46417 -0.0126152 0.99992 0.00114986 -1.00104 -0.0472005 -0.00174424 0.998884 81.2827 
0.996696 0.012045 0.0803201 -6.412 -0.0122727 0.999922 0.00234059 -1.00844 -0.0802855 -0.00331869 0.996766 81.729 
0.992942 0.0121581 0.117979 -6.34181 -0.0125825 0.999917 0.00285216 -1.01764 -0.117934 -0.00431658 0.993012 82.1627 
0.987063 0.0124613 0.15985 -6.25443 -0.0130051 0.999913 0.00235524 -1.02061 -0.159807 -0.00440371 0.987138 82.59 
0.978672 0.0125043 0.205047 -6.14433 -0.0132351 0.99991 0.00219216 -1.02859 -0.205001 -0.0048593 0.97875 83.0016 
0.967117 0.0146829 0.253906 -6.01372 -0.0151896 0.999885 3.45873e-05 -1.04151 -0.253876 -0.00389025 0.967229 83.3937 
0.951574 0.0153161 0.307037 -5.86393 -0.0152296 0.99988 -0.00267806 -1.05587 -0.307042 -0.00212776 0.951694 83.7654 
0.931672 0.0157061 0.362961 -5.6958 -0.0148325 0.999876 -0.00519391 -1.06229 -0.362998 -0.000544674 0.93179 84.121 
0.907311 0.0166847 0.420128 -5.50564 -0.0149108 0.999861 -0.00750651 -1.0656 -0.420195 0.00054621 0.907434 84.4596 
0.878151 0.0162737 0.478106 -5.29279 -0.0135114 0.999866 -0.00921667 -1.07817 -0.478192 0.00163369 0.878254 84.7785 
0.844512 0.0149042 0.53533 -5.05618 -0.0101318 0.999878 -0.0118545 -1.08233 -0.535441 0.00458738 0.84456 85.0763 
0.807562 0.0143621 0.589608 -4.80389 -0.00849741 0.999883 -0.0127175 -1.09768 -0.589722 0.00525998 0.807589 85.352 
0.767262 0.0133029 0.641196 -4.53995 -0.00733271 0.999901 -0.0119707 -1.10725 -0.641292 0.00448289 0.767284 85.6137 
0.723674 0.0131989 0.690016 -4.26376 -0.0086199 0.999912 -0.0100865 -1.11409 -0.690088 0.00135144 0.723724 85.8636 
0.677476 0.012062 0.735446 -3.97015 -0.00745207 0.999927 -0.00953519 -1.1243 -0.735507 0.00097922 0.677516 86.0954 
0.629991 0.0107477 0.776528 -3.66208 -0.00373266 0.999935 -0.0108117 -1.13234 -0.776594 0.00391269 0.629989 86.3019 
0.582366 0.00832617 0.812884 -3.3404 0.00201881 0.99993 -0.0116885 -1.14255 -0.812924 0.008448 0.582308 86.4836 
0.534812 0.0103503 0.844908 -3.01835 0.000176803 0.999923 -0.0123613 -1.15553 -0.844971 0.00676033 0.534769 86.6534 
0.486726 0.0132168 0.873455 -2.68943 -0.00317048 0.999906 -0.0133636 -1.16581 -0.873549 0.0037351 0.486722 86.8104 
0.440708 0.0153395 0.897519 -2.35481 -0.00357499 0.999876 -0.0153336 -1.17731 -0.897643 0.00354898 0.440708 86.944 
0.397901 0.0126989 0.91734 -2.00692 0.00379998 0.999873 -0.0154898 -1.1866 -0.91742 0.00964927 0.397803 87.054 
0.358179 0.00517134 0.933639 -1.64498 0.0191787 0.999733 -0.0128952 -1.1915 -0.933456 0.0225248 0.357984 87.1414 
0.32254 0.00147958 0.946555 -1.28627 0.0236571 0.999674 -0.00962389 -1.19617 -0.94626 0.0254968 0.322399 87.2295 
0.288943 0.00572094 0.957329 -0.927476 0.0211822 0.999699 -0.0123675 -1.20404 -0.957112 0.0238518 0.288735 87.325 
0.257902 0.0134505 0.966077 -0.57023 0.0105877 0.999804 -0.0167466 -1.22154 -0.966113 0.0145475 0.257709 87.419 
0.229483 0.0177439 0.973151 -0.191126 0.00666703 0.999782 -0.0198017 -1.23906 -0.97329 0.0110322 0.229315 87.5018 
0.203522 0.019445 0.978877 0.197662 0.00834863 0.999732 -0.0215951 -1.25318 -0.979035 0.0125674 0.203305 87.5678 
0.180151 0.0210174 0.983414 0.601822 0.0158965 0.999579 -0.024275 -1.26357 -0.98351 0.020006 0.179741 87.619 
0.159922 0.0274963 0.986747 1.01005 0.0229842 0.999237 -0.0315695 -1.26491 -0.986862 0.0277283 0.159168 87.6598 
0.140126 0.0345781 0.98953 1.42974 0.0255505 0.998931 -0.0385249 -1.26525 -0.989804 0.0306813 0.139093 87.709 
0.121947 0.0352984 0.991909 1.86958 0.0217044 0.999034 -0.0382204 -1.28256 -0.992299 0.0261896 0.121063 87.769 
0.106392 0.0306972 0.99385 2.33738 0.0190868 0.999276 -0.0329081 -1.30759 -0.994141 0.0224706 0.105729 87.8221 
0.0919059 0.0275268 0.995387 2.80258 0.0204264 0.999355 -0.0295226 -1.329 -0.995558 0.0230454 0.0912844 87.8662 
0.0787492 0.0247866 0.996586 3.27784 0.023474 0.999367 -0.0267107 -1.34972 -0.996618 0.0254973 0.0781176 87.8935 
0.0671893 0.0240407 0.99745 3.76874 0.0262013 0.999322 -0.0258508 -1.36428 -0.997396 0.0278714 0.0665139 87.9218 
0.0571247 0.0246339 0.998063 4.27871 0.0295201 0.999217 -0.026352 -1.37972 -0.99793 0.0309682 0.0563527 87.946 
0.0493875 0.025282 0.99846 4.8035 0.0313479 0.999148 -0.0268501 -1.39776 -0.998288 0.0326257 0.0485529 87.9659 
0.0436125 0.0255237 0.998722 5.35213 0.0331175 0.999087 -0.0269792 -1.41417 -0.998499 0.0342518 0.0427274 87.9935 
0.0380104 0.0266548 0.998922 5.90106 0.0348324 0.999001 -0.0279825 -1.43622 -0.99867 0.0358585 0.037044 88.0174 
0.032061 0.0271095 0.999118 6.47756 0.0351225 0.998984 -0.028233 -1.45986 -0.998869 0.0359967 0.0310763 88.0399 
0.0279128 0.0270918 0.999243 7.07836 0.0379376 0.998884 -0.0281418 -1.47927 -0.99889 0.0386944 0.0268538 88.0501 
0.0250539 0.0269719 0.999322 7.69987 0.0394192 0.998832 -0.0279471 -1.49914 -0.998909 0.0400926 0.0239614 88.0654 
0.0220333 0.0266421 0.999402 8.34184 0.0402302 0.998811 -0.0275133 -1.52176 -0.998947 0.0408124 0.0209353 88.0877 
0.0193061 0.0259229 0.999477 8.98766 0.042097 0.998756 -0.0267174 -1.54439 -0.998927 0.0425909 0.0181909 88.1121 
0.0189187 0.0258102 0.999488 9.65492 0.0468273 0.998547 -0.0266723 -1.56321 -0.998724 0.0473079 0.0176826 88.122 
0.0199115 0.0253462 0.99948 10.3542 0.0505071 0.998377 -0.0263245 -1.5894 -0.998525 0.051005 0.0185991 88.1412 
0.0220372 0.0254238 0.999434 11.0591 0.0517961 0.998305 -0.0265372 -1.60886 -0.998414 0.0523516 0.020683 88.1685 
0.0255589 0.0254884 0.999348 11.7881 0.0543447 0.998161 -0.0268481 -1.63262 -0.998195 0.0549955 0.0241268 88.2063 
0.0301005 0.0252218 0.999229 12.5242 0.0545935 0.998148 -0.0268392 -1.65331 -0.998055 0.0553592 0.0286678 88.2357 
0.0339203 0.0236178 0.999145 13.2781 0.0560174 0.998104 -0.025495 -1.67584 -0.997853 0.0568343 0.032533 88.2754 
0.0376724 0.0220849 0.999046 14.0459 0.0557232 0.998154 -0.0241665 -1.70224 -0.997735 0.0565805 0.0363722 88.3205 
0.041733 0.0200427 0.998928 14.8375 0.0526521 0.998365 -0.0222312 -1.72445 -0.99774 0.0535235 0.0406095 88.373 
0.0458441 0.0192927 0.998762 15.6388 0.0515852 0.998434 -0.0216542 -1.74558 -0.997616 0.052514 0.0447771 88.4242 
0.0500893 0.0200479 0.998543 16.4435 0.0489592 0.998547 -0.022504 -1.7744 -0.997544 0.0500151 0.049035 88.4774 
0.0532961 0.0241874 0.998286 17.256 0.0470991 0.998533 -0.026708 -1.8033 -0.997467 0.0484418 0.0520787 88.5334 
0.0546163 0.0295695 0.998069 18.0631 0.0414433 0.998633 -0.0318541 -1.83499 -0.997647 0.043103 0.0533161 88.6009 
0.0543313 0.0328186 0.997983 18.875 0.0387199 0.998639 -0.0349482 -1.86417 -0.997772 0.0405406 0.0529866 88.6615 
0.0545567 0.0328598 0.99797 19.698 0.0362963 0.998732 -0.0348692 -1.89177 -0.997851 0.038125 0.0532948 88.7212 
0.0549584 0.0306709 0.998017 20.5254 0.0336753 0.998902 -0.0325526 -1.93734 -0.997921 0.0353976 0.0538652 88.773 
0.0548418 0.0297653 0.998051 21.3568 0.0345203 0.998901 -0.0316876 -1.96974 -0.997898 0.0361909 0.053754 88.8299 
0.0550216 0.029097 0.998061 22.1779 0.0319041 0.999014 -0.0308837 -2.00769 -0.997975 0.0335416 0.0540391 88.8938 
0.055047 0.0292105 0.998056 22.9945 0.0305684 0.999054 -0.0309257 -2.04845 -0.998016 0.0322114 0.0541021 88.9543 
0.0547948 0.0302729 0.998039 23.8133 0.0273466 0.99912 -0.0318072 -2.07907 -0.998123 0.0290358 0.0539187 89.0198 
0.0534198 0.0315933 0.998072 24.6292 0.0249431 0.999145 -0.0329624 -2.1141 -0.99826 0.0266559 0.0525861 89.0866 
0.0509247 0.0316192 0.998202 25.4488 0.0221051 0.999218 -0.0327792 -2.14425 -0.998458 0.0237346 0.0501859 89.1366 
0.0468517 0.0306413 0.998432 26.2778 0.0192513 0.999316 -0.0315719 -2.17496 -0.998716 0.0207003 0.0462298 89.1882 
0.0420615 0.0281258 0.998719 27.0924 0.017816 0.999424 -0.028896 -2.21365 -0.998956 0.0190086 0.0415361 89.2361 
0.0355275 0.0261787 0.999026 27.9048 0.0157586 0.999518 -0.0267521 -2.24959 -0.999244 0.0166937 0.0350978 89.2802 
0.02821 0.0264606 0.999252 28.7179 0.0153335 0.99952 -0.0269007 -2.27974 -0.999484 0.0160809 0.0277907 89.3075 
0.0195295 0.0272974 0.999436 29.5174 0.0150125 0.999506 -0.0275928 -2.31405 -0.999696 0.0155429 0.0191101 89.3329 
0.00949075 0.0277569 0.99957 30.3224 0.0154826 0.999491 -0.0279018 -2.34554 -0.999835 0.0157408 0.00905617 89.3476 
-0.000462057 0.0270105 0.999635 31.1189 0.0168658 0.999493 -0.026999 -2.37784 -0.999858 0.0168472 -0.000917378 89.35 
-0.0112942 0.0256461 0.999607 31.9019 0.0162545 0.999544 -0.0254609 -2.41878 -0.999804 0.0159606 -0.0117059 89.3529 
-0.0222695 0.0248463 0.999443 32.6903 0.0176607 0.999545 -0.0244554 -2.44863 -0.999596 0.0171062 -0.0226981 89.3371 
-0.0331861 0.0252206 0.999131 33.4687 0.0183681 0.999528 -0.0246206 -2.48518 -0.99928 0.0175351 -0.0336337 89.3174 
-0.0441187 0.0258695 0.998691 34.2419 0.0188502 0.999508 -0.025058 -2.51721 -0.998848 0.01772 -0.0445846 89.2857 
-0.0547624 0.0270127 0.998134 35.013 0.0188241 0.999484 -0.0260166 -2.54613 -0.998322 0.0173643 -0.0552426 89.25 
-0.0651931 0.0282182 0.997474 35.7862 0.0199591 0.999437 -0.0269694 -2.57541 -0.997673 0.0181504 -0.0657196 89.2086 
-0.0745916 0.0289057 0.996795 36.546 0.0207886 0.999408 -0.0274259 -2.60569 -0.996997 0.0186762 -0.0751483 89.157 
-0.0842834 0.0296311 0.996001 37.2936 0.0213379 0.999382 -0.0279261 -2.63633 -0.996213 0.0188989 -0.0848636 89.0987 
-0.0934933 0.0297397 0.995176 38.0422 0.0223668 0.999364 -0.0277637 -2.67173 -0.995369 0.0196631 -0.094099 89.0333 
-0.10241 0.0291342 0.994315 38.7749 0.023349 0.999366 -0.0268774 -2.70234 -0.994468 0.0204638 -0.103025 88.9695 
-0.1093 0.0278514 0.993618 39.5052 0.0253037 0.999361 -0.025229 -2.73595 -0.993687 0.0223847 -0.109935 88.8866 
-0.114461 0.0263937 0.993077 40.2268 0.0285714 0.999321 -0.0232666 -2.76463 -0.993017 0.0257105 -0.115137 88.8058 
-0.118305 0.0251072 0.99266 40.9397 0.0315088 0.999272 -0.0215193 -2.78841 -0.992477 0.0287317 -0.11901 88.7275 
-0.120804 0.0242969 0.992379 41.6457 0.033024 0.999245 -0.020445 -2.80873 -0.992127 0.0303024 -0.121516 88.6465 
-0.122573 0.0236009 0.992179 42.3429 0.0336136 0.999242 -0.0196163 -2.83136 -0.99189 0.0309463 -0.123273 88.5673 
-0.123451 0.0236793 0.992068 43.0015 0.0343168 0.999219 -0.0195797 -2.86412 -0.991757 0.0316275 -0.124168 88.4973 
-0.122897 0.024765 0.99211 43.6568 0.0355169 0.999158 -0.0205414 -2.88834 -0.991784 0.0327122 -0.123674 88.432 
-0.120217 0.0266267 0.99239 44.3111 0.0362074 0.999093 -0.0224205 -2.90779 -0.992087 0.0332365 -0.121072 88.365 
-0.115308 0.0272257 0.992956 44.9289 0.0363409 0.999071 -0.0231733 -2.93492 -0.992665 0.0334129 -0.116191 88.3085 
-0.107561 0.0279198 0.993806 45.528 0.0354027 0.999079 -0.0242364 -2.95855 -0.993568 0.0325766 -0.10845 88.2583 
-0.0968321 0.0281658 0.994902 46.1105 0.0342744 0.999101 -0.0249489 -2.98382 -0.99471 0.0316838 -0.0977104 88.2211 
-0.0829505 0.0284389 0.996148 46.6787 0.033474 0.999108 -0.025736 -3.00847 -0.995991 0.0312102 -0.0838285 88.1872 
-0.0657021 0.0296156 0.9974 47.2246 0.0325759 0.99909 -0.02752 -3.0361 -0.997307 0.030683 -0.0666071 88.1655 
-0.044059 0.03201 0.998516 47.7606 0.0309232 0.999051 -0.0306627 -3.06632 -0.99855 0.0295263 -0.0450071 88.1592 
-0.0194682 0.0349104 0.999201 48.2918 0.0288414 0.998994 -0.0343414 -3.09038 -0.999394 0.0281498 -0.0204555 88.1688 
0.00892734 0.0361538 0.999306 48.8134 0.0263273 0.998991 -0.0363776 -3.121 -0.999613 0.0266338 0.0079665 88.199 
0.0425204 0.0358428 0.998452 49.3381 0.0241084 0.999028 -0.0368902 -3.14267 -0.998805 0.0256397 0.0416149 88.2424 
0.0810133 0.033447 0.996152 49.8591 0.0230372 0.999107 -0.0354199 -3.16557 -0.996447 0.025818 0.0801704 88.3108 
0.123832 0.0296285 0.991861 50.3648 0.0208541 0.999256 -0.032453 -3.19433 -0.992084 0.024703 0.123122 88.3908 
0.169848 0.025043 0.985152 50.8733 0.0177782 0.999436 -0.0284713 -3.2214 -0.98531 0.02235 0.169307 88.5009 
0.21957 0.0218253 0.975352 51.361 0.0133069 0.99959 -0.0253634 -3.24314 -0.975506 0.0185479 0.21919 88.631 
0.272388 0.0205415 0.961968 51.8359 0.00932651 0.999669 -0.0239875 -3.26048 -0.962142 0.0155057 0.272106 88.7865 
0.32821 0.0204768 0.944383 52.3069 0.00836502 0.999663 -0.0245827 -3.27531 -0.944568 0.0159681 0.327928 88.9787 
0.387439 0.0209102 0.921658 52.7632 0.0103522 0.999581 -0.0270299 -3.29129 -0.921837 0.0200137 0.38706 89.1915 
0.447576 0.0243593 0.893914 53.1897 0.0100026 0.99943 -0.0322429 -3.31164 -0.89419 0.0233726 0.447077 89.4464 
0.507202 0.0274957 0.861388 53.5881 0.0105973 0.999216 -0.0381351 -3.33373 -0.861762 0.0284705 0.506513 89.7261 
0.565556 0.0317753 0.824097 53.9564 0.00578578 0.99908 -0.0424929 -3.353 -0.824689 0.0288002 0.564852 90.0305 
0.621334 0.0346407 0.78278 54.3056 0.00113428 0.998981 -0.0451089 -3.37085 -0.783545 0.0289155 0.620661 90.3685 
0.674354 0.0360853 0.737526 54.628 -0.00176691 0.998881 -0.0472574 -3.38881 -0.738406 0.030565 0.673663 90.7222 
0.723184 0.0344186 0.689798 54.8948 -0.00301922 0.998905 -0.0466769 -3.41263 -0.690649 0.0316733 0.722496 91.0633 
0.768725 0.0301744 0.638868 55.1694 -0.00529525 0.999152 -0.0408197 -3.43668 -0.639558 0.0279961 0.768233 91.4599 
0.809961 0.0260903 0.585903 55.4046 -0.0072553 0.999379 -0.0344728 -3.45109 -0.586438 0.0236707 0.809648 91.8772 
0.846559 0.0242228 0.531743 55.6151 -0.0109154 0.999544 -0.028155 -3.46914 -0.532183 0.0180306 0.846437 92.3009 
0.877688 0.0202806 0.478803 55.7955 -0.0119116 0.999719 -0.02051 -3.48636 -0.479084 0.012298 0.877683 92.7402 
0.90332 0.0209972 0.428454 55.9484 -0.0161901 0.999758 -0.0148614 -3.50459 -0.428662 0.0064878 0.903441 93.1857 
0.923524 0.0233538 0.382829 56.0857 -0.020487 0.999723 -0.0115645 -3.51827 -0.382993 0.00283702 0.923747 93.6346 
0.938805 0.029737 0.343164 56.2027 -0.0283578 0.999557 -0.0090378 -3.52862 -0.343281 -0.00124673 0.939232 94.1012 
0.950762 0.0342174 0.308026 56.3148 -0.0328033 0.999414 -0.00976971 -3.5376 -0.30818 -0.000815667 0.951328 94.5715 
0.960101 0.0367375 0.27723 56.4224 -0.0354255 0.999325 -0.00974181 -3.54253 -0.2774 -0.000467949 0.960754 95.0463 
0.966416 0.0307976 0.255132 56.5347 -0.0294248 0.999525 -0.0091972 -3.55176 -0.255294 0.00138105 0.966862 95.5227 
0.970498 0.0276705 0.239515 56.6395 -0.0264123 0.999615 -0.00846229 -3.56331 -0.239657 0.00188642 0.970856 96.0092 
0.973391 0.0319309 0.226915 56.7324 -0.0307768 0.999489 -0.00862339 -3.57335 -0.227075 0.00141014 0.973876 96.5039 
0.97526 0.0377617 0.217811 56.8107 -0.0368161 0.999287 -0.00839971 -3.57533 -0.217973 0.000172872 0.975955 97.0235 
0.976285 0.0452982 0.211699 56.9019 -0.0442161 0.998973 -0.00984575 -3.58033 -0.211927 0.000251695 0.977285 97.5467 
0.976641 0.0507596 0.208798 56.9921 -0.0490293 0.998707 -0.013458 -3.59042 -0.209211 0.00290638 0.977866 98.0671 
0.976705 0.0521842 0.208143 57.0894 -0.0499565 0.998624 -0.015949 -3.60611 -0.208689 0.00517924 0.977968 98.6103 
0.976193 0.0506472 0.210909 57.1977 -0.0475641 0.998674 -0.0196692 -3.61657 -0.211626 0.0091691 0.977308 99.1521 
0.9754 0.049527 0.214808 57.3178 -0.0449191 0.998645 -0.0262837 -3.62677 -0.215818 0.0159881 0.976303 99.7003 
0.974468 0.0499256 0.218906 57.4365 -0.0442325 0.998545 -0.0308348 -3.64208 -0.220127 0.0203647 0.975259 100.269 
0.973296 0.0544045 0.223013 57.5614 -0.0487554 0.998337 -0.0307636 -3.65655 -0.224315 0.019069 0.97433 100.845 
0.971777 0.0574187 0.228805 57.6841 -0.0525992 0.998248 -0.0271125 -3.67282 -0.229961 0.0143122 0.973095 101.445 
0.970815 0.0543632 0.233588 57.8242 -0.0504735 0.99847 -0.0226028 -3.69116 -0.234459 0.010153 0.972073 102.045 
0.970121 0.050097 0.237393 57.9739 -0.0474123 0.99873 -0.0170088 -3.70933 -0.237944 0.00524521 0.971265 102.662 
0.969304 0.0474348 0.241245 58.1211 -0.0457754 0.998874 -0.0124819 -3.72326 -0.241566 0.00105559 0.970384 103.298 
0.968765 0.0427744 0.244263 58.2738 -0.0410678 0.999083 -0.0120782 -3.73429 -0.244556 0.00166949 0.969634 103.936 
0.968846 0.0391458 0.244551 58.4317 -0.0365646 0.999217 -0.0150882 -3.74876 -0.24495 0.00567618 0.969519 104.578 
0.969036 0.0383846 0.243919 58.5916 -0.0340588 0.999179 -0.0219293 -3.76999 -0.24456 0.0129426 0.969548 105.224 
0.969159 0.0402663 0.243125 58.7424 -0.0342927 0.998998 -0.0287547 -3.78534 -0.244039 0.0195304 0.969569 105.893 
0.969676 0.0429458 0.24059 58.8902 -0.0360993 0.99881 -0.0327952 -3.79876 -0.241712 0.0231155 0.970073 106.57 
0.97031 0.0409502 0.238374 59.0427 -0.0351523 0.998975 -0.0285255 -3.8217 -0.239298 0.0192992 0.970754 107.269 
0.970824 0.0368101 0.236953 59.214 -0.0327907 0.999244 -0.0208834 -3.84449 -0.237542 0.0125042 0.971297 107.976 
0.971329 0.0373747 0.234783 59.3721 -0.0348016 0.99928 -0.0150952 -3.86729 -0.235178 0.00649151 0.97193 108.705 
0.971694 0.0409484 0.232665 59.5335 -0.0382828 0.999139 -0.0159634 -3.88622 -0.233119 0.00660436 0.972426 109.433 
0.97191 0.046682 0.230675 59.68 -0.0430898 0.998859 -0.0205893 -3.90398 -0.231372 0.0100711 0.972813 110.166 
0.972803 0.0472966 0.226756 59.8384 -0.0425432 0.998761 -0.0258075 -3.92294 -0.227695 0.0154586 0.97361 110.914 
0.973806 0.0458642 0.222706 60.003 -0.0405381 0.998773 -0.028431 -3.94836 -0.223737 0.0186581 0.974471 111.678 
0.974733 0.0435302 0.219092 60.1581 -0.0385705 0.998895 -0.0268664 -3.97503 -0.220019 0.017737 0.975334 112.451 
0.975763 0.039125 0.215304 60.3289 -0.0345548 0.999091 -0.0249521 -3.99942 -0.216084 0.0169074 0.976228 113.24 
0.97619 0.0382104 0.213524 60.4924 -0.034239 0.999165 -0.0222683 -4.02745 -0.214197 0.0144272 0.976684 114.035 
0.976629 0.0346954 0.212114 60.6595 -0.0311676 0.999315 -0.0199544 -4.05077 -0.212661 0.0128769 0.977041 114.845 
0.976843 0.0293879 0.211928 60.8261 -0.0260065 0.999486 -0.018726 -4.07386 -0.212369 0.0127808 0.977106 115.662 
0.976964 0.0300051 0.211285 60.9888 -0.0269209 0.999485 -0.0174597 -4.09443 -0.2117 0.0113695 0.977268 116.474 
0.976688 0.03563 0.211688 61.1434 -0.0322931 0.999294 -0.0192014 -4.12395 -0.212222 0.0119176 0.977149 117.289 
0.97639 0.0412953 0.212031 61.3054 -0.0373757 0.999049 -0.022463 -4.15021 -0.212757 0.0140077 0.977005 118.107 
0.975699 0.0503043 0.213261 61.4566 -0.0461889 0.998638 -0.02424 -4.17104 -0.21419 0.0138007 0.976695 118.937 
0.974714 0.0561911 0.216277 61.6178 -0.0522797 0.998349 -0.0237688 -4.19691 -0.217256 0.0118608 0.976043 119.775 
0.973885 0.0590986 0.219214 61.7849 -0.0556437 0.99821 -0.0219071 -4.22328 -0.220116 0.009137 0.975431 120.613 
0.973341 0.0593415 0.221554 61.9639 -0.0557043 0.998191 -0.0226354 -4.25396 -0.222496 0.00969034 0.974885 121.461 
0.972927 0.0578106 0.223763 62.1353 -0.0534736 0.998246 -0.025399 -4.27898 -0.224839 0.0127458 0.974312 122.309 
0.973044 0.0512392 0.224855 62.3303 -0.047017 0.998603 -0.0240963 -4.30797 -0.225775 0.0128747 0.974094 123.146 
0.973384 0.0444721 0.224823 62.5233 -0.0397975 0.998888 -0.0252841 -4.34227 -0.225697 0.0156636 0.974071 123.984 
0.973095 0.0438952 0.226183 62.706 -0.0391223 0.998908 -0.0255444 -4.37486 -0.227057 0.0160083 0.97375 124.824 
0.972552 0.0464692 0.227998 62.891 -0.0423734 0.998841 -0.0228295 -4.4017 -0.228795 0.0125417 0.973394 125.676 
0.972183 0.0485074 0.229143 63.0724 -0.0457052 0.998801 -0.017524 -4.42428 -0.229718 0.00656348 0.973235 126.522 
0.971741 0.0518122 0.230291 63.2487 -0.0501547 0.998656 -0.0130496 -4.4583 -0.230657 0.00113059 0.973034 127.363 
0.971586 0.0512622 0.23107 63.4349 -0.0480264 0.998653 -0.0196108 -4.4861 -0.231764 0.00795605 0.972739 128.188 
0.971917 0.0472593 0.23053 63.6254 -0.0405281 0.998605 -0.0338503 -4.51897 -0.231808 0.0235566 0.972476 128.996 
0.972157 0.0450132 0.229965 63.8155 -0.0360843 0.998428 -0.0428884 -4.55242 -0.231534 0.0333961 0.972253 129.809 
0.972438 0.0420234 0.229342 63.995 -0.0351186 0.998801 -0.0341085 -4.57912 -0.2305 0.0251142 0.972748 130.636 
0.972855 0.0352633 0.228711 64.1782 -0.0331532 0.999365 -0.0130633 -4.61566 -0.229026 0.0051261 0.973407 131.49 
0.973193 0.0312794 0.227852 64.3654 -0.0326358 0.999465 0.00218643 -4.64818 -0.227662 -0.00956401 0.973693 132.331 
0.973225 0.0359089 0.22703 64.5404 -0.0360169 0.999344 -0.00366853 -4.66684 -0.227013 -0.00460671 0.973881 133.151 
0.973329 0.0442318 0.225109 64.7 -0.0408038 0.99897 -0.0198606 -4.6803 -0.225756 0.0101455 0.974131 133.965 
0.973647 0.0440305 0.223769 64.874 -0.0387479 0.998858 -0.0279462 -4.69654 -0.224744 0.0185391 0.974241 134.778 
0.974234 0.040176 0.221931 65.0473 -0.0346757 0.998988 -0.0286273 -4.73139 -0.222856 0.0201941 0.974642 135.592 
0.974868 0.0396998 0.219219 65.2136 -0.0346453 0.999039 -0.0268553 -4.76937 -0.220075 0.0185854 0.975306 136.414 
0.975721 0.0393545 0.215452 65.3804 -0.0341336 0.999028 -0.0279014 -4.80114 -0.21634 0.0198698 0.976116 137.214 
0.976836 0.0405708 0.210108 65.5442 -0.0351343 0.998946 -0.0295449 -4.83164 -0.211085 0.0214785 0.977232 138.014 
0.97717 0.0454737 0.207536 65.689 -0.0401904 0.998753 -0.0296057 -4.86745 -0.208624 0.0205887 0.977779 138.83 
0.977329 0.0516591 0.205328 65.8363 -0.046419 0.998464 -0.0302599 -4.89479 -0.206576 0.0200426 0.978225 139.633 
0.977664 0.0526573 0.203471 65.9873 -0.0478537 0.998449 -0.0284606 -4.92715 -0.204654 0.018088 0.978667 140.435 
0.977972 0.0507418 0.202472 66.1405 -0.0469299 0.99862 -0.0235869 -4.96173 -0.203389 0.0135653 0.979004 141.231 
0.978376 0.0492674 0.20088 66.2931 -0.0454654 0.998689 -0.0235 -4.993 -0.201775 0.0138587 0.979334 142.027 
0.978894 0.0481101 0.198623 66.4363 -0.0436803 0.998691 -0.0266273 -5.02164 -0.199643 0.0173893 0.979714 142.831 
0.980056 0.0434311 0.193919 66.5881 -0.0382704 0.998808 -0.030282 -5.05664 -0.195003 0.0222566 0.98055 143.621 
0.981497 0.0402731 0.187195 66.7339 -0.0350727 0.998903 -0.0310119 -5.09307 -0.188239 0.0238726 0.981833 144.404 
0.982749 0.0383823 0.180915 66.8691 -0.0342628 0.999079 -0.0258424 -5.11503 -0.18174 0.0191978 0.983159 145.195 
0.984038 0.0354422 0.174395 67.0053 -0.0329621 0.99931 -0.0170985 -5.14603 -0.17488 0.0110771 0.984527 145.997 
0.984725 0.0325896 0.171038 67.1362 -0.0316959 0.999466 -0.00795438 -5.16743 -0.171205 0.00241161 0.985232 146.802 
0.985204 0.0391613 0.166851 67.2462 -0.038769 0.999232 -0.00560954 -5.18312 -0.166943 -0.000942186 0.985966 147.598 
0.98587 0.041892 0.162187 67.3556 -0.0407685 0.999116 -0.0102511 -5.20458 -0.162473 0.00349407 0.986707 148.396 
0.987175 0.042231 0.153952 67.4757 -0.0395465 0.999008 -0.0204606 -5.22354 -0.154663 0.0141099 0.987866 149.196 
0.988241 0.039312 0.147765 67.5789 -0.0359277 0.999029 -0.0255044 -5.24541 -0.148624 0.0198956 0.988694 149.994 
0.989259 0.038124 0.141113 67.6801 -0.0349743 0.999082 -0.0247351 -5.26692 -0.141926 0.0195341 0.989684 150.799 
0.990066 0.044639 0.13333 67.7673 -0.0421829 0.998885 -0.0211918 -5.29583 -0.134127 0.0153569 0.990845 151.615 
0.990839 0.0503981 0.125288 67.8475 -0.0478995 0.99859 -0.022878 -5.3217 -0.126265 0.0166671 0.991856 152.427 
0.991912 0.0532289 0.115224 67.9207 -0.0502444 0.998326 -0.0286558 -5.34785 -0.116557 0.0226346 0.992926 153.231 
0.992936 0.0520022 0.106646 67.9999 -0.048993 0.998329 -0.0306479 -5.37861 -0.108061 0.0252065 0.993825 154.044 
0.993792 0.051786 0.0984664 68.0679 -0.0492639 0.998397 -0.0278783 -5.40593 -0.0997521 0.0228543 0.99475 154.866 
0.994357 0.0544248 0.09106 68.1166 -0.0527351 0.99839 -0.0208637 -5.43356 -0.0920489 0.0159439 0.995627 155.695 
0.994882 0.057532 0.0830658 68.1622 -0.056483 0.998292 -0.0149264 -5.46071 -0.0837825 0.0101581 0.996432 156.519 
0.99554 0.0565462 0.0755152 68.2099 -0.0558477 0.998375 -0.011333 -5.48397 -0.0760333 0.007065 0.99708 157.341 
0.995964 0.0573507 0.0690432 68.2527 -0.0568464 0.99834 -0.00924993 -5.50191 -0.069459 0.00528766 0.997571 158.166 
0.996302 0.0561703 0.0650185 68.2913 -0.0555701 0.998394 -0.0110053 -5.51979 -0.0655321 0.00735145 0.997823 158.99 
0.996335 0.0606451 0.0603271 68.3203 -0.0597511 0.998077 -0.0165186 -5.53916 -0.0612128 0.0128534 0.998042 159.809 
0.99613 0.0670604 0.056809 68.3392 -0.0658446 0.997564 -0.0230134 -5.56518 -0.0582138 0.0191837 0.99812 160.614 
0.996208 0.0685345 0.0535903 68.3671 -0.0672504 0.997412 -0.0254121 -5.5885 -0.0551931 0.0217117 0.99824 161.437 
0.996231 0.0702949 0.05082 68.394 -0.0693963 0.997404 -0.0192392 -5.6124 -0.0520404 0.0156398 0.998522 162.271 
0.996182 0.0721897 0.0490948 68.411 -0.0718252 0.997375 -0.00915299 -5.63129 -0.0496266 0.00559171 0.998752 163.111 
0.996243 0.0732319 0.0462202 68.4329 -0.0732382 0.997313 -0.00156219 -5.65074 -0.0462103 -0.00182884 0.99893 163.938 
0.9967 0.0701922 0.0407747 68.4589 -0.070049 0.997531 -0.00493374 -5.66792 -0.0410202 0.00206115 0.999156 164.757 
0.997695 0.0582505 0.0348136 68.4915 -0.0577868 0.998228 -0.0141832 -5.68863 -0.035578 0.0121387 0.999293 165.565 
0.998086 0.0556027 0.0270541 68.5115 -0.0551026 0.998302 -0.018894 -5.69861 -0.0280586 0.017367 0.999455 166.383 
0.998026 0.0594444 0.020233 68.5102 -0.0590928 0.998098 -0.0175568 -5.71805 -0.0212381 0.0163265 0.999641 167.214 
0.998243 0.0577443 0.0132577 68.4998 -0.0575974 0.998277 -0.011215 -5.74128 -0.0138823 0.0104316 0.999849 168.053 
0.998622 0.0521908 0.00541779 68.5029 -0.0521488 0.99861 -0.00763899 -5.75566 -0.00580886 0.00734586 0.999956 168.894 
0.999054 0.043484 -0.000121945 68.497 -0.0434842 0.999047 -0.00374051 -5.76087 -4.07371e-05 0.00374219 0.999993 169.735 
0.999197 0.0395141 -0.00658827 68.4856 -0.039539 0.999211 -0.00368167 -5.77561 0.00643768 0.00393913 0.999971 170.568 
0.999254 0.0363431 -0.0130413 68.4629 -0.0364798 0.99928 -0.010398 -5.79668 0.0126541 0.0108659 0.999861 171.405 
0.999419 0.0269659 -0.020835 68.4424 -0.0273899 0.999418 -0.0203356 -5.81802 0.0202745 0.0208944 0.999576 172.227 
0.999485 0.0168449 -0.0273127 68.4253 -0.0175174 0.999545 -0.0245701 -5.83298 0.0268864 0.0250359 0.999325 173.06 
0.999222 0.0199465 -0.0340058 68.3866 -0.0205309 0.999646 -0.0169219 -5.85573 0.0336563 0.0176068 0.999278 173.894 
0.998773 0.0307668 -0.038803 68.3187 -0.0309498 0.999512 -0.00412266 -5.87417 0.0386573 0.00531846 0.999238 174.751 
0.998423 0.0354337 -0.0435376 68.2635 -0.0352951 0.999369 0.00394899 -5.89319 0.0436502 -0.00240618 0.999044 175.598 
0.998272 0.0351214 -0.047105 68.2053 -0.0351018 0.999383 0.00124569 -5.90839 0.0471197 0.000409847 0.998889 176.438 
0.998119 0.0368915 -0.0489677 68.1434 -0.0374014 0.999255 -0.00953669 -5.91918 0.0485794 0.0113501 0.998755 177.27 
0.997505 0.0473982 -0.0523079 68.0721 -0.0484349 0.998651 -0.0187297 -5.93657 0.0513497 0.0212164 0.998455 178.101 
0.997487 0.0453346 -0.054446 68.0066 -0.0466182 0.998658 -0.0225388 -5.95267 0.0533513 0.0250202 0.998262 178.963 
0.997608 0.0395762 -0.0566792 67.9528 -0.040633 0.999019 -0.0176136 -5.97382 0.0559265 0.0198744 0.998237 179.827 
0.997638 0.0398133 -0.0559825 67.889 -0.0403687 0.999146 -0.00882228 -5.99389 0.0555835 0.0110613 0.998393 180.69 
0.997578 0.0414556 -0.0558586 67.8242 -0.0417122 0.999124 -0.00343426 -6.01221 0.0556674 0.00575584 0.998433 181.546 
0.997491 0.0417873 -0.0571353 67.7554 -0.0421134 0.999103 -0.00451471 -6.02653 0.0568954 0.00690946 0.998356 182.399 
0.997478 0.03784 -0.0600489 67.7027 -0.0387334 0.999154 -0.0137828 -6.04326 0.0594767 0.0160739 0.9981 183.247 
0.997716 0.0272943 -0.0617924 67.6428 -0.0288674 0.999278 -0.0247074 -6.07276 0.0610735 0.0264347 0.997783 184.083 
0.997772 0.0164006 -0.0646738 67.6038 -0.0182634 0.999432 -0.0283163 -6.10354 0.0641728 0.0294342 0.997505 184.933 
0.997638 0.018465 -0.0661651 67.5441 -0.0200833 0.999513 -0.0238758 -6.12863 0.0656922 0.0251481 0.997523 185.784 
0.997451 0.0239652 -0.0672087 67.4687 -0.0249165 0.9996 -0.0133498 -6.15459 0.066862 0.0149903 0.99765 186.637 
0.997339 0.0250946 -0.0684402 67.3911 -0.0258371 0.999616 -0.00998433 -6.18006 0.0681635 0.011726 0.997605 187.49 
0.997313 0.0240003 -0.0692145 67.3224 -0.0250121 0.999592 -0.0137873 -6.203 0.0688554 0.0154814 0.997506 188.331 
0.997311 0.0244326 -0.0690966 67.2547 -0.0258712 0.999465 -0.0200009 -6.22231 0.0685711 0.0217347 0.997409 189.164 
0.997107 0.0304901 -0.0696293 67.1746 -0.0320046 0.999272 -0.020738 -6.24281 0.0689464 0.0229064 0.997357 190.001 
0.997011 0.0331593 -0.0697844 67.0986 -0.0344593 0.999253 -0.0175063 -6.27226 0.0691519 0.0198586 0.997408 190.834 
0.996825 0.0373197 -0.0703335 67.0234 -0.0384237 0.999158 -0.0144082 -6.30001 0.0697366 0.0170649 0.997419 191.667 
0.996678 0.0408728 -0.0704369 66.9481 -0.0417723 0.999063 -0.0113431 -6.3245 0.0699074 0.0142477 0.997452 192.495 
0.996521 0.0433874 -0.0711609 66.873 -0.0443518 0.998943 -0.0120272 -6.34572 0.070564 0.0151414 0.997392 193.322 
0.996539 0.0416539 -0.0719383 66.8067 -0.042859 0.998964 -0.0152887 -6.3744 0.0712271 0.0183189 0.997292 194.139 
