1 -4.23778e-08 4.22719e-08 0 -4.23778e-08 1 -4.19404e-08 0 4.22719e-08 -4.19404e-08 1 0 
0.999069 -0.000756373 0.0431375 0.065648 0.000848262 0.999997 -0.00211389 -0.0500307 -0.0431357 0.00214843 0.999067 1.00493 
0.996122 -0.00534059 0.0878218 0.181847 0.00595609 0.999959 -0.00674896 -0.0735691 -0.0877821 0.00724578 0.996113 2.05869 
0.991165 -0.00513417 0.132536 0.38052 0.00656473 0.999925 -0.0103597 -0.0980073 -0.132473 0.0111382 0.991124 3.16947 
0.984085 -0.00312869 0.177669 0.58699 0.00556235 0.999897 -0.0132018 -0.113806 -0.177609 0.0139799 0.984002 4.19465 
0.97489 -0.00464032 0.222638 0.859324 0.00756863 0.999896 -0.0123018 -0.170383 -0.222558 0.0136779 0.974823 5.1879 
0.963343 -0.00630938 0.268197 1.11036 0.0104799 0.999845 -0.0141218 -0.175471 -0.268066 0.0164147 0.963261 6.30759 
0.950223 -0.00973252 0.311417 1.40398 0.0156728 0.99974 -0.0165783 -0.207506 -0.311175 0.0206338 0.950129 7.21218 
0.935366 -0.0121366 0.353472 1.77928 0.019732 0.999645 -0.0178925 -0.250169 -0.353129 0.0237107 0.935274 8.1963 
0.918083 -0.0122535 0.396199 2.18056 0.0214825 0.999591 -0.0188652 -0.266257 -0.395806 0.0258311 0.917971 9.18916 
0.898665 -0.0127147 0.438451 2.63475 0.0228164 0.999581 -0.0177785 -0.284846 -0.438041 0.0259807 0.898579 10.12 
0.877001 -0.0126004 0.480322 3.10566 0.0235407 0.999582 -0.0167601 -0.313526 -0.479911 0.0260057 0.876932 11.0115 
0.852943 -0.012445 0.521856 3.6228 0.0239607 0.999595 -0.0153246 -0.34858 -0.521454 0.025575 0.852896 11.8995 
0.826986 -0.0125333 0.562083 4.21993 0.0255367 0.999557 -0.015284 -0.37637 -0.561642 0.0269933 0.82694 12.8818 
0.79974 -0.0143429 0.600176 4.78473 0.0290553 0.999468 -0.0148315 -0.413647 -0.599643 0.0292995 0.799731 13.6553 
0.770845 -0.0129745 0.63689 5.40382 0.0293605 0.999454 -0.0151754 -0.447732 -0.636345 0.0303972 0.770805 14.4362 
0.740255 -0.016355 0.672128 6.04019 0.0342765 0.999322 -0.0134343 -0.477849 -0.671452 0.032983 0.740313 15.1561 
0.707881 -0.0151999 0.706168 6.73401 0.03422 0.999332 -0.012793 -0.507224 -0.705502 0.033221 0.707929 15.8719 
0.673349 -0.0138234 0.739195 7.49479 0.0353343 0.999284 -0.0134998 -0.533032 -0.738479 0.035209 0.673356 16.6332 
0.637848 -0.0151554 0.770013 8.27825 0.0400128 0.999108 -0.0134806 -0.560107 -0.769122 0.0394089 0.637886 17.2775 
0.601731 -0.0135199 0.798584 9.13279 0.0403714 0.999093 -0.0135053 -0.58354 -0.797678 0.0403665 0.601731 17.8907 
0.56409 -0.0128053 0.825614 9.97052 0.0438992 0.998931 -0.0145003 -0.605951 -0.824545 0.0444232 0.564049 18.4925 
0.525388 -0.0111103 0.85079 10.8165 0.0483494 0.998689 -0.0168156 -0.629529 -0.849488 0.0499699 0.525236 19.0045 
0.486655 -0.0102232 0.873534 11.7726 0.0498517 0.998627 -0.0160859 -0.672433 -0.872171 0.0513754 0.486497 19.5386 
0.448665 -0.0124139 0.893614 12.6707 0.0555794 0.998356 -0.0140364 -0.698705 -0.89197 0.0559641 0.448617 19.9861 
0.411642 -0.0127999 0.911256 13.652 0.0591008 0.998171 -0.012677 -0.718311 -0.909427 0.0590743 0.411646 20.4327 
0.376206 -0.0111796 0.926468 14.6844 0.0611929 0.998044 -0.0128051 -0.770225 -0.924513 0.0615107 0.376154 20.8993 
0.344035 -0.0120616 0.938879 15.7213 0.062414 0.998 -0.0100495 -0.782033 -0.93688 0.0620565 0.3441 21.232 
0.311984 -0.0138759 0.949986 16.7506 0.0662283 0.997779 -0.00717612 -0.794629 -0.947776 0.0651548 0.31221 21.5158 
0.279003 -0.0136255 0.960193 17.841 0.0669668 0.997741 -0.00530031 -0.815477 -0.957952 0.0657799 0.279285 21.8634 
0.246087 -0.0106071 0.96919 18.8366 0.0639818 0.997937 -0.00532396 -0.829245 -0.967134 0.0633206 0.246258 22.1516 
0.215633 -0.00927014 0.97643 20.0075 0.064948 0.997877 -0.00486934 -0.838259 -0.974312 0.0644672 0.215778 22.4122 
0.185226 -0.00904464 0.982654 21.0379 0.0671041 0.99774 -0.00346541 -0.856322 -0.980402 0.066582 0.185414 22.609 
0.154821 -0.00967234 0.987895 22.1352 0.0692432 0.997599 -0.00108441 -0.871222 -0.985513 0.0685729 0.155119 22.7699 
0.124007 -0.0102569 0.992228 23.1064 0.0673871 0.997725 0.00189168 -0.888158 -0.98999 0.0666288 0.124416 22.936 
0.0942571 -0.0105521 0.995492 24.1612 0.0680892 0.997671 0.00412819 -0.89784 -0.993217 0.0673931 0.094756 23.0561 
0.0664031 -0.0104782 0.997738 25.2487 0.0702393 0.997513 0.00580109 -0.897798 -0.995317 0.0696952 0.0669739 23.1401 
0.0399702 -0.00955377 0.999155 26.4354 0.0725716 0.997341 0.00663318 -0.893991 -0.996562 0.0722452 0.0405572 23.2366 
0.0172496 -0.00890191 0.999812 27.6583 0.0767003 0.997025 0.00755372 -0.880776 -0.996905 0.0765555 0.017881 23.2774 
-0.00328234 -0.00916225 0.999953 28.8022 0.0828007 0.996522 0.00940253 -0.877108 -0.996561 0.0828277 -0.00251228 23.2779 
-0.0217628 -0.00960045 0.999717 29.9959 0.0861837 0.996213 0.0114429 -0.867279 -0.996041 0.0864083 -0.020853 23.2658 
-0.0380312 -0.00928544 0.999233 31.2738 0.0892649 0.995927 0.0126521 -0.844473 -0.995281 0.0896776 -0.0370474 23.264 
-0.0533942 -0.00992588 0.998524 32.5292 0.090538 0.995784 0.0147399 -0.838418 -0.994461 0.0911914 -0.0522704 23.2406 
-0.0662661 -0.0110041 0.997741 33.7738 0.0912878 0.995679 0.0170443 -0.82359 -0.993617 0.0922111 -0.0649752 23.1679 
-0.0785615 -0.011128 0.996847 34.9985 0.0906681 0.995714 0.0182608 -0.810078 -0.992778 0.0918168 -0.0772158 23.1002 
-0.0902965 -0.00779546 0.995884 36.2711 0.0906943 0.99575 0.0160175 -0.783947 -0.991777 0.0917673 -0.0892057 23.025 
-0.100386 -0.00427499 0.994939 37.4908 0.0913092 0.995731 0.0134911 -0.770481 -0.99075 0.0922014 -0.0995668 22.9192 
-0.110501 -0.00169795 0.993874 38.8128 0.0919373 0.995693 0.0119228 -0.749216 -0.989615 0.0926917 -0.109869 22.8245 
-0.117946 -0.000481461 0.99302 40.154 0.0919472 0.995698 0.0114037 -0.731263 -0.988754 0.0926504 -0.117394 22.6756 
-0.124326 0.000274602 0.992241 41.5178 0.0914605 0.995746 0.0111842 -0.724914 -0.988017 0.0921414 -0.123822 22.5645 
-0.129636 0.00192943 0.99156 42.8538 0.092879 0.995625 0.0102055 -0.709399 -0.987202 0.0934181 -0.129248 22.4116 
-0.134081 0.00376729 0.990963 44.2651 0.0918171 0.995738 0.00863764 -0.685241 -0.986708 0.0921455 -0.133855 22.203 
-0.138558 0.00467656 0.990343 45.6908 0.0924576 0.995682 0.00823383 -0.680665 -0.986029 0.0927056 -0.138392 22.0473 
-0.141735 0.00411693 0.989896 47.1379 0.0918727 0.99573 0.00901322 -0.649313 -0.985632 0.0922219 -0.141508 21.8345 
-0.145089 0.00180313 0.989417 48.5898 0.0922089 0.995671 0.011707 -0.665802 -0.985113 0.0929316 -0.144627 21.7157 
-0.14772 0.00100275 0.989029 50.0033 0.0907072 0.995799 0.0125382 -0.642672 -0.984861 0.0915642 -0.14719 21.5318 
-0.149734 0.00147467 0.988725 51.5017 0.0940524 0.995485 0.0127586 -0.635653 -0.984243 0.0949024 -0.149197 21.2892 
-0.151447 0.000948022 0.988465 53.0938 0.0928623 0.99559 0.0132729 -0.634063 -0.984094 0.0938013 -0.150867 21.111 
-0.152523 0.00219003 0.988297 54.5321 0.0947647 0.995422 0.0124191 -0.634813 -0.983746 0.09555 -0.152032 20.9409 
-0.152137 0.0020138 0.988357 56.0397 0.0938711 0.995507 0.0124211 -0.638807 -0.983891 0.0946679 -0.151643 20.6977 
-0.152332 0.00341137 0.988323 57.6807 0.0936523 0.995544 0.0109985 -0.628621 -0.983882 0.0942342 -0.151973 20.523 
-0.151981 0.00317277 0.988378 59.1612 0.094066 0.995502 0.0112686 -0.629048 -0.983897 0.0946854 -0.151596 20.3493 
-0.150707 0.00228286 0.988576 60.6546 0.0929198 0.995603 0.0118663 -0.61622 -0.984202 0.0936466 -0.150256 20.1359 
-0.149854 0.00280596 0.988704 62.2063 0.0934342 0.995561 0.0113359 -0.607123 -0.984283 0.0940775 -0.149451 19.9157 
-0.148905 0.00354981 0.988845 63.7743 0.0932213 0.99559 0.0104637 -0.591649 -0.984447 0.0937395 -0.14858 19.6937 
-0.14788 0.00405506 0.988997 65.379 0.0945319 0.995471 0.0100532 -0.588796 -0.984477 0.0949784 -0.147593 19.4596 
-0.147005 0.00378033 0.989128 67.0271 0.0947765 0.995445 0.0102812 -0.582523 -0.984585 0.0952575 -0.146694 19.2174 
-0.14679 0.00219822 0.989165 68.7567 0.0961698 0.995292 0.0120595 -0.568315 -0.984482 0.0968981 -0.14631 18.9929 
-0.146069 0.000703672 0.989274 70.5157 0.098517 0.995039 0.0138384 -0.533964 -0.984357 0.0994816 -0.145413 18.7742 
-0.145307 0.0016182 0.989385 72.0964 0.101045 0.994794 0.0132129 -0.541933 -0.984213 0.101892 -0.144714 18.558 
-0.144658 0.0031631 0.989477 73.7564 0.103366 0.994572 0.0119323 -0.540337 -0.984068 0.104004 -0.1442 18.3206 
-0.14502 0.00243767 0.989426 75.3659 0.1024 0.994664 0.0125581 -0.552891 -0.984115 0.103138 -0.144496 18.1761 
-0.145159 0.00230013 0.989406 77.0633 0.102438 0.994658 0.0127166 -0.537181 -0.984091 0.103198 -0.14462 17.9493 
-0.144941 0.000981335 0.98944 78.7529 0.102275 0.994658 0.0139955 -0.541906 -0.98414 0.103223 -0.144268 17.7213 
-0.14489 0.000661744 0.989447 80.4053 0.104046 0.994466 0.0145709 -0.549272 -0.983962 0.105059 -0.144157 17.5287 
-0.145294 0.000501625 0.989388 82.1731 0.105178 0.994341 0.0149414 -0.527039 -0.983782 0.106233 -0.144525 17.2949 
-0.144893 0.00110536 0.989447 83.9554 0.106125 0.994248 0.0144301 -0.514563 -0.983739 0.107096 -0.144177 17.0358 
-0.145809 0.00141845 0.989312 85.7556 0.105261 0.994345 0.0140881 -0.505465 -0.983697 0.10619 -0.145134 16.8069 
-0.146968 0.00201133 0.989139 87.6876 0.104731 0.994408 0.013539 -0.494701 -0.983581 0.105583 -0.146357 16.5539 
-0.147564 0.00300868 0.989048 89.5286 0.10366 0.994535 0.0124404 -0.466603 -0.983605 0.104361 -0.147069 16.275 
-0.1492 0.00171843 0.988805 91.3485 0.102606 0.994627 0.0137536 -0.472976 -0.983469 0.10351 -0.148575 16.0549 
-0.150642 0.00119059 0.988588 93.1335 0.102233 0.994656 0.0143804 -0.470223 -0.983288 0.103232 -0.149959 15.8194 
-0.151251 -6.78466e-05 0.988495 94.9655 0.0992486 0.994946 0.0152543 -0.453857 -0.9835 0.100414 -0.150479 15.5717 
-0.153697 0.00084906 0.988118 96.7953 0.0986413 0.995017 0.0144881 -0.443259 -0.983182 0.099696 -0.153015 15.3365 
-0.157229 0.00126853 0.987561 98.6424 0.0967483 0.995209 0.0141248 -0.436415 -0.982812 0.0977657 -0.156598 15.1033 
-0.162049 0.00266845 0.986779 100.585 0.0975348 0.995143 0.0133261 -0.40343 -0.981951 0.0984048 -0.161522 14.8205 
-0.166183 0.00193304 0.986093 102.457 0.0955059 0.995328 0.0141441 -0.386665 -0.981459 0.0965282 -0.165592 14.5323 
-0.170993 0.000915067 0.985272 104.371 0.0943135 0.995423 0.0154434 -0.370219 -0.980748 0.0955651 -0.170296 14.2232 
-0.175468 0.00173754 0.984484 106.28 0.0930574 0.99555 0.0148288 -0.35762 -0.980077 0.0942154 -0.174849 13.9065 
-0.179705 0.00346974 0.983714 108.198 0.0934508 0.995531 0.0135601 -0.337133 -0.979272 0.0943658 -0.179227 13.5679 
-0.18345 0.00469922 0.983018 110.13 0.0932715 0.99556 0.012647 -0.332607 -0.978594 0.0940076 -0.183074 13.2002 
-0.188021 0.005154 0.982151 112.064 0.0927844 0.995607 0.0125377 -0.323309 -0.977773 0.0934857 -0.187673 12.8464 
-0.192172 0.00493006 0.981349 113.98 0.0905677 0.995809 0.0127326 -0.293551 -0.977173 0.0913254 -0.191813 12.487 
-0.197343 0.00409452 0.980326 115.943 0.0886026 0.995973 0.013676 -0.286468 -0.976322 0.0895583 -0.196911 12.119 
-0.202953 0.00388902 0.979181 117.908 0.0871128 0.996099 0.0140994 -0.262834 -0.975306 0.0881607 -0.2025 11.7442 
-0.20826 0.00368398 0.978067 119.869 0.0875273 0.996051 0.0148854 -0.252073 -0.974149 0.0887076 -0.20776 11.3567 
-0.213515 0.00499361 0.976927 121.85 0.0881121 0.99601 0.0141663 -0.241458 -0.972958 0.0891038 -0.213103 10.9432 
-0.21912 0.0057277 0.975681 123.809 0.0871984 0.996096 0.0137355 -0.22884 -0.971794 0.0880876 -0.218764 10.5357 
-0.224634 0.00611787 0.974424 125.78 0.0887008 0.995957 0.0141951 -0.217067 -0.970398 0.0896209 -0.224269 10.1106 
-0.229928 0.00640029 0.973186 127.753 0.0885933 0.995964 0.0143812 -0.208112 -0.969167 0.0895245 -0.229567 9.67221 
-0.234831 0.00694007 0.972011 129.758 0.0874539 0.99607 0.0140163 -0.198275 -0.968094 0.0882977 -0.234515 9.21849 
-0.241156 0.00732683 0.970459 131.692 0.0861662 0.996184 0.0138909 -0.187217 -0.966653 0.0869706 -0.240867 8.90817 
-0.245098 0.00729794 0.969471 133.733 0.0873095 0.996075 0.014575 -0.155015 -0.965559 0.0882163 -0.244773 8.42121 
-0.248405 0.00715051 0.96863 135.724 0.0892068 0.995892 0.0155253 -0.148027 -0.96454 0.0902649 -0.248023 7.92248 
-0.251867 0.00766673 0.967731 137.779 0.0899859 0.995822 0.0155308 -0.130888 -0.963569 0.0909939 -0.251504 7.41505 
-0.254684 0.00800348 0.966991 139.772 0.0893012 0.995887 0.0152772 -0.117069 -0.962892 0.0902444 -0.254351 6.90832 
-0.257679 0.00751256 0.966201 141.833 0.0883441 0.995964 0.0158167 -0.0986637 -0.962183 0.0894338 -0.257303 6.38626 
-0.261563 0.0078146 0.965155 143.853 0.087544 0.996037 0.0156602 -0.101284 -0.961208 0.0885897 -0.26121 5.8599 
-0.265178 0.00829935 0.964164 145.875 0.0867185 0.996116 0.0152761 -0.0859179 -0.960292 0.0876617 -0.264868 5.32442 
-0.269627 0.00763238 0.962935 147.951 0.0853698 0.996221 0.0160077 -0.0764726 -0.959173 0.0865217 -0.269259 4.78395 
-0.274322 0.00793636 0.961605 149.881 0.0862778 0.996136 0.0163915 -0.0889383 -0.957759 0.0874617 -0.273947 4.29722 
-0.279377 0.00862601 0.960143 151.981 0.0865477 0.996115 0.0162339 -0.0596688 -0.956273 0.0876335 -0.279038 3.7779 
-0.283974 0.00900662 0.95879 153.922 0.0869743 0.996075 0.0164031 -0.0345876 -0.954879 0.0880481 -0.283643 3.25248 
-0.287438 0.00852113 0.957761 155.848 0.0863311 0.996121 0.0170467 -0.0120748 -0.953901 0.0875845 -0.287058 2.62963 
-0.291418 0.00878343 0.956555 157.818 0.08692 0.996064 0.0173342 0.010266 -0.952639 0.0881954 -0.291035 2.05582 
-0.295957 0.0091033 0.955158 159.819 0.0879245 0.995969 0.0177512 0.00189227 -0.951146 0.0892354 -0.295564 1.49768 
-0.299127 0.0103212 0.954158 161.954 0.0881929 0.99596 0.0168749 0.0271262 -0.950129 0.0891976 -0.298828 0.843335 
-0.303463 0.0114453 0.952774 163.978 0.08805 0.995986 0.0160798 0.0232689 -0.948766 0.0887715 -0.303253 0.252671 
-0.30682 0.0122336 0.951689 166.055 0.0887197 0.995931 0.0158003 0.0157589 -0.947624 0.0892814 -0.306657 -0.374749 
-0.309863 0.0129617 0.950693 168.094 0.0888446 0.995927 0.015379 0.0285386 -0.946621 0.0892293 -0.309752 -1.01635 
-0.31301 0.0130537 0.94966 170.04 0.0892207 0.995888 0.0157182 0.0290053 -0.94555 0.0896493 -0.312888 -1.6515 
-0.316847 0.0135467 0.94838 172.093 0.0894502 0.995868 0.0156596 0.0448494 -0.944249 0.0897944 -0.31675 -2.3206 
-0.32063 0.0141123 0.947099 174.13 0.0916516 0.995659 0.0161917 0.0387611 -0.94276 0.0919947 -0.320532 -2.9695 
-0.323669 0.0137996 0.94607 176.092 0.0931018 0.995506 0.0173312 0.0170492 -0.941579 0.0936904 -0.323499 -3.60533 
-0.326223 0.0135685 0.945195 178.18 0.0939589 0.995411 0.0181394 0.0338992 -0.940612 0.094727 -0.326001 -4.29733 
-0.328851 0.0129911 0.944292 180.273 0.0931078 0.99548 0.0187295 0.0436185 -0.939781 0.0940802 -0.328574 -5.00031 
-0.331171 0.0137269 0.943471 182.327 0.0932261 0.995478 0.01824 0.0609334 -0.938954 0.0939967 -0.330953 -5.70391 
-0.334812 0.0151808 0.942163 184.294 0.0911002 0.995708 0.0163303 0.0584335 -0.937871 0.0912988 -0.334758 -6.35842 
-0.338007 0.01687 0.940992 186.408 0.0911383 0.995727 0.0148857 0.0606145 -0.93672 0.0907919 -0.3381 -7.08473 
-0.340931 0.0177894 0.93992 188.575 0.0903497 0.995813 0.0139246 0.0808616 -0.935736 0.0896688 -0.341111 -7.84041 
-0.343688 0.0188979 0.938893 190.616 0.0896269 0.995894 0.0127633 0.0908781 -0.934797 0.0885367 -0.343971 -8.58394 
-0.347405 0.0187872 0.937527 192.741 0.0899014 0.995861 0.0133571 0.0861965 -0.933396 0.0889253 -0.347656 -9.33936 
-0.351731 0.0181933 0.935924 194.815 0.0898442 0.995852 0.0144062 0.0905905 -0.93178 0.0891544 -0.351907 -10.0586 
-0.355737 0.0171321 0.934429 196.815 0.0889203 0.995917 0.0155924 0.0789535 -0.930346 0.0886366 -0.355808 -10.7444 
-0.359649 0.0170838 0.932931 198.906 0.0894672 0.995857 0.0162538 0.0772982 -0.928789 0.0893125 -0.359687 -11.5077 
-0.36308 0.0168365 0.931606 200.962 0.0875335 0.996031 0.016114 0.0849691 -0.927637 0.0873974 -0.363113 -12.2857 
-0.366738 0.017442 0.930161 203.109 0.0858889 0.996189 0.0151836 0.105931 -0.926351 0.0854589 -0.366839 -13.1046 
-0.370122 0.0178952 0.928811 205.209 0.0856589 0.996212 0.0149403 0.104767 -0.925025 0.0850907 -0.370253 -13.9001 
-0.373388 0.0184056 0.927493 207.238 0.0858248 0.9962 0.014782 0.0969077 -0.923697 0.0851213 -0.373549 -14.6784 
-0.37599 0.0183668 0.926442 209.315 0.0872777 0.996061 0.015674 0.0944623 -0.922504 0.086751 -0.376112 -15.4806 
-0.378541 0.0178518 0.925412 211.399 0.0890546 0.995878 0.0172167 0.0916905 -0.92129 0.0889294 -0.378571 -16.2898 
-0.381401 0.0180133 0.924234 213.555 0.088779 0.995902 0.017226 0.10357 -0.920137 0.0886226 -0.381437 -17.144 
-0.384887 0.0187794 0.922773 215.584 0.0884132 0.995945 0.0166084 0.0973154 -0.918719 0.0879776 -0.384986 -17.8481 
-0.387958 0.0186696 0.921488 217.501 0.0875274 0.996023 0.0166703 0.0869587 -0.917512 0.0871228 -0.388049 -18.5671 
-0.390672 0.0194669 0.920324 219.611 0.0871082 0.996072 0.0159077 0.0822071 -0.916399 0.0863825 -0.390833 -19.423 
-0.393294 0.0209632 0.919174 221.669 0.0871712 0.996087 0.0145812 0.105866 -0.915271 0.0858602 -0.393582 -20.3182 
-0.395761 0.0209769 0.918114 223.752 0.0851741 0.996268 0.0139524 0.105635 -0.914395 0.0837213 -0.39607 -21.1814 
-0.398528 0.0219861 0.916892 225.833 0.0863918 0.996167 0.0136632 0.0983413 -0.913078 0.0846572 -0.3989 -22.0495 
-0.400903 0.0208833 0.915882 227.944 0.087063 0.996084 0.0153974 0.093935 -0.911974 0.0859124 -0.401151 -22.9381 
-0.404236 0.0196446 0.914444 229.922 0.087155 0.996047 0.0171297 0.0864309 -0.910493 0.0866228 -0.40435 -23.7599 
-0.407675 0.0197007 0.912914 232.011 0.086342 0.996119 0.0170609 0.0997709 -0.909036 0.0857782 -0.407794 -24.6103 
-0.411171 0.0194312 0.911351 234.08 0.0843786 0.996292 0.0168265 0.0949531 -0.907644 0.0838171 -0.411286 -25.4862 
-0.415235 0.0183506 0.909529 236.161 0.0822941 0.996455 0.0174659 0.0799017 -0.905984 0.0821013 -0.415273 -26.3672 
-0.41837 0.0176597 0.908105 238.272 0.0815279 0.996505 0.0181816 0.0875716 -0.90461 0.0816426 -0.418348 -27.2961 
-0.422394 0.0177816 0.906238 240.351 0.0811889 0.996531 0.0182886 0.0811718 -0.902769 0.0813014 -0.422373 -28.2213 
-0.42587 0.0175097 0.904615 242.53 0.0804898 0.996582 0.0186027 0.0923218 -0.901197 0.0807347 -0.425824 -29.2172 
-0.429931 0.0169096 0.902703 244.617 0.0797906 0.996624 0.0193329 0.0968403 -0.899329 0.080339 -0.429828 -30.1525 
-0.434652 0.0174869 0.900428 246.684 0.0793416 0.996667 0.0189436 0.140652 -0.897097 0.0796753 -0.434591 -31.0591 
-0.437249 0.0183274 0.899154 248.801 0.0800532 0.996617 0.018615 0.161639 -0.89577 0.0801195 -0.437237 -32.116 
-0.441118 0.0184495 0.897259 250.796 0.0802803 0.996592 0.018976 0.140203 -0.893851 0.0804029 -0.441095 -33.0149 
-0.446684 0.0181065 0.894509 252.824 0.0799619 0.996602 0.0197568 0.122025 -0.891111 0.0803516 -0.446614 -33.7952 
-0.450433 0.0187313 0.892613 254.862 0.0787129 0.99672 0.0188044 0.14958 -0.889333 0.0787303 -0.45043 -34.7647 
-0.453819 0.01872 0.890897 256.924 0.079684 0.996626 0.0196489 0.136406 -0.887524 0.0799073 -0.45378 -35.803 
-0.458341 0.0186479 0.888581 259.105 0.0799183 0.996594 0.0203081 0.111987 -0.885176 0.0803219 -0.45827 -36.7714 
-0.462397 0.0194238 0.88646 261.17 0.0810295 0.996502 0.0204318 0.104576 -0.882962 0.0812771 -0.462354 -37.7741 
-0.465893 0.0215717 0.884578 263.269 0.0819882 0.996454 0.0188818 0.130224 -0.881034 0.0813219 -0.46601 -38.8131 
-0.468709 0.0221841 0.883074 265.293 0.0836652 0.996305 0.0193783 0.136242 -0.879381 0.0829654 -0.468834 -39.8052 
-0.471471 0.0245974 0.881538 267.33 0.0858637 0.996142 0.018127 0.157096 -0.877691 0.0842385 -0.471764 -40.8223 
-0.475673 0.0269831 0.879208 269.454 0.0876698 0.996007 0.0168637 0.144794 -0.875242 0.0851016 -0.476139 -41.757 
-0.479025 0.0273243 0.877376 271.546 0.0881053 0.995965 0.0170856 0.153121 -0.873368 0.085486 -0.479499 -42.8261 
-0.481942 0.0283638 0.875744 273.693 0.0890913 0.995882 0.0167741 0.166304 -0.871662 0.0861054 -0.482484 -43.968 
-0.484909 0.0283978 0.874103 275.893 0.0887691 0.995909 0.0168896 0.187684 -0.870048 0.0857833 -0.485446 -45.1338 
-0.488287 0.0297444 0.872176 278.055 0.0896344 0.995843 0.0162198 0.194745 -0.868068 0.0860969 -0.488923 -46.2952 
-0.491752 0.0303136 0.870207 280.217 0.0884116 0.995967 0.0152668 0.237964 -0.866235 0.0844439 -0.492449 -47.4524 
-0.494263 0.0302707 0.868785 282.33 0.0874887 0.996051 0.0150684 0.248212 -0.864898 0.0834566 -0.49496 -48.6023 
-0.496662 0.030738 0.8674 284.239 0.0890922 0.995899 0.0157214 0.268491 -0.86336 0.0850868 -0.497364 -49.6773 
-0.499812 0.0303773 0.865601 286.277 0.089451 0.995851 0.0167021 0.276566 -0.861503 0.0857768 -0.500455 -50.7431 
-0.502159 0.0306194 0.864233 288.33 0.0911374 0.995681 0.0176783 0.268785 -0.85996 0.0876413 -0.502781 -51.863 
-0.504751 0.0302121 0.862736 290.453 0.0910857 0.995673 0.0184229 0.264872 -0.858446 0.0878819 -0.505318 -52.9859 
-0.50787 0.0297298 0.86092 292.517 0.0920178 0.995558 0.0199034 0.24091 -0.856505 0.0893284 -0.50835 -54.0438 
-0.510599 0.0296291 0.859308 294.479 0.0920862 0.995542 0.0203908 0.276544 -0.854874 0.0895419 -0.511051 -55.1726 
-0.512638 0.0298987 0.858084 296.411 0.092508 0.995499 0.0205795 0.331662 -0.853606 0.0899295 -0.513097 -56.3519 
-0.51296 0.0288706 0.857927 297.722 0.0870284 0.996034 0.0185167 0.457183 -0.85399 0.0841623 -0.513438 -57.5427 
-0.515487 0.03129 0.856326 299.822 0.0878139 0.996001 0.016468 0.463249 -0.852386 0.0836864 -0.516173 -58.7378 
-0.51862 0.030922 0.854446 301.916 0.0864024 0.996125 0.016394 0.486289 -0.850628 0.0823284 -0.519282 -59.9613 
-0.522638 0.0311061 0.851987 304.073 0.085631 0.996196 0.0161577 0.52785 -0.848243 0.0814011 -0.523314 -61.1931 
-0.526646 0.0312859 0.849509 306.224 0.0848606 0.996266 0.0159178 0.568877 -0.845839 0.0804729 -0.527334 -62.4351 
-0.530641 0.0314613 0.847012 308.369 0.0840913 0.996335 0.0156742 0.60936 -0.843415 0.0795438 -0.531342 -63.6873 
-0.534626 0.0316323 0.844497 310.509 0.0833231 0.996403 0.015427 0.649291 -0.840971 0.0786138 -0.535338 -64.9495 
-0.538598 0.0317989 0.841962 312.642 0.082556 0.996471 0.0151762 0.68866 -0.838509 0.077683 -0.539322 -66.2219 
-0.543153 0.031608 0.839039 314.829 0.0820024 0.996511 0.0155441 0.672749 -0.83562 0.077246 -0.54385 -67.5711 
-0.548891 0.0298632 0.83536 317.021 0.079253 0.996719 0.0164432 0.620109 -0.832128 0.0752304 -0.549457 -68.8683 
-0.5546 0.0281046 0.831642 319.205 0.0764971 0.996919 0.0173238 0.570045 -0.828593 0.073226 -0.555042 -70.18 
-0.559236 0.0261817 0.828595 321.297 0.0754234 0.996963 0.019403 0.572484 -0.82557 0.0733463 -0.559512 -71.468 
-0.562794 0.0260832 0.826185 323.44 0.0751123 0.996981 0.0196908 0.583629 -0.823177 0.0731386 -0.563054 -72.9092 
-0.567446 0.0259882 0.823001 325.606 0.0743231 0.997038 0.0197607 0.62164 -0.82005 0.0723811 -0.567696 -74.3003 
-0.572729 0.0264904 0.819316 327.825 0.0739232 0.997074 0.019437 0.679419 -0.816405 0.0716986 -0.573012 -75.6726 
-0.577989 0.0269882 0.815598 330.036 0.0735254 0.99711 0.0191107 0.736407 -0.812725 0.0710129 -0.578303 -77.0592 
-0.583225 0.0274815 0.811846 332.238 0.0731296 0.997145 0.0187818 0.792597 -0.809012 0.070324 -0.58357 -78.4601 
-0.588437 0.0279704 0.808059 334.43 0.072736 0.99718 0.0184503 0.847981 -0.805265 0.0696318 -0.588812 -79.8752 
-0.590808 0.0267212 0.806369 336.459 0.0713307 0.997268 0.0192152 0.864034 -0.803653 0.0688714 -0.5911 -81.3413 
-0.593179 0.0256867 0.804661 338.597 0.0687471 0.997456 0.0188377 0.87094 -0.80213 0.0664922 -0.593436 -82.921 
-0.596048 0.0253414 0.802549 340.759 0.0668326 0.997599 0.0181358 0.890081 -0.800163 0.0644463 -0.59631 -84.4682 
-0.600049 0.0242433 0.799595 342.839 0.0628258 0.997881 0.0168918 0.902227 -0.797492 0.0603712 -0.600301 -85.9284 
-0.601759 0.0218458 0.798378 345.003 0.0610842 0.997957 0.018734 0.916902 -0.796338 0.0600417 -0.601864 -87.5316 
-0.604928 0.020433 0.796018 347.331 0.0593875 0.998044 0.0195123 0.948211 -0.794062 0.0590771 -0.604959 -89.2386 
-0.608358 0.02161 0.793368 349.622 0.0599324 0.998026 0.0187718 0.996029 -0.791397 0.0589685 -0.608452 -90.8774 
-0.611899 0.0204351 0.790671 351.736 0.0573595 0.99818 0.0185922 1.02032 -0.788853 0.0567291 -0.611958 -92.432 
-0.61482 0.0163092 0.788499 353.805 0.054796 0.998253 0.0220786 1.03183 -0.786762 0.056781 -0.61464 -93.9842 
-0.618226 0.0145222 0.785866 355.807 0.0532694 0.998305 0.023458 1.05263 -0.784193 0.056365 -0.617951 -95.5025 
-0.621624 0.0135364 0.783198 357.955 0.0517654 0.998375 0.0238307 1.08149 -0.781603 0.0553564 -0.621315 -97.1313 
-0.625137 0.0136718 0.780395 359.986 0.0512995 0.998404 0.0236024 1.09311 -0.778827 0.0547887 -0.624841 -98.5834 
-0.62763 0.0129034 0.778404 362.073 0.0505166 0.99843 0.0241809 1.11967 -0.776871 0.054499 -0.627297 -100.217 
-0.630239 0.0116237 0.776314 364.237 0.0492982 0.998469 0.0250719 1.15468 -0.774834 0.0540722 -0.629848 -101.924 
-0.632785 0.00998451 0.774263 366.463 0.0462264 0.99862 0.0249019 1.18869 -0.772947 0.051549 -0.632374 -103.677 
-0.634441 0.00932424 0.772915 368.69 0.0432976 0.998786 0.0234914 1.23035 -0.771758 0.0483693 -0.634074 -105.435 
-0.637379 0.0123278 0.770452 370.549 0.0366907 0.999223 0.0143651 1.27483 -0.769676 0.0374244 -0.637337 -106.941 
-0.639661 0.022292 0.768334 372.543 0.046721 0.998859 0.00991623 1.26478 -0.767236 0.0422404 -0.639972 -108.598 
-0.640537 0.02423 0.767545 374.631 0.0551523 0.998372 0.0145092 1.27299 -0.765944 0.0516255 -0.640831 -110.309 
-0.641618 0.0248463 0.766621 376.815 0.0627418 0.997826 0.0201716 1.28864 -0.764454 0.0610417 -0.641782 -112.101 
-0.643763 0.0146747 0.765084 378.356 0.0557404 0.998059 0.0277582 1.43821 -0.763192 0.0605158 -0.643332 -113.735 
-0.646529 0.00784912 0.762849 380.336 0.0490397 0.998306 0.0312902 1.46931 -0.761311 0.0576399 -0.645819 -115.333 
-0.649851 0.00193 0.760059 382.228 0.0437975 0.99843 0.0349115 1.5049 -0.758798 0.055976 -0.648916 -116.817 
-0.653131 -0.00399636 0.757234 384.114 0.0385391 0.998515 0.0385105 1.54966 -0.756263 0.0543355 -0.652007 -118.31 
-0.654702 0.00251855 0.755883 386.173 0.0434004 0.99847 0.034264 1.59922 -0.75464 0.0552383 -0.653809 -120.067 
-0.657868 0.0049919 0.753117 388.283 0.0431931 0.998582 0.0311114 1.66515 -0.751894 0.0529966 -0.657151 -121.825 
-0.660686 0.00544314 0.750643 390.299 0.0434143 0.998577 0.0309705 1.71109 -0.749406 0.0530504 -0.659982 -123.535 
-0.663381 0.00557529 0.748261 392.255 0.0444454 0.9985 0.0319639 1.72824 -0.74696 0.054461 -0.662634 -125.185 
-0.666068 0.00571252 0.745869 394.206 0.0454729 0.998422 0.0329609 1.74788 -0.744504 0.055871 -0.665276 -126.843 
-0.667439 0.005983 0.74464 396.259 0.0462434 0.998371 0.0334273 1.79761 -0.743227 0.0567454 -0.666628 -128.71 
-0.668939 0.00617532 0.743292 398.242 0.0459666 0.998395 0.0330737 1.84692 -0.741895 0.0562908 -0.668149 -130.413 
-0.669429 0.0055334 0.742855 400.248 0.0439988 0.998512 0.032212 1.92225 -0.741572 0.0542484 -0.668676 -132.147 
-0.669918 0.00489014 0.742419 402.252 0.0420314 0.998624 0.031349 1.9954 -0.741245 0.0522062 -0.669202 -133.883 
-0.670405 0.00424554 0.741983 404.255 0.0400643 0.998732 0.0304846 2.06636 -0.740913 0.0501641 -0.669725 -135.62 
-0.670693 0.00423686 0.741723 406.157 0.0427211 0.998544 0.032926 2.09314 -0.740504 0.0537704 -0.669898 -137.441 
-0.671366 0.00371246 0.741116 407.924 0.0445593 0.998381 0.0353644 2.11876 -0.739785 0.0567661 -0.670444 -139.159 
-0.67204 0.00319079 0.740508 409.689 0.0463951 0.998207 0.0378041 2.15056 -0.73906 0.0597618 -0.670983 -140.878 
-0.672714 0.00267184 0.739898 411.453 0.0482282 0.998025 0.040245 2.18854 -0.738329 0.0627573 -0.671514 -142.6 
-0.673097 0.00107115 0.739553 413.256 0.0467477 0.998061 0.0411013 2.21385 -0.738075 0.0622376 -0.671842 -144.224 
-0.675133 -0.000856715 0.737695 414.666 0.0443192 0.998146 0.0417197 2.19307 -0.736363 0.0608605 -0.673843 -145.497 
-0.677577 -0.00364669 0.735443 416.003 0.0419329 0.998169 0.0435829 2.16213 -0.734255 0.06037 -0.676184 -146.641 
-0.680007 -0.00643824 0.733177 417.337 0.0395403 0.998184 0.0454381 2.13461 -0.732139 0.0598883 -0.678518 -147.79 
-0.681303 -0.00828604 0.731954 418.956 0.0396212 0.998053 0.0481778 2.18495 -0.730928 0.0618246 -0.679648 -149.346 
-0.681796 -0.00996462 0.731474 420.133 0.0399519 0.997908 0.0508326 2.20407 -0.730451 0.0638813 -0.679971 -150.642 
-0.682289 -0.0116417 0.73099 421.31 0.0402808 0.997756 0.0534873 2.22788 -0.729972 0.0659387 -0.680289 -151.938 
-0.682782 -0.0133174 0.730501 422.486 0.0406078 0.997597 0.0561418 2.25637 -0.729493 0.0679967 -0.6806 -153.235 
-0.683275 -0.0149916 0.730007 423.661 0.0409331 0.99743 0.0587962 2.28955 -0.729012 0.0700554 -0.680906 -154.533 
-0.683769 -0.0166643 0.729508 424.835 0.0412565 0.997257 0.0614502 2.32742 -0.728531 0.0721147 -0.681206 -155.831 
-0.684263 -0.0183355 0.729005 426.008 0.041578 0.997077 0.064104 2.36997 -0.728049 0.0741746 -0.6815 -157.129 
-0.684757 -0.0200052 0.728496 427.18 0.0418977 0.996889 0.0667576 2.41721 -0.727566 0.0762351 -0.681789 -158.429 
-0.685252 -0.0216734 0.727983 428.352 0.0422156 0.996694 0.0694109 2.46914 -0.727082 0.0782962 -0.682072 -159.729 
-0.682771 -0.0214776 0.730317 430.102 0.0432084 0.996631 0.0697048 2.60523 -0.729354 0.0791482 -0.679543 -161.358 
-0.679904 -0.021262 0.732993 432.064 0.0404529 0.99697 0.0664422 2.75035 -0.732184 0.074826 -0.676984 -163.16 
-0.677778 -0.0255841 0.734821 434.039 0.0344486 0.997192 0.0664933 2.89476 -0.734459 0.0703813 -0.674993 -164.946 
-0.676837 -0.0317728 0.735447 436.014 0.026088 0.997405 0.0670987 3.04488 -0.735671 0.0646012 -0.674251 -166.682 
-0.675739 -0.0349358 0.736312 438.007 0.0198448 0.997652 0.0655478 3.19191 -0.736874 0.0589052 -0.673459 -168.454 
-0.675465 -0.0350416 0.736559 439.37 0.0192215 0.997694 0.0650921 3.32331 -0.737142 0.0581252 -0.673234 -169.819 
-0.676332 -0.0344491 0.73579 440.784 0.0195766 0.997712 0.0647066 3.49181 -0.736336 0.0581674 -0.674111 -171.137 
-0.677199 -0.0338565 0.735021 442.196 0.0199321 0.99773 0.0643215 3.65957 -0.73553 0.058209 -0.674987 -172.456 
-0.675205 -0.036023 0.73675 444.154 0.0189167 0.997633 0.0661152 3.7974 -0.737388 0.0585782 -0.672925 -174.265 
-0.674495 -0.0353921 0.737431 446.065 0.0181947 0.99775 0.0645276 3.93218 -0.738055 0.0569408 -0.672333 -175.947 
-0.673561 -0.0345466 0.738324 448.009 0.0166549 0.997944 0.0618883 4.07375 -0.738944 0.0539823 -0.671601 -177.663 
-0.672324 -0.0332991 0.739508 449.903 0.0183927 0.997928 0.0616571 4.17552 -0.740029 0.0550552 -0.670318 -179.394 
-0.670837 -0.0319779 0.740915 452.05 0.0213852 0.99782 0.0624284 4.33808 -0.741297 0.0577239 -0.66869 -181.251 
-0.669323 -0.0314472 0.742306 454.167 0.0235101 0.997707 0.0634655 4.50308 -0.7426 0.0599306 -0.667049 -183.119 
-0.668859 -0.0319185 0.742703 456.122 0.0229498 0.997715 0.0635458 4.6436 -0.743035 0.0595481 -0.666598 -184.833 
-0.667327 -0.0324551 0.744058 458.055 0.0231385 0.997664 0.0642695 4.7738 -0.744406 0.0601052 -0.665017 -186.544 
-0.665741 -0.0328751 0.745459 459.865 0.0238053 0.997585 0.0652535 4.87652 -0.745803 0.0611878 -0.66335 -188.155 
-0.664503 -0.0338311 0.746519 461.788 0.0235223 0.997533 0.0661446 5.00468 -0.746915 0.0615132 -0.662068 -189.863 
-0.662983 -0.0334637 0.747886 463.849 0.022673 0.997645 0.0647381 5.14893 -0.748291 0.0598771 -0.660663 -191.65 
-0.662284 -0.0316566 0.748584 465.865 0.0238063 0.997713 0.0632537 5.27946 -0.748875 0.0597129 -0.660016 -193.411 
-0.661264 -0.0327137 0.749439 467.417 0.0233437 0.997667 0.0641462 5.32567 -0.74979 0.0599123 -0.658958 -194.864 
-0.660054 -0.0339367 0.750451 468.97 0.0233468 0.99757 0.0656462 5.36595 -0.750855 0.0608507 -0.657658 -196.315 
-0.658915 -0.0355018 0.751379 470.754 0.0220787 0.997542 0.0664943 5.53094 -0.751893 0.0604036 -0.656512 -198.045 
-0.657833 -0.0343153 0.752382 472.737 0.022873 0.99759 0.0654975 5.92366 -0.752817 0.0602956 -0.655463 -200.013 
-0.657899 -0.0338406 0.752345 473.981 0.02321 0.997604 0.0651686 5.99705 -0.752748 0.0603363 -0.655538 -201.248 
-0.657717 -0.0331457 0.752535 475.637 0.0240127 0.997601 0.0649267 6.15251 -0.752882 0.0607739 -0.655343 -202.824 
-0.657534 -0.0324509 0.752725 477.293 0.0248154 0.997597 0.0646847 6.3075 -0.753016 0.0612116 -0.655149 -204.399 
-0.657351 -0.0317562 0.752915 478.95 0.025618 0.997592 0.0644424 6.46201 -0.753149 0.0616495 -0.654955 -205.975 
-0.657026 -0.0315448 0.753207 480.529 0.0260631 0.997576 0.064514 6.57628 -0.753417 0.0620184 -0.654612 -207.549 
-0.65712 -0.0318848 0.753111 482.459 0.0251736 0.997619 0.0642016 6.68894 -0.753366 0.0611467 -0.654753 -209.207 
-0.656922 -0.0310709 0.753318 483.658 0.0261909 0.997607 0.0639862 6.64872 -0.753503 0.0617641 -0.654537 -210.456 
-0.655171 -0.0300391 0.754883 485.299 0.0276305 0.997588 0.0636777 6.72547 -0.754975 0.0625776 -0.65276 -212.024 
-0.654045 -0.0305483 0.755838 487.326 0.0275574 0.997559 0.0641639 6.85652 -0.755953 0.062795 -0.651607 -213.764 
-0.652016 -0.0316613 0.757544 489.435 0.0266042 0.997557 0.0645907 7.016 -0.757738 0.0622681 -0.649581 -215.568 
-0.651735 -0.0320772 0.757768 491.127 0.0254529 0.997617 0.0641215 7.08401 -0.758019 0.0610776 -0.649366 -216.901 
-0.651588 -0.0319313 0.7579 493.147 0.0262081 0.997569 0.0645607 7.23852 -0.75812 0.0619302 -0.649168 -218.592 
-0.651731 -0.0295553 0.757874 495.133 0.0299563 0.997458 0.0646593 7.39756 -0.757858 0.0648436 -0.649189 -220.234 
-0.649576 -0.0311437 0.759659 496.511 0.0292335 0.997399 0.0658875 7.53461 -0.759735 0.0650064 -0.646975 -221.727 
-0.648788 -0.0302353 0.760368 498.514 0.0296663 0.997446 0.0649752 7.67447 -0.760391 0.0647125 -0.646234 -223.399 
-0.648049 -0.0292171 0.761038 500.161 0.0307904 0.997442 0.0645118 7.77148 -0.760976 0.0652395 -0.645491 -224.856 
-0.646127 -0.0296601 0.762654 502.239 0.0310401 0.997397 0.0650868 7.91518 -0.762599 0.0657272 -0.643524 -226.622 
-0.644412 -0.0276962 0.764177 504.492 0.033663 0.997347 0.0645341 8.09314 -0.763937 0.067311 -0.64177 -228.452 
-0.642688 -0.0257358 0.765695 506.749 0.0362844 0.997292 0.0639753 8.26936 -0.765268 0.068899 -0.640014 -230.276 
-0.640957 -0.0237789 0.767209 509.01 0.0389044 0.997229 0.0634104 8.44381 -0.76659 0.0704911 -0.638255 -232.096 
-0.641302 -0.0255194 0.766864 510.788 0.0379828 0.997165 0.064947 8.53592 -0.766348 0.0707783 -0.638515 -233.678 
-0.642103 -0.0267594 0.766151 512.807 0.0367562 0.997167 0.0656331 8.66989 -0.765737 0.070304 -0.6393 -235.385 
-0.64183 -0.0278991 0.766339 513.92 0.0356609 0.997171 0.0661695 8.70733 -0.766017 0.0697979 -0.639019 -236.426 
-0.642692 -0.0257493 0.765692 515.785 0.0363385 0.997286 0.0640386 8.86087 -0.765262 0.0689812 -0.640012 -237.987 
-0.640798 -0.0234035 0.767353 516.928 0.0366889 0.99746 0.0610595 8.98739 -0.766832 0.0672802 -0.638311 -239.539 
-0.637999 -0.0213996 0.76974 518.175 0.0356615 0.99772 0.0572956 9.05595 -0.769211 0.0640046 -0.635781 -241.11 
-0.638017 -0.0227211 0.769687 520.086 0.0365974 0.99754 0.059784 9.14675 -0.769152 0.0663117 -0.635616 -242.698 
-0.638458 -0.0237874 0.769289 521.931 0.0389213 0.997245 0.0631381 9.21713 -0.768672 0.0702528 -0.635774 -244.227 
-0.638697 -0.0223167 0.769135 523.941 0.0402516 0.997242 0.0623606 9.3477 -0.768405 0.0707884 -0.636037 -245.854 
-0.638154 -0.0209084 0.769625 526.03 0.0420162 0.997196 0.0619295 9.4922 -0.768762 0.0718573 -0.635486 -247.581 
-0.637608 -0.0195008 0.770114 528.121 0.0437804 0.997147 0.0614971 9.63552 -0.769116 0.072927 -0.634935 -249.306 
-0.636863 -0.0201232 0.770715 530.061 0.0433759 0.997141 0.0618778 9.75169 -0.769756 0.0728381 -0.634169 -250.921 
-0.635448 -0.0207935 0.771864 531.963 0.0441396 0.997024 0.0631976 9.85723 -0.770881 0.0742286 -0.632639 -252.475 
-0.634031 -0.0214663 0.773009 533.868 0.0449056 0.996906 0.0645159 9.966 -0.772003 0.0756176 -0.631105 -254.026 
-0.635289 -0.0220834 0.771959 535.695 0.0454416 0.99679 0.0659115 9.97069 -0.770936 0.0769519 -0.632246 -254.981 
-0.635074 -0.0223163 0.772129 536.759 0.0457761 0.996738 0.0664587 9.98579 -0.771094 0.0775513 -0.631981 -255.948 
-0.633668 -0.0228767 0.773267 538.257 0.0462462 0.996655 0.0673828 10.0705 -0.772221 0.078459 -0.63049 -257.281 
-0.633602 -0.024373 0.773275 539.714 0.0446298 0.996688 0.0679832 10.1746 -0.772371 0.0775855 -0.630415 -258.462 
-0.631595 -0.0262139 0.774855 541.223 0.0427077 0.996734 0.0685318 10.2296 -0.774121 0.0763767 -0.628413 -260.075 
-0.629172 -0.0279666 0.776763 542.942 0.039596 0.996902 0.0679649 10.3353 -0.776257 0.0735183 -0.626115 -261.794 
-0.629388 -0.0262215 0.776649 544.751 0.0416718 0.996854 0.0674265 10.4213 -0.775973 0.0748018 -0.626315 -263.03 
-0.628835 -0.0248975 0.77714 546.693 0.043343 0.996811 0.0670068 10.5478 -0.77633 0.0758198 -0.62575 -264.51 
-0.627882 -0.0264218 0.77786 548.453 0.0429082 0.996728 0.0684913 10.6162 -0.777125 0.076381 -0.624695 -265.962 
-0.627558 -0.0278637 0.778071 549.921 0.0423371 0.996659 0.0698389 10.6573 -0.777417 0.0767692 -0.624282 -266.984 
-0.627433 -0.0266793 0.778213 551.599 0.0427672 0.996724 0.0686514 10.7451 -0.777495 0.0763562 -0.624237 -268.232 
-0.626658 -0.027198 0.77882 553.47 0.0419106 0.996768 0.0685314 10.8525 -0.778167 0.0755865 -0.623493 -269.585 
-0.624781 -0.027329 0.780322 555.422 0.041444 0.996818 0.0680943 10.9883 -0.779699 0.0748837 -0.62166 -271.14 
-0.622339 -0.0280939 0.782243 557.633 0.0417155 0.996745 0.0689856 11.151 -0.781635 0.0755642 -0.619141 -273.005 
-0.620111 -0.0294121 0.783963 560.028 0.0424939 0.996571 0.0710009 11.3008 -0.783363 0.077342 -0.616734 -275.083 
-0.617878 -0.0307352 0.785673 562.428 0.0432779 0.996391 0.0730135 11.457 -0.785082 0.0791157 -0.614319 -277.154 
-0.616822 -0.0311748 0.786485 564.441 0.0422289 0.996465 0.0726171 11.6059 -0.785969 0.0780043 -0.613326 -278.724 
-0.61602 -0.031026 0.787119 566.147 0.0404853 0.996656 0.0709702 11.692 -0.78669 0.0755858 -0.612704 -280.18 
-0.614369 -0.0326495 0.788343 567.549 0.0374546 0.99681 0.0704722 11.6976 -0.788129 0.072823 -0.611187 -281.424 
-0.616767 -0.0334313 0.786436 569.018 0.0376291 0.996703 0.0718806 11.8384 -0.786246 0.0739264 -0.613475 -281.947 
-0.617543 -0.0355125 0.785735 570.104 0.0351754 0.996734 0.0726947 11.9339 -0.78575 0.0725307 -0.614277 -282.411 
-0.618737 -0.0387113 0.784644 571.305 0.0323501 0.996682 0.0746823 12.0376 -0.784932 0.0715921 -0.615432 -282.889 
-0.619921 -0.0419112 0.783544 572.505 0.0295216 0.99662 0.0766652 12.1449 -0.784108 0.0706579 -0.616588 -283.369 
-0.620948 -0.0409133 0.782783 573.908 0.0295906 0.996701 0.075567 12.179 -0.783293 0.0700863 -0.617689 -284.149 
-0.62083 -0.0390994 0.782969 575.481 0.0323265 0.996629 0.0754012 12.2605 -0.783278 0.072122 -0.617473 -285.205 
-0.620244 -0.0400899 0.783383 577.498 0.032435 0.996528 0.076678 12.4052 -0.783738 0.0729681 -0.616791 -286.799 
-0.620639 -0.0403701 0.783056 579.651 0.0339357 0.996355 0.0782634 12.5804 -0.783362 0.0751469 -0.617007 -288.434 
-0.622078 -0.0372235 0.78207 581.959 0.0413662 0.995912 0.0803051 12.8106 -0.781862 0.0823073 -0.617994 -290.242 
-0.621244 -0.0364717 0.782768 584.038 0.0412773 0.996006 0.0791668 12.9992 -0.782529 0.0814925 -0.617257 -291.851 
-0.620333 -0.0342643 0.78359 586.13 0.0430162 0.996055 0.0776088 13.1754 -0.783158 0.0818503 -0.616412 -293.489 
-0.619417 -0.0320573 0.784408 588.224 0.0447531 0.996099 0.0760485 13.3474 -0.783786 0.0822104 -0.615566 -295.124 
-0.619413 -0.0327273 0.784383 589.602 0.0444801 0.996063 0.0766844 13.4032 -0.783804 0.0823888 -0.615518 -296.068 
-0.620114 -0.0335181 0.783796 591.158 0.0440985 0.996018 0.0774828 13.4229 -0.783272 0.0826124 -0.616166 -297.004 
-0.619479 -0.0339225 0.78428 592.814 0.0458378 0.995798 0.0792772 13.4352 -0.783674 0.0850602 -0.615321 -298.099 
-0.618235 -0.0328573 0.785306 594.632 0.0459086 0.99591 0.0778107 13.5602 -0.784651 0.0841577 -0.614199 -299.58 
-0.616003 -0.0317642 0.787103 596.456 0.0447703 0.99616 0.075239 13.7042 -0.78647 0.0815863 -0.612216 -301.074 
-0.613767 -0.0306638 0.788891 598.284 0.0436245 0.996401 0.0726699 13.842 -0.788281 0.0790174 -0.610221 -302.563 
-0.613462 -0.0304584 0.789137 599.714 0.044341 0.996351 0.0729262 13.942 -0.788479 0.0797286 -0.609873 -303.516 
-0.612684 -0.0305487 0.789737 601.121 0.0440702 0.996377 0.0727319 14.0465 -0.789098 0.0793655 -0.609118 -304.477 
-0.61224 -0.0290761 0.790137 602.83 0.0449007 0.996432 0.0714589 14.1366 -0.789396 0.0792277 -0.60875 -305.708 
-0.611252 -0.0288043 0.790911 604.708 0.0461368 0.996341 0.0719424 14.2485 -0.79009 0.0804651 -0.607687 -307.186 
