1 -4.23778e-08 4.22719e-08 0 -4.23778e-08 1 -4.19404e-08 0 4.22719e-08 -4.19404e-08 1 0 
0.999997 -0.0018322 -0.00180034 0.00122496 0.00183746 0.999994 0.00297289 -0.0191048 0.00179496 -0.00297627 0.999994 1.48757 
0.999991 -0.00255634 -0.00346358 -0.00343688 0.00256853 0.99999 0.0035443 -0.0246181 0.00345457 -0.00355325 0.999988 3.02688 
0.999988 -0.000510521 -0.00476073 -0.0506445 0.000527643 0.999993 0.00361356 -0.0623609 0.00475894 -0.00361612 0.999982 4.56208 
0.99998 -0.000139794 -0.00633069 -0.0907397 0.000162789 0.999993 0.00364522 -0.0798198 0.00633022 -0.00364627 0.999973 6.0746 
0.999968 -0.00029404 -0.00793879 -0.12072 0.00032125 0.999994 0.003437 -0.0837317 0.00793782 -0.00343952 0.999962 7.5758 
0.999952 -0.000602506 -0.00981415 -0.150348 0.000644215 0.999991 0.00425587 -0.113056 0.00981158 -0.00426208 0.999943 9.04046 
0.999929 -0.00259263 -0.0116305 -0.164694 0.00263249 0.999991 0.00342096 -0.130868 0.0116216 -0.00345142 0.999926 10.5352 
0.999902 -0.00387745 -0.0134313 -0.196366 0.00393066 0.999984 0.00394384 -0.154599 0.0134158 -0.00399633 0.999902 12.0415 
0.99989 -0.00337633 -0.0144571 -0.263846 0.00343392 0.999986 0.00396617 -0.169941 0.0144436 -0.00401546 0.999888 13.5743 
0.999868 -0.00277398 -0.0160003 -0.298492 0.00284248 0.999987 0.00426497 -0.190018 0.0159883 -0.00430997 0.999863 15.0516 
0.999852 -0.000970356 -0.0171746 -0.343297 0.00105158 0.999988 0.00472573 -0.204892 0.0171699 -0.00474318 0.999841 16.5374 
0.999841 0.000373342 -0.0178027 -0.38637 -0.000273423 0.999984 0.00561939 -0.219208 0.0178046 -0.00561372 0.999826 18.022 
0.999825 0.000948515 -0.018675 -0.429487 -0.000842448 0.999983 0.00569111 -0.214928 0.0186802 -0.00567447 0.999809 19.5199 
0.999815 0.00150207 -0.0191811 -0.47795 -0.0013918 0.999982 0.0057657 -0.236208 0.0191896 -0.00573802 0.999799 20.9831 
0.999796 0.0021009 -0.0200884 -0.51577 -0.00198682 0.999982 0.00570154 -0.245273 0.0201001 -0.00566055 0.999782 22.4446 
0.999784 0.00255895 -0.0206369 -0.561769 -0.00243107 0.999978 0.00622368 -0.257247 0.0206525 -0.00617225 0.999768 23.8974 
0.999774 0.00265678 -0.0211114 -0.598764 -0.00250244 0.99997 0.00733761 -0.264334 0.0211304 -0.00728321 0.99975 25.3934 
0.999769 0.00286035 -0.021294 -0.636816 -0.00273466 0.999979 0.00593316 -0.27839 0.0213106 -0.00587364 0.999756 26.8663 
0.99976 0.00356488 -0.021626 -0.684631 -0.00347501 0.999985 0.00419587 -0.300557 0.0216407 -0.0041198 0.999757 28.2475 
0.999767 0.00146395 -0.0215232 -0.729997 -0.00137316 0.99999 0.00423629 -0.326573 0.0215293 -0.00420583 0.999759 29.6445 
0.999763 0.0005148 -0.0217506 -0.762896 -0.000373702 0.999979 0.0064945 -0.331885 0.0217536 -0.00648492 0.999742 31.0685 
0.999759 -0.000951434 -0.0219469 -0.809569 0.00112596 0.999968 0.00794511 -0.345445 0.0219387 -0.00796799 0.999727 32.4636 
0.999759 -0.00195389 -0.021878 -0.859461 0.0021095 0.999973 0.00709591 -0.353938 0.0218636 -0.00714044 0.999735 33.883 
0.999765 -0.00241354 -0.0215407 -0.913541 0.00253591 0.999981 0.00565928 -0.371244 0.0215267 -0.00571266 0.999752 35.2537 
0.999778 -0.00129044 -0.0210131 -0.965213 0.00139448 0.999987 0.00494138 -0.389221 0.0210065 -0.00496968 0.999767 36.6125 
0.999804 -0.000436172 -0.0197777 -1.02427 0.00050748 0.999993 0.0036048 -0.399666 0.0197761 -0.00361422 0.999798 37.9537 
0.999831 0.000278266 -0.0184003 -1.05955 -0.000196914 0.99999 0.00442746 -0.412672 0.0184015 -0.00442318 0.999821 39.2483 
0.999854 0.00131115 -0.0170265 -1.10102 -0.00120394 0.999979 0.00631006 -0.423489 0.0170345 -0.00628872 0.999835 40.5588 
0.999881 0.000322784 -0.0154121 -1.14783 -0.000206593 0.999971 0.00754539 -0.443899 0.0154141 -0.00754139 0.999853 41.8615 
0.999906 0.000601417 -0.0137266 -1.17721 -0.000484214 0.999963 0.00854619 -0.467057 0.0137313 -0.00853882 0.999869 43.1441 
0.999944 0.000326145 -0.0105261 -1.19131 -0.000239244 0.999966 0.008264 -0.482186 0.0105285 -0.00826111 0.99991 44.3866 
0.999967 -0.0003859 -0.00813663 -1.19711 0.000433673 0.999983 0.00588077 -0.480342 0.0081343 -0.00588418 0.99995 45.6732 
0.999986 -0.000755578 -0.00522511 -1.21154 0.00077832 0.99999 0.00436792 -0.494726 0.00522184 -0.00437201 0.999977 46.9217 
0.999999 -0.00058495 -0.00107174 -1.23386 0.00059026 0.999987 0.0050404 -0.512487 0.00106886 -0.00504111 0.999987 48.1251 
0.999992 4.00058e-05 0.00404608 -1.24199 -6.04589e-05 0.999987 0.00503411 -0.53282 -0.00404574 -0.0050344 0.999979 49.3209 
0.999948 0.00112279 0.0101331 -1.23957 -0.00116464 0.999991 0.00411666 -0.54945 -0.0101283 -0.00412833 0.99994 50.5501 
0.99985 0.0023573 0.0171648 -1.23659 -0.00242676 0.999989 0.00402175 -0.561151 -0.0171551 -0.00406288 0.999845 51.7479 
0.999668 0.00371401 0.0254942 -1.22281 -0.00384371 0.99998 0.00503733 -0.57413 -0.0254749 -0.00513373 0.999662 52.9234 
0.999346 0.00595688 0.0356772 -1.20505 -0.006157 0.999966 0.00549942 -0.584226 -0.0356431 -0.00571557 0.999348 54.0816 
0.998809 0.00816558 0.0480945 -1.16385 -0.00844882 0.999948 0.00568705 -0.601763 -0.0480455 -0.0060867 0.998827 55.2072 
0.997987 0.00989763 0.0626405 -1.11055 -0.0103156 0.999927 0.0063513 -0.616458 -0.062573 -0.00698477 0.998016 56.3334 
0.996848 0.0119381 0.0784271 -1.03587 -0.0125668 0.999893 0.00752635 -0.631116 -0.0783288 -0.00848829 0.996891 57.4529 
0.995347 0.0120529 0.095594 -0.942745 -0.0128828 0.999884 0.00806798 -0.638243 -0.0954857 -0.00926204 0.995388 58.5652 
0.993368 0.0112295 0.114429 -0.830068 -0.0121473 0.999899 0.00732528 -0.65209 -0.114336 -0.00866678 0.993404 59.6721 
0.990869 0.0103008 0.13443 -0.697192 -0.0112607 0.999916 0.00638133 -0.659491 -0.134353 -0.00783692 0.990902 60.751 
0.987835 0.0077981 0.155307 -0.541864 -0.00887861 0.999941 0.00626423 -0.671449 -0.155249 -0.00756702 0.987846 61.8236 
0.984303 0.00228484 0.17647 -0.355115 -0.00381364 0.999958 0.00832402 -0.676452 -0.176444 -0.00886643 0.984271 62.8771 
0.979933 -0.00343812 0.199299 -0.142665 0.00153586 0.999952 0.00969811 -0.685112 -0.199322 -0.00919747 0.979891 63.9209 
0.974769 -0.00870301 0.223048 0.0832981 0.00681293 0.999934 0.00924159 -0.695211 -0.223114 -0.00748888 0.974764 64.9384 
0.968613 -0.0146763 0.248139 0.336121 0.0131639 0.999883 0.00775295 -0.703508 -0.248224 -0.0042432 0.968693 65.9448 
0.961501 -0.0186376 0.27417 0.61749 0.0169643 0.99982 0.00847308 -0.710395 -0.274278 -0.00349586 0.961644 66.9206 
0.953154 -0.0212063 0.301739 0.910513 0.0189264 0.999766 0.0104774 -0.713169 -0.301891 -0.00427577 0.953333 67.8888 
0.943795 -0.0254448 0.329549 1.24963 0.0223039 0.999663 0.0133084 -0.715603 -0.329776 -0.00521022 0.944045 68.8394 
0.933262 -0.0289438 0.358029 1.59694 0.0259796 0.999577 0.0130876 -0.722146 -0.358256 -0.00291279 0.933619 69.7578 
0.921658 -0.0286436 0.386945 1.97084 0.0271828 0.999588 0.00924799 -0.726262 -0.387051 0.00199473 0.922056 70.6573 
0.908905 -0.0301122 0.415915 2.36653 0.0313751 0.9995 0.00379905 -0.732002 -0.415821 0.00959634 0.909396 71.5386 
0.89497 -0.0313795 0.44502 2.77555 0.0341652 0.999415 0.00176208 -0.742713 -0.444815 0.0136272 0.895519 72.3752 
0.879531 -0.032043 0.474761 3.20726 0.0337707 0.999418 0.0048907 -0.751153 -0.474641 0.0117314 0.880101 73.2238 
0.862043 -0.0311072 0.50588 3.66334 0.0296271 0.999501 0.0109743 -0.769364 -0.505968 0.00552735 0.862534 74.0464 
0.842819 -0.0308792 0.53731 4.15755 0.0273818 0.99952 0.0144915 -0.773545 -0.5375 0.00249879 0.84326 74.8396 
0.822109 -0.0248307 0.568788 4.67968 0.023291 0.999679 0.00997704 -0.779714 -0.568853 0.00504539 0.822424 75.6151 
0.800443 -0.018123 0.599134 5.21993 0.0203992 0.999787 0.0029887 -0.78446 -0.599061 0.0098295 0.800643 76.3579 
0.778388 -0.0159937 0.627579 5.80474 0.0197653 0.999804 0.000964619 -0.789065 -0.627472 0.0116534 0.778552 77.0911 
0.755741 -0.0185381 0.654608 6.42994 0.0208991 0.999773 0.00418484 -0.798843 -0.654537 0.010518 0.755957 77.7947 
0.731747 -0.0187157 0.681319 7.05084 0.0209265 0.999768 0.00498796 -0.808864 -0.681255 0.0106077 0.731969 78.4666 
0.707098 -0.0172991 0.706904 7.69145 0.0221851 0.999751 0.00227422 -0.820436 -0.706767 0.0140746 0.707306 79.1003 
0.681158 -0.0148623 0.731985 8.3376 0.0219432 0.999759 -0.000120496 -0.828259 -0.731807 0.0161442 0.68132 79.7165 
0.654939 -0.0124018 0.75558 9.01623 0.0204156 0.999791 -0.00128625 -0.836427 -0.755406 0.016268 0.655055 80.3024 
0.627064 -0.0108911 0.778891 9.71258 0.0198199 0.999802 -0.00197656 -0.851699 -0.778715 0.0166769 0.627156 80.8765 
0.599043 -0.00450565 0.800704 10.4391 0.0185668 0.999793 -0.00826483 -0.867427 -0.800502 0.0198175 0.599003 81.4212 
0.569136 0.00486619 0.822229 11.1726 0.016914 0.999702 -0.0176243 -0.89016 -0.822069 0.0239378 0.568884 81.9436 
0.538548 0.0132837 0.84249 11.9336 0.0156268 0.999546 -0.0257493 -0.911872 -0.84245 0.0270327 0.538096 82.4383 
0.50721 0.0181707 0.861631 12.7259 0.0131786 0.999497 -0.0288359 -0.937235 -0.861722 0.0259809 0.506715 82.911 
0.474813 0.0178366 0.879906 13.5319 0.0110353 0.999595 -0.0262178 -0.969636 -0.880017 0.0221585 0.474424 83.361 
0.441956 0.0163573 0.896888 14.3526 0.00643429 0.99975 -0.021404 -1.00282 -0.897014 0.0152304 0.44174 83.7748 
0.407678 0.0178407 0.912952 15.1959 0.00194085 0.99979 -0.0204044 -1.03225 -0.913124 0.0100903 0.407557 84.1714 
0.372465 0.0209131 0.92781 16.062 -0.00504126 0.999777 -0.0205115 -1.06122 -0.928032 0.00296249 0.372488 84.5439 
0.337177 0.0232958 0.941153 16.954 -0.0101097 0.999726 -0.0211239 -1.08296 -0.941387 -0.00239233 0.33732 84.8725 
0.30154 0.022426 0.95319 17.8491 -0.0125451 0.99973 -0.0195525 -1.11146 -0.953371 -0.00606198 0.30174 85.1651 
0.265709 0.0219533 0.963803 18.7696 -0.013246 0.999729 -0.01912 -1.13825 -0.963962 -0.00768619 0.265928 85.4291 
0.230242 0.0216323 0.972893 19.701 -0.0132514 0.99973 -0.0190931 -1.16113 -0.973043 -0.00849619 0.230466 85.6539 
0.194697 0.0203421 0.980652 20.6339 -0.0111092 0.999766 -0.0185331 -1.18445 -0.9808 -0.00728594 0.194878 85.8474 
0.160395 0.0191658 0.986867 21.5953 -0.00358603 0.999816 -0.0188346 -1.21285 -0.987046 -0.000517978 0.160434 86.0015 
0.126576 0.0227495 0.991696 22.5556 -0.00154296 0.99974 -0.0227372 -1.23705 -0.991956 0.00134783 0.126578 86.1305 
0.0940931 0.0281874 0.995164 23.5264 -0.000978576 0.999601 -0.0282206 -1.26059 -0.995563 0.00168152 0.0940832 86.2283 
0.0649262 0.0319356 0.997379 24.4874 0.00634786 0.999454 -0.0324154 -1.29516 -0.99787 0.00843583 0.064688 86.2957 
0.039015 0.0302457 0.998781 25.4817 0.00778081 0.999502 -0.0305716 -1.32493 -0.999208 0.00896408 0.0387603 86.3525 
0.0165527 0.0270726 0.999496 26.4682 0.00983457 0.999581 -0.0272379 -1.36369 -0.999815 0.0102805 0.0162795 86.3802 
-0.00213003 0.0246023 0.999695 27.4381 0.00996503 0.999648 -0.02458 -1.39827 -0.999948 0.00990964 -0.00237444 86.391 
-0.0191586 0.02756 0.999436 28.431 0.0118524 0.999556 -0.0273362 -1.43404 -0.999746 0.011322 -0.0194767 86.3855 
-0.0332686 0.0320379 0.998933 29.4107 0.014493 0.999396 -0.0315701 -1.47095 -0.999341 0.0134272 -0.0337128 86.3521 
-0.0451679 0.0371073 0.99829 30.4079 0.0196646 0.999149 -0.0362496 -1.50804 -0.998786 0.0179936 -0.0458592 86.3094 
-0.0541388 0.0401134 0.997727 31.4069 0.0249548 0.998935 -0.038808 -1.55514 -0.998221 0.022797 -0.0550822 86.2623 
-0.0604202 0.0454306 0.997139 32.4246 0.0281314 0.998644 -0.0437947 -1.60495 -0.997776 0.0254048 -0.0616163 86.2089 
-0.0631998 0.0500899 0.996743 33.4475 0.0307873 0.998362 -0.0482192 -1.65408 -0.997526 0.0276396 -0.0646385 86.1414 
-0.0659348 0.0541269 0.996355 34.4562 0.0332194 0.998093 -0.0520231 -1.71259 -0.997271 0.0296682 -0.0676071 86.0784 
-0.0688357 0.0570861 0.995993 35.4651 0.0328619 0.997949 -0.0549271 -1.77293 -0.997087 0.0289493 -0.0705705 86.0224 
-0.0710048 0.060551 0.995636 36.5028 0.0341827 0.997717 -0.0582399 -1.83965 -0.99689 0.0298983 -0.0729125 85.9586 
-0.0728993 0.0640867 0.995278 37.5124 0.0355633 0.997466 -0.0616228 -1.90607 -0.996705 0.0309031 -0.0749936 85.8927 
-0.0751164 0.0653701 0.99503 38.5148 0.0380558 0.99731 -0.0626471 -1.97794 -0.996448 0.0331609 -0.077402 85.8218 
-0.0768724 0.0641272 0.994976 39.5327 0.0386864 0.99737 -0.0612926 -2.05177 -0.99629 0.0337803 -0.0791511 85.7451 
-0.0788844 0.0636245 0.994851 40.5548 0.0383772 0.997415 -0.0607455 -2.12761 -0.996145 0.0333877 -0.0811223 85.6686 
-0.0811466 0.0648925 0.994587 41.5932 0.0379561 0.997356 -0.0619764 -2.19609 -0.995979 0.0327215 -0.0833951 85.5829 
-0.0839987 0.067323 0.994189 42.6153 0.0369606 0.997239 -0.0644068 -2.26142 -0.99578 0.0313358 -0.0862551 85.5143 
-0.0865589 0.0694898 0.99382 43.6324 0.0347303 0.997168 -0.0666991 -2.33662 -0.995641 0.0287423 -0.0887272 85.435 
-0.0887807 0.0730734 0.993367 44.6641 0.032719 0.996981 -0.0704151 -2.4143 -0.995514 0.0262505 -0.0909036 85.3486 
-0.0910352 0.0769961 0.992867 45.691 0.0299589 0.996767 -0.0745518 -2.50249 -0.995397 0.0229583 -0.0930476 85.2664 
-0.093278 0.0794866 0.992462 46.7265 0.0272716 0.996638 -0.077258 -2.58529 -0.995266 0.0198596 -0.0951322 85.1814 
-0.0957866 0.0785256 0.9923 47.7772 0.0252606 0.996754 -0.0764398 -2.66154 -0.995081 0.0177442 -0.0974593 85.0878 
-0.099077 0.07417 0.992312 48.8139 0.0221627 0.997135 -0.0723178 -2.7494 -0.994833 0.0148273 -0.100437 85.0174 
-0.101105 0.0723696 0.99224 49.8396 0.0226561 0.99726 -0.0704273 -2.83374 -0.994618 0.0153598 -0.102467 84.9163 
-0.103261 0.0726379 0.991998 50.8899 0.0221784 0.99725 -0.0707139 -2.91717 -0.994407 0.014699 -0.104588 84.8259 
-0.105181 0.0750707 0.991615 51.9319 0.0246182 0.997037 -0.07287 -3.01262 -0.994148 0.0167473 -0.106717 84.7471 
-0.105713 0.0777259 0.991354 52.9911 0.0251436 0.996831 -0.0754741 -3.09697 -0.994079 0.0169476 -0.107332 84.6369 
-0.106314 0.0783506 0.991241 54.0291 0.023736 0.996806 -0.0762448 -3.18506 -0.994049 0.0154222 -0.107835 84.546 
-0.105962 0.0769491 0.991388 55.0873 0.0212069 0.996949 -0.0751141 -3.27055 -0.994144 0.013065 -0.107271 84.4476 
-0.105681 0.0763288 0.991466 56.1652 0.017779 0.997035 -0.0748625 -3.36194 -0.994241 0.00971573 -0.106725 84.34 
-0.106509 0.0776113 0.991278 57.2296 0.0137999 0.996968 -0.0765742 -3.44581 -0.994216 0.0055237 -0.107258 84.2621 
-0.106706 0.0779111 0.991233 58.2915 0.0093012 0.99696 -0.07736 -3.5338 -0.994247 0.000964865 -0.107107 84.168 
-0.107042 0.0774225 0.991235 59.3912 0.00645474 0.996997 -0.0771755 -3.62158 -0.994233 -0.00186284 -0.10722 84.0659 
-0.107246 0.0730565 0.991545 60.4974 0.00656634 0.997327 -0.0727724 -3.6974 -0.994211 -0.00129373 -0.107439 83.9619 
-0.107804 0.0641086 0.992103 61.6076 0.0100234 0.997938 -0.0633966 -3.78402 -0.994122 0.00310984 -0.108225 83.8593 
-0.107234 0.0586001 0.992505 62.7159 0.0145621 0.998247 -0.0573658 -3.86328 -0.994127 0.00830137 -0.1079 83.7398 
-0.106898 0.0604325 0.992432 63.8093 0.0235708 0.998025 -0.0582343 -3.94569 -0.99399 0.0171673 -0.108111 83.6275 
-0.105953 0.0660458 0.992175 64.8909 0.0286174 0.997581 -0.0633498 -4.01251 -0.993959 0.0216813 -0.107587 83.5218 
-0.104639 0.0716162 0.991928 65.9911 0.0320785 0.997128 -0.0686077 -4.08981 -0.993993 0.0246406 -0.106635 83.409 
-0.103939 0.075722 0.991697 67.1004 0.0328121 0.996816 -0.0726739 -4.17507 -0.994042 0.024986 -0.106093 83.2993 
-0.103859 0.0732173 0.991893 68.2412 0.0309924 0.997041 -0.0703522 -4.25873 -0.994109 0.0234344 -0.105821 83.2021 
-0.103469 0.0689317 0.992241 69.3862 0.0300924 0.997356 -0.0661491 -4.33903 -0.994177 0.0230145 -0.10527 83.0884 
-0.102253 0.0668899 0.992507 70.5034 0.0276573 0.997542 -0.0643799 -4.41446 -0.994374 0.020867 -0.103852 82.9524 
-0.101802 0.0675062 0.992512 71.6268 0.0264985 0.997525 -0.0651293 -4.50056 -0.994452 0.0196698 -0.103339 82.8484 
-0.101617 0.0726287 0.992169 72.7709 0.0273882 0.997158 -0.0701889 -4.5837 -0.994446 0.0200413 -0.103317 82.7515 
-0.101148 0.075045 0.992037 73.8873 0.0265716 0.996999 -0.0727112 -4.66391 -0.994516 0.0190054 -0.102839 82.6666 
-0.100811 0.0736779 0.992174 75.0375 0.0272407 0.997085 -0.0712748 -4.75691 -0.994533 0.0198422 -0.102524 82.5735 
-0.0999406 0.0669546 0.992738 76.191 0.0286862 0.997512 -0.0643888 -4.83592 -0.99458 0.0220429 -0.101613 82.4635 
-0.100441 0.0652307 0.992802 77.3447 0.0284051 0.99763 -0.0626742 -4.91959 -0.994537 0.0219056 -0.102056 82.3621 
-0.0995922 0.0686216 0.992659 78.501 0.0258391 0.997461 -0.0663612 -4.99339 -0.994693 0.0190404 -0.101112 82.2554 
-0.0993794 0.0717019 0.992463 79.6619 0.0250658 0.997264 -0.0695389 -5.07386 -0.994734 0.0179662 -0.100905 82.1588 
-0.0992694 0.0712317 0.992508 80.8387 0.024515 0.997307 -0.0691242 -5.15627 -0.994758 0.0174694 -0.100748 82.0538 
-0.0991757 0.0678261 0.992756 82.0179 0.0243769 0.99754 -0.0657178 -5.2423 -0.994771 0.0176827 -0.100585 81.9521 
-0.0983336 0.0667412 0.992913 83.2025 0.0254382 0.997591 -0.0645364 -5.32584 -0.994828 0.0189118 -0.0997945 81.85 
-0.0971554 0.0671226 0.993003 84.3796 0.0262811 0.997548 -0.0648585 -5.40726 -0.994922 0.0197959 -0.0986813 81.7424 
-0.0962936 0.0672568 0.993078 85.599 0.0288894 0.997483 -0.064754 -5.48704 -0.994934 0.022454 -0.0979942 81.6474 
-0.0956302 0.0677534 0.993108 86.7914 0.0289877 0.997447 -0.0652581 -5.5489 -0.994995 0.0225473 -0.0973501 81.5519 
-0.095186 0.0683606 0.993109 87.9843 0.0305438 0.99737 -0.0657265 -5.63136 -0.994991 0.0240771 -0.0970237 81.4646 
-0.0940684 0.0663484 0.993352 89.1815 0.0311601 0.997484 -0.0636736 -5.72082 -0.995078 0.0249633 -0.0958992 81.3605 
-0.0934879 0.065494 0.993464 90.4048 0.0292329 0.997584 -0.0630148 -5.80406 -0.995191 0.0231508 -0.0951766 81.275 
-0.0923624 0.0651148 0.993594 91.6017 0.0303312 0.99758 -0.0625566 -5.87861 -0.995263 0.024359 -0.0941139 81.1881 
-0.0906902 0.0660348 0.993687 92.8187 0.0280597 0.997572 -0.0637322 -5.95941 -0.995484 0.0221027 -0.0923229 81.0921 
-0.0890056 0.0689688 0.99364 94.0394 0.0281849 0.997375 -0.0667034 -6.04209 -0.995632 0.0220687 -0.0907158 80.9868 
-0.0878965 0.0678087 0.993819 95.2661 0.0252462 0.997511 -0.0658279 -6.13103 -0.99581 0.0193041 -0.0893896 80.8908 
-0.0877016 0.0659085 0.993964 96.4863 0.0214134 0.997703 -0.0642671 -6.23016 -0.995917 0.0156478 -0.0889114 80.8072 
-0.0873564 0.0668172 0.993934 97.7337 0.0177223 0.997694 -0.0655125 -6.31326 -0.996019 0.0118919 -0.0883391 80.7184 
-0.0876499 0.0667466 0.993913 98.9909 0.0159779 0.997718 -0.0655933 -6.40126 -0.996023 0.0101314 -0.0885164 80.6234 
-0.0887642 0.0640979 0.993988 100.26 0.012998 0.997917 -0.0631906 -6.49285 -0.995968 0.00731079 -0.0894125 80.5355 
-0.0895977 0.0626542 0.994005 101.513 0.0106453 0.998023 -0.061948 -6.58295 -0.995921 0.00503108 -0.0900875 80.4318 
-0.091053 0.0622241 0.9939 102.776 0.00877843 0.998057 -0.0616802 -6.66637 -0.995807 0.00310872 -0.0914223 80.3351 
-0.0923767 0.0625817 0.993755 104.034 0.00894243 0.998035 -0.06202 -6.74951 -0.995684 0.00315739 -0.0927548 80.231 
-0.0944335 0.061432 0.993634 105.296 0.00935192 0.998105 -0.0608197 -6.83147 -0.995487 0.00354897 -0.094829 80.1232 
-0.097364 0.0566512 0.993635 106.564 0.00700352 0.998393 -0.0562363 -6.91734 -0.995224 0.00148357 -0.0976043 80.0215 
-0.10158 0.0564175 0.993226 107.821 0.00647368 0.998407 -0.0560498 -7.00052 -0.994806 0.000736314 -0.101783 79.9087 
-0.107459 0.0626124 0.992236 109.049 0.00166057 0.998025 -0.0627979 -7.08215 -0.994208 -0.00510054 -0.107351 79.8017 
-0.114587 0.0660524 0.991215 110.285 0.00263578 0.997804 -0.0661869 -7.16437 -0.99341 -0.00497149 -0.114509 79.6838 
-0.123749 0.0621662 0.990364 111.541 0.00399813 0.998059 -0.0621497 -7.25386 -0.992305 -0.00373133 -0.123757 79.5428 
-0.134673 0.0598783 0.989079 112.79 0.00668016 0.998205 -0.0595212 -7.34592 -0.990867 -0.00140871 -0.134832 79.3845 
-0.147964 0.0606961 0.987128 114.019 0.00691266 0.998154 -0.0603379 -7.42987 -0.988969 -0.00210413 -0.14811 79.2199 
-0.162299 0.0609774 0.984856 115.244 0.00893475 0.998139 -0.0603275 -7.50874 -0.986701 -0.000991614 -0.162541 79.0363 
-0.176641 0.058323 0.982546 116.474 0.00970551 0.998297 -0.0575132 -7.60004 -0.984227 -0.000623081 -0.176906 78.8423 
-0.19207 0.0605091 0.979514 117.656 0.0140239 0.998165 -0.0589114 -7.6842 -0.981281 0.0024215 -0.192566 78.6224 
-0.207498 0.0637461 0.976156 118.839 0.014779 0.997965 -0.0620289 -7.77033 -0.978124 0.00155573 -0.208018 78.3899 
-0.222179 0.0679983 0.972632 120.016 0.0151024 0.997685 -0.0663001 -7.85162 -0.974889 -4.14353e-05 -0.222692 78.1266 
-0.237961 0.0662981 0.969009 121.196 0.0115955 0.99779 -0.0654199 -7.93515 -0.971205 -0.00433118 -0.238204 77.8577 
-0.25389 0.0603915 0.965346 122.382 0.00620454 0.99813 -0.0608107 -8.02677 -0.967213 -0.00944971 -0.25379 77.5778 
-0.269554 0.0563615 0.961335 123.561 0.00164797 0.998311 -0.0580674 -8.10712 -0.962984 -0.014068 -0.269191 77.2709 
-0.284751 0.0578374 0.956855 124.717 0.000474145 0.998186 -0.0601947 -8.19042 -0.958601 -0.0166868 -0.284262 76.9504 
-0.299334 0.0598705 0.952268 125.867 0.000430798 0.998038 -0.0626127 -8.27392 -0.954148 -0.0183319 -0.298773 76.6093 
-0.312965 0.0621896 0.947726 127.017 0.00205578 0.997896 -0.0648029 -8.36143 -0.949763 -0.0183327 -0.312434 76.243 
-0.326313 0.0626121 0.943186 128.15 0.0047245 0.997899 -0.0646098 -8.44289 -0.94525 -0.0166269 -0.325923 75.8376 
-0.340786 0.0608177 0.938172 129.27 0.00425984 0.997995 -0.0631485 -8.52962 -0.940131 -0.0175237 -0.340362 75.4612 
-0.35496 0.0595941 0.93298 130.413 0.00415911 0.998057 -0.0621686 -8.61631 -0.934872 -0.0181869 -0.354518 75.0343 
-0.369645 0.0612494 0.927152 131.531 0.00304744 0.997899 -0.0647082 -8.70334 -0.929168 -0.0210936 -0.369055 74.6051 
-0.384363 0.0634914 0.920996 132.644 0.00423308 0.997743 -0.0670157 -8.7893 -0.923172 -0.0218597 -0.383765 74.1498 
-0.399068 0.0651535 0.914604 133.745 0.00498901 0.997612 -0.0688899 -8.8725 -0.916908 -0.0229288 -0.39844 73.6848 
-0.413526 0.067806 0.907964 134.823 0.00817458 0.997459 -0.0707665 -8.96771 -0.910455 -0.0218416 -0.41303 73.209 
-0.42851 0.0715777 0.900697 135.91 0.00766093 0.997109 -0.0755949 -9.05528 -0.903505 -0.0254929 -0.427819 72.7143 
-0.443783 0.0739787 0.893075 136.999 0.00903186 0.996905 -0.0780916 -9.15145 -0.896089 -0.0265896 -0.443078 72.1901 
-0.459548 0.0711519 0.885298 138.086 0.00732489 0.997055 -0.0763317 -9.24923 -0.888123 -0.0285934 -0.458716 71.6627 
-0.475873 0.0663968 0.877004 139.167 0.0039 0.997296 -0.0733878 -9.35018 -0.879505 -0.0315029 -0.474845 71.1099 
-0.491955 0.0670476 0.868035 140.242 0.00394094 0.997191 -0.0747903 -9.44288 -0.870611 -0.0333726 -0.490838 70.5237 
-0.508264 0.0662928 0.858646 141.325 0.00244704 0.99714 -0.075537 -9.53723 -0.861198 -0.0362916 -0.506972 69.921 
-0.524026 0.064985 0.849219 142.388 0.00120448 0.99714 -0.0755612 -9.63656 -0.851701 -0.0385731 -0.522606 69.2878 
-0.5396 0.0644451 0.839451 143.426 -0.000237035 0.997054 -0.0766968 -9.73907 -0.841921 -0.0415846 -0.537996 68.6433 
-0.555084 0.0639159 0.829335 144.468 -0.000395315 0.997023 -0.077104 -9.83636 -0.831794 -0.043127 -0.553406 67.973 
-0.570974 0.0612897 0.818677 145.515 -0.000972421 0.997158 -0.0753298 -9.93616 -0.820968 -0.0438074 -0.569291 67.2814 
-0.586476 0.0579029 0.807894 146.552 -0.00053918 0.997413 -0.0718775 -10.0368 -0.809966 -0.04259 -0.584928 66.5679 
-0.601512 0.0557948 0.796913 147.566 -0.000514888 0.997531 -0.0702295 -10.1381 -0.798863 -0.0426542 -0.599998 65.8276 
-0.616344 0.0542588 0.785605 148.565 -0.00143046 0.997545 -0.070019 -10.2328 -0.787476 -0.0442796 -0.614753 65.0659 
-0.631294 0.0554352 0.77356 149.562 -0.00246304 0.997294 -0.0734787 -10.3338 -0.77554 -0.0482919 -0.629449 64.2788 
-0.646796 0.0547478 0.760696 150.541 -0.00479789 0.997108 -0.0758421 -10.4397 -0.762648 -0.0527041 -0.644663 63.4859 
-0.662958 0.0516266 0.746874 151.525 -0.00662177 0.997176 -0.0748062 -10.5387 -0.748627 -0.054539 -0.660744 62.654 
-0.68002 0.0437713 0.731886 152.509 -0.0104003 0.99754 -0.0693224 -10.6478 -0.73312 -0.0547524 -0.677892 61.8017 
-0.697101 0.0413276 0.715781 153.463 -0.0114477 0.997568 -0.0687464 -10.7482 -0.716882 -0.0561172 -0.694933 60.904 
-0.714934 0.0386154 0.698125 154.392 -0.0137135 0.997507 -0.0692189 -10.8408 -0.699058 -0.0590606 -0.712622 60.0047 
-0.732879 0.0350504 0.679455 155.308 -0.0170334 0.997414 -0.0698254 -10.9294 -0.680145 -0.062747 -0.730387 59.0596 
-0.749679 0.0339412 0.660931 156.169 -0.0157551 0.997486 -0.0690952 -11.0281 -0.661614 -0.0622123 -0.747259 58.1207 
-0.766093 0.0361286 0.641713 157.011 -0.0133976 0.997304 -0.0721429 -11.1299 -0.64259 -0.0638657 -0.763544 57.1582 
-0.781292 0.0357839 0.623139 157.833 -0.010604 0.99745 -0.0705741 -11.2194 -0.624075 -0.0617468 -0.778921 56.1394 
-0.796485 0.037049 0.603522 158.639 -0.00623905 0.997564 -0.0694724 -11.331 -0.604626 -0.0590991 -0.794314 55.1444 
-0.811145 0.0381333 0.5836 159.404 -0.00474533 0.99741 -0.0717678 -11.4348 -0.584826 -0.0609834 -0.808863 54.1129 
-0.824779 0.0400791 0.564032 160.14 -0.0037148 0.997079 -0.0762828 -11.5311 -0.565442 -0.0650117 -0.822222 53.0586 
-0.838177 0.0406853 0.543878 160.862 -0.00113673 0.997081 -0.0763393 -11.6334 -0.545397 -0.0646041 -0.835684 51.9911 
-0.850903 0.0386535 0.523898 161.564 -6.8878e-06 0.997288 -0.0735917 -11.7431 -0.525323 -0.062623 -0.848596 50.932 
-0.861742 0.039933 0.505772 162.229 0.00206188 0.997165 -0.0752176 -11.8493 -0.507342 -0.0637753 -0.859381 49.8392 
-0.871559 0.0427427 0.488423 162.868 0.00501187 0.996917 -0.0782985 -11.9604 -0.490264 -0.0657939 -0.869087 48.7653 
-0.881741 0.0403914 0.470001 163.586 0.00303531 0.996793 -0.079969 -12.0729 -0.471723 -0.0690854 -0.879036 47.6316 
-0.890492 0.0376773 0.453436 164.239 0.00207974 0.996892 -0.0787505 -12.1925 -0.454994 -0.0691836 -0.887803 46.4813 
-0.898391 0.0352667 0.437778 164.851 0.00074641 0.996892 -0.0787763 -12.32 -0.439196 -0.0704452 -0.895625 45.3542 
-0.904987 0.033462 0.424122 165.441 0.000400021 0.996968 -0.0778045 -12.4442 -0.42544 -0.0702424 -0.902257 44.1476 
-0.911827 0.0310169 0.409402 166.017 -0.000692671 0.997025 -0.0770789 -12.5562 -0.410575 -0.0705661 -0.909092 43.0016 
-0.91779 0.0259862 0.396215 166.549 -0.00335431 0.997313 -0.0731799 -12.6628 -0.397052 -0.0684928 -0.915237 41.843 
-0.922982 0.022685 0.384175 167.065 -0.00428841 0.997593 -0.0692094 -12.7775 -0.38482 -0.0655265 -0.920663 40.6514 
-0.927552 0.0230719 0.372981 167.575 -0.00185182 0.997796 -0.0663272 -12.8699 -0.373689 -0.0622126 -0.925465 39.4474 
-0.930972 0.0273703 0.364064 168.059 0.00293061 0.997714 -0.0675141 -12.9733 -0.365079 -0.0617868 -0.928924 38.2765 
-0.93328 0.0327033 0.357657 168.523 0.0083175 0.997547 -0.0695093 -13.0618 -0.359053 -0.0618969 -0.931262 37.0974 
-0.935266 0.0358054 0.352128 168.984 0.0110078 0.997331 -0.0721743 -13.1569 -0.353773 -0.0636261 -0.933165 35.9218 
-0.937618 0.032685 0.346126 169.485 0.00880429 0.997484 -0.0703435 -13.2717 -0.347554 -0.062908 -0.935547 34.7296 
-0.939641 0.0250856 0.34124 169.958 0.00227267 0.997744 -0.0670892 -13.3658 -0.342154 -0.0622643 -0.937579 33.5213 
-0.94137 0.0190147 0.33684 170.415 -0.00346285 0.997813 -0.0660045 -13.4542 -0.337359 -0.063301 -0.939245 32.306 
-0.943424 0.0120277 0.331371 170.888 -0.010888 0.997679 -0.0672108 -13.5505 -0.331411 -0.0670162 -0.941103 31.1073 
-0.944961 0.00930753 0.32705 171.344 -0.0143649 0.997451 -0.0698918 -13.6504 -0.326867 -0.0707431 -0.942419 29.9017 
-0.945695 0.00966736 0.324911 171.776 -0.014561 0.997294 -0.0720551 -13.7469 -0.324729 -0.0728732 -0.942996 28.7133 
-0.945819 0.0107233 0.324517 172.211 -0.0138894 0.997203 -0.0734326 -13.8526 -0.324397 -0.0739613 -0.943025 27.5054 
-0.945791 0.0136478 0.324489 172.641 -0.0114495 0.997094 -0.075309 -13.9543 -0.324574 -0.0749418 -0.942887 26.3029 
-0.945772 0.0133757 0.324557 173.104 -0.0125127 0.99691 -0.0775474 -14.0504 -0.324591 -0.0774032 -0.942682 25.0975 
-0.945378 0.0138911 0.32568 173.541 -0.0128856 0.996718 -0.0799168 -14.152 -0.325721 -0.0797482 -0.942096 23.8974 
-0.944822 0.0148246 0.327248 173.976 -0.0119421 0.996753 -0.0796329 -14.258 -0.327366 -0.079147 -0.941577 22.7016 
-0.944095 0.013867 0.32938 174.411 -0.0133953 0.996676 -0.0803552 -14.3681 -0.3294 -0.0802751 -0.940772 21.5138 
-0.942902 0.0117085 0.332865 174.863 -0.0163902 0.99654 -0.0814814 -14.4662 -0.332668 -0.0822847 -0.939447 20.3359 
-0.941491 0.0102622 0.336883 175.312 -0.0175766 0.996681 -0.0794828 -14.574 -0.336581 -0.0807535 -0.938186 19.1785 
-0.939653 0.00717581 0.342053 175.796 -0.0204926 0.996804 -0.077207 -14.6735 -0.341514 -0.0795574 -0.936504 17.9717 
-0.937007 0.00529417 0.349271 176.252 -0.0221216 0.996979 -0.0744589 -14.7782 -0.34861 -0.077495 -0.934059 16.7918 
-0.934572 0.00672549 0.35571 176.719 -0.0216207 0.9969 -0.0756535 -14.8607 -0.355117 -0.0783943 -0.931529 15.6188 
-0.932501 0.00516191 0.361131 177.232 -0.0242139 0.996755 -0.0767718 -14.9577 -0.360355 -0.0803342 -0.92935 14.5098 
-0.929252 0.00871733 0.369343 177.695 -0.0218669 0.996671 -0.07854 -15.0646 -0.368798 -0.0810598 -0.925968 13.3941 
-0.924736 0.00903898 0.380502 178.167 -0.0220746 0.996761 -0.0773264 -15.179 -0.379969 -0.0799059 -0.921541 12.2396 
-0.920515 0.0104785 0.390567 178.685 -0.0223055 0.9966 -0.0793088 -15.2823 -0.39007 -0.0817167 -0.917152 11.1289 
-0.914681 0.0147137 0.403909 179.204 -0.0191176 0.996644 -0.0795993 -15.3983 -0.403725 -0.0805297 -0.911329 9.96543 
-0.9091 0.0153732 0.416293 179.735 -0.0198747 0.99658 -0.0802048 -15.5038 -0.416102 -0.0811879 -0.905686 8.85274 
-0.903015 0.0148862 0.42935 180.297 -0.0202484 0.996814 -0.0771477 -15.6128 -0.429131 -0.0783592 -0.899837 7.70677 
-0.89728 0.0166862 0.441147 180.881 -0.0197121 0.996774 -0.0777965 -15.7213 -0.441022 -0.0785011 -0.894056 6.59777 
-0.890458 0.0193045 0.454655 181.482 -0.0176397 0.996885 -0.0768754 -15.8197 -0.454723 -0.0764743 -0.887344 5.47335 
-0.882819 0.0211741 0.469235 182.066 -0.0153348 0.997152 -0.0738469 -15.9331 -0.469463 -0.0723891 -0.87998 4.37219 
-0.875187 0.0223773 0.483267 182.668 -0.0134209 0.997422 -0.0704899 -16.0455 -0.483599 -0.0681777 -0.87263 3.30711 
-0.866709 0.0260958 0.498131 183.306 -0.00864699 0.997694 -0.0673118 -16.154 -0.498739 -0.062647 -0.864485 2.19791 
-0.857847 0.0287914 0.513097 183.933 -0.00548479 0.997859 -0.065163 -16.2622 -0.513875 -0.0587141 -0.855853 1.14233 
-0.846707 0.0314966 0.531126 184.601 -0.00332733 0.997913 -0.0644822 -16.3547 -0.532049 -0.0563647 -0.844835 0.0441627 
-0.836078 0.0348685 0.547501 185.289 -0.000313211 0.997948 -0.0640343 -16.4387 -0.548611 -0.0537091 -0.834351 -0.98954 
-0.824611 0.036708 0.564508 185.998 0.000858508 0.997972 -0.0636406 -16.5291 -0.5657 -0.0519941 -0.82297 -2.01213 
-0.814393 0.0382105 0.579054 186.718 0.00117228 0.997936 -0.064203 -16.6199 -0.580313 -0.0516076 -0.812757 -2.97277 
-0.80156 0.0399589 0.596578 187.444 0.00278921 0.998003 -0.0630989 -16.7206 -0.597908 -0.0489136 -0.800071 -3.95202 
-0.787911 0.0404107 0.614462 188.183 0.00474373 0.998213 -0.0595657 -16.8157 -0.615771 -0.0440176 -0.786694 -4.89512 
-0.773011 0.042207 0.632986 188.965 0.00728713 0.998309 -0.0576673 -16.903 -0.63435 -0.0399648 -0.772012 -5.83754 
-0.756219 0.0450425 0.652766 189.772 0.00944285 0.998275 -0.0579441 -16.9978 -0.65425 -0.0376545 -0.75534 -6.77184 
-0.740802 0.0479463 0.67001 190.599 0.00964291 0.998106 -0.0607633 -17.0681 -0.671654 -0.0385527 -0.739861 -7.61618 
-0.721778 0.0489331 0.690393 191.42 0.00893076 0.998073 -0.0614039 -17.1441 -0.692067 -0.0381542 -0.720824 -8.51015 
-0.702538 0.0494603 0.709925 192.281 0.00819978 0.998078 -0.0614215 -17.2244 -0.711599 -0.0373297 -0.701594 -9.36088 
-0.68284 0.0486788 0.728944 193.157 0.00568189 0.998101 -0.0613305 -17.3078 -0.730546 -0.0377371 -0.68182 -10.1765 
-0.663054 0.049429 0.746938 194.045 0.00383995 0.998029 -0.0626365 -17.3874 -0.748562 -0.0386631 -0.661937 -10.9466 
-0.64207 0.048965 0.765081 194.943 0.00135574 0.998029 -0.0627359 -17.4739 -0.766645 -0.0392436 -0.640871 -11.6888 
-0.621857 0.0491978 0.781584 195.877 -0.000435234 0.998003 -0.0631669 -17.5459 -0.783131 -0.0396209 -0.620593 -12.3848 
-0.598916 0.0494968 0.799281 196.818 -0.00254873 0.997965 -0.0637106 -17.6114 -0.800808 -0.0401944 -0.597571 -13.0869 
-0.57453 0.0501291 0.816947 197.772 -0.00417868 0.99793 -0.0641732 -17.6953 -0.818473 -0.0402832 -0.573131 -13.7603 
-0.549381 0.0534196 0.833862 198.757 -0.00398616 0.997775 -0.0665466 -17.7667 -0.835562 -0.0398834 -0.547946 -14.3912 
-0.523406 0.0546616 0.850328 199.757 -0.00510949 0.997721 -0.0672815 -17.8405 -0.852068 -0.0395603 -0.521934 -14.9881 
-0.496451 0.0531866 0.866434 200.781 -0.0061129 0.997882 -0.0647583 -17.9358 -0.868043 -0.0374457 -0.495075 -15.5595 
-0.469567 0.0518848 0.881371 201.793 -0.00979701 0.997904 -0.0639645 -18.0011 -0.882842 -0.0386704 -0.468075 -16.0687 
-0.440939 0.0530246 0.895969 202.826 -0.0139998 0.997726 -0.0659366 -18.101 -0.897428 -0.0416174 -0.439194 -16.5577 
-0.411874 0.0555625 0.909545 203.838 -0.0149981 0.997591 -0.0677328 -18.1717 -0.911117 -0.0415388 -0.410048 -16.9606 
-0.381404 0.0567026 0.922668 204.799 -0.0123302 0.997716 -0.0664117 -18.2599 -0.924326 -0.0367063 -0.379834 -17.3391 
-0.35101 0.0567011 0.934653 205.819 -0.0112199 0.997838 -0.064748 -18.349 -0.936305 -0.0332138 -0.349615 -17.7009 
-0.321443 0.0566991 0.94523 206.724 -0.0145342 0.997793 -0.0647947 -18.4338 -0.946817 -0.034566 -0.31991 -17.989 
-0.28977 0.0559651 0.955459 207.844 -0.0154243 0.997886 -0.0631282 -18.5113 -0.956972 -0.0330299 -0.288294 -18.2709 
-0.254704 0.0541553 0.965501 208.934 -0.0176563 0.998004 -0.0606362 -18.6067 -0.966858 -0.0324915 -0.25324 -18.5848 
-0.220756 0.0524552 0.973917 210.031 -0.0163241 0.998214 -0.0574641 -18.6961 -0.975192 -0.0285839 -0.219506 -18.826 
-0.186736 0.0520454 0.98103 211.11 -0.0161524 0.998298 -0.0560361 -18.7795 -0.982277 -0.0263099 -0.185578 -19.032 
-0.153266 0.0516021 0.986837 212.19 -0.0180705 0.998322 -0.0550093 -18.8683 -0.98802 -0.0262637 -0.152076 -19.1726 
-0.118485 0.0518225 0.991602 213.338 -0.0193668 0.998327 -0.0544881 -18.9383 -0.992767 -0.0256602 -0.117283 -19.2859 
-0.0833233 0.0524387 0.995142 214.464 -0.0214188 0.998289 -0.0543981 -19.0116 -0.996292 -0.0258474 -0.0820576 -19.3786 
-0.0488156 0.0516039 0.997474 215.635 -0.0212987 0.998383 -0.0526934 -19.0804 -0.998581 -0.0238171 -0.0476376 -19.421 
-0.0158795 0.0509025 0.998577 216.734 -0.0235529 0.998407 -0.0512684 -19.1555 -0.999596 -0.0243335 -0.0146553 -19.4311 
0.017247 0.0519918 0.998498 217.9 -0.0249797 0.998358 -0.0515531 -19.2125 -0.999539 -0.024053 0.0185174 -19.398 
0.0492326 0.0520313 0.997431 219.025 -0.0244884 0.998405 -0.0508735 -19.2752 -0.998487 -0.0219208 0.0504283 -19.3233 
0.0810919 0.0492872 0.995487 220.143 -0.0230853 0.998601 -0.047561 -19.3485 -0.996439 -0.0191243 0.0821163 -19.2206 
0.112661 0.047956 0.992475 221.326 -0.0213006 0.998722 -0.04584 -19.4138 -0.993405 -0.0159759 0.113538 -19.0794 
0.14285 0.0482366 0.988568 222.489 -0.0195113 0.998755 -0.0459144 -19.4683 -0.989552 -0.0127293 0.143614 -18.8987 
0.17349 0.0475945 0.983685 223.656 -0.0173148 0.998824 -0.0452733 -19.5375 -0.984683 -0.00917783 0.17411 -18.6931 
0.20294 0.0473296 0.978046 224.797 -0.0150179 0.998864 -0.0452209 -19.5942 -0.979076 -0.00551101 0.203421 -18.4426 
0.233371 0.0444729 0.97137 225.927 -0.011195 0.99901 -0.0430489 -19.6627 -0.972323 -0.000828139 0.233637 -18.1636 
0.262461 0.0431068 0.963979 227.026 -0.00877251 0.999067 -0.0422875 -19.7166 -0.964903 0.00264228 0.262594 -17.8356 
0.292921 0.0425533 0.955189 228.158 -0.00570427 0.999069 -0.0427589 -19.7743 -0.95612 0.0070763 0.292891 -17.5042 
0.321695 0.041636 0.945927 229.259 -0.00439454 0.999088 -0.0424814 -19.8331 -0.946833 0.00950913 0.321584 -17.1241 
0.350036 0.039997 0.935882 230.342 -0.00340076 0.999136 -0.0414284 -19.8877 -0.93673 0.0113187 0.349869 -16.711 
0.378239 0.039466 0.924866 231.42 -0.00360738 0.999146 -0.0411605 -19.9456 -0.925701 0.0122322 0.378059 -16.2638 
0.407305 0.040753 0.912382 232.533 -0.00228334 0.999046 -0.0436047 -20.0082 -0.913289 0.0156771 0.407009 -15.7699 
0.435891 0.0415961 0.899038 233.588 -0.000416878 0.998941 -0.0460163 -20.068 -0.899999 0.0196833 0.435447 -15.2643 
0.463847 0.0411751 0.884958 234.653 -0.0001988 0.998924 -0.0463736 -20.1243 -0.885915 0.0213343 0.463356 -14.7071 
0.490083 0.0388459 0.87081 235.631 0.000830562 0.998985 -0.0450312 -20.1834 -0.871675 0.0227923 0.489554 -14.1289 
0.515497 0.0374055 0.856074 236.681 -0.000547418 0.999061 -0.0433237 -20.2436 -0.856891 0.0218646 0.515033 -13.4911 
0.538865 0.0380515 0.841532 237.665 -0.00211392 0.999037 -0.0438198 -20.3033 -0.84239 0.021834 0.538426 -12.8512 
0.560083 0.0381962 0.827556 238.655 -0.00311922 0.999027 -0.0439995 -20.3606 -0.828431 0.022062 0.559657 -12.1654 
0.579864 0.0370881 0.813868 239.65 -0.00386406 0.999077 -0.0427751 -20.4238 -0.814704 0.0216589 0.579472 -11.4382 
0.598301 0.0345287 0.800527 240.62 -0.00389929 0.999185 -0.0401831 -20.4837 -0.801262 0.0209201 0.597948 -10.6924 
0.616058 0.0316063 0.787067 241.58 -0.0022572 0.999261 -0.0383608 -20.5341 -0.787698 0.0218558 0.615674 -9.93608 
0.633207 0.0291257 0.773434 242.539 -0.00111027 0.999325 -0.0367234 -20.5884 -0.773981 0.0223948 0.632812 -9.15043 
0.648754 0.0272053 0.760512 243.465 0.000909675 0.999332 -0.0365246 -20.6418 -0.760997 0.0243873 0.648296 -8.34562 
0.663851 0.027913 0.747344 244.363 -0.000242206 0.999311 -0.0371088 -20.6892 -0.747865 0.0244537 0.6634 -7.52118 
0.67893 0.0267927 0.733714 245.234 0.000241762 0.999326 -0.0367158 -20.7461 -0.734203 0.0251048 0.678465 -6.67999 
0.693164 0.0255078 0.720328 246.076 -0.000948368 0.999405 -0.0344778 -20.7944 -0.720779 0.0232156 0.692776 -5.82967 
0.708206 0.0218925 0.705666 246.961 0.000980061 0.999488 -0.0319917 -20.8395 -0.706005 0.0233483 0.707822 -4.92487 
0.721978 0.0206765 0.691607 247.781 0.00106962 0.999519 -0.0309987 -20.889 -0.691915 0.0231201 0.721608 -4.01657 
0.736247 0.0200766 0.676414 248.638 0.00274019 0.999463 -0.0326477 -20.9335 -0.676707 0.0258903 0.735797 -3.08622 
0.748962 0.0193112 0.662331 249.453 0.00372841 0.999436 -0.0333563 -20.9825 -0.662602 0.027452 0.748468 -2.14436 
0.760898 0.0192166 0.648587 250.265 0.00302628 0.999445 -0.0331624 -21.0253 -0.648865 0.027196 0.760417 -1.17223 
0.771767 0.0169143 0.635681 251.048 0.00327466 0.999527 -0.0305714 -21.077 -0.635897 0.0256756 0.771346 -0.17451 
0.782609 0.0131522 0.622375 251.82 0.00605467 0.999569 -0.0287368 -21.1347 -0.622484 0.0262579 0.782191 0.824464 
0.792749 0.0126321 0.609417 252.576 0.00646139 0.999555 -0.0291243 -21.1779 -0.609514 0.0270259 0.792315 1.83917 
0.802212 0.0102695 0.596951 253.329 0.010031 0.999479 -0.0306747 -21.2276 -0.596955 0.0305956 0.801691 2.87276 
0.810046 0.00983981 0.586284 254.04 0.00965277 0.9995 -0.030112 -21.2702 -0.586287 0.0300513 0.809546 3.92186 
0.818057 0.00704488 0.575094 254.766 0.0119881 0.999499 -0.0292967 -21.3223 -0.575012 0.0308606 0.817563 4.97669 
0.825096 0.00509185 0.56497 255.477 0.0139187 0.999473 -0.0293353 -21.3645 -0.564821 0.0320681 0.82459 6.01821 
0.830461 0.00365624 0.557065 256.18 0.0147832 0.999482 -0.0285987 -21.4063 -0.556881 0.0319852 0.829976 7.11969 
0.834544 0.00176783 0.550938 256.896 0.0155188 0.999523 -0.0267148 -21.4515 -0.550722 0.0308445 0.834118 8.22947 
0.837038 0.00190624 0.547141 257.596 0.0149044 0.999543 -0.0262839 -21.4855 -0.546942 0.0301554 0.836627 9.34648 
0.839334 -0.000249247 0.543615 258.306 0.0166909 0.99954 -0.0253125 -21.5302 -0.543359 0.030319 0.838953 10.5074 
0.841685 -0.00174326 0.539966 259.006 0.0178953 0.999535 -0.0246679 -21.5727 -0.539672 0.0304254 0.841326 11.6296 
0.843812 -0.00442296 0.536621 259.694 0.0194223 0.999563 -0.0223021 -21.6222 -0.536288 0.0292411 0.843528 12.7555 
0.845934 -0.00575567 0.533257 260.496 0.0202787 0.999566 -0.0213806 -21.6749 -0.532902 0.0289002 0.845683 14.0246 
0.847743 -0.00555114 0.530377 261.176 0.0201187 0.999562 -0.0216956 -21.7114 -0.530025 0.0290628 0.847484 15.1677 
0.849991 -0.00652594 0.526757 261.862 0.0210249 0.999547 -0.0215434 -21.7434 -0.526378 0.0293866 0.849743 16.3059 
0.852586 -0.00692765 0.522541 262.645 0.0211408 0.999551 -0.0212421 -21.7973 -0.52216 0.0291576 0.852349 17.5655 
0.855306 -0.00734256 0.518071 263.385 0.0210075 0.999569 -0.0205157 -21.8494 -0.517697 0.0284305 0.855092 18.7375 
0.857992 -0.00768908 0.513605 264.169 0.0210701 0.999573 -0.0202341 -21.9102 -0.51323 0.0281823 0.857788 19.9831 
