1 2.12261e-08 -2.11895e-08 0 2.12261e-08 1 2.10703e-08 0 -2.11895e-08 2.10703e-08 1 0 
0.999999 -0.000707825 -0.00111184 0.0321322 0.000709146 0.999999 0.00114993 -0.0110055 0.00111098 -0.00115067 0.999999 1.39302 
0.999997 -0.00192956 -0.00124596 0.00378065 0.00193074 0.999998 0.000914966 -0.0193379 0.00124415 -0.000917327 0.999999 2.71874 
0.999995 -0.00304035 -0.000861002 -0.0202237 0.00304028 0.999995 -0.000130674 -0.0394732 0.000861353 0.000128098 1 4.06031 
0.999993 -0.00381393 -0.000404438 -0.0505657 0.0038141 0.999993 0.000307841 -0.0629014 0.000403218 -0.000309339 1 5.3782 
0.999991 -0.00435983 0.000144629 -0.0840338 0.00435971 0.99999 0.00106481 -0.0794481 -0.000149313 -0.00106413 0.999999 6.69848 
0.999982 -0.00593974 0.00130154 -0.128801 0.00593651 0.999979 0.00250524 -0.107296 -0.00131644 -0.00249743 0.999996 8.04115 
0.999986 -0.00498431 0.0017931 -0.163395 0.0049793 0.999984 0.00281202 -0.125251 -0.00180713 -0.00280301 0.999994 9.3801 
0.999989 -0.00444932 0.00137877 -0.180289 0.00444773 0.999989 0.00118608 -0.142494 -0.00138408 -0.00117989 0.999998 10.7696 
0.999996 -0.0013031 0.00255847 -0.247374 0.00130622 0.999998 -0.00120209 -0.161689 -0.00255695 0.00120547 0.999996 12.1538 
0.999992 0.00224318 0.00341881 -0.281937 -0.00223527 0.999995 -0.00230128 -0.180076 -0.003424 0.00229366 0.999992 13.5002 
0.99998 0.00488403 0.0039218 -0.316195 -0.00487557 0.999986 -0.00215432 -0.209018 -0.00393231 0.0021352 0.99999 14.8474 
0.999974 0.00570583 0.00433167 -0.338071 -0.00570045 0.999983 -0.00124314 -0.230521 -0.00433873 0.00121846 0.99999 16.1989 
0.999981 0.00316647 0.00528636 -0.358905 -0.00317519 0.999994 0.00165035 -0.249939 -0.00528114 -0.00166706 0.999985 17.5597 
0.999986 -0.00058007 0.00527302 -0.370209 0.000562463 0.999994 0.00334802 -0.266347 -0.00527497 -0.00334496 0.999981 18.9194 
0.999981 -0.00329525 0.00523176 -0.385848 0.00328963 0.999994 0.00109009 -0.286613 -0.00523536 -0.00107281 0.999986 20.2887 
0.999978 -0.00418495 0.00510658 -0.400683 0.00418799 0.999991 -0.000576968 -0.314677 -0.00510416 0.000598383 0.999987 21.6579 
0.999979 -0.00296592 0.0057561 -0.430705 0.00297682 0.999994 -0.00187856 -0.341136 -0.00575053 0.0018957 0.999982 23.0118 
0.999977 1.70851e-05 0.00680449 -0.455197 -1.61825e-05 1 -0.000126446 -0.357748 -0.00680454 0.000126375 0.999977 24.3645 
0.999968 0.000157209 0.00796971 -0.482419 -0.000191669 0.999991 0.0043287 -0.382 -0.00796899 -0.00433005 0.999959 25.7248 
0.999966 -0.00187433 0.00802108 -0.476343 0.00182676 0.999981 0.00593873 -0.391638 -0.0080321 -0.00592383 0.99995 27.1276 
0.999951 -0.00607509 0.00780873 -0.488812 0.00604139 0.999972 0.00433711 -0.409035 -0.00783491 -0.00428968 0.99996 28.4979 
0.999947 -0.00681594 0.00767543 -0.501651 0.00679997 0.999975 0.00211061 -0.427368 -0.00768966 -0.00205826 0.999968 29.8885 
0.999942 -0.00660988 0.00853576 -0.524018 0.00661416 0.999978 -0.000468524 -0.448627 -0.00853252 0.000524996 0.999964 31.2551 
0.999958 -0.00395375 0.00830448 -0.525964 0.0039707 0.99999 -0.00202071 -0.46011 -0.00829645 0.00205365 0.999964 32.6272 
0.999956 -0.00311099 0.00881118 -0.549681 0.00314864 0.999986 -0.00425763 -0.484584 -0.00879785 0.00428523 0.999952 34.0234 
0.99996 -0.00169669 0.00881016 -0.565751 0.00172892 0.999992 -0.00364737 -0.513304 -0.00880394 0.0036625 0.999955 35.4248 
0.999958 -0.00217092 0.00895962 -0.58618 0.00218753 0.999996 -0.00183875 -0.544177 -0.00895564 0.00185832 0.999958 36.8276 
0.999958 -0.000764701 0.00908603 -0.610868 0.000767862 1 -0.000339659 -0.572082 -0.00908581 0.000346663 0.999959 38.2162 
0.999951 0.00253809 0.00959768 -0.638185 -0.00253672 0.999997 -0.000149647 -0.59087 -0.00959808 0.000125335 0.999954 39.6503 
0.99994 0.00449295 0.00999593 -0.658406 -0.0044872 0.99999 -0.000594002 -0.612571 -0.00999854 0.000549155 0.99995 41.0946 
0.999935 0.00642633 0.00937249 -0.657742 -0.0064279 0.999979 0.000142309 -0.64412 -0.00937143 -0.000202503 0.999956 42.5153 
0.999924 0.00707487 0.0100812 -0.698947 -0.00707858 0.999975 0.000336909 -0.667847 -0.0100786 -0.000408202 0.999949 43.9282 
0.99993 0.00620528 0.0101266 -0.721827 -0.00620952 0.999981 0.000391516 -0.689057 -0.010124 -0.000454328 0.999949 45.3312 
0.999936 0.00559424 0.00982921 -0.743421 -0.00559165 0.999984 -0.000286575 -0.706561 -0.0098307 0.000231637 0.999952 46.76 
0.999948 0.00472915 0.00904609 -0.761734 -0.00472967 0.999989 4.05039e-05 -0.72595 -0.00904584 -8.3245e-05 0.999959 48.2059 
0.999956 0.00465606 0.00813487 -0.778511 -0.00466454 0.999989 0.00102906 -0.746345 -0.00813003 -0.00106692 0.999966 49.6387 
0.999964 0.0042802 0.00731422 -0.803727 -0.00429095 0.99999 0.00146075 -0.775841 -0.00730793 -0.00149205 0.999972 51.0771 
0.999966 0.00478755 0.0066695 -0.827109 -0.00479997 0.999987 0.00185276 -0.799347 -0.00666059 -0.00188467 0.999976 52.4908 
0.999967 0.00504026 0.00631673 -0.864574 -0.00505519 0.999984 0.00235741 -0.813425 -0.0063048 -0.00238922 0.999977 53.9464 
0.999975 0.00389068 0.00589894 -0.884573 -0.00391032 0.999987 0.00332783 -0.830623 -0.00588596 -0.00335077 0.999977 55.3979 
0.999982 0.00205202 0.00570535 -0.902858 -0.00207041 0.999993 0.0032265 -0.846261 -0.00569873 -0.00323821 0.999979 56.8515 
0.999986 -0.000379172 0.00522897 -0.914193 0.000364829 0.999996 0.00275168 -0.866439 -0.00523003 -0.00274969 0.999983 58.3046 
0.999985 -0.00176831 0.00516831 -0.934613 0.00175109 0.999993 0.00334319 -0.892184 -0.00517423 -0.00333405 0.999981 59.7397 
0.999977 -0.00334306 0.00598863 -0.956688 0.00332001 0.999987 0.00386186 -0.911433 -0.0060015 -0.00384184 0.999975 61.1517 
0.999972 -0.00395447 0.00638823 -0.967946 0.00392491 0.999982 0.00463968 -0.932433 -0.0064065 -0.00461443 0.999969 62.5935 
0.999961 -0.00507429 0.00722605 -0.989377 0.00504803 0.999981 0.0036541 -0.944787 -0.0072445 -0.00361743 0.999967 64.0367 
0.999952 -0.00624679 0.00761835 -1.00596 0.00622642 0.999977 0.00270025 -0.961599 -0.00763509 -0.00265264 0.999967 65.4799 
0.999951 -0.00544022 0.00828061 -1.01557 0.00542257 0.999983 0.00215737 -0.981224 -0.00829225 -0.00211232 0.999963 66.9274 
0.999949 -0.00360646 0.00943471 -1.03291 0.00358989 0.999992 0.00177615 -0.999832 -0.00944109 -0.00174215 0.999954 68.3527 
0.999954 -0.000494879 0.00956875 -1.04506 0.000460716 0.999994 0.00357652 -1.02348 -0.0095705 -0.0035719 0.999948 69.771 
0.999938 0.00288676 0.0107957 -1.07362 -0.00293427 0.999986 0.00439192 -1.03606 -0.0107829 -0.00442328 0.999932 71.2064 
0.999916 0.00633824 0.0112821 -1.08957 -0.00639306 0.999968 0.00483326 -1.05998 -0.0112512 -0.00490494 0.999925 72.6174 
0.999883 0.00996944 0.0115719 -1.1005 -0.0100221 0.99994 0.00450382 -1.06347 -0.0115264 -0.00461923 0.999923 74.0739 
0.99984 0.0129093 0.0124121 -1.12113 -0.0129573 0.999909 0.00379688 -1.08556 -0.012362 -0.00395706 0.999916 75.476 
0.999805 0.0143686 0.0135377 -1.14448 -0.0144168 0.99989 0.00346944 -1.10372 -0.0134864 -0.00366389 0.999902 76.8807 
0.999785 0.0150973 0.0142502 -1.15901 -0.0151502 0.999879 0.00361899 -1.12048 -0.0141939 -0.00383407 0.999892 78.2762 
0.999812 0.0129236 0.0144637 -1.17185 -0.0129761 0.99991 0.00354147 -1.14192 -0.0144167 -0.00372844 0.999889 79.7034 
0.999817 0.0114324 0.0153425 -1.21371 -0.0114829 0.999929 0.0032091 -1.16717 -0.0153048 -0.00338465 0.999877 81.1639 
0.999814 0.0113771 0.0156012 -1.24695 -0.0114259 0.99993 0.00304123 -1.18616 -0.0155655 -0.00321888 0.999874 82.5738 
0.999834 0.0105999 0.0148541 -1.23386 -0.0106501 0.999938 0.00330628 -1.20343 -0.0148182 -0.00346389 0.999884 84.0156 
0.999838 0.0107744 0.0144162 -1.24266 -0.0108133 0.999938 0.00262859 -1.2206 -0.014387 -0.00278401 0.999893 85.4076 
0.999839 0.0111051 0.0141241 -1.26103 -0.0111456 0.999934 0.00279731 -1.22872 -0.0140922 -0.00295424 0.999896 86.7869 
0.999847 0.0102477 0.0141727 -1.31218 -0.0102999 0.99994 0.00361538 -1.23641 -0.0141348 -0.00376076 0.999893 88.1504 
0.999874 0.0083164 0.0135589 -1.32207 -0.00837721 0.999955 0.00443725 -1.24962 -0.0135214 -0.00455023 0.999898 89.49 
0.999916 0.00515685 0.011902 -1.32443 -0.00521727 0.999974 0.0050545 -1.26028 -0.0118757 -0.00511613 0.999916 90.9137 
0.999933 0.00313598 0.0111351 -1.32574 -0.00319083 0.999983 0.00491526 -1.27675 -0.0111196 -0.00495042 0.999926 92.3159 
0.99994 0.00140968 0.010839 -1.33749 -0.00145857 0.999989 0.00450808 -1.29011 -0.0108325 -0.00452358 0.999931 93.7071 
0.999939 0.000159787 0.0110331 -1.35521 -0.000206574 0.999991 0.00424346 -1.30738 -0.0110323 -0.00424544 0.99993 95.0928 
0.999941 0.000113744 0.0108946 -1.36407 -0.000153522 0.999993 0.00365428 -1.32645 -0.0108941 -0.00365569 0.999934 96.4481 
0.999938 -0.00054252 0.0110905 -1.37573 0.000506458 0.999995 0.00325804 -1.35311 -0.0110922 -0.00325218 0.999933 97.7853 
0.999937 0.000283376 0.0112333 -1.39128 -0.000314321 0.999996 0.00275692 -1.37793 -0.0112325 -0.00276024 0.999933 99.1506 
0.999929 0.00145219 0.011797 -1.4066 -0.00148958 0.999994 0.00316455 -1.40186 -0.0117924 -0.00318186 0.999925 100.507 
0.999915 0.00209632 0.0128572 -1.44721 -0.00215432 0.999988 0.00450216 -1.41398 -0.0128477 -0.00452944 0.999907 101.871 
0.999896 0.00403336 0.0138726 -1.48544 -0.00410578 0.999978 0.00519877 -1.42601 -0.0138514 -0.00525515 0.99989 103.215 
0.999899 0.00280207 0.0139584 -1.49399 -0.0028591 0.999988 0.0040705 -1.4499 -0.0139468 -0.00410996 0.999894 104.582 
0.99989 0.00333013 0.0144274 -1.50675 -0.00335387 0.999993 0.00162511 -1.47194 -0.014422 -0.00167327 0.999895 105.9 
0.999886 0.00290685 0.0147995 -1.52402 -0.00290903 0.999996 0.000128857 -1.49061 -0.0147991 -0.000171853 0.999891 107.259 
0.999884 0.000357519 0.0151974 -1.53023 -0.000381937 0.999999 0.0016067 -1.51111 -0.0151969 -0.00161228 0.999883 108.604 
0.999866 -0.00265391 0.0161405 -1.54705 0.00259162 0.999989 0.00388165 -1.54152 -0.0161507 -0.00383926 0.999862 109.957 
0.999845 -0.00434976 0.0170713 -1.55134 0.00427462 0.999981 0.0044382 -1.5604 -0.0170903 -0.0043645 0.999844 111.303 
0.999822 -0.00495586 0.0182063 -1.55678 0.00489754 0.999983 0.00324919 -1.58495 -0.0182221 -0.00315941 0.999829 112.622 
0.999812 -0.00326629 0.0191039 -1.55896 0.00324905 0.999994 0.000935723 -1.6107 -0.0191069 -0.000873436 0.999817 113.968 
0.999792 -0.000634046 0.0203813 -1.55946 0.000665068 0.999999 -0.00151323 -1.62255 -0.0203804 0.00152651 0.999791 115.32 
0.999766 0.00172499 0.021558 -1.55107 -0.00170368 0.999998 -0.00100475 -1.65297 -0.0215597 0.000967826 0.999767 116.686 
0.999714 0.0037411 0.0236266 -1.56131 -0.0037531 0.999993 0.000465251 -1.67007 -0.0236248 -0.00055375 0.999721 118.042 
0.999687 0.00412246 0.0246869 -1.53673 -0.00417523 0.999989 0.00208816 -1.67628 -0.0246781 -0.00219053 0.999693 119.462 
0.999665 0.00365902 0.0256156 -1.53093 -0.0037257 0.99999 0.00255777 -1.69942 -0.025606 -0.00265231 0.999669 120.798 
0.999611 0.00516718 0.0274253 -1.52885 -0.00520503 0.999986 0.00131053 -1.71054 -0.0274181 -0.00145272 0.999623 122.137 
0.999545 0.00736028 0.0292554 -1.52743 -0.00739066 0.999972 0.000931669 -1.73498 -0.0292478 -0.00114742 0.999572 123.46 
0.999486 0.00931123 0.03069 -1.51444 -0.00933697 0.999956 0.000697049 -1.75853 -0.0306822 -0.000983201 0.999529 124.807 
0.999436 0.00978213 0.0321352 -1.50603 -0.00977138 0.999952 -0.000490297 -1.77789 -0.0321385 0.000176056 0.999483 126.131 
0.999377 0.0112758 0.0334302 -1.4944 -0.0112411 0.999936 -0.00122668 -1.80353 -0.033442 0.000850163 0.99944 127.446 
0.999332 0.0107486 0.0349421 -1.48691 -0.0107004 0.999942 -0.0015629 -1.82796 -0.0349569 0.001188 0.999388 128.777 
0.999294 0.0101234 0.0361728 -1.47567 -0.0101118 0.999949 -0.000501545 -1.85673 -0.0361761 0.00013546 0.999345 130.118 
0.999275 0.00837889 0.0371454 -1.4621 -0.00840486 0.999965 0.000544165 -1.8791 -0.0371395 -0.00085593 0.99931 131.489 
0.999235 0.00765445 0.0383481 -1.454 -0.00768735 0.99997 0.000711702 -1.89821 -0.0383416 -0.00100591 0.999264 132.851 
0.999246 0.00547047 0.0384382 -1.43101 -0.00552027 0.999984 0.0011906 -1.92496 -0.0384312 -0.00140185 0.99926 134.186 
0.999246 0.00416368 0.0386129 -1.41472 -0.0042355 0.999989 0.00177933 -1.94193 -0.0386051 -0.00194149 0.999253 135.526 
0.999274 0.00254228 0.038008 -1.38992 -0.0026097 0.999995 0.00172561 -1.96793 -0.0380035 -0.0018235 0.999276 136.879 
0.999317 0.00115252 0.0369244 -1.36012 -0.00121075 0.999998 0.00155602 -1.98523 -0.0369226 -0.00159962 0.999317 138.229 
0.999345 -0.00030489 0.0361932 -1.33682 0.000218791 0.999997 0.00238398 -2.00457 -0.0361939 -0.00237446 0.999342 139.583 
0.999363 -0.00165122 0.0356531 -1.32978 0.0015579 0.999995 0.0026464 -2.02834 -0.0356573 -0.00258913 0.999361 140.945 
0.99941 -0.0026721 0.0342511 -1.31165 0.00258789 0.999994 0.00250416 -2.0421 -0.0342576 -0.00241401 0.99941 142.288 
0.999452 -0.00297245 0.0329754 -1.29181 0.0028975 0.999993 0.00232194 -2.0712 -0.0329821 -0.00222508 0.999454 143.623 
0.999476 -0.00298891 0.0322235 -1.27793 0.00291779 0.999993 0.00225537 -2.09632 -0.0322301 -0.00216013 0.999478 144.966 
0.999485 -0.00442646 0.031799 -1.26642 0.00442993 0.99999 -3.72636e-05 -2.11807 -0.0317986 0.000178153 0.999494 146.311 
0.999485 -0.0103515 0.0303776 -1.23331 0.0103621 0.999946 -0.000191553 -2.14219 -0.0303741 0.000506273 0.999539 147.665 
0.9994 -0.0181257 0.0295061 -1.20502 0.0180606 0.999834 0.00247373 -2.1664 -0.0295461 -0.00193931 0.999562 149.003 
0.999294 -0.0251828 0.0278698 -1.17939 0.0250844 0.999678 0.00387369 -2.1821 -0.0279584 -0.00317182 0.999604 150.374 
0.999234 -0.0286364 0.026682 -1.15702 0.0286291 0.99959 0.000659801 -2.2028 -0.02669 0.000104627 0.999644 151.711 
0.999246 -0.0277602 0.0271392 -1.15317 0.0278379 0.999609 -0.00248758 -2.22678 -0.0270596 0.00324125 0.999629 153.042 
0.999302 -0.024599 0.0281311 -1.14371 0.0247373 0.999684 -0.00457398 -2.25431 -0.0280097 0.00526671 0.999594 154.403 
0.99927 -0.0247208 0.0291239 -1.13967 0.0248467 0.999683 -0.00396804 -2.29367 -0.0290166 0.00468882 0.999568 155.742 
0.999172 -0.0276487 0.0298554 -1.12586 0.0276855 0.999616 -0.000819367 -2.31362 -0.0298213 0.00164529 0.999554 157.088 
0.998997 -0.033249 0.0299933 -1.09116 0.0332043 0.999447 0.0019887 -2.33787 -0.0300429 -0.000990757 0.999548 158.463 
0.998846 -0.037235 0.0303453 -1.08416 0.037143 0.999304 0.0035909 -2.36451 -0.0304579 -0.0024596 0.999533 159.784 
0.9988 -0.0382209 0.0306123 -1.06082 0.0381336 0.999267 0.00343084 -2.37983 -0.030721 -0.00225933 0.999525 161.146 
0.998798 -0.0374139 0.0316647 -1.04973 0.0372794 0.999293 0.00482922 -2.40968 -0.0318231 -0.00364294 0.999487 162.488 
0.99889 -0.0333482 0.0332814 -1.04275 0.0332476 0.999441 0.00357123 -2.4236 -0.0333819 -0.00246069 0.99944 163.837 
0.998984 -0.0293315 0.0342194 -1.02556 0.0293018 0.99957 0.00137042 -2.44438 -0.0342449 -0.000366293 0.999413 165.19 
0.999018 -0.0263881 0.0356045 -1.02004 0.0263777 0.999652 0.00076077 -2.46296 -0.0356123 0.000179187 0.999366 166.522 
0.999031 -0.02503 0.0361918 -1.00534 0.0249743 0.999686 0.00199358 -2.48309 -0.0362304 -0.00108774 0.999343 167.888 
0.99906 -0.0237159 0.0362811 -0.986958 0.0236625 0.999718 0.0018996 -2.51093 -0.0363159 -0.00103927 0.99934 169.246 
0.999119 -0.0211619 0.0362455 -0.965012 0.02121 0.999775 -0.000941287 -2.53042 -0.0362175 0.00170927 0.999343 170.615 
0.999215 -0.017509 0.0355276 -0.932022 0.0176436 0.999838 -0.003478 -2.55912 -0.035461 0.00410215 0.999363 171.982 
0.99928 -0.0125974 0.0358004 -0.921844 0.0127736 0.999907 -0.00469535 -2.585 -0.035738 0.0051493 0.999348 173.364 
0.999307 -0.00831765 0.0362935 -0.925401 0.00845119 0.999958 -0.00352659 -2.60926 -0.0362626 0.00383091 0.999335 174.783 
0.999327 -0.00531256 0.0362882 -0.89289 0.00540653 0.999982 -0.00249079 -2.62465 -0.0362744 0.00268535 0.999338 176.21 
0.999339 -0.00466167 0.0360563 -0.858643 0.00467792 0.999989 -0.000365079 -2.64492 -0.0360542 0.000533548 0.99935 177.654 
0.999348 -0.00733281 0.0353397 -0.832512 0.00732564 0.999973 0.00033352 -2.66486 -0.0353413 -7.43748e-05 0.999375 179.048 
0.999382 -0.0094144 0.0338615 -0.818131 0.00939843 0.999956 0.00063184 -2.69112 -0.0338659 -0.000313164 0.999426 180.452 
0.999436 -0.00942406 0.0322448 -0.799022 0.00954745 0.999948 -0.00367338 -2.71256 -0.0322085 0.00397921 0.999473 181.847 
0.999486 -0.00772897 0.0311019 -0.788131 0.00798042 0.999936 -0.00796725 -2.74011 -0.0310384 0.0082114 0.999485 183.229 
0.999527 -0.00295744 0.0306092 -0.775976 0.00322818 0.999956 -0.008798 -2.77123 -0.0305818 0.00889269 0.999493 184.642 
0.999533 0.00025777 0.0305484 -0.771767 -2.2023e-05 0.99997 -0.00771584 -2.8076 -0.0305496 0.0077116 0.999504 186.066 
0.999518 0.00244081 0.0309512 -0.762449 -0.00229389 0.999986 -0.00478006 -2.83014 -0.0309625 0.0047068 0.99951 187.483 
0.999496 0.00300502 0.0315908 -0.752233 -0.00293929 0.999993 -0.00212553 -2.86923 -0.031597 0.00203165 0.999499 188.873 
0.999482 0.00260579 0.0320831 -0.740831 -0.00256113 0.999996 -0.0014316 -2.88884 -0.0320867 0.00134873 0.999484 190.283 
0.99948 -1.97957e-05 0.0322553 -0.720621 2.77857e-05 1 -0.000245924 -2.92156 -0.0322553 0.000246734 0.99948 191.708 
0.999476 -0.00266344 0.0322732 -0.707143 0.00266494 0.999996 -2.10715e-06 -2.93705 -0.0322731 8.81536e-05 0.999479 193.154 
0.999451 -0.00609524 0.0325725 -0.70184 0.00608089 0.999981 0.000540965 -2.97003 -0.0325753 -0.000342557 0.999469 194.573 
0.9994 -0.00971161 0.0332605 -0.687089 0.00965854 0.999952 0.00175707 -2.98996 -0.033276 -0.00143473 0.999445 196.006 
0.999323 -0.0137482 0.0341177 -0.668878 0.0136459 0.999902 0.00322814 -3.00643 -0.0341588 -0.00276035 0.999413 197.433 
0.999272 -0.0163893 0.0344582 -0.637205 0.016284 0.999862 0.00333566 -3.02505 -0.0345081 -0.00277207 0.999401 198.899 
0.999293 -0.0150737 0.0344456 -0.614849 0.0151046 0.999886 -0.000637602 -3.05525 -0.0344321 0.00115748 0.999406 200.331 
0.999359 -0.00754088 0.0350032 -0.597713 0.00773722 0.999955 -0.00547574 -3.08426 -0.0349604 0.00574309 0.999372 201.751 
0.999328 0.00188775 0.036602 -0.595084 -0.00167886 0.999982 -0.00573587 -3.10463 -0.0366122 0.00567061 0.999314 203.197 
0.99923 0.00957788 0.038052 -0.593843 -0.00948333 0.999952 -0.00266317 -3.12412 -0.0380757 0.0023003 0.999272 204.667 
0.999184 0.0104937 0.0389972 -0.568298 -0.0104714 0.999945 -0.000773914 -3.13284 -0.0390032 0.000364968 0.999239 206.158 
0.999215 0.00854484 0.0386775 -0.533313 -0.00853535 0.999964 -0.000409267 -3.15139 -0.0386796 7.88614e-05 0.999252 207.628 
0.999269 0.00541219 0.0378558 -0.50559 -0.00540445 0.999985 -0.000305647 -3.17297 -0.0378569 0.000100875 0.999283 209.082 
0.999306 0.00314555 0.037116 -0.47906 -0.00311937 0.999995 -0.000762112 -3.19868 -0.0371182 0.000645846 0.999311 210.535 
0.999323 0.00368637 0.0366155 -0.447619 -0.00363705 0.999992 -0.00141233 -3.22083 -0.0366205 0.00127824 0.999328 212.012 
0.99933 0.00479642 0.0362777 -0.413857 -0.0047624 0.999988 -0.00102284 -3.24614 -0.0362822 0.000849423 0.999341 213.475 
0.999302 0.00663212 0.0367708 -0.402184 -0.00662183 0.999978 -0.00040035 -3.2598 -0.0367727 0.000156622 0.999324 214.941 
0.999318 0.00580209 0.0364566 -0.37106 -0.00577574 0.999983 -0.000826857 -3.2861 -0.0364608 0.000615771 0.999335 216.409 
0.999345 0.00510799 0.0358337 -0.334814 -0.00505949 0.999986 -0.00144287 -3.31613 -0.0358406 0.00126066 0.999357 217.88 
0.999343 0.00443137 0.0359849 -0.32013 -0.00437563 0.999989 -0.00162634 -3.33673 -0.0359917 0.00146785 0.999351 219.375 
0.999347 0.0047557 0.0358135 -0.298013 -0.00470085 0.999988 -0.00161439 -3.36424 -0.0358208 0.00144502 0.999357 220.887 
0.999342 0.00483511 0.0359369 -0.267002 -0.0047754 0.999987 -0.00174606 -3.3824 -0.035945 0.00157334 0.999353 222.396 
0.999344 0.00470878 0.0359072 -0.244434 -0.00464687 0.999988 -0.00180645 -3.40549 -0.0359153 0.00163845 0.999354 223.895 
0.99936 0.00512655 0.0354047 -0.214 -0.00505743 0.999985 -0.00204014 -3.42842 -0.0354147 0.00185982 0.999371 225.389 
0.999362 0.00483456 0.0353818 -0.198226 -0.00478 0.999987 -0.00162537 -3.46383 -0.0353892 0.00145525 0.999373 226.893 
0.999361 0.00479198 0.0354188 -0.180335 -0.00473205 0.999987 -0.00177444 -3.48457 -0.0354269 0.00160574 0.999371 228.372 
0.999372 0.00366442 0.0352368 -0.14877 -0.00362524 0.999993 -0.00117439 -3.51923 -0.0352409 0.00104596 0.999378 229.868 
0.999384 0.00164752 0.0350434 -0.124073 -0.00161452 0.999998 -0.000968608 -3.55384 -0.035045 0.000911475 0.999385 231.356 
0.999359 0.00049287 0.0358087 -0.109468 -0.000475954 1 -0.000479699 -3.58082 -0.0358089 0.00046239 0.999359 232.852 
0.99934 -0.000417761 0.0363224 -0.0828977 0.000404705 1 0.000367981 -3.60625 -0.0363226 -0.000352997 0.99934 234.362 
0.99933 -0.000633014 0.0366052 -0.0681709 0.000600858 0.999999 0.000890622 -3.63419 -0.0366058 -0.000867989 0.999329 235.871 
0.999327 -0.000447436 0.036688 -0.0340542 0.000425694 1 0.000601613 -3.65885 -0.0366883 -0.000585549 0.999327 237.41 
0.999304 0.000776584 0.0372883 -0.00501661 -0.000776049 1 -2.76688e-05 -3.6863 -0.0372884 -1.24664e-06 0.999305 238.928 
0.999265 0.00198081 0.0382955 0.00197836 -0.00200852 0.999998 0.000686164 -3.71154 -0.0382941 -0.000762535 0.999266 240.475 
0.999239 0.00153994 0.0389735 0.0301417 -0.00166884 0.999993 0.00327618 -3.74365 -0.0389682 -0.00333869 0.999235 241.995 
0.999201 0.00189032 0.039925 0.0572364 -0.00205133 0.99999 0.00399314 -3.77068 -0.0399171 -0.00407181 0.999195 243.5 
0.999197 0.00193174 0.0400259 0.0959914 -0.00201029 0.999996 0.00192344 -3.78199 -0.0400221 -0.00200232 0.999197 245.036 
0.999175 0.00250942 0.0405285 0.132392 -0.00253247 0.999997 0.000518614 -3.80391 -0.0405271 -0.000620782 0.999178 246.565 
0.999135 0.00333215 0.0414568 0.157731 -0.00337265 0.999994 0.000908035 -3.82625 -0.0414536 -0.00104703 0.99914 248.089 
0.999133 0.00309427 0.0415202 0.19379 -0.0031857 0.999993 0.00213719 -3.8518 -0.0415133 -0.00226756 0.999135 249.619 
0.999138 0.00268241 0.0414351 0.230697 -0.0028099 0.999992 0.00302004 -3.87636 -0.0414267 -0.00313382 0.999137 251.15 
0.999156 0.0021706 0.0410105 0.270885 -0.00231679 0.999991 0.00351861 -3.90515 -0.0410026 -0.00361061 0.999153 252.692 
0.999133 0.00398621 0.0414497 0.309107 -0.00412053 0.999987 0.00315672 -3.91701 -0.0414366 -0.00332473 0.999136 254.261 
0.99912 0.005295 0.0416109 0.347036 -0.00544209 0.999979 0.00342327 -3.94 -0.041592 -0.00364667 0.999128 255.833 
0.9991 0.00409055 0.0422307 0.37191 -0.00427448 0.999982 0.00426717 -3.97949 -0.0422125 -0.0044438 0.999099 257.357 
0.999115 0.00365665 0.0418943 0.413396 -0.00384425 0.999983 0.00439919 -3.99849 -0.0418775 -0.00455631 0.999112 258.895 
0.99914 0.00188067 0.0414191 0.463531 -0.00208152 0.999986 0.0048077 -4.01052 -0.0414096 -0.00488974 0.99913 260.407 
0.999136 -0.000690756 0.0415657 0.504409 0.000444259 0.999982 0.00594029 -4.03139 -0.0415691 -0.00591665 0.999118 261.969 
0.999127 -0.00284464 0.0416746 0.540491 0.00261107 0.999981 0.005659 -4.05432 -0.04169 -0.0055452 0.999115 263.496 
0.999126 -0.00349457 0.0416646 0.572391 0.00331851 0.999985 0.00429508 -4.06775 -0.041679 -0.00415302 0.999122 265.038 
0.999089 -0.00542966 0.0423195 0.611901 0.00517048 0.999967 0.00623245 -4.07959 -0.042352 -0.00600792 0.999085 266.604 
0.999011 -0.00665339 0.043962 0.630337 0.00630162 0.999947 0.0081364 -4.10202 -0.0440138 -0.00785128 0.999 268.14 
0.999024 -0.00832392 0.0433839 0.681533 0.00801058 0.999941 0.00739244 -4.11826 -0.0434429 -0.00703766 0.999031 269.711 
0.998976 -0.0085669 0.0444175 0.709195 0.00831037 0.999948 0.00595791 -4.12594 -0.0444663 -0.00558264 0.998995 271.251 
0.999 -0.00701169 0.0441562 0.777786 0.00679716 0.999964 0.00500772 -4.12388 -0.0441898 -0.00470254 0.999012 272.845 
0.998936 -0.00558062 0.0457763 0.811116 0.00532534 0.99997 0.00569761 -4.15362 -0.0458068 -0.00544773 0.998936 274.355 
0.9989 -0.0035477 0.0467656 0.850652 0.00329979 0.99998 0.00537827 -4.17249 -0.0467838 -0.00521799 0.998891 275.926 
0.998835 -0.00194235 0.0482198 0.890686 0.00170573 0.999986 0.00494865 -4.19962 -0.0482288 -0.00486059 0.998825 277.473 
0.998791 -0.000821801 0.0491568 0.93543 0.00057375 0.999987 0.00506089 -4.22797 -0.0491604 -0.00502653 0.998778 279.035 
0.998757 0.000719903 0.049846 0.986229 -0.000937323 0.99999 0.00433947 -4.25302 -0.0498424 -0.00438076 0.998748 280.559 
0.998704 -0.000304768 0.0508959 1.03909 0.000109185 0.999993 0.00384639 -4.26804 -0.0508968 -0.0038358 0.998697 282.132 
0.998639 -0.000555526 0.0521557 1.07521 0.000359693 0.999993 0.00376492 -4.27948 -0.0521574 -0.00374099 0.998632 283.714 
0.99861 -0.00159637 0.0526805 1.13667 0.00137031 0.99999 0.00432771 -4.28806 -0.052687 -0.00424947 0.998602 285.327 
0.998592 -0.00337889 0.0529365 1.19653 0.00309872 0.999981 0.00537448 -4.31722 -0.0529536 -0.00520283 0.998583 286.866 
0.998591 -0.0034049 0.0529658 1.25629 0.00326149 0.999991 0.00279449 -4.33387 -0.0529748 -0.00261776 0.998592 288.452 
0.998606 -0.00518226 0.0525317 1.32199 0.00515054 0.999987 0.000740083 -4.35666 -0.0525349 -0.000468444 0.998619 290.031 
0.998637 -0.0053368 0.0519175 1.36905 0.00529677 0.999986 0.000909359 -4.37776 -0.0519216 -0.000633083 0.998651 291.562 
0.99873 -0.00686724 0.0499114 1.43527 0.00682826 0.999976 0.000952401 -4.40095 -0.0499168 -0.000610343 0.998753 293.103 
0.998762 -0.00853773 0.0490106 1.48518 0.00852286 0.999964 0.000513268 -4.41801 -0.0490133 -9.488e-05 0.998798 294.635 
0.998765 -0.00816174 0.0490102 1.5225 0.00813695 0.999967 0.000706183 -4.45579 -0.0490143 -0.000306476 0.998798 296.199 
0.998797 -0.0086298 0.0482643 1.5657 0.00858456 0.999963 0.00114539 -4.48134 -0.0482725 -0.00072964 0.998834 297.827 
0.998825 -0.00947571 0.0475255 1.59892 0.00943389 0.999955 0.00110495 -4.48862 -0.0475339 -0.000655263 0.998869 299.454 
0.998871 -0.0105915 0.0463137 1.64914 0.0104852 0.999942 0.00253907 -4.51319 -0.0463379 -0.00205055 0.998924 301.054 
0.998937 -0.00878129 0.0452507 1.69843 0.00861873 0.999956 0.0037873 -4.53242 -0.045282 -0.00339323 0.998969 302.666 
0.998892 -0.0085358 0.0462871 1.72959 0.00837196 0.999958 0.00373309 -4.5429 -0.0463171 -0.0033414 0.998921 304.268 
0.998848 -0.00786132 0.0473449 1.76739 0.00770055 0.999964 0.00357816 -4.56098 -0.0473714 -0.00320941 0.998872 305.875 
0.998795 -0.00881864 0.0482887 1.81369 0.00864048 0.999955 0.00389772 -4.58462 -0.048321 -0.00347574 0.998826 307.478 
0.998761 -0.0107652 0.0485945 1.85986 0.0106224 0.999939 0.00319758 -4.61294 -0.048626 -0.00267738 0.998814 309.068 
0.998704 -0.0115859 0.0495668 1.88957 0.0115374 0.999933 0.00126676 -4.63504 -0.0495782 -0.000693209 0.99877 310.673 
0.998723 -0.0116598 0.0491488 1.94557 0.0116467 0.999932 0.000554258 -4.66024 -0.049152 1.89138e-05 0.998791 312.284 
0.998861 -0.011188 0.0463846 2.00469 0.0112177 0.999937 -0.000378734 -4.68689 -0.0463775 0.000898672 0.998924 313.892 
0.998962 -0.0104249 0.0443386 2.03744 0.0104349 0.999946 7.05198e-06 -4.70149 -0.0443363 0.000455666 0.999017 315.512 
0.998996 -0.0087261 0.0439374 2.08269 0.00858475 0.999957 0.00340579 -4.7251 -0.0439653 -0.00302514 0.999029 317.135 
0.998962 -0.0106963 0.0442722 2.1373 0.0104219 0.999925 0.00642343 -4.74327 -0.0443376 -0.00595532 0.998999 318.756 
0.998944 -0.0118859 0.0443793 2.17354 0.0115788 0.999907 0.00717241 -4.75883 -0.0444605 -0.00665093 0.998989 320.393 
0.998922 -0.0135239 0.0444103 2.22 0.0132565 0.999892 0.00631145 -4.77416 -0.0444909 -0.00571587 0.998993 322.05 
0.998883 -0.0142758 0.0450426 2.26672 0.0140124 0.999883 0.00615886 -4.78965 -0.0451253 -0.00552079 0.998966 323.702 
0.998849 -0.0144188 0.045744 2.30112 0.0141365 0.999879 0.00649066 -4.80802 -0.0458321 -0.00583649 0.998932 325.344 
0.998801 -0.0144959 0.0467693 2.33541 0.0142083 0.999878 0.00647692 -4.83074 -0.0468575 -0.0058046 0.998885 327 
0.99881 -0.0128664 0.0470386 2.38841 0.012614 0.999904 0.00566146 -4.85022 -0.047107 -0.00506134 0.998877 328.637 
0.998784 -0.012214 0.0477658 2.43172 0.0119796 0.999915 0.00519216 -4.86805 -0.0478251 -0.0046136 0.998845 330.265 
0.99872 -0.0135271 0.0487312 2.487 0.0131992 0.999888 0.00704583 -4.88532 -0.0488211 -0.00639356 0.998787 331.923 
0.998677 -0.0147041 0.0492689 2.52456 0.0143376 0.999867 0.00778492 -4.90103 -0.0493769 -0.00706819 0.998755 333.564 
0.998628 -0.0155317 0.0500037 2.54908 0.0152303 0.999864 0.00640421 -4.90802 -0.0500964 -0.00563382 0.998729 335.224 
0.998628 -0.0143451 0.0503552 2.5946 0.0140251 0.999879 0.00670228 -4.92755 -0.0504453 -0.00598681 0.998709 336.833 
0.99863 -0.0131061 0.0506635 2.64817 0.0128626 0.999904 0.00512916 -4.94958 -0.0507259 -0.00447043 0.998703 338.409 
0.998617 -0.0113515 0.0513417 2.65096 0.0112575 0.999934 0.00212058 -4.97302 -0.0513624 -0.00153962 0.998679 340.082 
0.998623 -0.0103744 0.0514168 2.69243 0.0102413 0.999944 0.00285206 -5.00152 -0.0514435 -0.00232151 0.998673 341.67 
0.998676 -0.01024 0.0504075 2.74581 0.0099221 0.999929 0.00655463 -5.02064 -0.0504711 -0.00604576 0.998707 343.291 
0.998735 -0.00940538 0.0493865 2.79405 0.00894975 0.999915 0.00943964 -5.03854 -0.0494712 -0.00898567 0.998735 344.916 
0.998759 -0.00949279 0.0488862 2.81993 0.00910742 0.999926 0.00810059 -5.04442 -0.0489595 -0.00764527 0.998772 346.508 
0.998809 -0.0103862 0.0476764 2.8505 0.0100758 0.999927 0.00674581 -5.05707 -0.047743 -0.00625735 0.99884 348.141 
0.998864 -0.0113275 0.0462896 2.88557 0.0109666 0.999908 0.00804395 -5.07322 -0.0463765 -0.00752712 0.998896 349.757 
0.99887 -0.0128112 0.045764 2.9197 0.0124254 0.999885 0.00870616 -5.0921 -0.0458704 -0.00812764 0.998914 351.386 
0.99888 -0.0133448 0.0453937 2.95971 0.0130095 0.999886 0.00767545 -5.10505 -0.045491 -0.00707627 0.99894 353.036 
0.998882 -0.0141267 0.0451181 3.00309 0.0138297 0.999881 0.00689045 -5.12293 -0.0452101 -0.00625873 0.998958 354.664 
0.998863 -0.0142307 0.0455024 3.0399 0.0139467 0.999881 0.00655522 -5.13423 -0.0455903 -0.00591312 0.998943 356.279 
0.99883 -0.0147754 0.0460512 3.07447 0.0144948 0.999874 0.00642182 -5.14842 -0.0461404 -0.00574676 0.998918 357.897 
0.998823 -0.015609 0.0459235 3.12711 0.0153605 0.999865 0.0057604 -5.16295 -0.0460073 -0.00504817 0.998928 359.524 
0.9988 -0.0159331 0.0463028 3.16833 0.0157005 0.999862 0.0053837 -5.18442 -0.0463823 -0.00465023 0.998913 361.125 
0.998774 -0.0164139 0.0466958 3.21606 0.0161774 0.999854 0.00543911 -5.19422 -0.0467783 -0.00467699 0.998894 362.734 
0.998768 -0.0165463 0.0467741 3.26227 0.0163346 0.999855 0.00490497 -5.2182 -0.0468485 -0.00413485 0.998893 364.342 
0.998718 -0.0180325 0.0473012 3.29677 0.017904 0.999835 0.00313984 -5.21997 -0.04735 -0.00228889 0.998876 365.96 
0.998694 -0.0205209 0.0467968 3.35402 0.0203068 0.999781 0.00504547 -5.23917 -0.0468901 -0.00408855 0.998892 367.554 
0.998673 -0.0217531 0.046676 3.40352 0.0214878 0.99975 0.00617837 -5.25861 -0.0467988 -0.00516717 0.998891 369.16 
0.99863 -0.0224113 0.0472962 3.43567 0.0222161 0.999742 0.00464911 -5.26525 -0.0473883 -0.00359196 0.99887 370.804 
0.998669 -0.0204247 0.047357 3.48372 0.0202519 0.999786 0.00412786 -5.28514 -0.0474312 -0.00316326 0.99887 372.42 
0.998695 -0.0182281 0.0477097 3.53454 0.0180187 0.999826 0.00481646 -5.30168 -0.0477892 -0.00395046 0.99885 374.042 
0.998653 -0.018189 0.0485912 3.57345 0.0179313 0.999823 0.0057349 -5.32744 -0.0486869 -0.00485583 0.998802 375.636 
0.998633 -0.0177294 0.0491695 3.62153 0.0174785 0.999832 0.00552948 -5.34896 -0.0492593 -0.00466247 0.998775 377.236 
0.99862 -0.0182477 0.0492428 3.66945 0.0180447 0.999827 0.00456444 -5.36383 -0.0493176 -0.00366953 0.998776 378.861 
0.998636 -0.0178342 0.0490708 3.72681 0.0176544 0.999836 0.00409523 -5.37851 -0.0491358 -0.00322328 0.998787 380.484 
0.998599 -0.0171927 0.0500547 3.76036 0.0170102 0.999847 0.00407036 -5.4005 -0.0501171 -0.00321317 0.998738 382.088 
0.99861 -0.0141956 0.0507695 3.80563 0.0140534 0.999896 0.00315819 -5.41012 -0.0508091 -0.00244027 0.998705 383.705 
0.998605 -0.0127058 0.0512453 3.85454 0.0125433 0.999915 0.00349201 -5.42475 -0.0512854 -0.00284431 0.99868 385.352 
0.998602 -0.011233 0.0516573 3.9127 0.0110998 0.999934 0.00286495 -5.44283 -0.0516861 -0.00228752 0.998661 387.018 
0.998612 -0.0100554 0.051706 3.9693 0.00999398 0.999949 0.00144619 -5.45458 -0.051718 -0.000927392 0.998661 388.654 
0.998608 -0.0100371 0.0517833 4.02797 0.00999941 0.99995 0.000987036 -5.47044 -0.0517906 -0.000467818 0.998658 390.274 
0.998601 -0.00861592 0.0521791 4.0666 0.00855481 0.999962 0.00139517 -5.48133 -0.0521892 -0.000946793 0.998637 391.954 
0.998588 -0.00743172 0.052598 4.11617 0.00737418 0.999972 0.00128868 -5.49944 -0.0526062 -0.000898948 0.998615 393.584 
0.998562 -0.00767906 0.0530585 4.17178 0.00767313 0.999971 0.000316241 -5.50941 -0.0530594 9.13801e-05 0.998591 395.26 
0.998519 -0.00712213 0.053934 4.21941 0.00709547 0.999975 0.000686629 -5.54204 -0.0539375 -0.000302884 0.998544 396.851 
0.998553 -0.00739832 0.053271 4.303 0.00732243 0.999972 0.00162063 -5.56741 -0.0532815 -0.00122818 0.998579 398.536 
0.998528 -0.00680336 0.05381 4.35983 0.00679612 0.999977 0.000318318 -5.58998 -0.0538109 4.78908e-05 0.998551 400.207 
0.998492 -0.00588574 0.0545814 4.40304 0.00595759 0.999982 -0.00115297 -5.61365 -0.0545737 0.00147645 0.998509 401.836 
0.998522 -0.00677242 0.0539348 4.47098 0.00682946 0.999976 -0.000872654 -5.64637 -0.0539277 0.00123975 0.998544 403.527 
0.998487 -0.00839171 0.0543434 4.54302 0.00837364 0.999965 0.000561034 -5.67466 -0.0543463 -0.000105091 0.998522 405.196 
0.998434 -0.0100307 0.0550303 4.58949 0.00994008 0.999949 0.00192134 -5.6992 -0.0550468 -0.00137129 0.998483 406.861 
0.998381 -0.0111423 0.0557819 4.6528 0.0111117 0.999938 0.000860623 -5.71993 -0.055788 -0.000239359 0.998443 408.517 
0.998358 -0.012495 0.0559102 4.71538 0.0124835 0.999922 0.000556158 -5.7589 -0.0559129 0.000142752 0.998436 410.12 
