1 2.12261e-08 -2.11895e-08 0 2.12261e-08 1 2.10703e-08 0 -2.11895e-08 2.10703e-08 1 0 
0.999996 -0.0021325 -0.00195645 0.00215481 0.00213142 0.999998 -0.000575375 -0.0126426 0.00195763 0.000571245 0.999998 0.582314 
0.999991 -0.0029085 -0.00309818 -0.00661651 0.00290206 0.999994 -0.00209561 -0.0253701 0.00310421 0.00208665 0.999993 1.15982 
0.999984 -0.00327148 -0.00468964 -0.0288945 0.00325575 0.999989 -0.0033667 -0.0379228 0.00470056 0.00335142 0.999983 1.72612 
0.999962 -0.00546966 -0.00679497 -0.039211 0.0054357 0.999973 -0.00501138 -0.0497164 0.00682216 0.0049743 0.999964 2.28972 
0.999939 -0.0075841 -0.00801077 -0.0602942 0.0075306 0.999949 -0.00669265 -0.0636526 0.00806108 0.00663196 0.999946 2.85743 
0.999915 -0.0088386 -0.00962789 -0.0703612 0.00876775 0.999934 -0.00738134 -0.0743576 0.00969246 0.00729634 0.999926 3.43728 
0.9999 -0.0090346 -0.0108776 -0.0849341 0.00895922 0.999936 -0.00696254 -0.0849773 0.0109398 0.00686444 0.999917 4.03303 
0.999886 -0.00929732 -0.0118853 -0.106982 0.00920887 0.99993 -0.00747922 -0.0953616 0.0119539 0.00736896 0.999901 4.6227 
0.999878 -0.00859844 -0.0130578 -0.129095 0.00846831 0.999914 -0.00999151 -0.116545 0.0131426 0.00987975 0.999865 5.23573 
0.999881 -0.0066691 -0.0139002 -0.158596 0.00647375 0.99988 -0.0140546 -0.129502 0.0139922 0.013963 0.999805 5.84574 
0.999873 -0.00542257 -0.0149574 -0.18532 0.00515655 0.999829 -0.0177698 -0.139928 0.0150511 0.0176905 0.99973 6.46682 
0.999869 -0.00356994 -0.0157753 -0.224034 0.00328899 0.999836 -0.0178028 -0.152114 0.0158362 0.0177486 0.999717 7.10262 
0.99986 -0.00111677 -0.0166867 -0.254537 0.000928999 0.999936 -0.0112585 -0.158795 0.0166982 0.0112415 0.999797 7.73874 
0.999847 -0.000280481 -0.0174944 -0.280534 0.000263528 1 -0.000973772 -0.165773 0.0174947 0.000969055 0.999847 8.41208 
0.999828 0.000576864 -0.0185513 -0.30292 -0.000470914 0.999984 0.00571282 -0.183538 0.0185543 -0.00570306 0.999812 9.0953 
0.999808 0.00292613 -0.0194014 -0.342813 -0.00282795 0.999983 0.00508381 -0.200974 0.0194159 -0.00502793 0.999799 9.78355 
0.999777 0.00495199 -0.0205394 -0.371522 -0.00500518 0.999984 -0.00254122 -0.202705 0.0205264 0.0026435 0.999786 10.4838 
0.999749 0.0043764 -0.0219543 -0.39462 -0.00456568 0.999953 -0.00858088 -0.203361 0.0219157 0.008679 0.999722 11.1989 
0.999729 0.00218905 -0.0231759 -0.418082 -0.00233708 0.999977 -0.0063636 -0.217719 0.0231614 0.00641608 0.999711 11.9515 
0.999719 0.00110766 -0.0236948 -0.448501 -0.00104509 0.999996 0.00265074 -0.221318 0.0236976 -0.00262519 0.999716 12.7168 
0.999722 0.000731901 -0.0235737 -0.492589 -0.00049993 0.999951 0.00984283 -0.224415 0.0235797 -0.00982827 0.999674 13.5007 
0.999722 -7.47655e-05 -0.0235756 -0.538942 0.000356954 0.999928 0.0119638 -0.217994 0.023573 -0.0119688 0.999651 14.2987 
0.99971 -0.00195089 -0.0240091 -0.564454 0.0022151 0.999937 0.0109812 -0.216487 0.0239862 -0.0110311 0.999651 15.1071 
0.999722 -0.00216118 -0.0234825 -0.601678 0.00235525 0.999963 0.00823818 -0.21576 0.0234638 -0.00829115 0.99969 15.9354 
0.999743 4.94516e-05 -0.0226694 -0.639213 5.3835e-05 0.99999 0.00455373 -0.211374 0.0226694 -0.00455374 0.999733 16.7742 
0.999756 -0.00286042 -0.0219071 -0.665562 0.00284397 0.999996 -0.000784075 -0.220707 0.0219092 0.000721623 0.99976 17.6364 
0.99977 -0.00508437 -0.0208339 -0.699757 0.00494019 0.999964 -0.00696841 -0.233201 0.0208685 0.00686393 0.999759 18.4727 
0.999798 -0.00408248 -0.0197025 -0.737715 0.00384097 0.999917 -0.012282 -0.24408 0.019751 0.0122039 0.99973 19.3655 
0.999811 -0.00286481 -0.0192215 -0.783298 0.00261371 0.999911 -0.0130782 -0.260625 0.0192572 0.0130255 0.99973 20.2754 
0.999815 -0.00257039 -0.0190885 -0.825379 0.00233019 0.999918 -0.012597 -0.281957 0.0191192 0.0125502 0.999738 21.2057 
0.999807 -0.00106475 -0.0196246 -0.855954 0.000789515 0.999901 -0.0140298 -0.303826 0.0196376 0.0140116 0.999709 22.1418 
0.999821 0.00163813 -0.0188749 -0.911029 -0.00194054 0.99987 -0.0160174 -0.327937 0.0188462 0.0160512 0.999694 23.1082 
0.9998 0.00571058 -0.0191481 -0.948787 -0.00603591 0.999838 -0.0169777 -0.351942 0.019048 0.01709 0.999673 24.0752 
0.99979 0.00750595 -0.0190463 -0.989434 -0.00782782 0.999827 -0.0168835 -0.378398 0.0189162 0.0170291 0.999676 25.059 
0.999785 0.00841428 -0.0189614 -1.04004 -0.0087329 0.999821 -0.0167862 -0.409234 0.0188167 0.0169482 0.999679 26.0496 
0.99978 0.00821884 -0.0192975 -1.0761 -0.0085435 0.999822 -0.0168044 -0.436651 0.0191559 0.0169656 0.999673 27.0432 
0.99977 0.00898564 -0.0194588 -1.12103 -0.00929208 0.999833 -0.0157172 -0.464821 0.0193143 0.0158945 0.999687 28.0481 
0.999753 0.00998643 -0.0198673 -1.1615 -0.0102628 0.999851 -0.0138614 -0.493807 0.0197259 0.0140619 0.999707 29.0512 
0.999733 0.0101736 -0.0207525 -1.19789 -0.0104348 0.999867 -0.0125211 -0.524738 0.0206223 0.0127344 0.999706 30.0603 
0.999727 0.010116 -0.0210644 -1.23537 -0.0104008 0.999855 -0.013461 -0.552835 0.0209252 0.0136764 0.999688 31.071 
0.999712 0.0114308 -0.0211239 -1.2775 -0.0117364 0.999827 -0.0144015 -0.57987 0.0209555 0.0146453 0.999673 32.1041 
0.999704 0.0110664 -0.0216792 -1.31841 -0.0113603 0.999845 -0.0134819 -0.608246 0.0215266 0.0137242 0.999674 33.149 
0.999691 0.0102074 -0.0226627 -1.35171 -0.0104558 0.999886 -0.010872 -0.63355 0.0225491 0.0111057 0.999684 34.1912 
0.999679 0.010476 -0.023052 -1.3959 -0.010645 0.999917 -0.00722162 -0.657207 0.0229744 0.00746474 0.999708 35.244 
0.999661 0.0104229 -0.0238634 -1.44128 -0.0105457 0.999932 -0.00502928 -0.678976 0.0238093 0.00527927 0.999703 36.3114 
0.99965 0.0111962 -0.0239772 -1.49002 -0.0113121 0.999925 -0.00470524 -0.696674 0.0239227 0.00497487 0.999701 37.3822 
0.999635 0.0107182 -0.0247903 -1.53097 -0.0108693 0.999923 -0.00596735 -0.720004 0.0247244 0.00623467 0.999675 38.4552 
0.999613 0.0109569 -0.0255713 -1.57484 -0.0111259 0.999917 -0.00647672 -0.740385 0.0254982 0.00675876 0.999652 39.5313 
0.999599 0.0111915 -0.0260149 -1.62407 -0.0113305 0.999922 -0.00520482 -0.764052 0.0259546 0.00549754 0.999648 40.6126 
0.999574 0.0116181 -0.0267832 -1.66911 -0.0117137 0.999926 -0.00341652 -0.782589 0.0267414 0.00372884 0.999635 41.7117 
0.999552 0.0121451 -0.0273506 -1.71357 -0.0121928 0.999924 -0.00158155 -0.798348 0.0273293 0.00191437 0.999625 42.8013 
0.999533 0.0130894 -0.0276201 -1.77056 -0.0131372 0.999913 -0.00155333 -0.822105 0.0275973 0.0019155 0.999617 43.8934 
0.999529 0.0143343 -0.0271267 -1.8315 -0.0144757 0.999883 -0.00502596 -0.849468 0.0270514 0.00541632 0.999619 44.9681 
0.999519 0.0152967 -0.0269656 -1.88639 -0.0155468 0.999838 -0.00909166 -0.872787 0.0268222 0.00950656 0.999595 46.0463 
0.999518 0.0158347 -0.0267227 -1.93497 -0.0160917 0.999826 -0.00942999 -0.896361 0.0265686 0.00985549 0.999598 47.1354 
0.999513 0.016202 -0.0266829 -1.97878 -0.0163905 0.999842 -0.00686278 -0.920938 0.0265675 0.00729682 0.99962 48.235 
0.999506 0.0164198 -0.0267925 -2.0278 -0.0165494 0.999852 -0.00462328 -0.949391 0.0267126 0.00506444 0.99963 49.3345 
0.999521 0.0148411 -0.0271475 -2.069 -0.0149453 0.999882 -0.00364322 -0.966604 0.0270902 0.00404725 0.999625 50.4181 
0.999539 0.0143836 -0.0267242 -2.11461 -0.0145036 0.999886 -0.00430409 -0.99488 0.0266592 0.00468975 0.999634 51.5112 
0.999566 0.0131315 -0.0263904 -2.16369 -0.0133055 0.999891 -0.00643021 -1.01187 0.026303 0.0067786 0.999631 52.6053 
0.999565 0.0131687 -0.0263737 -2.20542 -0.0133976 0.999874 -0.00852154 -1.03856 0.0262581 0.00887122 0.999616 53.7059 
0.999574 0.0123396 -0.0264593 -2.25217 -0.0126314 0.999861 -0.0108902 -1.07064 0.0263212 0.0112198 0.999591 54.8049 
0.99959 0.0112362 -0.026332 -2.30141 -0.0116071 0.999835 -0.0139762 -1.10391 0.0261706 0.0142761 0.999556 55.899 
0.999605 0.00993631 -0.0262824 -2.34961 -0.0103522 0.999823 -0.0157389 -1.13586 0.0261213 0.0160048 0.999531 56.9939 
0.999621 0.00786484 -0.0263972 -2.38653 -0.00821798 0.999878 -0.0132977 -1.1667 0.0262894 0.0135097 0.999563 58.081 
0.999638 0.00644325 -0.0261108 -2.43439 -0.00663282 0.999952 -0.0071819 -1.1977 0.0260632 0.00735254 0.999633 59.1727 
0.999642 0.0047462 -0.0263152 -2.47635 -0.00477942 0.999988 -0.00120142 -1.22275 0.0263091 0.0013268 0.999653 60.2762 
0.999664 0.00271081 -0.0257954 -2.54753 -0.00272648 0.999996 -0.000573925 -1.2387 0.0257937 0.000644105 0.999667 61.4034 
0.999663 -0.000935149 -0.0259567 -2.58278 0.000848965 0.999994 -0.00333274 -1.26379 0.0259597 0.00330962 0.999658 62.489 
0.999636 -0.00193339 -0.0269129 -2.61196 0.00176667 0.999979 -0.00621881 -1.28984 0.0269244 0.00616905 0.999618 63.5601 
0.999635 0.000192213 -0.027003 -2.66598 -0.000467239 0.999948 -0.0101806 -1.31723 0.0269996 0.0101896 0.999584 64.6522 
0.999632 0.000466927 -0.0271133 -2.71864 -0.000860175 0.999895 -0.0144956 -1.3458 0.0271037 0.0145136 0.999527 65.7579 
0.999641 0.00318328 -0.0265874 -2.78298 -0.00358715 0.999879 -0.0151578 -1.36811 0.0265359 0.0152478 0.999532 66.8759 
0.999643 0.00709374 -0.0257694 -2.84177 -0.00739573 0.999905 -0.0116443 -1.40042 0.0256843 0.0118308 0.9996 67.975 
0.99963 0.00902029 -0.0256549 -2.90012 -0.0092743 0.999909 -0.00980111 -1.4289 0.0255641 0.0100355 0.999623 69.0816 
0.999629 0.00759837 -0.0261721 -2.93843 -0.00783003 0.999931 -0.00876211 -1.45446 0.0261037 0.00896383 0.999619 70.1852 
0.999638 0.00624977 -0.0261537 -2.98653 -0.00645753 0.999948 -0.00786831 -1.48574 0.0261031 0.0080344 0.999627 71.2892 
0.999631 0.00472131 -0.0267584 -3.02567 -0.00489905 0.999966 -0.00658226 -1.509 0.0267264 0.00671097 0.99962 72.3827 
0.999623 0.00282143 -0.0273066 -3.06528 -0.0029514 0.999985 -0.00472212 -1.53081 0.0272928 0.00480098 0.999616 73.49 
0.999611 0.00189164 -0.0278447 -3.11905 -0.00196873 0.999994 -0.00274292 -1.56078 0.0278393 0.00279672 0.999609 74.6071 
0.99959 0.00110399 -0.0286292 -3.1649 -0.00121691 0.999992 -0.00392877 -1.58768 0.0286246 0.00396204 0.999582 75.6858 
0.999583 0.00157632 -0.0288363 -3.23075 -0.00179407 0.99997 -0.0075284 -1.61519 0.0288235 0.00757703 0.999556 76.784 
0.999549 0.00245806 -0.0299293 -3.2794 -0.00274912 0.999949 -0.00968914 -1.64045 0.0299039 0.0097671 0.999505 77.8742 
0.999522 0.00452072 -0.0305807 -3.34012 -0.00476509 0.999957 -0.00792429 -1.67034 0.0305435 0.00806626 0.999501 78.963 
0.999499 0.0051972 -0.0312094 -3.40049 -0.00531299 0.999979 -0.00362972 -1.69565 0.0311899 0.00379376 0.999506 80.0576 
0.999473 0.006872 -0.0317412 -3.45563 -0.00687158 0.999976 0.000120924 -1.71634 0.0317412 9.72941e-05 0.999496 81.1493 
0.999452 0.00747547 -0.0322557 -3.52141 -0.0074528 0.999972 0.000821643 -1.74247 0.0322609 -0.000580755 0.999479 82.2215 
0.999427 0.00691539 -0.0331315 -3.57496 -0.00696363 0.999975 -0.00134209 -1.76636 0.0331214 0.00157208 0.99945 83.2764 
0.999418 0.00718986 -0.0333623 -3.63009 -0.00725552 0.999972 -0.00184884 -1.79374 0.033348 0.00208987 0.999442 84.3324 
0.999409 0.00701928 -0.0336473 -3.69244 -0.00709025 0.999973 -0.00199165 -1.81886 0.0336324 0.00222908 0.999432 85.3554 
0.999376 0.00615596 -0.0347786 -3.73673 -0.00622326 0.999979 -0.00182839 -1.84181 0.0347666 0.00204373 0.999393 86.4027 
0.999371 0.00539779 -0.035058 -3.79252 -0.00541253 0.999985 -0.000326751 -1.8628 0.0350557 0.00051634 0.999385 87.4262 
0.999341 0.00569107 -0.0358443 -3.84368 -0.00562144 0.999982 0.00204175 -1.88598 0.0358553 -0.00183886 0.999355 88.4085 
0.999326 0.00520105 -0.0363501 -3.91097 -0.00510976 0.999984 0.0026028 -1.90235 0.036363 -0.00241526 0.999336 89.4097 
0.99924 0.0044349 -0.038715 -3.96087 -0.00434349 0.999988 0.00244388 -1.9167 0.0387253 -0.00227383 0.999247 90.3719 
0.999132 0.00339971 -0.0415191 -4.02212 -0.00332538 0.999993 0.00185819 -1.94265 0.041525 -0.00171847 0.999136 91.3125 
0.998989 0.00325421 -0.04484 -4.08464 -0.00322326 0.999995 0.000761658 -1.96212 0.0448421 -0.000616315 0.998994 92.2171 
0.998884 0.00395642 -0.0470685 -4.16999 -0.00390505 0.999992 0.00118252 -1.98003 0.0470728 -0.000997348 0.998891 93.0733 
0.998703 0.00536568 -0.0506386 -4.22469 -0.00524925 0.999983 0.00243114 -2.00081 0.0506507 -0.00216213 0.998714 93.9421 
0.998544 0.00581249 -0.0536344 -4.28597 -0.00563301 0.999978 0.00349613 -2.02403 0.0536535 -0.00318887 0.998555 94.7871 
0.998362 0.00641009 -0.0568538 -4.34465 -0.00613854 0.999969 0.00494891 -2.04097 0.0568837 -0.00459176 0.99837 95.5976 
0.998189 0.00824758 -0.0595895 -4.40749 -0.00791933 0.999952 0.00574183 -2.05847 0.0596339 -0.00525948 0.998206 96.3922 
0.997993 0.0109888 -0.0623582 -4.4725 -0.0106142 0.999924 0.00633472 -2.07315 0.062423 -0.00566009 0.998034 97.1594 
0.997808 0.0131441 -0.0648543 -4.54051 -0.0128315 0.999904 0.00523312 -2.08961 0.0649168 -0.00438942 0.997881 97.8977 
0.997636 0.0143383 -0.0672119 -4.60716 -0.0142515 0.999897 0.00177104 -2.10856 0.0672303 -0.000808942 0.997737 98.602 
0.997419 0.0169489 -0.0697695 -4.67024 -0.0171264 0.999851 -0.00194814 -2.12196 0.069726 0.00313806 0.997561 99.2789 
0.99725 0.0184856 -0.0717748 -4.73202 -0.0188719 0.999811 -0.00470836 -2.13474 0.0716742 0.00604998 0.99741 99.9259 
0.99716 0.0205086 -0.0724686 -4.79747 -0.0209623 0.999765 -0.00550664 -2.15019 0.0723386 0.00701015 0.997356 100.551 
0.997171 0.0224293 -0.0717406 -4.85001 -0.0228471 0.999726 -0.00500994 -2.16934 0.0716086 0.00663488 0.997411 101.156 
0.997277 0.0262831 -0.0689029 -4.90486 -0.0265967 0.99964 -0.00363867 -2.18488 0.0687824 0.0054614 0.997617 101.722 
0.997561 0.0287649 -0.0636015 -4.94899 -0.0289497 0.999579 -0.00198748 -2.20577 0.0635175 0.00382392 0.997973 102.285 
0.997974 0.0297761 -0.0562222 -4.98214 -0.0298322 0.999555 -0.000159925 -2.2145 0.0561924 0.00183687 0.998418 102.813 
0.998463 0.0289766 -0.0472465 -4.99804 -0.0289082 0.99958 0.00212949 -2.2283 0.0472884 -0.000760359 0.998881 103.317 
0.998959 0.0283961 -0.0357107 -5.00878 -0.0283043 0.999595 0.00307163 -2.2364 0.0357834 -0.00205763 0.999357 103.805 
0.999371 0.0279936 -0.0217687 -5.02762 -0.0279266 0.999604 0.00337352 -2.2526 0.0218545 -0.00276343 0.999757 104.264 
0.999595 0.0276864 -0.00661069 -5.02604 -0.0276703 0.999614 0.00251252 -2.26298 0.00667766 -0.00232854 0.999975 104.702 
0.999586 0.0263756 0.011522 -5.01866 -0.0263696 0.999652 -0.000672657 -2.27357 -0.0115357 0.000368591 0.999933 105.126 
0.999118 0.0259202 0.0330466 -4.99907 -0.0257536 0.999653 -0.00545787 -2.28539 -0.0331767 0.00460203 0.999439 105.529 
0.998051 0.0238062 0.0576765 -4.96794 -0.0232367 0.999675 -0.010523 -2.29377 -0.0579083 0.00916234 0.99828 105.935 
0.996143 0.0218579 0.0849805 -4.91975 -0.0208369 0.9997 -0.0128826 -2.30812 -0.0852367 0.0110622 0.996299 106.327 
0.993168 0.0194679 0.115055 -4.85503 -0.0179653 0.999739 -0.0140826 -2.32315 -0.115299 0.0119195 0.993259 106.706 
0.98889 0.017104 0.147665 -4.78064 -0.0148794 0.999759 -0.0161564 -2.33382 -0.147906 0.0137798 0.988905 107.073 
0.98296 0.0143366 0.18326 -4.68499 -0.0113094 0.999782 -0.017553 -2.3524 -0.183472 0.0151813 0.982908 107.44 
0.974786 0.0109952 0.222869 -4.59947 -0.00718463 0.999814 -0.017901 -2.36936 -0.223024 0.0158485 0.974684 107.786 
0.964729 0.0091486 0.263088 -4.47996 -0.00431199 0.999811 -0.0189554 -2.38209 -0.263212 0.0171524 0.964586 108.129 
0.952286 0.0102813 0.305034 -4.35259 -0.0042662 0.999783 -0.0203793 -2.39321 -0.305178 0.0181056 0.952123 108.458 
0.936828 0.0121385 0.349581 -4.21652 -0.00520824 0.999771 -0.0207576 -2.41047 -0.349753 0.0176256 0.936676 108.773 
0.918765 0.0120134 0.394623 -4.06251 -0.00460445 0.999795 -0.0197162 -2.4236 -0.394779 0.0162975 0.918632 109.079 
0.898178 0.0112711 0.439487 -3.89126 -0.00355336 0.999825 -0.0183795 -2.43864 -0.439617 0.0149464 0.898061 109.37 
0.874582 0.0100571 0.484773 -3.70832 -0.00096998 0.999819 -0.0189923 -2.45363 -0.484876 0.0161401 0.874434 109.654 
0.849012 0.0106392 0.528266 -3.50742 0.000609016 0.999777 -0.021114 -2.4703 -0.528373 0.0182478 0.848816 109.924 
0.820974 0.0127729 0.570823 -3.29414 0.00156069 0.999696 -0.0246141 -2.48509 -0.570964 0.0210984 0.820704 110.183 
0.789537 0.0174145 0.613456 -3.07325 0.000361973 0.999584 -0.0288415 -2.50313 -0.613703 0.0229935 0.789202 110.438 
0.754687 0.0236468 0.655659 -2.8368 -0.00295239 0.999463 -0.032648 -2.5174 -0.656078 0.0227033 0.754351 110.693 
0.71646 0.0286813 0.697038 -2.58001 -0.00542159 0.999353 -0.035548 -2.52882 -0.697607 0.0216897 0.716152 110.937 
0.676343 0.0289275 0.736019 -2.30186 -0.00270282 0.999319 -0.0367921 -2.54037 -0.736582 0.0228948 0.675961 111.158 
0.634376 0.0264112 0.772573 -2.00215 0.00172073 0.999365 -0.0355772 -2.55334 -0.773022 0.0238988 0.633928 111.363 
0.589405 0.0244809 0.807467 -1.69089 0.00299855 0.999468 -0.0324907 -2.56947 -0.807833 0.0215714 0.589017 111.559 
0.542202 0.0230148 0.839933 -1.36525 0.00458258 0.999529 -0.030346 -2.57809 -0.840236 0.0203028 0.541841 111.741 
0.493329 0.0203759 0.869604 -1.04254 0.00570201 0.999628 -0.0266572 -2.59954 -0.869824 0.0181093 0.493029 111.897 
0.441438 0.0168502 0.897133 -0.691697 0.00820941 0.999706 -0.0228162 -2.6122 -0.897254 0.0174369 0.44117 112.043 
0.388818 0.0168888 0.92116 -0.331469 0.00581658 0.999767 -0.0207851 -2.63285 -0.921296 0.0134396 0.388629 112.177 
0.337375 0.0217556 0.941119 0.0340203 0.00204952 0.999714 -0.0238448 -2.64882 -0.941368 0.00997348 0.337234 112.281 
0.28608 0.026953 0.957827 0.408125 0.00153805 0.99959 -0.0285875 -2.65935 -0.958205 0.00965151 0.285921 112.376 
0.239134 0.0291232 0.97055 0.798145 0.00300357 0.999523 -0.0307326 -2.67499 -0.970982 0.0102643 0.238932 112.445 
0.197429 0.0286341 0.979899 1.209 0.0104574 0.999455 -0.0313125 -2.69445 -0.980261 0.0164292 0.197022 112.5 
0.162355 0.0287844 0.986313 1.6396 0.0184933 0.99931 -0.0322078 -2.70479 -0.986559 0.0234693 0.16171 112.54 
0.131873 0.0297532 0.99082 2.08443 0.022965 0.99919 -0.033061 -2.72083 -0.991001 0.027114 0.131082 112.578 
0.103606 0.028332 0.994215 2.55308 0.0210672 0.999307 -0.0306725 -2.73634 -0.994395 0.0241232 0.102937 112.623 
0.0779229 0.0248733 0.996649 3.03786 0.0142911 0.999558 -0.0260632 -2.75411 -0.996857 0.0162741 0.077533 112.662 
0.0540502 0.0213285 0.99831 3.56347 0.010267 0.999707 -0.0219142 -2.76151 -0.998485 0.0114341 0.0538154 112.698 
0.0311862 0.0190063 0.999333 4.08625 0.0143786 0.999707 -0.0194621 -2.7796 -0.99941 0.014976 0.0309038 112.71 
0.0109272 0.0201803 0.999737 4.64351 0.0230492 0.999526 -0.0204279 -2.78975 -0.999675 0.0232663 0.0104568 112.713 
-0.00637483 0.0227111 0.999722 5.19856 0.0278192 0.999359 -0.0225255 -2.80881 -0.999593 0.0276679 -0.00700255 112.699 
-0.0210617 0.0283951 0.999375 5.77788 0.0282679 0.999214 -0.0277948 -2.82063 -0.999379 0.0276648 -0.0218478 112.696 
-0.0322451 0.0330417 0.998934 6.37002 0.0255223 0.999155 -0.0322251 -2.83728 -0.999154 0.024456 -0.0330611 112.691 
-0.0388185 0.0328497 0.998706 7.00704 0.0289412 0.999077 -0.031737 -2.85637 -0.998827 0.0276718 -0.0397334 112.681 
-0.0412022 0.0295967 0.998712 7.64628 0.0350402 0.998989 -0.0281592 -2.87942 -0.998536 0.0338349 -0.0421976 112.648 
-0.0408592 0.0283309 0.998763 8.3228 0.0370845 0.998952 -0.0268191 -2.89423 -0.998477 0.0359429 -0.041867 112.639 
-0.0390793 0.0280589 0.998842 9.00421 0.0357534 0.999005 -0.0266646 -2.91955 -0.998596 0.03467 -0.0400436 112.629 
-0.0376082 0.0283156 0.998891 9.72235 0.0321728 0.999115 -0.0271106 -2.94829 -0.998775 0.0311176 -0.0384859 112.626 
-0.036416 0.029711 0.998895 10.4415 0.0309328 0.999113 -0.0285898 -2.97224 -0.998858 0.0298574 -0.0373027 112.617 
-0.0356445 0.0306269 0.998895 11.1734 0.0308932 0.999086 -0.0295303 -2.99484 -0.998887 0.0298065 -0.0365581 112.608 
-0.0344482 0.0303317 0.998946 11.9269 0.0302887 0.999112 -0.0292922 -3.01794 -0.998947 0.0292477 -0.0353363 112.585 
-0.0341214 0.0292716 0.998989 12.6976 0.028991 0.999179 -0.0282869 -3.04446 -0.998997 0.0279965 -0.034942 112.586 
-0.0337542 0.0281958 0.999032 13.474 0.0297845 0.999186 -0.0271937 -3.07003 -0.998986 0.0288377 -0.0345666 112.576 
-0.0342708 0.0258849 0.999077 14.2593 0.0300959 0.999238 -0.0248567 -3.10579 -0.998959 0.0292163 -0.0350237 112.557 
-0.0355627 0.0244608 0.999068 15.0548 0.0271894 0.999354 -0.0234999 -3.12854 -0.998998 0.0263283 -0.0362048 112.546 
-0.036743 0.0231934 0.999056 15.8523 0.0264862 0.999402 -0.0222273 -3.16002 -0.998974 0.0256445 -0.0373353 112.53 
-0.0380979 0.02081 0.999057 16.667 0.0286735 0.999394 -0.0197235 -3.18649 -0.998863 0.027895 -0.0386716 112.519 
-0.0390082 0.0191858 0.999055 17.4851 0.030191 0.999382 -0.0180132 -3.21505 -0.998783 0.0294598 -0.0395633 112.493 
-0.0412355 0.0182333 0.998983 18.312 0.026902 0.999491 -0.0171321 -3.25012 -0.998787 0.0261682 -0.041705 112.483 
-0.0420369 0.0229497 0.998852 19.1359 0.0242042 0.999466 -0.0219451 -3.276 -0.998823 0.0232539 -0.0425699 112.462 
-0.0429699 0.0277885 0.99869 19.9807 0.0254692 0.999319 -0.0267101 -3.30198 -0.998752 0.0242881 -0.0436484 112.446 
-0.0438903 0.0292186 0.998609 20.8202 0.0256759 0.999275 -0.0281096 -3.33973 -0.998706 0.0244065 -0.0446087 112.418 
-0.045329 0.0268801 0.99861 21.6652 0.0220325 0.999422 -0.0259018 -3.37442 -0.998729 0.0208277 -0.0458951 112.394 
-0.0462616 0.0225319 0.998675 22.5195 0.0194275 0.999577 -0.0216522 -3.41016 -0.99874 0.0184 -0.0466798 112.374 
-0.0464559 0.0176384 0.998765 23.3946 0.0177813 0.9997 -0.0168278 -3.43368 -0.998762 0.0169776 -0.0467556 112.346 
-0.0465879 0.0120042 0.998842 24.2563 0.0142862 0.999834 -0.0113497 -3.46106 -0.998812 0.0137409 -0.0467516 112.323 
-0.0464999 0.0104226 0.998864 25.0939 0.0113664 0.999886 -0.00990407 -3.49148 -0.998854 0.010893 -0.0466131 112.309 
-0.045981 0.0169876 0.998798 25.9396 0.0138878 0.99977 -0.0163647 -3.52687 -0.998846 0.0131186 -0.0462064 112.29 
-0.0450589 0.0282788 0.998584 26.7738 0.015677 0.999496 -0.0275972 -3.55264 -0.998861 0.0144113 -0.0454795 112.266 
-0.044812 0.0336415 0.998429 27.6203 0.0179886 0.999298 -0.0328634 -3.57963 -0.998834 0.0164877 -0.0453857 112.247 
-0.042742 0.0285364 0.998679 28.4677 0.0194845 0.999426 -0.0277238 -3.60916 -0.998896 0.0182737 -0.0432735 112.212 
-0.0416682 0.0204994 0.998921 29.3139 0.0222384 0.999561 -0.0195848 -3.64711 -0.998884 0.0213983 -0.0421058 112.182 
-0.0411484 0.0170847 0.999007 30.155 0.0234289 0.999595 -0.0161297 -3.68232 -0.998878 0.0227419 -0.041532 112.163 
-0.0417112 0.018038 0.998967 30.9902 0.0224705 0.999601 -0.0171112 -3.71175 -0.998877 0.0217335 -0.0420999 112.153 
-0.0420313 0.0186436 0.998942 31.8098 0.0193757 0.999653 -0.0178415 -3.74504 -0.998928 0.0186053 -0.0423779 112.129 
-0.0433971 0.0189304 0.998879 32.6306 0.0177269 0.999678 -0.0181754 -3.77134 -0.998901 0.0169183 -0.0437187 112.103 
-0.0453984 0.0186244 0.998795 33.4477 0.0166734 0.999701 -0.0178834 -3.80412 -0.99883 0.0158414 -0.0456954 112.072 
-0.0472637 0.0193123 0.998696 34.2789 0.0165572 0.999691 -0.018548 -3.83912 -0.998745 0.015659 -0.0475689 112.036 
-0.0491011 0.0195379 0.998603 35.0798 0.0148968 0.999712 -0.0188271 -3.86824 -0.998683 0.0139515 -0.049378 112.014 
-0.0510224 0.0189493 0.998518 35.8884 0.0134339 0.999743 -0.0182861 -3.89508 -0.998607 0.012481 -0.0512638 111.992 
-0.0532539 0.0176068 0.998426 36.6841 0.0142106 0.999757 -0.0168722 -3.92923 -0.99848 0.0132897 -0.0534912 111.969 
-0.0547893 0.0175707 0.998343 37.4835 0.0145881 0.999753 -0.0167949 -3.9675 -0.998391 0.0136438 -0.055032 111.935 
-0.0562992 0.0186946 0.998239 38.267 0.014183 0.999739 -0.0179227 -3.99272 -0.998313 0.013149 -0.0565497 111.902 
-0.0572952 0.0187139 0.998182 39.049 0.0150095 0.999727 -0.0178813 -4.02528 -0.998244 0.0139577 -0.0575605 111.874 
-0.058154 0.0173853 0.998156 39.835 0.0165584 0.999728 -0.016448 -4.0543 -0.99817 0.0155714 -0.058426 111.834 
-0.0595333 0.0167645 0.998086 40.6163 0.0169853 0.999731 -0.015779 -4.08318 -0.998082 0.0160134 -0.059802 111.802 
-0.0610138 0.0164391 0.998002 41.3836 0.015807 0.999755 -0.0155016 -4.11095 -0.998012 0.0148296 -0.0612587 111.775 
-0.0619892 0.0158251 0.997951 42.1382 0.014278 0.999786 -0.0149673 -4.13418 -0.997975 0.0133209 -0.0622019 111.743 
-0.0629572 0.0148819 0.997905 42.8793 0.0132312 0.999813 -0.0140755 -4.15765 -0.997929 0.0123174 -0.0631424 111.717 
-0.0633402 0.0143563 0.997889 43.5962 0.0133122 0.99982 -0.0135391 -4.18656 -0.997903 0.0124265 -0.0635199 111.68 
-0.0636156 0.0169283 0.997831 44.305 0.0139081 0.999774 -0.0160745 -4.2125 -0.997878 0.0128553 -0.0638367 111.65 
-0.0635989 0.0198936 0.997777 45.0094 0.0137571 0.999724 -0.0190555 -4.236 -0.997881 0.0125146 -0.063855 111.619 
-0.0640051 0.0218089 0.997711 45.7128 0.0119963 0.999706 -0.0210829 -4.26148 -0.997878 0.0106194 -0.0642479 111.594 
-0.0637341 0.0226698 0.997709 46.4033 0.0132054 0.999674 -0.0218708 -4.28995 -0.99788 0.0117813 -0.0640127 111.559 
-0.0632969 0.0226979 0.997737 47.103 0.0148585 0.999652 -0.0217988 -4.31787 -0.997884 0.0134451 -0.0636121 111.519 
-0.0636766 0.0223326 0.997721 47.7937 0.0160592 0.999643 -0.0213506 -4.34228 -0.997841 0.0146631 -0.0640125 111.488 
-0.0637987 0.0224234 0.997711 48.4832 0.0123764 0.999688 -0.0216764 -4.37161 -0.997886 0.0109651 -0.0640564 111.462 
-0.0635619 0.022411 0.997726 49.1534 0.00962258 0.999715 -0.0218426 -4.40405 -0.997932 0.00821234 -0.0637595 111.437 
-0.0630062 0.0216041 0.997779 49.8337 0.012742 0.999702 -0.020841 -4.42659 -0.997932 0.0114005 -0.0632626 111.397 
-0.0638733 0.0206907 0.997744 50.5038 0.0125187 0.999723 -0.0199303 -4.45839 -0.99788 0.0112174 -0.0641146 111.362 
-0.0673078 0.0199672 0.997532 51.1809 0.00982312 0.999765 -0.019349 -4.48809 -0.997684 0.00849654 -0.0674881 111.332 
-0.0724857 0.0197756 0.997173 51.859 0.00593357 0.999794 -0.0193962 -4.51573 -0.997352 0.00451085 -0.0725881 111.298 
-0.077855 0.0236204 0.996685 52.5227 0.0101491 0.999686 -0.0228987 -4.54502 -0.996913 0.0083327 -0.0780703 111.248 
-0.0841699 0.0265004 0.996099 53.1908 0.0127863 0.999593 -0.0255129 -4.56679 -0.996369 0.010589 -0.0844745 111.193 
-0.0912682 0.0285156 0.995418 53.8695 0.0126293 0.999543 -0.0274758 -4.58973 -0.995746 0.0100638 -0.0915866 111.138 
-0.0975831 0.0275662 0.994846 54.5498 0.00884666 0.999601 -0.0268302 -4.61992 -0.995188 0.00618289 -0.097788 111.091 
-0.102555 0.0262928 0.99438 55.2336 0.00851814 0.999637 -0.0255533 -4.64995 -0.994691 0.00584964 -0.102742 111.028 
-0.107193 0.0272385 0.993865 55.922 0.00664508 0.999622 -0.0266795 -4.67375 -0.994216 0.00374444 -0.107334 110.966 
-0.111316 0.0266579 0.993428 56.6305 0.00443863 0.999644 -0.0263273 -4.69821 -0.993775 0.00147882 -0.111394 110.911 
-0.113695 0.0238379 0.99323 57.3333 0.00502917 0.999713 -0.0234178 -4.71917 -0.993503 0.00233262 -0.113783 110.841 
-0.115413 0.0207067 0.993102 58.0483 0.00684869 0.999776 -0.0200499 -4.74422 -0.993294 0.00448742 -0.115529 110.768 
-0.116702 0.0179412 0.993005 58.7737 0.00692526 0.999827 -0.0172506 -4.76951 -0.993143 0.00486364 -0.116806 110.697 
-0.117804 0.0179029 0.992876 59.4977 0.00582513 0.999833 -0.0173371 -4.78953 -0.99302 0.00374124 -0.117889 110.621 
-0.118115 0.0213383 0.992771 60.2288 0.00776655 0.999758 -0.0205645 -4.81565 -0.99297 0.00528143 -0.118252 110.548 
-0.11774 0.0256016 0.992714 60.9542 0.0141425 0.99961 -0.024102 -4.84135 -0.992944 0.0112017 -0.118056 110.461 
-0.117899 0.0305725 0.992555 61.6968 0.0218499 0.999364 -0.0281868 -4.8705 -0.992785 0.018364 -0.118492 110.37 
-0.118355 0.0316207 0.992468 62.4412 0.0224439 0.999323 -0.0291625 -4.89981 -0.992718 0.0188233 -0.118984 110.291 
-0.1183 0.0291164 0.992551 63.203 0.0208868 0.999422 -0.0268285 -4.93583 -0.992758 0.0175574 -0.11884 110.211 
-0.117862 0.0242571 0.992734 63.949 0.0211477 0.999536 -0.0219126 -4.96658 -0.992805 0.0184114 -0.118321 110.131 
-0.117213 0.0223176 0.992856 64.7064 0.0233877 0.999532 -0.0197066 -4.99753 -0.992831 0.0209108 -0.11768 110.04 
-0.118328 0.0220266 0.99273 65.454 0.0232098 0.999542 -0.0194112 -5.02429 -0.992703 0.0207442 -0.118785 109.966 
-0.11939 0.0230448 0.99258 66.2017 0.0220392 0.999546 -0.0205555 -5.0535 -0.992603 0.0194215 -0.119844 109.883 
-0.121604 0.0238571 0.992292 66.9527 0.021607 0.999538 -0.0213833 -5.08276 -0.992343 0.0188401 -0.122064 109.805 
-0.123686 0.0242353 0.992026 67.6927 0.0233179 0.999497 -0.0215105 -5.10987 -0.992047 0.0204714 -0.124189 109.721 
-0.125197 0.024453 0.991831 68.4365 0.0237162 0.999484 -0.0216481 -5.14001 -0.991848 0.0208122 -0.125712 109.635 
-0.12746 0.0241996 0.991548 69.1975 0.0232889 0.9995 -0.0213999 -5.16937 -0.99157 0.0203645 -0.12796 109.557 
-0.128932 0.0248505 0.991342 69.9383 0.0214971 0.999521 -0.0222596 -5.19533 -0.99142 0.0184411 -0.129404 109.474 
-0.12997 0.0264895 0.991164 70.7059 0.0215809 0.999482 -0.0238819 -5.22623 -0.991283 0.0182863 -0.130475 109.389 
-0.130921 0.0269799 0.991026 71.4703 0.0208452 0.999484 -0.0244563 -5.25686 -0.991174 0.0174562 -0.131416 109.307 
-0.13223 0.0270953 0.990849 72.231 0.0213137 0.999473 -0.0244867 -5.29399 -0.99099 0.0178807 -0.132738 109.225 
-0.133287 0.0257738 0.990742 73.0089 0.0218718 0.999495 -0.023059 -5.31699 -0.990836 0.0185959 -0.133783 109.141 
-0.134175 0.0232584 0.990685 73.8063 0.0190711 0.9996 -0.0208847 -5.35048 -0.990774 0.0160912 -0.134565 109.041 
-0.135882 0.0213302 0.990495 74.5995 0.0166123 0.999677 -0.0192489 -5.37572 -0.990586 0.0138388 -0.136192 108.955 
-0.138291 0.0210261 0.990169 75.3904 0.0182767 0.999659 -0.018675 -5.40114 -0.990223 0.0155144 -0.138628 108.866 
-0.139693 0.021319 0.989965 76.178 0.0194237 0.999635 -0.0187863 -5.43023 -0.990004 0.0166045 -0.140056 108.766 
-0.142187 0.0224976 0.989584 76.983 0.0186405 0.999625 -0.0200475 -5.45914 -0.989664 0.0155958 -0.142553 108.671 
-0.143761 0.0262913 0.989263 77.7919 0.0203132 0.999515 -0.0236118 -5.48717 -0.989404 0.0167006 -0.144225 108.569 
-0.144314 0.0302992 0.989068 78.6017 0.0222221 0.999378 -0.0273725 -5.51958 -0.989282 0.0180289 -0.144898 108.465 
-0.145656 0.034169 0.988745 79.4201 0.023315 0.999244 -0.0310972 -5.55539 -0.989061 0.0185231 -0.146342 108.364 
-0.145304 0.0354496 0.988752 80.2438 0.0257468 0.999155 -0.0320389 -5.58714 -0.989052 0.0208018 -0.146094 108.256 
-0.144926 0.0344549 0.988842 81.078 0.0293448 0.999104 -0.0305116 -5.62927 -0.989007 0.0245954 -0.145807 108.151 
-0.144635 0.0324912 0.988952 81.9201 0.0300627 0.999144 -0.0284293 -5.66966 -0.989028 0.0256187 -0.145488 108.038 
-0.144211 0.0307852 0.989068 82.7667 0.0291269 0.999215 -0.0268542 -5.70676 -0.989118 0.0249358 -0.144994 107.937 
-0.142538 0.0284923 0.989379 83.6204 0.0284201 0.999291 -0.0246833 -5.74132 -0.989381 0.0246 -0.143247 107.833 
-0.140819 0.0252551 0.989713 84.4745 0.0291856 0.999346 -0.0213482 -5.77862 -0.989605 0.0258791 -0.141464 107.728 
-0.139044 0.0220848 0.99004 85.334 0.0296781 0.999395 -0.0181254 -5.80833 -0.989841 0.0268623 -0.139615 107.622 
-0.137609 0.0220822 0.990241 86.2056 0.0277598 0.999445 -0.0184298 -5.83916 -0.990098 0.0249528 -0.138146 107.523 
-0.135999 0.02596 0.990369 87.0566 0.0296928 0.999314 -0.022117 -5.88228 -0.990264 0.0263989 -0.136676 107.423 
-0.134003 0.0326169 0.990444 87.9219 0.0298078 0.999139 -0.0288703 -5.90664 -0.990533 0.0256543 -0.13486 107.313 
-0.132336 0.0358728 0.990556 88.7773 0.0284562 0.999071 -0.0323794 -5.95194 -0.990796 0.0239024 -0.133233 107.211 
-0.131418 0.0334851 0.990761 89.6489 0.0266956 0.999186 -0.0302288 -5.98698 -0.990968 0.0224764 -0.132205 107.125 
-0.129819 0.0308913 0.991056 90.4995 0.027505 0.999242 -0.0275436 -6.03089 -0.991156 0.0236834 -0.13057 107.023 
-0.12911 0.0293841 0.991195 91.3652 0.0286103 0.999255 -0.0258963 -6.06486 -0.991217 0.0250148 -0.129855 106.925 
-0.128066 0.0286446 0.991352 92.2099 0.028227 0.999283 -0.0252273 -6.11338 -0.991364 0.0247521 -0.128782 106.834 
-0.127326 0.0295134 0.991422 93.0903 0.0290788 0.999239 -0.0260116 -6.13893 -0.991435 0.0255174 -0.128087 106.735 
-0.125935 0.0279344 0.991645 93.9544 0.0326169 0.99918 -0.0240043 -6.1757 -0.991502 0.0293214 -0.126743 106.627 
-0.124483 0.0271487 0.99185 94.8263 0.03549 0.999108 -0.0228931 -6.21539 -0.991587 0.0323509 -0.125335 106.522 
-0.123121 0.0284194 0.991985 95.6955 0.0377797 0.999 -0.0239313 -6.25444 -0.991672 0.0345305 -0.124071 106.415 
-0.121661 0.0304792 0.992104 96.5575 0.0388158 0.99891 -0.0259283 -6.29541 -0.991813 0.0353549 -0.122711 106.307 
-0.120551 0.032143 0.992187 97.4347 0.0358749 0.998964 -0.0280037 -6.32834 -0.992059 0.0322187 -0.121579 106.215 
-0.119813 0.0277392 0.992409 98.2946 0.0311905 0.999221 -0.024164 -6.37393 -0.992306 0.0280585 -0.120585 106.13 
-0.119601 0.0257865 0.992487 99.1547 0.0267326 0.999384 -0.0227442 -6.41231 -0.992462 0.0238115 -0.120217 106.044 
-0.120512 0.0262712 0.992364 100.006 0.0233531 0.999448 -0.0236227 -6.45022 -0.992437 0.020328 -0.121059 105.958 
-0.121603 0.0310033 0.992095 100.847 0.0205008 0.999377 -0.028718 -6.48618 -0.992367 0.0168466 -0.122163 105.876 
-0.122087 0.0333331 0.99196 101.684 0.0203817 0.999309 -0.0310716 -6.52778 -0.99231 0.0164244 -0.122682 105.785 
-0.122141 0.0339453 0.991932 102.522 0.0209825 0.99928 -0.0316131 -6.56369 -0.992291 0.0169519 -0.122765 105.69 
-0.122089 0.0333979 0.991957 103.359 0.0229983 0.999261 -0.0308132 -6.60691 -0.992253 0.0190514 -0.122767 105.591 
-0.122458 0.0339806 0.991892 104.193 0.0244112 0.999215 -0.0312176 -6.64761 -0.992173 0.0203904 -0.123192 105.497 
-0.122817 0.0370414 0.991738 105.008 0.0258849 0.999083 -0.0341101 -6.69167 -0.992092 0.0214818 -0.123663 105.407 
-0.123402 0.0387919 0.991598 105.83 0.0253746 0.999032 -0.0359248 -6.72747 -0.992032 0.0207282 -0.124267 105.32 
-0.124274 0.0393392 0.991468 106.639 0.0242268 0.999036 -0.0366028 -6.76722 -0.991952 0.0194713 -0.125107 105.232 
-0.126146 0.0383521 0.99127 107.444 0.0225197 0.999106 -0.0357895 -6.81088 -0.991756 0.0178084 -0.126897 105.143 
-0.12904 0.0391109 0.990868 108.24 0.0222722 0.999084 -0.0365347 -6.8618 -0.991389 0.0173543 -0.129793 105.049 
-0.132663 0.0417943 0.99028 109.039 0.0217307 0.998993 -0.0392508 -6.90611 -0.990923 0.0163124 -0.133437 104.967 
-0.136057 0.0433177 0.989754 109.824 0.0206308 0.998951 -0.0408842 -6.94909 -0.990486 0.0148568 -0.136808 104.878 
-0.139668 0.0436096 0.989238 110.609 0.0213031 0.998931 -0.0410292 -6.99158 -0.989969 0.0153433 -0.140448 104.789 
-0.142093 0.0425082 0.98894 111.388 0.0227805 0.998953 -0.0396654 -7.03509 -0.989591 0.0168924 -0.142913 104.685 
-0.144172 0.0431681 0.988611 112.164 0.0241511 0.998904 -0.0400955 -7.08111 -0.989258 0.0180954 -0.145056 104.577 
-0.146021 0.0476379 0.988134 112.939 0.0193515 0.998786 -0.0452917 -7.1288 -0.989092 0.0125084 -0.146765 104.482 
-0.147685 0.0544048 0.987537 113.704 0.0172512 0.998476 -0.0524275 -7.18197 -0.988884 0.00929341 -0.148398 104.388 
-0.150375 0.0574124 0.986961 114.47 0.0217037 0.998264 -0.054763 -7.22936 -0.988391 0.0131857 -0.15136 104.279 
-0.152646 0.0559797 0.986694 115.236 0.0238527 0.998312 -0.0529487 -7.27316 -0.987993 0.0154529 -0.153724 104.161 
-0.155857 0.0478794 0.986619 116.01 0.0221828 0.998742 -0.0449635 -7.33127 -0.987531 0.0148781 -0.156723 104.056 
-0.158273 0.0455021 0.986346 116.782 0.0213691 0.998862 -0.0426505 -7.38678 -0.987164 0.0143269 -0.159065 103.948 
-0.159976 0.0485735 0.985925 117.54 0.0207983 0.998733 -0.0458297 -7.43248 -0.986902 0.013174 -0.160783 103.839 
-0.162658 0.0523059 0.985295 118.298 0.0186711 0.998578 -0.0499286 -7.47681 -0.986506 0.0102752 -0.163403 103.726 
-0.165376 0.0547953 0.984707 119.049 0.0181763 0.998455 -0.0525077 -7.52795 -0.986063 0.00921476 -0.166117 103.62 
-0.167011 0.0588792 0.984195 119.787 0.0219568 0.99819 -0.0559905 -7.58354 -0.985711 0.0122587 -0.168002 103.498 
-0.168858 0.0632453 0.983609 120.531 0.022236 0.99793 -0.0603488 -7.63936 -0.98539 0.0116811 -0.169915 103.381 
-0.171379 0.0651741 0.983047 121.269 0.0213702 0.997821 -0.0624279 -7.69559 -0.984973 0.0103091 -0.172398 103.262 
-0.173698 0.0632358 0.982767 122.012 0.0223488 0.997932 -0.0602616 -7.74449 -0.984545 0.0114963 -0.174752 103.143 
-0.177629 0.0597854 0.98228 122.754 0.0265893 0.99808 -0.0559388 -7.8011 -0.983738 0.0161817 -0.178878 103.019 
-0.182681 0.0585069 0.98143 123.507 0.0293987 0.998107 -0.0540289 -7.85167 -0.982733 0.0189827 -0.184055 102.885 
-0.188542 0.0573291 0.980391 124.234 0.0281798 0.998199 -0.0529512 -7.90311 -0.981661 0.0176437 -0.189818 102.751 
-0.196901 0.0576543 0.978727 124.969 0.0276566 0.998199 -0.0532373 -7.95532 -0.980033 0.0165858 -0.198141 102.618 
-0.207391 0.0581072 0.976531 125.689 0.0270586 0.998193 -0.0536496 -8.00621 -0.977884 0.0152971 -0.208589 102.474 
-0.219558 0.0594194 0.973788 126.406 0.0278757 0.998118 -0.0546188 -8.05289 -0.975201 0.015153 -0.220801 102.323 
-0.231912 0.0599783 0.970886 127.122 0.0291683 0.998077 -0.0546907 -8.10659 -0.972299 0.0156356 -0.233216 102.159 
-0.244071 0.0598063 0.967911 127.828 0.0321827 0.998046 -0.053553 -8.15795 -0.969223 0.0180792 -0.245519 101.989 
-0.25515 0.0605676 0.965003 128.531 0.0351145 0.997958 -0.0533516 -8.19994 -0.966264 0.0202729 -0.256756 101.806 
-0.265486 0.0603808 0.962222 129.23 0.0396336 0.997877 -0.0516828 -8.25204 -0.9633 0.0244153 -0.267315 101.62 
-0.274243 0.061221 0.95971 129.928 0.0460551 0.997663 -0.0504815 -8.30209 -0.960557 0.0303553 -0.276422 101.418 
-0.281634 0.0612739 0.957563 130.625 0.0512139 0.997496 -0.0487664 -8.35001 -0.958154 0.0353063 -0.284067 101.208 
-0.288251 0.0615399 0.955575 131.304 0.0513753 0.997489 -0.0487417 -8.39763 -0.956176 0.0350431 -0.290689 101.014 
-0.293366 0.0595233 0.954145 131.997 0.0548538 0.997464 -0.0453601 -8.44228 -0.954425 0.0390314 -0.295887 100.816 
-0.295163 0.0571139 0.953738 132.679 0.0611015 0.997297 -0.0408126 -8.48246 -0.953491 0.0462285 -0.297855 100.603 
-0.29604 0.0555993 0.953556 133.343 0.0673432 0.997035 -0.0372271 -8.52597 -0.952799 0.0531948 -0.298907 100.392 
-0.297027 0.0540461 0.953338 134.017 0.0692513 0.996987 -0.0349443 -8.56864 -0.952355 0.0556406 -0.299875 100.19 
-0.296764 0.0593892 0.953102 134.677 0.071172 0.996664 -0.039943 -8.60863 -0.952295 0.0559806 -0.300001 99.9941 
-0.295355 0.062922 0.953313 135.342 0.0706069 0.996538 -0.0438996 -8.64484 -0.952775 0.0543445 -0.298776 99.8016 
-0.294069 0.062698 0.953726 136.002 0.0723331 0.996444 -0.0432034 -8.68532 -0.953043 0.0562812 -0.297558 99.5994 
-0.292843 0.0616208 0.954173 136.662 0.0733138 0.996431 -0.0418493 -8.72209 -0.953346 0.0576988 -0.296315 99.4106 
-0.290525 0.0581733 0.955097 137.322 0.0756923 0.99642 -0.0376658 -8.77258 -0.953869 0.0613507 -0.293888 99.2086 
-0.288874 0.058722 0.955565 137.966 0.0763058 0.996354 -0.0381608 -8.81413 -0.954321 0.0618915 -0.292302 99.0162 
-0.287012 0.0611136 0.955976 138.603 0.0766931 0.996225 -0.0406612 -8.85289 -0.954852 0.0616465 -0.290615 98.8429 
-0.282766 0.0627692 0.957133 139.232 0.0782218 0.996042 -0.0422117 -8.89259 -0.955994 0.0629326 -0.286557 98.6656 
-0.277184 0.0620149 0.958813 139.87 0.0791675 0.995996 -0.0415332 -8.93089 -0.95755 0.0643945 -0.280984 98.4887 
-0.271842 0.0599902 0.96047 140.493 0.0803718 0.995984 -0.0394607 -8.97413 -0.95898 0.0664677 -0.275572 98.3216 
-0.26731 0.0587151 0.96182 141.129 0.0810699 0.995974 -0.038269 -9.00264 -0.960194 0.067745 -0.270994 98.1644 
-0.263107 0.0581436 0.963013 141.743 0.0821598 0.995907 -0.0376826 -9.03777 -0.961262 0.0692064 -0.266807 98.0033 
-0.259555 0.0571352 0.964037 142.364 0.0828901 0.995883 -0.0367054 -9.06951 -0.962164 0.070382 -0.263223 97.8512 
-0.255516 0.0558566 0.96519 142.985 0.0861044 0.995677 -0.0348264 -9.10263 -0.962963 0.0742084 -0.259221 97.6909 
-0.251606 0.0546434 0.966286 143.591 0.0877389 0.995582 -0.0334541 -9.13344 -0.963844 0.0763636 -0.255289 97.5348 
-0.248069 0.0530082 0.967291 144.191 0.0861353 0.995754 -0.0324778 -9.17112 -0.964905 0.0752611 -0.251582 97.3902 
-0.244129 0.053965 0.96824 144.773 0.0843398 0.995849 -0.0342385 -9.2108 -0.966068 0.0733026 -0.247667 97.2554 
-0.239273 0.0574947 0.969249 145.367 0.0856478 0.995604 -0.0379146 -9.2438 -0.967167 0.073942 -0.243145 97.1166 
-0.23336 0.0610433 0.970473 145.956 0.0875611 0.995292 -0.0415495 -9.27603 -0.96844 0.0752797 -0.237606 96.9806 
-0.227231 0.0618914 0.971872 146.54 0.0863216 0.99533 -0.0432026 -9.30797 -0.970008 0.0740766 -0.231512 96.8669 
-0.218913 0.059842 0.973908 147.123 0.0825421 0.995676 -0.0426259 -9.3541 -0.972247 0.071057 -0.222906 96.7567 
-0.208333 0.0576924 0.976355 147.709 0.0818262 0.995787 -0.0413807 -9.39534 -0.974629 0.0712704 -0.212176 96.6503 
