1 2.12261e-08 -2.11895e-08 0 2.12261e-08 1 2.10703e-08 0 -2.11895e-08 2.10703e-08 1 0 
0.999998 0.00112788 0.00164461 -0.0143376 -0.0011264 0.999999 -0.000872009 -0.0243934 -0.00164563 0.000870197 0.999998 1.2259 
0.999995 0.00133503 0.00303419 -0.0361188 -0.0013339 0.999999 -0.000361396 -0.0486692 -0.00303471 0.000357389 0.999995 2.43388 
0.999993 0.00097732 0.00369226 -0.0432591 -0.000976479 1 -0.000217874 -0.0629893 -0.00369251 0.000214309 0.999993 3.64656 
0.999991 0.000404542 0.00426232 -0.0572067 -0.000403309 1 -0.000280097 -0.0817823 -0.00426248 0.000278417 0.999991 4.84773 
0.999989 0.000290656 0.00471526 -0.0579138 -0.000289546 1 -0.000227181 -0.100497 -0.00471537 0.000225856 0.999989 6.07281 
0.999987 0.000687875 0.00508935 -0.068546 -0.000682656 0.999999 -0.00101867 -0.126191 -0.00509009 0.00101522 0.999987 7.26816 
0.999986 8.77804e-05 0.00529284 -0.0642104 -8.08353e-05 0.999999 -0.00130432 -0.149099 -0.00529299 0.00130392 0.999985 8.49407 
0.999987 -0.000407772 0.00514253 -0.0698729 0.000408986 1 -0.000226757 -0.161714 -0.00514248 0.000228899 0.999987 9.72189 
0.999992 -0.00107553 0.00386421 -0.0882661 0.0010738 0.999999 0.000460515 -0.176473 -0.00386474 -0.00045632 0.999992 10.9411 
0.999997 -0.00189861 0.00163032 -0.110416 0.00189878 0.999998 -7.82194e-05 -0.19803 -0.00163021 8.13569e-05 0.999999 12.1428 
0.999999 -0.00166681 -2.3133e-05 -0.142634 0.00166683 0.999998 -0.000764924 -0.21626 2.43657e-05 0.000764927 1 13.3449 
0.999998 -0.00136928 -0.00130778 -0.172428 0.00136823 0.999999 -0.000834253 -0.238925 0.00130888 0.000832505 0.999999 14.5577 
0.999997 0.000468381 -0.00225679 -0.194423 -0.000470494 0.999999 -0.000954695 -0.257413 0.0022563 0.000955797 0.999997 15.7574 
0.999997 0.0011513 -0.00216823 -0.230036 -0.00115343 0.999999 -0.00100102 -0.272659 0.00216703 0.00100356 0.999997 16.9581 
0.999996 0.000592224 -0.00272201 -0.257239 -0.000594247 1 -0.000758117 -0.291155 0.00272152 0.000759774 0.999996 18.1846 
0.999995 0.000265288 -0.00316762 -0.280646 -0.000266547 1 -0.000410325 -0.311811 0.00316746 0.000411209 0.999995 19.4033 
0.999992 0.000325063 -0.00389036 -0.30159 -0.000331989 0.999998 -0.00179054 -0.326849 0.00388973 0.00179186 0.999991 20.63 
0.999989 -0.000250083 -0.00472586 -0.323579 0.000236815 0.999996 -0.00281679 -0.344994 0.00472651 0.00281568 0.999985 21.8379 
0.999983 0.000689687 -0.00585389 -0.34866 -0.000703806 0.999997 -0.00241745 -0.368799 0.00585217 0.00242157 0.99998 23.0425 
0.99998 -7.82321e-05 -0.00632309 -0.390893 6.32607e-05 0.999997 -0.00237459 -0.399446 0.00632322 0.00237418 0.999977 24.252 
0.999975 0.000109677 -0.00700869 -0.419497 -0.000132305 0.999995 -0.00323428 -0.415164 0.00700826 0.00323517 0.99997 25.451 
0.999969 0.000721795 -0.00787724 -0.453195 -0.000740279 0.999997 -0.00234929 -0.442655 0.00787548 0.00235509 0.999966 26.6384 
0.999964 -0.000140835 -0.00851728 -0.48021 0.000136741 1 -0.000486226 -0.46666 0.0085173 0.000485086 0.999964 27.848 
0.999956 -0.000878186 -0.00931178 -0.522418 0.000872793 0.999999 -0.000587743 -0.486329 0.00931225 0.000579633 0.999957 29.0628 
0.999947 -0.00162079 -0.0101718 -0.556368 0.00160635 0.999998 -0.00143164 -0.509267 0.0101741 0.00141527 0.999947 30.2724 
0.99994 -0.00159026 -0.0108458 -0.600555 0.00156178 0.999995 -0.00263785 -0.519077 0.0108499 0.0026208 0.999938 31.53 
0.999938 -0.000542191 -0.0110846 -0.642884 0.00050957 0.999996 -0.00294932 -0.534662 0.0110861 0.00294353 0.999934 32.7444 
0.999926 -0.0010334 -0.0121019 -0.662993 0.00100835 0.999997 -0.00207927 -0.565475 0.012104 0.00206696 0.999925 33.9758 
0.999922 -0.00135055 -0.0124486 -0.70412 0.00132847 0.999998 -0.00178522 -0.58946 0.0124509 0.00176859 0.999921 35.1833 
0.999925 -0.000526861 -0.0122281 -0.769313 0.000503555 0.999998 -0.00191242 -0.608673 0.0122291 0.00190616 0.999923 36.3231 
0.999915 -0.0015311 -0.012932 -0.803693 0.00150094 0.999996 -0.00234497 -0.618862 0.0129355 0.0023254 0.999914 37.5475 
0.999912 -0.00248337 -0.0129979 -0.838996 0.00246142 0.999996 -0.00170837 -0.646922 0.013002 0.00167627 0.999914 38.7738 
0.999909 -0.00233123 -0.0132544 -0.877491 0.00232105 0.999997 -0.000786732 -0.662047 0.0132562 0.000755939 0.999912 39.9717 
0.999906 -0.0019422 -0.01358 -0.912164 0.0019499 0.999998 0.000550238 -0.694103 0.0135789 -0.000576623 0.999908 41.1874 
0.999908 -0.00139433 -0.0135187 -0.952484 0.00139275 0.999999 -0.000129395 -0.713065 0.0135188 0.000110598 0.999909 42.4012 
0.99992 -0.000293962 -0.0126576 -1.00388 0.000292345 1 -0.000132944 -0.731809 0.0126576 0.000129275 0.99992 43.6191 
0.999918 0.00319588 -0.0124269 -1.0338 -0.00317732 0.999994 0.00150953 -0.742866 0.0124316 -0.00146988 0.999922 44.8421 
0.999927 0.00246646 -0.011812 -1.04867 -0.00241147 0.999986 0.00466436 -0.766013 0.0118233 -0.00463549 0.999919 46.0661 
0.999943 0.00289017 -0.0102801 -1.07113 -0.00281447 0.999969 0.00736628 -0.783142 0.010301 -0.00733688 0.99992 47.2991 
0.999959 0.00359351 -0.00825888 -1.11031 -0.00350614 0.999938 0.0105642 -0.788273 0.00829629 -0.0105347 0.99991 48.5318 
0.999965 0.00305938 -0.0077581 -1.11329 -0.00296804 0.999927 0.0117522 -0.794113 0.00779344 -0.0117287 0.999901 49.7842 
0.999978 0.000285172 -0.00667365 -1.13476 -0.000218469 0.99995 0.00998721 -0.798644 0.00667612 -0.00998549 0.999928 50.9965 
0.999985 0.00166131 -0.00518224 -1.17401 -0.00161842 0.999965 0.00826305 -0.805332 0.00519574 -0.0082545 0.999952 52.1854 
0.99999 0.00186331 -0.00414978 -1.21052 -0.00183098 0.999968 0.00777065 -0.816946 0.00416409 -0.00776293 0.999961 53.3863 
0.999989 0.00147195 -0.00438211 -1.2328 -0.00143974 0.999972 0.00733575 -0.830841 0.00439274 -0.00732932 0.999964 54.5851 
0.999987 0.000868194 -0.00503467 -1.26261 -0.000836386 0.99998 0.00630813 -0.843541 0.00504 -0.00630379 0.999967 55.8009 
0.999979 0.00113941 -0.00630791 -1.2949 -0.00109625 0.999976 0.00683349 -0.869785 0.0063155 -0.0068264 0.999957 57.0428 
0.999972 0.00133605 -0.00740089 -1.33354 -0.0012777 0.999968 0.00787837 -0.873397 0.00741114 -0.00786864 0.999942 58.2472 
0.999964 0.000420415 -0.00846253 -1.36571 -0.000351053 0.999966 0.00819121 -0.89091 0.00846564 -0.0081879 0.999931 59.4565 
0.999955 0.00188214 -0.00930415 -1.40094 -0.0018087 0.999967 0.00789115 -0.90196 0.00931865 -0.00787392 0.999926 60.6763 
0.999957 0.00250361 -0.00890381 -1.46557 -0.00243785 0.99997 0.00738409 -0.9012 0.00892198 -0.00736203 0.999933 61.859 
0.999957 0.00218149 -0.00898961 -1.49948 -0.0021166 0.999972 0.00721682 -0.918923 0.00900505 -0.00719744 0.999934 63.0725 
0.999951 0.000433212 -0.00990959 -1.51986 -0.000369233 0.999979 0.00645295 -0.939096 0.00991214 -0.00644893 0.99993 64.2758 
0.999945 0.000136821 -0.0105318 -1.5475 -5.41985e-05 0.999969 0.00784093 -0.954888 0.0105325 -0.00783988 0.999914 65.4922 
0.999941 -0.000270518 -0.0108612 -1.58518 0.000370499 0.999958 0.00920061 -0.964438 0.0108582 -0.00920405 0.999899 66.7091 
0.999942 0.000776635 -0.0107685 -1.62805 -0.000692269 0.999969 0.00783216 -0.979152 0.0107743 -0.0078242 0.999911 67.9137 
0.999946 0.0022615 -0.0101506 -1.67797 -0.00219274 0.999975 0.00677593 -0.99785 0.0101656 -0.00675326 0.999926 69.1074 
0.999937 0.00492291 -0.0101178 -1.71843 -0.00485392 0.999965 0.00682855 -1.00167 0.0101511 -0.00677896 0.999926 70.2913 
0.999928 0.00685812 -0.00986798 -1.75567 -0.00679091 0.999954 0.00682412 -1.01165 0.00991428 -0.00675657 0.999928 71.5046 
0.99991 0.0093406 -0.00968462 -1.79093 -0.00927675 0.999935 0.00661302 -0.998511 0.00974572 -0.00652254 0.999931 72.6852 
0.999916 0.00931426 -0.00905919 -1.81793 -0.00924411 0.999927 0.00775023 -1.01801 0.00913068 -0.00766579 0.999929 73.8706 
0.999919 0.0104231 -0.00731654 -1.84275 -0.0103584 0.999907 0.0088193 -1.03502 0.00740774 -0.00874276 0.999934 75.0634 
0.999942 0.00985633 -0.00433878 -1.8742 -0.0098294 0.999933 0.00617419 -1.04078 0.0043993 -0.00613115 0.999972 76.2572 
0.999978 0.00628618 -0.00214956 -1.88909 -0.00628272 0.999979 0.00159215 -1.06443 0.00215948 -0.00157857 0.999996 77.4475 
0.999977 0.00672248 -2.50381e-05 -1.90799 -0.0067224 0.999977 0.00125099 -1.08601 3.34047e-05 -0.00125075 0.999999 78.6266 
0.999977 0.00608136 0.00295785 -1.92893 -0.00609516 0.99997 0.0046924 -1.10582 -0.00292927 -0.00471028 0.999985 79.8026 
0.999951 0.00727276 0.00676267 -1.96034 -0.007311 0.999957 0.00565376 -1.11365 -0.00672131 -0.00570288 0.999961 81.0264 
0.999919 0.00687605 0.0107366 -1.96501 -0.00692037 0.999968 0.0041 -1.13066 -0.0107081 -0.00417393 0.999934 82.1979 
0.999881 0.00608106 0.0141563 -1.97391 -0.00609837 0.999981 0.00118281 -1.15379 -0.0141488 -0.00126896 0.999899 83.4128 
0.999825 0.00502013 0.0180449 -1.99324 -0.00498108 0.999985 -0.00220602 -1.17547 -0.0180557 0.00211579 0.999835 84.5915 
0.999761 0.00425468 0.0214475 -2.00135 -0.00418336 0.999986 -0.00336698 -1.19224 -0.0214616 0.00327649 0.999764 85.8146 
0.99966 0.00399572 0.0257768 -2.00053 -0.0039602 0.999991 -0.00142702 -1.22057 -0.0257823 0.00132449 0.999667 87.0003 
0.999535 0.00558684 0.0299641 -2.00254 -0.00554988 0.999984 -0.00131491 -1.24007 -0.029971 0.00114804 0.99955 88.1908 
0.999398 0.00542397 0.0342744 -1.99102 -0.00531345 0.99998 -0.00331369 -1.26528 -0.0342917 0.00312962 0.999407 89.3745 
0.999274 0.00496423 0.0377734 -1.96452 -0.00476167 0.999974 -0.00544947 -1.29386 -0.0377995 0.00526569 0.999272 90.5785 
0.999135 0.00580644 0.0411755 -1.9407 -0.00555627 0.999965 -0.00618639 -1.31495 -0.04121 0.0059523 0.999133 91.7382 
0.999015 0.00449383 0.0441515 -1.90686 -0.00427602 0.999978 -0.00502541 -1.33855 -0.0441732 0.00483171 0.999012 92.8992 
0.998909 0.00398647 0.0465338 -1.8641 -0.00382084 0.999986 -0.00364686 -1.36011 -0.0465477 0.00346512 0.99891 94.0575 
0.998771 0.0034296 0.0494473 -1.82475 -0.00334926 0.999993 -0.00170662 -1.39063 -0.0494528 0.00153895 0.998775 95.2369 
0.998639 0.00247231 0.0521012 -1.78446 -0.00242186 0.999997 -0.00103072 -1.40398 -0.0521036 0.000903172 0.998641 96.4126 
0.998523 0.00113215 0.054312 -1.74109 -0.000963319 0.999995 -0.00313387 -1.42646 -0.0543153 0.00307697 0.998519 97.5816 
0.998392 0.000581722 0.05668 -1.69826 -0.000189772 0.999976 -0.00691952 -1.44306 -0.0566827 0.00689768 0.998368 98.7515 
0.998275 0.00106124 0.0586963 -1.64498 -0.000499421 0.999954 -0.00958477 -1.47512 -0.0587038 0.00953896 0.99823 99.9157 
0.998173 0.00167688 0.060391 -1.60034 -0.00103311 0.999942 -0.010689 -1.49702 -0.0604055 0.0106071 0.998118 101.11 
0.998161 0.00194877 0.0605942 -1.53744 -0.0013373 0.999948 -0.0101295 -1.52835 -0.0606109 0.0100298 0.998111 102.337 
0.998161 0.00221221 0.0605747 -1.51409 -0.00170561 0.999963 -0.00841303 -1.54683 -0.0605912 0.00829428 0.998128 103.559 
0.998215 0.00164583 0.0597019 -1.48134 -0.00122362 0.999974 -0.00710716 -1.56925 -0.0597121 0.00702146 0.998191 104.775 
0.998294 0.00218441 0.0583391 -1.44876 -0.00181526 0.999978 -0.00637918 -1.59958 -0.0583518 0.00626244 0.998276 106.006 
0.998398 0.00267421 0.056525 -1.42152 -0.00235879 0.999981 -0.00564552 -1.62667 -0.0565391 0.00550318 0.998385 107.24 
0.998521 0.00338188 0.0542586 -1.41292 -0.0030793 0.999979 -0.00565842 -1.65936 -0.0542767 0.00548302 0.998511 108.506 
0.99868 0.00494267 0.0511309 -1.39986 -0.00463622 0.999971 -0.00610955 -1.68528 -0.0511597 0.00586447 0.998673 109.72 
0.99886 0.00540058 0.0474391 -1.37415 -0.00511573 0.999968 -0.00612281 -1.70146 -0.0474707 0.00587318 0.998855 110.945 
0.999004 0.00609307 0.0441946 -1.37229 -0.00587595 0.99997 -0.00504011 -1.73712 -0.044224 0.00477545 0.99901 112.181 
0.999174 0.00602953 0.0401838 -1.35818 -0.00587973 0.999975 -0.00384418 -1.76682 -0.040206 0.00360477 0.999185 113.458 
0.999308 0.00640622 0.0366544 -1.36068 -0.00627112 0.999973 -0.00379833 -1.78372 -0.0366778 0.00356587 0.999321 114.702 
0.999448 0.00721217 0.0324366 -1.36095 -0.00710443 0.999969 -0.00343436 -1.8137 -0.0324604 0.00320206 0.999468 115.92 
0.999584 0.00768226 0.0277919 -1.35297 -0.00758885 0.999965 -0.00346336 -1.84052 -0.0278176 0.00325105 0.999608 117.169 
0.999691 0.00836019 0.0234177 -1.35543 -0.00826269 0.999957 -0.0042557 -1.85202 -0.0234523 0.00406094 0.999717 118.428 
0.999778 0.00924042 0.0189187 -1.35868 -0.00915678 0.999948 -0.00450076 -1.88154 -0.0189594 0.00432657 0.999811 119.656 
0.999809 0.0114839 0.0158294 -1.37272 -0.0114087 0.999923 -0.00482712 -1.90325 -0.0158836 0.00464565 0.999863 120.913 
0.999814 0.0134229 0.0138846 -1.38346 -0.0133588 0.9999 -0.00470165 -1.92645 -0.0139464 0.00451533 0.999893 122.164 
0.999806 0.0146093 0.0132085 -1.38998 -0.0145426 0.999881 -0.00512852 -1.94935 -0.0132819 0.00493549 0.9999 123.435 
0.999786 0.0167496 0.0121717 -1.39966 -0.0166882 0.999848 -0.00512527 -1.96914 -0.0122557 0.00492109 0.999913 124.688 
0.99978 0.0176987 0.0112269 -1.40902 -0.0176575 0.999837 -0.00375112 -2.00275 -0.0112915 0.00355209 0.99993 125.919 
0.999786 0.017405 0.0111475 -1.42984 -0.0173652 0.999843 -0.00364723 -2.01582 -0.0112093 0.00345291 0.999931 127.201 
0.999716 0.0212507 0.0107942 -1.44851 -0.0212318 0.999773 -0.00186734 -2.03369 -0.0108315 0.00163767 0.99994 128.459 
0.999699 0.0220971 0.0106171 -1.46383 -0.0221121 0.999755 0.00130697 -2.0558 -0.0105857 -0.0015413 0.999943 129.749 
0.999727 0.0210691 0.0101391 -1.48133 -0.0210795 0.999777 0.000927956 -2.07665 -0.0101173 -0.00114139 0.999948 131.03 
0.999732 0.0210061 0.00970286 -1.49468 -0.0210016 0.999779 -0.000561881 -2.09984 -0.00971256 0.000357997 0.999953 132.322 
0.999796 0.0182371 0.00864225 -1.50822 -0.0182406 0.999834 0.000329885 -2.11398 -0.00863484 -0.000487416 0.999963 133.617 
0.999844 0.016007 0.00744329 -1.51662 -0.0160248 0.999869 0.00235129 -2.13412 -0.00740472 -0.00247016 0.99997 134.899 
0.999897 0.0126426 0.00680281 -1.51514 -0.0126704 0.999912 0.00406583 -2.14598 -0.00675085 -0.00415156 0.999969 136.17 
0.99992 0.0110403 0.00624307 -1.52295 -0.0110745 0.999924 0.00547571 -2.16666 -0.00618218 -0.00554437 0.999966 137.428 
0.999953 0.00715029 0.00653596 -1.53457 -0.00717318 0.999968 0.00349171 -2.18101 -0.00651083 -0.00353839 0.999973 138.719 
0.999965 0.00464818 0.00699406 -1.55312 -0.00466486 0.999986 0.00237552 -2.19348 -0.00698297 -0.00240802 0.999973 139.997 
0.999968 0.00345997 0.00719782 -1.56576 -0.00347623 0.999991 0.00225364 -2.214 -0.00719 -0.00227855 0.999972 141.273 
0.999965 0.00373684 0.00743256 -1.57548 -0.0037549 0.99999 0.00242281 -2.22915 -0.00742348 -0.0024506 0.999969 142.553 
0.999961 0.00384933 0.00790328 -1.58259 -0.00388499 0.999982 0.00450719 -2.24736 -0.00788584 -0.00453768 0.999959 143.882 
0.999947 0.00550909 0.00869828 -1.61469 -0.0055606 0.999967 0.0059135 -2.26482 -0.00866546 -0.00596151 0.999945 145.206 
0.999943 0.00549485 0.00916015 -1.62083 -0.00553252 0.999976 0.00409659 -2.27979 -0.00913747 -0.00414699 0.99995 146.489 
0.999937 0.00568878 0.00966356 -1.6395 -0.00571352 0.99998 0.00253876 -2.30298 -0.00964897 -0.00259377 0.99995 147.771 
0.999929 0.00592701 0.0103531 -1.65544 -0.00592444 0.999982 -0.000275379 -2.31754 -0.0103546 0.000214065 0.999946 149.048 
0.999932 0.00438031 0.0108506 -1.66816 -0.0043391 0.999983 -0.00381523 -2.35013 -0.0108671 0.00376793 0.999934 150.335 
0.999924 0.00489073 0.0113474 -1.67998 -0.00480327 0.999959 -0.00771842 -2.3697 -0.0113847 0.00766337 0.999906 151.613 
0.999921 0.00427343 0.0118127 -1.69096 -0.00417642 0.999958 -0.00822106 -2.40593 -0.0118474 0.00817111 0.999896 152.891 
0.999918 0.00394304 0.01218 -1.70549 -0.00384433 0.99996 -0.00811349 -2.43419 -0.0122116 0.00806604 0.999893 154.152 
0.999913 0.00480676 0.0122849 -1.71876 -0.00471676 0.999962 -0.00734101 -2.47399 -0.0123198 0.00728246 0.999898 155.446 
0.999911 0.00558471 0.0120828 -1.72328 -0.0055029 0.999962 -0.00678988 -2.49604 -0.0121203 0.00672283 0.999904 156.702 
0.999912 0.00558749 0.0120323 -1.73289 -0.00551733 0.999968 -0.00585238 -2.53652 -0.0120647 0.00578552 0.999911 157.96 
0.999917 0.00610389 0.0113787 -1.74638 -0.00603518 0.999963 -0.00605944 -2.57451 -0.0114153 0.0059903 0.999917 159.226 
0.99993 0.00575881 0.0103844 -1.74704 -0.00569646 0.999966 -0.00601972 -2.59743 -0.0104187 0.00596018 0.999928 160.498 
0.999939 0.00533729 0.00962354 -1.75186 -0.005291 0.999974 -0.00482503 -2.62465 -0.00964909 0.00477386 0.999942 161.771 
0.999942 0.00552761 0.00927217 -1.78339 -0.00548713 0.999975 -0.00438195 -2.6562 -0.0092962 0.00433086 0.999947 163.068 
0.999941 0.00622415 0.00895604 -1.79891 -0.0061778 0.999967 -0.00518946 -2.68783 -0.00898809 0.00513386 0.999946 164.341 
0.999945 0.00646089 0.00827395 -1.81163 -0.00640706 0.999958 -0.00651071 -2.71317 -0.00831572 0.00645738 0.999945 165.617 
0.999948 0.00717095 0.00719847 -1.82032 -0.00712411 0.999954 -0.00650582 -2.74281 -0.00724483 0.00645425 0.999953 166.887 
0.999958 0.00655836 0.00644848 -1.83697 -0.00651082 0.999952 -0.0073603 -2.77302 -0.00649648 0.00731804 0.999952 168.156 
0.999954 0.00760394 0.00593001 -1.85551 -0.00755426 0.999937 -0.00834749 -2.8054 -0.00599315 0.00830235 0.999948 169.452 
0.999956 0.00779562 0.005205 -1.87423 -0.00775308 0.999937 -0.00813547 -2.83472 -0.00526814 0.0080948 0.999953 170.743 
0.999954 0.00842017 0.00460876 -1.88913 -0.00838881 0.999942 -0.00677368 -2.86645 -0.00466557 0.00673475 0.999966 172.042 
0.999958 0.00844284 0.00348844 -1.90562 -0.00842063 0.999945 -0.00632155 -2.89889 -0.00354166 0.00629196 0.999974 173.315 
0.999965 0.00794006 0.00276973 -1.93621 -0.007923 0.99995 -0.00610181 -2.92729 -0.00281808 0.00607969 0.999978 174.582 
0.999969 0.00773788 0.00121534 -1.93955 -0.0077304 0.999952 -0.00601434 -2.95942 -0.00126187 0.0060048 0.999981 175.871 
0.999969 0.00780768 0.000996248 -1.97182 -0.00780099 0.999948 -0.0065178 -2.99994 -0.00104713 0.00650987 0.999978 177.145 
0.999963 0.0086025 0.000508696 -1.99835 -0.00859866 0.999938 -0.00705611 -3.03142 -0.000569407 0.00705152 0.999975 178.429 
0.999957 0.00928212 0.000383557 -2.02095 -0.00927915 0.999932 -0.00701954 -3.05646 -0.000448729 0.00701572 0.999975 179.739 
0.999959 0.00900874 0.000557279 -2.05405 -0.00900391 0.999927 -0.00805369 -3.0921 -0.000629834 0.00804838 0.999967 181 
0.999973 0.0073725 0.000289359 -2.07416 -0.00736946 0.99993 -0.00924068 -3.12718 -0.000357508 0.00923834 0.999957 182.277 
0.999992 0.00409895 -0.000124937 -2.09028 -0.00409987 0.999951 -0.00900352 -3.16516 8.79836e-05 0.009004 0.99996 183.555 
0.999991 0.00432179 -0.00039145 -2.11194 -0.00432387 0.999975 -0.00560098 -3.18824 0.000367191 0.00560266 0.999984 184.848 
0.999996 0.00292081 -0.000512984 -2.13187 -0.00292144 0.999995 -0.00131528 -3.21457 0.000509098 0.00131681 0.999999 186.12 
0.99999 0.00439905 -0.000375601 -2.1554 -0.00439968 0.999989 -0.00180859 -3.23612 0.000367598 0.00181027 0.999998 187.393 
0.999983 0.00588324 -0.000312519 -2.17903 -0.00588471 0.99997 -0.00507661 -3.26101 0.000282601 0.00507841 0.999987 188.664 
0.999982 0.00596718 -0.000947776 -2.19931 -0.0059735 0.999959 -0.00685994 -3.29215 0.00090676 0.00686552 0.999976 189.919 
0.999985 0.00540033 -0.00127792 -2.22176 -0.00540864 0.999963 -0.00662811 -3.32348 0.00124204 0.00663496 0.999977 191.174 
0.999987 0.00491872 -0.00102152 -2.24566 -0.004924 0.999974 -0.00527358 -3.35637 0.000995511 0.00527858 0.999986 192.425 
0.999986 0.00531109 -0.000174223 -2.29202 -0.0053116 0.99998 -0.00332556 -3.38197 0.000156515 0.00332648 0.999994 193.684 
0.999989 0.00475174 0.000597694 -2.31217 -0.00475026 0.999986 -0.00239309 -3.41447 -0.000609099 0.00239027 0.999997 194.957 
0.999986 0.00491597 0.00210108 -2.32371 -0.0049099 0.999984 -0.00286714 -3.44198 -0.00211519 0.00285682 0.999994 196.236 
0.99999 0.00273122 0.00352038 -2.33473 -0.00271564 0.999987 -0.00441283 -3.46719 -0.00353242 0.00440327 0.999984 197.472 
0.999984 0.00256643 0.00503958 -2.35922 -0.00253885 0.999982 -0.00546301 -3.50862 -0.00505355 0.00545017 0.999972 198.726 
0.999979 0.00190243 0.00623858 -2.36884 -0.00186701 0.999982 -0.00567055 -3.54656 -0.0062493 0.00565882 0.999965 199.957 
0.999968 0.00226625 0.0076725 -2.38204 -0.00222897 0.999986 -0.00485793 -3.5778 -0.00768344 0.00484071 0.999959 201.204 
0.999953 0.0021026 0.00948204 -2.40376 -0.00207712 0.999994 -0.00269238 -3.61305 -0.00948769 0.0026726 0.999951 202.457 
0.999942 0.00277744 0.0104518 -2.412 -0.00275159 0.999993 -0.0024821 -3.64016 -0.0104586 0.00245323 0.999942 203.688 
0.999935 0.00200668 0.0112621 -2.41091 -0.00197892 0.999995 -0.00247163 -3.66534 -0.0112671 0.00244923 0.999934 204.92 
0.99993 0.00227329 0.0116379 -2.40348 -0.00224387 0.999994 -0.0025368 -3.68997 -0.0116436 0.00251055 0.999929 206.139 
0.999914 0.00222133 0.0129021 -2.40828 -0.00219143 0.999995 -0.00232744 -3.72002 -0.0129073 0.00229901 0.999914 207.366 
0.999905 0.00237549 0.0135721 -2.40802 -0.00233986 0.999994 -0.00263784 -3.74125 -0.0135783 0.00260588 0.999904 208.582 
0.999889 0.00258676 0.014709 -2.4228 -0.00254812 0.999993 -0.00264222 -3.76834 -0.0147157 0.00260448 0.999888 209.779 
0.999882 0.00147517 0.0153017 -2.42193 -0.00143709 0.999996 -0.0024967 -3.79488 -0.0153053 0.00247446 0.99988 210.957 
0.999876 0.00142273 0.0156977 -2.42513 -0.00139547 0.999998 -0.00174464 -3.82133 -0.0157002 0.00172256 0.999875 212.142 
0.999884 0.00120287 0.0152146 -2.41895 -0.00119058 0.999999 -0.000814195 -3.84662 -0.0152156 0.000796028 0.999884 213.29 
0.999888 0.00146994 0.0149039 -2.42322 -0.00145745 0.999999 -0.000846027 -3.87057 -0.0149052 0.000824252 0.999889 214.408 
0.999896 0.00232796 0.0142562 -2.40726 -0.00230292 0.999996 -0.0017692 -3.90156 -0.0142603 0.00173623 0.999897 215.566 
0.999894 0.00258781 0.0143507 -2.4185 -0.00254962 0.999993 -0.0026761 -3.92347 -0.0143576 0.00263927 0.999893 216.73 
0.999913 0.00223175 0.0129962 -2.40093 -0.00219792 0.999994 -0.00261288 -3.95085 -0.013002 0.00258413 0.999912 217.835 
0.999927 0.00239497 0.0118306 -2.41192 -0.00236761 0.999995 -0.00232211 -3.98096 -0.0118362 0.00229397 0.999927 218.904 
0.999946 0.00224536 0.0101544 -2.41508 -0.00222603 0.999996 -0.00190938 -4.00174 -0.0101587 0.00188671 0.999947 219.96 
0.999967 0.00109804 0.00801189 -2.42791 -0.00109353 0.999999 -0.000561625 -4.01969 -0.00801254 0.000552887 0.999968 220.997 
0.999986 0.000951598 0.00521879 -2.43241 -0.000958783 0.999999 0.00138272 -4.05032 -0.00521751 -0.00138766 0.999985 222.027 
0.999996 0.00127374 0.00263211 -2.43673 -0.00127715 0.999998 0.0013088 -4.07387 -0.00263048 -0.00131212 0.999996 223.058 
0.999999 0.0016367 9.56187e-05 -2.45108 -0.00163675 0.999998 0.000914987 -4.09388 -9.41634e-05 -0.0009151 1 224.063 
0.999996 0.00154599 -0.00254786 -2.47337 -0.00154313 0.999998 0.00111019 -4.11463 0.00254953 -0.00110621 0.999996 225.046 
0.999984 0.00205422 -0.00523463 -2.49783 -0.00204556 0.999997 0.00165139 -4.13657 0.00523796 -0.00164061 0.999985 226.007 
0.999962 0.00228967 -0.00837606 -2.51122 -0.00227521 0.999996 0.00173024 -4.16073 0.00837994 -0.00171108 0.999963 226.964 
0.999932 0.00228779 -0.0114273 -2.53393 -0.00227273 0.999997 0.00132673 -4.18181 0.0114303 -0.00130063 0.999934 227.88 
0.999888 0.00229374 -0.014819 -2.56004 -0.00228373 0.999997 0.000690052 -4.20284 0.0148205 -0.00065609 0.99989 228.77 
0.999826 0.00370661 -0.0182639 -2.59723 -0.0036988 0.999993 0.000458874 -4.22086 0.0182654 -0.000391197 0.999833 229.608 
0.999756 0.00400788 -0.0217258 -2.62127 -0.00401277 0.999992 -0.000183443 -4.24221 0.0217249 0.000270622 0.999764 230.459 
0.999683 0.00593992 -0.0244569 -2.64783 -0.00594673 0.999982 -0.00020753 -4.26119 0.0244552 0.000352946 0.999701 231.298 
0.999664 0.00675324 -0.0250156 -2.68325 -0.00674744 0.999977 0.000314621 -4.27944 0.0250171 -0.000145682 0.999687 232.108 
0.999672 0.00682279 -0.0246905 -2.71324 -0.00678747 0.999976 0.00151245 -4.29695 0.0247002 -0.00134432 0.999694 232.9 
0.999693 0.00698849 -0.0237613 -2.75065 -0.00693767 0.999974 0.00221881 -4.31328 0.0237761 -0.00205324 0.999715 233.672 
0.999708 0.00698198 -0.023132 -2.78583 -0.0069418 0.999974 0.0018151 -4.33016 0.0231441 -0.00165395 0.999731 234.422 
0.999713 0.00686925 -0.0229357 -2.81687 -0.00687477 0.999976 -0.000163335 -4.34866 0.022934 0.000321009 0.999737 235.162 
0.999738 0.00711595 -0.02178 -2.85153 -0.0071652 0.999972 -0.0021861 -4.36771 0.0217638 0.00234162 0.99976 235.891 
0.999758 0.00683727 -0.0208967 -2.8769 -0.00691563 0.999969 -0.00368199 -4.38412 0.0208708 0.00382566 0.999775 236.625 
0.999777 0.00717466 -0.0198457 -2.90149 -0.00725635 0.999966 -0.00404939 -4.40092 0.0198159 0.00419254 0.999795 237.354 
0.999813 0.00661798 -0.0181942 -2.92202 -0.00669708 0.999968 -0.00429227 -4.41512 0.0181652 0.00441335 0.999825 238.079 
0.999844 0.00661443 -0.0164085 -2.94292 -0.00668523 0.999969 -0.00426629 -4.42991 0.0163797 0.00437536 0.999856 238.807 
0.99987 0.00687962 -0.0146045 -2.96218 -0.00694782 0.999965 -0.00462727 -4.44426 0.0145721 0.00472817 0.999883 239.528 
0.999903 0.00650359 -0.0123114 -2.98803 -0.00656348 0.999967 -0.00483354 -4.4659 0.0122795 0.00491392 0.999913 240.266 
0.999935 0.00661364 -0.00928656 -3.01381 -0.00665663 0.999967 -0.00461099 -4.47683 0.00925572 0.00467255 0.999946 240.99 
0.999967 0.00548414 -0.00592518 -3.03228 -0.00550588 0.999978 -0.00366532 -4.49629 0.0059049 0.00369787 0.999976 241.71 
0.999985 0.00467046 -0.0029431 -3.04779 -0.00467987 0.999984 -0.00321305 -4.51523 0.00292801 0.00322682 0.999991 242.432 
0.99999 0.00450994 0.000290944 -3.06273 -0.00450891 0.999984 -0.00330833 -4.52853 -0.000305902 0.00330703 0.999995 243.142 
0.999985 0.00409125 0.0036529 -3.07517 -0.00407825 0.999985 -0.0035495 -4.54948 -0.00366741 0.00353459 0.999987 243.838 
0.999968 0.00411822 0.00681189 -3.0841 -0.00409241 0.999984 -0.00379322 -4.56323 -0.00682745 0.00376526 0.99997 244.54 
0.999939 0.00479507 0.00992352 -3.09133 -0.0047502 0.999978 -0.00453538 -4.57968 -0.0099451 0.00448801 0.999941 245.254 
0.999904 0.00511157 0.0128499 -3.08943 -0.00504402 0.999973 -0.00528018 -4.5935 -0.0128766 0.00521491 0.999904 245.965 
0.999847 0.00544602 0.0165968 -3.09876 -0.00537019 0.999975 -0.00460752 -4.60722 -0.0166215 0.00451773 0.999852 246.668 
0.999794 0.00621276 0.0193419 -3.09674 -0.00612771 0.999971 -0.00445121 -4.61818 -0.0193691 0.00433181 0.999803 247.374 
0.999741 0.00589502 0.0219607 -3.09555 -0.00580417 0.999974 -0.0041966 -4.63589 -0.021985 0.0040681 0.99975 248.075 
0.999674 0.00582022 0.0248565 -3.09591 -0.00567583 0.999967 -0.00587382 -4.65118 -0.0248899 0.00573086 0.999674 248.776 
0.99963 0.00635306 0.0264599 -3.08562 -0.00612482 0.999943 -0.00869666 -4.6623 -0.0265136 0.00853142 0.999612 249.492 
0.999612 0.00504671 0.0274081 -3.07644 -0.00477556 0.999939 -0.00994803 -4.67988 -0.0274567 0.00981332 0.999575 250.206 
0.999608 0.00453546 0.0276167 -3.06966 -0.00425287 0.999938 -0.0102811 -4.69942 -0.0276616 0.0101597 0.999566 250.921 
0.999598 0.0055881 0.0277838 -3.06099 -0.00530086 0.999932 -0.0103996 -4.7166 -0.0278401 0.0102482 0.99956 251.645 
0.999579 0.0070235 0.0281681 -3.05514 -0.00672535 0.999921 -0.010664 -4.74196 -0.0282408 0.0104701 0.999546 252.358 
0.999559 0.00789343 0.0286419 -3.06005 -0.0075722 0.999907 -0.0113053 -4.75396 -0.0287285 0.0110835 0.999526 253.15 
0.999552 0.00712585 0.0290716 -3.05725 -0.00676063 0.999897 -0.0126403 -4.80313 -0.0291587 0.0124381 0.999497 253.935 
0.999536 0.00374255 0.030227 -3.06457 -0.00329851 0.999886 -0.0147252 -4.81965 -0.0302787 0.0146187 0.999435 254.68 
0.999514 0.000161276 0.0311677 -3.05263 0.000315227 0.999883 -0.0152814 -4.84334 -0.0311666 0.0152839 0.999397 255.436 
0.999474 0.00266205 0.0323305 -3.05018 -0.00230119 0.999935 -0.0111922 -4.87004 -0.0323582 0.0111119 0.999415 256.235 
0.999428 0.00690011 0.0331115 -3.0482 -0.00672124 0.999962 -0.00550891 -4.87747 -0.0331483 0.00528325 0.999437 257.033 
0.999394 0.00567949 0.0343336 -3.04886 -0.00561122 0.999982 -0.00208326 -4.89339 -0.0343448 0.00188938 0.999408 257.811 
0.9993 0.00512633 0.0370496 -3.03695 -0.00497863 0.999979 -0.00407672 -4.90878 -0.0370698 0.00388945 0.999305 258.589 
0.999145 0.00615816 0.0408767 -3.0135 -0.00573805 0.99993 -0.0103858 -4.92261 -0.0409378 0.0101425 0.99911 259.385 
0.998939 0.00854185 0.0452501 -3.01818 -0.00790188 0.999867 -0.0143019 -4.92884 -0.0453662 0.0139292 0.998873 260.176 
0.998762 0.0100692 0.0487121 -2.99298 -0.00938745 0.999855 -0.0142032 -4.94755 -0.0488481 0.0137284 0.998712 261.008 
0.998624 0.00746453 0.0519146 -2.95908 -0.0068536 0.999905 -0.0119352 -4.97166 -0.0519988 0.011563 0.99858 261.844 
0.998439 0.00446821 0.055679 -2.93948 -0.00397924 0.999953 -0.00888902 -4.98899 -0.0557161 0.00865363 0.998409 262.68 
0.998249 0.00216675 0.0591054 -2.90979 -0.00172645 0.99997 -0.00749872 -5.00308 -0.05912 0.00738359 0.998224 263.523 
0.998066 0.0023085 0.0621167 -2.87307 -0.00186903 0.999973 -0.00713134 -5.02268 -0.0621316 0.00700149 0.998043 264.359 
0.997881 0.00483019 0.0648821 -2.84452 -0.00426682 0.999952 -0.00881796 -5.05195 -0.0649216 0.00852248 0.997854 265.192 
0.997738 0.00515082 0.0670308 -2.80191 -0.00444955 0.999934 -0.0106063 -5.07989 -0.067081 0.0102841 0.997695 266.04 
0.997537 0.00604101 0.0698788 -2.76283 -0.00529244 0.999927 -0.0108919 -5.09906 -0.0699395 0.0104953 0.997496 266.88 
0.99732 0.0064224 0.0728827 -2.72182 -0.00580902 0.999946 -0.00862418 -5.12741 -0.0729342 0.00817773 0.997303 267.728 
0.997017 0.0080904 0.0767581 -2.68453 -0.00756598 0.999946 -0.00711985 -5.14715 -0.0768116 0.0065179 0.997024 268.58 
0.996753 0.00906608 0.0800046 -2.63258 -0.00849746 0.999936 -0.00744445 -5.16664 -0.080067 0.00674049 0.996767 269.445 
0.996506 0.00910773 0.0830283 -2.59263 -0.00848746 0.999933 -0.00782002 -5.18602 -0.0830941 0.00708803 0.996517 270.28 
0.99623 0.0077949 0.0864037 -2.54298 -0.00709259 0.999939 -0.00843172 -5.20203 -0.0864642 0.00778715 0.996225 271.124 
0.996014 0.00441608 0.0890869 -2.49318 -0.00374538 0.999963 -0.00769394 -5.21954 -0.0891177 0.00732965 0.995994 271.983 
0.995901 0.00391185 0.090361 -2.43958 -0.00319011 0.999962 -0.00812978 -5.23473 -0.0903894 0.00780824 0.995876 272.824 
0.995839 0.00273833 0.0910877 -2.37789 -0.00204257 0.999968 -0.00773027 -5.26126 -0.091106 0.00751209 0.995813 273.651 
0.995781 0.00265108 0.0917239 -2.31565 -0.00193616 0.999967 -0.00788189 -5.28061 -0.0917418 0.00767109 0.995753 274.506 
0.995785 0.00325418 0.0916564 -2.25566 -0.00256976 0.999968 -0.00758381 -5.29588 -0.0916782 0.00731635 0.995762 275.366 
0.995798 0.00505921 0.0914414 -2.19871 -0.00438721 0.999962 -0.00754797 -5.30788 -0.0914761 0.00711512 0.995782 276.23 
0.995921 0.00459424 0.0901101 -2.13267 -0.00386049 0.999958 -0.00831488 -5.33187 -0.0901446 0.00793314 0.995897 277.084 
0.996039 0.00549296 0.0887479 -2.07535 -0.0046956 0.999947 -0.00919029 -5.35371 -0.0887937 0.0087372 0.996012 277.948 
0.996189 0.00617584 0.0870038 -2.01709 -0.00533559 0.999937 -0.00988638 -5.37451 -0.0870594 0.00938452 0.996159 278.807 
0.996314 0.00776152 0.0854328 -1.96218 -0.00687839 0.99992 -0.0106261 -5.38297 -0.0855084 0.00999932 0.996287 279.66 
0.996458 0.00875619 0.0836409 -1.90175 -0.00788911 0.999912 -0.010691 -5.40696 -0.0837272 0.00999334 0.996439 280.52 
0.996602 0.00994931 0.0817712 -1.85731 -0.00912199 0.999903 -0.0104843 -5.42707 -0.0818677 0.00970283 0.996596 281.366 
0.996769 0.00994601 0.0797011 -1.8242 -0.00924212 0.999915 -0.00919508 -5.44322 -0.0797858 0.0084288 0.996776 282.206 
0.997051 0.00888521 0.0762279 -1.7833 -0.00837715 0.999941 -0.00698164 -5.46177 -0.0762854 0.00632252 0.997066 283.065 
0.997359 0.00852922 0.0721222 -1.74864 -0.00815372 0.999952 -0.00549876 -5.47886 -0.0721656 0.00489621 0.997381 283.906 
0.997644 0.00793409 0.0681434 -1.72144 -0.00767374 0.999962 -0.00408087 -5.49764 -0.0681733 0.00354838 0.997667 284.724 
0.997946 0.0076942 0.0635941 -1.69089 -0.00748934 0.999966 -0.00345855 -5.5155 -0.0636186 0.00297521 0.99797 285.55 
0.998238 0.00689961 0.0589392 -1.65542 -0.00672543 0.999972 -0.00315239 -5.53109 -0.0589594 0.00275048 0.998257 286.371 
0.998504 0.00596216 0.0543497 -1.63091 -0.00581908 0.999979 -0.00278966 -5.55199 -0.0543652 0.00246926 0.998518 287.18 
0.998698 0.00611357 0.0506369 -1.61605 -0.00595382 0.999977 -0.00330419 -5.57049 -0.050656 0.00299845 0.998712 287.957 
0.998866 0.00631181 0.0471809 -1.60374 -0.00616733 0.999976 -0.00320633 -5.58892 -0.0472 0.00291176 0.998881 288.727 
0.999011 0.00657378 0.0439785 -1.59826 -0.00643894 0.999974 -0.00320603 -5.60735 -0.0439984 0.00291973 0.999027 289.481 
0.999146 0.00565518 0.0409427 -1.59563 -0.0055445 0.999981 -0.00281545 -5.62982 -0.0409579 0.00258608 0.999158 290.201 
0.999313 0.00531523 0.0366723 -1.58069 -0.00518485 0.99998 -0.00364818 -5.6426 -0.036691 0.00345557 0.999321 290.937 
0.999472 0.00676386 0.0317913 -1.57693 -0.00660568 0.999965 -0.00507645 -5.6594 -0.0318246 0.00486381 0.999482 291.627 
0.999629 0.00837895 0.0259035 -1.59169 -0.00821279 0.999945 -0.00651272 -5.69114 -0.0259567 0.00629761 0.999643 292.301 
0.999792 0.0094594 0.0180715 -1.62404 -0.00931394 0.999924 -0.00811407 -5.71034 -0.018147 0.00794411 0.999804 292.966 
0.999925 0.00963527 0.00752034 -1.64587 -0.00956703 0.999913 -0.00905188 -5.73099 -0.00760694 0.0089793 0.999931 293.648 
0.999934 0.00995846 -0.00579714 -1.66987 -0.0100104 0.999909 -0.00900172 -5.75442 0.00570693 0.00905919 0.999943 294.299 
0.999686 0.0103119 -0.0228583 -1.70624 -0.010513 0.999907 -0.00869744 -5.76097 0.0227665 0.00893506 0.999701 294.92 
0.999015 0.0130563 -0.0424161 -1.76933 -0.0133949 0.999881 -0.00771118 -5.7785 0.0423103 0.00827179 0.99907 295.554 
0.997759 0.0147073 -0.0652777 -1.83902 -0.0152337 0.999855 -0.00757441 -5.79478 0.0651568 0.0085519 0.997838 296.176 
0.995713 0.0157739 -0.0911428 -1.91307 -0.0165374 0.999834 -0.00762828 -5.8031 0.0910073 0.00910288 0.995809 296.782 
0.992729 0.017363 -0.119109 -2.01634 -0.0182544 0.999813 -0.00639651 -5.83934 0.118976 0.00852432 0.992861 297.388 
0.988534 0.0181543 -0.149904 -2.14044 -0.0190927 0.999806 -0.00482315 -5.8467 0.149788 0.00762997 0.988689 297.959 
0.982726 0.01782 -0.184206 -2.26331 -0.018586 0.999824 -0.00243302 -5.86046 0.184131 0.0058147 0.982885 298.512 
0.975254 0.0176797 -0.220379 -2.42178 -0.0181977 0.999834 -0.000320513 -5.86744 0.220337 0.00432301 0.975414 299.063 
0.965811 0.0189554 -0.258553 -2.58592 -0.0189031 0.999818 0.00268833 -5.8768 0.258556 0.00229107 0.965994 299.598 
0.954275 0.0203756 -0.298236 -2.78101 -0.019675 0.999792 0.00535137 -5.87471 0.298283 0.000761172 0.954477 300.128 
0.940471 0.0205086 -0.339256 -2.9698 -0.0188918 0.999789 0.00806794 -5.88318 0.33935 -0.00117846 0.940659 300.623 
0.924161 0.020532 -0.381452 -3.17257 -0.017882 0.999785 0.0104907 -5.89246 0.381585 -0.00287389 0.924329 301.123 
0.905182 0.0203922 -0.424534 -3.40142 -0.0165297 0.999782 0.0127795 -5.90602 0.424702 -0.00455026 0.905322 301.607 
0.88283 0.0194767 -0.469289 -3.64162 -0.0144929 0.999794 0.0142297 -5.90618 0.469469 -0.00576098 0.88293 302.09 
0.857654 0.0187831 -0.513884 -3.91231 -0.0122086 0.999795 0.0161681 -5.9123 0.514083 -0.00759276 0.857707 302.534 
0.829404 0.0189846 -0.558327 -4.19824 -0.010515 0.999776 0.0183748 -5.91409 0.55855 -0.00936925 0.829418 302.954 
0.798272 0.020199 -0.601958 -4.5392 -0.0107825 0.999757 0.0192484 -5.90427 0.6022 -0.00887477 0.798296 303.343 
0.763625 0.0194557 -0.645367 -4.87249 -0.00844843 0.999761 0.020143 -5.90834 0.645605 -0.00992932 0.763607 303.72 
0.726467 0.0186632 -0.686948 -5.23151 -0.00407525 0.999731 0.0228513 -5.91383 0.687189 -0.0138012 0.726348 304.004 
0.684474 0.0177477 -0.728821 -5.59669 0.00275281 0.999634 0.0269277 -5.91388 0.729032 -0.0204375 0.684174 304.281 
0.63824 0.0181814 -0.769623 -5.99819 0.00726576 0.999534 0.0296381 -5.89983 0.769804 -0.0245081 0.63781 304.529 
0.588763 0.0218675 -0.80801 -6.40587 0.00674342 0.999466 0.0319626 -5.889 0.808278 -0.0242671 0.588301 304.735 
0.536892 0.028215 -0.843179 -6.82432 0.00237892 0.999386 0.0349569 -5.88357 0.843648 -0.0207739 0.536495 304.912 
0.482144 0.0318231 -0.875514 -7.23429 0.000439293 0.999331 0.0365655 -5.86447 0.876092 -0.0180144 0.481808 305.078 
0.425278 0.0343963 -0.904409 -7.65514 0.000434906 0.99927 0.0382085 -5.85955 0.905063 -0.0166425 0.424952 305.221 
0.366638 0.0366114 -0.929643 -8.06107 0.00275615 0.999178 0.0404369 -5.85471 0.93036 -0.0173879 0.366236 305.354 
0.307224 0.0404319 -0.950778 -8.46628 0.00550219 0.999005 0.0442607 -5.85363 0.951621 -0.0188293 0.306696 305.459 
0.246824 0.0436195 -0.968078 -8.88702 0.00862118 0.998848 0.047204 -5.83129 0.969022 -0.019997 0.246163 305.539 
0.182358 0.0473124 -0.982093 -9.30274 0.0119116 0.998662 0.0503224 -5.82488 0.98316 -0.020875 0.181551 305.616 
0.116823 0.0512909 -0.991827 -9.74305 0.013337 0.998495 0.0532066 -5.8063 0.993063 -0.0194437 0.115963 305.641 
0.0499611 0.0564215 -0.997156 -10.1903 0.0164942 0.99822 0.0573081 -5.77774 0.998615 -0.0193104 0.0489415 305.643 
-0.0181787 0.062957 -0.997851 -10.6628 0.019417 0.99785 0.0626032 -5.751 0.999646 -0.0182372 -0.019362 305.605 
-0.0869658 0.0696301 -0.993775 -11.1398 0.0230133 0.997429 0.0678722 -5.7204 0.995945 -0.0169674 -0.0883446 305.537 
-0.155352 0.0763602 -0.984904 -11.6232 0.0265222 0.996971 0.0731124 -5.69948 0.987503 -0.0147636 -0.156907 305.434 
-0.222554 0.0822439 -0.971445 -12.1045 0.0315759 0.996521 0.0771329 -5.67044 0.974409 -0.0135079 -0.224377 305.294 
-0.28782 0.0865956 -0.953762 -12.5938 0.0365615 0.996171 0.0794129 -5.63826 0.956987 -0.0120143 -0.289884 305.112 
-0.349844 0.0882775 -0.932639 -13.0701 0.0408383 0.996041 0.0789598 -5.59552 0.935917 -0.0104637 -0.352064 304.884 
-0.409424 0.0891209 -0.907981 -13.5402 0.0454558 0.995974 0.0772609 -5.56026 0.911211 -0.0096405 -0.411827 304.627 
-0.465982 0.0886761 -0.88034 -14.0195 0.0483499 0.996031 0.074737 -5.51548 0.883472 -0.00773821 -0.468419 304.336 
-0.517739 0.0883575 -0.850964 -14.489 0.0508561 0.996072 0.0724829 -5.46913 0.854026 -0.00574943 -0.520199 304.001 
-0.564679 0.0884092 -0.820562 -14.9709 0.0532782 0.996077 0.0706556 -5.42542 0.823589 -0.00382029 -0.567174 303.633 
-0.605704 0.0885198 -0.790751 -15.436 0.0544746 0.996074 0.0697777 -5.38076 0.793823 -0.000811189 -0.608148 303.231 
-0.643046 0.0919729 -0.760285 -15.8964 0.0592377 0.995762 0.0703558 -5.33793 0.763533 0.000204481 -0.645769 302.797 
-0.679855 0.0992407 -0.7266 -16.3686 0.0684057 0.995063 0.0719031 -5.29778 0.730149 -0.000819872 -0.683288 302.328 
-0.715461 0.104922 -0.69073 -16.8304 0.075274 0.994481 0.073092 -5.25518 0.694586 0.000300507 -0.71941 301.817 
-0.748175 0.106112 -0.654962 -17.2684 0.0782938 0.994352 0.0716603 -5.21065 0.658866 0.00233506 -0.752257 301.265 
-0.778465 0.102764 -0.619219 -17.6883 0.0783448 0.9947 0.0665846 -5.16787 0.62278 0.00332121 -0.78239 300.684 
-0.80572 0.100418 -0.583723 -18.095 0.0801907 0.994944 0.0604718 -5.13254 0.586844 0.00191419 -0.809698 300.061 
-0.830858 0.0955294 -0.548224 -18.4963 0.0791178 0.995426 0.053549 -5.09075 0.550832 0.00111737 -0.834616 299.388 
-0.85331 0.0938226 -0.512892 -18.871 0.080382 0.995589 0.0483882 -5.06035 0.51517 6.2912e-05 -0.857088 298.687 
-0.87428 0.0925931 -0.476509 -19.2443 0.0801353 0.995701 0.0464512 -5.03133 0.478762 0.00242614 -0.877942 297.943 
-0.8939 0.0890807 -0.439326 -19.5933 0.0778062 0.996013 0.0436454 -5.00015 0.441462 0.00483242 -0.897267 297.166 
-0.911595 0.0889475 -0.401353 -19.932 0.0792624 0.996022 0.0407086 -4.96755 0.403377 0.00529754 -0.915019 296.344 
-0.927291 0.0924081 -0.362757 -20.2386 0.0836493 0.9957 0.0398159 -4.95058 0.364876 0.00657662 -0.931033 295.484 
-0.941153 0.0959461 -0.324075 -20.5153 0.0883525 0.99536 0.0381014 -4.92151 0.326227 0.00722641 -0.945264 294.604 
-0.953271 0.0971348 -0.286075 -20.7558 0.0897342 0.995206 0.0388993 -4.89951 0.288482 0.0114109 -0.957417 293.691 
-0.963291 0.100019 -0.24913 -20.9651 0.0933829 0.994892 0.0383446 -4.87241 0.251693 0.0136725 -0.967711 292.744 
-0.972094 0.099183 -0.212593 -21.1575 0.093606 0.994952 0.0361653 -4.8456 0.215106 0.0152561 -0.976471 291.771 
-0.979091 0.0981092 -0.178198 -21.3154 0.0939562 0.995074 0.0316175 -4.82831 0.180422 0.0142136 -0.983487 290.774 
-0.984626 0.0968165 -0.145387 -21.4332 0.0938183 0.995213 0.0273556 -4.8115 0.14734 0.0132951 -0.988997 289.742 
