1 2.12261e-08 -2.11895e-08 0 2.12261e-08 1 2.10703e-08 0 -2.11895e-08 2.10703e-08 1 0 
0.999978 0.000302284 -0.00660038 -0.00694587 -0.000300939 1 0.000198409 -0.000370993 0.0066004 -0.000196376 0.999978 0.0965503 
0.999906 0.000759522 -0.0136851 -0.0177792 -0.000756343 1 0.000234436 -0.00156272 0.0136852 -0.000224021 0.999906 0.194918 
0.999773 0.0011211 -0.021264 -0.0308976 -0.00113329 0.999999 -0.000563251 -0.000483422 0.0212633 0.000587264 0.999774 0.296895 
0.999542 0.00172241 -0.0302178 -0.051513 -0.00178093 0.999997 -0.00191116 -0.0027717 0.0302144 0.00196414 0.999542 0.404836 
0.999131 0.00196994 -0.0416315 -0.0728552 -0.00212516 0.999991 -0.00368552 0.00173649 0.0416238 0.00377084 0.999126 0.525344 
0.99846 0.00186643 -0.055448 -0.092657 -0.00211566 0.999988 -0.00443718 -0.00102095 0.055439 0.0045477 0.998452 0.655438 
0.997435 0.00168749 -0.0715638 -0.125253 -0.00201613 0.999988 -0.00452088 -0.000377412 0.0715553 0.00465361 0.997426 0.795473 
0.995932 0.000388711 -0.0901123 -0.159693 -0.00079778 0.99999 -0.00450402 -0.000573968 0.0901096 0.00455763 0.995921 0.951341 
0.993913 -0.000876639 -0.110161 -0.199132 0.000380243 0.99999 -0.00452738 -0.00514962 0.110164 0.00445798 0.993903 1.1195 
0.991214 -0.000861075 -0.132268 -0.249111 0.000206888 0.999988 -0.00495987 -0.00656162 0.132271 0.00488897 0.991202 1.29175 
0.987642 0.00248741 -0.15671 -0.304393 -0.00353545 0.999973 -0.00640966 -0.0117641 0.15669 0.00688453 0.987624 1.46827 
0.983257 0.00662666 -0.182102 -0.375504 -0.00822184 0.999934 -0.00800651 -0.0172945 0.182037 0.00936972 0.983247 1.65259 
0.977846 0.00955548 -0.209108 -0.454018 -0.0116303 0.999895 -0.00869495 -0.0256938 0.209003 0.0109344 0.977854 1.83982 
0.971091 0.0102288 -0.238492 -0.537657 -0.0126954 0.999881 -0.00880882 -0.0296824 0.238373 0.011582 0.971105 2.03471 
0.962992 0.0122344 -0.269252 -0.634691 -0.0149946 0.999854 -0.00819712 -0.0350574 0.269112 0.0119311 0.963035 2.23425 
0.953392 0.0141407 -0.301402 -0.73942 -0.0171965 0.999824 -0.00748788 -0.0334273 0.301243 0.012322 0.953468 2.438 
0.94194 0.0157658 -0.335411 -0.846461 -0.0190966 0.999796 -0.0066345 -0.0323857 0.335238 0.0126545 0.942049 2.64492 
0.929353 0.0180602 -0.36875 -0.973238 -0.0219466 0.999739 -0.00634769 -0.031323 0.368539 0.0139921 0.929507 2.85005 
0.915259 0.0209047 -0.402324 -1.10029 -0.0252694 0.999665 -0.00554374 -0.033262 0.402074 0.0152405 0.91548 3.04951 
0.898972 0.0216189 -0.437472 -1.23395 -0.0263203 0.999643 -0.00468614 -0.0364507 0.437214 0.0157272 0.89922 3.24827 
0.880044 0.0167153 -0.474598 -1.36952 -0.0219886 0.999743 -0.0055624 -0.0330348 0.474383 0.0153309 0.880185 3.45414 
0.858391 0.0116072 -0.512865 -1.52258 -0.0171034 0.999836 -0.00599784 -0.0328245 0.512711 0.0139203 0.858448 3.65961 
0.832779 0.0133231 -0.553446 -1.69282 -0.0178273 0.999837 -0.00275596 -0.0365307 0.553319 0.0121616 0.832881 3.85682 
0.802951 0.0185391 -0.595756 -1.88791 -0.0223709 0.999749 0.000959613 -0.0404134 0.595625 0.0125571 0.803165 4.04978 
0.769448 0.0215152 -0.638347 -2.07821 -0.0255983 0.999668 0.00283775 -0.0440678 0.638196 0.0141571 0.769744 4.22093 
0.732703 0.0212176 -0.680218 -2.29926 -0.0252935 0.999672 0.00393698 -0.0475962 0.680079 0.0143205 0.732999 4.39626 
0.691987 0.0171976 -0.721705 -2.52815 -0.0190444 0.999803 0.00556422 -0.0523373 0.721659 0.0098941 0.692178 4.57775 
0.648445 0.0134664 -0.761142 -2.78248 -0.0134976 0.99989 0.00619127 -0.0489284 0.761142 0.00625897 0.648555 4.75195 
0.603169 0.0129936 -0.797508 -3.0604 -0.0107615 0.999909 0.00815214 -0.0457209 0.797541 0.00366533 0.603254 4.90552 
0.555027 0.0136751 -0.83172 -3.34716 -0.00867181 0.999906 0.0106535 -0.040454 0.831787 0.00129958 0.555093 5.03609 
0.503815 0.0145199 -0.86369 -3.65214 -0.00755265 0.999895 0.012404 -0.0376771 0.863779 0.000273898 0.503871 5.15364 
0.450729 0.015738 -0.892522 -3.97368 -0.00647495 0.999876 0.0143611 -0.0319144 0.892637 -0.000693877 0.450775 5.26337 
0.396289 0.0179606 -0.91795 -4.32106 -0.00537211 0.999837 0.0172436 -0.02789 0.91811 -0.00190208 0.396321 5.35514 
0.340799 0.0199106 -0.939926 -4.68308 -0.00499565 0.9998 0.0193676 -0.0231876 0.940123 -0.00190488 0.34083 5.42879 
0.285628 0.023047 -0.958063 -5.05191 -0.00268058 0.999726 0.0232501 -0.024969 0.958337 -0.00407267 0.285611 5.4893 
0.232008 0.0250276 -0.972392 -5.44971 0.00133632 0.99966 0.0260483 -0.0212774 0.972713 -0.00734278 0.231896 5.53912 
0.180855 0.0252634 -0.983185 -5.85739 0.00408539 0.999642 0.0264378 -0.0130911 0.983501 -0.00879805 0.180687 5.57204 
0.133543 0.0261515 -0.990698 -6.28722 0.00195566 0.999643 0.0266513 -0.00678374 0.991041 -0.00549653 0.133445 5.58225 
0.0908163 0.0260569 -0.995527 -6.74364 -0.000596966 0.999659 0.0261106 0.00964299 0.995868 -0.00177693 0.0908008 5.58078 
0.0528785 0.0247533 -0.998294 -7.18971 -0.00180548 0.999694 0.0246923 0.016517 0.998599 0.00049675 0.0529069 5.56532 
0.0181171 0.0221023 -0.999592 -7.6587 -0.000895343 0.999756 0.0220897 0.0237132 0.999836 0.00049482 0.0181324 5.54561 
-0.0134052 0.0191933 -0.999726 -8.14339 -0.000454398 0.999816 0.0192011 0.0306816 0.99991 0.000711709 -0.013394 5.51085 
-0.0401174 0.0174803 -0.999042 -8.64607 -0.000756987 0.999846 0.0175248 0.0336321 0.999195 0.00145935 -0.040098 5.46395 
-0.0608508 0.0148566 -0.998036 -9.16146 -0.00140696 0.999887 0.01497 0.0454654 0.998146 0.00231517 -0.060823 5.40586 
-0.0774014 0.0140608 -0.996901 -9.6887 -0.000899909 0.999899 0.014173 0.0552891 0.997 0.00199417 -0.077381 5.34619 
-0.0903213 0.0140476 -0.995814 -10.2274 -0.000115992 0.9999 0.0141158 0.07296 0.995913 0.0013905 -0.0903107 5.27758 
-0.100256 0.0151058 -0.994847 -10.7798 -0.00136608 0.999882 0.01532 0.0710292 0.994961 0.002895 -0.100223 5.20684 
-0.106775 0.0163151 -0.994149 -11.3592 -0.00286747 0.999856 0.0167167 0.072573 0.994279 0.00463565 -0.106712 5.11917 
-0.111444 0.0172431 -0.993621 -11.9501 -0.002996 0.999839 0.0176871 0.0781322 0.993766 0.00494804 -0.111374 5.0411 
-0.112929 0.0178035 -0.993444 -12.5535 -0.000598894 0.999838 0.0179861 0.0885219 0.993603 0.00262616 -0.1129 4.96396 
-0.112111 0.0200293 -0.993494 -13.174 0.00215088 0.999799 0.0199137 0.0978004 0.993693 9.57107e-05 -0.112132 4.88365 
-0.110995 0.0225187 -0.993566 -13.8122 0.00168472 0.999746 0.0224706 0.102451 0.99382 0.000820286 -0.111005 4.80625 
-0.109358 0.0224456 -0.993749 -14.4668 -0.000355153 0.999744 0.0226201 0.107567 0.994002 0.00282666 -0.109322 4.72163 
-0.107587 0.0196604 -0.994001 -15.1279 -0.00225183 0.999797 0.0200187 0.116001 0.994193 0.00439212 -0.107521 4.63298 
-0.106514 0.0194039 -0.994122 -15.807 -0.00276153 0.9998 0.0198106 0.126569 0.994307 0.00485545 -0.106439 4.55158 
-0.104939 0.021848 -0.994239 -16.508 -0.00216556 0.999751 0.0221977 0.140615 0.994476 0.00448253 -0.104865 4.46946 
-0.102948 0.0251361 -0.994369 -17.2289 -0.00296579 0.999668 0.0255772 0.153009 0.994682 0.00558224 -0.102839 4.37853 
-0.10111 0.027631 -0.994492 -17.9624 -0.00383093 0.999596 0.0281624 0.150828 0.994868 0.00665736 -0.100963 4.28714 
-0.0995538 0.0268027 -0.994671 -18.6971 -0.00518807 0.99961 0.0274551 0.165764 0.995019 0.00789372 -0.0993759 4.20188 
-0.0975889 0.023537 -0.994948 -19.4541 -0.00731081 0.999676 0.0243659 0.17998 0.9952 0.00965176 -0.0973852 4.10413 
-0.0962395 0.02299 -0.995093 -20.2205 -0.00805043 0.999683 0.0238747 0.188464 0.995326 0.0103087 -0.0960238 4.01772 
-0.0949387 0.0253944 -0.995159 -21.004 -0.00484181 0.999651 0.025971 0.202115 0.995471 0.00728407 -0.0947826 3.93288 
-0.094009 0.0274151 -0.995194 -21.7944 -0.00261857 0.999611 0.0277842 0.214243 0.995568 0.00521798 -0.0939006 3.85109 
-0.0927409 0.0292926 -0.995259 -22.5969 -0.00155608 0.999562 0.0295642 0.223863 0.995689 0.00429056 -0.0926547 3.76074 
-0.0923596 0.0247772 -0.995417 -23.4009 -0.000761298 0.999688 0.0249542 0.229896 0.995725 0.00306261 -0.0923119 3.67317 
-0.0918591 0.017708 -0.995615 -24.2038 0.000807081 0.999843 0.0177088 0.236428 0.995772 0.000823209 -0.0918589 3.58175 
-0.0921663 0.0132689 -0.995655 -25.008 0.00416076 0.999908 0.0129404 0.243793 0.995735 -0.00294997 -0.092213 3.49977 
-0.092914 0.0139616 -0.995576 -25.8384 0.00537468 0.999894 0.0135205 0.251286 0.99566 -0.00409462 -0.0929792 3.41383 
-0.0933675 0.0214971 -0.9954 -26.6836 0.00530991 0.999763 0.0210933 0.252191 0.995618 -0.00331602 -0.0934596 3.32664 
-0.0934951 0.0285755 -0.99521 -27.532 0.00410959 0.999591 0.0283152 0.259759 0.995611 -0.00144253 -0.0935743 3.22915 
-0.0938542 0.033698 -0.995016 -28.3775 0.00207696 0.999432 0.0336516 0.271018 0.995584 0.00109177 -0.0938708 3.1303 
-0.0943694 0.0338085 -0.994963 -29.2127 0.000673123 0.999425 0.0338963 0.283508 0.995537 0.00252908 -0.0943379 3.03523 
-0.0947754 0.0302721 -0.995038 -30.0484 0.00117138 0.99954 0.0302975 0.299058 0.995498 0.00170592 -0.0947673 2.94091 
-0.0953508 0.0275044 -0.995064 -30.8841 0.00108062 0.999621 0.0275268 0.312098 0.995443 0.00154945 -0.0953443 2.84912 
-0.0952069 0.0285535 -0.995048 -31.7332 -0.00067126 0.999587 0.028748 0.327108 0.995457 0.00340498 -0.0951483 2.74119 
-0.0950917 0.0308626 -0.99499 -32.5679 -0.00157029 0.999513 0.031153 0.334599 0.995467 0.00452486 -0.0949969 2.64494 
-0.0949324 0.0292218 -0.995055 -33.4059 -0.00254864 0.999559 0.0295972 0.340457 0.995481 0.00534581 -0.094816 2.5466 
-0.0944535 0.024511 -0.995228 -34.23 -0.00347817 0.999683 0.0249508 0.341509 0.995523 0.0058183 -0.0943383 2.45032 
-0.0942388 0.0201755 -0.995345 -35.0622 -0.00482082 0.999774 0.0207217 0.349725 0.995538 0.00675121 -0.0941202 2.35093 
-0.0938731 0.0208907 -0.995365 -35.893 -0.00411607 0.999763 0.0213712 0.358331 0.995576 0.00610321 -0.0937649 2.2578 
-0.0935807 0.0233846 -0.995337 -36.7284 -0.00247414 0.999716 0.0237201 0.362691 0.995609 0.00468238 -0.0934962 2.16702 
-0.0931441 0.0284907 -0.995245 -37.5755 -0.002233 0.999582 0.0288238 0.36609 0.99565 0.00490719 -0.0930415 2.07242 
-0.0926712 0.03393 -0.995119 -38.4172 -0.00123656 0.999415 0.0341917 0.380647 0.995696 0.00439914 -0.092575 1.98077 
-0.0929071 0.0371716 -0.994981 -39.2587 -0.0013374 0.999297 0.0374577 0.392158 0.995674 0.00481082 -0.0927921 1.88776 
-0.0927377 0.0367433 -0.995012 -40.0849 -0.000889139 0.999315 0.0369851 0.410508 0.99569 0.00431465 -0.0926416 1.79917 
-0.0927564 0.0325331 -0.995157 -40.9118 -0.00086261 0.999463 0.0327542 0.420202 0.995688 0.00389664 -0.0926786 1.70874 
-0.0926687 0.0283252 -0.995294 -41.7339 -0.00165822 0.99959 0.0286019 0.430005 0.995696 0.00430096 -0.0925837 1.62123 
-0.0924472 0.0254763 -0.995392 -42.5608 -0.00568159 0.999643 0.0261128 0.43874 0.995701 0.0080695 -0.0922695 1.51968 
-0.0928901 0.0232902 -0.995404 -43.3893 -0.00884885 0.999668 0.0242158 0.450863 0.995637 0.0110576 -0.0926531 1.42225 
-0.0938255 0.0212664 -0.995362 -44.2182 -0.00673993 0.999735 0.0219952 0.456132 0.995566 0.00877241 -0.0936573 1.33208 
-0.0946609 0.0178642 -0.995349 -45.038 -0.00304022 0.999829 0.0182337 0.45841 0.995505 0.00475214 -0.0945905 1.23761 
-0.0957241 0.0166017 -0.995269 -45.8596 0.000973066 0.999862 0.0165847 0.461992 0.995407 0.000619135 -0.0957271 1.15042 
-0.0981443 0.0198164 -0.994975 -46.679 0.00169559 0.999804 0.0197454 0.469097 0.995171 0.000250868 -0.0981586 1.06222 
-0.100093 0.0258573 -0.994642 -47.5136 0.00445308 0.999664 0.0255397 0.474257 0.994968 -0.00187283 -0.100174 0.968512 
-0.102438 0.0298552 -0.994291 -48.3328 0.00615038 0.999549 0.0293794 0.475853 0.99472 -0.00310566 -0.102576 0.876647 
-0.103975 0.0286363 -0.994168 -49.138 0.00638188 0.999584 0.0281249 0.486805 0.994559 -0.00342033 -0.104114 0.780689 
-0.10495 0.0247041 -0.994171 -49.9341 0.00313373 0.999695 0.0245106 0.490648 0.994473 -0.000543038 -0.104995 0.673927 
-0.10604 0.0208371 -0.994144 -50.7246 -0.00161249 0.999776 0.0211271 0.496162 0.994361 0.00384342 -0.105983 0.565113 
-0.107653 0.0192832 -0.994002 -51.5177 -0.00549706 0.999785 0.0199907 0.499867 0.994173 0.00761619 -0.107524 0.457822 
-0.108645 0.0202317 -0.993875 -52.3145 -0.00704475 0.999752 0.0211214 0.503687 0.994056 0.00929636 -0.108475 0.349877 
-0.109722 0.0216628 -0.993726 -53.1034 -0.0062684 0.999728 0.0224858 0.506411 0.993943 0.00869629 -0.109556 0.24867 
-0.110972 0.0209985 -0.993602 -53.8809 -0.00842204 0.999721 0.0220685 0.507334 0.993788 0.0108172 -0.110764 0.147348 
-0.111557 0.0206422 -0.993544 -54.6629 -0.00826997 0.99973 0.0216993 0.514845 0.993724 0.0106373 -0.111356 0.034545 
-0.112199 0.0226243 -0.993428 -55.4339 -0.00691536 0.999699 0.0235481 0.513559 0.993662 0.00951203 -0.112009 -0.0608189 
-0.112442 0.0255251 -0.99333 -56.2116 -0.005865 0.999636 0.026351 0.518135 0.993641 0.00878889 -0.112252 -0.166297 
-0.112697 0.029495 -0.993192 -56.9785 -0.00606147 0.99952 0.0303707 0.526954 0.993611 0.00944293 -0.112464 -0.265773 
-0.113574 0.0314685 -0.993031 -57.7422 -0.00570071 0.999461 0.0323243 0.534158 0.993513 0.00933222 -0.113333 -0.365275 
-0.11435 0.0315935 -0.992938 -58.4936 -0.00555758 0.999458 0.032441 0.537871 0.993425 0.009228 -0.114112 -0.465212 
-0.114885 0.0296398 -0.992937 -59.2426 -0.00450823 0.999529 0.0303582 0.546177 0.993369 0.00796412 -0.114697 -0.564134 
-0.115222 0.0262478 -0.992993 -59.9843 -0.00401506 0.99963 0.0268891 0.549554 0.993332 0.00708518 -0.115074 -0.665605 
-0.115656 0.023673 -0.993007 -60.7026 -0.00411219 0.999696 0.0243114 0.551166 0.993281 0.00689523 -0.115523 -0.749876 
-0.114475 0.0209518 -0.993205 -61.4259 -0.00473832 0.999755 0.0216361 0.561049 0.993415 0.00718295 -0.114347 -0.851555 
-0.11243 0.0201313 -0.993456 -62.1284 -0.00700476 0.999754 0.0210516 0.562726 0.993635 0.0093258 -0.112262 -0.948889 
-0.10891 0.0211171 -0.993827 -62.8006 -0.00712686 0.999732 0.0220236 0.561597 0.994026 0.00948149 -0.10873 -1.02747 
-0.10334 0.0225085 -0.994391 -63.4667 -0.00637752 0.999708 0.0232916 0.567112 0.994626 0.00874875 -0.103166 -1.10452 
-0.0963555 0.0241054 -0.995055 -64.1185 -0.00570161 0.999677 0.0247695 0.566593 0.995331 0.00806013 -0.0961869 -1.17451 
-0.0875333 0.0255267 -0.995835 -64.7571 -0.00646942 0.999636 0.0261928 0.567218 0.996141 0.00873526 -0.0873363 -1.24278 
-0.0761169 0.0269092 -0.996736 -65.3761 -0.00845662 0.999582 0.0276319 0.573528 0.997063 0.0105323 -0.0758575 -1.29629 
-0.0616997 0.0282396 -0.997695 -65.9788 -0.0114195 0.999514 0.0289973 0.578967 0.998029 0.0131824 -0.0613472 -1.33459 
-0.0433502 0.0295147 -0.998624 -66.5668 -0.0128399 0.999465 0.030097 0.582061 0.998977 0.014127 -0.042948 -1.36109 
-0.0216276 0.0301092 -0.999313 -67.1249 -0.0137159 0.999443 0.03041 0.589093 0.999672 0.0143642 -0.0212026 -1.36471 
0.00406951 0.0303439 -0.999531 -67.6699 -0.0126209 0.999462 0.0302904 0.593627 0.999912 0.0124917 0.00445028 -1.35846 
0.0334268 0.0301898 -0.998985 -68.1852 -0.011249 0.999492 0.0298287 0.59554 0.999378 0.0102405 0.0337494 -1.32831 
0.0673248 0.029863 -0.997284 -68.6773 -0.00988443 0.999523 0.0292628 0.605504 0.997682 0.00788752 0.0675879 -1.27284 
0.104951 0.0300444 -0.994024 -69.1481 -0.00912314 0.999531 0.0292476 0.608749 0.994436 0.0059991 0.105176 -1.20125 
0.145876 0.0298241 -0.988853 -69.6074 -0.00884317 0.999545 0.028842 0.612979 0.989263 0.0045373 0.146073 -1.11161 
0.191568 0.0308925 -0.980993 -70.0498 -0.0074347 0.999522 0.0300241 0.613495 0.981451 0.00154178 0.191706 -1.00733 
0.240298 0.0295378 -0.97025 -70.4725 -0.00373053 0.999558 0.0295061 0.612877 0.970692 -0.00347064 0.240302 -0.873357 
0.291027 0.0250182 -0.956388 -70.8771 0.00381898 0.99962 0.0273112 0.613869 0.956707 -0.0116007 0.290821 -0.718764 
0.343124 0.0196637 -0.939084 -71.2658 0.00912175 0.999664 0.0242651 0.619703 0.939246 -0.016892 0.34283 -0.548847 
0.396146 0.0151374 -0.918063 -71.6485 0.0140916 0.999646 0.0225631 0.626499 0.918079 -0.0218752 0.395792 -0.349683 
0.448151 0.0146601 -0.893838 -72.0261 0.013748 0.999634 0.0232883 0.634689 0.893852 -0.0227251 0.447785 -0.136485 
0.497126 0.0137301 -0.86757 -72.3895 0.0149155 0.999592 0.0243661 0.640045 0.86755 -0.0250532 0.496718 0.0975925 
0.542755 0.00934435 -0.839839 -72.7293 0.0229439 0.9994 0.0259474 0.647303 0.839578 -0.0333522 0.542215 0.360793 
0.587229 0.00298065 -0.809415 -73.0491 0.0333441 0.999055 0.02787 0.651031 0.808734 -0.0433553 0.586575 0.646999 
0.630765 -0.00187718 -0.775972 -73.3543 0.0345932 0.999071 0.0257029 0.651783 0.775203 -0.0430558 0.630244 0.932574 
0.673125 -0.00633768 -0.739502 -73.6386 0.0311792 0.999317 0.0198162 0.650794 0.738872 -0.0363957 0.672863 1.20798 
0.71482 -0.0130609 -0.699187 -73.9263 0.0271953 0.999588 0.00913082 0.656997 0.69878 -0.0255414 0.714881 1.52351 
0.755176 -0.015801 -0.655332 -74.1985 0.0221828 0.999753 0.00145701 0.660815 0.655147 -0.0156374 0.75534 1.86467 
0.79325 -0.017412 -0.608647 -74.4689 0.0211857 0.999775 -0.000989996 0.665047 0.608527 -0.0121093 0.793441 2.24728 
0.828201 -0.0192715 -0.560099 -74.7245 0.0215591 0.999764 -0.00252056 0.6719 0.560016 -0.00998766 0.828422 2.65595 
0.859646 -0.0174415 -0.510593 -74.9537 0.0179304 0.999831 -0.00396543 0.664401 0.510576 -0.00574624 0.859813 3.08396 
0.886452 -0.0158314 -0.46255 -75.1716 0.016924 0.999855 -0.0017877 0.656961 0.462511 -0.00624342 0.886592 3.5265 
0.908231 -0.00955254 -0.41836 -75.3689 0.0102888 0.999947 -0.00049583 0.650032 0.418343 -0.00385406 0.908281 3.99791 
0.926416 -0.00554442 -0.376461 -75.5719 0.00527234 0.999985 -0.00175315 0.64642 0.376465 -0.00036063 0.926431 4.49968 
0.940244 -0.000581692 -0.340502 -75.7487 0.000560051 1 -0.000161941 0.645476 0.340502 -3.83861e-05 0.940244 5.02511 
0.950636 3.65118e-05 -0.310308 -75.9206 0.000617189 0.999998 0.00200833 0.64031 0.310307 -0.00210066 0.950634 5.57736 
0.958249 -0.00100028 -0.285932 -76.0834 0.00217601 0.99999 0.00379413 0.633728 0.285925 -0.00425787 0.958242 6.14578 
0.964265 -0.0010729 -0.264936 -76.2415 0.00273893 0.999979 0.00591896 0.63083 0.264924 -0.00643305 0.964248 6.73099 
0.969142 0.00131315 -0.246502 -76.4043 0.000920385 0.99996 0.00894537 0.624812 0.246503 -0.00889616 0.969101 7.33764 
0.972884 0.00628991 -0.23121 -76.5639 -0.0039882 0.999938 0.0104209 0.627793 0.231261 -0.0092162 0.972848 7.96065 
0.975991 0.0111071 -0.217527 -76.713 -0.00868045 0.999889 0.0121081 0.614867 0.217637 -0.00992912 0.975979 8.588 
0.978827 0.00986253 -0.204452 -76.8549 -0.00760147 0.999901 0.0118414 0.615796 0.204549 -0.0100365 0.978805 9.24276 
0.981606 0.00993573 -0.190657 -76.9901 -0.00787323 0.999902 0.0115721 0.616026 0.190753 -0.0098581 0.981589 9.91451 
0.984383 0.0103741 -0.175736 -77.1306 -0.00837198 0.999891 0.0121302 0.622118 0.175842 -0.0104694 0.984363 10.593 
0.986814 0.0120983 -0.161407 -77.2581 -0.0101808 0.999868 0.0127014 0.623099 0.161539 -0.0108906 0.986806 11.2955 
0.988829 0.0122999 -0.148547 -77.3767 -0.0109299 0.99989 0.0100349 0.620136 0.148654 -0.00829911 0.988854 12.0082 
0.990406 0.0127873 -0.137599 -77.4883 -0.0122145 0.999913 0.0050059 0.609763 0.137651 -0.00327712 0.990475 12.7239 
0.991701 0.0110025 -0.128098 -77.5889 -0.0112335 0.999936 -0.00108097 0.608334 0.128078 0.00251102 0.991761 13.4617 
0.992784 0.0113682 -0.119374 -77.7018 -0.0116002 0.999932 -0.00124943 0.608559 0.119352 0.00262523 0.992849 14.1973 
0.993556 0.013396 -0.112546 -77.8051 -0.0129328 0.999905 0.00484475 0.602986 0.1126 -0.00335795 0.993635 14.9586 
0.994072 0.0178762 -0.10724 -77.9095 -0.016561 0.999777 0.013141 0.588517 0.107451 -0.0112871 0.994146 15.7268 
0.994519 0.0184382 -0.102916 -78.0008 -0.0167996 0.999718 0.0167657 0.584908 0.103196 -0.0149448 0.994549 16.5062 
0.994909 0.0172137 -0.0993008 -78.0991 -0.0157354 0.999754 0.0156507 0.583846 0.0995457 -0.0140085 0.994934 17.2897 
0.995203 0.0168189 -0.0963772 -78.1801 -0.0154895 0.999775 0.0145249 0.583904 0.0965997 -0.0129623 0.995239 18.0555 
0.995484 0.0159163 -0.0935904 -78.2565 -0.0144031 0.999755 0.0168221 0.579329 0.0938351 -0.0153981 0.995469 18.8081 
0.995744 0.0141463 -0.0910731 -78.3369 -0.0124212 0.999733 0.0194806 0.575568 0.0913243 -0.0182664 0.995654 19.5709 
0.99606 0.011894 -0.087884 -78.4217 -0.0100919 0.99973 0.0209204 0.576891 0.088109 -0.019951 0.995911 20.3318 
0.996293 0.0102831 -0.0854086 -78.4946 -0.00882246 0.999809 0.0174608 0.573544 0.0855717 -0.0166425 0.996193 21.0874 
0.996385 0.0137094 -0.0838418 -78.5724 -0.0129005 0.999865 0.0101818 0.569029 0.0839701 -0.00906334 0.996427 21.8314 
0.996494 0.0136227 -0.082543 -78.6418 -0.0134651 0.999906 0.00246604 0.562361 0.0825688 -0.00134591 0.996585 22.5733 
0.996605 0.0144151 -0.0810579 -78.7233 -0.0145881 0.999892 -0.00154295 0.55089 0.0810269 0.00272024 0.996708 23.3318 
0.996746 0.0167224 -0.0788492 -78.8013 -0.0167514 0.99986 0.000293965 0.538664 0.078843 0.00102787 0.996887 24.091 
0.996868 0.0206441 -0.076343 -78.8844 -0.0204039 0.999784 0.00392362 0.530643 0.0764074 -0.00235359 0.997074 24.8561 
0.996968 0.0238941 -0.0740501 -78.9635 -0.0232931 0.999688 0.00896824 0.521072 0.0742412 -0.00721615 0.997214 25.6207 
0.997206 0.0211433 -0.0716487 -79.029 -0.0204117 0.999732 0.0109266 0.512076 0.0718605 -0.0094336 0.99737 26.3738 
0.997377 0.0176912 -0.0701885 -79.098 -0.0170077 0.999802 0.0103231 0.511477 0.0703572 -0.00910219 0.99748 27.1292 
0.997455 0.0158566 -0.0695164 -79.1533 -0.0151468 0.999828 0.0107264 0.500258 0.0696745 -0.00964614 0.997523 27.8732 
0.997519 0.0154657 -0.0686732 -79.2139 -0.0148762 0.999848 0.00908731 0.492226 0.0688033 -0.00804313 0.997598 28.6164 
0.997591 0.0129899 -0.0681382 -79.2723 -0.0124794 0.999891 0.00791241 0.485967 0.0682335 -0.00704299 0.997645 29.3655 
0.997636 0.012306 -0.0676026 -79.3341 -0.0117751 0.999897 0.00824595 0.479256 0.067697 -0.00743039 0.997678 30.1238 
0.997649 0.014265 -0.0670239 -79.4038 -0.0136673 0.999863 0.00936664 0.467073 0.0671482 -0.00842854 0.997707 30.8798 
0.997676 0.0135076 -0.0667921 -79.4753 -0.0129776 0.999881 0.00836209 0.464042 0.0668971 -0.0074758 0.997732 31.6574 
0.997564 0.0135393 -0.0684285 -79.5434 -0.0130319 0.999884 0.00785567 0.467093 0.0685269 -0.00694474 0.997625 32.4376 
0.997433 0.0114669 -0.0706821 -79.607 -0.0108855 0.999904 0.00860447 0.460293 0.0707739 -0.00781292 0.997462 33.2212 
0.997182 0.0129792 -0.0738962 -79.6795 -0.0123923 0.999888 0.00839549 0.454423 0.0739969 -0.00745604 0.997231 34.0085 
0.996937 0.0166985 -0.0764053 -79.7661 -0.0161478 0.999839 0.0078199 0.448296 0.0765235 -0.00656213 0.997046 34.7976 
0.996717 0.0160071 -0.0793644 -79.8466 -0.0158125 0.99987 0.00307944 0.435723 0.0794034 -0.00181434 0.996841 35.5866 
0.99651 0.016773 -0.0817705 -79.9329 -0.0168462 0.999858 -0.000204967 0.426019 0.0817554 0.00158181 0.996651 36.3832 
0.996359 0.0157479 -0.0837883 -80.0182 -0.0159748 0.99987 -0.00203853 0.422589 0.0837453 0.00336965 0.996482 37.199 
0.996192 0.0163695 -0.0856414 -80.109 -0.0164459 0.999865 -0.000186392 0.407586 0.0856267 0.00159417 0.996326 38.0245 
0.996005 0.014822 -0.0880622 -80.1914 -0.0148293 0.99989 0.000570501 0.395469 0.088061 0.000737727 0.996115 38.8536 
0.995894 0.0144768 -0.0893639 -80.2862 -0.0143204 0.999895 0.00239071 0.386857 0.0893891 -0.00110112 0.995996 39.6875 
0.995786 0.0143858 -0.0905777 -80.3819 -0.013898 0.999885 0.00601257 0.378532 0.0906537 -0.00472834 0.995871 40.5327 
0.995725 0.014415 -0.0912333 -80.4789 -0.0134458 0.999847 0.0112279 0.365238 0.0913811 -0.00995311 0.995766 41.3859 
0.995788 0.0144779 -0.0905353 -80.573 -0.0133168 0.999821 0.0134152 0.358532 0.0907133 -0.012153 0.995803 42.2369 
0.99594 0.0168391 -0.088432 -80.6747 -0.015707 0.999786 0.0134814 0.356441 0.08864 -0.0120376 0.995991 43.0931 
0.996106 0.0173819 -0.0864281 -80.7656 -0.0163762 0.99979 0.0123319 0.352253 0.0866242 -0.0108685 0.996182 43.9583 
0.996284 0.0149162 -0.0848281 -80.8561 -0.014079 0.999846 0.0104585 0.345888 0.084971 -0.00922525 0.996341 44.8185 
0.99647 0.0109632 -0.0832287 -80.9373 -0.0102817 0.99991 0.00861264 0.344526 0.0833156 -0.00772646 0.996493 45.6813 
0.996655 0.00962542 -0.0811607 -81.0244 -0.00896934 0.999924 0.00844394 0.33942 0.0812358 -0.00768769 0.996665 46.5511 
0.996747 0.00778771 -0.0802235 -81.1084 -0.00693453 0.999917 0.0109076 0.334995 0.0803017 -0.0103158 0.996717 47.4159 
0.996818 0.00482018 -0.0795622 -81.1875 -0.00375177 0.999901 0.0135721 0.325735 0.0796197 -0.0132304 0.996738 48.2807 
0.996869 0.00437118 -0.0789499 -81.2673 -0.00327991 0.999897 0.0139462 0.318299 0.0790028 -0.0136435 0.996781 49.1549 
0.996968 0.00564856 -0.0776029 -81.3543 -0.0048192 0.999929 0.0108698 0.30816 0.0776588 -0.0104628 0.996925 50.0261 
0.997008 0.00794844 -0.0768888 -81.4415 -0.00755394 0.999957 0.00541968 0.29118 0.0769285 -0.00482261 0.997025 50.8821 
0.997088 0.0103813 -0.0755514 -81.532 -0.0104203 0.999946 -0.000122542 0.282824 0.075546 0.000909499 0.997142 51.7303 
0.997097 0.014941 -0.07466 -81.6196 -0.0154059 0.999865 -0.00565492 0.264562 0.0745654 0.00678876 0.997193 52.5783 
0.997202 0.0147039 -0.0732919 -81.7028 -0.0151928 0.999866 -0.00611682 0.241694 0.0731921 0.00721325 0.997292 53.4262 
0.997242 0.0116426 -0.0733034 -81.776 -0.011693 0.999932 -0.000259125 0.231599 0.0732953 0.00111559 0.99731 54.2838 
0.9972 0.0110015 -0.0739681 -81.856 -0.0103537 0.999905 0.00913453 0.213576 0.0740615 -0.00834306 0.997219 55.1299 
0.997122 0.0107082 -0.0750584 -81.939 -0.00946752 0.999813 0.0168656 0.202876 0.0752249 -0.0161063 0.997037 55.9796 
0.996967 0.00871563 -0.0773429 -82.0174 -0.00760161 0.999863 0.0146858 0.195121 0.0774602 -0.0140532 0.996896 56.8145 
0.996837 0.00371548 -0.0793851 -82.0902 -0.00282622 0.999932 0.0113108 0.190923 0.0794217 -0.0110506 0.99678 57.6504 
0.996671 0.00255975 -0.0814892 -82.1763 -0.00177969 0.999952 0.00964327 0.186251 0.08151 -0.00946609 0.996628 58.4783 
0.996433 0.00477582 -0.0842478 -82.2664 -0.00416448 0.999964 0.00743012 0.174228 0.0842802 -0.00705273 0.996417 59.3069 
0.996168 0.00668914 -0.0872001 -82.362 -0.00636125 0.999972 0.00403711 0.164377 0.0872246 -0.00346689 0.996183 60.1245 
0.995808 0.00730513 -0.0911758 -82.4543 -0.00726208 0.999973 0.000803477 0.151363 0.0911792 -0.000137939 0.995835 60.9421 
0.995514 0.0090557 -0.0941788 -82.5514 -0.00938811 0.999951 -0.00308746 0.136145 0.0941462 0.00395781 0.995551 61.7506 
0.995179 0.0124566 -0.0972791 -82.6595 -0.0128061 0.999914 -0.0029697 0.11159 0.0972336 0.0042012 0.995253 62.555 
0.994793 0.016241 -0.100619 -82.7665 -0.0164587 0.999864 -0.00133418 0.101357 0.100583 0.00298333 0.994924 63.3586 
0.994358 0.0197069 -0.104235 -82.8751 -0.0193581 0.999803 0.00435647 0.0897736 0.1043 -0.00231407 0.994543 64.1633 
0.993911 0.0204194 -0.108282 -82.9833 -0.0194907 0.999764 0.00962787 0.0827071 0.108453 -0.0074587 0.994074 64.9619 
0.993361 0.020593 -0.113183 -83.0904 -0.0191937 0.999726 0.0134384 0.0771936 0.113428 -0.0111768 0.993483 65.7571 
0.992642 0.0209501 -0.119264 -83.207 -0.0193704 0.999709 0.014389 0.0762837 0.119531 -0.0119728 0.992758 66.5364 
0.99198 0.0179446 -0.125114 -83.3191 -0.0158208 0.999714 0.0179478 0.0719212 0.1254 -0.0158245 0.99198 67.3221 
0.991114 0.0182767 -0.131751 -83.4344 -0.0161028 0.999716 0.0175466 0.0721276 0.132034 -0.0152691 0.991128 68.1087 
0.990184 0.0223769 -0.137968 -83.5657 -0.0203166 0.99966 0.0163234 0.072722 0.138287 -0.0133601 0.990302 68.8827 
0.989302 0.0245854 -0.143798 -83.7032 -0.0229973 0.999655 0.0126959 0.0689042 0.14406 -0.00925309 0.989526 69.6516 
0.988434 0.0232495 -0.149861 -83.8332 -0.0220035 0.999708 0.0099673 0.0641777 0.150049 -0.00655451 0.988657 70.414 
0.98758 0.0245177 -0.155195 -83.9707 -0.0234701 0.999688 0.00857933 0.0612842 0.155357 -0.00483029 0.987847 71.1864 
0.986805 0.0262681 -0.15977 -84.1152 -0.0244355 0.999611 0.0134238 0.0625348 0.16006 -0.00934253 0.987063 71.9536 
0.985733 0.0275827 -0.166044 -84.2612 -0.0250172 0.999533 0.0175224 0.0623949 0.16645 -0.0131183 0.985963 72.7184 
0.984727 0.0267255 -0.172045 -84.4132 -0.023704 0.999527 0.0195926 0.057781 0.172487 -0.0152152 0.984894 73.4692 
0.983502 0.0237989 -0.179326 -84.5618 -0.0213185 0.999649 0.0157462 0.0546522 0.179637 -0.0116635 0.983664 74.2143 
0.981978 0.0218773 -0.187726 -84.7198 -0.0206649 0.999751 0.00841279 0.0563615 0.187864 -0.00438177 0.982185 74.9569 
0.980282 0.0191977 -0.196669 -84.888 -0.018238 0.999811 0.00668996 0.051227 0.19676 -0.00297116 0.980447 75.6945 
0.97813 0.0187795 -0.207144 -85.0667 -0.0172023 0.999808 0.00941231 0.04671 0.207281 -0.00564305 0.978265 76.4298 
0.975705 0.018886 -0.218275 -85.2496 -0.0159045 0.999755 0.0154084 0.0491015 0.218512 -0.0115624 0.975766 77.1664 
0.973019 0.0206241 -0.2298 -85.45 -0.0157629 0.999612 0.0229698 0.0502485 0.230184 -0.0187277 0.972967 77.8967 
0.97034 0.0214716 -0.240791 -85.6543 -0.0156066 0.999534 0.026238 0.05113 0.241242 -0.0217018 0.970222 78.6233 
0.967392 0.0249123 -0.252057 -85.8681 -0.0200476 0.99956 0.0218498 0.046745 0.25249 -0.0160842 0.967466 79.3342 
0.964287 0.0244244 -0.263732 -86.0883 -0.0217704 0.999679 0.0129814 0.0438565 0.263964 -0.00677625 0.964509 80.0296 
0.960934 0.0219863 -0.275904 -86.3121 -0.0205985 0.999756 0.00792714 0.0483036 0.276011 -0.00193419 0.961153 80.738 
0.957313 0.0202488 -0.288342 -86.5391 -0.017344 0.99977 0.0126254 0.0519679 0.288531 -0.00708538 0.957444 81.4506 
0.953937 0.0212532 -0.299253 -86.7957 -0.0160358 0.999674 0.0198799 0.0516885 0.299578 -0.0141653 0.953967 82.1702 
0.950164 0.0212315 -0.311027 -87.0503 -0.0140668 0.999582 0.0252606 0.0494539 0.311433 -0.0196265 0.950065 82.8813 
0.945981 0.0184665 -0.323696 -87.3104 -0.0116556 0.999668 0.0229671 0.0568534 0.324012 -0.0179535 0.945883 83.5865 
0.942102 0.016515 -0.33492 -87.5796 -0.0109535 0.999769 0.0184876 0.0588256 0.335148 -0.0137486 0.942065 84.2896 
0.93895 0.0126468 -0.343822 -87.8547 -0.00919791 0.99989 0.01166 0.0551647 0.343931 -0.0077857 0.938963 84.9864 
0.936084 0.00862457 -0.35167 -88.1319 -0.00702851 0.999958 0.00581484 0.0515946 0.351706 -0.00297141 0.936106 85.6847 
0.933305 0.00819612 -0.35899 -88.4193 -0.00733813 0.999966 0.00375245 0.0473387 0.359009 -0.000867813 0.933334 86.3817 
0.930365 0.0133764 -0.366391 -88.7259 -0.0129155 0.99991 0.0037091 0.0378604 0.366408 0.00128136 0.930453 87.0734 
0.927098 0.0131068 -0.374589 -89.0273 -0.0117976 0.999914 0.00578808 0.031032 0.374632 -0.000946835 0.927173 87.7779 
0.923939 0.0142469 -0.382274 -89.3393 -0.0101828 0.999868 0.0126525 0.0274914 0.382404 -0.00779745 0.923962 88.483 
0.921209 0.0160364 -0.388739 -89.6545 -0.00863249 0.999747 0.0207852 0.0260137 0.388973 -0.0157917 0.921114 89.1874 
0.918509 0.0260142 -0.394543 -89.9839 -0.0165195 0.999487 0.027443 0.0243339 0.395055 -0.018689 0.918468 89.8823 
0.915941 0.0327162 -0.399977 -90.3213 -0.0250771 0.99939 0.024319 0.0231134 0.400528 -0.0122445 0.916203 90.5676 
0.913532 0.029056 -0.405729 -90.646 -0.0242771 0.999562 0.0169208 0.0256116 0.406043 -0.00560774 0.913837 91.2525 
0.91151 0.0212134 -0.410731 -90.9675 -0.0190267 0.999775 0.00941132 0.0313504 0.410838 -0.000763594 0.911708 91.9382 
0.90952 0.0216137 -0.415097 -91.2904 -0.0198937 0.999766 0.00846755 0.0330627 0.415183 0.000556477 0.909738 92.6285 
0.907542 0.027609 -0.419053 -91.6493 -0.0240633 0.999616 0.0137449 0.0253093 0.419272 -0.00239026 0.907858 93.3178 
0.904946 0.029791 -0.424483 -91.9976 -0.0241784 0.999535 0.0186039 0.0183065 0.424839 -0.0065722 0.905245 94.0152 
0.902585 0.025638 -0.429749 -92.3394 -0.0206439 0.999654 0.0162797 0.019149 0.430018 -0.00582202 0.902802 94.7096 
0.900137 0.0241021 -0.434939 -92.6874 -0.0218771 0.999709 0.0101225 0.012959 0.435057 0.000403657 0.900403 95.3977 
0.897908 0.0214209 -0.439661 -93.0423 -0.0220266 0.99975 0.00372475 0.00728485 0.439631 0.00633981 0.898156 96.0828 
0.895423 0.0217158 -0.444686 -93.4022 -0.0232214 0.999728 0.00206193 0.00598998 0.44461 0.00847999 0.895684 96.7726 
0.893293 0.0246434 -0.448799 -93.7705 -0.0244267 0.999682 0.00627302 -0.00263677 0.448811 0.00535909 0.893611 97.4654 
0.890907 0.026482 -0.453413 -94.1336 -0.0254204 0.999641 0.00843667 -0.00996838 0.453474 0.0040097 0.89126 98.1534 
0.888673 0.0273546 -0.457724 -94.5091 -0.0262174 0.999617 0.008838 -0.014083 0.457791 0.00414629 0.88905 98.8299 
0.88606 0.0253173 -0.462879 -94.8694 -0.0242436 0.999672 0.00826928 -0.0245277 0.462937 0.00389484 0.886383 99.5104 
0.883844 0.0232136 -0.467206 -95.2378 -0.0223529 0.999723 0.0073856 -0.0287007 0.467247 0.00391574 0.884118 100.182 
0.881418 0.022713 -0.47179 -95.6052 -0.0215528 0.999737 0.00786349 -0.0337284 0.471845 0.00323744 0.881676 100.848 
0.879033 0.024135 -0.47615 -95.9862 -0.0230862 0.999701 0.00805269 -0.0372723 0.476202 0.00391395 0.879327 101.51 
0.876928 0.0245848 -0.479992 -96.3704 -0.0235352 0.999689 0.00820518 -0.0472494 0.480045 0.00410142 0.877234 102.163 
0.874292 0.0216117 -0.484918 -96.7437 -0.0224593 0.99974 0.00406266 -0.0575734 0.48488 0.00733902 0.87455 102.817 
0.872286 0.018333 -0.488652 -97.1233 -0.0210145 0.999779 -3.67826e-06 -0.0740433 0.488544 0.0102721 0.872479 103.451 
0.870212 0.0166163 -0.492396 -97.5023 -0.0206203 0.999784 -0.00270396 -0.0824656 0.492245 0.0125064 0.870367 104.084 
0.868316 0.0190058 -0.495647 -97.8806 -0.020994 0.999778 0.00155778 -0.0959933 0.495567 0.00905302 0.868522 104.714 
0.866293 0.0229913 -0.499007 -98.2569 -0.0204642 0.999735 0.0105352 -0.106249 0.499117 0.00108525 0.866534 105.347 
0.864729 0.0252506 -0.501604 -98.632 -0.0174653 0.999643 0.0202126 -0.113798 0.501936 -0.00871768 0.864861 105.975 
0.863292 0.0248951 -0.50409 -99.0061 -0.0143334 0.999589 0.0248188 -0.113652 0.504501 -0.0142005 0.863295 106.594 
0.861262 0.0217454 -0.507695 -99.3632 -0.0109062 0.999645 0.0243149 -0.111172 0.508044 -0.0154044 0.861194 107.202 
0.860037 0.0203155 -0.509827 -99.7344 -0.0112784 0.99972 0.0208108 -0.110213 0.510106 -0.012148 0.860026 107.771 
0.858187 0.0185144 -0.513003 -100.085 -0.0110946 0.999785 0.0175226 -0.104022 0.513217 -0.00934601 0.858208 108.338 
0.85671 0.0171384 -0.515514 -100.427 -0.0101771 0.999815 0.0163261 -0.102237 0.515698 -0.00874025 0.856726 108.887 
0.855266 0.0151858 -0.517966 -100.76 -0.00827883 0.999843 0.0156436 -0.100764 0.518122 -0.00909122 0.855258 109.421 
0.853748 0.0152219 -0.520465 -101.086 -0.00773707 0.999833 0.0165502 -0.104098 0.52063 -0.0101028 0.853723 109.938 
0.852613 0.0156315 -0.522309 -101.408 -0.00734431 0.999812 0.0179333 -0.104413 0.522491 -0.0114541 0.852568 110.428 
0.851039 0.0139287 -0.524918 -101.71 -0.0049638 0.999817 0.0184824 -0.10525 0.52508 -0.0131236 0.850952 110.914 
0.84977 0.0126973 -0.527002 -102.004 -0.0037669 0.999831 0.0180154 -0.10181 0.527141 -0.0133237 0.849673 111.366 
0.848584 0.011541 -0.528934 -102.287 -0.00320937 0.999856 0.0166673 -0.101697 0.529051 -0.012446 0.848499 111.8 
0.847643 0.0113618 -0.530446 -102.57 -0.00511302 0.999899 0.0132466 -0.10684 0.530543 -0.00851617 0.847615 112.207 
0.846273 0.00864868 -0.532679 -102.839 -0.00462421 0.99995 0.0088888 -0.10668 0.532729 -0.00505909 0.846271 112.603 
0.843765 0.00445604 -0.536695 -103.084 -0.00123301 0.999979 0.00636405 -0.101366 0.536712 -0.00470796 0.843752 112.988 
0.841019 -0.000311958 -0.541006 -103.326 0.00409065 0.999975 0.00578243 -0.0906817 0.540991 -0.00707615 0.840999 113.358 
0.837475 0.000814928 -0.546476 -103.561 0.00391046 0.999964 0.00748392 -0.099118 0.546462 -0.00840451 0.837442 113.709 
0.833511 0.00403177 -0.552488 -103.799 0.00105108 0.99996 0.00888285 -0.0968275 0.552501 -0.00798462 0.833474 114.044 
0.829605 0.00972062 -0.558266 -104.02 -0.00285459 0.999909 0.0131685 -0.0985999 0.558343 -0.00933099 0.829557 114.356 
0.825493 0.0153703 -0.564203 -104.238 -0.00475283 0.999783 0.0202827 -0.103356 0.564393 -0.0140616 0.825387 114.655 
0.820518 0.0174797 -0.571353 -104.441 -0.00397068 0.999683 0.0248815 -0.11349 0.571606 -0.018147 0.820327 114.939 
0.814925 0.0150597 -0.579371 -104.628 0.000371254 0.999649 0.0265061 -0.121314 0.579567 -0.0218155 0.814633 115.197 
0.807559 0.0123452 -0.589658 -104.8 0.00401168 0.999643 0.0264228 -0.108641 0.589774 -0.0237034 0.807221 115.44 
0.798803 0.0108577 -0.601495 -104.984 0.00682952 0.999609 0.0271139 -0.102079 0.601554 -0.0257665 0.798416 115.668 
0.788287 0.0114528 -0.615201 -105.163 0.00721519 0.999586 0.0278538 -0.103073 0.615265 -0.0263956 0.787878 115.881 
0.776125 0.0131246 -0.630443 -105.341 0.00564719 0.999599 0.0277618 -0.111915 0.630554 -0.0251068 0.775739 116.065 
0.761881 0.0114418 -0.647616 -105.511 0.00605862 0.999674 0.0247894 -0.11088 0.647689 -0.0228102 0.761564 116.242 
0.747081 0.00900032 -0.664672 -105.681 0.00518619 0.999799 0.0193674 -0.111535 0.664713 -0.0179161 0.746884 116.4 
0.731576 0.00561928 -0.681737 -105.835 0.0057168 0.99988 0.0143763 -0.116499 0.681736 -0.0144146 0.731456 116.549 
0.716093 0.00637879 -0.697976 -106.003 0.00169799 0.999939 0.0108805 -0.125703 0.698003 -0.00897652 0.716038 116.687 
0.699955 0.0102135 -0.714114 -106.171 -0.00545249 0.999945 0.00895713 -0.129255 0.714167 -0.00237583 0.699972 116.816 
0.682323 0.0114807 -0.730961 -106.344 -0.00805358 0.999934 0.0081876 -0.117523 0.731006 0.000300307 0.682371 116.953 
0.663125 0.0100831 -0.748441 -106.513 -0.0049215 0.999946 0.00911088 -0.11201 0.748493 -0.00235815 0.663139 117.087 
0.64286 0.00941112 -0.765926 -106.694 -0.00212627 0.999943 0.0105019 -0.110046 0.765981 -0.00512262 0.642843 117.22 
0.620609 0.0110748 -0.784042 -106.882 -0.00188473 0.999918 0.0126322 -0.107355 0.784118 -0.00636191 0.62058 117.335 
0.596447 0.0154963 -0.802503 -107.078 -0.00561884 0.99987 0.0151313 -0.0983138 0.802633 -0.00451586 0.596457 117.441 
0.571934 0.0190586 -0.820078 -107.282 -0.00756501 0.99981 0.0179596 -0.088566 0.820265 -0.00406774 0.57197 117.543 
0.546201 0.0217354 -0.837372 -107.479 -0.00927786 0.999759 0.0198987 -0.081646 0.837603 -0.00309959 0.546271 117.638 
0.520559 0.0243365 -0.853479 -107.694 -0.0124178 0.999704 0.020932 -0.0725615 0.853736 -0.000297975 0.520707 117.723 
0.493696 0.0283733 -0.869172 -107.898 -0.0166611 0.999593 0.0231671 -0.0664837 0.869475 0.00304395 0.493967 117.8 
0.46634 0.0312783 -0.884053 -108.108 -0.0186033 0.9995 0.0255496 -0.0662572 0.88441 0.00453154 0.466689 117.865 
0.436578 0.0309405 -0.899134 -108.322 -0.017801 0.99951 0.0257512 -0.0677715 0.89949 0.00476316 0.436915 117.938 
0.40412 0.0279545 -0.914279 -108.549 -0.0178228 0.999584 0.0226849 -0.0671956 0.914532 0.00712761 0.40445 118.003 
0.369555 0.023767 -0.928905 -108.783 -0.0172441 0.999676 0.0187173 -0.063598 0.929049 0.00910112 0.369846 118.064 
0.330236 0.0211162 -0.943662 -109.047 -0.0169746 0.999721 0.0164303 -0.0517973 0.943746 0.0105924 0.330503 118.123 
0.288412 0.0192708 -0.957313 -109.332 -0.0163804 0.99975 0.0151901 -0.0363057 0.957366 0.0113002 0.288655 118.176 
0.244297 0.0176235 -0.96954 -109.636 -0.0158236 0.999774 0.014186 -0.0285902 0.969571 0.011876 0.244521 118.218 
0.197343 0.0145001 -0.980227 -109.948 -0.0144161 0.999825 0.0118877 -0.0166346 0.980229 0.0117852 0.197518 118.241 
0.148242 0.0133226 -0.988861 -110.273 -0.013609 0.999842 0.0114304 -0.0192047 0.988857 0.011763 0.1484 118.249 
0.0990433 0.0123516 -0.995007 -110.612 -0.0133518 0.999849 0.0110827 -0.00780301 0.994994 0.0121875 0.0991933 118.228 
0.0470639 0.0134026 -0.998802 -110.977 -0.0124384 0.99984 0.0128305 0.00225273 0.998814 0.0118196 0.0472231 118.2 
-0.00616833 0.0152747 -0.999864 -111.346 -0.00902781 0.999842 0.01533 0.0151575 0.99994 0.00912119 -0.00602945 118.16 
-0.0598406 0.0171877 -0.99806 -111.723 -0.00590133 0.999828 0.017572 0.0198149 0.998191 0.00694144 -0.0597289 118.098 
-0.113116 0.0189296 -0.993402 -112.112 -0.0019158 0.999813 0.0192699 0.0261172 0.99358 0.00408292 -0.113058 118.01 
-0.16608 0.0198008 -0.985914 -112.509 0.00022837 0.999799 0.0200412 0.0437931 0.986112 0.00310332 -0.166051 117.899 
-0.217234 0.0215129 -0.975883 -112.926 0.00246883 0.999766 0.0214898 0.0478574 0.976117 0.00225906 -0.217236 117.762 
-0.266777 0.022944 -0.963485 -113.348 0.00570866 0.999737 0.0222266 0.0563081 0.963742 0.000429362 -0.266837 117.604 
-0.31517 0.0248259 -0.948711 -113.779 0.0106482 0.999687 0.0226224 0.0615985 0.948976 -0.00297216 -0.315336 117.427 
-0.361612 0.0263527 -0.931956 -114.205 0.0154352 0.999633 0.0222773 0.0694557 0.932201 -0.00632915 -0.361886 117.22 
-0.405706 0.0283769 -0.913563 -114.648 0.0201451 0.999553 0.0221017 0.0759898 0.913782 -0.00943699 -0.406096 116.984 
