1 2.12261e-08 -2.11895e-08 -3.51628e-15 2.12261e-08 1 2.10703e-08 2.22045e-16 -2.11895e-08 2.10703e-08 1 -1.53766e-14 
0.999997 0.00241626 4.38586e-05 -0.018092 -0.00241628 0.999996 0.00142077 -0.017394 -4.0468e-05 -0.00142083 0.999999 0.776908 
0.999986 0.00532365 0.000100055 -0.0369276 -0.00532381 0.999984 0.00205232 -0.035442 -8.91699e-05 -0.00205278 0.999998 1.53683 
0.999979 0.00650157 0.000333505 -0.052822 -0.00650213 0.999977 0.00184095 -0.0567412 -0.000321571 -0.00184303 0.999998 2.27576 
0.999964 0.00842514 0.000471513 -0.0730726 -0.00842586 0.999963 0.00163845 -0.0720747 -0.000457734 -0.00164232 0.999999 3.00866 
0.999966 0.00821945 0.000648758 -0.0847488 -0.00822035 0.999965 0.00145499 -0.0853376 -0.000636819 -0.00146023 0.999999 3.7185 
0.999966 0.00824915 0.000466382 -0.0961773 -0.00825018 0.999963 0.00233796 -0.096931 -0.000447121 -0.00234168 0.999997 4.42466 
0.999964 0.0084868 0.000734772 -0.101981 -0.00849047 0.99995 0.0052021 -0.111982 -0.000690629 -0.00520811 0.999986 5.12057 
0.999962 0.00846379 0.0021683 -0.112589 -0.00848327 0.999922 0.00916066 -0.120491 -0.00209064 -0.00917866 0.999956 5.78144 
0.999968 0.00741434 0.00294246 -0.109667 -0.00745055 0.999894 0.012506 -0.128771 -0.00284947 -0.0125274 0.999918 6.42312 
0.999969 0.00662062 0.00417714 -0.11936 -0.00668244 0.999866 0.0149751 -0.139986 -0.00407748 -0.0150025 0.999879 7.04063 
0.999958 0.00745328 0.00534991 -0.121368 -0.00753198 0.999861 0.0148527 -0.150674 -0.00523851 -0.0148923 0.999875 7.63342 
0.999947 0.00824132 0.00618709 -0.123398 -0.00831763 0.999888 0.012417 -0.161968 -0.00608411 -0.0124678 0.999904 8.1894 
0.99994 0.0084914 0.00693457 -0.128265 -0.00855893 0.999916 0.00977381 -0.171701 -0.00685104 -0.00983253 0.999928 8.71859 
0.999946 0.00662706 0.00805 -0.121303 -0.00669452 0.999942 0.00838718 -0.17476 -0.007994 -0.00844057 0.999932 9.22831 
0.999947 0.00276074 0.00989502 -0.118524 -0.00282131 0.999977 0.00611648 -0.183364 -0.00987795 -0.00614403 0.999932 9.70655 
0.999929 0.00132679 0.0118043 -0.114216 -0.00138498 0.999987 0.00492629 -0.188354 -0.0117977 -0.00494225 0.999918 10.1533 
0.99989 0.00553535 0.013792 -0.120935 -0.00557974 0.999979 0.00318516 -0.202405 -0.0137741 -0.00326173 0.9999 10.5615 
0.999808 0.0100199 0.016847 -0.128015 -0.0100586 0.999947 0.00221252 -0.210939 -0.016824 -0.00238151 0.999856 10.9464 
0.999737 0.0102509 0.0205005 -0.131952 -0.0103244 0.999941 0.00348506 -0.220174 -0.0204636 -0.00369575 0.999784 11.2944 
0.9997 0.00609486 0.0237186 -0.129855 -0.00619077 0.999973 0.00397431 -0.22335 -0.0236938 -0.00411992 0.999711 11.6107 
0.999655 0.00146747 0.0262347 -0.111927 -0.00156925 0.999991 0.00386105 -0.227014 -0.0262288 -0.00390085 0.999648 11.907 
0.999602 -0.00180761 0.0281458 -0.093783 0.0016721 0.999987 0.0048389 -0.227519 -0.0281542 -0.00478987 0.999592 12.1725 
0.999516 -0.00207773 0.0310386 -0.0913714 0.00188997 0.99998 0.00607899 -0.23323 -0.0310507 -0.00601734 0.9995 12.4012 
0.999454 -0.00141829 0.0329975 -0.0864089 0.00124575 0.999985 0.00525 -0.24153 -0.0330045 -0.00520598 0.999442 12.6055 
0.999367 -0.000181688 0.0355767 -0.0925542 4.80766e-05 0.999993 0.0037576 -0.243469 -0.0355772 -0.00375347 0.99936 12.7823 
0.99927 0.00205472 0.0381412 -0.0901906 -0.00216848 0.999993 0.00294247 -0.249399 -0.0381349 -0.00302299 0.999268 12.9556 
0.999185 0.00500325 0.0400615 -0.0935301 -0.00509964 0.999984 0.00230519 -0.255465 -0.0400494 -0.00250757 0.999195 13.1157 
0.999126 0.00605634 0.0413618 -0.0907605 -0.00610839 0.999981 0.00113331 -0.26587 -0.0413542 -0.00138494 0.999144 13.2686 
0.999047 0.00504338 0.0433471 -0.084109 -0.00502432 0.999987 -0.000547668 -0.269587 -0.0433493 0.000329398 0.99906 13.4212 
0.999002 0.00362453 0.0445288 -0.0694192 -0.00353333 0.999992 -0.00212574 -0.269796 -0.0445361 0.00196632 0.999006 13.5701 
0.998956 0.00274373 0.0455963 -0.0573033 -0.00261069 0.999992 -0.00297621 -0.274242 -0.0456041 0.00285411 0.998956 13.7158 
0.998881 0.0033878 0.0471648 -0.0535574 -0.00318268 0.999985 -0.00442236 -0.275818 -0.0471791 0.00426734 0.998877 13.8462 
0.998809 0.00408352 0.0486132 -0.0553403 -0.00377757 0.999973 -0.0063828 -0.281178 -0.048638 0.0061916 0.998797 13.9701 
0.998776 0.00426955 0.0492757 -0.047557 -0.00385365 0.999956 -0.00853141 -0.283882 -0.04931 0.00833112 0.998749 14.0992 
0.998742 0.00338534 0.0500391 -0.0408086 -0.00286224 0.999941 -0.0105209 -0.290499 -0.0500717 0.0103645 0.998692 14.2224 
0.998764 0.00254134 0.0496385 -0.0364179 -0.00194536 0.999926 -0.0120502 -0.298127 -0.0496655 0.0119388 0.998695 14.3488 
0.998867 0.00214634 0.047542 -0.0360439 -0.0015147 0.99991 -0.0133171 -0.300173 -0.0475664 0.01323 0.998781 14.4698 
0.999005 0.00214455 0.0445454 -0.0358195 -0.00151763 0.999899 -0.0141019 -0.305704 -0.0445712 0.0140204 0.998908 14.5924 
0.999164 0.00258655 0.0407998 -0.0402337 -0.00196615 0.999882 -0.0152376 -0.310438 -0.0408345 0.0151447 0.999051 14.717 
0.999392 0.00289593 0.0347494 -0.0384872 -0.0023297 0.999864 -0.0163229 -0.312543 -0.034792 0.0162321 0.999263 14.8503 
0.999593 0.00304129 0.0283827 -0.050534 -0.00256137 0.999853 -0.0169284 -0.31603 -0.02843 0.0168489 0.999454 14.9737 
0.999776 0.00285513 0.0209903 -0.0513286 -0.00248485 0.999841 -0.0176436 -0.318012 -0.0210374 0.0175875 0.999624 15.1102 
0.999914 0.00282228 0.0128448 -0.0558443 -0.00258238 0.999823 -0.0186519 -0.321906 -0.0128952 0.0186171 0.999744 15.2475 
0.999996 0.00154124 0.00250535 -0.0586047 -0.00149051 0.999797 -0.0201104 -0.320983 -0.00253587 0.0201066 0.999795 15.3947 
0.999945 -0.000134527 -0.0104449 -0.0734119 -9.12326e-05 0.999766 -0.021615 -0.325531 0.0104453 0.0216148 0.999712 15.539 
0.999642 -0.000590638 -0.0267608 -0.0941845 -3.62944e-05 0.999726 -0.0234223 -0.331013 0.0267673 0.0234149 0.999367 15.6988 
0.998946 -0.000238118 -0.0458944 -0.124162 -0.00087713 0.999705 -0.0242796 -0.33627 0.0458866 0.0242943 0.998651 15.878 
0.997688 0.000510617 -0.0679537 -0.159639 -0.00214332 0.999711 -0.0239566 -0.339065 0.0679218 0.0240469 0.997401 16.0687 
0.995803 0.00107535 -0.0915123 -0.20859 -0.00316451 0.999738 -0.0226877 -0.342013 0.0914639 0.0228821 0.995546 16.2851 
0.992936 0.00182257 -0.11864 -0.263238 -0.00436565 0.999766 -0.0211793 -0.349211 0.118573 0.0215477 0.992712 16.5149 
0.988826 0.00263223 -0.149054 -0.330033 -0.00559255 0.999795 -0.0194454 -0.350735 0.148973 0.0200617 0.988638 16.7667 
0.983261 0.00240255 -0.182188 -0.412101 -0.00540036 0.999858 -0.0159604 -0.361735 0.182124 0.0166771 0.983134 17.03 
0.975693 0.00330131 -0.219116 -0.512168 -0.00608495 0.999909 -0.0120305 -0.365152 0.219056 0.0130714 0.975625 17.2992 
0.965783 0.00505266 -0.259304 -0.623237 -0.00704709 0.999952 -0.00676259 -0.367178 0.259258 0.00835857 0.965772 17.5899 
0.95349 0.00906704 -0.301289 -0.753541 -0.0100881 0.999947 -0.00183351 -0.372962 0.301257 0.00478773 0.953531 17.8881 
0.938921 0.0124836 -0.343905 -0.901063 -0.0123243 0.999921 0.00264899 -0.377832 0.343911 0.00175125 0.939001 18.1804 
0.921704 0.0145938 -0.38762 -1.06849 -0.0125064 0.999891 0.00790702 -0.376936 0.387693 -0.00244015 0.921785 18.4836 
0.90172 0.0177142 -0.431957 -1.24347 -0.0122112 0.999805 0.0155099 -0.378836 0.432148 -0.00871081 0.901761 18.795 
0.879058 0.0219687 -0.476208 -1.44565 -0.013017 0.999671 0.0220885 -0.378689 0.476537 -0.0132182 0.879055 19.1039 
0.853478 0.0268404 -0.520438 -1.67543 -0.0152811 0.999532 0.0264887 -0.375357 0.520905 -0.0146546 0.853489 19.4011 
0.824523 0.0297804 -0.565045 -1.91783 -0.0158452 0.999438 0.0295532 -0.3712 0.565607 -0.015414 0.824531 19.6972 
0.792858 0.0331231 -0.608506 -2.19557 -0.0180583 0.99936 0.0308695 -0.363121 0.609139 -0.0134865 0.792949 19.9863 
0.75784 0.0355577 -0.651471 -2.48098 -0.0181091 0.999276 0.0334752 -0.354945 0.652189 -0.0135712 0.757935 20.2791 
0.719783 0.0389328 -0.693107 -2.80368 -0.0187242 0.999152 0.0366789 -0.33577 0.693947 -0.0134229 0.719901 20.5606 
0.67975 0.0401189 -0.732346 -3.15069 -0.0166045 0.999089 0.0393194 -0.321337 0.733256 -0.0145671 0.679796 20.8372 
0.637827 0.0396259 -0.76916 -3.5282 -0.0135036 0.999097 0.040274 -0.306601 0.770062 -0.0153013 0.637786 21.1078 
0.594166 0.0382677 -0.803432 -3.92976 -0.00818787 0.999104 0.0415324 -0.288467 0.804301 -0.0180987 0.593947 21.3671 
0.549004 0.0385215 -0.834931 -4.35556 -0.00351237 0.999035 0.0437833 -0.274609 0.835812 -0.0211046 0.54861 21.6027 
0.50157 0.0399718 -0.864193 -4.8118 -0.00203567 0.998984 0.0450248 -0.253928 0.865115 -0.0208238 0.501142 21.8237 
0.451411 0.0396049 -0.891437 -5.28384 -0.000536614 0.999026 0.0441132 -0.234529 0.892316 -0.0194348 0.450993 22.0132 
0.399036 0.0382679 -0.916136 -5.78342 0.00414642 0.999043 0.043537 -0.21044 0.916926 -0.0211715 0.398496 22.1828 
0.34501 0.0375928 -0.937846 -6.3061 0.00912441 0.999016 0.0434014 -0.192685 0.938555 -0.0235312 0.344328 22.3364 
0.290654 0.0366169 -0.956127 -6.85384 0.0115854 0.99906 0.041783 -0.168795 0.956758 -0.0232215 0.289957 22.4627 
0.23666 0.0424257 -0.970666 -7.43193 0.0124326 0.998832 0.046688 -0.142627 0.971513 -0.023117 0.235856 22.5651 
0.18506 0.0475971 -0.981574 -8.03242 0.0149085 0.998576 0.0512323 -0.118074 0.982614 -0.0241148 0.184087 22.6358 
0.136432 0.0485976 -0.989457 -8.6513 0.0202971 0.998449 0.051838 -0.0902475 0.990441 -0.0271554 0.135235 22.6901 
0.0917683 0.0501202 -0.994518 -9.29857 0.0224106 0.998376 0.0523825 -0.0681168 0.995528 -0.0270948 0.090496 22.7221 
0.05134 0.0482492 -0.997515 -9.94953 0.0216686 0.998543 0.0494141 -0.0414069 0.998446 -0.0241516 0.0502197 22.7194 
0.0159099 0.0435693 -0.998924 -10.5967 0.0182733 0.998871 0.043858 -0.00942523 0.999706 -0.0189514 0.0150958 22.6952 
-0.012351 0.0433597 -0.998983 -11.2657 0.0155284 0.998947 0.0431661 0.0175205 0.999803 -0.0149794 -0.0130113 22.6446 
-0.0334429 0.0471714 -0.998327 -11.9811 0.0138861 0.998811 0.0467291 0.0486512 0.999344 -0.0123001 -0.0340582 22.5971 
-0.0465363 0.0527229 -0.997524 -12.7056 0.0154389 0.998525 0.0520555 0.0791291 0.998797 -0.0129781 -0.0472816 22.5438 
-0.0548893 0.055617 -0.996942 -13.4552 0.0147344 0.998384 0.0548862 0.105534 0.998384 -0.0116766 -0.0556201 22.483 
-0.0585966 0.0530446 -0.996871 -14.2203 0.016052 0.998508 0.0521882 0.134662 0.998153 -0.0129437 -0.0593607 22.4186 
-0.0580266 0.0493077 -0.997097 -15.0031 0.0235219 0.99857 0.0480117 0.171956 0.998038 -0.0206677 -0.0591034 22.3716 
-0.0537589 0.0478196 -0.997408 -15.8221 0.0354411 0.998315 0.0459528 0.211163 0.997925 -0.0328788 -0.0553631 22.3345 
-0.0484538 0.0480362 -0.99767 -16.6472 0.0361066 0.998274 0.0463117 0.24001 0.998173 -0.0337784 -0.0501046 22.2887 
-0.0428371 0.0466884 -0.997991 -17.4903 0.0342366 0.998389 0.0452375 0.26353 0.998495 -0.0322299 -0.0443666 22.2168 
-0.0399559 0.0403809 -0.998385 -18.3675 0.0383892 0.998507 0.0388495 0.296402 0.998464 -0.0367749 -0.0414464 22.1862 
-0.0376358 0.0297871 -0.998848 -19.2134 0.0357274 0.998957 0.0284441 0.321753 0.998653 -0.0346157 -0.0386608 22.1249 
-0.0375314 0.021314 -0.999068 -20.1168 0.0284805 0.999389 0.0202509 0.340292 0.99889 -0.0276939 -0.0381156 22.074 
-0.0387905 0.0179325 -0.999086 -21.0633 0.0226284 0.999598 0.0170631 0.370541 0.998991 -0.0219458 -0.0391807 22.0125 
-0.0425238 0.0238225 -0.998811 -22.0105 0.0137266 0.999635 0.0232577 0.379971 0.999001 -0.0127213 -0.0428353 21.9413 
-0.0477065 0.0317825 -0.998356 -22.999 0.00907131 0.999466 0.0313844 0.399095 0.99882 -0.00755911 -0.0479693 21.8651 
-0.0525706 0.0411189 -0.99777 -24.02 0.00726267 0.999141 0.0407927 0.433424 0.998591 -0.00510194 -0.052824 21.7956 
-0.0539621 0.0508931 -0.997245 -25.077 0.00611346 0.998698 0.0506364 0.477413 0.998524 -0.00336413 -0.054203 21.7103 
-0.0549878 0.058558 -0.996768 -26.1071 0.00821127 0.998272 0.0581934 0.519183 0.998453 -0.00498477 -0.0553736 21.6375 
-0.0565681 0.0590772 -0.996649 -27.1349 0.00938432 0.998235 0.0586385 0.568701 0.998355 -0.00603577 -0.0570226 21.5653 
-0.0580412 0.0563274 -0.996724 -28.1564 0.0081905 0.9984 0.0559452 0.610516 0.998281 -0.0049165 -0.0584097 21.4805 
-0.0609404 0.05168 -0.996803 -29.1707 0.00802573 0.998652 0.0512852 0.646926 0.998109 -0.00487469 -0.061273 21.3989 
-0.0654229 0.0466692 -0.996766 -30.1891 0.00799426 0.998898 0.0462443 0.67944 0.997826 -0.00494293 -0.0657239 21.3096 
-0.0712615 0.0421544 -0.996567 -31.2156 0.00856622 0.999096 0.0416488 0.711898 0.997421 -0.00556881 -0.0715582 21.2223 
-0.0781848 0.0403303 -0.996123 -32.2534 0.00759353 0.999177 0.0398579 0.740499 0.99691 -0.00444776 -0.0784267 21.115 
-0.0836138 0.042643 -0.995585 -33.34 0.00747598 0.999083 0.0421649 0.779936 0.99647 -0.00391737 -0.0838559 20.9725 
-0.089493 0.0475099 -0.994854 -34.429 0.0061284 0.998869 0.0471503 0.814749 0.995969 -0.0018772 -0.0896829 20.8408 
-0.0954282 0.0503163 -0.994164 -35.5096 0.00369688 0.998733 0.0501927 0.851625 0.995429 0.00111453 -0.0954932 20.7104 
-0.100219 0.0522866 -0.993591 -36.5845 0.000412225 0.99862 0.0525097 0.89734 0.994965 0.00485293 -0.100102 20.5753 
-0.102727 0.0534986 -0.99327 -37.6612 -0.00383747 0.998524 0.0541785 0.937677 0.994702 0.00937727 -0.10237 20.4337 
-0.104424 0.0545041 -0.993038 -38.7387 -0.00771877 0.998423 0.0556113 0.983942 0.994503 0.0134722 -0.103839 20.2905 
-0.106103 0.0543947 -0.992866 -39.8356 -0.00944968 0.998402 0.0557079 1.02665 0.99431 0.0152931 -0.10542 20.1514 
-0.107491 0.0533838 -0.992772 -40.9345 -0.00960453 0.998455 0.0547293 1.07541 0.99416 0.015418 -0.106812 20.0034 
-0.108296 0.0525954 -0.992726 -42.0243 -0.0111993 0.998472 0.0541215 1.12033 0.994056 0.016979 -0.107541 19.8557 
-0.108916 0.0516153 -0.99271 -43.1107 -0.0130854 0.99849 0.0533515 1.16235 0.993965 0.0188009 -0.108076 19.7062 
-0.109318 0.0488611 -0.992805 -44.1997 -0.0173704 0.998545 0.0510562 1.2067 0.993855 0.0228268 -0.10831 19.5544 
-0.108621 0.0437998 -0.993118 -45.3003 -0.023016 0.99865 0.0465611 1.25039 0.993817 0.0279151 -0.107467 19.3861 
-0.108017 0.0431718 -0.993211 -46.395 -0.024242 0.998645 0.0460444 1.29165 0.993853 0.0290511 -0.106824 19.2449 
-0.106894 0.0469635 -0.993161 -47.5231 -0.0249429 0.998443 0.0498979 1.33796 0.993958 0.0301062 -0.105556 19.1087 
-0.105254 0.050344 -0.99317 -48.6364 -0.024972 0.998269 0.0532489 1.37395 0.994132 0.0304061 -0.103815 18.9744 
-0.104028 0.049991 -0.993317 -49.7333 -0.0227249 0.998356 0.0526246 1.41903 0.994315 0.0280476 -0.102721 18.848 
-0.101442 0.0495464 -0.993607 -50.8723 -0.0221258 0.9984 0.0520443 1.46048 0.994595 0.0272639 -0.100183 18.7073 
-0.0963634 0.0497824 -0.994101 -52.0224 -0.0270716 0.998248 0.0526142 1.51039 0.994978 0.031982 -0.0948469 18.5514 
-0.0900948 0.0505932 -0.994647 -53.1634 -0.0322958 0.998035 0.0536909 1.55571 0.995409 0.0369603 -0.0882839 18.4107 
-0.0841892 0.0499886 -0.995195 -54.2976 -0.0360811 0.997933 0.0531784 1.59999 0.995796 0.0403848 -0.0822116 18.2876 
-0.0787255 0.0493589 -0.995674 -55.4054 -0.0374464 0.997922 0.0524312 1.64475 0.996193 0.0414121 -0.0767136 18.1827 
-0.0730996 0.0488914 -0.996126 -56.5368 -0.0366434 0.997992 0.051672 1.68474 0.996651 0.0402786 -0.0711612 18.0804 
-0.0679712 0.0491303 -0.996477 -57.6742 -0.0346894 0.998067 0.0515749 1.72265 0.997084 0.0380728 -0.0661354 17.9863 
-0.0626165 0.0499131 -0.996789 -58.8126 -0.0332857 0.998089 0.0520692 1.76431 0.997482 0.0364392 -0.0608355 17.9014 
-0.0578448 0.0516658 -0.996988 -59.9607 -0.0318253 0.998057 0.0535677 1.80754 0.997818 0.0348281 -0.0560881 17.8282 
-0.0530779 0.0525222 -0.997208 -61.123 -0.032314 0.998003 0.054284 1.85568 0.998067 0.0351051 -0.0512747 17.7607 
-0.0476108 0.0520675 -0.997508 -62.2794 -0.0318448 0.998054 0.0536159 1.89787 0.998358 0.0343182 -0.0458601 17.6828 
-0.0428698 0.0472388 -0.997963 -63.4108 -0.032557 0.998285 0.0486526 1.9486 0.99855 0.0345765 -0.0412584 17.6129 
-0.0388348 0.0416444 -0.998378 -64.5621 -0.0321647 0.998561 0.0429032 1.98977 0.998728 0.0337786 -0.0374394 17.558 
-0.0350522 0.0408387 -0.998551 -65.7194 -0.0312869 0.99863 0.0419402 2.028 0.998896 0.0327117 -0.0337265 17.4988 
-0.0322021 0.0431142 -0.998551 -66.8787 -0.0310025 0.998545 0.0441138 2.06098 0.999 0.0323782 -0.0308186 17.4448 
-0.0300271 0.0425437 -0.998643 -68.0407 -0.0311692 0.998568 0.0434777 2.09799 0.999063 0.0324325 -0.028658 17.3852 
-0.0288751 0.0418192 -0.998708 -69.2169 -0.0332179 0.998533 0.0427723 2.14039 0.999031 0.0344101 -0.0274436 17.3197 
-0.0274364 0.0429557 -0.9987 -70.3873 -0.0346815 0.998434 0.043897 2.16906 0.999022 0.0358408 -0.0259036 17.2517 
-0.0261968 0.0424797 -0.998754 -71.5609 -0.0358038 0.998416 0.0434044 2.20531 0.999015 0.0368962 -0.0246344 17.1958 
-0.0249956 0.04067 -0.99886 -72.738 -0.0365247 0.998468 0.041568 2.23605 0.99902 0.0375221 -0.0234718 17.1409 
-0.024649 0.0396992 -0.998908 -73.9144 -0.0343548 0.998587 0.0405342 2.26202 0.999106 0.0353164 -0.0232503 17.1005 
-0.024443 0.039508 -0.99892 -75.098 -0.0314447 0.998694 0.0402685 2.29631 0.999207 0.0323951 -0.0231687 17.0554 
-0.024436 0.0401305 -0.998896 -76.2796 -0.0293699 0.998734 0.0408425 2.32864 0.99927 0.0303356 -0.0232265 17.0123 
-0.0243943 0.0426359 -0.998793 -77.4591 -0.0300555 0.998607 0.0433621 2.36282 0.999251 0.0310771 -0.0230789 16.9584 
-0.0240735 0.0468401 -0.998612 -78.6232 -0.0327065 0.99833 0.0476153 2.38731 0.999175 0.0338074 -0.0225013 16.9023 
-0.0235004 0.0473032 -0.998604 -79.7991 -0.0338394 0.99827 0.0480838 2.41857 0.999151 0.0349222 -0.021859 16.8573 
-0.0224481 0.04491 -0.998739 -80.9572 -0.0353136 0.998332 0.0456854 2.45517 0.999124 0.0362947 -0.0208247 16.7966 
-0.0224971 0.0423422 -0.99885 -82.1562 -0.0350241 0.998456 0.0431144 2.49017 0.999133 0.0359539 -0.0209794 16.7528 
-0.0226335 0.0418457 -0.998868 -83.326 -0.0324856 0.998565 0.0425691 2.52053 0.999216 0.0334123 -0.0212416 16.7121 
-0.0227777 0.0435248 -0.998793 -84.5135 -0.0311302 0.998537 0.0442236 2.55346 0.999256 0.0320999 -0.0213895 16.6721 
-0.0219973 0.0460842 -0.998695 -85.6859 -0.0308862 0.998429 0.0467522 2.58969 0.999281 0.0318744 -0.0205394 16.6215 
-0.0217862 0.04875 -0.998573 -86.8802 -0.0308992 0.998301 0.0494108 2.62595 0.999285 0.0319316 -0.0202429 16.5743 
-0.0215277 0.0492315 -0.998555 -88.0461 -0.0326027 0.998221 0.0499179 2.65782 0.999237 0.0336303 -0.0198843 16.5221 
-0.020929 0.0470928 -0.998671 -89.1922 -0.0323337 0.998336 0.0477546 2.69514 0.999258 0.0332902 -0.0193715 16.4721 
-0.0205763 0.0456499 -0.998746 -90.357 -0.0307417 0.998456 0.04627 2.73385 0.999316 0.0316552 -0.0191412 16.4285 
-0.0207127 0.0465295 -0.998702 -91.5051 -0.0298701 0.998442 0.0471368 2.77385 0.999339 0.0308077 -0.0192906 16.3869 
-0.020528 0.0495622 -0.99856 -92.69 -0.028053 0.998349 0.0501284 2.81144 0.999396 0.0290417 -0.0191037 16.3478 
-0.020542 0.0521145 -0.99843 -93.8858 -0.0268153 0.998253 0.0526569 2.85319 0.999429 0.0278549 -0.0191086 16.3076 
-0.0201915 0.0538688 -0.998344 -95.0599 -0.0272819 0.998146 0.0544099 2.89453 0.999424 0.0283353 -0.0186844 16.2684 
-0.0202118 0.0556874 -0.998244 -96.2373 -0.0297893 0.997971 0.0562753 2.93929 0.999352 0.0308744 -0.0185119 16.2258 
-0.0199785 0.0546502 -0.998306 -97.4071 -0.0316343 0.997971 0.055265 2.98532 0.9993 0.0326848 -0.0182092 16.1855 
-0.020108 0.0505638 -0.998518 -98.5846 -0.0339101 0.998111 0.051226 3.03162 0.999223 0.03489 -0.0183554 16.1334 
-0.020161 0.0486459 -0.998613 -99.7351 -0.0347579 0.998178 0.0493264 3.07329 0.999192 0.0357042 -0.0184334 16.0912 
-0.0201006 0.0471335 -0.998686 -100.88 -0.0350599 0.998241 0.0478181 3.11041 0.999183 0.035975 -0.0184127 16.046 
-0.0203382 0.0472113 -0.998678 -102.046 -0.0329629 0.99831 0.0478652 3.15697 0.99925 0.0338929 -0.0187476 16.0092 
-0.0207154 0.0494894 -0.99856 -103.207 -0.0333005 0.998186 0.0501617 3.19418 0.999231 0.0342917 -0.0190298 15.9697 
-0.0213603 0.05185 -0.998426 -104.357 -0.0318724 0.998111 0.0525155 3.22522 0.999264 0.032944 -0.0196674 15.9374 
-0.0222753 0.0503896 -0.998481 -105.524 -0.0345263 0.998095 0.0511403 3.27465 0.999156 0.035613 -0.020493 15.894 
-0.0229679 0.0516498 -0.998401 -106.686 -0.0387144 0.99787 0.0525129 3.31605 0.998986 0.0398586 -0.0209194 15.8448 
-0.0231254 0.050556 -0.998453 -107.856 -0.042254 0.997779 0.0515005 3.36102 0.998839 0.0433796 -0.0209379 15.7898 
-0.0234631 0.0467537 -0.998631 -109.034 -0.0431686 0.997927 0.047735 3.40267 0.998792 0.0442296 -0.0213962 15.7413 
-0.0241296 0.0422752 -0.998815 -110.217 -0.0428676 0.998143 0.0432824 3.4506 0.998789 0.0438612 -0.0222725 15.6935 
-0.0254356 0.0412745 -0.998824 -111.423 -0.0391125 0.998341 0.0422506 3.49241 0.998911 0.0401412 -0.023779 15.6496 
-0.0258672 0.0408224 -0.998832 -112.632 -0.0346574 0.998529 0.0417076 3.52658 0.999064 0.0356958 -0.0244143 15.5973 
-0.0266783 0.0424691 -0.998742 -113.858 -0.033588 0.998495 0.0433558 3.57154 0.99908 0.0347024 -0.0252117 15.5441 
-0.0278553 0.0465506 -0.998528 -115.087 -0.0329999 0.998328 0.0474618 3.6071 0.999067 0.0342735 -0.0262726 15.5028 
-0.0280404 0.0463661 -0.998531 -116.323 -0.0316821 0.998381 0.0472488 3.65921 0.999105 0.0329604 -0.026526 15.4298 
-0.0284081 0.04149 -0.998735 -117.584 -0.0319486 0.99859 0.0423927 3.7117 0.999086 0.0331125 -0.0270425 15.3706 
-0.0290124 0.038269 -0.998846 -118.85 -0.0323326 0.998708 0.0392029 3.74647 0.999056 0.0334327 -0.0277376 15.3038 
-0.0294866 0.0366858 -0.998892 -120.112 -0.0316342 0.998791 0.0376159 3.78408 0.999065 0.0327083 -0.0282904 15.2345 
-0.030359 0.0382058 -0.998809 -121.363 -0.0339058 0.998655 0.0392305 3.8152 0.998964 0.0350564 -0.0290228 15.1742 
-0.0303017 0.0429759 -0.998617 -122.62 -0.0396095 0.998239 0.0441616 3.84997 0.998756 0.0408929 -0.0285461 15.0902 
-0.0302878 0.0457396 -0.998494 -123.893 -0.0445085 0.9979 0.0470625 3.89384 0.99855 0.045867 -0.0281884 15.0141 
-0.030383 0.045157 -0.998518 -125.155 -0.0517508 0.997568 0.0466887 3.9389 0.998198 0.0530926 -0.0279722 14.9377 
-0.0304647 0.0434635 -0.99859 -126.414 -0.0549955 0.997468 0.0450924 3.97315 0.998022 0.0562918 -0.0279973 14.8732 
-0.0315876 0.0421458 -0.998612 -127.681 -0.0571315 0.997401 0.0439018 4.01209 0.997867 0.058439 -0.0290976 14.8121 
-0.0328447 0.041746 -0.998588 -128.937 -0.0569525 0.997426 0.0435706 4.04328 0.997837 0.0583032 -0.0303826 14.751 
-0.0338065 0.040941 -0.99859 -130.19 -0.0543818 0.997605 0.0427417 4.07707 0.997948 0.0557501 -0.0314991 14.696 
-0.0343449 0.0417856 -0.998536 -131.443 -0.0544197 0.997565 0.0436167 4.10726 0.997927 0.0558381 -0.0319873 14.6339 
-0.0351444 0.0467923 -0.998286 -132.723 -0.0540163 0.997354 0.0486502 4.14733 0.997921 0.0556335 -0.0325238 14.5656 
-0.0363106 0.0510126 -0.998038 -134.011 -0.0524275 0.997224 0.0528785 4.18839 0.997964 0.0542447 -0.0335353 14.5099 
-0.037457 0.0495787 -0.998068 -135.257 -0.0523703 0.997299 0.0515059 4.22941 0.997925 0.0541984 -0.0347593 14.4597 
-0.0368367 0.0483819 -0.998149 -136.508 -0.0517535 0.997395 0.0502553 4.27398 0.99798 0.053509 -0.0342368 14.3899 
-0.0362433 0.0477799 -0.9982 -137.774 -0.050719 0.997481 0.049587 4.31559 0.998055 0.052425 -0.0337286 14.3349 
-0.0356534 0.0470626 -0.998255 -139.023 -0.0507062 0.997519 0.0488388 4.3554 0.998077 0.0523591 -0.0331786 14.27 
-0.0357798 0.0492051 -0.998148 -140.284 -0.0508606 0.997403 0.0509915 4.39908 0.998065 0.0525908 -0.0331843 14.2149 
-0.0355548 0.0529798 -0.997962 -141.535 -0.0516499 0.997162 0.0547775 4.44053 0.998032 0.0534923 -0.0327175 14.154 
-0.0348615 0.0538818 -0.997939 -142.792 -0.0532556 0.997027 0.0556929 4.48798 0.997972 0.0550874 -0.0318883 14.0917 
-0.0339901 0.0511712 -0.998111 -144.047 -0.0553849 0.997057 0.0530032 4.53592 0.997886 0.0570819 -0.0310559 14.0246 
-0.0339061 0.0483587 -0.998254 -145.299 -0.0544578 0.997255 0.05016 4.58093 0.99794 0.0560635 -0.0311795 13.9585 
-0.0338196 0.0469379 -0.998325 -146.553 -0.0517076 0.997477 0.0486496 4.6222 0.998089 0.0532664 -0.0313072 13.8894 
-0.034669 0.0461444 -0.998333 -147.8 -0.0494687 0.99763 0.0478298 4.66513 0.998174 0.0510445 -0.0323041 13.8392 
-0.0349517 0.0465429 -0.998305 -149.058 -0.0465134 0.997757 0.0481458 4.70306 0.998306 0.0481174 -0.0327085 13.7764 
-0.0354061 0.04494 -0.998362 -150.303 -0.0447315 0.997916 0.0465062 4.74644 0.998371 0.0463049 -0.033322 13.7184 
-0.0355181 0.0450576 -0.998353 -151.552 -0.0438351 0.997951 0.046599 4.78976 0.998407 0.0454181 -0.0334702 13.6471 
-0.0362057 0.0476979 -0.998205 -152.793 -0.0415627 0.997924 0.049192 4.83179 0.99848 0.0432691 -0.0341481 13.5931 
-0.0373531 0.0491642 -0.998092 -154.019 -0.0384443 0.997979 0.0505974 4.86894 0.998562 0.040261 -0.0353875 13.5441 
-0.0377087 0.0480147 -0.998135 -155.238 -0.0361104 0.998127 0.0493786 4.90726 0.998636 0.0379051 -0.0359042 13.481 
-0.0385785 0.0486601 -0.99807 -156.461 -0.0378076 0.998027 0.0501194 4.94445 0.99854 0.0396682 -0.0366626 13.4105 
-0.0393152 0.0535215 -0.997792 -157.709 -0.0385219 0.997741 0.0550366 4.98908 0.998484 0.0406007 -0.0371647 13.3471 
-0.0392777 0.0598688 -0.997433 -158.954 -0.0437087 0.997145 0.0615727 5.03881 0.998272 0.046015 -0.0365488 13.2722 
-0.0375413 0.0592087 -0.99754 -160.199 -0.0481825 0.996975 0.0609885 5.10385 0.998133 0.0503535 -0.0345749 13.1779 
-0.0362972 0.0554543 -0.997801 -161.436 -0.051672 0.997019 0.0572905 5.15782 0.998004 0.0536379 -0.0333236 13.104 
-0.0345013 0.0497009 -0.998168 -162.675 -0.053968 0.997213 0.0515187 5.20877 0.997946 0.0556466 -0.0317229 13.0296 
-0.0331344 0.0481725 -0.998289 -163.924 -0.0563366 0.99716 0.0499879 5.25018 0.997862 0.0578966 -0.0303264 12.9496 
-0.0317534 0.0453479 -0.998467 -165.121 -0.0518128 0.997552 0.0469541 5.28414 0.998152 0.0532243 -0.0293261 12.8886 
-0.0317692 0.040418 -0.998678 -166.345 -0.0480042 0.997967 0.0419163 5.32851 0.998342 0.0492724 -0.0297644 12.8342 
-0.0327566 0.0372159 -0.99877 -167.564 -0.0421892 0.998364 0.0385844 5.35993 0.998573 0.0434012 -0.031133 12.7879 
-0.0339332 0.0400533 -0.998621 -168.781 -0.0398845 0.998346 0.0413976 5.3931 0.998628 0.0412343 -0.0322796 12.729 
-0.0333126 0.0465722 -0.998359 -170.027 -0.040176 0.998044 0.0478981 5.42315 0.998637 0.0417057 -0.0313764 12.6648 
-0.0319823 0.0494904 -0.998262 -171.243 -0.041838 0.997832 0.0508095 5.46367 0.998612 0.0433903 -0.0298424 12.5976 
-0.0308818 0.0461871 -0.998455 -172.459 -0.0427501 0.997957 0.0474862 5.50586 0.998608 0.0441505 -0.0288442 12.544 
-0.0308385 0.0461431 -0.998459 -173.683 -0.0455346 0.997832 0.0475205 5.54844 0.998487 0.0469299 -0.0286705 12.4866 
-0.0300168 0.0477049 -0.99841 -174.904 -0.0436909 0.997843 0.0489913 5.58118 0.998594 0.045092 -0.0278678 12.4325 
-0.0296402 0.0453613 -0.998531 -176.105 -0.0440105 0.997942 0.046641 5.6208 0.998591 0.0453283 -0.0275828 12.3763 
-0.0278235 0.0437376 -0.998656 -177.289 -0.0437555 0.998032 0.0449293 5.65822 0.998655 0.0449468 -0.0258549 12.3193 
-0.0263031 0.0454641 -0.99862 -178.429 -0.0455149 0.997875 0.046629 5.68537 0.998617 0.0466786 -0.0241779 12.2646 
-0.0253466 0.0476751 -0.998541 -179.534 -0.0451324 0.997789 0.0487848 5.70515 0.998659 0.0463031 -0.0231388 12.2181 
-0.0254718 0.0492127 -0.998464 -180.648 -0.0455166 0.997695 0.050336 5.73197 0.998639 0.0467289 -0.023173 12.1785 
-0.0255377 0.0510019 -0.998372 -181.726 -0.0466567 0.997549 0.0521533 5.75401 0.998585 0.0479127 -0.0230955 12.1371 
-0.0261988 0.0517627 -0.998316 -182.788 -0.0453623 0.997568 0.0529144 5.78581 0.998627 0.0466722 -0.023787 12.0979 
-0.0257467 0.0510743 -0.998363 -183.811 -0.0458534 0.997583 0.0522169 5.81726 0.998616 0.0471228 -0.0233425 12.0503 
-0.0247785 0.051008 -0.998391 -184.803 -0.0462461 0.99757 0.0521139 5.84451 0.998623 0.047463 -0.0223594 12.0132 
-0.0227412 0.0515752 -0.99841 -185.774 -0.046932 0.997512 0.0525978 5.87907 0.998639 0.0480536 -0.0202641 11.9579 
-0.0239334 0.0503182 -0.998446 -186.717 -0.0453314 0.997651 0.0513647 5.90069 0.998685 0.0464903 -0.0215962 11.9226 
-0.0273735 0.0470247 -0.998519 -187.681 -0.0426704 0.997927 0.0481667 5.93353 0.998714 0.0439257 -0.0253102 11.8859 
-0.0334483 0.0436707 -0.998486 -188.613 -0.0421341 0.998095 0.0450651 5.95639 0.998552 0.0435777 -0.0315446 11.8507 
-0.0387251 0.0409841 -0.998409 -189.555 -0.0440426 0.998118 0.0426804 5.97927 0.998279 0.0456253 -0.0368471 11.7917 
-0.0430947 0.0406751 -0.998243 -190.475 -0.0466469 0.997999 0.042679 5.99431 0.997981 0.0484042 -0.0411111 11.7356 
-0.0464152 0.0409708 -0.998082 -191.424 -0.0479452 0.997916 0.0431936 6.02828 0.997771 0.0498581 -0.0443541 11.6769 
-0.048801 0.0429597 -0.997884 -192.377 -0.0469484 0.997872 0.0452552 6.05521 0.997705 0.0490576 -0.0466802 11.6203 
-0.0506745 0.044647 -0.997717 -193.326 -0.0441983 0.997921 0.046901 6.08326 0.997737 0.0464741 -0.0485958 11.564 
-0.0528675 0.04483 -0.997595 -194.251 -0.0420688 0.998005 0.0470779 6.11356 0.997715 0.0444566 -0.050876 11.5107 
-0.0539658 0.043741 -0.997584 -195.165 -0.0425251 0.998033 0.0460612 6.13989 0.997637 0.0449081 -0.0519996 11.4454 
-0.0547873 0.0426657 -0.997586 -196.071 -0.0447534 0.997978 0.0451403 6.16379 0.997495 0.0471185 -0.0527671 11.3764 
-0.0548956 0.0417507 -0.997619 -196.971 -0.0482211 0.997849 0.0444138 6.18863 0.997327 0.0505445 -0.0527642 11.3098 
-0.0542305 0.039933 -0.99773 -197.889 -0.0506987 0.997801 0.0426915 6.2152 0.997241 0.0528988 -0.0520867 11.2402 
-0.0534237 0.0370373 -0.997885 -198.795 -0.0509566 0.997909 0.0397662 6.24144 0.997271 0.0529733 -0.0514247 11.1749 
-0.0528106 0.0348181 -0.997997 -199.705 -0.0506133 0.998014 0.0374969 6.26249 0.997321 0.0524922 -0.0509435 11.1003 
-0.05325 0.0346622 -0.997979 -200.63 -0.0512452 0.997986 0.0373967 6.28391 0.997265 0.0531331 -0.0513665 11.0459 
-0.0521835 0.0374025 -0.997937 -201.565 -0.0491668 0.99799 0.0399755 6.30859 0.997426 0.0511515 -0.0502396 10.9748 
-0.0522227 0.0382464 -0.997903 -202.507 -0.0491052 0.997959 0.0408183 6.33951 0.997427 0.0511339 -0.050238 10.9088 
-0.051802 0.0347521 -0.998053 -203.452 -0.0446998 0.998312 0.0370812 6.36115 0.997657 0.0465336 -0.0501611 10.8512 
-0.0513777 0.0313796 -0.998186 -204.397 -0.0430765 0.998506 0.0336069 6.38864 0.99775 0.044725 -0.0499492 10.7851 
-0.0515481 0.0313755 -0.998178 -205.337 -0.0479651 0.998275 0.0338556 6.41365 0.997518 0.0496229 -0.0499543 10.718 
-0.0502288 0.0351684 -0.998118 -206.295 -0.04909 0.998085 0.0376376 6.4356 0.997531 0.0508882 -0.0484062 10.6485 
-0.0478227 0.0343831 -0.998264 -207.244 -0.0473592 0.998205 0.0366499 6.46378 0.997733 0.0490297 -0.0461085 10.581 
-0.0449824 0.0351212 -0.99837 -208.227 -0.0460468 0.998247 0.0371915 6.50355 0.997926 0.0476447 -0.0432863 10.506 
-0.0434997 0.0396338 -0.998267 -209.221 -0.0469261 0.998029 0.0416692 6.53111 0.997951 0.0486574 -0.0415541 10.4402 
-0.0415799 0.0440644 -0.998163 -210.216 -0.0447715 0.997941 0.0459196 6.55633 0.998132 0.0465986 -0.0395215 10.3811 
-0.0408468 0.0443242 -0.998182 -211.223 -0.0439605 0.997968 0.0461136 6.5919 0.998198 0.0457642 -0.0388153 10.3299 
-0.0389633 0.0447404 -0.998239 -212.218 -0.0473695 0.997791 0.0465693 6.62683 0.998117 0.0491006 -0.036758 10.2725 
-0.0365863 0.046265 -0.998259 -213.231 -0.0501681 0.997583 0.0480723 6.66419 0.99807 0.0518395 -0.0341768 10.219 
-0.0329817 0.0465348 -0.998372 -214.25 -0.0516258 0.997503 0.0481997 6.6987 0.998122 0.0531315 -0.030497 10.1639 
-0.0298795 0.0439282 -0.998588 -215.274 -0.0538967 0.99751 0.0454934 6.7294 0.998099 0.0551799 -0.0274375 10.1118 
-0.0273477 0.0407041 -0.998797 -216.329 -0.0539552 0.997654 0.0421349 6.76765 0.998169 0.0550426 -0.0250874 10.0694 
-0.0263101 0.0398977 -0.998857 -217.367 -0.0520794 0.997792 0.0412269 6.79842 0.998296 0.0531046 -0.0241741 10.0358 
-0.0248425 0.0420616 -0.998806 -218.427 -0.0531464 0.997646 0.0433346 6.83002 0.998278 0.0541595 -0.0225486 9.99047 
-0.0236176 0.0456327 -0.998679 -219.491 -0.0548422 0.997394 0.0468709 6.85824 0.998216 0.0558768 -0.0210535 9.94304 
-0.0224908 0.045333 -0.998719 -220.553 -0.0548616 0.99741 0.0465091 6.89034 0.998241 0.0558374 -0.0199455 9.90691 
-0.0218578 0.0424232 -0.998861 -221.618 -0.0544113 0.997568 0.043559 6.9268 0.998279 0.0553015 -0.0194963 9.86861 
-0.0220392 0.0393563 -0.998982 -222.703 -0.0514366 0.997857 0.0404467 6.96387 0.998433 0.0522757 -0.0199676 9.83702 
-0.0218155 0.0382502 -0.99903 -223.807 -0.0505845 0.997946 0.0393133 6.99836 0.998482 0.0513932 -0.0198358 9.79214 
-0.0214093 0.037578 -0.999064 -224.914 -0.0508073 0.997961 0.0386253 7.02442 0.998479 0.0515868 -0.0194564 9.74276 
-0.0211354 0.0372993 -0.999081 -226.033 -0.0510815 0.997958 0.038338 7.05909 0.998471 0.0518449 -0.0191869 9.70049 
-0.0209336 0.0381561 -0.999053 -227.132 -0.0532852 0.997809 0.0392251 7.08705 0.99836 0.0540559 -0.0188545 9.64156 
-0.0212546 0.0404557 -0.998955 -228.253 -0.0538843 0.997682 0.0415506 7.11682 0.998321 0.0547112 -0.0190254 9.59462 
-0.022671 0.0421174 -0.998855 -229.382 -0.0537797 0.997614 0.0432857 7.14684 0.998295 0.0546995 -0.0203519 9.55857 
-0.0234086 0.0436342 -0.998773 -230.535 -0.0551488 0.997469 0.0448698 7.18965 0.998204 0.0561315 -0.020943 9.50999 
-0.0246926 0.0447077 -0.998695 -231.696 -0.0571557 0.997302 0.0460585 7.22621 0.99806 0.0582185 -0.0220707 9.46506 
-0.0253077 0.0432747 -0.998743 -232.848 -0.0596857 0.997215 0.0447209 7.2647 0.997896 0.0607425 -0.0226543 9.39608 
-0.0263456 0.0388745 -0.998897 -234.009 -0.0579739 0.997502 0.0403493 7.30212 0.99797 0.058973 -0.0240261 9.33778 
-0.0271901 0.0329626 -0.999087 -235.18 -0.0548799 0.9979 0.034417 7.33265 0.998123 0.0557656 -0.025324 9.27665 
-0.0292963 0.0287902 -0.999156 -236.347 -0.0499424 0.998295 0.0302297 7.3563 0.998322 0.050786 -0.0278085 9.22609 
-0.0317663 0.0298959 -0.999048 -237.532 -0.0431307 0.998581 0.0312533 7.37019 0.998564 0.0440825 -0.0304318 9.18034 
-0.0339642 0.0338409 -0.99885 -238.722 -0.0386348 0.998635 0.0351474 7.39309 0.998676 0.0397842 -0.0326104 9.1245 
-0.0371692 0.0367026 -0.998635 -239.928 -0.0359754 0.998628 0.0380414 7.41325 0.998661 0.0373403 -0.0357978 9.08468 
-0.0396051 0.0363193 -0.998555 -241.14 -0.034056 0.99871 0.0376757 7.44429 0.998635 0.035499 -0.0383171 9.02775 
-0.0416544 0.0371789 -0.99844 -242.333 -0.0336081 0.99869 0.0385903 7.47602 0.998567 0.0351632 -0.0403503 8.95061 
-0.0438893 0.0386222 -0.99829 -243.564 -0.032664 0.998663 0.0400727 7.50687 0.998502 0.0343669 -0.042569 8.87902 
-0.0460708 0.0383753 -0.998201 -244.789 -0.0316723 0.998703 0.0398565 7.5382 0.998436 0.0334515 -0.0447956 8.80076 
-0.0481682 0.0373019 -0.998143 -246.007 -0.0322438 0.998724 0.0388796 7.56328 0.998319 0.0340568 -0.046904 8.70375 
-0.0506089 0.0368551 -0.998038 -247.245 -0.0314244 0.998765 0.0384754 7.60063 0.998224 0.03331 -0.0493883 8.6183 
-0.0533272 0.0378536 -0.997859 -248.481 -0.0315151 0.99872 0.0395704 7.63342 0.99808 0.0335578 -0.052066 8.53657 
-0.0558569 0.0381935 -0.997708 -249.727 -0.0320947 0.998683 0.0400277 7.66896 0.997923 0.034257 -0.0545575 8.44654 
-0.0584964 0.0392316 -0.997516 -250.991 -0.0335888 0.998584 0.0412433 7.70163 0.997722 0.035918 -0.0570958 8.34934 
-0.0607243 0.0411922 -0.997304 -252.248 -0.0356585 0.998421 0.0434095 7.73349 0.997517 0.0381984 -0.0591595 8.24778 
-0.0620369 0.0419457 -0.997192 -253.509 -0.0371579 0.998327 0.0443051 7.76627 0.997382 0.0398021 -0.0603744 8.13984 
-0.0629507 0.0423391 -0.997118 -254.773 -0.0399624 0.998192 0.0449076 7.80315 0.997216 0.0426742 -0.0611449 8.02938 
-0.0629499 0.0422016 -0.997124 -256.061 -0.0403636 0.99818 0.0447946 7.84721 0.9972 0.0430674 -0.0611319 7.92323 
-0.0635273 0.0410709 -0.997135 -257.345 -0.0396749 0.998259 0.0436449 7.88494 0.997191 0.0423339 -0.0617872 7.82856 
-0.0634905 0.0403383 -0.997167 -258.607 -0.0369274 0.998404 0.0427396 7.91793 0.997299 0.0395364 -0.0618995 7.73192 
-0.0638267 0.0403471 -0.997145 -259.874 -0.0358859 0.998443 0.0426967 7.94716 0.997316 0.0385086 -0.0622795 7.62842 
-0.063688 0.0403187 -0.997155 -261.147 -0.0354597 0.998461 0.0426363 7.99052 0.99734 0.0380743 -0.0621603 7.52407 
-0.0638399 0.040439 -0.997141 -262.411 -0.0349169 0.998476 0.0427287 8.0227 0.997349 0.0375449 -0.0623307 7.42403 
-0.0635249 0.0410573 -0.997135 -263.682 -0.0347203 0.998458 0.0433237 8.05961 0.997376 0.037373 -0.0620014 7.31765 
-0.0637636 0.0421993 -0.997072 -264.956 -0.0320245 0.998505 0.0443079 8.0929 0.997451 0.0347561 -0.0623168 7.22261 
-0.0638874 0.0445613 -0.996962 -266.197 -0.0277216 0.998538 0.0464082 8.12948 0.997572 0.0306023 -0.0625587 7.13101 
-0.0645861 0.0477402 -0.99677 -267.484 -0.0240756 0.99849 0.0493826 8.17714 0.997622 0.0271872 -0.0633392 7.05245 
-0.0648417 0.0504094 -0.996622 -268.739 -0.022162 0.998404 0.0519414 8.21633 0.997649 0.0254551 -0.0636211 6.95691 
-0.0646454 0.0487906 -0.996715 -269.976 -0.0227432 0.998473 0.0503518 8.25605 0.997649 0.0259235 -0.063437 6.84912 
-0.0647879 0.0470536 -0.996789 -271.206 -0.0246931 0.998506 0.0487397 8.29971 0.997594 0.0277716 -0.0635292 6.74785 
-0.0656681 0.0498726 -0.996594 -272.434 -0.0301734 0.998194 0.0519408 8.34023 0.997385 0.0334815 -0.0640446 6.64301 
-0.0652322 0.055611 -0.996319 -273.687 -0.0358213 0.997672 0.0580318 8.38686 0.997227 0.0394751 -0.0630883 6.52639 
-0.0650406 0.0546818 -0.996383 -274.946 -0.0397447 0.997563 0.057341 8.44031 0.997091 0.0433304 -0.0627088 6.41396 
-0.0650265 0.0479675 -0.99673 -276.169 -0.03904 0.997957 0.0505735 8.48833 0.99712 0.042201 -0.063021 6.31575 
-0.065239 0.0427283 -0.996954 -277.401 -0.0364579 0.998314 0.0451723 8.5272 0.997203 0.0392939 -0.0635712 6.20634 
-0.0654439 0.0418869 -0.996977 -278.617 -0.0299132 0.998587 0.0439181 8.56479 0.997408 0.0326969 -0.0640985 6.11262 
-0.0643909 0.0438165 -0.996962 -279.836 -0.0268605 0.998598 0.0456232 8.59578 0.997563 0.0297166 -0.0631236 6.00879 
-0.0630263 0.0459776 -0.996952 -281.057 -0.025672 0.998533 0.0476734 8.63163 0.997682 0.0285985 -0.0617535 5.91323 
-0.0613864 0.0478499 -0.996966 -282.317 -0.0270931 0.998402 0.049587 8.68608 0.997746 0.0300549 -0.0599919 5.79162 
-0.0602612 0.0492119 -0.996969 -283.543 -0.0281278 0.998304 0.0509779 8.72741 0.997786 0.0311145 -0.0587747 5.6898 
-0.0597744 0.0501842 -0.99695 -284.763 -0.0291575 0.998222 0.0519964 8.76833 0.997786 0.0321766 -0.0582048 5.59855 
-0.0592194 0.0498153 -0.997001 -285.997 -0.028719 0.998256 0.0515839 8.80186 0.997832 0.0316877 -0.0576855 5.51336 
-0.0590811 0.0482372 -0.997087 -287.231 -0.0287992 0.998334 0.0500039 8.84088 0.997838 0.0316696 -0.0575934 5.41875 
-0.0586501 0.0471928 -0.997163 -288.447 -0.0282702 0.998403 0.0489143 8.87934 0.997878 0.0310589 -0.0572223 5.32161 
-0.0585011 0.0470852 -0.997176 -289.675 -0.0282913 0.998408 0.0488031 8.91402 0.997886 0.0310665 -0.0570759 5.22819 
-0.0585604 0.0468104 -0.997186 -290.907 -0.0292406 0.998391 0.0485842 8.96018 0.997856 0.0320035 -0.0570974 5.13984 
-0.0586016 0.0472756 -0.997161 -292.15 -0.029671 0.998354 0.0490758 8.99632 0.99784 0.0324627 -0.0571024 5.04624 
-0.0584438 0.047348 -0.997167 -293.396 -0.0292389 0.998365 0.0491185 9.03922 0.997862 0.0320267 -0.0569638 4.95432 
-0.0586184 0.0455419 -0.997241 -294.635 -0.0288908 0.998463 0.047296 9.08336 0.997862 0.0315836 -0.0572126 4.85908 
-0.0586399 0.042778 -0.997362 -295.86 -0.0287554 0.998595 0.0445215 9.12483 0.997865 0.0312903 -0.0573274 4.76078 
-0.0590451 0.0400909 -0.99745 -297.073 -0.0295935 0.998684 0.0418923 9.15538 0.997817 0.0319916 -0.057781 4.66196 
-0.0596187 0.0385416 -0.997477 -298.308 -0.0310207 0.9987 0.0404429 9.18862 0.997739 0.0333536 -0.0583456 4.57048 
-0.0599387 0.0384146 -0.997463 -299.533 -0.0340783 0.998598 0.0405062 9.22354 0.99762 0.0364197 -0.0585455 4.45904 
-0.0607445 0.0395856 -0.997368 -300.764 -0.0369353 0.99844 0.0418777 9.24778 0.99747 0.039382 -0.0591876 4.3659 
-0.0611124 0.0400114 -0.997329 -302.011 -0.0408965 0.998257 0.0425547 9.29109 0.997293 0.0433879 -0.0593695 4.25772 
-0.061186 0.0395706 -0.997342 -303.248 -0.0422325 0.998216 0.0421962 9.3284 0.997233 0.0447021 -0.0594057 4.1516 
-0.0615182 0.0374646 -0.997403 -304.476 -0.0421924 0.998304 0.0401009 9.36001 0.997214 0.0445498 -0.0598332 4.05117 
-0.0625369 0.0352668 -0.997419 -305.723 -0.0399965 0.998484 0.0378122 9.39301 0.997241 0.042258 -0.0610315 3.95962 
-0.0642155 0.0350897 -0.997319 -306.965 -0.0368271 0.998618 0.0375067 9.41825 0.997256 0.0391369 -0.0628345 3.87553 
-0.0655932 0.0372005 -0.997153 -308.234 -0.0345304 0.998622 0.0395268 9.44802 0.997249 0.0370249 -0.0642182 3.79258 
