1 2.12261e-08 -2.11895e-08 0 2.12261e-08 1 2.10703e-08 0 -2.11895e-08 2.10703e-08 1 0 
0.999999 0.000491891 0.00168436 -0.00802841 -0.000490358 1 -0.000885116 -0.00584748 -0.00168484 0.000884331 0.999998 0.453722 
0.999992 0.00215337 0.00340021 -0.0134016 -0.00214721 0.999996 -0.00180015 -0.0120763 -0.00340411 0.00179288 0.999993 0.91183 
0.999981 0.00356688 0.00506074 -0.0218451 -0.0035552 0.999991 -0.00230742 -0.0201303 -0.00506897 0.00228942 0.999985 1.3885 
0.999972 0.0034832 0.00661218 -0.0270879 -0.00346711 0.999991 -0.00243677 -0.0259197 -0.00662065 0.00241381 0.999975 1.88099 
0.999961 0.00313426 0.00828009 -0.0307141 -0.00311635 0.999993 -0.00217058 -0.0329534 -0.00828688 0.00214473 0.999963 2.3788 
0.999945 0.00237294 0.010267 -0.0328287 -0.00236076 0.999997 -0.00119398 -0.0389657 -0.0102698 0.00116972 0.999947 2.88846 
0.999928 0.00229177 0.0118061 -0.0346762 -0.00229734 0.999997 0.000462078 -0.0470334 -0.0118051 -0.000489125 0.99993 3.40136 
0.999916 0.00274426 0.0126825 -0.0355909 -0.00276356 0.999995 0.00150766 -0.0555666 -0.0126784 -0.00154254 0.999918 3.91945 
0.999904 0.00366194 0.0133857 -0.040384 -0.00367864 0.999993 0.00122656 -0.061351 -0.0133812 -0.00127564 0.99991 4.43457 
0.999886 0.00438354 0.0144458 -0.0440209 -0.00439529 0.99999 0.00078488 -0.0693969 -0.0144423 -0.000848243 0.999895 4.94809 
0.999866 0.00623546 0.0151489 -0.0480617 -0.00624218 0.99998 0.000398578 -0.0719473 -0.0151461 -0.000493045 0.999885 5.46319 
0.999845 0.00768613 0.0158535 -0.0470776 -0.00768324 0.99997 -0.000240363 -0.0782951 -0.0158549 0.000118561 0.999874 5.99336 
0.999821 0.00860541 0.0168815 -0.0529659 -0.00859146 0.999963 -0.000895634 -0.0866176 -0.0168886 0.000750478 0.999857 6.51879 
0.999808 0.00856643 0.0176119 -0.0451358 -0.00854744 0.999963 -0.0011506 -0.0936349 -0.0176211 0.000999882 0.999844 7.05377 
0.999759 0.0112784 0.0188335 -0.0441457 -0.0112527 0.999936 -0.00146957 -0.11474 -0.0188489 0.00125733 0.999822 7.55791 
0.999731 0.0118049 0.019951 -0.0377924 -0.0117684 0.999929 -0.00194236 -0.123329 -0.0199726 0.00170709 0.999799 8.10016 
0.999663 0.0126215 0.0227009 -0.0356278 -0.0125766 0.999919 -0.0021186 -0.132061 -0.0227259 0.00183243 0.99974 8.65803 
0.999566 0.0129752 0.026441 -0.0271286 -0.0129196 0.999914 -0.00226967 -0.140462 -0.0264682 0.00192712 0.999648 9.21733 
0.999432 0.0134905 0.030889 -0.0324023 -0.0134083 0.999906 -0.00286351 -0.149634 -0.0309248 0.00244775 0.999519 9.80858 
0.999262 0.0134241 0.0359938 -0.0224244 -0.0133096 0.999906 -0.00341658 -0.160813 -0.0360364 0.00293503 0.999346 10.3818 
0.999021 0.0139555 0.0419704 -0.00716952 -0.0138243 0.999899 -0.003414 -0.17083 -0.0420138 0.00283049 0.999113 10.9672 
0.998783 0.0142771 0.0472109 0.0512929 -0.0141249 0.999894 -0.00355504 -0.170705 -0.0472567 0.0028839 0.998879 11.6278 
0.998469 0.0141169 0.0534874 0.0662849 -0.0139224 0.999895 -0.00400692 -0.190377 -0.0535384 0.00325615 0.998561 12.226 
0.998151 0.0117796 0.059629 0.102769 -0.0115119 0.999922 -0.00483087 -0.204435 -0.0596813 0.00413553 0.998209 12.8333 
0.997768 0.0108263 0.0658905 0.133918 -0.0104936 0.99993 -0.00539242 -0.212941 -0.0659444 0.004689 0.997812 13.4568 
0.997308 0.0134764 0.0720825 0.174378 -0.0129716 0.999888 -0.00746663 -0.221635 -0.0721751 0.00651154 0.997371 14.0923 
0.996768 0.0172945 0.0784506 0.207739 -0.0165245 0.999809 -0.0104529 -0.237815 -0.0786164 0.00912281 0.996863 14.7325 
0.996322 0.0144273 0.084466 0.253051 -0.0135635 0.99985 -0.0107916 -0.245651 -0.084609 0.00960626 0.996368 15.3924 
0.996018 0.00732935 0.0888507 0.327326 -0.00663814 0.999945 -0.00807187 -0.253175 -0.0889051 0.00744996 0.996012 16.085 
0.995603 0.00189689 0.0936539 0.390535 -0.00145432 0.999987 -0.00479309 -0.259908 -0.0936619 0.00463585 0.995593 16.7752 
0.995201 0.00272297 0.09781 0.448999 -0.00259753 0.999996 -0.00140933 -0.268495 -0.0978134 0.00114854 0.995204 17.4911 
0.994984 0.00146497 0.100025 0.50297 -0.00134488 0.999998 -0.0012676 -0.279439 -0.100027 0.00112676 0.994984 18.2131 
0.994966 -0.00255429 0.100182 0.569254 0.00290309 0.99999 -0.00333565 -0.281516 -0.100173 0.00360973 0.994964 18.953 
0.995132 -0.00846337 0.098191 0.644552 0.00900832 0.999946 -0.00510743 -0.28928 -0.0981426 0.00596715 0.995155 19.7112 
0.995548 -0.0117234 0.0935296 0.695759 0.0122816 0.99991 -0.005395 -0.302556 -0.093458 0.00651972 0.995602 20.4714 
0.996216 -0.0114217 0.0861575 0.747575 0.011946 0.999913 -0.00557238 -0.314692 -0.0860864 0.00658057 0.996266 21.2633 
0.996979 -0.0112489 0.0768556 0.793004 0.0115674 0.999926 -0.00370022 -0.325558 -0.0768083 0.0045781 0.997035 22.0705 
0.997671 -0.0117454 0.0671975 0.829597 0.0118929 0.999928 -0.00179533 -0.335077 -0.0671716 0.00259036 0.997738 22.886 
0.998261 -0.0111143 0.0578957 0.857177 0.0110617 0.999938 0.00122881 -0.345558 -0.0579058 -0.00058621 0.998322 23.7193 
0.9987 -0.0104826 0.0498826 0.879784 0.0103208 0.999941 0.0035002 -0.357921 -0.0499163 -0.00298078 0.998749 24.5573 
0.999037 -0.00926295 0.0428907 0.899365 0.00909244 0.99995 0.0041698 -0.363222 -0.0429272 -0.00377576 0.999071 25.3988 
0.999267 -0.00809725 0.0374035 0.909518 0.00793714 0.999959 0.00442816 -0.371687 -0.0374379 -0.004128 0.99929 26.2353 
0.999461 -0.00677727 0.0321318 0.91806 0.00663223 0.999967 0.00461946 -0.384323 -0.0321621 -0.00440382 0.999473 27.0591 
0.999605 -0.00714558 0.0271762 0.918883 0.00703007 0.999966 0.00434526 -0.398186 -0.0272064 -0.00415245 0.999621 27.8963 
0.999724 -0.00684361 0.0224845 0.918134 0.0067579 0.99997 0.00388762 -0.410753 -0.0225104 -0.00373455 0.99974 28.729 
0.999818 -0.00587234 0.0181527 0.918183 0.00578949 0.999973 0.00461525 -0.423174 -0.0181794 -0.00450927 0.999825 29.5704 
0.999887 -0.00428705 0.0144115 0.920196 0.0042122 0.999978 0.00522275 -0.433917 -0.0144336 -0.00516142 0.999883 30.4018 
0.999933 -0.00168391 0.0114873 0.916657 0.00161165 0.999979 0.00630065 -0.446551 -0.0114977 -0.00628167 0.999914 31.2351 
0.999948 1.71372e-05 0.0102044 0.89913 -7.94118e-05 0.999981 0.00610653 -0.457829 -0.0102041 -0.00610698 0.999929 32.0543 
0.999956 0.000885559 0.00938778 0.887985 -0.000941457 0.999982 0.00595617 -0.476265 -0.00938237 -0.0059647 0.999938 32.881 
0.999958 0.00281909 0.0086871 0.876979 -0.00286021 0.999985 0.00472935 -0.489904 -0.00867368 -0.00475396 0.999951 33.6878 
0.999951 0.0055624 0.00823113 0.859304 -0.00560043 0.999974 0.00460981 -0.503937 -0.00820531 -0.00465563 0.999956 34.4834 
0.999949 0.00697283 0.00729687 0.849931 -0.00701073 0.999962 0.00518751 -0.516396 -0.00726046 -0.00523836 0.99996 35.2814 
0.999942 0.00845569 0.00674169 0.836052 -0.00849453 0.999947 0.00576122 -0.531907 -0.00669266 -0.00581811 0.999961 36.0632 
0.999928 0.0100613 0.00654894 0.821843 -0.0100977 0.999934 0.00556358 -0.542372 -0.00649257 -0.00562927 0.999963 36.8305 
0.999919 0.0114235 0.0056785 0.812948 -0.0114536 0.99992 0.00531477 -0.553476 -0.00561737 -0.00537934 0.99997 37.5882 
0.999892 0.013543 0.00567075 0.797989 -0.0135745 0.999892 0.0055601 -0.562036 -0.00559488 -0.00563644 0.999969 38.3287 
0.999851 0.0161288 0.00621303 0.782511 -0.0161651 0.999852 0.00585382 -0.580363 -0.00611774 -0.00595333 0.999964 39.0536 
0.99978 0.0194437 0.00788371 0.763305 -0.0194894 0.999793 0.00576744 -0.592499 -0.00776998 -0.00591978 0.999952 39.7571 
0.999715 0.0213483 0.0106882 0.755724 -0.0213992 0.99976 0.00466775 -0.60676 -0.0105861 -0.0048951 0.999932 40.4608 
0.999629 0.023125 0.0144049 0.754269 -0.0231839 0.999723 0.00394002 -0.621172 -0.0143099 -0.00427248 0.999889 41.1459 
0.999551 0.0229829 0.019206 0.76096 -0.0230668 0.999725 0.00415848 -0.633441 -0.0191052 -0.0045996 0.999807 41.83 
0.999413 0.0239686 0.0244851 0.770735 -0.0240937 0.999698 0.00482555 -0.652587 -0.0243621 -0.00541261 0.999689 42.4938 
0.999244 0.024049 0.0305338 0.784666 -0.0242159 0.999694 0.00510689 -0.658279 -0.0304017 -0.00584239 0.999521 43.1423 
0.998997 0.0234908 0.0381137 0.795989 -0.0237193 0.999703 0.00555432 -0.668099 -0.037972 -0.00645274 0.999258 43.7812 
0.998639 0.0234874 0.0465625 0.819942 -0.0237721 0.999702 0.00557148 -0.681107 -0.0464178 -0.00667075 0.9989 44.405 
0.99807 0.024034 0.0572553 0.839943 -0.0243635 0.99969 0.00506332 -0.685202 -0.0571159 -0.00644845 0.998347 45.0185 
0.997303 0.0237088 0.0694567 0.870435 -0.0241035 0.999698 0.00485153 -0.696229 -0.0693207 -0.00651256 0.997573 45.6114 
0.996387 0.0222235 0.0819693 0.914972 -0.0226991 0.99973 0.00487529 -0.707173 -0.0818389 -0.00671827 0.996623 46.194 
0.99525 0.0218448 0.0948706 0.969335 -0.022339 0.999742 0.004151 -0.710828 -0.0947555 -0.00625055 0.995481 46.7602 
0.993743 0.0214205 0.109614 1.02884 -0.0220009 0.99975 0.00408898 -0.721204 -0.109499 -0.00647495 0.993966 47.3184 
0.991767 0.0212999 0.126268 1.09658 -0.0220401 0.999747 0.00446799 -0.731015 -0.126141 -0.00721413 0.991986 47.8751 
0.989344 0.0238265 0.143636 1.17168 -0.0246228 0.99969 0.0037684 -0.740065 -0.143501 -0.00726491 0.989623 48.4138 
0.986169 0.0220575 0.164266 1.26817 -0.0229004 0.999733 0.00323946 -0.755903 -0.164151 -0.00695638 0.986411 48.9426 
0.981936 0.0254057 0.187499 1.36494 -0.0262877 0.999652 0.00221905 -0.764266 -0.187378 -0.00710786 0.982262 49.4565 
0.976815 0.0241367 0.212719 1.48148 -0.024735 0.999694 0.000151647 -0.778839 -0.212651 -0.0054097 0.977113 49.9553 
0.970707 0.0233424 0.239131 1.6125 -0.0233491 0.999723 -0.00280515 -0.788586 -0.239131 -0.00286048 0.970983 50.4377 
0.96342 0.0221777 0.267075 1.75392 -0.0215797 0.999754 -0.00517404 -0.802038 -0.267124 -0.00077859 0.963662 50.898 
0.954828 0.0196899 0.296506 1.91167 -0.0187023 0.999806 -0.00616703 -0.814163 -0.29657 0.000343147 0.955011 51.3457 
0.944694 0.0221318 0.327207 2.07315 -0.0204345 0.999754 -0.00862435 -0.825103 -0.327317 0.00146109 0.944913 51.7756 
0.933053 0.022664 0.359024 2.23713 -0.0210894 0.999743 -0.00830191 -0.837513 -0.35912 0.000174554 0.933291 52.1917 
0.920005 0.0220171 0.391288 2.42166 -0.0210708 0.999755 -0.00671229 -0.855167 -0.39134 -0.00206937 0.920244 52.5958 
0.904896 0.0207779 0.425125 2.60827 -0.0201763 0.999779 -0.00591787 -0.871024 -0.425154 -0.00322235 0.905116 52.9718 
0.887702 0.0201699 0.459976 2.80597 -0.0196278 0.99979 -0.00596105 -0.886563 -0.46 -0.00373667 0.887911 53.3286 
0.868513 0.0196691 0.495275 3.01826 -0.0185906 0.999802 -0.00710505 -0.898554 -0.495317 -0.0030366 0.868707 53.6727 
0.847306 0.0187346 0.530775 3.23833 -0.0165776 0.999824 -0.0088267 -0.911213 -0.530847 -0.00132003 0.847467 53.9909 
0.824101 0.0175208 0.566173 3.4674 -0.0141908 0.999846 -0.0102855 -0.92213 -0.566266 0.000441838 0.824223 54.2906 
0.798636 0.0144762 0.60164 3.71588 -0.0102613 0.999893 -0.0104375 -0.934938 -0.601726 0.00216217 0.798699 54.5847 
0.770552 0.01073 0.637287 3.97159 -0.00729212 0.999941 -0.00801891 -0.949483 -0.637336 0.00153183 0.770585 54.8639 
0.741046 0.00606534 0.671427 4.24122 -0.00449269 0.999982 -0.00407473 -0.960104 -0.67144 3.06929e-06 0.741059 55.1256 
0.708926 0.00231774 0.705279 4.51862 -0.00266372 0.999996 -0.000608701 -0.962985 -0.705277 -0.00144712 0.70893 55.3748 
0.673872 3.06034e-05 0.738848 4.80332 -0.0031376 0.999991 0.00282032 -0.966328 -0.738841 -0.00421873 0.673866 55.6066 
0.63618 -0.00349724 0.771533 5.09704 -0.00204554 0.999979 0.0062195 -0.97595 -0.771538 -0.00553491 0.636159 55.8246 
0.596978 -0.00711984 0.802226 5.40127 0.000695366 0.999965 0.00835739 -0.982685 -0.802258 -0.00443132 0.596962 56.0188 
0.554907 -0.0094131 0.831859 5.71504 0.00405058 0.999955 0.00861327 -0.98785 -0.831902 -0.00141004 0.55492 56.1896 
0.510122 -0.00831966 0.860062 6.04662 0.00576869 0.999964 0.0062515 -0.988384 -0.860082 0.00177241 0.510152 56.3602 
0.463395 -0.00544351 0.886135 6.39655 0.00523782 0.999981 0.00340385 -0.982516 -0.886136 0.0030641 0.463415 56.5243 
0.413965 -0.00268619 0.910289 6.76315 0.00159113 0.999996 0.00222738 -0.98621 -0.910291 0.000526337 0.413968 56.6753 
0.36382 -0.000235716 0.931469 7.14503 -0.00315899 0.999994 0.00148697 -0.988526 -0.931464 -0.00348349 0.363817 56.8085 
0.314303 0.000584186 0.949323 7.54505 -0.00494906 0.999987 0.00102323 -0.988376 -0.94931 -0.00501985 0.314302 56.9119 
0.265757 0.000444875 0.96404 7.95469 -0.0035624 0.999994 0.00052063 -0.990565 -0.964033 -0.00357265 0.265757 57.0028 
0.220319 -0.000532544 0.975428 8.38579 -0.00247906 0.999996 0.00110595 -0.996278 -0.975425 -0.0026618 0.220317 57.0836 
0.178969 -0.00247735 0.983852 8.84353 -0.0025643 0.999992 0.0029845 -0.996272 -0.983851 -0.00305702 0.178961 57.1406 
0.1402 -0.00462217 0.990112 9.31585 -0.00277149 0.999983 0.00506074 -0.996524 -0.990119 -0.0034536 0.140185 57.1913 
0.103733 -0.00640262 0.994585 9.80865 -0.00387678 0.999969 0.00684167 -1.00005 -0.994598 -0.00456549 0.103705 57.2313 
0.0710282 -0.00748092 0.997446 10.3234 -0.00246217 0.999968 0.00767521 -1.00114 -0.997471 -0.00300104 0.0710074 57.254 
0.0415063 -0.00804346 0.999106 10.8562 -0.0026694 0.999963 0.0081613 -1.00379 -0.999135 -0.00300576 0.0414833 57.2679 
0.014852 -0.00584548 0.999873 11.4129 -0.0053437 0.999968 0.00592546 -1.00308 -0.999875 -0.00543102 0.0148203 57.2739 
-0.00772744 -0.00344145 0.999964 11.9861 -0.0094275 0.99995 0.00336859 -1.00257 -0.999926 -0.00940114 -0.00775949 57.2732 
-0.0274944 -0.00276566 0.999618 12.5832 -0.00969657 0.99995 0.00249992 -1.0052 -0.999575 -0.00962414 -0.0275199 57.2573 
-0.044536 -0.00222846 0.999005 13.1979 -0.00556578 0.999983 0.00198256 -1.00828 -0.998992 -0.00547195 -0.0445476 57.2223 
-0.0603496 -0.00243397 0.998174 13.832 -0.00341047 0.999992 0.00223224 -1.00867 -0.998172 -0.00326953 -0.0603574 57.1848 
-0.0759461 -0.00333607 0.997106 14.4815 -0.0039652 0.999988 0.00304374 -1.01326 -0.997104 -0.00372257 -0.0759584 57.1442 
-0.0909106 -0.00241903 0.995856 15.1587 -0.00317701 0.999993 0.00213909 -1.01988 -0.995854 -0.00296938 -0.0909176 57.095 
-0.102962 -0.000357057 0.994685 15.8543 -0.00123143 0.999999 0.000231537 -1.02017 -0.994685 -0.00120105 -0.102962 57.0254 
-0.112643 0.00225459 0.993633 16.5667 0.00603328 0.999981 -0.00158499 -1.02356 -0.993617 0.00581633 -0.112655 56.9471 
-0.11864 0.00498018 0.992925 17.293 0.0136622 0.999901 -0.0033827 -1.03041 -0.992843 0.0131642 -0.118696 56.8605 
-0.121157 0.00511513 0.99262 18.0528 0.0186633 0.999822 -0.00287419 -1.03752 -0.992458 0.0181774 -0.121231 56.7805 
-0.12103 0.0039467 0.992641 18.8144 0.0199504 0.9998 -0.00154263 -1.04132 -0.992448 0.0196169 -0.121084 56.6992 
-0.118201 0.00320822 0.992985 19.589 0.0237654 0.999718 -0.000400986 -1.05121 -0.992705 0.0235513 -0.118244 56.6184 
-0.113512 0.00208443 0.993534 20.3732 0.0253497 0.999678 0.000798953 -1.05776 -0.993213 0.0252765 -0.113529 56.5352 
-0.109132 0.00317862 0.994022 21.1696 0.0238812 0.999715 -0.000574905 -1.06482 -0.99374 0.0236757 -0.109177 56.4682 
-0.104931 0.00406958 0.994471 21.9678 0.0237185 0.999717 -0.00158835 -1.07839 -0.994197 0.0234207 -0.104998 56.4015 
-0.100727 0.00330102 0.994909 22.7729 0.0283836 0.999597 -0.000442903 -1.09128 -0.994509 0.0281945 -0.10078 56.3341 
-0.0967911 0.00125289 0.995304 23.5812 0.0339463 0.999422 0.00204318 -1.10386 -0.994726 0.0339847 -0.0967777 56.2593 
-0.0931265 -0.00214616 0.995652 24.3937 0.036388 0.999322 0.00555759 -1.11503 -0.994989 0.0367473 -0.0929853 56.1975 
-0.0883596 -0.00561973 0.996073 25.2074 0.0391469 0.999192 0.00911001 -1.12133 -0.995319 0.0397981 -0.0880683 56.1354 
-0.0831662 -0.00833885 0.996501 26.0156 0.0402165 0.999122 0.0117172 -1.12804 -0.995724 0.0410503 -0.0827578 56.0831 
-0.0787821 -0.00961547 0.996846 26.8211 0.0381671 0.999191 0.0126545 -1.13261 -0.996161 0.0390436 -0.0783514 56.0338 
-0.0747775 -0.0113282 0.997136 27.6264 0.0314786 0.99941 0.0137148 -1.13598 -0.996703 0.032414 -0.0743768 55.9979 
-0.070623 -0.0145702 0.997397 28.4336 0.0254531 0.999541 0.0164039 -1.13625 -0.997178 0.0265453 -0.0702198 55.9691 
-0.066302 -0.0161366 0.997669 29.2501 0.0226037 0.999588 0.0176699 -1.13916 -0.997544 0.0237226 -0.06591 55.942 
-0.0622929 -0.0122011 0.997983 30.0638 0.0233089 0.999635 0.0136762 -1.14577 -0.997786 0.0241138 -0.0619857 55.9108 
-0.0592004 -0.00474557 0.998235 30.8671 0.0244603 0.999682 0.00620311 -1.15532 -0.997946 0.0247844 -0.0590654 55.8828 
-0.0564639 0.00150319 0.998404 31.6815 0.022865 0.999739 -0.000212047 -1.15729 -0.998143 0.0228165 -0.0564835 55.8522 
-0.0547861 0.000890704 0.998498 32.5069 0.0216568 0.999765 0.000296481 -1.16378 -0.998263 0.0216405 -0.0547925 55.826 
-0.0532318 -0.00287631 0.998578 33.3338 0.0246021 0.999689 0.00419102 -1.17788 -0.998279 0.0247902 -0.0531445 55.7916 
-0.0523477 -0.0033055 0.998623 34.1594 0.0254691 0.999665 0.00464408 -1.19238 -0.998304 0.0256771 -0.052246 55.7596 
-0.052331 -0.000621381 0.99863 34.9888 0.0232044 0.999729 0.00183808 -1.20122 -0.99836 0.0232688 -0.0523024 55.7326 
-0.0519786 0.000809368 0.998648 35.8296 0.0168552 0.999858 6.69858e-05 -1.20946 -0.998506 0.0168359 -0.0519848 55.7064 
-0.0529924 -0.000250681 0.998595 36.6689 0.0153698 0.999881 0.00106667 -1.22092 -0.998477 0.0154047 -0.0529823 55.6796 
-0.054201 -0.000893466 0.99853 37.5215 0.0150356 0.999886 0.00171086 -1.2313 -0.998417 0.0151062 -0.0541813 55.6478 
-0.0560314 0.00283397 0.998425 38.3745 0.0138677 0.999902 -0.00205987 -1.24961 -0.998333 0.0137304 -0.0560652 55.6211 
-0.0575104 0.00699144 0.99832 39.2452 0.0143884 0.999877 -0.00617343 -1.2598 -0.998241 0.0140092 -0.0576039 55.5921 
-0.0585481 0.00981384 0.998236 40.1164 0.0155595 0.999839 -0.00891697 -1.27132 -0.998163 0.01501 -0.0586913 55.5618 
-0.0592828 0.0110236 0.99818 41.0044 0.0179278 0.99979 -0.00997662 -1.28976 -0.99808 0.0173038 -0.0594679 55.5183 
-0.0602752 0.0121641 0.998108 41.9072 0.0189414 0.99976 -0.0110403 -1.3099 -0.998002 0.0182401 -0.0604912 55.4813 
-0.061443 0.0123081 0.998035 42.8117 0.017882 0.999777 -0.0112287 -1.32058 -0.99795 0.017157 -0.0616494 55.4409 
-0.0628802 0.00757379 0.997992 43.7307 0.0162872 0.999846 -0.00656161 -1.33998 -0.997888 0.0158419 -0.0629939 55.4045 
-0.0641793 0.0059883 0.99792 44.6548 0.0161185 0.999858 -0.00496326 -1.36207 -0.997808 0.0157664 -0.0642667 55.3589 
-0.0654621 0.00880942 0.997816 45.5856 0.0170754 0.999825 -0.00770688 -1.3887 -0.997709 0.0165336 -0.0656011 55.3123 
-0.0657692 0.0124497 0.997757 46.5215 0.0183483 0.999768 -0.0112652 -1.40519 -0.997666 0.0175662 -0.0659824 55.2619 
-0.0656766 0.0136458 0.997748 47.4591 0.0210772 0.999702 -0.0122851 -1.42651 -0.997618 0.0202229 -0.0659446 55.2143 
-0.0652174 0.0103579 0.997817 48.4218 0.0260404 0.999623 -0.00867457 -1.44727 -0.997531 0.0254178 -0.0654626 55.1539 
-0.0657135 0.00453625 0.997828 49.4019 0.02774 0.999612 -0.00271746 -1.46553 -0.997453 0.0275012 -0.0658138 55.1008 
-0.0650364 0.00180981 0.997881 50.3855 0.0293077 0.99957 9.72826e-05 -1.47989 -0.997452 0.0292519 -0.0650615 55.0539 
-0.0633818 0.00338821 0.997984 51.3746 0.0286865 0.999587 -0.00157174 -1.49294 -0.997577 0.0285291 -0.0634528 55.0144 
-0.062668 0.00629178 0.998015 52.3619 0.028331 0.999588 -0.00452268 -1.50635 -0.997632 0.0279913 -0.0628204 54.9703 
-0.0621875 0.00830311 0.99803 53.3624 0.0227608 0.999717 -0.00689887 -1.52815 -0.997805 0.0222869 -0.0623589 54.9322 
-0.0624324 0.00792609 0.998018 54.3988 0.0203721 0.99977 -0.00666556 -1.54525 -0.997841 0.0199155 -0.0625795 54.8852 
-0.0629383 0.00334764 0.998012 55.4234 0.0198838 0.9998 -0.00209966 -1.55972 -0.997819 0.0197121 -0.0629923 54.8373 
-0.0633127 -0.00230602 0.997991 56.4598 0.0179551 0.999833 0.00344939 -1.57452 -0.997832 0.0181374 -0.0632607 54.7886 
-0.0643503 -0.00199742 0.997925 57.5058 0.0197177 0.9998 0.00327269 -1.59112 -0.997733 0.0198874 -0.0642981 54.7462 
-0.0645611 0.00178637 0.997912 58.5485 0.0224044 0.999749 -0.00034014 -1.59734 -0.997662 0.0223357 -0.0645849 54.6914 
-0.0660725 0.00438905 0.997805 59.629 0.0243834 0.999699 -0.00278272 -1.61741 -0.997517 0.024146 -0.0661596 54.6573 
-0.0682947 0.00159161 0.997664 60.6822 0.0248839 0.99969 0.000108624 -1.63342 -0.997355 0.0248332 -0.0683132 54.5995 
-0.0706492 -0.00378295 0.997494 61.7604 0.0263266 0.999637 0.00565574 -1.64894 -0.997154 0.0266602 -0.070524 54.5374 
-0.0737121 -0.00660319 0.997258 62.8359 0.0276732 0.99958 0.00866407 -1.66069 -0.996896 0.028236 -0.0734984 54.4737 
-0.0775798 -0.00567953 0.99697 63.907 0.0321514 0.999449 0.00819557 -1.66562 -0.996468 0.0326898 -0.0773545 54.4081 
-0.0810379 -0.00631614 0.996691 64.9794 0.0356594 0.999321 0.0092322 -1.66786 -0.996073 0.0362895 -0.0807577 54.3365 
-0.0846056 -0.0081092 0.996382 66.0495 0.0400335 0.999132 0.011531 -1.67381 -0.99561 0.0408643 -0.0842075 54.2555 
-0.0872381 -0.00775801 0.996157 67.1197 0.0441271 0.998958 0.0116443 -1.67904 -0.99521 0.0449733 -0.0868049 54.1768 
-0.0893417 -0.00427136 0.995992 68.1811 0.0479807 0.998811 0.00858742 -1.68943 -0.994845 0.0485556 -0.0890306 54.0934 
-0.091115 0.000141236 0.99584 69.2483 0.050692 0.998704 0.00449649 -1.70634 -0.994549 0.0508908 -0.0910041 54.0121 
-0.0925792 0.00267803 0.995702 70.3087 0.0539543 0.998541 0.00233098 -1.72524 -0.994242 0.0539382 -0.0925886 53.9318 
-0.0920025 0.00233433 0.995756 71.3653 0.0526556 0.99861 0.00252411 -1.73281 -0.994366 0.0526643 -0.0919975 53.8588 
-0.0891952 0.000249401 0.996014 72.4489 0.0543996 0.998509 0.00462161 -1.74445 -0.994528 0.054595 -0.0890757 53.7792 
-0.0843971 -0.00329125 0.996427 73.5216 0.0578512 0.998292 0.00819743 -1.75931 -0.994751 0.0583363 -0.0840625 53.7043 
-0.0792781 -0.00608994 0.996834 74.62 0.0577113 0.998276 0.0106886 -1.76795 -0.995181 0.0583759 -0.07879 53.6463 
-0.0740562 -0.00928605 0.997211 75.6818 0.0589941 0.998165 0.0136761 -1.77658 -0.995508 0.0598423 -0.0733724 53.5783 
-0.0693561 -0.0104504 0.997537 76.7476 0.0593116 0.998133 0.0145805 -1.78771 -0.995827 0.0601768 -0.0686068 53.523 
-0.0656484 -0.00622072 0.997823 77.7979 0.0597198 0.998164 0.0101519 -1.79556 -0.996054 0.0602563 -0.0651563 53.4713 
-0.0636729 -0.00181513 0.997969 78.8793 0.0583786 0.998279 0.00554044 -1.80748 -0.996262 0.0586128 -0.0634574 53.4294 
-0.0626735 -0.00166683 0.998033 79.9596 0.0584563 0.998276 0.00533816 -1.8141 -0.996321 0.0586759 -0.062468 53.3893 
-0.0608753 -0.00368567 0.998139 81.0348 0.0586762 0.998251 0.00726471 -1.82831 -0.996419 0.0590092 -0.0605525 53.3364 
-0.0588357 -0.000442259 0.998268 82.1222 0.0595062 0.99822 0.00394944 -1.83836 -0.996493 0.0596355 -0.0587046 53.2943 
-0.0565321 0.0053661 0.998386 83.1832 0.0601557 0.998187 -0.00195877 -1.8514 -0.996587 0.0599479 -0.0567524 53.2437 
-0.0542149 0.00825952 0.998495 84.2584 0.059593 0.99821 -0.00502143 -1.87264 -0.996749 0.059231 -0.05461 53.2056 
-0.0518496 0.00761917 0.998626 85.3484 0.059422 0.998223 -0.0045308 -1.89872 -0.996886 0.0591054 -0.0522102 53.1702 
-0.0481886 0.00462953 0.998828 86.4356 0.0579055 0.99832 -0.00183348 -1.91835 -0.997158 0.0577493 -0.0483757 53.1383 
-0.0437803 0.000189974 0.999041 87.5087 0.0572577 0.998357 0.00231937 -1.93884 -0.997399 0.0573044 -0.0437193 53.1017 
-0.0392016 -0.00221912 0.999229 88.6092 0.055597 0.998444 0.00439859 -1.95213 -0.997683 0.0557266 -0.0390172 53.0833 
-0.0354594 0.00193184 0.999369 89.6881 0.0523599 0.998628 -7.254e-05 -1.9683 -0.997999 0.0523243 -0.0355119 53.0584 
-0.0338647 0.0115417 0.99936 90.7926 0.049089 0.998746 -0.00987112 -1.99011 -0.99822 0.0487233 -0.0343888 53.0439 
-0.0331774 0.0193619 0.999262 91.8722 0.0438206 0.998879 -0.0178995 -2.02598 -0.998488 0.0431944 -0.0339886 53.0405 
-0.0326871 0.019224 0.999281 92.9659 0.0436875 0.998887 -0.0177873 -2.05443 -0.99851 0.0430747 -0.0334906 53.0255 
-0.0321762 0.0128813 0.999399 94.062 0.0434023 0.998992 -0.0114787 -2.09554 -0.998539 0.0430069 -0.0327028 53.0153 
-0.0333944 0.00715149 0.999417 95.166 0.0452321 0.998961 -0.0056368 -2.11674 -0.998418 0.0450174 -0.0336832 52.9915 
-0.0355029 0.00125062 0.999369 96.2575 0.0439008 0.999036 0.000309429 -2.13645 -0.998405 0.0438841 -0.0355236 52.971 
-0.0373955 -0.00362542 0.999294 97.3548 0.0437988 0.999027 0.00526352 -2.15915 -0.99834 0.0439647 -0.0372003 52.945 
-0.0390117 -0.00286978 0.999235 98.4579 0.0444992 0.998999 0.00460647 -2.17129 -0.998247 0.0446448 -0.0388449 52.9099 
-0.0412717 -0.00287825 0.999144 99.5333 0.0439644 0.999022 0.00469398 -2.19216 -0.99818 0.0441205 -0.0411048 52.8844 
-0.043169 -0.00428643 0.999059 100.615 0.0448618 0.998974 0.00622458 -2.21013 -0.99806 0.0450883 -0.0429324 52.8591 
-0.0441709 -0.00261779 0.999021 101.689 0.0455578 0.998951 0.00463195 -2.22871 -0.997985 0.0457177 -0.0440053 52.8285 
-0.0447861 0.00546494 0.998982 102.755 0.0465436 0.998911 -0.00337788 -2.24981 -0.997912 0.0463449 -0.0449917 52.7958 
-0.0453018 0.013421 0.998883 103.812 0.0438457 0.998973 -0.0114337 -2.27369 -0.998011 0.0432787 -0.0458437 52.7673 
-0.0468606 0.0133246 0.998813 104.875 0.0410905 0.99909 -0.0114004 -2.30836 -0.998056 0.0405074 -0.0473655 52.743 
-0.0491977 0.00725521 0.998763 105.956 0.0365444 0.999317 -0.00545907 -2.34034 -0.99812 0.0362306 -0.0494293 52.7187 
-0.0522409 -5.70188e-05 0.998635 107.015 0.0307702 0.999525 0.00166677 -2.35852 -0.99816 0.0308153 -0.0522143 52.6943 
-0.0540248 -0.00816494 0.998506 108.08 0.0288447 0.999537 0.00973407 -2.37123 -0.998123 0.0293275 -0.0537643 52.6575 
-0.0559515 -0.0147297 0.998325 109.13 0.0322558 0.999343 0.0165525 -2.38321 -0.997912 0.0331279 -0.0554396 52.6172 
-0.0577852 -0.0149238 0.998218 110.175 0.0314584 0.999365 0.0167621 -2.38912 -0.997833 0.032371 -0.057279 52.5749 
-0.0584323 -0.007316 0.998265 111.211 0.0351547 0.999338 0.00938165 -2.39881 -0.997672 0.0356419 -0.0581365 52.5246 
-0.0586624 0.00712734 0.998252 112.232 0.0441844 0.999013 -0.00453623 -2.41699 -0.9973 0.0438411 -0.0589194 52.4622 
-0.060097 0.0181967 0.998027 113.246 0.0489535 0.998685 -0.0152608 -2.4407 -0.996991 0.0479398 -0.0609087 52.4195 
-0.0603976 0.0151667 0.998059 114.266 0.0484407 0.998751 -0.0122458 -2.46788 -0.996998 0.0476071 -0.0610568 52.3748 
-0.0604746 0.00453359 0.998159 115.298 0.0505603 0.99872 -0.00147285 -2.49461 -0.996888 0.0503781 -0.0606264 52.3274 
-0.060027 -0.00521603 0.998183 116.327 0.0507866 0.998675 0.00827276 -2.5097 -0.996904 0.0511909 -0.0596826 52.2818 
-0.0600384 -0.010516 0.998141 117.362 0.0491205 0.998702 0.0134766 -2.5215 -0.996987 0.0498382 -0.0594439 52.2434 
-0.0601959 -0.0157007 0.998063 118.368 0.0468133 0.998732 0.0185347 -2.52323 -0.997088 0.0478383 -0.0593846 52.2059 
-0.059841 -0.0190631 0.998026 119.39 0.0440773 0.998792 0.0217206 -2.52839 -0.997234 0.0452901 -0.0589285 52.1645 
-0.0599932 -0.0170466 0.998053 120.395 0.0429259 0.998885 0.0196411 -2.5331 -0.997275 0.0440207 -0.0591946 52.1255 
-0.0590309 -0.0100464 0.998206 121.384 0.0404081 0.999106 0.0124451 -2.53282 -0.997438 0.0410702 -0.0585721 52.0792 
-0.0589767 -0.0039207 0.998252 122.368 0.0407148 0.999151 0.00632971 -2.54008 -0.997429 0.0410169 -0.058767 52.0411 
-0.058647 0.00128081 0.998278 123.348 0.0410539 0.999156 0.00112994 -2.55353 -0.997434 0.0410495 -0.0586501 51.9982 
-0.0584502 0.00568783 0.998274 124.307 0.0428166 0.999078 -0.0031854 -2.57528 -0.997372 0.0425565 -0.0586398 51.9492 
-0.0580426 0.00945096 0.998269 125.271 0.0435272 0.999028 -0.00692729 -2.60519 -0.997365 0.0430498 -0.0583976 51.9091 
-0.0581004 0.00923438 0.998268 126.238 0.0447734 0.998975 -0.00663502 -2.61966 -0.997306 0.0443103 -0.0584543 51.8718 
-0.0581239 0.00299585 0.998305 127.212 0.0440667 0.999029 -0.000432308 -2.6395 -0.997336 0.0439669 -0.0581995 51.8361 
-0.0586998 -0.00694774 0.998252 128.164 0.041882 0.999078 0.0094163 -2.65835 -0.997397 0.0423615 -0.0583547 51.8003 
-0.059244 -0.0147013 0.998135 129.105 0.0365712 0.999188 0.0168875 -2.6692 -0.997573 0.0375035 -0.0586582 51.7639 
-0.062213 -0.0175663 0.997908 130.027 0.0315935 0.999309 0.0195606 -2.67399 -0.997563 0.0327443 -0.061615 51.736 
-0.064 -0.0150984 0.997836 130.924 0.0265884 0.999505 0.0168291 -2.68173 -0.997596 0.027608 -0.0635669 51.7009 
-0.06528 -0.00813364 0.997834 131.8 0.0238616 0.999668 0.0097097 -2.69245 -0.997582 0.0244438 -0.0650642 51.6661 
-0.0655467 -0.000958514 0.997849 132.67 0.0255742 0.999669 0.00264022 -2.7036 -0.997522 0.0256922 -0.0655006 51.6165 
-0.0644833 0.00454442 0.997908 133.505 0.0303903 0.999535 -0.00258801 -2.72457 -0.997456 0.0301598 -0.0645914 51.5747 
-0.0615529 0.00706632 0.998079 134.324 0.0335658 0.999424 -0.00500576 -2.74433 -0.997539 0.0331932 -0.0617546 51.5332 
-0.0570085 0.00674026 0.998351 135.128 0.0374649 0.999287 -0.00460719 -2.762 -0.997671 0.0371405 -0.0572204 51.4971 
-0.0518891 0.00152371 0.998652 135.924 0.0406955 0.999171 0.000590048 -2.7815 -0.997823 0.0406713 -0.0519082 51.4625 
-0.0481769 -0.00226831 0.998836 136.683 0.0414667 0.999131 0.00426909 -2.80141 -0.997978 0.0416241 -0.048041 51.4405 
-0.0442052 -0.00181085 0.999021 137.427 0.0415485 0.99913 0.00364955 -2.82031 -0.998158 0.0416691 -0.0440915 51.428 
-0.0400939 0.00249738 0.999193 138.134 0.0420966 0.999113 -0.000807963 -2.84127 -0.998309 0.0420302 -0.0401635 51.4154 
-0.0352015 0.0064425 0.99936 138.805 0.0429746 0.999064 -0.00492681 -2.85645 -0.998456 0.0427736 -0.0354454 51.3981 
-0.0310398 0.00712465 0.999493 139.452 0.0442213 0.999005 -0.00574782 -2.874 -0.998539 0.0440205 -0.031324 51.3944 
-0.0270802 0.00723849 0.999607 140.068 0.0410504 0.999138 -0.00612296 -2.89079 -0.99879 0.0408684 -0.027354 51.3965 
-0.0231776 0.00575931 0.999715 140.661 0.0365725 0.999319 -0.00490908 -2.91445 -0.999062 0.0364483 -0.0233725 51.4025 
-0.0194526 0.00619751 0.999792 141.227 0.0321911 0.999466 -0.00556912 -2.93189 -0.999292 0.032076 -0.0196417 51.4074 
-0.0166622 0.0096834 0.999814 141.783 0.0303433 0.999497 -0.00917461 -2.94505 -0.999401 0.0301848 -0.0169477 51.4125 
-0.0154332 0.013675 0.999787 142.314 0.029481 0.999478 -0.0132157 -2.96139 -0.999446 0.0292708 -0.0158283 51.4102 
-0.0157324 0.0145882 0.99977 142.851 0.0265786 0.999546 -0.0141666 -2.98267 -0.999523 0.0263496 -0.016113 51.4122 
-0.0173529 0.0132611 0.999762 143.386 0.0202945 0.999711 -0.0129081 -2.99445 -0.999643 0.0200657 -0.017617 51.4161 
-0.0196521 0.00897203 0.999767 143.919 0.0147741 0.999853 -0.00868235 -3.0069 -0.999698 0.0146 -0.0197818 51.4226 
-0.02164 0.00377412 0.999759 144.456 0.0143282 0.999891 -0.00346444 -3.02073 -0.999663 0.0142498 -0.0216918 51.4146 
-0.0237028 0.000766354 0.999719 144.979 0.017277 0.999851 -0.000356786 -3.03445 -0.99957 0.0172637 -0.0237125 51.4013 
-0.0263087 0.0028356 0.99965 145.489 0.0197087 0.999803 -0.00231731 -3.05326 -0.99946 0.0196408 -0.0263594 51.3908 
-0.029188 0.00618081 0.999555 145.995 0.018749 0.999808 -0.00563484 -3.06365 -0.999398 0.0185762 -0.0292983 51.3803 
-0.0317398 0.00756984 0.999468 146.488 0.0149549 0.999863 -0.00709787 -3.07716 -0.999384 0.0147216 -0.0318487 51.3742 
-0.0338009 0.00931348 0.999385 146.986 0.0146861 0.999853 -0.00882109 -3.08321 -0.999321 0.0143789 -0.0339327 51.3639 
-0.036446 0.0111751 0.999273 147.483 0.0158549 0.999818 -0.0106029 -3.0842 -0.99921 0.0154569 -0.0366166 51.3656 
-0.0394504 0.0086658 0.999184 147.975 0.0162153 0.999836 -0.0080312 -3.09698 -0.99909 0.0158853 -0.0395845 51.3563 
-0.041688 0.0034593 0.999125 148.475 0.0155728 0.999875 -0.00281209 -3.11215 -0.999009 0.015442 -0.0417366 51.3376 
-0.0442164 0.000351295 0.999022 148.971 0.0145859 0.999894 0.000294009 -3.11879 -0.998916 0.0145847 -0.0442168 51.3249 
-0.0470017 -0.000961261 0.998894 149.463 0.012456 0.999921 0.00154839 -3.13235 -0.998817 0.012515 -0.046986 51.3135 
-0.0493624 -0.00271665 0.998777 149.948 0.0108837 0.999936 0.00325775 -3.14678 -0.998722 0.0110312 -0.0493296 51.3089 
-0.0507136 -0.00435586 0.998704 150.434 0.0102118 0.999936 0.00487983 -3.15854 -0.998661 0.010446 -0.0506659 51.2946 
-0.0520375 -0.00432456 0.998636 150.921 0.00979031 0.99994 0.00484041 -3.16171 -0.998597 0.0100288 -0.0519921 51.289 
-0.0507274 -0.00243156 0.99871 151.406 0.0126819 0.999915 0.00307869 -3.16502 -0.998632 0.0128217 -0.0506922 51.2665 
-0.0463461 0.000119369 0.998925 151.877 0.0150729 0.999886 0.000579876 -3.17307 -0.998812 0.0150835 -0.0463426 51.2602 
-0.0389833 0.00188078 0.999238 152.349 0.0152895 0.999882 -0.00128546 -3.18381 -0.999123 0.0152277 -0.0390075 51.2534 
-0.0295613 0.00198126 0.999561 152.812 0.0132036 0.999912 -0.00159143 -3.18944 -0.999476 0.0131507 -0.0295849 51.2694 
-0.0138715 0.000800046 0.999904 153.266 0.0150336 0.999887 -0.000591432 -3.19856 -0.999791 0.015024 -0.0138819 51.2751 
0.00814172 0.0010973 0.999966 153.716 0.0206523 0.999786 -0.00126521 -3.20277 -0.999754 0.0206619 0.00811732 51.2969 
0.0378656 0.00179384 0.999281 154.156 0.0270591 0.99963 -0.00281977 -3.2098 -0.998916 0.0271465 0.0378031 51.3277 
0.0743403 0.000914954 0.997233 154.591 0.0289137 0.999577 -0.00307248 -3.21903 -0.996814 0.0290621 0.0742825 51.382 
0.114507 0.00106636 0.993422 155.014 0.0254817 0.999667 -0.00401018 -3.22768 -0.993096 0.0257733 0.114442 51.4769 
0.156253 0.00414119 0.987708 155.426 0.0208045 0.999756 -0.00748287 -3.23936 -0.987498 0.021718 0.156129 51.5837 
0.197923 0.00870163 0.980179 155.83 0.020306 0.99971 -0.0129753 -3.24746 -0.980007 0.0224716 0.197689 51.7029 
0.240645 0.0129103 0.970527 156.237 0.0212896 0.999601 -0.0185758 -3.25703 -0.97038 0.0251323 0.240274 51.8285 
0.282952 0.0153205 0.959012 156.633 0.022029 0.999505 -0.0224669 -3.26744 -0.958881 0.0274831 0.282475 51.9832 
0.324585 0.0174564 0.945695 157.02 0.0184767 0.999522 -0.0247915 -3.27505 -0.945676 0.0255203 0.324107 52.1535 
0.364845 0.0208224 0.930835 157.384 0.0110458 0.999583 -0.0266896 -3.29229 -0.931003 0.0200194 0.364463 52.3514 
0.404454 0.0262937 0.91418 157.739 0.00194412 0.99956 -0.0296095 -3.30279 -0.914556 0.013753 0.404225 52.5595 
0.4439 0.0319004 0.895508 158.097 -0.00257434 0.999407 -0.0343254 -3.32078 -0.896073 0.0129317 0.443719 52.7845 
0.482046 0.0357671 0.875415 158.447 -0.00412307 0.999248 -0.0385562 -3.33945 -0.876136 0.0149765 0.481831 53.0238 
0.519926 0.0347444 0.853504 158.795 -0.00269856 0.999234 -0.0390328 -3.35841 -0.854207 0.017991 0.519622 53.2742 
0.555814 0.033353 0.830637 159.141 -0.00454629 0.999302 -0.0370833 -3.37623 -0.831294 0.0168352 0.555578 53.5514 
0.589348 0.0342686 0.807152 159.478 -0.00943586 0.999324 -0.0355377 -3.39447 -0.807824 0.0133279 0.589273 53.8531 
0.620867 0.038622 0.782964 159.797 -0.0170914 0.999215 -0.0357362 -3.41347 -0.78373 0.00880546 0.62104 54.1742 
0.650788 0.0421323 0.75809 160.114 -0.0225131 0.999091 -0.0361998 -3.43258 -0.758926 0.00649151 0.651145 54.5116 
0.67891 0.0428229 0.732972 160.441 -0.0227092 0.999045 -0.0373336 -3.45858 -0.73387 0.00870102 0.679234 54.8521 
0.704151 0.0409458 0.708869 160.768 -0.0179292 0.999043 -0.0398969 -3.47331 -0.709824 0.015384 0.704211 55.2146 
0.726764 0.0422878 0.685584 161.088 -0.0194652 0.99897 -0.0409834 -3.49063 -0.686611 0.0164403 0.726839 55.601 
0.746412 0.046526 0.663856 161.396 -0.0267348 0.998844 -0.0399439 -3.51348 -0.664947 0.0120665 0.746793 56.013 
0.763202 0.0485042 0.644337 161.713 -0.0336566 0.998809 -0.0353224 -3.54103 -0.645283 0.00527192 0.763925 56.4408 
0.776466 0.0464376 0.628446 162.042 -0.0347702 0.998919 -0.030853 -3.56935 -0.6292 0.00210505 0.777241 56.8802 
0.787299 0.0411415 0.615198 162.371 -0.0305313 0.999149 -0.027746 -3.58807 -0.615815 0.00306161 0.787885 57.3287 
0.796648 0.0335811 0.60351 162.713 -0.0244674 0.999429 -0.0233136 -3.61199 -0.603948 0.00380646 0.797015 57.7878 
0.803985 0.0268979 0.594041 163.053 -0.0196283 0.999633 -0.0186975 -3.63191 -0.594326 0.00337256 0.804217 58.2658 
0.810735 0.0234464 0.584943 163.393 -0.0177624 0.999723 -0.0154533 -3.65109 -0.585144 0.00213851 0.810927 58.7599 
0.817848 0.0203988 0.575073 163.737 -0.0153445 0.999789 -0.0136417 -3.66595 -0.57523 0.00233267 0.817988 59.2733 
0.825215 0.0158903 0.564595 164.086 -0.0100147 0.999859 -0.0135029 -3.68935 -0.56473 0.00548857 0.825258 59.801 
0.831578 0.0166514 0.555158 164.422 -0.00865332 0.999818 -0.0170265 -3.7073 -0.55534 0.00935492 0.831571 60.3446 
0.837386 0.0205557 0.546225 164.768 -0.00991783 0.9997 -0.0224163 -3.72457 -0.546522 0.0133538 0.837338 60.9007 
0.841521 0.0259778 0.5396 165.106 -0.0130517 0.999529 -0.0277654 -3.74104 -0.540067 0.0163225 0.841464 61.487 
0.843636 0.0304982 0.536048 165.462 -0.0160797 0.999373 -0.0315525 -3.76389 -0.536674 0.0179993 0.843598 62.0808 
0.843749 0.0353209 0.535575 165.83 -0.0214016 0.999253 -0.0321839 -3.79299 -0.536312 0.015693 0.843874 62.6852 
0.841969 0.035525 0.538355 166.207 -0.0240076 0.999308 -0.0283953 -3.81822 -0.538991 0.0109834 0.84224 63.3111 
0.839548 0.0369158 0.54203 166.597 -0.026404 0.999282 -0.0271606 -3.85329 -0.542644 0.00849088 0.83992 63.9457 
0.836706 0.0384026 0.546305 166.995 -0.0287331 0.999243 -0.0262349 -3.88393 -0.546899 0.00625384 0.837175 64.5835 
0.833736 0.0382731 0.550836 167.409 -0.0298673 0.99926 -0.0242237 -3.91449 -0.551356 0.00374426 0.834262 65.2281 
0.830517 0.036082 0.555823 167.83 -0.0271144 0.999336 -0.0243586 -3.93387 -0.556333 0.00515943 0.830944 65.8886 
0.82731 0.0330129 0.560775 168.271 -0.0253143 0.999449 -0.0214914 -3.96585 -0.561175 0.00358448 0.827689 66.5436 
0.82338 0.0339766 0.566472 168.715 -0.0266826 0.99942 -0.0211608 -3.98818 -0.566863 0.00230846 0.823809 67.2193 
0.820033 0.0360152 0.571181 169.174 -0.0280186 0.999348 -0.022787 -4.01855 -0.571629 0.00268241 0.820508 67.894 
0.817149 0.036639 0.57526 169.647 -0.0265235 0.999311 -0.0259708 -4.05013 -0.575815 0.00596413 0.817558 68.5734 
0.814344 0.0384769 0.579106 170.127 -0.0262687 0.999221 -0.0294507 -4.08152 -0.579788 0.00877065 0.81472 69.2665 
0.811709 0.0377638 0.582841 170.618 -0.0254947 0.999247 -0.0292378 -4.11036 -0.583506 0.00887324 0.81206 69.9628 
0.809395 0.0349318 0.586225 171.126 -0.0271174 0.999388 -0.0221105 -4.14988 -0.586638 0.00199924 0.809847 70.6758 
0.807058 0.0311179 0.589652 171.628 -0.026765 0.999512 -0.0161143 -4.18548 -0.589866 -0.00277684 0.807497 71.3899 
0.805237 0.0286554 0.59226 172.113 -0.0214794 0.999586 -0.0191596 -4.23202 -0.592564 0.00270664 0.805519 72.0745 
0.803778 0.0341373 0.593949 172.607 -0.0203141 0.999345 -0.0299468 -4.26523 -0.594582 0.0120051 0.803945 72.7686 
0.802422 0.0363178 0.595651 173.103 -0.0177234 0.999156 -0.0370443 -4.30229 -0.596494 0.0191682 0.802389 73.4555 
0.801604 0.0333272 0.596926 173.616 -0.0143248 0.999229 -0.0365517 -4.344 -0.597684 0.0207491 0.801463 74.1514 
0.801113 0.0274729 0.597883 174.128 -0.0115631 0.99947 -0.0304323 -4.38944 -0.598402 0.0174664 0.801006 74.855 
0.800579 0.0232952 0.598774 174.638 -0.00849656 0.999585 -0.0275284 -4.42927 -0.599167 0.0169512 0.800445 75.5604 
0.800802 0.0181791 0.598654 175.145 -0.00354592 0.999666 -0.0256132 -4.46861 -0.598919 0.0183883 0.800598 76.2582 
0.801304 0.013541 0.598104 175.652 0.00203758 0.999676 -0.0253623 -4.50759 -0.598253 0.0215416 0.801017 76.9434 
0.802168 0.0114785 0.596987 176.155 0.00485647 0.999657 -0.0257463 -4.54879 -0.597078 0.0235521 0.801837 77.6299 
0.802981 0.013872 0.595844 176.651 0.00541466 0.999518 -0.030567 -4.58582 -0.595981 0.027771 0.802518 78.3117 
0.803432 0.0129401 0.595257 177.137 0.00910665 0.99938 -0.0340165 -4.63654 -0.595328 0.0327508 0.802815 78.9937 
0.803538 0.0102699 0.595165 177.624 0.0112587 0.99941 -0.0324458 -4.67238 -0.595147 0.0327722 0.802948 79.674 
0.803388 0.00821792 0.595399 178.108 0.00912342 0.999618 -0.0261075 -4.71789 -0.595386 0.0264065 0.803006 80.3506 
0.802699 0.00247103 0.596379 178.592 0.00973909 0.999804 -0.0172509 -4.75293 -0.596305 0.0196555 0.802517 81.0476 
0.802383 -0.00258067 0.596805 179.075 0.0123363 0.999849 -0.0122621 -4.78537 -0.596683 0.0172013 0.802293 81.714 
0.801615 -0.00540095 0.597817 179.543 0.0148869 0.999829 -0.0109288 -4.81541 -0.597656 0.0176604 0.801559 82.3593 
0.800634 -0.00155241 0.599152 179.994 0.0125345 0.999821 -0.014159 -4.84702 -0.599023 0.0188462 0.80051 82.9902 
0.799536 0.00616673 0.600587 180.432 0.00948846 0.999693 -0.0228962 -4.8793 -0.600544 0.024005 0.799232 83.6008 
0.797998 0.0107841 0.602564 180.867 0.00957957 0.999487 -0.0305744 -4.90723 -0.602584 0.0301706 0.797485 84.2032 
0.795968 0.0104009 0.605249 181.3 0.0130271 0.999327 -0.0343048 -4.94313 -0.605198 0.0351902 0.795297 84.7792 
0.792931 0.00721306 0.609269 181.702 0.0149792 0.999397 -0.0313263 -4.97879 -0.609127 0.0339659 0.792345 85.365 
