1 2.12261e-08 -2.11895e-08 0 2.12261e-08 1 2.10703e-08 0 -2.11895e-08 2.10703e-08 1 0 
0.999927 -0.00271074 0.0117582 0.00182635 0.00269984 0.999996 0.000946328 -0.00244888 -0.0117608 -0.000914472 0.99993 0.28925 
0.999826 -0.0047464 0.0180149 0.0149045 0.00472353 0.999988 0.00131444 -0.011626 -0.018021 -0.00122908 0.999837 0.585051 
0.99978 -0.00766314 0.0195345 0.026888 0.00766687 0.999971 -0.00011364 -0.0135027 -0.0195331 0.000263425 0.999809 0.891904 
0.999812 -0.00910784 0.0171309 0.0369731 0.00913928 0.999957 -0.00175576 -0.0108045 -0.0171142 0.00191203 0.999852 1.21439 
0.999879 -0.0117987 0.0101711 0.0320442 0.0118327 0.999925 -0.00327968 -0.0114024 -0.0101317 0.00339968 0.999943 1.5297 
0.999908 -0.0133819 -0.00240009 0.0268188 0.0133695 0.999897 -0.00515133 -0.0132953 0.00246874 0.00511881 0.999984 1.86671 
0.999737 -0.0124912 -0.0192112 0.00687628 0.0123885 0.999908 -0.00545571 -0.0196968 0.0192776 0.00521633 0.999801 2.21465 
0.999189 -0.00841759 -0.0393706 -0.0209519 0.00820306 0.999951 -0.00560848 -0.0245464 0.0394159 0.00528102 0.999209 2.55308 
0.998267 -0.00483204 -0.0586543 -0.0744192 0.00444701 0.999968 -0.00669381 -0.0318193 0.0586847 0.00642142 0.998256 2.9147 
0.99683 -0.00500194 -0.0793989 -0.114598 0.00445925 0.999966 -0.00701135 -0.0377681 0.0794312 0.00663511 0.996818 3.29293 
0.994862 -0.00649889 -0.101034 -0.165802 0.00583889 0.99996 -0.00682722 -0.0358931 0.101074 0.00620226 0.99486 3.67128 
0.992632 -0.00801903 -0.1209 -0.230681 0.00733658 0.999955 -0.00608915 -0.0422023 0.120944 0.00515733 0.992646 4.06093 
0.990263 -0.00698936 -0.139032 -0.306744 0.00627231 0.999965 -0.00559515 -0.0492236 0.139067 0.00466866 0.990272 4.44968 
0.987984 -0.00583977 -0.154443 -0.391885 0.00515393 0.999975 -0.00484096 -0.0558269 0.154467 0.00398685 0.98799 4.87041 
0.985707 -0.005102 -0.168389 -0.477725 0.00428666 0.999977 -0.00520538 -0.0614774 0.168412 0.0044092 0.985707 5.28834 
0.983535 -0.0072423 -0.180573 -0.573253 0.00624402 0.999962 -0.00609642 -0.0679978 0.18061 0.00486859 0.983543 5.72866 
0.981643 -0.0103319 -0.190447 -0.666621 0.00889959 0.999925 -0.00837463 -0.0762187 0.190519 0.00652604 0.981662 6.16851 
0.979993 -0.0101187 -0.198774 -0.770591 0.00828403 0.999915 -0.0100596 -0.0866958 0.198859 0.00821173 0.979994 6.62638 
0.97846 -0.00971526 -0.206207 -0.885355 0.00736492 0.999899 -0.0121627 -0.0902183 0.206304 0.0103821 0.978433 7.09113 
0.97674 -0.00994679 -0.214197 -1.00841 0.00684286 0.999861 -0.0152278 -0.0994409 0.214319 0.0134079 0.976672 7.57164 
0.974913 -0.0143602 -0.222122 -1.12638 0.0108908 0.999799 -0.0168367 -0.111851 0.222319 0.0139953 0.974874 8.07211 
0.973156 -0.0197306 -0.229301 -1.26268 0.0159158 0.999703 -0.0184747 -0.120032 0.229597 0.0143293 0.97318 8.5658 
0.970983 -0.0202575 -0.238289 -1.39907 0.0156441 0.999652 -0.0212362 -0.130715 0.238636 0.0168922 0.970962 9.08789 
0.968986 -0.0161605 -0.246587 -1.56199 0.0100285 0.999609 -0.0261034 -0.136408 0.246912 0.022821 0.968769 9.61148 
0.966749 -0.0126375 -0.255414 -1.71939 0.00538719 0.999563 -0.0290661 -0.159525 0.25567 0.0267237 0.966395 10.1386 
0.964446 -0.0137145 -0.263924 -1.86053 0.00582959 0.999514 -0.0306359 -0.190418 0.264216 0.0280081 0.964057 10.6633 
0.962141 -0.0166397 -0.272045 -2.03366 0.00818477 0.999448 -0.0321845 -0.220502 0.27243 0.0287395 0.961746 11.2059 
0.959784 -0.0155213 -0.28031 -2.21641 0.00590866 0.999366 -0.0351057 -0.240149 0.280677 0.0320377 0.959267 11.7908 
0.957437 -0.0151175 -0.288248 -2.41244 0.00420099 0.999252 -0.038453 -0.267741 0.288613 0.0356055 0.956784 12.3674 
0.955109 -0.0159815 -0.295823 -2.61418 0.00312182 0.999031 -0.0438923 -0.297721 0.296238 0.0409985 0.954234 12.9645 
0.953332 -0.0177455 -0.301403 -2.82771 0.00244885 0.998693 -0.051054 -0.333485 0.301915 0.0479334 0.952129 13.5814 
0.951822 -0.0191759 -0.306052 -3.03379 0.00105959 0.998243 -0.0592503 -0.367651 0.30665 0.0560715 0.950169 14.1887 
0.950759 -0.0190373 -0.309347 -3.26316 -0.00216351 0.99768 -0.068047 -0.411654 0.309925 0.0653656 0.948511 14.8148 
0.949312 -0.0187341 -0.313775 -3.49825 -0.00579955 0.997009 -0.0770733 -0.458881 0.314281 0.0749865 0.946364 15.4593 
0.947986 -0.0189586 -0.317748 -3.74095 -0.00833166 0.996405 -0.0843085 -0.509124 0.318204 0.0825707 0.94442 16.1344 
0.946505 -0.0181875 -0.322177 -4.00381 -0.0118863 0.995768 -0.091133 -0.565329 0.322471 0.0900873 0.942283 16.8026 
0.94483 -0.0174889 -0.327095 -4.25324 -0.0152526 0.995142 -0.0972656 -0.630794 0.327207 0.0968886 0.939972 17.4724 
0.943223 -0.0143571 -0.331848 -4.51757 -0.0209138 0.994516 -0.102471 -0.710733 0.3315 0.103593 0.937751 18.1274 
0.941441 -0.0126126 -0.336941 -4.79151 -0.0242849 0.994168 -0.105068 -0.791484 0.336301 0.107098 0.935645 18.8232 
0.939701 -0.0109067 -0.341823 -5.07114 -0.0271842 0.993947 -0.106446 -0.871234 0.340915 0.10932 0.933716 19.5171 
0.937486 -0.0102947 -0.347871 -5.34562 -0.0281354 0.994049 -0.10524 -0.962954 0.346884 0.108448 0.931617 20.2151 
0.935107 -0.00952001 -0.354237 -5.63699 -0.0293552 0.994122 -0.104208 -1.04017 0.353147 0.107845 0.929331 20.9331 
0.932433 -0.00965093 -0.361213 -5.92034 -0.0294045 0.994301 -0.102471 -1.12807 0.360144 0.106168 0.926836 21.6302 
0.929339 -0.00904478 -0.369118 -6.24168 -0.0297793 0.994607 -0.0993479 -1.21005 0.368026 0.10332 0.924057 22.3643 
0.925935 -0.00761032 -0.377607 -6.56769 -0.0299815 0.995161 -0.0935748 -1.29292 0.376491 0.0979654 0.921226 23.1186 
0.922613 -0.00324024 -0.385714 -6.91751 -0.0335454 0.995502 -0.0886021 -1.37382 0.384267 0.0946844 0.918354 23.8655 
0.918781 -0.000611788 -0.394768 -7.27492 -0.0355691 0.995803 -0.0843265 -1.45103 0.393163 0.0915192 0.914903 24.6371 
0.915226 0.00141044 -0.402939 -7.64427 -0.0380057 0.995838 -0.0828394 -1.52256 0.401145 0.0911308 0.91147 25.3925 
0.911393 0.00196117 -0.411532 -8.01484 -0.0393373 0.995825 -0.0823723 -1.59716 0.409652 0.0912622 0.907666 26.145 
0.907413 0.00139561 -0.420238 -8.39314 -0.0390365 0.995951 -0.0809834 -1.66939 0.418423 0.08989 0.903793 26.9147 
0.903319 0.00283743 -0.428961 -8.79496 -0.0408585 0.996001 -0.0794528 -1.74029 0.42702 0.0892979 0.899822 27.7007 
0.899537 0.00214317 -0.436839 -9.17594 -0.0396568 0.99626 -0.0767734 -1.81886 0.435041 0.0863842 0.896257 28.4548 
0.895723 0.00353178 -0.444598 -9.58639 -0.0401549 0.996525 -0.0729832 -1.88814 0.442795 0.0832256 0.892752 29.2298 
0.89213 0.00603468 -0.451739 -10.0082 -0.0409877 0.996868 -0.067629 -1.95199 0.449916 0.0788496 0.889583 30.0081 
0.888214 0.00664736 -0.459381 -10.4407 -0.0403462 0.997161 -0.0635804 -2.018 0.457654 0.0750074 0.885961 30.809 
0.884491 0.00587406 -0.46652 -10.8813 -0.039378 0.997293 -0.0621011 -2.08161 0.464892 0.0732986 0.882328 31.6104 
0.881106 0.00410603 -0.472901 -11.3516 -0.0376047 0.997404 -0.0614047 -2.13436 0.471422 0.0718875 0.878973 32.4455 
0.87821 0.00400352 -0.478259 -11.8064 -0.0365916 0.997597 -0.0588411 -2.20401 0.476874 0.0691751 0.876246 33.2392 
0.875188 0.00178061 -0.48378 -12.2844 -0.033976 0.99775 -0.0577923 -2.26335 0.482589 0.0670161 0.873279 34.0713 
0.872561 0.00184576 -0.488502 -12.7634 -0.0347126 0.997699 -0.058234 -2.32449 0.48727 0.0677699 0.870618 34.8857 
0.870883 0.00151947 -0.491488 -13.3228 -0.0354977 0.997578 -0.0598155 -2.35831 0.490206 0.0695391 0.868828 35.7567 
0.869614 0.000200399 -0.493732 -13.902 -0.0346188 0.997563 -0.0605697 -2.39829 0.492516 0.0697647 0.867502 36.6715 
0.869331 0.0006802 -0.49423 -14.4331 -0.035095 0.99756 -0.0603578 -2.45803 0.492983 0.0698159 0.867233 37.5442 
0.869074 0.000672916 -0.494682 -14.9551 -0.0340705 0.997706 -0.0584992 -2.53074 0.493507 0.0676942 0.867103 38.428 
0.868609 -0.00144917 -0.495496 -15.4652 -0.0313796 0.997828 -0.0579271 -2.59904 0.494504 0.0658645 0.866676 39.3059 
0.8681 -0.00344401 -0.496378 -16.003 -0.0295081 0.99785 -0.0585291 -2.66744 0.495512 0.0654563 0.866131 40.2021 
0.867464 -0.00484129 -0.497476 -16.5362 -0.0284259 0.997837 -0.0592778 -2.733 0.496687 0.0655626 0.86545 41.0606 
0.866316 -0.00492225 -0.499471 -17.1207 -0.0275792 0.997955 -0.0576701 -2.7942 0.498734 0.0637356 0.864409 41.9735 
0.864111 -0.00504163 -0.503276 -17.6597 -0.0252264 0.998259 -0.0533133 -2.86796 0.502669 0.0587645 0.86248 42.8777 
0.861242 -0.00537728 -0.508167 -18.2091 -0.0229848 0.998509 -0.0495206 -2.93582 0.507675 0.0543294 0.859834 43.7724 
0.857395 -0.00589754 -0.514624 -18.7959 -0.0219552 0.998605 -0.0480226 -2.99885 0.51419 0.0524731 0.85607 44.6902 
0.852188 -0.00978101 -0.523145 -19.3486 -0.0191232 0.998575 -0.049821 -3.07519 0.522887 0.0524611 0.850786 45.5548 
0.845968 -0.0137722 -0.533057 -19.9398 -0.0171863 0.998443 -0.053071 -3.13616 0.532957 0.0540577 0.844414 46.4675 
0.839953 -0.0142285 -0.542472 -20.5237 -0.0166215 0.998513 -0.0519264 -3.21362 0.542404 0.0526325 0.838467 47.3105 
0.833845 -0.0104801 -0.551899 -21.131 -0.0182788 0.998747 -0.0465823 -3.27906 0.551696 0.0489305 0.832609 48.2071 
0.82874 -0.00612744 -0.5596 -21.759 -0.021366 0.998865 -0.0425792 -3.33135 0.559226 0.0472436 0.827668 49.0835 
0.824571 -0.0066001 -0.56572 -22.3876 -0.0222205 0.998783 -0.0440403 -3.39321 0.565322 0.048885 0.82342 49.9624 
0.821496 -0.00832654 -0.570154 -23.0141 -0.023422 0.998557 -0.0483302 -3.45691 0.569734 0.0530573 0.820115 50.8121 
0.818386 -0.0118316 -0.574547 -23.6491 -0.0244291 0.998168 -0.055352 -3.52522 0.57415 0.059335 0.816598 51.6646 
0.815283 -0.0132322 -0.578912 -24.2838 -0.0242338 0.998083 -0.0569417 -3.59456 0.578556 0.0604529 0.813399 52.5249 
0.811704 -0.0113815 -0.583958 -24.9157 -0.0242833 0.998288 -0.053211 -3.66364 0.583564 0.0573721 0.810038 53.3732 
0.808854 -0.00870557 -0.587945 -25.5778 -0.023987 0.99857 -0.0477852 -3.73705 0.58752 0.0527543 0.807488 54.2247 
0.806028 -0.0070185 -0.591836 -26.222 -0.0238205 0.998735 -0.0442853 -3.80973 0.591398 0.0497931 0.804841 55.0571 
0.802699 -0.00678135 -0.596345 -26.872 -0.0247258 0.998697 -0.0446385 -3.87365 0.595871 0.0505765 0.801486 55.8817 
0.799099 -0.00873618 -0.601136 -27.5427 -0.0237265 0.998657 -0.0460533 -3.94013 0.600731 0.0510641 0.797819 56.7402 
0.794958 -0.0120321 -0.606546 -28.2164 -0.0221606 0.99856 -0.048853 -3.99541 0.60626 0.0522775 0.793546 57.5974 
0.790968 -0.0131517 -0.611716 -28.8993 -0.0214221 0.998561 -0.0491682 -4.06249 0.611482 0.0519948 0.789548 58.431 
0.786516 -0.013829 -0.617415 -29.58 -0.0204115 0.998621 -0.0483693 -4.12618 0.617232 0.0506457 0.785149 59.2579 
0.781773 -0.0136203 -0.623415 -30.2804 -0.0206404 0.998648 -0.0477018 -4.19172 0.623222 0.0501596 0.780435 60.0884 
0.776716 -0.0148432 -0.629676 -30.9785 -0.0203345 0.99861 -0.048623 -4.26052 0.629523 0.0505704 0.775335 60.9172 
0.771644 -0.0157957 -0.635859 -31.6924 -0.0206106 0.998546 -0.0498173 -4.31954 0.635721 0.0515467 0.770196 61.7413 
0.766212 -0.0171646 -0.642359 -32.4087 -0.0204727 0.998484 -0.0511007 -4.38452 0.642262 0.0523048 0.764698 62.5553 
0.760504 -0.019248 -0.649048 -33.1336 -0.0187754 0.998491 -0.0516105 -4.45894 0.649062 0.0514362 0.758995 63.3762 
0.754032 -0.0216276 -0.656482 -33.8641 -0.0169348 0.998485 -0.0523461 -4.5273 0.65662 0.0505881 0.752524 64.2047 
0.748172 -0.0234694 -0.66309 -34.6673 -0.0151335 0.998511 -0.0524166 -4.59215 0.663332 0.0492516 0.746702 65.0394 
0.742301 -0.0234199 -0.669657 -35.4468 -0.0142789 0.998609 -0.0507523 -4.65956 0.669914 0.0472355 0.740935 65.846 
0.735564 -0.0234736 -0.677049 -36.174 -0.0141325 0.99865 -0.0499777 -4.73739 0.677308 0.0463303 0.734239 66.6364 
0.729507 -0.0248885 -0.68352 -36.9645 -0.0138244 0.998597 -0.0511157 -4.80112 0.683833 0.0467386 0.72814 67.4224 
0.723236 -0.0273359 -0.69006 -37.7524 -0.0130956 0.998494 -0.0532793 -4.86508 0.690477 0.0475702 0.721788 68.2201 
0.717182 -0.0262473 -0.696391 -38.5547 -0.0153944 0.99845 -0.0534862 -4.93116 0.696716 0.0490799 0.715666 69.0052 
0.711972 -0.0251129 -0.701759 -39.3782 -0.0167781 0.998467 -0.0527531 -5.00087 0.702008 0.049333 0.710459 69.7998 
0.70726 -0.0250474 -0.70651 -40.1736 -0.0177109 0.998431 -0.0531264 -5.0686 0.706732 0.0500872 0.705707 70.5612 
0.702761 -0.025555 -0.710967 -41.0248 -0.0181429 0.998386 -0.0538195 -5.15484 0.711195 0.0507213 0.701163 71.3418 
0.697405 -0.0270781 -0.716165 -41.8578 -0.0190424 0.998233 -0.0562866 -5.23371 0.716424 0.0528921 0.695657 72.1218 
0.692126 -0.0302112 -0.721144 -42.7293 -0.0176997 0.998113 -0.0588018 -5.30981 0.72156 0.0534624 0.690285 72.9205 
0.687083 -0.0311023 -0.725913 -43.5805 -0.0177015 0.99807 -0.0595176 -5.3856 0.726364 0.0537433 0.685206 73.6907 
0.682557 -0.0293411 -0.730243 -44.4699 -0.0195599 0.998102 -0.0583863 -5.46516 0.730571 0.0541356 0.680688 74.4749 
0.677658 -0.0285743 -0.734822 -45.3301 -0.0195543 0.998191 -0.0568488 -5.55843 0.735117 0.052893 0.675873 75.2319 
0.672714 -0.0292678 -0.739324 -46.2215 -0.0198626 0.998143 -0.0575868 -5.63846 0.739636 0.0534244 0.670883 75.9986 
0.668613 -0.0302813 -0.742993 -47.1755 -0.0194357 0.998118 -0.0581692 -5.70955 0.743356 0.0533333 0.666766 76.778 
0.664017 -0.0302744 -0.747104 -48.0812 -0.01903 0.998172 -0.0573619 -5.79659 0.747475 0.0523068 0.662227 77.5538 
0.660145 -0.0312937 -0.750486 -48.9872 -0.0176121 0.998212 -0.0571155 -5.87686 0.750931 0.0509222 0.658414 78.316 
0.656646 -0.0337077 -0.753445 -49.9042 -0.0153668 0.998195 -0.05805 -5.96404 0.754042 0.0496964 0.654943 79.0726 
0.652712 -0.0379788 -0.756654 -50.8174 -0.0126843 0.998055 -0.0610373 -6.04622 0.7575 0.0494375 0.65096 79.8338 
0.64796 -0.0419656 -0.760518 -51.7097 -0.00868774 0.998009 -0.0624724 -6.13098 0.761625 0.0470868 0.646305 80.5626 
0.641625 -0.045164 -0.765688 -52.6233 -0.00425522 0.99804 -0.062435 -6.21552 0.767007 0.0433181 0.640175 81.2972 
0.633581 -0.0486503 -0.772145 -53.5648 -0.000443561 0.997998 -0.0632446 -6.29638 0.773676 0.0404131 0.632291 82.0465 
0.62481 -0.0498465 -0.779184 -54.5348 0.00263884 0.998089 -0.0617344 -6.38175 0.780772 0.0365162 0.623748 82.7937 
0.616185 -0.0483893 -0.786114 -55.5316 0.00269165 0.998234 -0.0593366 -6.46801 0.787597 0.0344464 0.615227 83.5419 
0.607602 -0.0481776 -0.79278 -56.5312 0.0017489 0.998237 -0.059323 -6.55412 0.79424 0.0346583 0.606615 84.2687 
0.598109 -0.0497655 -0.799868 -57.5189 0.000556715 0.998096 -0.0616824 -6.63016 0.801415 0.0364475 0.596998 84.9805 
0.588477 -0.0519202 -0.806845 -58.542 0.000653419 0.997966 -0.0637422 -6.71865 0.808514 0.0369836 0.587314 85.6901 
0.578358 -0.053745 -0.814011 -59.5701 0.00179442 0.997909 -0.064612 -6.81574 0.815781 0.0359082 0.577245 86.4038 
0.568634 -0.054445 -0.820787 -60.6007 0.00435006 0.997992 -0.0631858 -6.90862 0.822579 0.0323592 0.567729 87.0932 
0.559049 -0.0542136 -0.82736 -61.6311 0.00489365 0.998058 -0.0620922 -6.99985 0.82912 0.0306638 0.558229 87.7498 
0.548918 -0.0550766 -0.83406 -62.67 0.00515813 0.998031 -0.0625096 -7.08747 0.83586 0.0300105 0.548122 88.408 
0.539244 -0.0558822 -0.840294 -63.7328 0.00389835 0.997951 -0.0638652 -7.17459 0.842141 0.0311632 0.538357 89.0607 
0.529276 -0.0565826 -0.846561 -64.7986 0.00269696 0.997881 -0.0650104 -7.2692 0.848445 0.0321254 0.528307 89.7034 
0.51964 -0.0569807 -0.852483 -65.896 0.00055946 0.997796 -0.0663525 -7.36745 0.854385 0.0340025 0.518526 90.3391 
0.510533 -0.0566659 -0.857989 -66.9861 -0.000262986 0.997816 -0.0660573 -7.47282 0.859858 0.0339501 0.509403 90.948 
0.501733 -0.054624 -0.863296 -68.0812 -0.000997324 0.997967 -0.0637248 -7.57411 0.865022 0.0328339 0.500659 91.5572 
0.493547 -0.0532719 -0.868086 -69.1845 0.000134049 0.998127 -0.0611759 -7.66806 0.869719 0.0300769 0.49263 92.1615 
0.486338 -0.0534553 -0.872134 -70.2934 -0.000221547 0.998119 -0.0613008 -7.75979 0.873771 0.0300062 0.485412 92.7466 
0.47902 -0.0562215 -0.876002 -71.4333 0.000286532 0.997957 -0.0638919 -7.8478 0.877804 0.0303546 0.478057 93.3433 
0.472014 -0.0599813 -0.879548 -72.5614 0.00393594 0.997816 -0.0659345 -7.94939 0.881582 0.0276602 0.471219 93.9253 
0.465254 -0.0621651 -0.882992 -73.6718 0.00477831 0.997693 -0.0677227 -8.05434 0.885164 0.0272891 0.464478 94.4984 
0.458951 -0.0664064 -0.885976 -74.8285 0.0074034 0.997454 -0.0709269 -8.16453 0.888431 0.0259928 0.458274 95.1071 
0.454877 -0.0666661 -0.888056 -75.9568 0.00997926 0.997513 -0.0697715 -8.28558 0.890499 0.0228754 0.454411 95.6431 
0.450706 -0.064036 -0.890373 -77.0948 0.0115346 0.997758 -0.0659205 -8.39481 0.892598 0.0194407 0.450434 96.192 
0.446768 -0.0627745 -0.892445 -78.2481 0.0151435 0.997923 -0.0626128 -8.49029 0.894522 0.0144587 0.44679 96.7581 
0.443392 -0.0618262 -0.894193 -79.3894 0.0167494 0.998016 -0.0606994 -8.59929 0.896171 0.0119365 0.443548 97.3051 
0.440674 -0.0618621 -0.895533 -80.5351 0.0183127 0.998035 -0.0599314 -8.68842 0.89748 0.0100106 0.440941 97.8515 
0.438038 -0.0606835 -0.896906 -81.6643 0.0199787 0.99813 -0.0577749 -8.78589 0.898734 0.00738861 0.438432 98.3901 
0.436439 -0.0598942 -0.897738 -82.8134 0.0214736 0.998191 -0.0561566 -8.87745 0.899477 0.00523134 0.436936 98.9154 
0.434604 -0.0605321 -0.898585 -83.9261 0.0240253 0.998163 -0.0556201 -8.97606 0.900301 0.00258398 0.43526 99.4286 
0.432722 -0.0604468 -0.899499 -85.0505 0.0264377 0.998171 -0.0543593 -9.06814 0.90114 -0.00025813 0.433529 99.9469 
0.430146 -0.0593598 -0.900806 -86.1523 0.0292265 0.998229 -0.0518236 -9.15462 0.902286 -0.00403558 0.431119 100.466 
0.427987 -0.0583983 -0.901896 -87.261 0.0311686 0.99827 -0.0498478 -9.24263 0.903247 -0.0067766 0.429067 100.97 
0.426215 -0.0601207 -0.902622 -88.3751 0.0329565 0.998159 -0.0509222 -9.3147 0.904022 -0.00804343 0.427411 101.475 
0.425309 -0.061396 -0.902963 -89.4447 0.0339617 0.998076 -0.0518667 -9.39444 0.904411 -0.0086067 0.426576 101.957 
0.424039 -0.0625977 -0.903478 -90.5019 0.0349093 0.997997 -0.0527621 -9.48579 0.904971 -0.00916659 0.425375 102.44 
0.424264 -0.0637461 -0.903292 -91.573 0.0352189 0.997926 -0.0538827 -9.56822 0.904853 -0.00895247 0.425629 102.924 
0.426638 -0.063542 -0.902188 -92.6325 0.0333145 0.997956 -0.0545329 -9.64953 0.903809 -0.00679006 0.427883 103.401 
0.430385 -0.0649035 -0.900309 -93.6714 0.0321468 0.997881 -0.05657 -9.72714 0.902073 -0.00459508 0.431559 103.888 
0.436146 -0.064886 -0.897534 -94.7139 0.0304851 0.99789 -0.0573273 -9.81486 0.899359 -0.00235833 0.437204 104.352 
0.441742 -0.0653025 -0.894762 -95.7015 0.0305881 0.997864 -0.0577259 -9.89698 0.896621 -0.00186908 0.442796 104.824 
0.448247 -0.0649402 -0.891548 -96.7202 0.0307361 0.997888 -0.0572326 -9.97413 0.893381 -0.00174833 0.449296 105.316 
0.456339 -0.0647792 -0.887445 -97.7308 0.0305618 0.997899 -0.0571264 -10.0487 0.889281 -0.00105286 0.45736 105.811 
0.465405 -0.0635548 -0.882813 -98.7293 0.0294792 0.997978 -0.0563047 -10.133 0.884607 0.000179928 0.466338 106.307 
0.474309 -0.0624707 -0.878139 -99.6937 0.0288285 0.998046 -0.0554298 -10.2198 0.879886 0.000975523 0.475183 106.817 
0.484428 -0.0634431 -0.872528 -100.666 0.0276542 0.997979 -0.0572113 -10.297 0.874394 0.00358572 0.485203 107.328 
0.494484 -0.0651298 -0.866743 -101.627 0.0263951 0.997854 -0.0599233 -10.3786 0.868786 0.00675335 0.495142 107.862 
0.506409 -0.0651642 -0.859827 -102.598 0.0233347 0.997811 -0.0618783 -10.4599 0.861977 0.011272 0.506821 108.401 
0.519032 -0.0631807 -0.852416 -103.552 0.020994 0.997906 -0.0611812 -10.5461 0.854497 0.0138595 0.519272 108.952 
0.532041 -0.0607386 -0.844538 -104.494 0.0189133 0.998027 -0.0598625 -10.6223 0.846508 0.0158763 0.53214 109.517 
0.543446 -0.0588636 -0.837378 -105.396 0.0191868 0.998149 -0.0577132 -10.6997 0.839225 0.0152975 0.54357 110.1 
0.554759 -0.0584405 -0.829956 -106.291 0.0192041 0.998164 -0.0574483 -10.7788 0.831789 0.0159314 0.554863 110.683 
0.566166 -0.0591721 -0.822165 -107.165 0.020363 0.99812 -0.0578133 -10.8614 0.82404 0.0159903 0.566306 111.264 
0.577005 -0.06118 -0.814446 -108.015 0.0220862 0.997995 -0.0593207 -10.9397 0.816442 0.0162404 0.577199 111.855 
0.587595 -0.0627065 -0.806722 -108.869 0.0249371 0.997922 -0.059405 -11.0309 0.808771 0.0147889 0.587938 112.461 
0.598013 -0.0634514 -0.798971 -109.703 0.0259712 0.997872 -0.0598085 -11.1078 0.801066 0.015016 0.598388 113.072 
0.608175 -0.0615484 -0.791413 -110.524 0.0254509 0.997989 -0.0580557 -11.1827 0.793395 0.0151659 0.608518 113.689 
0.618034 -0.0586295 -0.783962 -111.344 0.0258397 0.998191 -0.0542803 -11.2649 0.785726 0.0132898 0.618432 114.318 
0.627881 -0.0568469 -0.77623 -112.151 0.0243756 0.998276 -0.0533912 -11.3362 0.777927 0.0146023 0.628185 114.958 
0.637737 -0.0560534 -0.768212 -112.934 0.0228915 0.998287 -0.0538376 -11.4179 0.769914 0.0167487 0.637928 115.596 
0.646764 -0.0557838 -0.760648 -113.72 0.021246 0.998252 -0.055144 -11.4866 0.762394 0.0195045 0.646819 116.251 
0.655261 -0.0552397 -0.75338 -114.465 0.0214384 0.998281 -0.0545502 -11.5596 0.755098 0.0195934 0.655319 116.895 
0.664652 -0.0536747 -0.745223 -115.225 0.0215023 0.998377 -0.0527306 -11.6263 0.746844 0.0190235 0.664727 117.539 
0.672562 -0.0514223 -0.738252 -115.94 0.0216086 0.998522 -0.0498654 -11.6994 0.739725 0.017585 0.672679 118.191 
0.680642 -0.0505805 -0.730868 -116.638 0.0217791 0.99857 -0.0488247 -11.765 0.732292 0.0173146 0.68077 118.823 
0.68832 -0.0494855 -0.723717 -117.338 0.0204085 0.998597 -0.0488707 -11.8233 0.72512 0.0188687 0.688364 119.471 
0.695683 -0.0485385 -0.716708 -118.037 0.0199489 0.998635 -0.0482682 -11.8872 0.718072 0.0192819 0.695701 120.124 
0.702255 -0.0462071 -0.710424 -118.693 0.0195132 0.998766 -0.0456725 -11.9456 0.711658 0.0182112 0.70229 120.776 
0.709259 -0.0437273 -0.703591 -119.345 0.018975 0.998897 -0.0429524 -12.0088 0.704693 0.0171138 0.709306 121.428 
0.716465 -0.042643 -0.696319 -119.987 0.0185442 0.998942 -0.0420952 -12.0628 0.697377 0.0172471 0.716497 122.071 
0.723495 -0.0415776 -0.689076 -120.616 0.0176543 0.998973 -0.0417401 -12.1134 0.690104 0.0180336 0.723486 122.73 
0.731759 -0.0391539 -0.680438 -121.245 0.0156685 0.999051 -0.0406373 -12.1618 0.681383 0.0190753 0.731678 123.37 
0.740698 -0.0362102 -0.670862 -121.846 0.0144697 0.999175 -0.0379551 -12.211 0.671683 0.0184061 0.74061 124.012 
0.750226 -0.0322484 -0.660395 -122.436 0.012451 0.999322 -0.0346543 -12.2596 0.661064 0.0177761 0.750119 124.668 
0.76047 -0.0304598 -0.648659 -123.012 0.0109177 0.999358 -0.0341284 -12.3043 0.649282 0.0188717 0.760314 125.318 
0.770381 -0.0293083 -0.63691 -123.562 0.00939607 0.999356 -0.0346217 -12.3525 0.637515 0.0206875 0.77016 125.971 
0.779946 -0.0306623 -0.625095 -124.11 0.00977325 0.999274 -0.0368224 -12.3852 0.62577 0.0226103 0.77968 126.647 
0.789235 -0.0300665 -0.613354 -124.585 0.00984598 0.999292 -0.0363158 -12.4329 0.614012 0.0226227 0.788973 127.293 
0.7994 -0.0285791 -0.600119 -125.117 0.00983588 0.999357 -0.0344897 -12.4812 0.600719 0.0216684 0.799167 127.969 
0.80906 -0.0264163 -0.587132 -125.589 0.0097335 0.999455 -0.031555 -12.519 0.587645 0.0198151 0.808876 128.637 
0.818648 -0.0246547 -0.573767 -126.084 0.00985871 0.999534 -0.0288835 -12.5664 0.574211 0.0179889 0.818509 129.332 
0.827875 -0.023326 -0.560428 -126.611 0.0103934 0.999601 -0.0262518 -12.5961 0.560816 0.0159085 0.827787 130.053 
0.83583 -0.022803 -0.548515 -127.091 0.0114723 0.999644 -0.024076 -12.6297 0.548869 0.0138308 0.835794 130.78 
0.843027 -0.0227327 -0.53739 -127.55 0.0127398 0.99967 -0.0223027 -12.6662 0.53772 0.0119556 0.843039 131.491 
0.849647 -0.0226174 -0.526867 -128.008 0.0130247 0.999675 -0.02191 -12.6967 0.527191 0.0117535 0.849665 132.223 
0.856331 -0.0216816 -0.515973 -128.452 0.012103 0.999686 -0.0219211 -12.722 0.516286 0.0125269 0.856324 132.935 
0.863073 -0.0198377 -0.50469 -128.894 0.010837 0.999726 -0.0207636 -12.7555 0.504963 0.0124512 0.863051 133.656 
0.869163 -0.0193569 -0.494146 -129.329 0.0106082 0.999734 -0.0205031 -12.7866 0.494411 0.0125786 0.869137 134.411 
0.875021 -0.0198158 -0.483679 -129.753 0.0113155 0.999726 -0.0204871 -12.8154 0.483952 0.0124536 0.875006 135.158 
0.879822 -0.020981 -0.47484 -130.175 0.0123221 0.999696 -0.0213407 -12.846 0.475144 0.0129251 0.879813 135.935 
0.884152 -0.0223254 -0.466665 -130.592 0.0136533 0.999666 -0.0219565 -12.8759 0.467 0.0130414 0.884161 136.698 
0.887546 -0.0221627 -0.460185 -130.999 0.014 0.999678 -0.0211436 -12.9017 0.460506 0.0123234 0.887571 137.467 
0.890344 -0.0203509 -0.454834 -131.402 0.0137701 0.999747 -0.0177771 -12.9335 0.455081 0.0095647 0.890399 138.259 
0.893484 -0.0164339 -0.448794 -131.841 0.0114957 0.99984 -0.0137258 -12.9517 0.448948 0.00710464 0.89353 139.093 
0.896795 -0.0134733 -0.442242 -132.255 0.00972752 0.999895 -0.010737 -12.9781 0.44234 0.00532699 0.896832 139.907 
0.899996 -0.0106877 -0.435767 -132.68 0.00770609 0.999933 -0.00860903 -12.9964 0.43583 0.00439009 0.900018 140.749 
0.903156 -0.00900589 -0.429219 -133.107 0.00690253 0.999955 -0.00645697 -13.013 0.429258 0.002869 0.903177 141.617 
0.906296 -0.00680639 -0.42259 -133.529 0.00597359 0.999977 -0.00329499 -13.0345 0.422602 0.000461911 0.906315 142.482 
0.9095 -0.0070691 -0.415644 -133.934 0.00712846 0.999974 -0.00140893 -13.0449 0.415643 -0.00168144 0.909526 143.367 
0.912871 -0.00709168 -0.408186 -134.341 0.00777784 0.99997 2.12226e-05 -13.0652 0.408174 -0.00319413 0.912899 144.272 
0.916418 -0.00813053 -0.400139 -134.745 0.00886672 0.999961 -1.15351e-05 -13.0721 0.400123 -0.0035373 0.916454 145.179 
0.920279 -0.0104923 -0.391122 -135.137 0.0112106 0.999937 -0.000446887 -13.083 0.391102 -0.00397342 0.920339 146.084 
0.924147 -0.011988 -0.381849 -135.528 0.0123875 0.999922 -0.00141207 -13.0995 0.381836 -0.00342515 0.924224 147.015 
0.928437 -0.0127086 -0.371272 -135.909 0.012426 0.999918 -0.00315371 -13.1181 0.371282 -0.00168536 0.928519 147.951 
0.933502 -0.0110793 -0.358402 -136.298 0.010373 0.999939 -0.00389344 -13.1261 0.358423 -8.31094e-05 0.933559 148.95 
0.939679 -0.00762326 -0.341973 -136.68 0.00710337 0.999971 -0.00277267 -13.1267 0.341984 0.000176309 0.939706 149.911 
0.946123 -0.00429372 -0.32378 -137.057 0.00458023 0.99999 0.000122754 -13.1265 0.323776 -0.00159908 0.946132 150.995 
0.952527 -0.0013895 -0.30445 -137.385 0.00202842 0.999996 0.00178221 -13.1361 0.304446 -0.00231511 0.952527 152.015 
0.959055 -5.51167e-05 -0.283222 -137.732 0.000864256 0.999996 0.00273184 -13.1467 0.28322 -0.00286471 0.959051 153.076 
0.965034 0.00151169 -0.26212 -138.037 -0.000340775 0.99999 0.00451236 -13.1548 0.262124 -0.00426521 0.965025 154.152 
0.970536 0.00196313 -0.240947 -138.299 -0.000207138 0.999973 0.00731281 -13.165 0.240955 -0.0070474 0.970511 155.191 
0.975739 0.00454183 -0.21889 -138.562 -0.00223906 0.99994 0.010767 -13.1571 0.218926 -0.0100156 0.97569 156.257 
0.980323 0.00689132 -0.197281 -138.794 -0.00392886 0.999874 0.0154037 -13.1593 0.197362 -0.0143255 0.980226 157.333 
0.984509 0.00848854 -0.175128 -139.011 -0.00531716 0.999813 0.01857 -13.1542 0.175253 -0.0173511 0.984371 158.449 
0.98805 0.0108203 -0.153753 -139.174 -0.00796582 0.999785 0.0191693 -13.1647 0.153927 -0.0177154 0.987923 159.534 
0.991158 0.0101536 -0.132296 -139.331 -0.00787016 0.999811 0.017771 -13.1766 0.132451 -0.0165726 0.991051 160.722 
0.993716 0.00962211 -0.111516 -139.495 -0.00779391 0.999828 0.0168181 -13.1665 0.111658 -0.0158432 0.99362 161.924 
0.995746 0.00816458 -0.0917782 -139.627 -0.00645511 0.9998 0.0189071 -13.1608 0.0919142 -0.0182342 0.9956 163.055 
0.997367 0.00849746 -0.0720172 -139.702 -0.00704212 0.999766 0.0204376 -13.148 0.072174 -0.0198766 0.997194 164.341 
0.99858 0.0090464 -0.0524975 -139.752 -0.00790488 0.999729 0.0219106 -13.1528 0.0526814 -0.0214645 0.998381 165.53 
0.999383 0.010165 -0.0336296 -139.747 -0.00941515 0.999705 0.02238 -13.1364 0.0338471 -0.0220495 0.999184 166.707 
0.999848 0.010751 -0.0137025 -139.77 -0.0104236 0.999664 0.0237435 -13.1371 0.0139532 -0.0235971 0.999624 167.918 
0.999896 0.0129791 0.00625743 -139.768 -0.0131235 0.999635 0.0236085 -13.1342 -0.00594877 -0.0236882 0.999702 169.247 
0.999566 0.0141089 0.0258659 -139.739 -0.0147016 0.99963 0.0228745 -13.1257 -0.0255337 -0.0232448 0.999404 170.503 
0.998885 0.0141908 0.0450371 -139.68 -0.0151447 0.999667 0.0209114 -13.1278 -0.0447254 -0.0215701 0.998766 171.775 
0.99787 0.0158817 0.0632739 -139.58 -0.017104 0.999677 0.0188243 -13.1393 -0.0629545 -0.0198664 0.997819 173.035 
0.996544 0.0162473 0.0814685 -139.398 -0.0177505 0.999685 0.0177608 -13.1758 -0.0811543 -0.0191455 0.996518 174.375 
0.994855 0.0162224 0.100003 -139.246 -0.0178253 0.999726 0.0151564 -13.1846 -0.0997294 -0.016861 0.994872 175.763 
0.992849 0.0170661 0.118154 -139.079 -0.0184198 0.999777 0.0103753 -13.2005 -0.117951 -0.0124774 0.992941 177.139 
0.990515 0.0188108 0.136111 -138.918 -0.0195672 0.9998 0.00422179 -13.2201 -0.136004 -0.00684501 0.990685 178.521 
0.988034 0.0207973 0.152829 -138.717 -0.0209728 0.99978 -0.000463614 -13.2421 -0.152805 -0.00274715 0.988253 179.801 
0.985233 0.022762 0.169699 -138.465 -0.022412 0.999741 -0.00397759 -13.2983 -0.169746 0.000115598 0.985488 181.045 
0.982128 0.0245972 0.186598 -138.131 -0.0238915 0.999696 -0.00602957 -13.3867 -0.18669 0.00146374 0.982418 182.48 
0.97867 0.0243179 0.203996 -137.86 -0.0237189 0.999704 -0.00538086 -13.4199 -0.204066 0.000427573 0.978957 183.889 
0.975209 0.0228924 0.220099 -137.483 -0.0222552 0.999738 -0.00537403 -13.4846 -0.220165 0.00034248 0.975463 185.257 
0.971546 0.0229053 0.235742 -137.075 -0.0210839 0.999725 -0.0102439 -13.5204 -0.235912 0.00498212 0.971762 186.675 
0.967472 0.0234264 0.25189 -136.743 -0.020487 0.999688 -0.0142858 -13.5508 -0.252146 0.00866072 0.96765 188.058 
0.963087 0.0257022 0.267961 -136.335 -0.0227256 0.999641 -0.0142042 -13.5898 -0.26823 0.00759032 0.963325 189.465 
0.958137 0.0278625 0.284952 -135.948 -0.0248088 0.99959 -0.0143211 -13.6403 -0.285234 0.00665226 0.958435 190.834 
0.952649 0.0315822 0.302426 -135.536 -0.0276376 0.999468 -0.0173148 -13.6727 -0.302812 0.00813666 0.953016 192.253 
0.947041 0.0319203 0.319523 -135.102 -0.0265931 0.999425 -0.0210226 -13.7127 -0.32001 0.0114122 0.947345 193.66 
0.941126 0.0329769 0.336444 -134.583 -0.0268163 0.999377 -0.0229422 -13.7911 -0.336991 0.0125693 0.941424 195.129 
0.934761 0.0330592 0.353736 -134.032 -0.0248942 0.999309 -0.0276087 -13.8695 -0.354404 0.0170016 0.934938 196.578 
0.927116 0.036193 0.373022 -133.446 -0.0255479 0.999114 -0.0334432 -13.9551 -0.373902 0.0214758 0.92722 198.197 
0.917939 0.0396875 0.394731 -132.799 -0.0274867 0.998955 -0.0365181 -14.0611 -0.395768 0.0226716 0.918071 199.804 
0.906933 0.0424622 0.41913 -132.198 -0.0294764 0.998865 -0.037413 -14.1387 -0.420243 0.0215766 0.907155 201.288 
0.895151 0.0474953 0.443226 -131.433 -0.0334278 0.99866 -0.0395029 -14.2667 -0.444509 0.020545 0.895539 202.71 
0.882029 0.0513469 0.468389 -130.714 -0.0354736 0.99846 -0.0426548 -14.3641 -0.469858 0.0210074 0.882492 204.229 
0.868183 0.0549463 0.493193 -129.968 -0.0374667 0.998272 -0.0452629 -14.4728 -0.494828 0.0208181 0.868742 205.654 
0.854167 0.0563502 0.516937 -129.208 -0.0370959 0.998182 -0.0475137 -14.563 -0.518675 0.0214084 0.854704 207.008 
0.839266 0.0573615 0.540687 -128.375 -0.0367172 0.998129 -0.0488982 -14.712 -0.54248 0.0211861 0.839801 208.445 
0.823701 0.0594088 0.563904 -127.525 -0.0354121 0.997945 -0.0534092 -14.8388 -0.565918 0.0240242 0.824111 209.838 
0.808282 0.0613145 0.585595 -126.593 -0.0337829 0.997754 -0.0578399 -14.9969 -0.587826 0.0269679 0.808538 211.172 
0.792983 0.0625943 0.60602 -125.607 -0.032832 0.997653 -0.0600841 -15.1868 -0.608358 0.0277489 0.793177 212.525 
0.777438 0.0637609 0.625719 -124.605 -0.0313632 0.997541 -0.0626816 -15.3446 -0.628177 0.0291065 0.777526 213.829 
0.762665 0.0637787 0.643641 -123.596 -0.0293362 0.997513 -0.0640827 -15.4751 -0.646128 0.0299917 0.76264 215.065 
0.748385 0.0640781 0.660162 -122.545 -0.0280066 0.997488 -0.0650709 -15.6379 -0.662673 0.0302092 0.7483 216.266 
0.733481 0.064276 0.676664 -121.464 -0.0255461 0.997422 -0.0670536 -15.8019 -0.67923 0.0318964 0.733232 217.557 
0.7186 0.0655144 0.69233 -120.351 -0.0234702 0.99727 -0.0700096 -15.9658 -0.695027 0.0340598 0.718176 218.859 
0.70448 0.0669559 0.706558 -119.265 -0.0205263 0.997046 -0.0740175 -16.1057 -0.709427 0.0376409 0.703773 219.989 
0.690049 0.0685947 0.720505 -118.146 -0.0188337 0.996863 -0.0768674 -16.235 -0.723517 0.0394725 0.689177 221.116 
0.676207 0.0691146 0.733463 -117.015 -0.0183938 0.996863 -0.076977 -16.3974 -0.736482 0.0385612 0.675357 222.125 
0.660415 0.0704816 0.747585 -115.82 -0.0193751 0.996853 -0.0768663 -16.5571 -0.750651 0.0362792 0.659703 223.223 
0.643849 0.0710424 0.761847 -114.637 -0.0209127 0.996942 -0.0752913 -16.7015 -0.764867 0.0325439 0.643366 224.279 
0.626636 0.0718595 0.775992 -113.434 -0.0232263 0.997019 -0.0735714 -16.8427 -0.778966 0.0280791 0.626437 225.302 
0.609509 0.0733786 0.789376 -112.224 -0.0259824 0.997021 -0.0726187 -16.9949 -0.792354 0.0237519 0.6096 226.282 
0.591209 0.0767684 0.802856 -111.003 -0.0277325 0.996806 -0.0748918 -17.1491 -0.806041 0.0220115 0.59145 227.296 
0.573659 0.0805621 0.815123 -109.741 -0.029684 0.996542 -0.0776019 -17.2764 -0.818556 0.0203209 0.574067 228.237 
0.554753 0.0806268 0.828099 -108.502 -0.0301165 0.996587 -0.076856 -17.427 -0.83147 0.0176967 0.555288 229.147 
0.534393 0.0799408 0.841448 -107.247 -0.0317037 0.996713 -0.074557 -17.5748 -0.844642 0.0131657 0.53517 230.002 
0.514417 0.0775287 0.854029 -106.056 -0.0312657 0.996938 -0.0716694 -17.7241 -0.85697 0.0101661 0.515266 230.73 
0.494348 0.0749106 0.86603 -104.819 -0.0302744 0.997159 -0.0689718 -17.8906 -0.868737 0.00787753 0.495212 231.45 
0.473923 0.0730886 0.877528 -103.553 -0.0286689 0.997302 -0.0675813 -18.0306 -0.8801 0.00687058 0.47474 232.17 
0.453229 0.0729336 0.888405 -102.297 -0.0281392 0.997321 -0.0675194 -18.1511 -0.89095 0.00560278 0.454067 232.855 
0.433291 0.071704 0.898397 -100.978 -0.0251394 0.997404 -0.0674814 -18.2752 -0.900903 0.00665389 0.433969 233.518 
0.412989 0.0722324 0.907867 -99.6682 -0.023368 0.997362 -0.0687227 -18.4033 -0.910436 0.00716668 0.413587 234.148 
0.392787 0.0710794 0.916878 -98.3331 -0.019156 0.997425 -0.0691172 -18.5407 -0.91943 0.00958466 0.393137 234.754 
0.371883 0.0698238 0.92565 -97.1046 -0.0187312 0.997529 -0.0677204 -18.6579 -0.928091 0.00784552 0.372272 235.286 
0.351401 0.0697255 0.933625 -95.7939 -0.0181316 0.997543 -0.0676745 -18.7823 -0.936049 0.00685278 0.351802 235.826 
0.331998 0.0740085 0.940372 -94.4624 -0.0187483 0.997238 -0.0718648 -18.936 -0.943094 0.00622858 0.332469 236.316 
0.312492 0.0833458 0.946257 -93.1169 -0.0205533 0.996504 -0.0809839 -19.0733 -0.949698 0.00585816 0.313112 236.806 
0.292444 0.0910196 0.951941 -91.8027 -0.0227067 0.99584 -0.0882413 -19.2079 -0.956013 0.00419018 0.293294 237.302 
0.27299 0.0949714 0.957318 -90.4897 -0.0258123 0.99548 -0.0913966 -19.366 -0.961671 0.000239798 0.274208 237.707 
0.252647 0.0964161 0.962743 -89.176 -0.0288819 0.995331 -0.0921004 -19.514 -0.967127 -0.00453695 0.254252 238.121 
0.232666 0.0966259 0.967745 -87.902 -0.0326111 0.995268 -0.0915336 -19.6578 -0.97201 -0.0102626 0.234716 238.478 
0.213721 0.0968505 0.972082 -86.6378 -0.0345321 0.995201 -0.0915616 -19.8063 -0.976284 -0.0139994 0.21604 238.795 
0.194858 0.0952069 0.9762 -85.3669 -0.0347801 0.995323 -0.0901294 -19.9529 -0.980215 -0.0163899 0.197258 239.08 
0.176062 0.0951971 0.979765 -84.0847 -0.0354138 0.995281 -0.0903408 -20.0978 -0.983742 -0.0187917 0.178602 239.358 
0.157555 0.0955581 0.982876 -82.8485 -0.0349413 0.995223 -0.0911574 -20.2431 -0.986892 -0.0199806 0.160141 239.6 
0.138682 0.099017 0.985375 -81.6175 -0.0387687 0.994769 -0.0945047 -20.3816 -0.989578 -0.0250957 0.141795 239.812 
0.120261 0.10068 0.987624 -80.3755 -0.03956 0.99454 -0.0965674 -20.5242 -0.991954 -0.0274571 0.123587 239.997 
0.102813 0.0983825 0.989823 -79.1153 -0.040125 0.994697 -0.0946991 -20.6489 -0.993891 -0.0299804 0.106215 240.179 
0.087268 0.0937294 0.991766 -77.8785 -0.0381135 0.995149 -0.0906954 -20.7937 -0.995456 -0.0298848 0.090417 240.311 
0.0725868 0.0893586 0.993351 -76.6762 -0.0374074 0.995521 -0.0868204 -20.9314 -0.99666 -0.0308566 0.0756043 240.446 
0.0603617 0.0857903 0.994483 -75.4868 -0.0350327 0.995868 -0.0837834 -21.061 -0.997562 -0.0297821 0.0631178 240.535 
0.0492448 0.0857441 0.995099 -74.3071 -0.034673 0.995855 -0.0840932 -21.1926 -0.998185 -0.030362 0.0520136 240.639 
0.0406339 0.0878673 0.995303 -73.1386 -0.0352488 0.995632 -0.0864572 -21.3174 -0.998552 -0.0315701 0.0435536 240.71 
0.0334447 0.089651 0.995412 -71.9982 -0.0368639 0.995402 -0.0884114 -21.4344 -0.998761 -0.0337378 0.0365957 240.788 
0.0276372 0.093757 0.995211 -70.8722 -0.0371875 0.994999 -0.0927043 -21.56 -0.998926 -0.0344474 0.0309856 240.846 
0.0219417 0.102216 0.99452 -69.7664 -0.0365218 0.994178 -0.101375 -21.6899 -0.999092 -0.0340973 0.025547 240.9 
0.0171429 0.104735 0.994352 -68.6528 -0.0382313 0.99384 -0.104022 -21.8211 -0.999122 -0.0362322 0.0210415 240.943 
0.0144478 0.0965575 0.995223 -67.5369 -0.0370715 0.994694 -0.0959679 -21.9431 -0.999208 -0.0355078 0.0179507 240.956 
0.0115815 0.0864951 0.996185 -66.4379 -0.0359027 0.995645 -0.0860308 -22.0692 -0.999288 -0.0347694 0.0146365 241.001 
0.0101107 0.0827374 0.99652 -65.3537 -0.0350902 0.995987 -0.0823371 -22.1805 -0.999333 -0.0341356 0.0129734 241.037 
0.0098739 0.0848194 0.996347 -64.2785 -0.0360494 0.995779 -0.0844137 -22.287 -0.999301 -0.0350842 0.0128899 241.075 
0.0102051 0.0881536 0.996055 -63.21 -0.0355366 0.995509 -0.0877412 -22.3924 -0.999316 -0.034501 0.0132919 241.109 
0.0116501 0.0906844 0.995812 -62.1566 -0.0379683 0.995201 -0.0901846 -22.5045 -0.999211 -0.0367586 0.0150373 241.155 
0.0133093 0.0911728 0.995746 -61.1039 -0.0403005 0.995074 -0.0905725 -22.6196 -0.999099 -0.0389236 0.0169181 241.197 
0.0162794 0.0928863 0.995544 -60.0668 -0.0411229 0.994895 -0.0921533 -22.7269 -0.999022 -0.0394394 0.020016 241.243 
0.0185597 0.0936187 0.995435 -59.0424 -0.0435333 0.994738 -0.0927415 -22.8392 -0.99888 -0.0416133 0.0225375 241.316 
0.0226299 0.0948631 0.995233 -58.0193 -0.0449655 0.994577 -0.0937781 -22.9453 -0.998732 -0.0426289 0.0267728 241.382 
0.0285833 0.0940957 0.995153 -57.0039 -0.0454651 0.994652 -0.0927424 -23.0476 -0.998557 -0.0425938 0.0327085 241.446 
0.0350585 0.0928053 0.995067 -55.9851 -0.0443588 0.994842 -0.0912214 -23.1561 -0.9984 -0.0409419 0.0389944 241.503 
0.0419975 0.0924778 0.994829 -54.9884 -0.0435849 0.994929 -0.0906471 -23.2564 -0.998167 -0.0395525 0.0458151 241.57 
0.0492127 0.0931328 0.994437 -53.9963 -0.0422177 0.994947 -0.0910913 -23.3641 -0.997896 -0.0375 0.0528959 241.643 
0.0560221 0.0929132 0.994097 -53.0196 -0.0425213 0.994979 -0.0905993 -23.4675 -0.997524 -0.0371947 0.0596916 241.724 
0.0623855 0.0920752 0.993796 -52.0252 -0.0433146 0.995047 -0.089472 -23.5664 -0.997112 -0.0374641 0.0660647 241.818 
0.0681069 0.0900856 0.993603 -51.0366 -0.0444284 0.995201 -0.0871851 -23.6648 -0.996688 -0.0382062 0.0717824 241.926 
0.0742776 0.0888006 0.993276 -50.0147 -0.0447139 0.995322 -0.0856397 -23.766 -0.996235 -0.0380521 0.0779007 242.043 
0.0803884 0.0892413 0.992761 -49.0438 -0.0447388 0.995303 -0.0858471 -23.8644 -0.995759 -0.0375138 0.0840034 242.158 
0.0872513 0.0913353 0.99199 -48.0604 -0.0439686 0.995171 -0.0877608 -23.9662 -0.995216 -0.0359592 0.0908459 242.271 
0.0932222 0.0927709 0.991314 -47.0899 -0.0439337 0.995063 -0.0889902 -24.0651 -0.994676 -0.0352562 0.0968377 242.398 
0.0990543 0.0945878 0.990576 -46.1393 -0.0457528 0.994852 -0.0904209 -24.1659 -0.99403 -0.0363651 0.102872 242.523 
0.10509 0.0950984 0.989905 -45.2031 -0.047679 0.994754 -0.0905026 -24.2636 -0.993319 -0.0376868 0.109073 242.657 
0.111284 0.0949344 0.989244 -44.2334 -0.0479365 0.994781 -0.0900731 -24.357 -0.992632 -0.0373972 0.115254 242.806 
0.116765 0.092692 0.988825 -43.2614 -0.0497658 0.994931 -0.0873877 -24.4608 -0.991912 -0.0390058 0.120786 242.969 
0.12268 0.0912667 0.988241 -42.2814 -0.0499185 0.99507 -0.0857004 -24.5601 -0.99119 -0.0388178 0.126631 243.125 
0.128973 0.0907998 0.987482 -41.3224 -0.0497106 0.995139 -0.0850112 -24.6529 -0.990401 -0.0381242 0.13286 243.277 
0.135513 0.0917989 0.986514 -40.3786 -0.0490768 0.995098 -0.0858562 -24.7533 -0.989559 -0.0367803 0.139354 243.442 
0.142853 0.0919705 0.985462 -39.43 -0.046156 0.995209 -0.0861893 -24.8518 -0.988667 -0.0331726 0.146414 243.596 
