1 2.12261e-08 -2.11895e-08 0 2.12261e-08 1 2.10703e-08 0 -2.11895e-08 2.10703e-08 1 0 
0.999876 0.00144923 0.0156757 0.00979846 -0.00143308 0.999998 -0.00103886 -0.0045163 -0.0156773 0.00101631 0.999877 0.142905 
0.999304 0.00480404 0.0370017 0.0260883 -0.00478215 0.999988 -0.00067901 -0.00389811 -0.0370046 0.000501631 0.999315 0.271012 
0.997914 0.00605302 0.064274 0.0498392 -0.00610037 0.999981 0.000541194 -0.0030964 -0.0642695 -0.000932119 0.997932 0.439671 
0.995128 0.00555911 0.0984344 0.0917732 -0.00585639 0.999979 0.00273193 -0.0032217 -0.0984172 -0.00329505 0.99514 0.595892 
0.990624 0.0026796 0.136591 0.153467 -0.00333666 0.999984 0.00458206 0.00833378 -0.136576 -0.00499481 0.990617 0.757953 
0.984316 -0.000562741 0.176411 0.229004 -0.000310033 0.999988 0.00492005 0.00595397 -0.176412 -0.00489754 0.984304 0.945748 
0.97544 -0.000342214 0.220264 0.303183 -0.000978495 0.999982 0.0058871 0.0141304 -0.220262 -0.005958 0.975423 1.12734 
0.963315 -0.000153759 0.268374 0.402509 -0.0022441 0.99996 0.00862814 0.0193908 -0.268365 -0.00891384 0.963276 1.33409 
0.948637 -0.00427558 0.316338 0.475796 -0.000864712 0.99987 0.0161073 0.0119633 -0.316366 -0.0155535 0.94851 1.49997 
0.931683 -0.0146007 0.362978 0.604147 0.0061578 0.999683 0.0244064 0.00451465 -0.363219 -0.0205039 0.931478 1.67879 
0.910078 -0.0201286 0.413948 0.729941 0.00903158 0.999546 0.0287478 -0.00169743 -0.414338 -0.0224241 0.909847 1.86212 
0.884603 -0.021877 0.465831 0.855973 0.00741324 0.999433 0.0328592 -0.00357416 -0.466285 -0.025614 0.884263 2.03771 
0.855904 -0.0230116 0.516623 0.968034 0.00463146 0.999311 0.0368387 0.0253217 -0.517114 -0.0291376 0.85542 2.17827 
0.823181 -0.0284576 0.567066 1.13175 0.00590391 0.999118 0.0415694 0.015384 -0.567749 -0.0308712 0.822623 2.36438 
0.786904 -0.0341228 0.616131 1.30922 0.00778921 0.99894 0.0453755 0.000166901 -0.617026 -0.030907 0.786336 2.52405 
0.748204 -0.0384817 0.662352 1.50482 0.00892836 0.99881 0.0479439 -0.00308689 -0.663409 -0.029958 0.747657 2.69736 
0.707759 -0.0417863 0.705217 1.74679 0.00981701 0.998735 0.0493258 -0.00677305 -0.706385 -0.0279876 0.707274 2.8837 
0.665093 -0.0431213 0.745515 2.00137 0.00848911 0.998704 0.0501927 0.0213436 -0.746713 -0.027054 0.664596 3.08246 
0.621713 -0.043392 0.782042 2.31457 0.00356323 0.998611 0.0525757 0.0259763 -0.783237 -0.0299004 0.621004 3.29821 
0.579061 -0.0439343 0.8141 2.64232 0.000459725 0.998564 0.0535623 0.0505976 -0.815284 -0.0306415 0.578249 3.5081 
0.538488 -0.0451051 0.841425 2.9942 -0.00113445 0.998527 0.0542527 0.0669785 -0.842633 -0.030169 0.537643 3.69925 
0.499369 -0.0471098 0.865108 3.38222 -0.00258446 0.998435 0.055862 0.0883581 -0.866386 -0.0301316 0.498466 3.91069 
0.461694 -0.0465644 0.885816 3.8024 -0.00561058 0.998448 0.0554094 0.113069 -0.887022 -0.0305521 0.460716 4.107 
0.424918 -0.0457596 0.904074 4.26152 -0.0066156 0.998538 0.0536503 0.139707 -0.905208 -0.028778 0.423994 4.29774 
0.39071 -0.0445978 0.919433 4.72955 -0.00569127 0.99869 0.0508608 0.150902 -0.920496 -0.0251046 0.389945 4.49 
0.361226 -0.0426595 0.931502 5.23949 -0.00364398 0.998881 0.0471583 0.178324 -0.932471 -0.0204292 0.360666 4.65803 
0.336016 -0.040904 0.940968 5.77247 -0.00303205 0.999004 0.0445097 0.195941 -0.941852 -0.017809 0.335557 4.825 
0.315612 -0.0401512 0.948038 6.34782 -0.00178677 0.999077 0.0429076 0.229715 -0.948887 -0.0152361 0.315249 5.0133 
0.300923 -0.0405801 0.952785 6.94176 -0.00062204 0.999086 0.0427486 0.257825 -0.953648 -0.0134567 0.300623 5.19529 
0.289014 -0.0417916 0.956412 7.56603 -0.000271874 0.999043 0.0437367 0.28617 -0.957325 -0.0129005 0.288726 5.3971 
0.277629 -0.0438552 0.959687 8.19648 -0.00153749 0.998936 0.0460936 0.304758 -0.960687 -0.0142724 0.277266 5.60159 
0.26732 -0.0454645 0.962535 8.87309 -0.0024727 0.998851 0.0478666 0.336907 -0.963605 -0.0151758 0.2669 5.78625 
0.25659 -0.0470534 0.965374 9.5648 -0.00345434 0.998763 0.0495989 0.369499 -0.966514 -0.0160613 0.25611 5.98849 
0.24627 -0.0490216 0.967961 10.2868 -0.00422875 0.998656 0.051652 0.395904 -0.969192 -0.0168136 0.245732 6.18508 
0.235626 -0.0502956 0.970542 11.0349 -0.00531327 0.998578 0.0530385 0.42747 -0.971829 -0.017654 0.235023 6.38049 
0.225629 -0.0517803 0.972836 11.8004 -0.00572556 0.998499 0.0544742 0.457546 -0.974196 -0.017861 0.224994 6.55823 
0.215054 -0.0545826 0.975076 12.5675 -0.00700795 0.998325 0.0574297 0.492488 -0.976577 -0.0191837 0.214311 6.73822 
0.204219 -0.0581138 0.977199 13.3562 -0.00803017 0.998103 0.0610352 0.534802 -0.978892 -0.0203116 0.203365 6.90478 
0.191918 -0.0622866 0.979432 14.1474 -0.00913199 0.997827 0.0652459 0.56319 -0.981368 -0.021466 0.190933 7.06935 
0.178888 -0.0645801 0.981748 14.9276 -0.0104241 0.997663 0.0675265 0.596119 -0.983814 -0.0223135 0.177797 7.21806 
0.164908 -0.065118 0.984157 15.7336 -0.0106513 0.997642 0.0677951 0.635213 -0.986252 -0.0216625 0.163825 7.35904 
0.150664 -0.0639178 0.986517 16.5376 -0.0113329 0.99773 0.0663752 0.680542 -0.98852 -0.0211805 0.149598 7.48861 
0.133747 -0.0629634 0.989013 17.3472 -0.0119419 0.997805 0.0651381 0.718715 -0.990944 -0.0205228 0.132702 7.61097 
0.113469 -0.0613336 0.991647 18.1645 -0.0143586 0.997887 0.0633626 0.755264 -0.993438 -0.0214284 0.112349 7.70888 
0.0877933 -0.0602226 0.994317 18.9783 -0.0191451 0.997885 0.0621291 0.784983 -0.995955 -0.0244908 0.0864546 7.78581 
0.0571609 -0.0597573 0.996575 19.7993 -0.0234702 0.997851 0.06118 0.815953 -0.998089 -0.0268869 0.0556355 7.8453 
0.023817 -0.0595178 0.997943 20.6336 -0.0259801 0.997852 0.0601325 0.854666 -0.999379 -0.0273589 0.0222196 7.87551 
-0.0110712 -0.0589895 0.998197 21.4725 -0.0281356 0.997882 0.0586588 0.885044 -0.999543 -0.0274354 -0.0127075 7.87983 
-0.0449652 -0.0579543 0.997306 22.3035 -0.0289868 0.997971 0.0566861 0.912145 -0.998568 -0.0263598 -0.0465539 7.83813 
-0.0774842 -0.0558628 0.995427 23.1481 -0.0305883 0.998092 0.0536314 0.941336 -0.996524 -0.0262929 -0.0790452 7.77374 
-0.11014 -0.0530134 0.992501 23.972 -0.0332772 0.998213 0.0496257 0.964729 -0.993359 -0.0275619 -0.111707 7.68931 
-0.142898 -0.0487999 0.988534 24.8126 -0.0308334 0.998518 0.0448357 0.989288 -0.989257 -0.0240729 -0.14419 7.57219 
-0.174442 -0.0433068 0.983715 25.6345 -0.025677 0.998893 0.0394217 0.999691 -0.984333 -0.0183821 -0.175361 7.4233 
-0.205112 -0.0374875 0.97802 26.4569 -0.0212697 0.999201 0.0338387 1.01177 -0.978507 -0.0138615 -0.205745 7.24618 
-0.23364 -0.0317308 0.971805 27.262 -0.0142661 0.999472 0.0292044 1.01398 -0.972218 -0.0070406 -0.233969 7.04843 
-0.260927 -0.0247616 0.965041 28.1226 -0.00415872 0.999691 0.0245263 1.02315 -0.96535 0.00238623 -0.260949 6.78159 
-0.2872 -0.0142461 0.957765 28.9185 0.00293905 0.999872 0.0157537 1.00802 -0.957866 0.00733938 -0.287121 6.5472 
-0.312978 0.000982804 0.94976 29.6432 0.00676146 0.999976 0.0011934 0.990539 -0.949736 0.00679526 -0.312978 6.33814 
-0.337625 0.0179353 0.94111 30.42 0.0064955 0.999839 -0.0167242 0.972558 -0.941258 0.000466477 -0.337687 6.06966 
-0.363087 0.0328099 0.931177 31.1536 0.00705556 0.999448 -0.0324643 0.943922 -0.931728 -0.0052174 -0.363118 5.8067 
-0.387168 0.0430777 0.921002 31.8983 0.0109055 0.999052 -0.0421439 0.901471 -0.921945 -0.00627277 -0.387271 5.49113 
-0.410921 0.0483167 0.91039 32.6023 0.0164893 0.998825 -0.0455674 0.852967 -0.911522 -0.00371286 -0.411235 5.21548 
-0.432676 0.047991 0.900271 33.3297 0.0205387 0.998848 -0.0433748 0.800363 -0.901316 -0.000276796 -0.433163 4.86129 
-0.453403 0.0437061 0.890233 34.0288 0.0241749 0.999033 -0.0367351 0.757653 -0.890978 0.00486545 -0.454021 4.54539 
-0.471048 0.0423666 0.88109 34.7484 0.0311218 0.999022 -0.0313989 0.715664 -0.881558 0.0126307 -0.471906 4.14108 
-0.484752 0.0428125 0.873604 35.4515 0.0327008 0.99899 -0.030812 0.678222 -0.87404 0.0136313 -0.485662 3.76264 
-0.496372 0.0471129 0.866831 36.1318 0.037106 0.998765 -0.0330356 0.631442 -0.867317 0.0157667 -0.497507 3.4085 
-0.506823 0.0494289 0.860632 36.81 0.0379409 0.998666 -0.0350134 0.583625 -0.861215 0.0149075 -0.508022 3.07016 
-0.518728 0.0485443 0.85356 37.4091 0.0335858 0.998773 -0.036392 0.518681 -0.854279 0.00978995 -0.519722 2.78595 
-0.531189 0.0464656 0.845978 37.9891 0.0333361 0.998868 -0.0339313 0.449347 -0.846597 0.0101777 -0.532136 2.5237 
-0.540201 0.0479081 0.840171 38.6264 0.0357254 0.998784 -0.0339823 0.412696 -0.840778 0.0116582 -0.541255 2.1439 
-0.547596 0.0507971 0.8352 39.312 0.0383505 0.99863 -0.0355926 0.369191 -0.835864 0.01254 -0.548794 1.72296 
-0.55143 0.0533565 0.832513 39.9934 0.0393798 0.998505 -0.0379111 0.323591 -0.833291 0.0118789 -0.552707 1.30169 
-0.551438 0.0557056 0.832354 40.6918 0.039785 0.998389 -0.0404598 0.279687 -0.833267 0.0108041 -0.552765 0.870635 
-0.5486 0.0557956 0.834221 41.4119 0.0412027 0.998363 -0.0396782 0.242624 -0.835069 0.0126047 -0.55 0.429923 
-0.544334 0.05454 0.837094 42.1249 0.0396201 0.998442 -0.0392888 0.195626 -0.837932 0.0117795 -0.545647 0.0771504 
-0.537472 0.0532267 0.8416 42.8867 0.0375541 0.998527 -0.0391682 0.151302 -0.842445 0.0105538 -0.538679 -0.384699 
-0.53055 0.052752 0.84601 43.6537 0.0365792 0.998557 -0.0393243 0.097152 -0.846864 0.0100828 -0.531714 -0.836772 
-0.524231 0.0513294 0.850028 44.4482 0.0333802 0.998653 -0.039718 0.0531719 -0.850922 0.0075527 -0.525238 -1.29791 
-0.520165 0.0487661 0.852672 45.2466 0.0294455 0.998799 -0.0391604 0.000332012 -0.853558 0.00473746 -0.520977 -1.7441 
-0.518928 0.0462682 0.853565 46.076 0.0249264 0.998929 -0.0389937 -0.039543 -0.854455 0.00104137 -0.519525 -2.21743 
-0.519435 0.0437112 0.853391 46.9285 0.022297 0.999044 -0.0376001 -0.0918476 -0.854219 -0.000502741 -0.519913 -2.6988 
-0.520614 0.042478 0.852735 47.7746 0.0204634 0.999096 -0.0372754 -0.139018 -0.853547 -0.00195619 -0.521012 -3.19086 
-0.522509 0.0415327 0.851622 48.5884 0.02035 0.999136 -0.0362411 -0.192378 -0.852391 -0.00160585 -0.522903 -3.59382 
-0.523556 0.0412387 0.850993 49.4493 0.0194642 0.999146 -0.0364432 -0.222284 -0.851769 -0.0025162 -0.523912 -4.07132 
-0.524699 0.0401738 0.850339 50.2888 0.0194664 0.999191 -0.0351945 -0.272434 -0.851065 -0.00191351 -0.525057 -4.5447 
-0.525908 0.0399013 0.849605 51.1578 0.0189497 0.999201 -0.0351971 -0.317492 -0.85033 -0.00241069 -0.526244 -5.0309 
-0.526804 0.0379206 0.849141 52.0373 0.016698 0.999273 -0.0342657 -0.375749 -0.849823 -0.00387237 -0.527054 -5.52706 
-0.527712 0.0362109 0.848651 52.9821 0.0161113 0.999338 -0.0326221 -0.480886 -0.84927 -0.00354224 -0.527946 -6.0215 
-0.527359 0.0354148 0.848904 53.8467 0.0151266 0.999364 -0.0322947 -0.535574 -0.849508 -0.00418986 -0.527559 -6.52462 
-0.527209 0.0331489 0.849089 54.6784 0.0140259 0.999442 -0.0303099 -0.598037 -0.84962 -0.00407039 -0.52738 -6.98906 
-0.526093 0.0308128 0.849869 55.5162 0.0140426 0.999522 -0.0275459 -0.66055 -0.850311 -0.00255734 -0.526274 -7.46261 
-0.524963 0.0293799 0.850618 56.4016 0.0142073 0.999567 -0.0257564 -0.703777 -0.851007 -0.00143613 -0.525153 -7.92814 
-0.523393 0.028767 0.851606 57.2744 0.0139075 0.999585 -0.0252182 -0.764244 -0.851978 -0.00135532 -0.523576 -8.4223 
-0.521875 0.0288895 0.852533 58.1382 0.0142976 0.999582 -0.0251203 -0.81624 -0.852902 -0.000920463 -0.52207 -8.91397 
-0.521424 0.0294352 0.85279 59.0095 0.0146883 0.999566 -0.0255205 -0.860645 -0.853171 -0.00078102 -0.52163 -9.41745 
-0.523249 0.0304741 0.851635 59.865 0.0139363 0.999533 -0.0272038 -0.914232 -0.852066 -0.00236567 -0.523429 -9.89388 
-0.527254 0.031906 0.849109 60.7681 0.0111507 0.999469 -0.0306318 -0.968843 -0.849635 -0.00668259 -0.527329 -10.378 
-0.532759 0.0321196 0.845657 61.6372 0.00973836 0.999446 -0.0318256 -1.02038 -0.846211 -0.00872007 -0.532777 -10.8643 
-0.538908 0.0307272 0.841804 62.4969 0.0108036 0.999504 -0.0295672 -1.06733 -0.842295 -0.00683946 -0.538973 -11.3724 
-0.544876 0.0289861 0.838016 63.3731 0.0117906 0.999568 -0.0269078 -1.10566 -0.838434 -0.00478072 -0.544982 -11.8999 
-0.550654 0.0266896 0.834307 64.2474 0.00913673 0.999622 -0.0259477 -1.15165 -0.834683 -0.00666537 -0.55069 -12.4245 
-0.555962 0.0299802 0.830667 65.1224 0.0109616 0.999527 -0.028738 -1.19836 -0.831135 -0.0068718 -0.556028 -12.9708 
-0.561093 0.0314827 0.827154 65.9576 0.0102246 0.999464 -0.0311053 -1.23848 -0.82769 -0.0089957 -0.561114 -13.5137 
-0.566296 0.032195 0.823573 66.7877 0.00875044 0.999415 -0.0330521 -1.29005 -0.824156 -0.0115106 -0.566246 -14.0334 
-0.569903 0.0319663 0.82109 67.5941 0.00724321 0.9994 -0.0338807 -1.34328 -0.82168 -0.0133614 -0.569792 -14.5696 
-0.573092 0.0316607 0.81888 68.3864 0.00816189 0.999424 -0.0329291 -1.38409 -0.819451 -0.0121878 -0.57302 -15.1078 
-0.575583 0.0250169 0.817361 69.1936 0.00963017 0.99967 -0.0238152 -1.4376 -0.817687 -0.0058363 -0.575634 -15.6497 
-0.577537 0.016839 0.816191 69.9904 0.00939387 0.999858 -0.0139812 -1.47782 -0.816311 -0.000407455 -0.577613 -16.1967 
-0.579105 0.0156413 0.815103 70.7858 0.0103233 0.999877 -0.0118525 -1.50843 -0.815188 0.00155071 -0.579195 -16.7368 
-0.580334 0.0197552 0.814139 71.5686 0.00936731 0.999802 -0.0175831 -1.53351 -0.814325 -0.00257779 -0.580404 -17.2731 
-0.581655 0.0262634 0.813012 72.3528 0.0112107 0.999643 -0.0242717 -1.56801 -0.813358 -0.00500338 -0.581741 -17.8156 
-0.582346 0.0305136 0.812369 73.1349 0.0168691 0.999534 -0.0254511 -1.60177 -0.812766 -0.00111745 -0.582589 -18.3572 
-0.582636 0.0317883 0.812111 73.9109 0.0200836 0.999493 -0.0247142 -1.64184 -0.812485 0.00191068 -0.582979 -18.8949 
-0.581807 0.0284261 0.81283 74.692 0.018311 0.999594 -0.0218509 -1.67816 -0.813121 0.00217069 -0.582091 -19.4433 
-0.581425 0.0237722 0.813253 75.4743 0.0173722 0.999708 -0.0168024 -1.71196 -0.813414 0.00435863 -0.581668 -19.9803 
-0.580616 0.0168716 0.814003 76.2563 0.0138472 0.999845 -0.0108464 -1.74531 -0.81406 0.00497401 -0.58076 -20.5163 
-0.580303 0.011448 0.81432 77.0429 0.00535431 0.999933 -0.0102418 -1.77067 -0.814383 -0.00158324 -0.580326 -21.0381 
-0.578217 0.0059673 0.815861 77.8272 -0.00209234 0.999959 -0.00879667 -1.79366 -0.81588 -0.00679345 -0.578181 -21.5647 
-0.576738 0.00708202 0.816899 78.605 0.00157988 0.99997 -0.0075537 -1.82365 -0.816928 -0.00306591 -0.576732 -22.0803 
-0.574038 0.0105766 0.818761 79.379 0.00563609 0.999944 -0.00896552 -1.85221 -0.81881 -0.000531942 -0.574065 -22.6066 
-0.568717 0.0138428 0.822417 80.1505 0.00834322 0.999904 -0.0110607 -1.87975 -0.822491 0.000571195 -0.568777 -23.1226 
-0.561937 0.0161522 0.827022 80.9319 0.013249 0.999857 -0.0105254 -1.90303 -0.827074 0.00504262 -0.562071 -23.619 
-0.553838 0.0197351 0.832391 81.7107 0.0219952 0.999717 -0.00906753 -1.94373 -0.832334 0.0132867 -0.554115 -24.1302 
-0.544872 0.0186903 0.838311 82.4815 0.0193844 0.999765 -0.00969071 -1.9663 -0.838295 0.01097 -0.545106 -24.5969 
-0.535081 0.0164133 0.844642 83.2807 0.0166424 0.999822 -0.00888581 -1.98243 -0.844637 0.00930224 -0.535259 -25.0602 
-0.523759 0.0132324 0.851764 84.0796 0.0164582 0.99985 -0.00541255 -2.00489 -0.851708 0.0111836 -0.523898 -25.5327 
-0.513284 0.012652 0.858126 84.8812 0.0164515 0.999853 -0.00490122 -2.02995 -0.858061 0.0116017 -0.513416 -25.9846 
-0.502288 0.0121885 0.864614 85.6931 0.0170108 0.999846 -0.00421265 -2.04464 -0.864533 0.0125918 -0.502419 -26.4248 
-0.490396 0.013065 0.871402 86.4992 0.0184724 0.999819 -0.00459471 -2.07104 -0.871304 0.0138437 -0.490549 -26.863 
-0.47902 0.016501 0.877649 87.3134 0.0178973 0.999799 -0.00902923 -2.10285 -0.877621 0.0113823 -0.479219 -27.2828 
-0.46747 0.025754 0.883634 88.1196 0.0217657 0.999608 -0.0176193 -2.13224 -0.883741 0.0109964 -0.467847 -27.6961 
-0.454685 0.0300885 0.890144 88.9509 0.0211506 0.999512 -0.0229816 -2.16032 -0.890401 0.00837775 -0.455099 -28.1093 
-0.443469 0.026902 0.895886 89.787 0.0189645 0.999607 -0.020629 -2.19105 -0.896089 0.00784167 -0.443805 -28.5029 
-0.43228 0.0231366 0.901442 90.6268 0.0180448 0.999693 -0.017005 -2.22828 -0.901559 0.00891538 -0.432565 -28.8855 
-0.422504 0.0237642 0.906049 91.4656 0.0154293 0.9997 -0.0190256 -2.26432 -0.90623 0.00594129 -0.422744 -29.2571 
-0.415937 0.0273084 0.908983 92.2918 0.00868426 0.999623 -0.0260577 -2.3002 -0.909352 -0.00294452 -0.416018 -29.6065 
-0.411815 0.0305566 0.910755 93.0876 -0.000417914 0.999431 -0.0337207 -2.34716 -0.911268 -0.0142673 -0.411568 -29.9351 
-0.40891 0.0318743 0.912018 93.9469 -0.00542657 0.999287 -0.0373573 -2.38634 -0.912558 -0.0202249 -0.408446 -30.2789 
-0.406141 0.0313369 0.913273 94.8111 -0.00672192 0.999282 -0.0372774 -2.44166 -0.913786 -0.0212789 -0.405639 -30.6185 
-0.40143 0.0313148 0.915354 95.6234 -0.00735531 0.999273 -0.0374114 -2.49265 -0.91586 -0.0217508 -0.400907 -30.9523 
-0.396438 0.025933 0.917695 96.4826 -0.014545 0.999298 -0.0345223 -2.52968 -0.917946 -0.0270338 -0.395783 -31.2836 
-0.391394 0.0224131 0.91995 97.3106 -0.0134149 0.999458 -0.0300576 -2.58165 -0.920126 -0.0241054 -0.390881 -31.6149 
-0.385908 0.0194758 0.922332 98.1508 -0.0150242 0.999512 -0.0273917 -2.62649 -0.922415 -0.024428 -0.385427 -31.9409 
-0.38023 0.0174046 0.924728 99.0042 -0.0235966 0.999315 -0.0285108 -2.66411 -0.924591 -0.0326611 -0.379559 -32.268 
-0.374421 0.017512 0.927094 99.8469 -0.0310809 0.999023 -0.0314231 -2.70428 -0.926738 -0.0405804 -0.373511 -32.5671 
-0.368386 0.0216787 0.92942 100.681 -0.0293179 0.99896 -0.0349211 -2.74689 -0.929211 -0.0401131 -0.367367 -32.8719 
-0.362246 0.0248666 0.931751 101.524 -0.0280826 0.998899 -0.0375766 -2.79103 -0.931659 -0.039778 -0.361149 -33.1683 
-0.356795 0.022976 0.9339 102.375 -0.0303252 0.998886 -0.0361605 -2.8322 -0.93369 -0.0412226 -0.355701 -33.459 
-0.350197 0.0178575 0.936506 103.243 -0.0315899 0.999024 -0.0308624 -2.88028 -0.936143 -0.0403921 -0.349292 -33.7539 
-0.343472 0.0156552 0.939033 104.105 -0.0318193 0.999093 -0.0282951 -2.91694 -0.938624 -0.039598 -0.342662 -34.0479 
-0.337722 0.0187801 0.941058 104.959 -0.0340468 0.998903 -0.032153 -2.95341 -0.94063 -0.0428988 -0.336712 -34.3234 
-0.331736 0.0209276 0.94314 105.797 -0.0340757 0.998836 -0.034149 -2.9983 -0.942757 -0.0434666 -0.330637 -34.6001 
-0.325025 0.0211165 0.94547 106.61 -0.0369058 0.998706 -0.0349926 -3.04355 -0.944985 -0.0462668 -0.323825 -34.8657 
-0.318104 0.0204313 0.947836 107.445 -0.0364452 0.998765 -0.0337605 -3.09338 -0.947355 -0.0452834 -0.316966 -35.1305 
-0.309966 0.0204883 0.950527 108.298 -0.0326935 0.998947 -0.0321933 -3.13403 -0.950185 -0.0410549 -0.30897 -35.3954 
-0.302814 0.0215981 0.952805 109.164 -0.0303015 0.99902 -0.0322759 -3.1728 -0.952568 -0.038645 -0.301863 -35.6504 
-0.296773 0.0209834 0.954718 110.031 -0.0312715 0.999009 -0.0316776 -3.22762 -0.954436 -0.0392565 -0.295823 -35.8913 
-0.290821 0.0196633 0.956576 110.899 -0.037574 0.998783 -0.0319542 -3.26373 -0.95604 -0.0452353 -0.289728 -36.1138 
-0.284602 0.0176873 0.958483 111.761 -0.0412497 0.998678 -0.0306772 -3.30423 -0.957758 -0.0482679 -0.283496 -36.3469 
-0.280372 0.0180811 0.959721 112.623 -0.0383801 0.998812 -0.0300298 -3.34485 -0.959124 -0.0452537 -0.279345 -36.5752 
-0.275777 0.0183116 0.961047 113.482 -0.0356798 0.998935 -0.0292719 -3.39554 -0.960559 -0.0423625 -0.27483 -36.8016 
-0.271087 0.0196237 0.962355 114.347 -0.0346849 0.998944 -0.0301403 -3.43544 -0.96193 -0.0415499 -0.27012 -37.0294 
-0.264982 0.0187078 0.964072 115.208 -0.0292229 0.999197 -0.0274215 -3.47217 -0.96381 -0.0354392 -0.264222 -37.2591 
-0.259981 0.0180515 0.965445 116.072 -0.0215316 0.999468 -0.0244858 -3.50866 -0.965374 -0.0271535 -0.259454 -37.4843 
-0.25493 0.0170654 0.966809 116.937 -0.0194897 0.99955 -0.0227823 -3.54941 -0.966763 -0.0246507 -0.254483 -37.7002 
-0.250985 0.0186625 0.967811 117.807 -0.0213253 0.999465 -0.0248032 -3.58773 -0.967756 -0.0268641 -0.250453 -37.9027 
-0.24705 0.0206072 0.968784 118.673 -0.0228472 0.999372 -0.0270841 -3.61971 -0.968733 -0.0288252 -0.246424 -38.1108 
-0.245261 0.0193104 0.969265 119.537 -0.0258744 0.999315 -0.0264563 -3.66257 -0.969112 -0.0315678 -0.244594 -38.3089 
-0.244297 0.0182024 0.96953 120.402 -0.0262955 0.999332 -0.0253876 -3.70078 -0.969344 -0.0316964 -0.243655 -38.5065 
-0.242715 0.0135429 0.970003 121.271 -0.0253283 0.999473 -0.020292 -3.73395 -0.969767 -0.0294937 -0.242244 -38.7179 
-0.241012 0.00851467 0.970485 122.139 -0.0262882 0.999537 -0.015298 -3.76836 -0.970166 -0.0291993 -0.240676 -38.9244 
-0.24061 0.00658295 0.9706 123 -0.025855 0.999579 -0.0131889 -3.80112 -0.970278 -0.0282682 -0.240338 -39.1125 
-0.239913 0.0109554 0.970733 123.841 -0.0259437 0.999507 -0.017692 -3.83155 -0.970448 -0.029429 -0.23951 -39.295 
-0.239018 0.0148713 0.970901 124.682 -0.0244341 0.999474 -0.0213242 -3.86825 -0.970708 -0.02882 -0.238528 -39.4941 
-0.238887 0.0142009 0.970944 125.535 -0.0280309 0.999376 -0.0215134 -3.89422 -0.970643 -0.0323557 -0.23834 -39.6865 
-0.238403 0.0127394 0.971083 126.385 -0.0303204 0.999329 -0.0205537 -3.93253 -0.970693 -0.0343437 -0.237857 -39.8723 
-0.238016 0.0139948 0.971161 127.236 -0.0262886 0.999437 -0.0208451 -3.95857 -0.970906 -0.030492 -0.237514 -40.0716 
-0.237336 0.016647 0.971285 128.064 -0.0281708 0.999315 -0.0240109 -3.98587 -0.971019 -0.0330605 -0.236704 -40.2556 
-0.237253 0.0172909 0.971294 128.894 -0.0365449 0.998975 -0.0267103 -4.02298 -0.97076 -0.041833 -0.236378 -40.43 
-0.236877 0.0178346 0.971376 129.721 -0.0433902 0.99864 -0.0289161 -4.06555 -0.97057 -0.0489978 -0.235781 -40.6081 
-0.237538 0.0214334 0.971142 130.526 -0.041569 0.998616 -0.0322074 -4.10304 -0.970488 -0.0480199 -0.236319 -40.7746 
-0.236711 0.0220778 0.971329 131.324 -0.0401019 0.998668 -0.0324719 -4.15049 -0.970752 -0.0466386 -0.23551 -40.9611 
-0.235221 0.0231173 0.971667 132.109 -0.0419487 0.998544 -0.0339117 -4.19769 -0.971036 -0.0487369 -0.233909 -41.1326 
-0.234448 0.0224384 0.97187 132.883 -0.0353099 0.998877 -0.0315799 -4.2312 -0.971487 -0.0417205 -0.233393 -41.2865 
-0.231484 0.0193864 0.972646 133.726 -0.0317982 0.999116 -0.0274818 -4.2688 -0.972319 -0.03729 -0.230663 -41.4722 
-0.22966 0.0148083 0.973158 134.533 -0.0285265 0.999352 -0.021939 -4.30783 -0.972853 -0.0327993 -0.229089 -41.6507 
-0.22656 0.0146372 0.973887 135.287 -0.0255194 0.999455 -0.0209581 -4.33762 -0.973663 -0.0296013 -0.226063 -41.8063 
-0.222127 0.0195191 0.974822 136.077 -0.0258965 0.999329 -0.0259107 -4.37445 -0.974674 -0.0309999 -0.221473 -41.9647 
-0.215374 0.0223229 0.976276 136.858 -0.0247381 0.999293 -0.0283066 -4.41046 -0.976218 -0.0302478 -0.21467 -42.1234 
-0.207227 0.022832 0.978026 137.655 -0.0238056 0.999314 -0.028373 -4.44587 -0.978003 -0.0291622 -0.206541 -42.2764 
-0.198136 0.0183909 0.980002 138.445 -0.0228055 0.999467 -0.0233669 -4.48171 -0.979909 -0.0269793 -0.197611 -42.4145 
-0.187092 0.0174933 0.982187 139.215 -0.0184284 0.999603 -0.0213138 -4.51477 -0.982169 -0.0220878 -0.186696 -42.545 
-0.174086 0.0201164 0.984525 139.987 -0.0151157 0.999619 -0.0230976 -4.54528 -0.984615 -0.0189028 -0.173715 -42.6605 
-0.160004 0.021225 0.986888 140.767 -0.0158009 0.999586 -0.0240599 -4.5779 -0.98699 -0.0194434 -0.159602 -42.768 
-0.146052 0.0210664 0.989053 141.56 -0.0144366 0.999621 -0.0234233 -4.60921 -0.989172 -0.0176996 -0.145693 -42.8765 
-0.131884 0.0232323 0.990993 142.341 -0.0127867 0.999602 -0.0251358 -4.63732 -0.991183 -0.0159866 -0.131535 -42.9756 
-0.118143 0.0297869 0.99255 143.115 -0.0168005 0.999347 -0.0319906 -4.67122 -0.992855 -0.0204547 -0.117565 -43.0523 
-0.105772 0.0380348 0.993663 143.873 -0.0253746 0.99884 -0.0409339 -4.71784 -0.994067 -0.0295434 -0.104684 -43.0952 
-0.0918294 0.0454254 0.994738 144.658 -0.0282013 0.99844 -0.0481978 -4.76163 -0.995375 -0.0324789 -0.090405 -43.1492 
-0.0787102 0.046113 0.995831 145.403 -0.028115 0.99843 -0.0484555 -4.80163 -0.996501 -0.0318118 -0.0772901 -43.1818 
-0.0672073 0.0422512 0.996844 146.164 -0.0337658 0.998434 -0.0445951 -4.84383 -0.997168 -0.0366563 -0.0656754 -43.2053 
-0.0566244 0.0391226 0.997629 146.945 -0.0371663 0.998457 -0.0412645 -4.90257 -0.997704 -0.0394147 -0.055083 -43.2307 
-0.0480548 0.0454692 0.997809 147.708 -0.0415204 0.998009 -0.0474779 -4.95151 -0.997981 -0.0437109 -0.0460713 -43.2351 
-0.0415651 0.0535021 0.997702 148.463 -0.0433004 0.997531 -0.0552968 -4.99365 -0.998197 -0.0454993 -0.0391458 -43.2465 
-0.0381192 0.0563172 0.997685 149.225 -0.0460469 0.997251 -0.058052 -5.03612 -0.998212 -0.0481532 -0.0354212 -43.263 
-0.0391451 0.0517094 0.997895 149.983 -0.0485199 0.997384 -0.0535862 -5.08855 -0.998055 -0.0505154 -0.0365338 -43.2613 
-0.0404976 0.0478342 0.998034 150.726 -0.0492957 0.997541 -0.0498109 -5.13504 -0.997963 -0.051216 -0.03804 -43.2749 
-0.0431492 0.0448944 0.998059 151.475 -0.0480962 0.997738 -0.0469593 -5.18005 -0.99791 -0.0500291 -0.0408923 -43.2997 
-0.0453844 0.0453547 0.99794 152.223 -0.0456161 0.997833 -0.0474244 -5.22359 -0.997928 -0.0476744 -0.0432171 -43.3293 
-0.0494514 0.0451268 0.997757 152.96 -0.0449575 0.997866 -0.0473599 -5.27187 -0.997764 -0.0471986 -0.047317 -43.3484 
-0.0529677 0.0435305 0.997647 153.697 -0.0461053 0.997877 -0.0459883 -5.32229 -0.997531 -0.0484327 -0.0508483 -43.3859 
-0.0585763 0.0437583 0.997323 154.435 -0.0473735 0.997792 -0.0465612 -5.36251 -0.997158 -0.0499741 -0.0563739 -43.4128 
-0.0644013 0.0414918 0.997061 155.165 -0.048337 0.997833 -0.044646 -5.40739 -0.996753 -0.0510702 -0.0622561 -43.4454 
-0.0704151 0.0390854 0.996752 155.909 -0.0467989 0.998002 -0.0424405 -5.45295 -0.996419 -0.0496353 -0.0684453 -43.4912 
-0.0754715 0.038716 0.996396 156.635 -0.0464951 0.998023 -0.0423009 -5.49965 -0.996063 -0.0495201 -0.0735222 -43.5354 
-0.08184 0.0400802 0.995839 157.357 -0.0479395 0.997876 -0.0441019 -5.53459 -0.995492 -0.0513494 -0.0797447 -43.5634 
-0.0857946 0.0421945 0.995419 158.077 -0.0475715 0.99779 -0.0463951 -5.58017 -0.995177 -0.051334 -0.0835977 -43.6119 
-0.0872198 0.0444647 0.995196 158.792 -0.0484574 0.997631 -0.0488203 -5.62956 -0.99501 -0.0524827 -0.0848585 -43.6748 
-0.0890457 0.0463519 0.994948 159.504 -0.0457128 0.997674 -0.05057 -5.66961 -0.994978 -0.0499849 -0.0867197 -43.7262 
-0.0882075 0.0448324 0.995093 160.218 -0.041713 0.997944 -0.0486583 -5.71297 -0.995228 -0.0458003 -0.0861561 -43.7807 
-0.0841856 0.04106 0.995604 160.926 -0.0393117 0.998236 -0.0444926 -5.76226 -0.995674 -0.0428845 -0.082423 -43.8301 
-0.0771139 0.0408825 0.996184 161.628 -0.0380866 0.998309 -0.0439179 -5.80695 -0.996295 -0.0413279 -0.0754265 -43.8655 
-0.0661657 0.0419398 0.996927 162.319 -0.0360176 0.998365 -0.0443907 -5.84905 -0.997158 -0.038844 -0.0645469 -43.8946 
-0.0516218 0.0418262 0.99779 163.01 -0.0327747 0.998513 -0.0435521 -5.89189 -0.998129 -0.0349505 -0.0501742 -43.9176 
-0.0365527 0.0393711 0.998556 163.684 -0.0333734 0.998618 -0.0405951 -5.93039 -0.998774 -0.0348091 -0.0351883 -43.9264 
-0.020463 0.0341412 0.999208 164.369 -0.0368409 0.998712 -0.0348788 -5.96846 -0.999112 -0.0375254 -0.0191789 -43.915 
-0.00402807 0.0277542 0.999607 165.048 -0.0391452 0.998844 -0.0278907 -5.99988 -0.999225 -0.0392422 -0.00293697 -43.8954 
0.0133083 0.0206126 0.999699 165.733 -0.0393794 0.999023 -0.0200744 -6.02758 -0.999136 -0.0391004 0.014107 -43.8676 
0.0303463 0.0133656 0.99945 166.401 -0.0401401 0.99912 -0.0121424 -6.05051 -0.998733 -0.0397495 0.0308561 -43.8233 
0.0479786 0.00719532 0.998822 167.074 -0.042177 0.999097 -0.00517127 -6.07274 -0.997958 -0.0418793 0.0482387 -43.7715 
0.0662706 0.00493093 0.99779 167.726 -0.0427812 0.999082 -0.00209586 -6.0899 -0.996884 -0.0425477 0.0664207 -43.7075 
0.0839571 0.00341881 0.996464 168.369 -0.041022 0.999158 2.82961e-05 -6.10294 -0.995625 -0.0408793 0.0840267 -43.6345 
0.101431 0.00296268 0.994838 169.024 -0.0409697 0.99916 0.00120168 -6.10726 -0.993999 -0.0408802 0.101467 -43.5458 
0.117509 0.00182655 0.99307 169.658 -0.0462429 0.998924 0.00363462 -6.1162 -0.991995 -0.0463495 0.117467 -43.4422 
0.132505 -0.00188131 0.991181 170.291 -0.0488947 0.998768 0.00843217 -6.12723 -0.989976 -0.0495808 0.132249 -43.3364 
0.144809 -0.00550888 0.989444 170.917 -0.0452117 0.998903 0.0121785 -6.13168 -0.988426 -0.0464981 0.144401 -43.2333 
0.15585 -0.00672695 0.987758 171.537 -0.0424829 0.999006 0.0135066 -6.13896 -0.986867 -0.0440679 0.155409 -43.1266 
0.165932 -0.00291507 0.986133 172.144 -0.0465748 0.998857 0.0107897 -6.13876 -0.985037 -0.0477193 0.165607 -43.0046 
0.175052 0.0041913 0.98455 172.737 -0.0509628 0.998689 0.00480966 -6.14489 -0.983239 -0.0510174 0.175036 -42.8681 
0.184253 0.0138747 0.982781 173.339 -0.050192 0.998729 -0.0046897 -6.1561 -0.981597 -0.0484636 0.184715 -42.7356 
0.192617 0.0202779 0.981065 173.92 -0.0446487 0.998932 -0.0118811 -6.16021 -0.980258 -0.0415147 0.193317 -42.6228 
0.199189 0.0183302 0.97979 174.52 -0.0433752 0.99901 -0.00987166 -6.16674 -0.979001 -0.0405322 0.199787 -42.4845 
0.205637 0.0104777 0.978572 175.146 -0.045357 0.99897 -0.00116479 -6.17665 -0.977577 -0.0441456 0.2059 -42.3446 
0.20982 -0.000412206 0.97774 175.75 -0.0496337 0.998706 0.0110724 -6.18721 -0.976479 -0.0508521 0.209528 -42.1917 
0.211767 -0.00876124 0.977281 176.375 -0.0502712 0.998538 0.0198452 -6.19831 -0.976026 -0.0533317 0.211017 -42.0378 
0.212885 -0.00955025 0.977031 176.996 -0.0464442 0.998723 0.019882 -6.20337 -0.975973 -0.04961 0.212169 -41.9003 
0.214331 -0.00754121 0.976732 177.611 -0.0425991 0.998947 0.0170606 -6.20254 -0.975832 -0.0452646 0.213784 -41.7664 
0.215434 -0.00819961 0.976484 178.181 -0.0391701 0.999087 0.0170313 -6.20311 -0.975732 -0.0419181 0.214917 -41.6205 
0.217453 -0.01038 0.976016 178.794 -0.0413988 0.998946 0.0198474 -6.1976 -0.975193 -0.0447217 0.216794 -41.4709 
0.220732 -0.0138275 0.975236 179.422 -0.0416187 0.998855 0.0235823 -6.18872 -0.974446 -0.0457934 0.219904 -41.3224 
0.223565 -0.0191466 0.974501 180.033 -0.0406559 0.998754 0.0289502 -6.1875 -0.973841 -0.0460914 0.222508 -41.1635 
0.228259 -0.0218528 0.973355 180.65 -0.0391651 0.998733 0.0316071 -6.17973 -0.972812 -0.0453362 0.227114 -41.012 
0.23485 -0.0240631 0.971734 181.28 -0.0370325 0.998746 0.0336822 -6.16568 -0.971326 -0.043896 0.233665 -40.851 
0.243109 -0.0272949 0.969615 181.911 -0.0352252 0.998696 0.0369455 -6.1572 -0.969359 -0.0431366 0.24183 -40.6815 
0.253208 -0.0293337 0.966967 182.556 -0.0322116 0.99873 0.0387322 -6.14876 -0.966875 -0.0409548 0.251942 -40.5089 
0.264488 -0.0273918 0.964 183.184 -0.0335159 0.998732 0.0375744 -6.13895 -0.963807 -0.0422473 0.263234 -40.3191 
0.276053 -0.0236123 0.960853 183.801 -0.0344165 0.998814 0.034433 -6.12716 -0.960526 -0.0425745 0.274913 -40.1188 
0.289148 -0.0200688 0.957074 184.473 -0.0351475 0.998884 0.0315642 -6.10469 -0.956639 -0.0427655 0.288119 -39.9321 
0.300936 -0.0198719 0.953437 185.109 -0.0333599 0.998952 0.0313501 -6.08817 -0.953061 -0.041241 0.299957 -39.7157 
0.31189 -0.0232802 0.949833 185.728 -0.0320575 0.998873 0.0350086 -6.0808 -0.949577 -0.0413681 0.310792 -39.4865 
0.322343 -0.0244686 0.946307 186.361 -0.0335498 0.998743 0.0372527 -6.06478 -0.946028 -0.0437565 0.321117 -39.2272 
0.334112 -0.0253093 0.942194 186.996 -0.0347758 0.998628 0.0391572 -6.04929 -0.941892 -0.0458484 0.332773 -38.9867 
0.343352 -0.0268931 0.938822 187.634 -0.0381729 0.998364 0.0425596 -6.03009 -0.938431 -0.0504505 0.341764 -38.7179 
0.350649 -0.0258085 0.936151 188.298 -0.0419126 0.998186 0.0432178 -6.00651 -0.935569 -0.0543909 0.348931 -38.4439 
0.354919 -0.0288745 0.934451 188.952 -0.0417605 0.998036 0.0467006 -5.98277 -0.933964 -0.055598 0.353016 -38.1767 
0.357529 -0.0327139 0.933329 189.619 -0.0385778 0.998016 0.0497592 -5.95989 -0.933105 -0.0537961 0.355558 -37.9179 
0.357407 -0.031515 0.933417 190.282 -0.0339495 0.998332 0.0467061 -5.92596 -0.933332 -0.0483821 0.35574 -37.6527 
0.356549 -0.031714 0.933738 190.961 -0.0321949 0.998413 0.0462044 -5.90746 -0.933722 -0.0465358 0.354962 -37.3941 
0.356328 -0.029997 0.933879 191.654 -0.0280976 0.998689 0.0427996 -5.8735 -0.933938 -0.0414904 0.355018 -37.1306 
0.355933 -0.032027 0.933963 192.343 -0.0247692 0.998738 0.0436878 -5.84656 -0.934183 -0.0386834 0.354691 -36.8669 
0.355232 -0.0372595 0.934035 193.053 -0.0221249 0.99859 0.0482492 -5.8168 -0.934516 -0.0378051 0.353907 -36.5824 
0.354228 -0.0398897 0.934308 193.749 -0.0213212 0.998486 0.0507134 -5.78619 -0.934916 -0.0378846 0.352841 -36.3066 
0.352641 -0.0422871 0.934803 194.447 -0.0201939 0.998402 0.052782 -5.76035 -0.935541 -0.0374905 0.351224 -36.0307 
0.35137 -0.0425567 0.935269 195.139 -0.0207767 0.998366 0.0532334 -5.73339 -0.936006 -0.0381364 0.349912 -35.7617 
0.349658 -0.0433278 0.935875 195.835 -0.0218145 0.998283 0.0543674 -5.70911 -0.936623 -0.0394256 0.348112 -35.4901 
0.34767 -0.0425188 0.936653 196.531 -0.0230207 0.998283 0.0538615 -5.68938 -0.937335 -0.0402884 0.346094 -35.2186 
0.346656 -0.0383781 0.937207 197.228 -0.0240617 0.99847 0.0497869 -5.66211 -0.937684 -0.0398097 0.345202 -34.9463 
0.345633 -0.0319737 0.937825 197.918 -0.0239268 0.998794 0.0428706 -5.63301 -0.938065 -0.0372567 0.344451 -34.6804 
0.344954 -0.0304925 0.938124 198.621 -0.0243526 0.998845 0.0414208 -5.61673 -0.938304 -0.0371341 0.343813 -34.4174 
0.343473 -0.0333772 0.938569 199.32 -0.0250687 0.998686 0.0446891 -5.59544 -0.938828 -0.0388782 0.342185 -34.1473 
0.342411 -0.0365873 0.938838 200.032 -0.027704 0.998414 0.0490132 -5.5792 -0.939142 -0.0427923 0.340854 -33.8697 
0.340429 -0.0359459 0.939583 200.703 -0.0317226 0.998261 0.0496846 -5.56438 -0.939735 -0.0467201 0.338697 -33.6316 
0.335754 -0.0360121 0.941261 201.401 -0.0344873 0.998129 0.0504897 -5.5481 -0.941318 -0.0494137 0.333884 -33.3644 
0.329652 -0.0374605 0.943359 202.077 -0.0350211 0.99804 0.0518698 -5.52903 -0.943453 -0.0501365 0.327694 -33.1443 
0.320648 -0.0379641 0.946437 202.779 -0.0337475 0.998104 0.0514701 -5.49871 -0.946597 -0.0484436 0.318758 -32.8995 
0.310479 -0.0366534 0.949873 203.47 -0.0310923 0.99833 0.0486862 -5.47695 -0.950072 -0.0446498 0.308821 -32.6692 
0.299751 -0.0335994 0.953426 204.171 -0.0325969 0.998435 0.0454339 -5.46069 -0.953461 -0.0446976 0.298187 -32.4434 
0.288025 -0.0332889 0.957044 204.867 -0.0352575 0.998349 0.0453365 -5.4274 -0.956974 -0.046801 0.286376 -32.223 
0.276639 -0.0413367 0.960084 205.573 -0.0302332 0.998206 0.0516894 -5.40511 -0.960498 -0.0433258 0.274893 -32.019 
0.26793 -0.0493287 0.962175 206.301 -0.027535 0.997888 0.0588272 -5.3709 -0.963045 -0.0422551 0.266006 -31.8199 
0.261032 -0.0559053 0.96371 207.026 -0.025226 0.997586 0.0647033 -5.35342 -0.965001 -0.0412002 0.258991 -31.6301 
0.256476 -0.0562439 0.964913 207.736 -0.0315898 0.997284 0.0665276 -5.30909 -0.966034 -0.0475442 0.254003 -31.4167 
0.254213 -0.058299 0.96539 208.457 -0.0307373 0.99719 0.0683134 -5.27431 -0.96666 -0.0470396 0.251707 -31.2253 
0.252729 -0.0590237 0.965735 209.176 -0.0295617 0.997201 0.068683 -5.23642 -0.967085 -0.045907 0.250277 -31.0267 
0.25206 -0.0571598 0.966022 209.889 -0.029261 0.997347 0.0666483 -5.198 -0.967269 -0.0450662 0.249718 -30.8307 
0.251623 -0.0553423 0.966242 210.607 -0.0329395 0.997296 0.065699 -5.16072 -0.967265 -0.0483589 0.24912 -30.6258 
0.252382 -0.0557762 0.966019 211.343 -0.0332577 0.997247 0.0662682 -5.11865 -0.967056 -0.0488524 0.249832 -30.4277 
0.253742 -0.057022 0.96559 212.058 -0.0335413 0.997142 0.0676995 -5.08125 -0.96669 -0.0495653 0.251104 -30.2176 
0.255286 -0.0592713 0.965047 212.802 -0.0319316 0.997058 0.0696843 -5.04537 -0.966338 -0.048605 0.252643 -30.0096 
0.256454 -0.0601918 0.96468 213.517 -0.0287658 0.997142 0.0698645 -5.00916 -0.966128 -0.0456668 0.253989 -29.799 
0.259325 -0.0613978 0.963837 214.254 -0.0276613 0.997096 0.070959 -4.96554 -0.965394 -0.0450624 0.256874 -29.5814 
0.263217 -0.0628566 0.962687 215 -0.0292879 0.996895 0.0730981 -4.91903 -0.964292 -0.0474357 0.260559 -29.3516 
0.268492 -0.0668689 0.960958 215.744 -0.0304526 0.9965 0.0778506 -4.87072 -0.962801 -0.0501659 0.265516 -29.1279 
0.273618 -0.0703565 0.959262 216.501 -0.0312994 0.996142 0.0819893 -4.82052 -0.961329 -0.0524581 0.27036 -28.8975 
0.278657 -0.0704988 0.9578 217.236 -0.0316789 0.996085 0.0825332 -4.7713 -0.959868 -0.0533404 0.275332 -28.6806 
0.282948 -0.065594 0.95689 217.971 -0.0385237 0.996077 0.0796716 -4.72608 -0.958361 -0.0594058 0.279311 -28.4396 
0.287654 -0.0596826 0.955873 218.704 -0.0431527 0.996235 0.0751889 -4.67188 -0.956762 -0.0628768 0.283996 -28.1968 
0.292164 -0.05654 0.954696 219.439 -0.0474074 0.996168 0.0735042 -4.62172 -0.955193 -0.0667349 0.288364 -27.9431 
0.296704 -0.0570641 0.953263 220.188 -0.049036 0.995986 0.0748842 -4.58208 -0.95371 -0.0689627 0.292715 -27.6972 
0.300454 -0.0543775 0.952245 220.943 -0.0512128 0.996014 0.0730357 -4.53489 -0.952421 -0.070711 0.296471 -27.4411 
0.304379 -0.0512792 0.95117 221.703 -0.051439 0.996208 0.0701681 -4.48523 -0.951161 -0.0702849 0.300588 -27.1827 
0.308991 -0.0506991 0.949713 222.438 -0.0519118 0.99619 0.07007 -4.44041 -0.949647 -0.0709523 0.305182 -26.9253 
0.312942 -0.0532316 0.948279 223.164 -0.0501096 0.996112 0.0724534 -4.41411 -0.948449 -0.0701916 0.309058 -26.6547 
0.317194 -0.0537515 0.946836 223.912 -0.0454288 0.996385 0.0717833 -4.37418 -0.947272 -0.0657828 0.313605 -26.395 
0.321538 -0.0535515 0.945381 224.65 -0.0419439 0.996614 0.0707194 -4.33309 -0.945967 -0.0623919 0.318204 -26.1317 
0.325604 -0.0515286 0.944101 225.388 -0.0429809 0.996675 0.0692215 -4.28979 -0.944529 -0.0631171 0.322307 -25.8585 
0.33038 -0.0518482 0.942423 226.131 -0.0473774 0.99632 0.0714223 -4.24546 -0.942658 -0.0682461 0.326708 -25.5795 
0.334791 -0.052746 0.940815 226.878 -0.0498405 0.996043 0.0735782 -4.2062 -0.940973 -0.071524 0.330838 -25.29 
0.338748 -0.0496072 0.939569 227.614 -0.0477022 0.996419 0.0698072 -4.16441 -0.939667 -0.0684665 0.335169 -25.0109 
0.342706 -0.0431583 0.938451 228.347 -0.0465008 0.99694 0.0628296 -4.12792 -0.938291 -0.0651708 0.339651 -24.7324 
0.346345 -0.036466 0.937398 229.085 -0.0531329 0.996878 0.0584111 -4.08038 -0.936601 -0.070037 0.343326 -24.4373 
0.349551 -0.0381527 0.93614 229.825 -0.0582172 0.996355 0.0623449 -4.04225 -0.935107 -0.0762922 0.346055 -24.1362 
0.351776 -0.0482278 0.934841 230.569 -0.0580076 0.99563 0.0731919 -3.99831 -0.934285 -0.079975 0.347441 -23.8383 
0.353571 -0.0603232 0.933461 231.313 -0.0548586 0.994864 0.0850703 -3.94296 -0.933798 -0.0812868 0.348446 -23.5442 
0.355426 -0.0683129 0.932205 232.049 -0.0558732 0.99399 0.0941436 -3.89063 -0.933033 -0.0855463 0.349473 -23.2483 
0.357709 -0.0699902 0.931207 232.788 -0.0575494 0.99364 0.0967895 -3.83552 -0.932058 -0.0882128 0.351406 -22.9432 
0.360225 -0.065359 0.930573 233.527 -0.0569854 0.994138 0.0918826 -3.77551 -0.931123 -0.0861275 0.354388 -22.6401 
0.364619 -0.059455 0.929257 234.259 -0.055576 0.994791 0.0854548 -3.71598 -0.929497 -0.0828028 0.359416 -22.3465 
0.368777 -0.0547437 0.927904 234.98 -0.0557675 0.995163 0.0808755 -3.65478 -0.927843 -0.0815719 0.363941 -22.036 
0.372947 -0.0527912 0.92635 235.714 -0.0542054 0.995435 0.0785514 -3.60807 -0.926268 -0.0795087 0.368383 -21.7317 
0.377133 -0.0511323 0.924747 236.442 -0.0523909 0.995698 0.0764216 -3.55606 -0.924676 -0.0772694 0.372831 -21.4213 
0.381986 -0.0518178 0.922714 237.198 -0.05175 0.995661 0.0773378 -3.49678 -0.922718 -0.0772924 0.377647 -21.1165 
0.385333 -0.0571514 0.921006 237.921 -0.0492944 0.99538 0.0823905 -3.44221 -0.92146 -0.0771482 0.380735 -20.8005 
0.388539 -0.0634598 0.919244 238.653 -0.0469529 0.994966 0.0885329 -3.39348 -0.920235 -0.0775597 0.383604 -20.4839 
0.390936 -0.0687948 0.917844 239.391 -0.0456777 0.994524 0.0939976 -3.3318 -0.919284 -0.078672 0.385652 -20.1604 
0.392954 -0.0737363 0.916597 240.123 -0.0439152 0.994138 0.0988011 -3.26425 -0.918509 -0.0790769 0.387413 -19.834 
0.394282 -0.0809273 0.915419 240.867 -0.0420221 0.993486 0.105928 -3.2003 -0.918028 -0.0802335 0.388313 -19.5011 
0.396015 -0.0813797 0.914631 241.615 -0.0423884 0.993383 0.10674 -3.13054 -0.917265 -0.0810404 0.389945 -19.165 
0.397841 -0.0693717 0.914828 242.342 -0.052002 0.993829 0.0979771 -3.06072 -0.91598 -0.0865522 0.391778 -18.8226 
0.398598 -0.0558924 0.915421 243.067 -0.0537555 0.995001 0.0841579 -3.0031 -0.915549 -0.0827541 0.393601 -18.488 
0.399312 -0.047842 0.915566 243.794 -0.0538521 0.995689 0.0755157 -2.93643 -0.915232 -0.0794594 0.395014 -18.1564 
0.398931 -0.0506421 0.915582 244.538 -0.0535958 0.995479 0.0784137 -2.88344 -0.915414 -0.080353 0.394413 -17.8204 
