1 -4.23778e-08 4.22719e-08 0 -4.23778e-08 1 -4.19404e-08 0 4.22719e-08 -4.19404e-08 1 0 
0.999991 -0.00256712 -0.00335615 -0.0105804 0.00255986 0.999994 -0.00214131 -0.0045221 0.00336171 0.00213261 0.999992 0.680386 
0.999969 -0.00115751 -0.00773912 -0.0243234 0.00112874 0.999992 -0.00370999 -0.00717536 0.00774344 0.00370106 0.999963 1.38223 
0.999928 -0.00154165 -0.0118587 -0.0432853 0.00148165 0.999986 -0.00505943 -0.013699 0.0118664 0.00504142 0.999917 2.10004 
0.999858 6.45016e-05 -0.0168371 -0.0688325 -0.000159857 0.999984 -0.00565713 -0.020631 0.0168365 0.00565894 0.999842 2.83115 
0.999772 -0.00106822 -0.0213143 -0.098083 0.00094525 0.999983 -0.00577479 -0.0310929 0.0213202 0.00575324 0.999756 3.57681 
0.999664 0.000861419 -0.0259021 -0.133305 -0.00104591 0.999974 -0.00710681 -0.038363 0.0258954 0.00713142 0.999639 4.34226 
0.999514 0.00335862 -0.0309749 -0.169926 -0.00360898 0.999961 -0.00802756 -0.041293 0.0309469 0.00813537 0.999488 5.1199 
0.999366 0.00390407 -0.0353941 -0.214034 -0.0041375 0.99997 -0.00652203 -0.0491392 0.0353677 0.00666426 0.999352 5.91603 
0.999201 0.00274414 -0.0398774 -0.256543 -0.00289412 0.999989 -0.00370179 -0.0561741 0.0398669 0.00381416 0.999198 6.71856 
0.999045 0.00241748 -0.0436181 -0.302453 -0.00246864 0.999996 -0.00111734 -0.0651499 0.0436153 0.00122386 0.999048 7.54162 
0.998914 0.00359492 -0.046459 -0.354063 -0.00367185 0.999992 -0.00156896 -0.07537 0.0464531 0.00173777 0.998919 8.36854 
0.9988 0.00323869 -0.0488722 -0.404509 -0.00334021 0.999992 -0.00199402 -0.0795875 0.0488654 0.00215478 0.998803 9.19471 
0.998719 0.00023991 -0.0506005 -0.45465 -0.00036422 0.999997 -0.00244586 -0.0868956 0.0505998 0.00246107 0.998716 10.0296 
0.998606 0.00018849 -0.0527768 -0.509525 -0.000276279 0.999999 -0.00165456 -0.0955636 0.0527765 0.00166674 0.998605 10.8708 
0.998518 -0.00136013 -0.0544093 -0.561895 0.00125986 0.999997 -0.00187563 -0.106708 0.0544118 0.00180422 0.998517 11.727 
0.998413 0.000727257 -0.0563013 -0.623792 -0.000961177 0.999991 -0.00412635 -0.118463 0.0562979 0.00417384 0.998405 12.5899 
0.998318 0.000978791 -0.0579622 -0.681048 -0.00137621 0.999976 -0.0068155 -0.128998 0.0579543 0.00688372 0.998295 13.4594 
0.99821 0.00487064 -0.0596013 -0.752155 -0.00538269 0.99995 -0.00843227 -0.141733 0.0595573 0.00873791 0.998187 14.3374 
0.998152 0.00570579 -0.0604933 -0.820488 -0.00621809 0.999946 -0.00828256 -0.152285 0.0604429 0.00864333 0.998134 15.2242 
0.998067 0.00495847 -0.0619451 -0.890289 -0.00538848 0.999962 -0.00677531 -0.166409 0.0619093 0.00709592 0.998056 16.1218 
0.997951 0.00537184 -0.0637566 -0.957591 -0.00572788 0.999969 -0.00540168 -0.17958 0.0637257 0.00575571 0.997951 17.0219 
0.997891 0.00493958 -0.0647288 -1.02802 -0.00528917 0.999972 -0.00522934 -0.196325 0.0647013 0.00556059 0.997889 17.9254 
0.997769 0.00468277 -0.0665899 -1.10011 -0.00508866 0.999969 -0.00592597 -0.21229 0.0665602 0.00625152 0.997763 18.8376 
0.997704 0.00309395 -0.067659 -1.16862 -0.00354179 0.999973 -0.00649883 -0.228101 0.0676371 0.00672346 0.997687 19.7459 
0.997663 0.0029385 -0.0682587 -1.24022 -0.00327917 0.999983 -0.00487824 -0.240648 0.0682433 0.00509059 0.997656 20.671 
0.997656 0.0043887 -0.0682919 -1.31812 -0.00450555 0.999989 -0.00155591 -0.25295 0.0682843 0.00185987 0.997664 21.6001 
0.997701 0.00518585 -0.0675664 -1.39499 -0.00506328 0.999985 0.00198642 -0.260298 0.0675758 -0.00163983 0.997713 22.5387 
0.997812 0.0039301 -0.0659993 -1.46912 -0.00361526 0.999981 0.00489033 -0.267055 0.0660174 -0.00464112 0.997808 23.4831 
0.997897 0.00413654 -0.0646914 -1.54134 -0.00379388 0.999978 0.00541999 -0.271691 0.0647124 -0.00516325 0.997891 24.4309 
0.997995 0.00438683 -0.0631356 -1.61717 -0.00423697 0.999988 0.00250856 -0.276437 0.0631459 -0.00223611 0.998002 25.3741 
0.998042 0.00487894 -0.0623542 -1.68828 -0.00503718 0.999984 -0.00237954 -0.283595 0.0623417 0.00268889 0.998051 26.3267 
0.998137 0.00393577 -0.0608763 -1.76518 -0.00425317 0.999978 -0.00508387 -0.296549 0.060855 0.00533323 0.998132 27.274 
0.99818 0.00143931 -0.0602787 -1.83169 -0.00168694 0.99999 -0.0040561 -0.310459 0.0602723 0.00415032 0.998173 28.2433 
0.998173 -0.000789126 -0.0604079 -1.90285 0.000841816 0.999999 0.000848145 -0.320724 0.0604073 -0.000897535 0.998173 29.2157 
0.998109 -0.00468108 -0.0612824 -1.97122 0.00494925 0.999979 0.00422618 -0.331415 0.0612614 -0.00452158 0.998111 30.1919 
0.997984 -0.0119553 -0.0623309 -2.0346 0.0122031 0.999919 0.00359814 -0.339702 0.0622829 -0.0043516 0.998049 31.1678 
0.997873 -0.0137461 -0.0637255 -2.10486 0.0137553 0.999905 -0.000292452 -0.347937 0.0637236 -0.000584822 0.997967 32.1368 
0.997795 -0.0134567 -0.0649869 -2.18071 0.0131924 0.999903 -0.00449301 -0.3581 0.0650411 0.00362569 0.997876 33.1142 
0.997667 -0.0119628 -0.0672051 -2.26016 0.0116346 0.999918 -0.00527141 -0.369088 0.0672628 0.00447712 0.997725 34.0978 
0.997616 -0.0121667 -0.0679292 -2.33863 0.0119051 0.99992 -0.0042529 -0.376792 0.0679756 0.00343397 0.997681 35.0916 
0.997553 -0.00898647 -0.0693304 -2.42496 0.00890805 0.999959 -0.0014389 -0.392067 0.0693406 0.000817695 0.997593 36.0837 
0.997485 -0.00852842 -0.0703625 -2.51263 0.00853182 0.999963 -0.000251059 -0.406276 0.0703621 -0.000349979 0.997521 37.089 
0.99741 -0.00704557 -0.0715772 -2.59239 0.00721223 0.999972 0.00207136 -0.415072 0.0715607 -0.00258232 0.997433 38.093 
0.997409 -0.00666266 -0.0716321 -2.67255 0.00703738 0.999963 0.00498119 -0.429714 0.0715964 -0.00547248 0.997419 39.0973 
0.997368 -0.00131802 -0.0724887 -2.76071 0.00185925 0.999971 0.00740054 -0.437823 0.072477 -0.00751593 0.997342 40.0953 
0.997373 -0.00147509 -0.0724152 -2.85272 0.00195895 0.999976 0.00661232 -0.443056 0.0724038 -0.00673689 0.997353 41.0947 
0.997386 -0.000975681 -0.072248 -2.93691 0.00132305 0.999988 0.00476148 -0.449781 0.0722426 -0.00484471 0.997375 42.0889 
0.997369 0.00152106 -0.0724803 -3.02172 -0.00137039 0.999997 0.00212959 -0.452863 0.0724834 -0.00202475 0.997367 43.0924 
0.997306 0.000971198 -0.0733418 -3.11087 -0.000802729 0.999997 0.00232759 -0.469253 0.0733439 -0.00226253 0.997304 44.0789 
0.997211 -0.00061635 -0.0746326 -3.1981 0.000878621 0.999993 0.00348246 -0.479377 0.0746301 -0.00353841 0.997205 45.0736 
0.997161 0.00024804 -0.0752966 -3.28962 9.30168e-05 0.99999 0.00452705 -0.490653 0.075297 -0.00452129 0.997151 46.0583 
0.997143 0.00239833 -0.0754962 -3.38138 -0.00232784 0.999997 0.00102267 -0.505983 0.0754985 -0.000844093 0.997145 47.0271 
0.997067 0.00321041 -0.0764699 -3.47398 -0.00346053 0.999989 -0.00313756 -0.517387 0.076459 0.00339289 0.997067 47.9935 
0.997032 0.00388042 -0.0768941 -3.56481 -0.00422606 0.999982 -0.0043317 -0.532491 0.076876 0.00464371 0.99703 48.9631 
0.997023 0.00257895 -0.0770596 -3.65076 -0.00266416 0.999996 -0.00100189 -0.545914 0.0770568 0.00120412 0.997026 49.9405 
0.997012 0.000944511 -0.0772404 -3.73558 -0.000796547 0.999998 0.00194748 -0.557085 0.0772422 -0.00188022 0.997011 50.9157 
0.996968 -0.0010965 -0.0778085 -3.81663 0.00128458 0.999996 0.00236827 -0.565942 0.0778057 -0.00246113 0.996965 51.8785 
0.996917 -0.0044234 -0.0783344 -3.89542 0.00453669 0.999989 0.0012694 -0.581316 0.078328 -0.00162095 0.996926 52.8414 
0.996874 -0.00675508 -0.0787138 -3.97816 0.00677261 0.999977 -4.32199e-05 -0.59439 0.0787123 -0.0004901 0.996897 53.8039 
0.996785 -0.00848776 -0.079666 -4.06684 0.00860894 0.999962 0.00117871 -0.605391 0.0796531 -0.00186085 0.996821 54.7544 
0.996666 -0.0114817 -0.0807803 -4.15201 0.0119418 0.999915 0.0052157 -0.615529 0.0807136 -0.00616306 0.996718 55.7057 
0.996602 -0.0122812 -0.0814451 -4.24044 0.0131347 0.999864 0.00995307 -0.621396 0.0813119 -0.0109891 0.996628 56.6568 
0.996554 -0.0105087 -0.0822722 -4.32824 0.0115558 0.999858 0.0122624 -0.628996 0.0821317 -0.013171 0.996534 57.6118 
0.996454 -0.00941242 -0.0836158 -4.41831 0.0101305 0.999915 0.00816824 -0.638206 0.0835319 -0.00898643 0.996465 58.5445 
0.996349 -0.00792792 -0.0850041 -4.51108 0.00799308 0.999968 0.00042718 -0.646399 0.0849981 -0.00110515 0.99638 59.4671 
0.996307 -0.00596431 -0.0856488 -4.60664 0.00559833 0.999974 -0.00451162 -0.658902 0.0856736 0.00401538 0.996315 60.3753 
0.996219 -0.00112015 -0.0868639 -4.70144 0.000800496 0.999993 -0.00371375 -0.674458 0.0868675 0.00363008 0.996213 61.2792 
0.996087 0.00175287 -0.0883599 -4.79663 -0.00187393 0.999997 -0.00128633 -0.692993 0.0883575 0.00144679 0.996088 62.1747 
0.99599 0.00464156 -0.089348 -4.8908 -0.00464234 0.999989 0.00020002 -0.710056 0.0893481 0.000215479 0.996 63.0612 
0.995883 0.00561066 -0.0904708 -4.98334 -0.00563331 0.999984 5.90013e-06 -0.722727 0.0904695 0.000503687 0.995899 63.9309 
0.995762 0.00703576 -0.0916969 -5.08818 -0.00700014 0.999975 0.000710913 -0.736042 0.0916998 -6.60959e-05 0.995787 64.7763 
0.99564 0.00771507 -0.0929627 -5.18097 -0.00761126 0.99997 0.00147213 -0.751888 0.0929713 -0.000758232 0.995668 65.6106 
0.995507 0.00746334 -0.0943874 -5.26967 -0.0072966 0.999971 0.00211231 -0.769413 0.0944005 -0.0014142 0.995533 66.4308 
0.995373 0.0071264 -0.0958161 -5.35693 -0.00685359 0.999971 0.00317688 -0.778599 0.0958361 -0.00250558 0.995394 67.2385 
0.995216 0.0100951 -0.0971789 -5.45196 -0.00959412 0.999938 0.0056219 -0.787378 0.0972297 -0.00466274 0.995251 68.0373 
0.995066 0.0115119 -0.0985454 -5.54282 -0.0105984 0.999896 0.00978908 -0.796969 0.0986479 -0.00869644 0.995084 68.8305 
0.994869 0.0147653 -0.100092 -5.63964 -0.0136958 0.999842 0.0113644 -0.804093 0.100244 -0.00993536 0.994913 69.6072 
0.994691 0.0176572 -0.101379 -5.73544 -0.0170004 0.999828 0.00734026 -0.813678 0.101491 -0.0055779 0.994821 70.3608 
0.994568 0.0178049 -0.102558 -5.82747 -0.0178942 0.99984 4.99144e-05 -0.826628 0.102543 0.00178547 0.994727 71.0846 
0.994407 0.016717 -0.104285 -5.9071 -0.0174152 0.999832 -0.00578762 -0.835632 0.104171 0.0075713 0.994531 71.7895 
0.994346 0.0176247 -0.104713 -5.99264 -0.0184804 0.999803 -0.00720643 -0.841822 0.104565 0.00910073 0.994476 72.4831 
0.994167 0.0204041 -0.105901 -6.07536 -0.0209179 0.999774 -0.00374243 -0.853982 0.1058 0.00593574 0.99437 73.172 
0.994012 0.0203949 -0.107352 -6.15525 -0.02066 0.999786 -0.00135722 -0.873196 0.107302 0.00356691 0.99422 73.8311 
0.993964 0.0173018 -0.108329 -6.23426 -0.0179429 0.999827 -0.00494486 -0.883504 0.108225 0.00685867 0.994103 74.4742 
0.994066 0.00921631 -0.108382 -6.30077 -0.0103569 0.999897 -0.0099648 -0.898982 0.108279 0.0110281 0.994059 75.0949 
0.994196 0.00509659 -0.107459 -6.36731 -0.0067299 0.999867 -0.0148415 -0.912537 0.107369 0.0154785 0.994099 75.6963 
0.994502 0.00755488 -0.104446 -6.43744 -0.0091936 0.999842 -0.0152163 -0.925974 0.104315 0.0160928 0.994414 76.2857 
0.994857 0.0126364 -0.100495 -6.50659 -0.0139392 0.999827 -0.0122717 -0.941693 0.100323 0.0136094 0.994862 76.8566 
0.995327 0.0108295 -0.0959538 -6.56229 -0.0117755 0.999887 -0.00929691 -0.954436 0.0958424 0.0103833 0.995342 77.4146 
0.995904 0.0072427 -0.0901207 -6.60955 -0.007729 0.999957 -0.00504735 -0.969925 0.0900804 0.00572313 0.995918 77.9595 
0.996614 0.00295131 -0.0821631 -6.64691 -0.00308691 0.999994 -0.00152243 -0.986464 0.0821582 0.00177082 0.996618 78.4915 
0.99742 0.00667252 -0.0714705 -6.68741 -0.00682273 0.999975 -0.00185668 -0.995816 0.0714565 0.00233943 0.997441 79.0051 
0.998347 0.0119753 -0.0562176 -6.72744 -0.0121335 0.999923 -0.00247293 -1.0038 0.0561837 0.00315087 0.998415 79.5089 
0.999124 0.0168934 -0.038296 -6.74694 -0.0169886 0.999853 -0.00216021 -1.01147 0.038254 0.00280883 0.999264 80.0026 
0.999757 0.0153406 -0.0158263 -6.75298 -0.0153684 0.99988 -0.00163272 -1.01845 0.0157994 0.00187547 0.999873 80.4764 
0.999875 0.0119099 0.0103758 -6.73044 -0.0119037 0.999929 -0.00066257 -1.02843 -0.0103829 0.000538893 0.999946 80.9412 
0.999144 0.010885 0.0399033 -6.69575 -0.0109295 0.99994 0.00089453 -1.03933 -0.0398911 -0.00132997 0.999203 81.3938 
0.997274 0.0104951 0.073042 -6.64756 -0.0106886 0.99994 0.00225788 -1.04765 -0.0730139 -0.00303252 0.997326 81.8402 
0.9938 0.0104404 0.110688 -6.58036 -0.0108151 0.999938 0.00278496 -1.05709 -0.110651 -0.00396488 0.993851 82.276 
0.988245 0.0108261 0.152491 -6.49426 -0.0113242 0.999933 0.00239733 -1.06006 -0.152455 -0.00409606 0.988302 82.7001 
0.980219 0.0106403 0.19763 -6.3841 -0.0113285 0.999933 0.00235171 -1.06851 -0.197591 -0.00454412 0.980274 83.114 
0.968971 0.0128592 0.246839 -6.25819 -0.0133068 0.999911 0.000144804 -1.07987 -0.246815 -0.00342502 0.969056 83.5128 
0.953916 0.0136839 0.29976 -6.10404 -0.0134591 0.999905 -0.00281528 -1.09089 -0.29977 -0.00134901 0.95401 83.8928 
0.934505 0.0140357 0.355672 -5.93141 -0.0131316 0.999901 -0.00495664 -1.10147 -0.355707 -3.85938e-05 0.934598 84.256 
0.910686 0.0145508 0.412843 -5.73873 -0.0129257 0.999894 -0.0067293 -1.11088 -0.412897 0.000791958 0.910777 84.593 
0.882087 0.0147313 0.470855 -5.52828 -0.011982 0.999889 -0.00883618 -1.11656 -0.470933 0.00215242 0.882166 84.9125 
0.849005 0.0128674 0.528228 -5.29491 -0.00850658 0.999907 -0.0106851 -1.12934 -0.528316 0.00457825 0.849036 85.2095 
0.812222 0.0125928 0.583213 -5.05157 -0.0072794 0.999908 -0.0114525 -1.14383 -0.583303 0.00505644 0.812239 85.4886 
0.772222 0.0112487 0.635253 -4.78641 -0.00599247 0.999928 -0.0104218 -1.15368 -0.635325 0.00424118 0.772233 85.7585 
0.729092 0.0107662 0.684331 -4.50981 -0.00730091 0.999942 -0.00795324 -1.16719 -0.684377 0.000802354 0.729128 86.0125 
0.683427 0.00973878 0.729954 -4.21723 -0.00645633 0.999952 -0.00729634 -1.17637 -0.72999 0.00027366 0.683458 86.2435 
0.636416 0.00835055 0.771301 -3.91262 -0.00301372 0.999961 -0.0083396 -1.18637 -0.77134 0.00298292 0.636416 86.4499 
0.589053 0.00563082 0.808075 -3.59505 0.00288253 0.999955 -0.00906924 -1.19555 -0.808089 0.00767153 0.58901 86.6317 
0.541661 0.00781037 0.84056 -3.27656 0.000987852 0.99995 -0.00992809 -1.20686 -0.840596 0.00620798 0.541627 86.8061 
0.493794 0.0106996 0.869513 -2.94992 -0.00296786 0.999939 -0.0106192 -1.21957 -0.869574 0.00266308 0.493796 86.9681 
0.447808 0.0128966 0.894037 -2.61686 -0.00328744 0.999913 -0.0127774 -1.22785 -0.894124 0.0027827 0.447812 87.1066 
0.405143 0.0102347 0.914196 -2.27185 0.00400441 0.999908 -0.012969 -1.23511 -0.914244 0.00891511 0.405065 87.2187 
0.365514 0.00253763 0.930802 -1.91352 0.0193427 0.99976 -0.0103214 -1.23891 -0.930605 0.0217769 0.365377 87.3063 
0.330013 -0.000926055 0.943976 -1.5563 0.0235668 0.999696 -0.00725829 -1.24325 -0.943682 0.0246418 0.329934 87.3965 
0.296646 0.00296887 0.954983 -1.19808 0.0208987 0.999735 -0.00959987 -1.25321 -0.954759 0.0228057 0.296505 87.4935 
0.265443 0.0108698 0.964065 -0.833973 0.0101843 0.999849 -0.0140775 -1.26812 -0.964073 0.0135551 0.265292 87.5961 
0.236725 0.0153614 0.971455 -0.459718 0.00528601 0.99984 -0.0170985 -1.28548 -0.971562 0.00918275 0.236606 87.6835 
0.211005 0.0170264 0.977337 -0.0723495 0.00718658 0.999794 -0.0189693 -1.2987 -0.977459 0.0110263 0.210839 87.7496 
0.187737 0.0183784 0.982047 0.328535 0.0153348 0.999648 -0.0216395 -1.30784 -0.982099 0.0191221 0.187389 87.8004 
0.167894 0.0245915 0.985498 0.734024 0.0217289 0.999354 -0.0286391 -1.31154 -0.985565 0.0262221 0.167251 87.8435 
0.147957 0.0315809 0.988489 1.15598 0.0237465 0.999088 -0.035474 -1.31125 -0.988709 0.0287217 0.147072 87.8984 
0.130341 0.0322709 0.990944 1.5944 0.0214996 0.999143 -0.0353659 -1.32597 -0.991236 0.0259145 0.129535 87.9553 
0.114772 0.0279456 0.992999 2.04936 0.0195244 0.999348 -0.030381 -1.34961 -0.9932 0.0228745 0.114151 88.0108 
0.100191 0.0246903 0.994662 2.51753 0.020285 0.999433 -0.0268521 -1.36887 -0.994761 0.022867 0.0996331 88.0559 
0.0869131 0.0223665 0.995965 2.99364 0.0227645 0.999442 -0.0244313 -1.38437 -0.995956 0.024796 0.0863555 88.0936 
0.0753751 0.0215065 0.996923 3.48931 0.0264618 0.999372 -0.0235601 -1.3997 -0.996804 0.0281562 0.0747587 88.1224 
0.0652328 0.0221668 0.997624 4.00304 0.0298026 0.999264 -0.0241521 -1.41291 -0.997425 0.0313073 0.0645242 88.1515 
0.0573236 0.0227898 0.998095 4.53387 0.0318805 0.999188 -0.0246459 -1.42853 -0.997846 0.0332326 0.0565505 88.1807 
0.0516702 0.0229991 0.998399 5.07879 0.0337 0.999125 -0.02476 -1.44788 -0.998095 0.0349254 0.0508499 88.2105 
0.0462166 0.0241007 0.998641 5.64379 0.0352834 0.999046 -0.0257434 -1.46646 -0.998308 0.0364252 0.0453221 88.2364 
0.0401675 0.0246562 0.998889 6.22553 0.0357057 0.999022 -0.0260954 -1.48553 -0.998555 0.0367143 0.0392479 88.2638 
0.0360836 0.0247632 0.999042 6.82913 0.0388896 0.998901 -0.0261644 -1.50358 -0.998592 0.0397965 0.0350809 88.2829 
0.0330481 0.0249069 0.999143 7.44696 0.0399311 0.998858 -0.0262207 -1.52255 -0.998656 0.0407635 0.0320158 88.3074 
0.0301418 0.0243117 0.99925 8.08606 0.0409556 0.998834 -0.025537 -1.54324 -0.998706 0.0416946 0.0291109 88.3292 
0.0276605 0.023934 0.999331 8.7516 0.0431545 0.998753 -0.0251147 -1.56027 -0.998685 0.0438203 0.0265931 88.357 
0.0270944 0.023595 0.999354 9.42725 0.0475853 0.998558 -0.0248664 -1.58106 -0.9985 0.0482283 0.0259326 88.3736 
0.0281301 0.0232299 0.999334 10.1171 0.051498 0.998369 -0.0246571 -1.60417 -0.998277 0.0521573 0.026888 88.3975 
0.0304977 0.0232129 0.999265 10.8266 0.0529941 0.998287 -0.0248076 -1.6261 -0.998129 0.0537117 0.0292153 88.4262 
0.0342201 0.0232109 0.999145 11.5499 0.0554669 0.998145 -0.0250875 -1.64694 -0.997874 0.056278 0.0328692 88.4631 
0.0387346 0.0226768 0.998992 12.2922 0.0557955 0.998134 -0.0248208 -1.66985 -0.99769 0.0567007 0.037397 88.4976 
0.0427758 0.0210751 0.998862 13.0479 0.0572977 0.99808 -0.0235124 -1.69303 -0.99744 0.0582383 0.0414861 88.5354 
0.0464738 0.0195678 0.998728 13.8176 0.0573206 0.998108 -0.0222231 -1.7153 -0.997273 0.0582805 0.0452643 88.5918 
0.050931 0.0174048 0.99855 14.6122 0.0544657 0.998312 -0.0201788 -1.74284 -0.997216 0.0554144 0.0498971 88.6424 
0.0546853 0.016403 0.998369 15.4065 0.0535696 0.998377 -0.0193375 -1.76565 -0.997066 0.0545397 0.0537179 88.7057 
0.0583867 0.0174286 0.998142 16.2104 0.0507909 0.998501 -0.020406 -1.79144 -0.997001 0.051888 0.0574139 88.7775 
0.0615726 0.0215474 0.99787 17.0169 0.0491472 0.998489 -0.0245934 -1.81681 -0.996892 0.0505568 0.0604206 88.8386 
0.062558 0.0271228 0.997673 17.823 0.0434404 0.998609 -0.0298723 -1.84142 -0.997095 0.0452081 0.0612928 88.9189 
0.0627047 0.030372 0.99757 18.6372 0.0408423 0.998621 -0.0329714 -1.87062 -0.997196 0.0428106 0.0613778 88.9783 
0.0628606 0.0297274 0.997579 19.4602 0.0384657 0.998741 -0.0321859 -1.91 -0.997281 0.0403958 0.061638 89.0455 
0.0632461 0.0279025 0.997608 20.2868 0.0357983 0.998902 -0.0302084 -1.94981 -0.997356 0.0376232 0.0621778 89.1063 
0.0629734 0.0265459 0.997662 21.1124 0.0365778 0.998913 -0.0288881 -1.9845 -0.997345 0.0383114 0.0619339 89.1723 
0.0632669 0.026068 0.997656 21.9322 0.0341448 0.999017 -0.028269 -2.01931 -0.997412 0.0358533 0.0623147 89.2439 
0.0636598 0.0261962 0.997628 22.7481 0.0323699 0.999075 -0.0282999 -2.05917 -0.997446 0.0340947 0.062753 89.3055 
0.0635372 0.0269892 0.997614 23.5667 0.029379 0.99915 -0.028902 -2.09176 -0.997547 0.0311453 0.0626903 89.3774 
0.0621624 0.028403 0.997662 24.3809 0.0263909 0.999199 -0.0300912 -2.12773 -0.997717 0.0281997 0.061363 89.4473 
0.059566 0.0279448 0.997833 25.1959 0.0234556 0.999293 -0.0293859 -2.16279 -0.997949 0.0251551 0.0588684 89.5079 
0.0557563 0.0267166 0.998087 26.0111 0.0214024 0.99938 -0.0279469 -2.19631 -0.998215 0.0229196 0.0551499 89.566 
0.0512477 0.0245035 0.998385 26.827 0.0198211 0.999477 -0.0255478 -2.22789 -0.998489 0.0210984 0.0507352 89.616 
0.0448462 0.0223436 0.998744 27.6366 0.0177968 0.999573 -0.0231614 -2.26393 -0.998835 0.0188131 0.0444295 89.6664 
0.0374431 0.0226438 0.999042 28.4465 0.0174851 0.999575 -0.0233113 -2.29553 -0.999146 0.0183412 0.0370313 89.707 
0.028832 0.0236778 0.999304 29.2501 0.0171913 0.99956 -0.0241799 -2.32539 -0.999436 0.0178765 0.0284123 89.7386 
0.0190028 0.0242059 0.999526 30.0561 0.017731 0.999541 -0.0245434 -2.35411 -0.999662 0.018189 0.0185649 89.7593 
0.00883673 0.0231983 0.999692 30.8555 0.0190956 0.999545 -0.0233638 -2.38456 -0.999779 0.0192962 0.00838973 89.77 
-0.00185266 0.0221581 0.999753 31.6529 0.0180067 0.999593 -0.0221213 -2.41639 -0.999836 0.0179613 -0.00225091 89.7767 
-0.0129356 0.021515 0.999685 32.4417 0.0192922 0.999588 -0.0212634 -2.44485 -0.99973 0.0190111 -0.0133454 89.7704 
-0.0238729 0.0218718 0.999476 33.226 0.0198602 0.999574 -0.0213996 -2.47397 -0.999518 0.0193389 -0.0242971 89.7578 
-0.0348891 0.0225494 0.999137 34.0056 0.0199017 0.999563 -0.0218642 -2.50361 -0.999193 0.0191217 -0.0353226 89.735 
-0.045466 0.0237217 0.998684 34.78 0.0196802 0.999545 -0.0228463 -2.53216 -0.998772 0.0186156 -0.0459122 89.7058 
-0.0557264 0.0248678 0.998136 35.5493 0.0208536 0.999501 -0.0237376 -2.55934 -0.998228 0.0194919 -0.0562172 89.6674 
-0.0652108 0.0253702 0.997549 36.3094 0.0215938 0.999478 -0.0240078 -2.59083 -0.997638 0.0199754 -0.0657246 89.6234 
-0.0750337 0.0257752 0.996848 37.0628 0.0221717 0.999462 -0.024174 -2.6217 -0.996934 0.0202879 -0.0755648 89.5736 
-0.084157 0.026234 0.996107 37.8099 0.022874 0.999441 -0.0243894 -2.64991 -0.99619 0.0207324 -0.08471 89.5124 
-0.0928092 0.0259266 0.995346 38.5454 0.0239169 0.99943 -0.0238029 -2.67462 -0.995397 0.0215965 -0.0933764 89.4522 
-0.100223 0.024647 0.99466 39.2766 0.0255726 0.999427 -0.0221885 -2.70628 -0.994636 0.0232123 -0.100795 89.3849 
-0.105296 0.0230259 0.994174 39.9949 0.0286169 0.999388 -0.0201158 -2.73207 -0.994029 0.0263321 -0.105891 89.3078 
-0.109125 0.0212192 0.993801 40.7093 0.0317147 0.999337 -0.017855 -2.76123 -0.993522 0.0295697 -0.109726 89.2316 
-0.111716 0.0203673 0.993531 41.4106 0.0331743 0.999309 -0.0167556 -2.78145 -0.993186 0.0310878 -0.112315 89.1583 
-0.113492 0.0194217 0.993349 42.0976 0.0336661 0.99931 -0.0156919 -2.80596 -0.992968 0.0316613 -0.114067 89.0846 
-0.114134 0.0195943 0.993272 42.7721 0.0344775 0.999281 -0.0157512 -2.83522 -0.992867 0.0324478 -0.114728 89.0126 
-0.113315 0.0207307 0.993343 43.4308 0.0352874 0.999235 -0.0168284 -2.85349 -0.992932 0.0331455 -0.11396 88.9467 
-0.110092 0.0222978 0.993671 44.0704 0.0365646 0.999162 -0.01837 -2.87629 -0.993249 0.0343108 -0.110815 88.8774 
-0.104971 0.0229316 0.994211 44.6975 0.0368921 0.999136 -0.0191501 -2.89807 -0.993791 0.0346684 -0.105726 88.8245 
-0.0969289 0.0237608 0.995008 45.3065 0.0364034 0.999131 -0.0203131 -2.91947 -0.994625 0.0342528 -0.0977096 88.777 
-0.0855866 0.0237339 0.996048 45.8978 0.0353609 0.999159 -0.0207697 -2.94131 -0.995703 0.0334435 -0.0863538 88.739 
-0.0718472 0.024035 0.997126 46.4614 0.0345884 0.999168 -0.0215921 -2.9637 -0.996816 0.0329377 -0.0726188 88.7129 
-0.054642 0.0253646 0.998184 47.007 0.0336577 0.999156 -0.0235469 -2.98758 -0.997938 0.03231 -0.0554496 88.7027 
-0.0331417 0.0278093 0.999064 47.5446 0.0319121 0.999132 -0.0267527 -3.0135 -0.998941 0.0309956 -0.0340004 88.7052 
-0.00841113 0.031008 0.999484 48.0717 0.0297597 0.999084 -0.0307452 -3.03452 -0.999522 0.0294857 -0.00932621 88.7225 
0.0201662 0.0325182 0.999268 48.5999 0.02773 0.999068 -0.0330714 -3.06145 -0.999412 0.0283766 0.0192457 88.7557 
0.0537794 0.0320096 0.99804 49.1222 0.0260301 0.999101 -0.0334464 -3.08453 -0.998213 0.0277778 0.0528978 88.8036 
0.0925413 0.0295712 0.99527 49.6498 0.0249629 0.999176 -0.0320085 -3.10806 -0.995396 0.0278069 0.0917269 88.8718 
0.135235 0.0259921 0.990472 50.1567 0.0227982 0.999309 -0.0293369 -3.12763 -0.990551 0.0265484 0.13455 88.9621 
0.181133 0.0215163 0.983223 50.6641 0.020211 0.999468 -0.0255952 -3.15308 -0.983251 0.0245081 0.180602 89.0811 
0.23063 0.0184636 0.972866 51.1578 0.0155145 0.999623 -0.0226494 -3.17331 -0.972918 0.0203172 0.230257 89.2177 
0.283066 0.0167072 0.958955 51.6397 0.011654 0.999714 -0.0208574 -3.19599 -0.95903 0.0170796 0.28279 89.385 
0.339264 0.0161122 0.940553 52.0996 0.0100972 0.999733 -0.0207682 -3.21618 -0.940637 0.0165429 0.339011 89.5715 
0.398138 0.0161671 0.917183 52.5529 0.0119694 0.999668 -0.0228169 -3.23751 -0.917247 0.0200624 0.397813 89.7932 
0.45851 0.0198055 0.888468 52.9822 0.012474 0.99951 -0.0287184 -3.25007 -0.888601 0.0242504 0.458038 90.0461 
0.517891 0.0227909 0.855143 53.3785 0.0134021 0.999306 -0.0347498 -3.26955 -0.855341 0.0294573 0.517226 90.3312 
0.575693 0.0269787 0.817221 53.7418 0.0086941 0.999197 -0.0391109 -3.28956 -0.81762 0.0296208 0.574996 90.643 
0.631006 0.0302429 0.775188 54.0827 0.00415483 0.999094 -0.0423604 -3.30356 -0.775766 0.0299504 0.630309 90.9848 
0.683268 0.0311517 0.729503 54.3946 0.00199602 0.999006 -0.0445298 -3.32221 -0.730165 0.0318818 0.682527 91.3395 
0.731474 0.0296779 0.681223 54.679 0.00074735 0.999017 -0.0443253 -3.3407 -0.681869 0.0329319 0.730732 91.7135 
0.776142 0.026363 0.630007 54.9363 -0.0021873 0.999232 -0.0391189 -3.36506 -0.630554 0.0289838 0.775604 92.1032 
0.816977 0.0213714 0.576274 55.1764 -0.0032724 0.999469 -0.0324267 -3.38152 -0.576661 0.024606 0.816613 92.5226 
0.852848 0.0188547 0.521819 55.383 -0.00615322 0.999641 -0.0260633 -3.40077 -0.522123 0.0190171 0.852658 92.9511 
0.883483 0.0157496 0.468198 55.5614 -0.00761496 0.999785 -0.0192625 -3.41517 -0.468401 0.0134527 0.883414 93.39 
0.908575 0.0163395 0.417401 55.7161 -0.0116063 0.999836 -0.0138757 -3.43261 -0.417559 0.00776255 0.908616 93.8428 
0.928297 0.0185576 0.371375 55.8498 -0.015761 0.99982 -0.0105645 -3.44815 -0.371505 0.00395369 0.928423 94.2835 
0.943207 0.0244822 0.331303 55.964 -0.0231666 0.9997 -0.00792043 -3.46046 -0.331398 -0.000204637 0.943491 94.7504 
0.954546 0.0293471 0.296615 56.0589 -0.0279193 0.999569 -0.00904955 -3.46827 -0.296753 0.000356852 0.954954 95.2155 
0.96352 0.0316228 0.26576 56.1601 -0.0303434 0.9995 -0.0089199 -3.47607 -0.265909 0.000530358 0.963998 95.6914 
0.969478 0.0258046 0.243818 56.2649 -0.024449 0.999664 -0.00858508 -3.48453 -0.243957 0.00236187 0.969783 96.1731 
0.973347 0.0230072 0.228179 56.3635 -0.0217362 0.999731 -0.00808234 -3.49536 -0.228303 0.00290712 0.973586 96.6607 
0.97614 0.0269035 0.215467 56.4501 -0.0257246 0.999635 -0.00827453 -3.50492 -0.215611 0.00253421 0.976476 97.1603 
0.97796 0.0324497 0.206255 56.5237 -0.0314951 0.999473 -0.007911 -3.51051 -0.206403 0.00124052 0.978466 97.6764 
0.978932 0.0402956 0.200172 56.606 -0.0392189 0.999187 -0.00934354 -3.51614 -0.200386 0.00129607 0.979716 98.1923 
0.979329 0.0458859 0.197 56.6958 -0.044197 0.998939 -0.0129643 -3.5271 -0.197385 0.00398943 0.980318 98.7155 
0.979398 0.0471753 0.196349 56.7881 -0.0449885 0.998866 -0.0155857 -3.54084 -0.196862 0.00643111 0.98041 99.2513 
0.978976 0.0455225 0.198831 56.895 -0.0425583 0.99891 -0.0191592 -3.55536 -0.199487 0.0102944 0.979846 99.7934 
0.978302 0.0439581 0.202467 57.011 -0.039545 0.998885 -0.0257929 -3.56358 -0.203375 0.0172266 0.978949 100.34 
0.977394 0.0444155 0.206707 57.1227 -0.0389527 0.998778 -0.0304257 -3.57993 -0.207806 0.0216861 0.97793 100.906 
0.976307 0.0487128 0.210834 57.239 -0.0433018 0.998605 -0.0302089 -3.59428 -0.212011 0.0203636 0.977055 101.486 
0.974882 0.0519517 0.216576 57.356 -0.0473467 0.998529 -0.0264012 -3.61235 -0.217629 0.0154839 0.975909 102.083 
0.973974 0.0488772 0.221329 57.4877 -0.0451341 0.99874 -0.0219417 -3.63146 -0.222122 0.0113811 0.974952 102.69 
0.973349 0.0446212 0.224947 57.6335 -0.0420027 0.998983 -0.0164154 -3.65009 -0.22545 0.00652949 0.974233 103.309 
0.972545 0.0419243 0.228908 57.7724 -0.0402575 0.999118 -0.0119488 -3.66486 -0.229207 0.00240543 0.973375 103.942 
0.97204 0.0370553 0.231871 57.9204 -0.0353507 0.999309 -0.0115039 -3.67432 -0.232137 0.00298538 0.972678 104.58 
0.972109 0.0333364 0.232147 58.0699 -0.0308115 0.99942 -0.0144951 -3.69084 -0.232496 0.00693795 0.972573 105.231 
0.972256 0.0321509 0.231697 58.2179 -0.0278894 0.999377 -0.0216457 -3.70505 -0.232249 0.0145832 0.972547 105.884 
0.972408 0.0339622 0.2308 58.3615 -0.0282033 0.999204 -0.0282071 -3.72408 -0.231574 0.0209194 0.972592 106.546 
0.97296 0.0364447 0.228082 58.5052 -0.0299581 0.999044 -0.0318392 -3.74402 -0.229024 0.0241453 0.973121 107.226 
0.97367 0.0340858 0.225397 58.6613 -0.0285241 0.999204 -0.027887 -3.76196 -0.226168 0.0207235 0.973868 107.916 
0.974096 0.0297113 0.224172 58.815 -0.0257915 0.999459 -0.0203943 -3.78683 -0.224657 0.0140842 0.974336 108.632 
0.97469 0.0297754 0.221569 58.9685 -0.0272462 0.999524 -0.0144638 -3.81385 -0.221895 0.00806068 0.975037 109.354 
0.974986 0.0332662 0.21976 59.1154 -0.0306718 0.999414 -0.0152087 -3.83442 -0.220137 0.00808782 0.975435 110.084 
0.975306 0.03887 0.217412 59.2585 -0.0353717 0.999175 -0.0199611 -3.85226 -0.218008 0.0117779 0.975876 110.824 
0.976076 0.0398387 0.21375 59.4048 -0.0352219 0.999057 -0.0253663 -3.8695 -0.214559 0.0172307 0.976559 111.576 
0.977031 0.0385741 0.209575 59.56 -0.033357 0.999041 -0.0283734 -3.88857 -0.210469 0.0207309 0.977381 112.338 
0.977988 0.0359505 0.205539 59.7173 -0.0310604 0.999153 -0.0269707 -3.91347 -0.206334 0.0199928 0.978277 113.112 
0.978848 0.0320531 0.202062 59.869 -0.0276089 0.999312 -0.0247758 -3.94375 -0.202717 0.018673 0.979059 113.891 
0.979308 0.0307415 0.200028 60.0251 -0.0268405 0.999393 -0.0221857 -3.96795 -0.200588 0.0163577 0.979539 114.691 
0.979684 0.0273628 0.198673 60.1834 -0.0238876 0.999517 -0.0198689 -3.99182 -0.199121 0.0147193 0.979864 115.494 
0.979735 0.0222005 0.199065 60.3211 -0.0188495 0.999647 -0.0187136 -4.0134 -0.199411 0.014582 0.979807 116.309 
0.979904 0.0233964 0.198092 60.4775 -0.0203452 0.999641 -0.0174249 -4.03456 -0.198428 0.0130445 0.980028 117.123 
0.979739 0.0286214 0.198224 60.6262 -0.0252777 0.999493 -0.019379 -4.05894 -0.198678 0.0139756 0.979965 117.945 
0.979413 0.034155 0.198958 60.7696 -0.0302333 0.999285 -0.0227171 -4.08353 -0.199591 0.0162342 0.979745 118.778 
0.978913 0.0430513 0.199689 60.9196 -0.0388834 0.998937 -0.024749 -4.09977 -0.200542 0.0164625 0.979547 119.618 
0.978031 0.0489221 0.202637 61.0669 -0.044946 0.998697 -0.0241804 -4.1272 -0.203556 0.0145414 0.978955 120.455 
0.97731 0.0515447 0.205448 61.2265 -0.0479861 0.9986 -0.02227 -4.15934 -0.206308 0.011906 0.978414 121.304 
0.976757 0.0517072 0.20802 61.391 -0.0479647 0.998584 -0.0229987 -4.18872 -0.208915 0.0124864 0.977854 122.149 
0.976412 0.0503684 0.209957 61.5571 -0.0459792 0.998611 -0.0257377 -4.21666 -0.210962 0.0154769 0.977372 122.993 
0.976435 0.0443961 0.211196 61.7398 -0.0401239 0.998895 -0.0244739 -4.24614 -0.212049 0.0154231 0.977137 123.839 
0.976697 0.0377135 0.211284 61.9188 -0.033039 0.999126 -0.0256129 -4.28238 -0.212065 0.0180353 0.977089 124.671 
0.976482 0.0367818 0.212436 62.0959 -0.0320423 0.999156 -0.0257114 -4.31695 -0.213203 0.0182997 0.976836 125.519 
0.975966 0.0396512 0.214284 62.2676 -0.0355668 0.999105 -0.0228849 -4.3489 -0.215 0.0147135 0.976503 126.367 
0.975599 0.0418472 0.215535 62.4356 -0.039067 0.999089 -0.0171459 -4.37603 -0.216056 0.00830714 0.976345 127.211 
0.975281 0.0452129 0.216291 62.6007 -0.0434262 0.998972 -0.0130093 -4.40469 -0.216657 0.00329494 0.976242 128.045 
0.975101 0.0442967 0.217291 62.7729 -0.0410438 0.998968 -0.0194633 -4.43623 -0.217929 0.0100602 0.975913 128.88 
0.975325 0.0403944 0.217048 62.9486 -0.0338873 0.99886 -0.0336204 -4.46927 -0.218159 0.0254356 0.975582 129.696 
0.975572 0.0379433 0.216377 63.1268 -0.0293659 0.998655 -0.0427208 -4.50123 -0.217707 0.035323 0.975375 130.509 
0.975878 0.0350487 0.215485 63.2996 -0.0284339 0.999027 -0.0337225 -4.53376 -0.216457 0.0267819 0.975925 131.336 
0.976337 0.0285793 0.214359 63.4792 -0.0264083 0.999567 -0.0129858 -4.56632 -0.214637 0.0070176 0.976669 132.188 
0.976678 0.0249281 0.213258 63.6538 -0.0259724 0.99966 0.00209596 -4.59829 -0.213133 -0.00758598 0.976994 133.033 
0.976732 0.0290624 0.212483 63.8158 -0.0289267 0.999574 -0.00374849 -4.61681 -0.212501 -0.00248523 0.977158 133.848 
0.976965 0.0371154 0.210145 63.9688 -0.0337077 0.999236 -0.0197762 -4.6353 -0.210718 0.0122371 0.97747 134.649 
0.97726 0.037113 0.208772 64.1301 -0.032024 0.999103 -0.0277047 -4.6538 -0.209613 0.0203889 0.977572 135.46 
0.977889 0.0330259 0.206501 64.2986 -0.0277165 0.999208 -0.0285527 -4.68584 -0.207281 0.0221978 0.97803 136.267 
0.978532 0.0324816 0.20352 64.4579 -0.0275778 0.999258 -0.0268862 -4.72358 -0.204242 0.0206963 0.978701 137.091 
0.979271 0.0318933 0.200028 64.607 -0.0267573 0.99924 -0.0283284 -4.75201 -0.20078 0.0223889 0.97938 137.905 
0.980231 0.033102 0.195068 64.7534 -0.0278221 0.99917 -0.0297461 -4.78736 -0.195891 0.0237308 0.980338 138.717 
0.98064 0.0379948 0.192098 64.8893 -0.032852 0.999013 -0.029888 -4.82506 -0.193044 0.0229985 0.98092 139.528 
0.980821 0.0439149 0.189898 65.0213 -0.0388342 0.998783 -0.0303963 -4.85574 -0.191002 0.0224388 0.981333 140.337 
0.981111 0.045567 0.188003 65.1578 -0.0409554 0.998759 -0.0283441 -4.89141 -0.189061 0.0201089 0.981759 141.145 
0.981405 0.0434012 0.186976 65.2976 -0.0396577 0.998932 -0.0237181 -4.92484 -0.187806 0.0158619 0.982078 141.951 
0.981848 0.0417603 0.185014 65.4411 -0.0380482 0.998998 -0.0235712 -4.95859 -0.185813 0.0161038 0.982453 142.755 
0.982434 0.0398536 0.182307 65.5788 -0.0356049 0.999014 -0.0265206 -4.99182 -0.183184 0.0195636 0.982884 143.547 
0.983525 0.0347529 0.177401 65.7178 -0.0298467 0.999097 -0.0302512 -5.02521 -0.178292 0.0244579 0.983673 144.339 
0.984787 0.0318369 0.170825 65.8508 -0.0269086 0.999154 -0.031089 -5.05777 -0.17167 0.0260193 0.984811 145.13 
0.985931 0.0305973 0.16433 65.9741 -0.0266864 0.999307 -0.0259552 -5.08202 -0.16501 0.0212046 0.986064 145.926 
0.987091 0.0277437 0.15774 66.0963 -0.0253122 0.999528 -0.0174041 -5.11564 -0.158149 0.0131866 0.987327 146.733 
0.987747 0.0246678 0.154101 66.2129 -0.0237022 0.999686 -0.00810135 -5.14066 -0.154252 0.00434948 0.988022 147.544 
0.988245 0.0313951 0.149621 66.3144 -0.0309109 0.999507 -0.00556148 -5.16084 -0.149722 0.00087109 0.988728 148.339 
0.988873 0.0340233 0.144819 66.4115 -0.0328904 0.999407 -0.0102113 -5.18176 -0.14508 0.00533446 0.989405 149.132 
0.989964 0.0347138 0.136987 66.5091 -0.0321707 0.999267 -0.020736 -5.19686 -0.137606 0.0161209 0.990356 149.925 
0.990922 0.0315505 0.130681 66.6001 -0.0283798 0.999257 -0.0260554 -5.21541 -0.131406 0.02211 0.991082 150.727 
0.991788 0.0309239 0.124098 66.6838 -0.0280013 0.999289 -0.0252276 -5.23749 -0.12479 0.0215454 0.991949 151.547 
0.992518 0.0375632 0.116178 66.7585 -0.0352612 0.99914 -0.0218085 -5.26627 -0.116897 0.0175487 0.992989 152.371 
0.993209 0.0429621 0.108122 66.8215 -0.0406393 0.998895 -0.0235979 -5.2954 -0.109016 0.0190436 0.993857 153.188 
0.994166 0.0455515 0.0977703 66.8835 -0.0428849 0.998653 -0.0292065 -5.32484 -0.0989689 0.0248431 0.99478 153.995 
0.995039 0.0440101 0.0892226 66.9427 -0.0413369 0.998646 -0.0315928 -5.35222 -0.090492 0.0277478 0.99551 154.814 
0.995745 0.0440665 0.0809263 66.9974 -0.0418432 0.998704 -0.0289686 -5.3795 -0.0820979 0.025459 0.996299 155.638 
0.996216 0.0469232 0.0731595 67.0336 -0.045446 0.99873 -0.0217299 -5.41107 -0.0740862 0.0183228 0.997083 156.463 
0.996608 0.0503307 0.0651098 67.0645 -0.0493694 0.998648 -0.0162924 -5.43423 -0.0658417 0.0130226 0.997745 157.293 
0.997131 0.0492365 0.0574874 67.0979 -0.0485666 0.998735 -0.0129947 -5.45687 -0.0580545 0.0101653 0.998262 158.117 
0.997427 0.0501469 0.0512306 67.1212 -0.0496549 0.998708 -0.0108332 -5.47889 -0.0517076 0.0082614 0.998628 158.944 
0.997688 0.0491662 0.0469139 67.1491 -0.0486268 0.998738 -0.0125732 -5.50184 -0.0474728 0.0102628 0.99882 159.768 
0.997661 0.053689 0.0423114 67.1645 -0.0529661 0.998433 -0.0180279 -5.5244 -0.043213 0.0157445 0.998942 160.58 
0.997498 0.059615 0.0380016 67.177 -0.0587046 0.997971 -0.0246419 -5.54967 -0.0393935 0.0223493 0.998974 161.397 
0.997543 0.0608123 0.0347659 67.189 -0.0598878 0.997839 -0.0270458 -5.57439 -0.0363354 0.0248972 0.999029 162.216 
0.997554 0.0623082 0.0316644 67.1982 -0.0616633 0.997877 -0.0209536 -5.59954 -0.0329027 0.0189497 0.999279 163.049 
0.997462 0.0646626 0.0297951 67.2014 -0.0643784 0.997871 -0.010405 -5.62643 -0.0304044 0.00846037 0.999502 163.884 
0.997446 0.0662721 0.0266198 67.2083 -0.0662144 0.997801 -0.00304758 -5.64788 -0.0267631 0.00127711 0.999641 164.711 
0.997826 0.0623931 0.0212037 67.2175 -0.0622764 0.99804 -0.00612437 -5.66863 -0.0215442 0.00479049 0.999756 165.527 
0.998641 0.0498025 0.0153472 67.2306 -0.049558 0.998644 -0.0159275 -5.68551 -0.0161195 0.0151452 0.999755 166.342 
0.998854 0.0471898 0.00792236 67.2311 -0.047019 0.998683 -0.0205199 -5.7007 -0.00888017 0.0201239 0.999758 167.16 
0.99867 0.051549 0.00125099 67.2094 -0.0515157 0.998488 -0.019161 -5.7213 -0.00223674 0.0190709 0.999816 167.994 
0.998766 0.0492698 -0.0061489 67.1895 -0.049346 0.998698 -0.0129155 -5.74648 0.00550464 0.0132029 0.999898 168.827 
0.998947 0.0438926 -0.013326 67.1665 -0.0440172 0.998988 -0.0092008 -5.76445 0.0129088 0.00977761 0.999869 169.666 
0.999198 0.0351427 -0.0191833 67.1453 -0.0352493 0.999365 -0.0052414 -5.77387 0.018987 0.00591332 0.999802 170.508 
0.999207 0.0306555 -0.0254077 67.1127 -0.030794 0.999513 -0.00507413 -5.79517 0.0252399 0.00585243 0.999664 171.345 
0.999118 0.0270755 -0.0321078 67.0785 -0.027477 0.999549 -0.0121284 -5.81345 0.031765 0.0129998 0.999411 172.179 
0.999056 0.0177819 -0.0396367 67.0384 -0.0186675 0.999582 -0.0220846 -5.83315 0.0392275 0.0228036 0.99897 173.013 
0.998892 0.00750854 -0.0464599 67.0073 -0.0087257 0.999622 -0.0260492 -5.85507 0.0462468 0.0264256 0.99858 173.85 
0.998543 0.0113082 -0.0527705 66.9457 -0.0122926 0.999756 -0.0183664 -5.87838 0.05255 0.0189882 0.998438 174.69 
0.99808 0.0217623 -0.0579867 66.8709 -0.0221259 0.999739 -0.00563407 -5.89652 0.057849 0.00690617 0.998301 175.536 
0.997684 0.0270013 -0.0624302 66.7936 -0.0269159 0.999635 0.00220963 -5.91761 0.0624672 -0.000524236 0.998047 176.382 
0.997472 0.0261484 -0.0660802 66.7225 -0.026262 0.999655 -0.000848839 -5.93149 0.0660353 0.002582 0.997814 177.226 
0.997315 0.027399 -0.0679113 66.6476 -0.0282589 0.999532 -0.0117319 -5.94478 0.0675582 0.0136194 0.997622 178.052 
0.996756 0.0376533 -0.0711347 66.5609 -0.0392318 0.999011 -0.0209227 -5.96315 0.0702766 0.0236455 0.997247 178.881 
0.996656 0.0360855 -0.0733078 66.4811 -0.0379637 0.998981 -0.0243895 -5.98605 0.0723531 0.0270909 0.997011 179.726 
0.996644 0.0311701 -0.0756959 66.4157 -0.0327468 0.99927 -0.019676 -6.00829 0.0750274 0.0220887 0.996937 180.583 
0.996667 0.0312266 -0.0753631 66.3412 -0.0321349 0.999424 -0.0108684 -6.03135 0.0749804 0.0132539 0.997097 181.442 
0.996594 0.0333752 -0.0754092 66.2616 -0.0338778 0.999411 -0.00539429 -6.05215 0.0751849 0.00793053 0.997138 182.299 
0.99646 0.0334784 -0.0771103 66.1801 -0.0340627 0.9994 -0.00627389 -6.07055 0.076854 0.00887818 0.997003 183.159 
0.996381 0.0302215 -0.079442 66.1 -0.0315423 0.999383 -0.0154228 -6.09282 0.078927 0.0178727 0.99672 184.011 
0.996442 0.0194254 -0.0820083 66.0346 -0.0216784 0.999409 -0.026671 -6.12012 0.0814418 0.0283538 0.996275 184.862 
0.996419 0.00885755 -0.0840913 65.9666 -0.0114771 0.999462 -0.0307183 -6.14512 0.0837741 0.0315733 0.995984 185.712 
0.996331 0.0113195 -0.0848334 65.8764 -0.0136104 0.999557 -0.0264745 -6.17041 0.0844962 0.0275318 0.996043 186.564 
0.996134 0.0172289 -0.0861343 65.7842 -0.0186905 0.999694 -0.0161909 -6.1977 0.0858291 0.0177382 0.996152 187.42 
0.995972 0.0181465 -0.0878067 65.694 -0.0193037 0.999737 -0.0123458 -6.2304 0.0875597 0.013991 0.996061 188.272 
0.9959 0.0169824 -0.0888492 65.6107 -0.0184948 0.999697 -0.016225 -6.2544 0.0885469 0.0178017 0.995913 189.115 
0.995933 0.0171006 -0.0884607 65.5216 -0.0191423 0.999568 -0.0222827 -6.27811 0.0880416 0.0238853 0.99583 189.951 
0.995759 0.0236681 -0.0889045 65.4267 -0.0258015 0.999404 -0.0229239 -6.30256 0.088309 0.0251205 0.995776 190.783 
0.995666 0.0263949 -0.0891749 65.3336 -0.0282612 0.999406 -0.0197301 -6.33245 0.0886013 0.0221647 0.99582 191.619 
0.995479 0.0304473 -0.0899737 65.2425 -0.0320664 0.999348 -0.0166037 -6.36318 0.0894096 0.0194137 0.995806 192.449 
0.995376 0.0337813 -0.089923 65.1496 -0.0351629 0.999286 -0.0138224 -6.38739 0.0893919 0.0169203 0.995853 193.282 
0.995189 0.0367797 -0.0908109 65.0575 -0.0382321 0.999166 -0.014305 -6.41047 0.0902091 0.0177079 0.995765 194.101 
0.99521 0.0350282 -0.0912658 64.971 -0.0367972 0.999165 -0.017772 -6.43876 0.0905672 0.0210451 0.995668 194.911 
