1 -4.23778e-08 4.22719e-08 0 -4.23778e-08 1 -4.19404e-08 0 4.22719e-08 -4.19404e-08 1 0 
0.999093 -0.000851676 0.0425595 0.106401 0.000953892 0.999997 -0.00238351 -0.0232487 -0.0425572 0.00242187 0.999091 1.10071 
0.996178 -0.00552464 0.0871734 0.209812 0.00615949 0.999956 -0.00701637 -0.0800695 -0.0871307 0.00752642 0.996168 2.20086 
0.991214 -0.00549518 0.132151 0.335517 0.00699818 0.999916 -0.0109122 -0.108713 -0.13208 0.0117411 0.991169 3.2384 
0.984126 -0.00328028 0.177439 0.531131 0.00573185 0.999895 -0.0133061 -0.143736 -0.177376 0.0141118 0.984042 4.26829 
0.974796 -0.00619478 0.223013 0.756821 0.00938991 0.999868 -0.0132699 -0.177876 -0.222901 0.0150295 0.974725 5.31449 
0.963103 -0.00684419 0.269046 0.982855 0.010992 0.999843 -0.0139137 -0.235602 -0.268909 0.0163577 0.963027 6.42572 
0.95013 -0.0105344 0.311677 1.29125 0.0164454 0.999731 -0.0163431 -0.285832 -0.311421 0.0206537 0.950047 7.29487 
0.935109 -0.0120413 0.354156 1.68573 0.0196532 0.999646 -0.0179045 -0.314456 -0.353816 0.0237029 0.935015 8.32244 
0.91798 -0.0121367 0.39644 2.09681 0.0211656 0.999606 -0.0184081 -0.358686 -0.396061 0.0252891 0.917876 9.26256 
0.898232 -0.0124937 0.439344 2.51932 0.0221529 0.999612 -0.0168653 -0.390458 -0.438963 0.0248816 0.898161 10.2173 
0.876584 -0.0122719 0.481093 2.99843 0.022723 0.999615 -0.0159046 -0.420541 -0.480712 0.0248735 0.876525 11.1058 
0.852613 -0.0126889 0.522389 3.53091 0.0239073 0.999605 -0.0147398 -0.44118 -0.521996 0.0250562 0.85258 12.0381 
0.826842 -0.0125268 0.562294 4.08577 0.0250534 0.99958 -0.0145722 -0.468861 -0.561875 0.0261362 0.826809 12.8989 
0.799725 -0.0143165 0.600195 4.73092 0.0284928 0.999494 -0.0141241 -0.495856 -0.599689 0.0283966 0.799729 13.7255 
0.771091 -0.013585 0.63658 5.37162 0.0296072 0.999456 -0.0145344 -0.526031 -0.636037 0.0300547 0.771073 14.5336 
0.740539 -0.0169823 0.671798 6.08129 0.0346718 0.999315 -0.0129581 -0.554419 -0.671118 0.0328884 0.740621 15.3315 
0.708595 -0.0163579 0.705426 6.7808 0.03509 0.999311 -0.0120751 -0.585087 -0.704742 0.0333097 0.708681 16.0481 
0.67478 -0.0153815 0.737858 7.52854 0.036531 0.999253 -0.0125776 -0.620911 -0.737114 0.0354418 0.674838 16.7262 
0.63917 -0.0166711 0.768884 8.29389 0.041193 0.999072 -0.0125816 -0.642175 -0.767961 0.0397144 0.639264 17.3765 
0.602601 -0.0147222 0.797907 9.1169 0.0413019 0.999065 -0.0127586 -0.658604 -0.796973 0.0406434 0.602646 18.0197 
0.564841 -0.0137949 0.825084 9.96222 0.0446695 0.998905 -0.0138791 -0.673577 -0.82399 0.0446956 0.564839 18.6172 
0.525661 -0.0120743 0.850609 10.8067 0.0492675 0.998653 -0.0162707 -0.693573 -0.849266 0.0504602 0.525548 19.165 
0.48675 -0.0110709 0.873471 11.7576 0.0510048 0.998574 -0.0157665 -0.710969 -0.872051 0.0522256 0.48662 19.7245 
0.44786 -0.0133209 0.894004 12.6499 0.0563078 0.998324 -0.0133328 -0.74009 -0.892329 0.0563106 0.44786 20.1726 
0.410991 -0.0141652 0.911529 13.5343 0.0599308 0.998136 -0.0115107 -0.766949 -0.909667 0.0593594 0.411074 20.5655 
0.375796 -0.0118236 0.926627 14.4995 0.0613626 0.998041 -0.0121511 -0.787368 -0.924669 0.0614266 0.375785 20.9585 
0.342534 -0.0125298 0.939422 15.4783 0.0619496 0.998036 -0.00927673 -0.806387 -0.937461 0.0613744 0.342638 21.3108 
0.309209 -0.0139842 0.950891 16.4852 0.0644203 0.997903 -0.00627252 -0.815161 -0.94881 0.0631962 0.309461 21.6573 
0.276397 -0.0138213 0.960944 17.5159 0.0649945 0.997876 -0.00434202 -0.824556 -0.958843 0.0636562 0.276708 21.9502 
0.243808 -0.0107642 0.969764 18.515 0.0620312 0.998064 -0.00451699 -0.843353 -0.967837 0.0612568 0.244004 22.2267 
0.212547 -0.00906743 0.977109 19.6182 0.061957 0.99807 -0.00421543 -0.843438 -0.975185 0.0614347 0.212698 22.5163 
0.18194 -0.00878115 0.98327 20.7294 0.0639997 0.997946 -0.00293008 -0.849243 -0.981225 0.0634621 0.182128 22.7403 
0.151824 -0.00909619 0.988366 21.8568 0.0657191 0.997838 -0.000911936 -0.856227 -0.98622 0.0650929 0.152094 22.891 
0.121531 -0.00965817 0.992541 22.9403 0.0646633 0.997905 0.00179261 -0.865041 -0.990479 0.0639631 0.121901 23.0258 
0.0924402 -0.0100995 0.995667 24.0396 0.065608 0.997837 0.00403018 -0.87 -0.993554 0.0649512 0.0929029 23.1235 
0.0653619 -0.00984682 0.997813 25.1346 0.0683469 0.997647 0.00536802 -0.867852 -0.995518 0.0678466 0.0658811 23.1938 
0.0401351 -0.00923438 0.999152 26.3098 0.0720226 0.997383 0.00632486 -0.867353 -0.996595 0.0717076 0.0406951 23.2526 
0.0168289 -0.00899742 0.999818 27.4833 0.0756133 0.997107 0.00770023 -0.869044 -0.996995 0.0754699 0.0174605 23.2857 
-0.00380121 -0.00903668 0.999952 28.6497 0.0809904 0.996671 0.00931483 -0.866066 -0.996708 0.0810219 -0.00305668 23.2975 
-0.0218396 -0.0100175 0.999711 29.9123 0.0850982 0.996302 0.0118423 -0.874328 -0.996133 0.0853323 -0.0209064 23.2814 
-0.0380372 -0.00987834 0.999227 31.2046 0.0876646 0.996063 0.0131841 -0.86245 -0.995423 0.0880984 -0.0370215 23.2761 
-0.0527813 -0.0105417 0.99855 32.4283 0.0898708 0.995836 0.0152634 -0.848594 -0.994554 0.0905461 -0.0516142 23.2207 
-0.0661533 -0.0115658 0.997742 33.683 0.0898981 0.995797 0.0175037 -0.843435 -0.993751 0.0908531 -0.0648355 23.1539 
-0.0787298 -0.0115087 0.996829 34.9526 0.0895798 0.995806 0.0185719 -0.83105 -0.992863 0.090758 -0.0773687 23.0794 
-0.0907646 -0.00873744 0.995834 36.2257 0.0898386 0.995812 0.0169254 -0.820224 -0.991812 0.0910005 -0.0895995 23.0625 
-0.101199 -0.00500836 0.994853 37.4888 0.0902069 0.995822 0.0141893 -0.798019 -0.990768 0.0911787 -0.100325 22.9596 
-0.110893 -0.00266533 0.993829 38.716 0.0911506 0.995754 0.0128412 -0.794926 -0.989643 0.092012 -0.110179 22.8381 
-0.11872 -0.00145667 0.992927 39.9973 0.0911592 0.99576 0.0123602 -0.779543 -0.988734 0.0919818 -0.118083 22.7133 
-0.124943 -0.000828072 0.992164 41.3283 0.0907241 0.995801 0.0122559 -0.772346 -0.988007 0.0915444 -0.124343 22.5634 
-0.13004 0.000715992 0.991508 42.6728 0.091833 0.99571 0.0113251 -0.756142 -0.987247 0.0925259 -0.129547 22.3969 
-0.134898 0.00242053 0.990856 44.0907 0.0909923 0.995802 0.00995529 -0.733935 -0.986673 0.0915033 -0.134552 22.2365 
-0.139443 0.00329523 0.990225 45.5012 0.0912823 0.995779 0.00954052 -0.723755 -0.986014 0.0917203 -0.139155 22.0612 
-0.142903 0.00225758 0.989734 47.0024 0.0911431 0.995778 0.0108883 -0.709732 -0.985531 0.0917635 -0.142505 21.8903 
-0.145389 0.000311047 0.989374 48.4314 0.0916993 0.9957 0.0131621 -0.701643 -0.985116 0.0926386 -0.144792 21.6969 
-0.148034 -0.00069051 0.988982 49.9233 0.0914232 0.995708 0.0143797 -0.677453 -0.984747 0.0925446 -0.147336 21.5133 
-0.150349 0.000157405 0.988633 51.4043 0.0941839 0.995454 0.0141647 -0.663169 -0.984136 0.095243 -0.149681 21.3169 
-0.151364 -0.000166229 0.988478 52.9493 0.0933854 0.995525 0.0144673 -0.641787 -0.984057 0.0944993 -0.150671 21.1047 
-0.152197 0.00106562 0.98835 54.4781 0.094987 0.995386 0.0135538 -0.638529 -0.983775 0.0959432 -0.151596 20.8874 
-0.152883 0.00098472 0.988244 56.0118 0.0948882 0.995394 0.0136875 -0.645056 -0.983678 0.0958653 -0.152273 20.7171 
-0.152443 0.002295 0.988309 57.5352 0.0944139 0.995458 0.0122513 -0.639313 -0.983792 0.0951778 -0.151967 20.5057 
-0.151618 0.00265873 0.988436 59.0942 0.0955107 0.995356 0.0119731 -0.609259 -0.983814 0.0962215 -0.151168 20.3056 
-0.150898 0.00156688 0.988548 60.7093 0.0945144 0.99544 0.0128494 -0.604398 -0.984021 0.095371 -0.150358 20.1297 
-0.150198 0.00246434 0.988653 62.3122 0.0955661 0.99535 0.0120375 -0.585928 -0.984026 0.0962897 -0.149735 19.9128 
-0.149277 0.00305894 0.988791 63.9074 0.0957833 0.995337 0.011381 -0.585249 -0.984145 0.0964086 -0.148874 19.7005 
-0.148395 0.00372823 0.988921 65.5404 0.0969257 0.995233 0.0107923 -0.574584 -0.984167 0.0974534 -0.148049 19.4809 
-0.146883 0.00386216 0.989146 67.2197 0.0966345 0.995265 0.0104636 -0.550747 -0.984422 0.0971226 -0.14656 19.2235 
-0.146388 0.00228725 0.989224 68.8886 0.0986785 0.995043 0.012302 -0.531862 -0.984293 0.0994161 -0.145888 19.0063 
-0.146005 4.96928e-05 0.989284 70.5844 0.100189 0.994859 0.0147365 -0.524683 -0.984197 0.101267 -0.14526 18.7795 
-0.144455 0.00129098 0.98951 72.312 0.102091 0.994682 0.0136061 -0.512801 -0.984231 0.102986 -0.143819 18.4993 
-0.143714 0.00333964 0.989614 74.0205 0.103872 0.994521 0.0117283 -0.494811 -0.984153 0.104479 -0.143273 18.2772 
-0.142956 0.0029978 0.989724 75.7248 0.103354 0.994573 0.0119159 -0.485912 -0.984318 0.103995 -0.14249 18.0538 
-0.14329 0.00314745 0.989676 77.4332 0.103699 0.994538 0.011851 -0.472007 -0.984233 0.104326 -0.142834 17.8347 
-0.142789 0.00221948 0.989751 79.2074 0.103947 0.994501 0.0127659 -0.457948 -0.98428 0.104704 -0.142234 17.6035 
-0.143119 0.00210904 0.989703 80.9413 0.105244 0.99436 0.0131002 -0.453529 -0.984094 0.106035 -0.142534 17.3959 
-0.142826 0.00192894 0.989746 82.7189 0.106276 0.994246 0.0133985 -0.444047 -0.984025 0.1071 -0.142209 17.1483 
-0.142906 0.00316268 0.989731 84.4861 0.106386 0.99425 0.0121838 -0.431576 -0.984002 0.107035 -0.142421 16.9225 
-0.143387 0.00380282 0.989659 86.2939 0.106186 0.994279 0.0115641 -0.428723 -0.983954 0.106746 -0.14297 16.6938 
-0.144345 0.00430807 0.989518 88.1375 0.10551 0.994357 0.011062 -0.420526 -0.983886 0.106001 -0.143985 16.4497 
-0.145299 0.00518481 0.989374 89.9513 0.104828 0.994438 0.0101836 -0.410973 -0.983819 0.105194 -0.145035 16.1966 
-0.14613 0.00447688 0.989255 91.8056 0.104076 0.99451 0.0108731 -0.402162 -0.983775 0.104547 -0.145794 15.9497 
-0.147264 0.00400422 0.989089 93.6348 0.104306 0.994479 0.011504 -0.40668 -0.983582 0.104863 -0.146869 15.7092 
-0.147361 0.00274319 0.989079 95.4483 0.102069 0.994699 0.0124483 -0.406576 -0.983802 0.102789 -0.14686 15.4533 
-0.149069 0.00372972 0.98882 97.2766 0.101622 0.994756 0.0115678 -0.3933 -0.983591 0.102211 -0.148666 15.2026 
-0.151088 0.00455348 0.98851 99.1252 0.101191 0.994807 0.0108839 -0.38167 -0.983327 0.101673 -0.150764 14.9265 
-0.154916 0.00557629 0.987912 101.013 0.102178 0.994712 0.0104078 -0.375483 -0.982629 0.102555 -0.154666 14.6424 
-0.15954 0.00461229 0.987181 102.901 0.100065 0.994914 0.0115233 -0.370479 -0.982107 0.100621 -0.15919 14.3783 
-0.16468 0.00383685 0.986339 104.799 0.0974285 0.995165 0.0123955 -0.365721 -0.981523 0.0981389 -0.164258 14.103 
-0.16917 0.00458252 0.985576 106.694 0.0962023 0.995291 0.011885 -0.361587 -0.98088 0.0968253 -0.168814 13.7996 
-0.173751 0.00628095 0.984769 108.614 0.0974639 0.99518 0.0108489 -0.359872 -0.979955 0.0978645 -0.173526 13.493 
-0.178193 0.00823583 0.983961 110.556 0.0972364 0.995218 0.00927919 -0.352329 -0.979179 0.0973303 -0.178142 13.1641 
-0.183162 0.0081924 0.983048 112.462 0.0959674 0.995338 0.00958583 -0.361415 -0.978387 0.0960964 -0.183095 12.8441 
-0.187696 0.00784552 0.982196 114.374 0.0941279 0.995509 0.0100358 -0.358938 -0.977706 0.0943358 -0.187592 12.5079 
-0.192998 0.00694786 0.981174 116.328 0.0922215 0.995677 0.0110894 -0.359763 -0.976856 0.0926256 -0.192804 12.1489 
-0.198621 0.00676431 0.980053 118.334 0.0919604 0.995693 0.0117647 -0.344816 -0.975752 0.0924628 -0.198388 11.77 
-0.203849 0.00648186 0.978981 120.305 0.0920916 0.995671 0.0125834 -0.337815 -0.974661 0.092721 -0.203563 11.3845 
-0.209407 0.00795523 0.977796 122.279 0.0923359 0.995659 0.0116742 -0.328155 -0.973459 0.0927304 -0.209232 10.9886 
-0.214734 0.00899027 0.976631 124.25 0.0923351 0.995666 0.0111364 -0.322614 -0.972298 0.0925687 -0.214633 10.5864 
-0.220705 0.00919903 0.975297 126.238 0.0930726 0.995591 0.0116713 -0.311878 -0.97089 0.0933494 -0.220588 10.167 
-0.225963 0.00896147 0.974095 128.216 0.0916812 0.995715 0.0121071 -0.306381 -0.969812 0.0920419 -0.225816 9.74249 
-0.231393 0.00975472 0.972811 130.242 0.0910846 0.995775 0.0116803 -0.294679 -0.968587 0.0913109 -0.231303 9.29944 
-0.236686 0.0104051 0.97153 132.246 0.090342 0.995846 0.0113437 -0.287036 -0.967377 0.0904549 -0.236643 8.85722 
-0.240843 0.0102003 0.97051 134.227 0.0914537 0.995734 0.0122298 -0.27258 -0.966246 0.0917022 -0.240749 8.38908 
-0.244553 0.0101699 0.969583 136.198 0.0936727 0.995516 0.0131846 -0.269664 -0.965101 0.0940478 -0.244409 7.90995 
-0.247575 0.0110672 0.968805 138.2 0.0951352 0.99538 0.0129407 -0.259982 -0.964187 0.0953713 -0.247484 7.41022 
-0.24925 0.0119421 0.968365 140.282 0.0964985 0.995254 0.0125642 -0.252235 -0.963619 0.0965775 -0.249219 6.81959 
-0.252436 0.011701 0.967543 142.316 0.0958918 0.995307 0.0129818 -0.25091 -0.96285 0.0960565 -0.252373 6.3168 
-0.25618 0.0121029 0.966553 144.35 0.0948107 0.995415 0.0126647 -0.251551 -0.961968 0.094884 -0.256152 5.79563 
-0.260892 0.0129138 0.965282 146.395 0.0934813 0.995549 0.0119469 -0.247135 -0.960831 0.0933527 -0.260938 5.28509 
-0.265072 0.0125868 0.964146 148.411 0.092912 0.995595 0.0125468 -0.251146 -0.959742 0.0929066 -0.265074 4.75899 
-0.270055 0.012992 0.962757 150.42 0.0926314 0.995621 0.0125477 -0.253877 -0.958379 0.0925701 -0.270076 4.22794 
-0.274345 0.0135761 0.961535 152.452 0.0924777 0.995638 0.012328 -0.252808 -0.957174 0.0923028 -0.274404 3.67428 
-0.278587 0.0137951 0.960312 154.466 0.0921166 0.995671 0.01242 -0.249561 -0.955983 0.0919207 -0.278651 3.11832 
-0.28287 0.0129648 0.959071 156.519 0.0915014 0.995713 0.0135274 -0.239024 -0.954784 0.0915828 -0.282844 2.56082 
-0.286861 0.0132515 0.95788 158.535 0.093485 0.995519 0.0142242 -0.242138 -0.9534 0.0936279 -0.286815 1.99018 
-0.290817 0.0139823 0.956676 160.571 0.0953252 0.995342 0.0144301 -0.251891 -0.952018 0.0953919 -0.290795 1.42155 
-0.294481 0.0150967 0.955538 162.615 0.0942921 0.995455 0.0133318 -0.233804 -0.950994 0.0940257 -0.294566 0.82674 
-0.297805 0.0167079 0.95448 164.652 0.0943305 0.995468 0.0120064 -0.227171 -0.949955 0.0936122 -0.298032 0.225661 
-0.301487 0.0177543 0.953305 166.688 0.0950063 0.99541 0.0115076 -0.234518 -0.948725 0.0940394 -0.30179 -0.365603 
-0.30477 0.0183538 0.952249 168.761 0.0945986 0.995454 0.0110899 -0.237228 -0.947716 0.0934614 -0.30512 -0.997282 
-0.308079 0.0189671 0.951172 170.819 0.0952611 0.995391 0.0110056 -0.223637 -0.946579 0.0940003 -0.308466 -1.64206 
-0.312074 0.0190898 0.949866 172.876 0.0945197 0.995462 0.0110477 -0.217282 -0.945344 0.0932287 -0.312462 -2.28275 
-0.315869 0.0195518 0.948601 174.983 0.0966568 0.995249 0.0116718 -0.233629 -0.943867 0.0953756 -0.316258 -2.93967 
-0.318813 0.019529 0.947616 177.057 0.0981995 0.995088 0.0125306 -0.234145 -0.942717 0.0970504 -0.319165 -3.61102 
-0.321066 0.0192323 0.946861 179.216 0.0993962 0.994956 0.0134945 -0.237437 -0.941826 0.0984471 -0.321359 -4.31961 
-0.323888 0.0185079 0.945914 181.307 0.0987242 0.995011 0.0143352 -0.234321 -0.94093 0.0980277 -0.324099 -5.01232 
-0.326327 0.0191902 0.945062 183.461 0.0984963 0.995042 0.0138053 -0.227153 -0.940111 0.0975902 -0.326599 -5.73078 
-0.329056 0.0210535 0.944076 185.531 0.0966392 0.995253 0.0114886 -0.222936 -0.939352 0.0950151 -0.329528 -6.42564 
-0.33259 0.0229087 0.942793 187.612 0.0962197 0.995312 0.00975849 -0.226564 -0.93815 0.0939609 -0.333235 -7.11211 
-0.335625 0.0234425 0.941704 189.743 0.0954189 0.995394 0.00922835 -0.238051 -0.93715 0.0929536 -0.336316 -7.83352 
-0.339088 0.0244635 0.940437 191.877 0.0939616 0.995544 0.00798213 -0.249642 -0.936051 0.0910716 -0.339875 -8.54754 
-0.342761 0.0239944 0.939116 193.982 0.0945794 0.995476 0.00908538 -0.271765 -0.934649 0.0919352 -0.34348 -9.27496 
-0.34645 0.023325 0.937778 196.095 0.0941525 0.995507 0.0100225 -0.271954 -0.933331 0.0917665 -0.34709 -10.0212 
-0.349652 0.022722 0.936604 198.257 0.0935202 0.995559 0.0107606 -0.268674 -0.9322 0.0913539 -0.350225 -10.8004 
-0.353262 0.0222319 0.93526 200.347 0.0936952 0.995532 0.0117255 -0.287927 -0.93082 0.0917716 -0.353767 -11.5511 
-0.357439 0.0220055 0.933677 202.423 0.0921349 0.995676 0.0118051 -0.300792 -0.929381 0.0902439 -0.357921 -12.2783 
-0.360956 0.022173 0.932319 204.545 0.0912387 0.995761 0.0116421 -0.314708 -0.928109 0.0892659 -0.361449 -13.0589 
-0.36454 0.0225071 0.930915 206.626 0.0912911 0.995756 0.0116742 -0.344372 -0.926702 0.08924 -0.365048 -13.8106 
-0.367426 0.0227653 0.929774 208.706 0.0917414 0.995712 0.0118743 -0.367063 -0.925517 0.0896617 -0.367939 -14.5893 
-0.369917 0.0226896 0.928788 210.822 0.0933036 0.995555 0.0128401 -0.366654 -0.924368 0.091409 -0.370389 -15.3902 
-0.372077 0.0221934 0.927936 212.995 0.0947077 0.995404 0.0141681 -0.361361 -0.923357 0.0931544 -0.372469 -16.2412 
-0.374338 0.0233949 0.926997 215.189 0.0966837 0.995218 0.013926 -0.351905 -0.922238 0.0948386 -0.37481 -17.114 
-0.377392 0.0243179 0.925734 217.328 0.0961419 0.995282 0.0130491 -0.347348 -0.921049 0.0939265 -0.37795 -17.9527 
-0.379589 0.0246436 0.924827 219.509 0.0961336 0.995284 0.0129363 -0.350308 -0.920147 0.0938175 -0.380168 -18.8246 
-0.382382 0.0256755 0.923647 221.641 0.0955276 0.995356 0.0118787 -0.369489 -0.919053 0.092776 -0.383059 -19.6554 
-0.385704 0.027201 0.922221 223.587 0.0954731 0.995376 0.0105713 -0.362776 -0.91767 0.0921248 -0.386517 -20.4147 
-0.388373 0.0267623 0.921113 225.605 0.0932451 0.995589 0.0103892 -0.388376 -0.916772 0.0899242 -0.389156 -21.2134 
-0.391712 0.0273487 0.919681 227.598 0.0939757 0.99552 0.0104222 -0.424148 -0.915276 0.0905102 -0.392527 -21.9898 
-0.394412 0.0269627 0.918538 229.654 0.0954911 0.99536 0.0117852 -0.428801 -0.913959 0.0923605 -0.395157 -22.8076 
-0.397514 0.0262042 0.917222 231.646 0.0962384 0.99527 0.0132746 -0.426721 -0.912535 0.0935488 -0.398155 -23.62 
-0.400954 0.0257251 0.915737 233.64 0.094646 0.99542 0.013477 -0.44009 -0.911196 0.0920745 -0.401553 -24.429 
-0.403738 0.0256301 0.914515 235.746 0.0933522 0.995544 0.0133118 -0.452238 -0.910099 0.0907466 -0.404332 -25.3211 
-0.407354 0.0250544 0.912927 237.823 0.0919838 0.995666 0.0137185 -0.45919 -0.908626 0.0895628 -0.407893 -26.1975 
-0.410523 0.0247264 0.911515 239.925 0.0915531 0.995699 0.014223 -0.449675 -0.907243 0.0892909 -0.411021 -27.0958 
-0.413853 0.0245207 0.910013 241.996 0.0908368 0.99576 0.0144793 -0.463249 -0.9058 0.088655 -0.414326 -28.0216 
-0.418395 0.024113 0.907945 244.092 0.0904045 0.995789 0.0152137 -0.483352 -0.903755 0.0884477 -0.418813 -28.9003 
-0.421989 0.0236969 0.906291 246.211 0.0896401 0.99585 0.0156998 -0.482783 -0.902158 0.0878652 -0.422362 -29.8465 
-0.425893 0.0236219 0.904465 248.368 0.0889453 0.99591 0.0158722 -0.477928 -0.900391 0.0872078 -0.426253 -30.8272 
-0.429488 0.0245143 0.90274 250.53 0.088899 0.995924 0.0152499 -0.466272 -0.898686 0.0868023 -0.429917 -31.8311 
-0.43295 0.0254745 0.901058 252.712 0.0899067 0.995836 0.0150452 -0.451531 -0.896923 0.0875249 -0.433438 -32.8424 
-0.436879 0.0251982 0.899167 254.803 0.0896147 0.995854 0.0156334 -0.46212 -0.895045 0.0874085 -0.437326 -33.7967 
-0.440667 0.0255478 0.897307 256.87 0.0885867 0.995953 0.0151485 -0.465741 -0.893289 0.0861649 -0.441147 -34.7382 
-0.444375 0.026007 0.895463 259.024 0.0888795 0.995927 0.0151817 -0.460011 -0.891421 0.0863347 -0.444876 -35.7557 
-0.447779 0.0266538 0.893747 261.173 0.089085 0.995912 0.0149321 -0.438852 -0.889695 0.0863057 -0.448323 -36.7745 
-0.45162 0.0276813 0.891781 263.377 0.0904265 0.995792 0.0148843 -0.429911 -0.887616 0.0873627 -0.452223 -37.7915 
-0.454932 0.0300579 0.890019 265.446 0.0931111 0.995558 0.0139715 -0.425621 -0.885645 0.0892267 -0.45571 -38.8183 
-0.457833 0.030822 0.888504 267.535 0.0941656 0.995458 0.0139898 -0.419259 -0.884037 0.0900715 -0.458656 -39.8265 
-0.460479 0.0330692 0.887054 269.626 0.0957408 0.995327 0.0125944 -0.41013 -0.882492 0.0907268 -0.461493 -40.8673 
-0.461925 0.0358797 0.886193 271.783 0.097713 0.995158 0.0106411 -0.397508 -0.88152 0.091508 -0.463194 -41.9675 
-0.465343 0.0364591 0.884379 273.876 0.0983732 0.995092 0.0107388 -0.397897 -0.879647 0.0919964 -0.466646 -42.9856 
-0.468281 0.037486 0.882784 276.037 0.0985556 0.995081 0.0100251 -0.385442 -0.878066 0.0916979 -0.469672 -44.1038 
-0.471827 0.037539 0.880891 278.231 0.0977865 0.995157 0.00996845 -0.372972 -0.876251 0.0908427 -0.473213 -45.2031 
-0.475216 0.0392211 0.878994 280.393 0.0985598 0.995091 0.00888358 -0.363736 -0.874331 0.0908551 -0.476749 -46.3353 
-0.47799 0.039393 0.877481 282.556 0.097911 0.995157 0.00865907 -0.369644 -0.872891 0.090054 -0.479532 -47.4943 
-0.480622 0.0393637 0.876044 284.726 0.0959618 0.995353 0.00792254 -0.358754 -0.871662 0.0878745 -0.482166 -48.657 
-0.482714 0.0401892 0.874855 286.866 0.097339 0.995219 0.00798967 -0.34291 -0.870352 0.0890143 -0.484318 -49.8045 
-0.485371 0.0404505 0.873372 289.027 0.0990228 0.995045 0.00894539 -0.356733 -0.868683 0.0908256 -0.486971 -50.8992 
-0.487589 0.0405588 0.87213 291.132 0.100113 0.994929 0.0097014 -0.35982 -0.867314 0.092042 -0.489177 -52.0296 
-0.49012 0.0398402 0.870744 293.272 0.0994836 0.994984 0.010472 -0.367608 -0.865959 0.0917573 -0.491625 -53.1275 
-0.49197 0.039104 0.869733 295.455 0.0999136 0.994926 0.0117839 -0.370871 -0.86486 0.0926955 -0.493381 -54.3309 
-0.494653 0.0395472 0.86819 297.69 0.102067 0.994695 0.0128431 -0.379825 -0.863076 0.0949663 -0.496065 -55.5405 
-0.496869 0.0397678 0.866914 299.842 0.102429 0.994654 0.0130789 -0.356836 -0.861759 0.0952952 -0.498287 -56.7041 
-0.498898 0.0407442 0.865703 301.993 0.102082 0.994703 0.0120137 -0.346045 -0.860628 0.0943667 -0.500414 -57.8967 
-0.501668 0.0431034 0.863986 304.153 0.101587 0.994783 0.00935694 -0.336796 -0.859075 0.0924635 -0.503429 -59.0649 
-0.504917 0.0422364 0.862134 306.228 0.0997994 0.99496 0.00970477 -0.348595 -0.857379 0.0909405 -0.506588 -60.2632 
-0.508958 0.0402152 0.859851 308.441 0.0975618 0.995166 0.0112043 -0.349463 -0.855245 0.0895912 -0.510421 -61.5241 
-0.513637 0.0376468 0.857181 310.682 0.0950956 0.99538 0.0132664 -0.339078 -0.852721 0.0883282 -0.514844 -62.8145 
-0.518413 0.0361212 0.854367 312.901 0.0934017 0.995522 0.0145853 -0.334537 -0.850014 0.0873606 -0.519465 -64.1034 
-0.522589 0.0359526 0.851827 315.099 0.0936709 0.995483 0.0154505 -0.326083 -0.847424 0.0878656 -0.523596 -65.4035 
-0.526757 0.0374562 0.84919 317.349 0.0963771 0.995218 0.0158859 -0.318836 -0.844534 0.0902105 -0.527848 -66.7369 
-0.530784 0.0394896 0.846586 319.595 0.100936 0.99475 0.016883 -0.333994 -0.841475 0.0944122 -0.531983 -68.0798 
-0.534435 0.0398724 0.844268 321.774 0.102251 0.9946 0.0177545 -0.314179 -0.839002 0.0958162 -0.535626 -69.4045 
-0.538372 0.0377229 0.841862 323.943 0.100749 0.994714 0.0198569 -0.292049 -0.836663 0.0955071 -0.539327 -70.7437 
-0.542076 0.0358389 0.839565 326.071 0.0987722 0.994882 0.0213045 -0.262098 -0.834504 0.0944744 -0.542841 -72.1013 
-0.546001 0.035567 0.837029 328.253 0.0976853 0.994986 0.0214419 -0.23767 -0.83207 0.0934728 -0.546737 -73.4802 
-0.550046 0.0345696 0.834418 330.434 0.0961896 0.995116 0.0221806 -0.219618 -0.829576 0.0924627 -0.550685 -74.8695 
-0.554209 0.0337097 0.831695 332.689 0.09638 0.995058 0.0238928 -0.204229 -0.826779 0.0934003 -0.554719 -76.3113 
-0.558674 0.0329182 0.828734 334.916 0.0950145 0.995174 0.0245227 -0.169574 -0.823927 0.092442 -0.559105 -77.7488 
-0.562252 0.0313201 0.826372 337.087 0.093117 0.995325 0.025632 -0.151602 -0.821706 0.091361 -0.56254 -79.1829 
-0.56567 0.0300985 0.824082 339.245 0.0918248 0.995418 0.0266744 -0.127974 -0.819503 0.0907601 -0.565842 -80.6295 
-0.569446 0.0291085 0.821513 341.352 0.0920509 0.995345 0.0285387 -0.116416 -0.816859 0.0918722 -0.569475 -82.0255 
-0.57321 0.0281236 0.818926 343.454 0.0922684 0.99527 0.0304038 -0.100155 -0.814197 0.0929887 -0.573093 -83.431 
-0.576962 0.0271438 0.816319 345.548 0.0924772 0.995192 0.0322699 -0.0791868 -0.811518 0.0941095 -0.576698 -84.8457 
-0.579811 0.0270756 0.814301 347.733 0.089822 0.99548 0.0308566 -0.0255217 -0.809784 0.0910332 -0.579622 -86.3559 
-0.582424 0.0243467 0.81252 349.892 0.0876146 0.995609 0.0329703 0.0197877 -0.808149 0.0903914 -0.582 -87.8129 
-0.585581 0.0237353 0.810267 352.125 0.0878868 0.995538 0.0343534 0.0864726 -0.805836 0.0913284 -0.585054 -89.3801 
-0.588651 0.0233455 0.80805 354.319 0.0860864 0.995709 0.0339452 0.152195 -0.803791 0.0895441 -0.588135 -90.9204 
-0.591533 0.0222085 0.805975 356.462 0.0841003 0.995867 0.0342831 0.206646 -0.801883 0.0880623 -0.590956 -92.4521 
-0.594375 0.018818 0.803968 358.575 0.0821709 0.995915 0.0374383 0.264622 -0.799979 0.0883152 -0.593493 -93.9614 
-0.597667 0.0160603 0.801583 360.611 0.0788447 0.99613 0.038829 0.319933 -0.797858 0.0864074 -0.596621 -95.4241 
-0.60071 0.0153577 0.799319 362.768 0.077193 0.996258 0.038871 0.394764 -0.795731 0.0850521 -0.599648 -96.9807 
-0.603374 0.0150079 0.797317 364.793 0.0762207 0.996331 0.0389264 0.449309 -0.793808 0.0842592 -0.602304 -98.5048 
-0.606648 0.014643 0.794836 366.922 0.0759637 0.996323 0.0396232 0.522343 -0.791333 0.084416 -0.605529 -100.036 
-0.60958 0.0137749 0.792605 369.043 0.0749421 0.996372 0.0403205 0.59175 -0.789174 0.0839781 -0.608401 -101.596 
-0.61258 0.0122921 0.790313 371.083 0.0716158 0.996629 0.0400091 0.656147 -0.787157 0.0811077 -0.611396 -103.108 
-0.615896 0.00862907 0.78778 373.13 0.0618425 0.997384 0.0374241 0.700225 -0.785397 0.0717677 -0.614818 -104.643 
-0.618972 0.011698 0.785326 375.22 0.0545652 0.998114 0.0281391 0.755909 -0.783516 0.0602688 -0.618442 -106.23 
-0.620543 0.0218754 0.783867 377.171 0.0651663 0.997592 0.0237486 0.808811 -0.78146 0.0658187 -0.620475 -107.819 
-0.619485 0.0228354 0.784676 379.324 0.0720005 0.997016 0.0278279 0.854623 -0.7817 0.073736 -0.619281 -109.519 
-0.621532 0.0135631 0.783271 381.478 0.0709105 0.99672 0.0390089 0.914801 -0.780173 0.0797875 -0.620455 -111.173 
-0.624386 0.00292949 0.78111 383.596 0.0648274 0.996737 0.048082 0.994549 -0.778421 0.0806591 -0.622539 -112.811 
-0.628127 -0.0021131 0.778107 385.662 0.0600408 0.996883 0.0511751 1.11354 -0.775791 0.0788627 -0.626043 -114.391 
-0.630619 -0.00242118 0.776088 387.704 0.0593147 0.99692 0.0513069 1.20436 -0.773822 0.0783886 -0.628533 -115.994 
-0.633582 0.00279851 0.77367 389.751 0.0645594 0.996697 0.0492644 1.27119 -0.770977 0.0811608 -0.63167 -117.605 
-0.637015 0.0076527 0.770814 391.692 0.0702007 0.996371 0.048123 1.30499 -0.767648 0.0847667 -0.63524 -119.115 
-0.639476 0.0105426 0.768739 393.789 0.0711644 0.996425 0.0455329 1.39996 -0.765511 0.0838241 -0.63794 -120.807 
-0.641968 0.0105986 0.766658 395.828 0.0710776 0.996421 0.0457425 1.47611 -0.763429 0.0838574 -0.640424 -122.455 
-0.643446 0.0105054 0.76542 397.829 0.0707026 0.996447 0.0457594 1.53449 -0.76222 0.0835609 -0.641902 -124.142 
-0.645472 0.00948656 0.763724 399.955 0.0703932 0.996406 0.0471169 1.6395 -0.760533 0.0841737 -0.64382 -125.877 
-0.646664 0.010326 0.762705 401.917 0.0716334 0.996311 0.047246 1.71612 -0.759404 0.0851874 -0.645019 -127.529 
-0.64811 0.0103815 0.761475 403.944 0.0717806 0.996288 0.0475114 1.77269 -0.758156 0.0854519 -0.64645 -129.097 
-0.650279 0.0100363 0.759629 405.659 0.0717747 0.996252 0.04828 1.78277 -0.756297 0.0859176 -0.648562 -130.507 
-0.652493 0.00798239 0.757752 407.393 0.0694907 0.996362 0.0493417 1.81641 -0.754602 0.0848519 -0.650674 -131.987 
-0.65285 0.00702993 0.757454 409.357 0.0708174 0.996144 0.0517923 1.90915 -0.754169 0.0874536 -0.65083 -133.666 
-0.653619 0.00636268 0.756797 411.239 0.0720659 0.995944 0.0538674 1.98123 -0.753385 0.089748 -0.651426 -135.26 
-0.654273 0.00756411 0.75622 412.761 0.0719003 0.996043 0.0522444 2.10596 -0.752832 0.0885546 -0.652228 -136.707 
-0.655313 0.00712194 0.755323 414.395 0.0677327 0.996481 0.0493685 2.13224 -0.752314 0.083512 -0.65349 -138.113 
-0.657859 0.00577245 0.753119 416.259 0.0638484 0.996798 0.0481322 2.19094 -0.750429 0.0797497 -0.656122 -139.563 
-0.658608 0.00539579 0.752467 418.146 0.0641549 0.996736 0.0490051 2.25264 -0.749746 0.0805495 -0.656804 -141.184 
-0.659344 0.00420021 0.75183 420.078 0.0627072 0.996807 0.0494245 2.32509 -0.749222 0.0797329 -0.657502 -142.83 
-0.659798 0.00310077 0.751437 422.098 0.0589797 0.99712 0.0476725 2.4273 -0.749125 0.0757737 -0.658081 -144.567 
-0.660887 0.00294024 0.75048 424.128 0.0588205 0.997119 0.0478919 2.51263 -0.748177 0.0757947 -0.659156 -146.275 
-0.660984 0.00158035 0.750398 426.18 0.0587869 0.997033 0.0496822 2.62136 -0.748094 0.0769527 -0.659116 -148.043 
-0.660173 -0.000109707 0.751113 428.039 0.0612102 0.996666 0.0539448 2.69047 -0.748615 0.0815887 -0.657965 -149.697 
-0.659268 0.000121311 0.751908 430.116 0.0670957 0.99602 0.0586683 2.83801 -0.748908 0.089128 -0.656653 -151.503 
-0.657578 -0.000626847 0.753386 432.12 0.0707321 0.995531 0.0625655 2.97097 -0.750058 0.0944303 -0.654596 -153.24 
-0.655396 -0.0026343 0.755281 434.13 0.0653073 0.996051 0.0601445 3.10062 -0.752457 0.0887438 -0.652635 -154.949 
-0.654307 -0.00372067 0.75622 436.186 0.0571907 0.996881 0.0543879 3.21895 -0.754064 0.0788352 -0.652053 -156.672 
-0.652142 -0.00522803 0.758079 438.205 0.052359 0.997278 0.0519197 3.33623 -0.756287 0.0735513 -0.650093 -158.369 
-0.648885 -0.00410794 0.760876 440.203 0.0530831 0.997304 0.0506543 3.436 -0.759033 0.0732584 -0.646918 -160.059 
-0.645985 -0.00398441 0.76334 442.252 0.0539632 0.997246 0.0508722 3.54152 -0.76144 0.074055 -0.643991 -161.762 
-0.64265 -0.00438367 0.766147 444.237 0.0546277 0.997176 0.0515276 3.62818 -0.76421 0.0749671 -0.640596 -163.435 
-0.639758 -0.00320225 0.76857 446.317 0.0528054 0.997445 0.048111 3.73069 -0.766761 0.0713641 -0.637954 -165.159 
-0.637856 -0.00748433 0.770119 448.36 0.0471619 0.997696 0.0487581 3.82143 -0.76871 0.0674209 -0.636034 -166.821 
-0.636085 -0.013632 0.771498 450.446 0.0388215 0.998012 0.0496419 3.90979 -0.770641 0.0615272 -0.634292 -168.503 
-0.635797 -0.0169226 0.77167 452.515 0.0320272 0.99832 0.0482809 4.00253 -0.771191 0.0554113 -0.634187 -170.142 
-0.635349 -0.0182737 0.772009 454.594 0.0292713 0.998432 0.0477229 4.09285 -0.77167 0.0529184 -0.633818 -171.797 
-0.634175 -0.0186457 0.772965 456.663 0.0303558 0.998338 0.0489875 4.18331 -0.772593 0.0545306 -0.632555 -173.474 
-0.632706 -0.0194194 0.774148 458.759 0.0329898 0.998102 0.0519996 4.2734 -0.773689 0.0584395 -0.630865 -175.148 
-0.630764 -0.0214493 0.775678 460.769 0.0313569 0.998097 0.0530983 4.37455 -0.775341 0.0578154 -0.628891 -176.759 
-0.629457 -0.0217375 0.776731 462.782 0.0291552 0.998244 0.0515638 4.47052 -0.776488 0.055103 -0.627718 -178.374 
-0.628357 -0.0205811 0.777653 464.956 0.0281049 0.998397 0.0491323 4.58583 -0.777417 0.0527285 -0.626771 -180.098 
-0.627208 -0.0189821 0.778621 467.034 0.0293328 0.998418 0.0479691 4.67997 -0.7783 0.0529257 -0.625658 -181.734 
-0.625254 -0.0176797 0.780221 469.097 0.0320581 0.998318 0.0483124 4.79912 -0.779762 0.0552199 -0.623635 -183.381 
-0.62333 -0.0176818 0.781759 471.2 0.0339105 0.998192 0.0496153 4.90239 -0.781223 0.0574366 -0.621604 -185.074 
-0.622129 -0.0176294 0.782716 473.362 0.0342894 0.998174 0.0497365 5.0096 -0.782164 0.0577814 -0.620388 -186.732 
-0.620268 -0.0190012 0.78416 475.424 0.0332276 0.998173 0.0504699 5.11258 -0.783686 0.0573606 -0.618503 -188.344 
-0.618002 -0.0194391 0.785936 477.289 0.0332541 0.998153 0.0508365 5.20237 -0.785473 0.0575526 -0.616214 -189.825 
-0.616083 -0.0203841 0.787417 479.379 0.0332751 0.998099 0.0518729 5.29942 -0.786978 0.0581594 -0.614234 -191.448 
-0.614767 -0.0195927 0.788465 481.51 0.0327212 0.998197 0.050317 5.40216 -0.788029 0.0567328 -0.613018 -193.102 
-0.613767 -0.0183877 0.789273 483.63 0.0322206 0.998312 0.0483135 5.51999 -0.78883 0.0550841 -0.612138 -194.754 
-0.610687 -0.0183401 0.79166 485.815 0.0337823 0.998218 0.0491851 5.62711 -0.791151 0.0567808 -0.608979 -196.511 
-0.609155 -0.0195743 0.792809 488.136 0.0326795 0.998227 0.0497553 5.75917 -0.792377 0.0562173 -0.607436 -198.345 
-0.609298 -0.021297 0.792655 490.391 0.030196 0.998291 0.0500329 5.8818 -0.792366 0.05442 -0.607613 -200.006 
-0.609568 -0.0218708 0.792432 492.508 0.0295224 0.9983 0.0502624 5.96491 -0.792183 0.0540328 -0.607886 -201.539 
-0.609349 -0.0211975 0.792619 494.568 0.0298224 0.998322 0.0496255 6.06103 -0.792341 0.0538771 -0.607694 -203.1 
-0.609501 -0.0206911 0.792515 496.741 0.0303217 0.998319 0.0493837 6.15885 -0.792205 0.0541299 -0.607849 -204.719 
-0.608784 -0.0222549 0.793024 498.438 0.0302916 0.998225 0.0512676 6.20371 -0.792758 0.0552328 -0.607029 -206.084 
-0.607932 -0.0241421 0.793622 500.089 0.0297807 0.998141 0.0531762 6.24029 -0.793431 0.0559622 -0.606083 -207.384 
-0.607078 -0.02603 0.794216 501.742 0.0292719 0.998052 0.0550853 6.28088 -0.794103 0.0566893 -0.605134 -208.682 
-0.606695 -0.0261979 0.794503 503.892 0.0282519 0.998115 0.0544854 6.40207 -0.794432 0.0555023 -0.604811 -210.277 
-0.605323 -0.0253163 0.795577 505.7 0.0288887 0.998137 0.0537423 6.44104 -0.795455 0.0555147 -0.603464 -211.721 
-0.605211 -0.0249201 0.795675 507.697 0.0295515 0.998118 0.0537381 6.52349 -0.795516 0.0560363 -0.603335 -213.218 
-0.604868 -0.025338 0.795923 509.897 0.0295974 0.998088 0.0542666 6.61976 -0.795776 0.0563813 -0.602961 -214.844 
-0.604335 -0.0246197 0.79635 512.088 0.0300055 0.99811 0.0536279 6.74542 -0.796165 0.0563041 -0.602454 -216.465 
-0.603361 -0.0245961 0.797088 514.179 0.0292654 0.998168 0.0529535 6.84181 -0.796931 0.0552772 -0.601536 -218.044 
-0.603068 -0.0255964 0.797279 516.277 0.0289273 0.998126 0.0539254 6.94576 -0.797165 0.0555838 -0.601198 -219.588 
-0.602299 -0.0263946 0.797834 518.51 0.0296664 0.998023 0.055413 7.04565 -0.797719 0.0570441 -0.600325 -221.267 
-0.601583 -0.027593 0.798333 520.955 0.0295033 0.997954 0.0567246 7.20968 -0.798265 0.0576781 -0.599538 -223 
-0.601441 -0.0270374 0.79846 523.08 0.0295186 0.997993 0.0560289 7.32404 -0.798372 0.0572675 -0.599435 -224.545 
-0.600554 -0.0252407 0.799185 524.712 0.0317319 0.997962 0.0553638 7.40195 -0.798954 0.0586086 -0.59853 -225.824 
-0.599198 -0.0235153 0.800255 526.222 0.0335931 0.99795 0.0544776 7.46014 -0.799896 0.0595259 -0.597179 -226.999 
-0.59897 -0.0244553 0.800398 528.301 0.0330646 0.997926 0.0552341 7.5579 -0.800088 0.0595484 -0.596919 -228.511 
-0.598862 -0.0252393 0.800454 530.013 0.0315675 0.997982 0.0550849 7.65772 -0.80023 0.0582566 -0.596857 -229.902 
-0.598018 -0.0246714 0.801103 531.529 0.0316337 0.998021 0.0543501 7.76957 -0.800858 0.0578442 -0.596054 -231.309 
-0.597557 -0.0255857 0.801418 533.624 0.032101 0.997926 0.0557945 7.87278 -0.801184 0.0590667 -0.595496 -232.833 
-0.598047 -0.0272698 0.800997 535.744 0.0317907 0.997827 0.0577066 7.99436 -0.80083 0.0599756 -0.59588 -234.367 
-0.597336 -0.0283175 0.801491 537.501 0.0307829 0.99783 0.0581963 8.09831 -0.8014 0.059435 -0.595168 -235.893 
-0.59567 -0.0301495 0.802663 539.112 0.0287975 0.997851 0.0588522 8.17455 -0.802713 0.0581712 -0.593522 -237.42 
-0.596343 -0.0282655 0.802232 541.263 0.0283906 0.998012 0.0562678 8.28603 -0.802227 0.0563308 -0.594355 -238.95 
-0.596082 -0.0278727 0.80244 543.403 0.0295382 0.997959 0.056606 8.39486 -0.80238 0.0574445 -0.594042 -240.5 
-0.59611 -0.0301697 0.802335 545.367 0.0296349 0.997786 0.0595368 8.50408 -0.802355 0.0592676 -0.593897 -241.999 
-0.596834 -0.0311776 0.801759 547.338 0.0306679 0.997628 0.0616236 8.60232 -0.801778 0.0613674 -0.594462 -243.405 
-0.597544 -0.0321868 0.80119 549.472 0.0316026 0.997472 0.063642 8.74852 -0.801213 0.0633486 -0.595016 -244.865 
-0.597451 -0.0313957 0.80129 551.679 0.032508 0.997464 0.0633204 8.88596 -0.801246 0.0638792 -0.594915 -246.474 
-0.597539 -0.0298043 0.801285 553.798 0.0346624 0.997415 0.062948 9.01415 -0.80109 0.0653884 -0.594961 -248.027 
-0.597333 -0.030192 0.801424 555.95 0.0345197 0.997397 0.0633037 9.14933 -0.80125 0.0654784 -0.594736 -249.582 
-0.596955 -0.0307512 0.801685 558.054 0.0356803 0.997259 0.0648215 9.27005 -0.801481 0.0672999 -0.594222 -251.116 
-0.596014 -0.0320415 0.802334 560.125 0.0350171 0.997216 0.0658364 9.38181 -0.80221 0.0673348 -0.593232 -252.615 
-0.595817 -0.0320226 0.802482 562.242 0.0346765 0.997247 0.0655408 9.51035 -0.802371 0.0668775 -0.593066 -254.08 
-0.594923 -0.0317105 0.803156 564.366 0.0351304 0.997241 0.0653955 9.65182 -0.803014 0.0671205 -0.592168 -255.612 
-0.59534 -0.0328012 0.802804 566.443 0.0348383 0.997173 0.066578 9.76456 -0.802718 0.0676049 -0.592514 -257.076 
-0.595982 -0.0347894 0.802244 567.961 0.0324373 0.997202 0.0673412 9.81316 -0.802343 0.0661567 -0.593186 -258.212 
-0.596656 -0.0364566 0.801669 570.119 0.030139 0.997245 0.0677819 9.95853 -0.801931 0.0646039 -0.593913 -259.74 
-0.59561 -0.0358846 0.802472 572.027 0.0300932 0.997303 0.0669327 10.0934 -0.80271 0.0640148 -0.592924 -261.16 
-0.5946 -0.0343244 0.803288 573.94 0.0326239 0.997235 0.0667601 10.1849 -0.803359 0.065902 -0.591837 -262.607 
-0.594735 -0.0334725 0.803225 575.788 0.0337355 0.997214 0.0665355 10.2408 -0.803214 0.0666682 -0.591949 -263.741 
-0.593637 -0.0347915 0.803981 577.825 0.0331688 0.997158 0.0676419 10.3685 -0.804049 0.0668218 -0.590796 -265.219 
-0.592439 -0.0354264 0.804836 579.95 0.0337371 0.997065 0.0687216 10.5152 -0.804908 0.0678661 -0.589505 -266.761 
-0.591699 -0.034542 0.805418 582.056 0.0337006 0.997148 0.0675228 10.6629 -0.805454 0.0670963 -0.588848 -268.287 
-0.590237 -0.0347867 0.80648 584.155 0.033657 0.997142 0.0676432 10.7871 -0.806528 0.0670692 -0.58738 -269.835 
-0.589271 -0.0349878 0.807177 586.21 0.0329094 0.997193 0.0672493 10.9148 -0.807265 0.0661918 -0.586466 -271.306 
-0.587575 -0.0355363 0.808389 588.309 0.0329714 0.997154 0.0677994 11.0401 -0.808498 0.0664909 -0.584731 -272.833 
-0.586607 -0.0362919 0.809058 590.48 0.0322704 0.997155 0.0681269 11.1877 -0.809229 0.0660724 -0.583767 -274.353 
-0.585889 -0.0372995 0.809532 592.615 0.0306752 0.997203 0.0681473 11.3356 -0.809811 0.0647593 -0.583106 -275.84 
-0.586075 -0.0383896 0.809347 594.766 0.0285958 0.997275 0.0680107 11.4757 -0.809752 0.0630033 -0.58338 -277.325 
-0.586406 -0.0369661 0.809173 596.895 0.0282936 0.997414 0.06607 11.6251 -0.809523 0.0616383 -0.583844 -278.817 
-0.586315 -0.0372883 0.809225 599.043 0.0284593 0.997375 0.0665779 11.7722 -0.809583 0.0620656 -0.583715 -280.323 
-0.586156 -0.0387771 0.80927 601.017 0.0286339 0.997238 0.0685234 11.8782 -0.809692 0.063338 -0.583427 -281.735 
-0.586317 -0.0401552 0.809086 603.075 0.0272141 0.99723 0.0692139 12.0215 -0.809625 0.0625999 -0.5836 -283.167 
-0.586157 -0.0415731 0.80913 605.163 0.0258326 0.997216 0.0699507 12.2039 -0.809785 0.0619041 -0.583451 -284.608 
-0.585491 -0.039456 0.809718 607.28 0.0263971 0.997357 0.0676865 12.3545 -0.810249 0.0610041 -0.582903 -286.135 
-0.584914 -0.0381726 0.810196 609.425 0.026855 0.997433 0.066382 12.4981 -0.81065 0.0605857 -0.582388 -287.606 
-0.584254 -0.0373842 0.810709 611.761 0.0281186 0.997406 0.0662576 12.6891 -0.811084 0.0615073 -0.581687 -289.343 
-0.583942 -0.0380887 0.810901 614.019 0.0284373 0.997326 0.0673233 12.8571 -0.811297 0.0623728 -0.581298 -290.966 
-0.583565 -0.0386092 0.811148 616.158 0.0291207 0.997232 0.0684167 13.0007 -0.811544 0.0635468 -0.580825 -292.479 
-0.583511 -0.0391985 0.811159 618.339 0.0288102 0.997206 0.0689137 13.1448 -0.811594 0.0635815 -0.580752 -294.001 
-0.583569 -0.0386557 0.811143 620.566 0.0286395 0.997265 0.0681299 13.3065 -0.811558 0.0629893 -0.580866 -295.569 
-0.583215 -0.0380462 0.811426 622.898 0.0281657 0.997355 0.0670082 13.4975 -0.811829 0.0619346 -0.5806 -297.164 
-0.583207 -0.0364301 0.811506 625.754 0.029908 0.997353 0.0662671 13.7639 -0.811773 0.062918 -0.580574 -299.049 
-0.583196 -0.0348139 0.811585 628.611 0.0316503 0.997349 0.0655259 14.0275 -0.811715 0.0639013 -0.580548 -300.934 
-0.583655 -0.0350909 0.811243 630.807 0.0313793 0.997345 0.0657169 14.1746 -0.811395 0.0638122 -0.581004 -302.446 
-0.583213 -0.0357562 0.811532 632.88 0.0302566 0.997381 0.0656888 14.2803 -0.811756 0.0628648 -0.580603 -303.816 
-0.583021 -0.0342368 0.811735 635.513 0.0305242 0.997483 0.0639948 14.4943 -0.811884 0.0620879 -0.580509 -305.656 
-0.582636 -0.034969 0.811981 637.67 0.0303742 0.997439 0.0647509 14.6146 -0.812166 0.0623894 -0.580081 -307.153 
-0.582607 -0.0344888 0.812022 639.702 0.0318948 0.997359 0.0652443 14.7547 -0.812128 0.063911 -0.579968 -308.653 
-0.581704 -0.0348325 0.812654 641.863 0.0320496 0.997325 0.0656893 14.8852 -0.812769 0.064257 -0.579032 -310.168 
-0.580472 -0.0336822 0.813583 644.122 0.0320631 0.997424 0.0641694 15.0419 -0.813648 0.0633346 -0.577897 -311.73 
-0.578989 -0.032444 0.81469 646.24 0.032624 0.997486 0.062909 15.1704 -0.814683 0.063002 -0.576475 -313.241 
