1 -4.23778e-08 4.22719e-08 0 -4.23778e-08 1 -4.19404e-08 0 4.22719e-08 -4.19404e-08 1 0 
0.999996 -0.00219851 -0.00144277 -0.0171826 0.00220262 0.999993 0.00291293 -0.0195576 0.00143644 -0.00291618 0.999995 1.53791 
0.99999 -0.00321992 -0.00320245 -0.0349497 0.00323204 0.999987 0.00381226 -0.043997 0.00319022 -0.00382266 0.999988 3.04488 
0.999987 -0.00221501 -0.00452238 -0.0731412 0.00223001 0.999992 0.00333516 -0.0557616 0.00451504 -0.00334528 0.999984 4.53578 
0.99998 -0.00190634 -0.00606727 -0.110246 0.00192519 0.999993 0.00311581 -0.0701976 0.00606138 -0.00312752 0.999977 6.02174 
0.999967 -0.00221344 -0.0077869 -0.134142 0.00223944 0.999992 0.00334328 -0.084405 0.00777952 -0.0033607 0.999964 7.53268 
0.999949 -0.00217501 -0.00980653 -0.152412 0.00221158 0.999991 0.0037281 -0.0986469 0.00979841 -0.00374969 0.999945 9.0474 
0.999917 -0.00466195 -0.0119812 -0.175952 0.00470034 0.999984 0.00318493 -0.122956 0.0119662 -0.00324107 0.999923 10.5402 
0.999887 -0.00609904 -0.0137253 -0.209866 0.0061501 0.999974 0.00368714 -0.142438 0.0137025 -0.00377122 0.999899 12.0447 
0.999869 -0.00629454 -0.0149266 -0.255899 0.00634623 0.999974 0.00342369 -0.155003 0.0149047 -0.00351805 0.999883 13.5486 
0.999855 -0.00553843 -0.0161183 -0.298053 0.00559837 0.999977 0.00368116 -0.177705 0.0160976 -0.00377095 0.999863 15.0232 
0.999841 -0.00456939 -0.0172445 -0.336817 0.00463907 0.999981 0.00400788 -0.18948 0.017226 -0.00408732 0.999843 16.5203 
0.999836 -0.00254315 -0.0179525 -0.386021 0.00262866 0.999985 0.00474604 -0.203194 0.0179402 -0.00479253 0.999827 18.0309 
0.999819 -0.00197446 -0.0189034 -0.427142 0.00207885 0.999983 0.00550879 -0.215887 0.0188923 -0.00554717 0.999806 19.5093 
0.999804 -0.00230404 -0.0196594 -0.464162 0.00241044 0.999982 0.00539408 -0.229025 0.0196468 -0.0054405 0.999792 20.9653 
0.999787 -0.00180579 -0.0205379 -0.506882 0.0019192 0.999983 0.00550735 -0.244847 0.0205277 -0.00554568 0.999774 22.4425 
0.999773 -0.00164706 -0.0212579 -0.544388 0.00177612 0.99998 0.00605792 -0.257004 0.0212476 -0.00609439 0.999756 23.9338 
0.99977 -0.00068333 -0.0214291 -0.592596 0.000831898 0.999976 0.00692873 -0.262085 0.0214239 -0.00694505 0.999746 25.4287 
0.999765 -0.000870431 -0.0216513 -0.638682 0.000994158 0.999983 0.00570828 -0.277228 0.0216461 -0.00572855 0.999749 26.8701 
0.999759 -0.000403001 -0.0219376 -0.684074 0.000485068 0.999993 0.00373956 -0.288307 0.021936 -0.00374939 0.999752 28.3107 
0.999759 -0.00184427 -0.021864 -0.729694 0.00192082 0.999992 0.00348441 -0.301357 0.0218575 -0.00352566 0.999755 29.733 
0.999752 -0.00297165 -0.0220718 -0.771305 0.00310526 0.999977 0.00602558 -0.312366 0.0220534 -0.00609271 0.999738 31.1746 
0.999737 -0.00445599 -0.0225038 -0.812688 0.00461636 0.999964 0.00708279 -0.322853 0.0224715 -0.0071849 0.999722 32.5967 
0.999729 -0.00501065 -0.0227118 -0.854376 0.00515693 0.999966 0.00639054 -0.333586 0.0226791 -0.00650602 0.999722 33.9995 
0.999731 -0.00477189 -0.0226926 -0.891576 0.00486921 0.999979 0.0042387 -0.33942 0.022672 -0.00434814 0.999733 35.4319 
0.999751 -0.00360501 -0.0220089 -0.945243 0.00368644 0.999986 0.00366435 -0.361173 0.0219955 -0.00374466 0.999751 36.7799 
0.999765 -0.00272146 -0.0214861 -0.994248 0.00278008 0.999992 0.00270258 -0.379273 0.0214787 -0.00276176 0.999765 38.1436 
0.999791 -0.00168412 -0.0203574 -1.03856 0.00175312 0.999993 0.00337606 -0.387923 0.0203517 -0.00341113 0.999787 39.5024 
0.999815 -0.00155255 -0.0191619 -1.08078 0.00165707 0.999984 0.00544425 -0.405139 0.0191532 -0.00547508 0.999801 40.8427 
0.999837 -0.00166936 -0.0179976 -1.11553 0.00178265 0.999979 0.00628501 -0.419114 0.0179868 -0.00631615 0.999818 42.16 
0.999872 -0.00113991 -0.0159585 -1.1565 0.00124882 0.999976 0.00682163 -0.43268 0.0159504 -0.00684078 0.999849 43.4629 
0.999913 -0.00158406 -0.0130682 -1.18362 0.00166535 0.999979 0.00621834 -0.44792 0.0130581 -0.00623965 0.999895 44.7514 
0.999949 -0.00251317 -0.00975474 -1.20784 0.0025596 0.999985 0.00475884 -0.470212 0.00974273 -0.00478365 0.999941 46.004 
0.999974 -0.00275614 -0.00663361 -1.22894 0.00277429 0.999992 0.00274162 -0.481015 0.00662609 -0.00276004 0.999974 47.2606 
0.999994 -0.00235026 -0.00245559 -1.25193 0.002358 0.999992 0.00318851 -0.495138 0.00244816 -0.00319436 0.999992 48.4894 
0.999994 -0.00202818 0.00261587 -1.2591 0.00202011 0.999993 0.0030509 -0.513053 -0.00262195 -0.00304568 0.999992 49.7145 
0.999964 -0.000817483 0.00846967 -1.25776 0.00080137 0.999998 0.00189566 -0.525234 -0.00847112 -0.00188889 0.999962 50.9181 
0.999874 0.000313573 0.0158512 -1.25903 -0.000346564 0.999998 0.00207322 -0.545088 -0.0158505 -0.00207854 0.999872 52.1128 
0.999717 0.00113549 0.0237691 -1.238 -0.00120321 0.999995 0.0028317 -0.556731 -0.0237657 -0.00285958 0.999713 53.3105 
0.999424 0.00324418 0.0337805 -1.21206 -0.00335486 0.999989 0.00321782 -0.56895 -0.0337696 -0.00332938 0.999424 54.4873 
0.998903 0.00584653 0.0464682 -1.17162 -0.00599225 0.999977 0.00299541 -0.579644 -0.0464496 -0.00327065 0.998915 55.6548 
0.9981 0.00761313 0.0611411 -1.12264 -0.00784874 0.999963 0.00361284 -0.600665 -0.0611112 -0.00408594 0.998123 56.7957 
0.996985 0.00994863 0.0769576 -1.04808 -0.0103396 0.999935 0.00468279 -0.61123 -0.0769059 -0.00546447 0.997023 57.9333 
0.995483 0.00968437 0.0944461 -0.959549 -0.0102494 0.999932 0.00549795 -0.628733 -0.0943864 -0.00644121 0.995515 59.0352 
0.993495 0.00919653 0.113503 -0.848082 -0.00979074 0.999941 0.00467808 -0.639922 -0.113453 -0.005759 0.993527 60.1389 
0.990998 0.00827008 0.133618 -0.719756 -0.00886033 0.999953 0.00382275 -0.6537 -0.13358 -0.00497231 0.991026 61.227 
0.987952 0.00543686 0.154662 -0.567653 -0.00606298 0.999975 0.00357634 -0.665887 -0.154638 -0.00447104 0.987961 62.2901 
0.984389 0.00043685 0.176005 -0.388265 -0.0014624 0.999983 0.00569663 -0.677651 -0.175999 -0.00586516 0.984373 63.34 
0.979968 -0.00504171 0.199093 -0.183532 0.00369224 0.999968 0.00714831 -0.689811 -0.199122 -0.00627009 0.979955 64.3825 
0.974824 -0.0105011 0.222728 0.0435769 0.00922802 0.999935 0.00675551 -0.703332 -0.222784 -0.00453017 0.974857 65.4022 
0.968733 -0.0165285 0.247552 0.299385 0.0157106 0.999863 0.00527859 -0.714048 -0.247606 -0.00122442 0.96886 66.3961 
0.96172 -0.0203369 0.273277 0.577415 0.0193625 0.999793 0.00626206 -0.727476 -0.273347 -0.000731114 0.961915 67.3656 
0.953531 -0.0232533 0.300397 0.876136 0.0216106 0.999728 0.00879015 -0.739881 -0.300519 -0.00189 0.953774 68.3277 
0.944271 -0.0277047 0.328001 1.19987 0.025271 0.999612 0.0116802 -0.746219 -0.328198 -0.00274042 0.944605 69.2765 
0.933763 -0.0308163 0.356562 1.54841 0.0285407 0.999525 0.0116427 -0.753558 -0.356751 -0.000695092 0.934199 70.1975 
0.922061 -0.0302027 0.385865 1.92045 0.0294348 0.999535 0.00789866 -0.757996 -0.385924 0.00407476 0.922521 71.1217 
0.909458 -0.0313208 0.414615 2.31937 0.0332572 0.999443 0.00255001 -0.763252 -0.414464 0.0114698 0.909993 72.0021 
0.895583 -0.0330427 0.443666 2.73323 0.036639 0.999328 0.000466822 -0.773991 -0.443383 0.0158373 0.896192 72.8539 
0.880353 -0.033679 0.473121 3.182 0.0361878 0.999338 0.00380141 -0.783803 -0.472936 0.0137746 0.880989 73.6993 
0.863097 -0.0324642 0.503993 3.65192 0.0318274 0.999445 0.00987301 -0.796107 -0.504033 0.00751933 0.863651 74.5308 
0.843901 -0.032505 0.535514 4.15092 0.0299544 0.999461 0.0134615 -0.801541 -0.535662 0.00468075 0.844419 75.3375 
0.823224 -0.0262143 0.567111 4.67196 0.0257818 0.999629 0.00878181 -0.807782 -0.56713 0.0073917 0.823595 76.1173 
0.801848 -0.0194425 0.597212 5.22159 0.023009 0.999734 0.00165347 -0.809748 -0.597085 0.0124154 0.802082 76.8673 
0.779847 -0.0169589 0.62574 5.79534 0.0221361 0.999755 -0.000492435 -0.811646 -0.625578 0.0142354 0.780032 77.5963 
0.756903 -0.0195541 0.653234 6.39435 0.0232944 0.999724 0.00293455 -0.824189 -0.653112 0.0129955 0.75715 78.2972 
0.732734 -0.0196492 0.680232 7.00589 0.0232696 0.999722 0.00381236 -0.83893 -0.680118 0.0130352 0.732987 78.9698 
0.70783 -0.0177451 0.70616 7.64541 0.023955 0.999712 0.00110997 -0.849174 -0.705976 0.0161304 0.708052 79.6187 
0.681979 -0.0153774 0.73121 8.29553 0.0237986 0.999716 -0.00117233 -0.858757 -0.730984 0.0182012 0.682152 80.2371 
0.655341 -0.0130102 0.755221 8.96392 0.02233 0.999748 -0.00215425 -0.868458 -0.755003 0.0182758 0.655467 80.83 
0.627668 -0.0113969 0.778398 9.65702 0.0220469 0.999752 -0.00313999 -0.88209 -0.778169 0.0191321 0.627763 81.4033 
0.599071 -0.00501125 0.80068 10.3763 0.0209506 0.999736 -0.0094183 -0.895554 -0.800422 0.0224169 0.599018 81.9591 
0.569379 0.00414261 0.822064 11.1165 0.0199302 0.999624 -0.0188416 -0.914767 -0.821833 0.0271119 0.569083 82.4809 
0.538929 0.0123508 0.84226 11.8764 0.0191273 0.999455 -0.0268948 -0.936518 -0.842134 0.0306045 0.5384 82.9765 
0.507304 0.0170835 0.861598 12.6619 0.0166495 0.999422 -0.0296195 -0.964775 -0.861606 0.0293712 0.506727 83.4563 
0.474988 0.0170372 0.879827 13.4759 0.0145591 0.999523 -0.0272151 -0.991325 -0.879872 0.0257363 0.474513 83.9122 
0.442392 0.0158536 0.896681 14.3 0.0101191 0.999692 -0.0226674 -1.02258 -0.896764 0.0191015 0.442096 84.3251 
0.408293 0.0171679 0.912689 15.1486 0.00569293 0.999756 -0.0213525 -1.05403 -0.912833 0.0139139 0.408095 84.7206 
0.373325 0.0204337 0.927475 16.0132 -0.00116578 0.999767 -0.0215572 -1.07875 -0.9277 0.00696661 0.373262 85.0888 
0.337552 0.0222432 0.941044 16.8936 -0.0060222 0.999751 -0.0214708 -1.1082 -0.941288 0.00158031 0.337602 85.43 
0.301597 0.0217246 0.953188 17.7967 -0.00834514 0.999762 -0.0201457 -1.13378 -0.953399 -0.00187861 0.301706 85.7325 
0.265832 0.0211061 0.963788 18.7076 -0.00932961 0.99977 -0.0193209 -1.16253 -0.963974 -0.00385567 0.265967 85.9959 
0.230183 0.0206038 0.972929 19.6386 -0.00833707 0.999781 -0.0192001 -1.18839 -0.973112 -0.00369186 0.230304 86.2195 
0.194769 0.019289 0.980659 20.5784 -0.00630694 0.99981 -0.0184131 -1.21258 -0.980829 -0.00259866 0.194854 86.4131 
0.160224 0.0182957 0.986911 21.5281 0.0015472 0.999822 -0.0187863 -1.24108 -0.987079 0.00453696 0.160167 86.5707 
0.126785 0.0216136 0.991695 22.4908 0.00391367 0.999744 -0.0222894 -1.27104 -0.991922 0.00670712 0.126668 86.6942 
0.0937967 0.0271143 0.995222 23.4571 0.00440698 0.999608 -0.0276492 -1.29585 -0.995582 0.00697932 0.0936404 86.7985 
0.0650063 0.030481 0.997419 24.4161 0.0114666 0.999444 -0.0312904 -1.33199 -0.997819 0.0134711 0.0646207 86.8592 
0.0392384 0.0288119 0.998814 25.4004 0.0130197 0.999485 -0.0293428 -1.36557 -0.999145 0.0141557 0.038843 86.9077 
0.0170967 0.0259421 0.999517 26.3867 0.0150221 0.999544 -0.0261998 -1.40017 -0.999741 0.0154628 0.0166992 86.9291 
-0.00157505 0.0228276 0.999738 27.3594 0.0151274 0.999625 -0.0228012 -1.44086 -0.999884 0.0150875 -0.00191978 86.9385 
-0.0181384 0.026089 0.999495 28.3431 0.0165903 0.99953 -0.0257889 -1.4739 -0.999698 0.0161142 -0.0185626 86.9282 
-0.0328423 0.0304434 0.998997 29.329 0.019641 0.999363 -0.0298089 -1.50538 -0.999267 0.0186423 -0.0334193 86.9036 
-0.0449071 0.0355129 0.99836 30.3127 0.0240185 0.999117 -0.0344596 -1.54255 -0.998702 0.0224316 -0.0457204 86.8637 
-0.0537394 0.0388839 0.997798 31.3037 0.0291493 0.998877 -0.0373561 -1.58696 -0.998129 0.0270776 -0.0548125 86.8137 
-0.0595662 0.0440137 0.997253 32.3009 0.0332407 0.998561 -0.042086 -1.63433 -0.997671 0.0306426 -0.0609436 86.7563 
-0.0629126 0.048998 0.996815 33.3055 0.0350727 0.998286 -0.0468568 -1.68168 -0.997403 0.0320131 -0.0645232 86.6966 
-0.0654673 0.052793 0.996457 34.3048 0.037616 0.99802 -0.0504045 -1.74004 -0.997145 0.0341829 -0.0673235 86.6312 
-0.0680393 0.0554793 0.996139 35.3153 0.0372048 0.997899 -0.0530362 -1.80824 -0.996989 0.0334526 -0.0699605 86.5704 
-0.0702323 0.0587941 0.995796 36.3228 0.0386357 0.997673 -0.05618 -1.87237 -0.996782 0.0345276 -0.0723404 86.5024 
-0.0720588 0.062476 0.995442 37.3388 0.0394715 0.997433 -0.0597438 -1.93585 -0.996619 0.0349865 -0.0743398 86.4367 
-0.0741632 0.0637172 0.995208 38.3582 0.0426209 0.997247 -0.0606717 -2.00699 -0.996335 0.0379171 -0.0766748 86.3642 
-0.0760191 0.0625474 0.995143 39.3714 0.0424852 0.997327 -0.0594394 -2.07292 -0.996201 0.0377603 -0.0784733 86.2917 
-0.0781173 0.0623232 0.994994 40.4011 0.0421109 0.997359 -0.0591653 -2.14346 -0.996054 0.0372782 -0.0805356 86.2208 
-0.080201 0.0637004 0.994741 41.4279 0.0424476 0.997269 -0.06044 -2.21266 -0.995874 0.037377 -0.0826859 86.1445 
-0.0823736 0.0660162 0.994413 42.4582 0.0413304 0.997171 -0.0627758 -2.27908 -0.995744 0.0359284 -0.0848691 86.0682 
-0.084341 0.06849 0.99408 43.4953 0.0400398 0.997062 -0.0652984 -2.35166 -0.995632 0.0342955 -0.0868355 85.9802 
-0.0867411 0.072133 0.993616 44.5416 0.0377229 0.996898 -0.0690782 -2.42664 -0.995516 0.0314902 -0.0891931 85.9038 
-0.088421 0.0763203 0.993155 45.5878 0.0345646 0.996695 -0.0735151 -2.50834 -0.995483 0.0278278 -0.0907667 85.8142 
-0.0909403 0.0785928 0.99275 46.6227 0.0323615 0.996588 -0.0759322 -2.59252 -0.99533 0.0252216 -0.0931734 85.7336 
-0.0933155 0.0773386 0.992628 47.6715 0.0303912 0.996735 -0.0748016 -2.67189 -0.995173 0.0231871 -0.0953612 85.6438 
-0.0961895 0.0731911 0.992668 48.7218 0.0271181 0.997115 -0.0708913 -2.75598 -0.994993 0.0201003 -0.0978969 85.5623 
-0.0981857 0.0717585 0.992578 49.7832 0.0274027 0.997214 -0.0693831 -2.83514 -0.994791 0.0203869 -0.0998785 85.4677 
-0.0999892 0.0723037 0.992358 50.8426 0.0266233 0.997193 -0.0699736 -2.91576 -0.994632 0.0194232 -0.101633 85.3718 
-0.101205 0.0751855 0.99202 51.9057 0.0282022 0.996956 -0.0726825 -2.99665 -0.994466 0.0206213 -0.103017 85.2738 
-0.101901 0.077852 0.991743 52.9598 0.0284257 0.996754 -0.0753247 -3.07946 -0.994388 0.0205153 -0.103783 85.174 
-0.102171 0.0787723 0.991643 54.0165 0.0272768 0.996707 -0.0763642 -3.16401 -0.994393 0.0192467 -0.103983 85.0797 
-0.101908 0.0777105 0.991754 55.083 0.0244729 0.996838 -0.0755942 -3.25085 -0.994493 0.0165674 -0.103488 84.9869 
-0.101881 0.0768483 0.991824 56.1447 0.0203217 0.996964 -0.0751592 -3.34388 -0.994589 0.0124982 -0.103134 84.8978 
-0.101729 0.0781309 0.991739 57.2174 0.0163838 0.996907 -0.0768575 -3.43223 -0.994677 0.00842977 -0.102695 84.8042 
-0.10181 0.0784789 0.991703 58.2919 0.0117303 0.996909 -0.0776866 -3.52165 -0.994735 0.00372372 -0.102416 84.712 
-0.101961 0.0779877 0.991727 59.3756 0.00872281 0.996954 -0.077502 -3.61263 -0.99475 0.000748483 -0.102331 84.6171 
-0.102255 0.0730119 0.992075 60.4692 0.0091004 0.99733 -0.0724607 -3.69728 -0.994716 0.0016188 -0.102647 84.5208 
-0.102544 0.0642553 0.992651 61.5586 0.0123679 0.997917 -0.0633186 -3.78026 -0.994651 0.00578404 -0.103126 84.4171 
-0.102486 0.0586785 0.993002 62.6565 0.0174558 0.998211 -0.0571848 -3.86108 -0.994581 0.011473 -0.103327 84.3131 
-0.101465 0.060736 0.992983 63.7521 0.0258706 0.997958 -0.0583968 -3.93357 -0.994503 0.0197638 -0.102829 84.1977 
-0.100552 0.0663902 0.992714 64.8442 0.0313957 0.997486 -0.0635293 -4.00443 -0.994436 0.0247789 -0.102384 84.0968 
-0.0996541 0.0719608 0.992417 65.9522 0.0349108 0.99702 -0.0687891 -4.08231 -0.994409 0.027791 -0.101869 83.9923 
-0.0988588 0.076301 0.992172 67.0644 0.0358659 0.996681 -0.0730742 -4.16351 -0.994455 0.0283611 -0.101267 83.8882 
-0.0987006 0.0736123 0.992391 68.1941 0.0327921 0.996959 -0.0706899 -4.24673 -0.994577 0.0255654 -0.100814 83.7994 
-0.0981777 0.0690297 0.992772 69.3344 0.031825 0.997299 -0.0661973 -4.33219 -0.99466 0.0250959 -0.100109 83.6924 
-0.0980306 0.0670518 0.992922 70.4683 0.0294003 0.997487 -0.0644574 -4.4144 -0.994749 0.0228735 -0.0997556 83.5967 
-0.0982236 0.0678592 0.992848 71.6104 0.0271577 0.997484 -0.0654893 -4.49531 -0.994794 0.0205309 -0.0998193 83.5056 
-0.0977275 0.0731904 0.992518 72.746 0.0284039 0.997091 -0.0707309 -4.57746 -0.994808 0.021279 -0.0995221 83.4026 
-0.0968179 0.0758308 0.992409 73.8883 0.0281808 0.996902 -0.0734249 -4.6647 -0.994903 0.0208581 -0.0986549 83.2995 
-0.0965675 0.0749189 0.992503 75.0448 0.0285618 0.996961 -0.0724765 -4.74984 -0.994916 0.0213488 -0.0984139 83.2008 
-0.0959042 0.068418 0.993036 76.1982 0.0303489 0.997372 -0.0657858 -4.83168 -0.994928 0.0238285 -0.0977286 83.1016 
-0.0965376 0.0665371 0.993103 77.3405 0.0297855 0.997509 -0.063937 -4.91925 -0.994883 0.0234077 -0.098279 83.0079 
-0.0957705 0.0697225 0.992959 78.4976 0.0275378 0.997348 -0.0673747 -4.9991 -0.995022 0.0208914 -0.0974365 82.9103 
-0.0955105 0.0728004 0.992763 79.6649 0.0273747 0.997137 -0.0704877 -5.08265 -0.995052 0.0204443 -0.09723 82.8158 
-0.0956562 0.0723196 0.992784 80.8395 0.0266128 0.997187 -0.0700762 -5.16936 -0.995059 0.0197175 -0.0973117 82.7203 
-0.0955057 0.0692521 0.993017 82.0164 0.0263397 0.997403 -0.0670248 -5.25201 -0.99508 0.0197546 -0.0970818 82.6197 
-0.0938419 0.0679606 0.993265 83.2085 0.027567 0.997462 -0.0656434 -5.33731 -0.995205 0.0212213 -0.0954772 82.5091 
-0.0923257 0.0687562 0.993352 84.3991 0.0292556 0.99737 -0.0663152 -5.41781 -0.995299 0.0229385 -0.0940943 82.3995 
-0.0910083 0.0688471 0.993467 85.5923 0.0322147 0.997289 -0.0661609 -5.50409 -0.995329 0.025983 -0.0929794 82.2955 
-0.090005 0.0685963 0.993576 86.782 0.0318576 0.997313 -0.0659685 -5.585 -0.995432 0.0257155 -0.0919484 82.2055 
-0.0882097 0.0691013 0.993702 87.9944 0.0335277 0.997232 -0.0663706 -5.67388 -0.995537 0.027462 -0.0902823 82.1044 
-0.087251 0.0676829 0.993884 89.1994 0.0336667 0.99732 -0.0649614 -5.75512 -0.995617 0.0277928 -0.0892958 82.0111 
-0.0864446 0.066787 0.994015 90.4135 0.0326139 0.997405 -0.0641785 -5.84407 -0.995723 0.0268708 -0.0883985 81.9274 
-0.0852283 0.0661807 0.994161 91.6391 0.033591 0.997415 -0.0635177 -5.9277 -0.995795 0.0279814 -0.0872311 81.8359 
-0.0832938 0.0669684 0.994272 92.8618 0.0315733 0.997416 -0.0645352 -6.01789 -0.996025 0.0260171 -0.085193 81.7458 
-0.0817799 0.0698212 0.994202 94.0963 0.0320459 0.997211 -0.0673967 -6.10168 -0.996135 0.0263484 -0.0837893 81.6574 
-0.0806754 0.0685832 0.994378 95.3321 0.0294452 0.997358 -0.0663999 -6.19093 -0.996305 0.0239228 -0.0824818 81.5729 
-0.0801497 0.0673338 0.994506 96.5707 0.0257952 0.997522 -0.0654592 -6.28166 -0.996449 0.0204069 -0.0816879 81.4911 
-0.0801004 0.0686035 0.994423 97.8095 0.0229662 0.997491 -0.0669653 -6.36869 -0.996522 0.0174742 -0.081475 81.4099 
-0.0804585 0.0682908 0.994416 99.0501 0.0201667 0.997557 -0.0668749 -6.45419 -0.996554 0.0146735 -0.0816391 81.3299 
-0.0813243 0.0654697 0.994535 100.306 0.0174074 0.997781 -0.06426 -6.54962 -0.996536 0.0120864 -0.0822835 81.2446 
-0.0825813 0.0641928 0.994515 101.558 0.015415 0.997886 -0.0631305 -6.6378 -0.996465 0.010117 -0.0833963 81.159 
-0.0838988 0.0635852 0.994443 102.82 0.0137185 0.997941 -0.0626516 -6.72534 -0.99638 0.00838589 -0.0845984 81.0701 
-0.0851482 0.0637393 0.994327 104.076 0.014001 0.99793 -0.0627713 -6.81522 -0.99627 0.00857675 -0.0858643 80.9742 
-0.0872255 0.0624129 0.994231 105.34 0.0136725 0.998016 -0.061451 -6.90023 -0.996095 0.00823353 -0.0879058 80.8727 
-0.0902655 0.0578899 0.994234 106.605 0.0105571 0.998309 -0.0571688 -6.98436 -0.995862 0.00533591 -0.090724 80.7766 
-0.0944435 0.0580716 0.993835 107.862 0.0100929 0.998302 -0.0573736 -7.06497 -0.995479 0.00461217 -0.0948692 80.6707 
-0.100244 0.0642785 0.992884 109.1 0.00459994 0.99793 -0.0641408 -7.14778 -0.994952 -0.00186254 -0.100332 80.5744 
-0.107467 0.0675076 0.991914 110.331 0.00515345 0.997716 -0.0673443 -7.23519 -0.994195 -0.00212553 -0.10757 80.4646 
-0.11594 0.0634547 0.991227 111.578 0.00720537 0.997985 -0.0630446 -7.328 -0.99323 -0.0001672 -0.116163 80.3257 
-0.126604 0.0612257 0.990062 112.834 0.00997481 0.998121 -0.0604486 -7.42547 -0.991903 0.00222266 -0.126977 80.1745 
-0.139788 0.0618538 0.988248 114.078 0.00956629 0.998085 -0.0611165 -7.51386 -0.990135 0.000910506 -0.140112 80.0204 
-0.154078 0.0621152 0.986104 115.305 0.011525 0.998067 -0.061068 -7.59831 -0.987991 0.00195562 -0.154496 79.8448 
-0.168104 0.0600186 0.98394 116.523 0.0123075 0.998195 -0.0587854 -7.68307 -0.985692 0.0022278 -0.168539 79.6492 
-0.183511 0.0624897 0.981029 117.721 0.0166859 0.998032 -0.0604515 -7.76888 -0.982876 0.00527585 -0.184193 79.4361 
-0.198708 0.0659233 0.977839 118.912 0.0177952 0.997813 -0.0636538 -7.85647 -0.979897 0.0047524 -0.199446 79.209 
-0.214126 0.0698194 0.974307 120.087 0.0175867 0.997556 -0.0676204 -7.94427 -0.976648 0.00265552 -0.214831 78.9746 
-0.23018 0.068042 0.970766 121.27 0.0139962 0.997681 -0.0666099 -8.03102 -0.973047 -0.00174514 -0.230598 78.7162 
-0.245726 0.0626422 0.967313 122.462 0.00888208 0.998013 -0.0623741 -8.12135 -0.969299 -0.00673518 -0.245794 78.4279 
-0.261476 0.0587879 0.963418 123.629 0.00506913 0.998213 -0.0595354 -8.20811 -0.965197 -0.0106834 -0.261307 78.1368 
-0.276371 0.0602758 0.959159 124.795 0.00346017 0.998087 -0.0617252 -8.29282 -0.961045 -0.0137402 -0.276051 77.8206 
-0.291277 0.0621845 0.954616 125.95 0.00283197 0.997937 -0.0641425 -8.37723 -0.956635 -0.0159797 -0.290852 77.4995 
-0.304984 0.0648223 0.950149 127.094 0.00509179 0.997778 -0.0664373 -8.46197 -0.952344 -0.0154243 -0.304636 77.147 
-0.319125 0.0645285 0.945513 128.239 0.00708743 0.997814 -0.0657058 -8.55504 -0.947686 -0.0142671 -0.318885 76.7762 
-0.333272 0.0627533 0.94074 129.384 0.00696015 0.997919 -0.0641018 -8.64221 -0.942805 -0.0148156 -0.333015 76.3895 
-0.347353 0.0614741 0.935717 130.512 0.00674904 0.997987 -0.0630598 -8.73164 -0.93771 -0.0155888 -0.347068 75.9808 
-0.362304 0.0627938 0.929942 131.633 0.00543581 0.997853 -0.0652617 -8.82159 -0.932044 -0.0185896 -0.361867 75.5661 
-0.37702 0.0652654 0.923903 132.746 0.00655688 0.997677 -0.0678012 -8.90539 -0.926182 -0.0195045 -0.376572 75.1282 
-0.391802 0.0671883 0.917593 133.845 0.00801481 0.997541 -0.0696202 -8.99362 -0.920015 -0.019923 -0.391377 74.6803 
-0.406478 0.0699361 0.91098 134.941 0.0107053 0.997362 -0.071791 -9.08334 -0.913598 -0.0194291 -0.406154 74.2083 
-0.420979 0.0736823 0.904073 136.034 0.0105932 0.997027 -0.0763254 -9.17743 -0.907008 -0.0225544 -0.420508 73.7093 
-0.436035 0.0761767 0.8967 137.129 0.0120168 0.996815 -0.0788384 -9.27397 -0.89985 -0.0236008 -0.435561 73.1931 
-0.451572 0.0735213 0.8892 138.221 0.0105453 0.996969 -0.0770767 -9.37464 -0.892172 -0.0254288 -0.450979 72.666 
-0.467583 0.0693055 0.881228 139.316 0.00758184 0.997199 -0.0744034 -9.47266 -0.883917 -0.0281084 -0.466799 72.1104 
-0.483867 0.0696994 0.872361 140.397 0.00698686 0.997099 -0.0757903 -9.56661 -0.875114 -0.0305773 -0.48295 71.5368 
-0.499892 0.0687276 0.863356 141.459 0.00567989 0.997085 -0.0760845 -9.66419 -0.866069 -0.0331302 -0.498825 70.9466 
-0.515714 0.0680445 0.854054 142.525 0.00560146 0.997088 -0.076058 -9.765 -0.856742 -0.0344402 -0.514593 70.3242 
-0.53133 0.0679029 0.844439 143.575 0.00436472 0.996989 -0.0774235 -9.86511 -0.847153 -0.0374517 -0.530027 69.686 
-0.546975 0.0671988 0.834447 144.623 0.00411565 0.996977 -0.0775897 -9.96974 -0.837138 -0.0390054 -0.545598 69.0296 
-0.562366 0.0647175 0.824352 145.665 0.00364477 0.997117 -0.0757945 -10.0688 -0.82688 -0.0396196 -0.560981 68.3448 
-0.577895 0.0612034 0.813813 146.697 0.00357336 0.997364 -0.0724701 -10.1677 -0.816103 -0.0389721 -0.576591 67.6468 
-0.593114 0.0595644 0.802912 147.723 0.00452313 0.99749 -0.070658 -10.2689 -0.805106 -0.0382765 -0.591895 66.9187 
-0.608263 0.0579019 0.791621 148.73 0.00355125 0.997524 -0.0702337 -10.3644 -0.793728 -0.0399093 -0.606963 66.1799 
-0.623521 0.0589514 0.77958 149.73 0.00197047 0.997268 -0.0738369 -10.4633 -0.781804 -0.0445027 -0.621934 65.4133 
-0.639117 0.0587213 0.766865 150.715 -7.05469e-05 0.997077 -0.0764082 -10.5617 -0.76911 -0.0488878 -0.637244 64.6293 
-0.655404 0.0555652 0.753232 151.7 -0.00199685 0.997159 -0.075297 -10.6633 -0.755276 -0.0508541 -0.653431 63.8156 
-0.672518 0.0482878 0.738504 152.675 -0.0054572 0.997518 -0.0701934 -10.7651 -0.740061 -0.0512365 -0.670586 62.991 
-0.689968 0.0457082 0.722396 153.641 -0.00692406 0.997542 -0.0697309 -10.8609 -0.723807 -0.0531139 -0.687955 62.1003 
-0.707946 0.0431514 0.704947 154.568 -0.00863148 0.997529 -0.0697293 -10.9566 -0.706214 -0.0554493 -0.705824 61.2181 
-0.726307 0.0393392 0.686244 155.473 -0.012006 0.997483 -0.069888 -11.0552 -0.687266 -0.0589992 -0.724006 60.3199 
-0.74355 0.037178 0.667646 156.362 -0.0120316 0.997548 -0.0689482 -11.1554 -0.668572 -0.0592992 -0.741279 59.3745 
-0.760209 0.0392467 0.648492 157.22 -0.0103651 0.997314 -0.0725082 -11.2514 -0.649596 -0.0618431 -0.75776 58.4173 
-0.775716 0.0388096 0.629888 158.046 -0.00719915 0.997498 -0.0703252 -11.3485 -0.631042 -0.059087 -0.773495 57.4298 
-0.790459 0.0401819 0.611195 158.845 -0.0031418 0.997567 -0.0696466 -11.4484 -0.612506 -0.056973 -0.78841 56.4074 
-0.805275 0.0414197 0.591453 159.615 -0.00147109 0.997414 -0.0718522 -11.552 -0.5929 -0.0587309 -0.803132 55.3909 
-0.81945 0.0431137 0.571526 160.37 -0.000614897 0.9971 -0.0760991 -11.6545 -0.57315 -0.0627108 -0.817048 54.3565 
-0.832839 0.0437474 0.551783 161.108 0.00185765 0.997087 -0.0762489 -11.7555 -0.553512 -0.0624781 -0.830494 53.2692 
-0.845159 0.0414694 0.532904 161.816 0.00272325 0.997307 -0.0732892 -11.8668 -0.534508 -0.0604898 -0.842996 52.1901 
-0.85615 0.0429906 0.514936 162.493 0.00516608 0.997195 -0.0746639 -11.9747 -0.516702 -0.0612633 -0.853971 51.0934 
-0.866119 0.0458191 0.497733 163.146 0.00784584 0.996913 -0.0781186 -12.078 -0.499776 -0.0637549 -0.863805 50.0025 
-0.875491 0.0438591 0.481239 163.788 0.00637153 0.996834 -0.0792579 -12.1908 -0.483192 -0.0663233 -0.872999 48.8911 
-0.884332 0.0411635 0.46504 164.414 0.00519984 0.996912 -0.0783546 -12.304 -0.46683 -0.0668734 -0.881815 47.771 
-0.892133 0.0391796 0.45007 165.05 0.004077 0.99689 -0.0787 -12.4153 -0.451754 -0.0683759 -0.889518 46.6188 
-0.899448 0.0365796 0.435495 165.647 0.00301046 0.996986 -0.0775246 -12.5447 -0.437018 -0.0684183 -0.896847 45.4822 
-0.906318 0.0339976 0.421227 166.247 0.00167742 0.99704 -0.076863 -12.6512 -0.422593 -0.0689557 -0.903692 44.3118 
-0.912502 0.0284528 0.408081 166.808 -0.00155852 0.997329 -0.0730222 -12.761 -0.409068 -0.0672689 -0.910021 43.1366 
-0.918009 0.024903 0.395777 167.345 -0.00293503 0.997572 -0.0695769 -12.8655 -0.396548 -0.0650338 -0.915707 41.9635 
-0.922578 0.025143 0.384989 167.852 -0.000449061 0.997803 -0.0662409 -12.963 -0.385809 -0.0612853 -0.920541 40.7855 
-0.926113 0.0289171 0.376137 168.36 0.00349309 0.997672 -0.0680997 -13.0566 -0.377231 -0.0617541 -0.924058 39.5978 
-0.928345 0.0347292 0.370093 168.838 0.00949156 0.997516 -0.0697973 -13.1501 -0.371598 -0.0612832 -0.926369 38.413 
-0.930403 0.0383559 0.364526 169.312 0.0128828 0.997317 -0.0720575 -13.2516 -0.366312 -0.0623463 -0.928401 37.2311 
-0.932168 0.035546 0.360277 169.792 0.0107035 0.997439 -0.0707164 -13.3514 -0.361868 -0.0620633 -0.930161 36.0305 
-0.934243 0.0282377 0.355518 170.28 0.00463022 0.997737 -0.0670799 -13.4511 -0.356607 -0.0610228 -0.932259 34.8303 
-0.936189 0.0222537 0.35079 170.756 -0.00064799 0.997883 -0.0650339 -13.5499 -0.351495 -0.0611114 -0.934193 33.6316 
-0.937928 0.0155416 0.346481 171.225 -0.00802496 0.997756 -0.0664786 -13.6442 -0.346736 -0.0651326 -0.935698 32.4288 
-0.939429 0.0133524 0.342484 171.695 -0.0111103 0.997529 -0.0693661 -13.7375 -0.342564 -0.0689696 -0.93696 31.2291 
-0.940424 0.013212 0.339746 172.161 -0.011925 0.997348 -0.0717934 -13.8342 -0.339793 -0.0715677 -0.937773 30.0366 
-0.940893 0.0135204 0.338434 172.618 -0.0122596 0.997189 -0.0739207 -13.9333 -0.338483 -0.0737005 -0.938082 28.8458 
-0.940727 0.0168628 0.338745 173.066 -0.00949436 0.997062 -0.0760007 -14.0349 -0.339032 -0.0747121 -0.937804 27.6346 
-0.940556 0.0176679 0.33918 173.525 -0.0093948 0.99691 -0.0779812 -14.14 -0.339509 -0.0765322 -0.937484 26.4388 
-0.94011 0.0187306 0.340357 173.978 -0.00911538 0.996751 -0.0800312 -14.2478 -0.34075 -0.0783406 -0.936884 25.2325 
-0.939546 0.0192971 0.341878 174.436 -0.00860701 0.996764 -0.0799155 -14.3549 -0.342314 -0.0780268 -0.93634 24.0468 
-0.938901 0.0185717 0.343686 174.895 -0.00990893 0.996671 -0.0809268 -14.4626 -0.344045 -0.0793878 -0.935591 22.8732 
-0.937565 0.0170692 0.347392 175.362 -0.0121212 0.996585 -0.0816811 -14.5656 -0.3476 -0.0807921 -0.934156 21.6726 
-0.935837 0.0151471 0.352106 175.817 -0.0138913 0.996714 -0.0797981 -14.6753 -0.352158 -0.0795692 -0.932552 20.5062 
-0.93395 0.0122996 0.357191 176.296 -0.0163978 0.996881 -0.0772022 -14.7881 -0.357027 -0.0779601 -0.930835 19.331 
-0.931165 0.0109359 0.364433 176.77 -0.0172501 0.997109 -0.0739971 -14.898 -0.364189 -0.07519 -0.928285 18.1503 
-0.928609 0.0125404 0.370849 177.262 -0.0163174 0.997082 -0.0745756 -14.9971 -0.370702 -0.0753028 -0.925694 16.9998 
-0.925412 0.0125541 0.378754 177.754 -0.0172558 0.997018 -0.0752081 -15.0976 -0.378569 -0.0761342 -0.922436 15.8528 
-0.921453 0.0156122 0.388177 178.251 -0.0156525 0.996889 -0.0772501 -15.2034 -0.388175 -0.0772582 -0.918341 14.71 
-0.917045 0.016743 0.398432 178.764 -0.0150284 0.996957 -0.0764842 -15.3085 -0.3985 -0.0761273 -0.914003 13.569 
-0.911765 0.0191445 0.410266 179.282 -0.0139483 0.996893 -0.0775169 -15.4216 -0.410476 -0.0763997 -0.908665 12.4272 
-0.90571 0.0211292 0.42337 179.833 -0.0137314 0.99677 -0.0791215 -15.5275 -0.423674 -0.0774746 -0.902495 11.2689 
-0.899178 0.0233888 0.436957 180.394 -0.0125989 0.996773 -0.0792802 -15.6358 -0.437401 -0.0767922 -0.895982 10.1234 
-0.893156 0.0215545 0.449231 180.975 -0.0145965 0.996935 -0.0768545 -15.7478 -0.449511 -0.0752002 -0.890104 9.0405 
-0.886415 0.0240706 0.462264 181.57 -0.0132492 0.996918 -0.0773166 -15.8594 -0.462701 -0.0746592 -0.883365 7.92582 
-0.879449 0.0264091 0.47526 182.186 -0.0113587 0.997011 -0.0764205 -15.9696 -0.475858 -0.0726062 -0.87652 6.81498 
-0.871692 0.0279076 0.489259 182.811 -0.00979775 0.997185 -0.0743362 -16.0772 -0.489957 -0.0695919 -0.868965 5.71072 
-0.8638 0.0290712 0.502996 183.445 -0.00791838 0.997427 -0.0712458 -16.1857 -0.503773 -0.065525 -0.861347 4.638 
-0.855544 0.0315458 0.516769 184.101 -0.00524937 0.997562 -0.0695863 -16.2922 -0.517704 -0.0622468 -0.853292 3.57017 
-0.846317 0.0350167 0.531527 184.783 -0.00136278 0.997691 -0.0678972 -16.3934 -0.532678 -0.0581869 -0.844315 2.50608 
-0.834932 0.0378949 0.549046 185.464 0.0010131 0.997731 -0.0673223 -16.4838 -0.550351 -0.0556533 -0.833076 1.4488 
-0.823829 0.0408305 0.565365 186.177 0.00405342 0.997801 -0.0661545 -16.5819 -0.566823 -0.0522083 -0.822184 0.425149 
-0.812493 0.0423571 0.58143 186.916 0.00527295 0.99785 -0.0653248 -16.6792 -0.582947 -0.0500101 -0.81097 -0.581504 
-0.80132 0.0438585 0.596626 187.664 0.00469152 0.997739 -0.0670436 -16.7592 -0.598218 -0.0509242 -0.799714 -1.54082 
-0.788209 0.0466242 0.613639 188.43 0.00782022 0.997804 -0.0657681 -16.8594 -0.615358 -0.0470402 -0.786843 -2.51015 
-0.774194 0.0473996 0.631171 189.217 0.00932029 0.997938 -0.0635108 -16.952 -0.63288 -0.0432869 -0.773039 -3.46053 
-0.759068 0.0491717 0.649151 190.016 0.0116871 0.998012 -0.0619311 -17.0421 -0.650906 -0.0394232 -0.758134 -4.36644 
-0.742195 0.0519599 0.668167 190.835 0.013107 0.997925 -0.0630444 -17.129 -0.670056 -0.0380335 -0.741335 -5.27354 
-0.725331 0.0546294 0.686229 191.663 0.0133035 0.997772 -0.0653693 -17.2174 -0.688272 -0.0382852 -0.724442 -6.12394 
-0.707312 0.0553627 0.70473 192.507 0.0122015 0.997736 -0.0661348 -17.3076 -0.706796 -0.0381791 -0.706386 -6.96324 
-0.688264 0.0554439 0.723339 193.384 0.0108175 0.997749 -0.0661846 -17.3961 -0.72538 -0.0377277 -0.687314 -7.78077 
-0.668529 0.0546983 0.741672 194.263 0.00880005 0.997803 -0.0656559 -17.492 -0.743634 -0.0373661 -0.667542 -8.54712 
-0.647998 0.055215 0.759638 195.168 0.00676704 0.997747 -0.0667497 -17.582 -0.761612 -0.0381132 -0.646912 -9.29886 
-0.627684 0.0548976 0.77653 196.093 0.00362071 0.997705 -0.0676072 -17.6665 -0.77846 -0.0396243 -0.626442 -10.0207 
-0.606573 0.0548638 0.793132 197.016 0.00208948 0.997723 -0.0674182 -17.756 -0.795025 -0.0392368 -0.605307 -10.7132 
-0.583775 0.0547936 0.810064 197.981 0.00157583 0.997795 -0.0663563 -17.8441 -0.811914 -0.0374606 -0.582574 -11.3973 
-0.560517 0.0556738 0.826269 198.938 -0.000721349 0.997704 -0.0677145 -17.9256 -0.828142 -0.0385511 -0.55919 -12.0209 
-0.53482 0.0590559 0.842899 199.929 0.000628235 0.997582 -0.0694948 -18.0119 -0.844965 -0.0366377 -0.533564 -12.6421 
-0.5081 0.0600402 0.859203 200.939 -0.000872972 0.997531 -0.0702227 -18.0931 -0.861298 -0.0364302 -0.506793 -13.231 
-0.480611 0.058648 0.87497 201.968 -0.00236511 0.997671 -0.0681716 -18.1901 -0.876931 -0.0348334 -0.479353 -13.7869 
-0.452814 0.057267 0.889764 203.006 -0.00540891 0.99774 -0.0669693 -18.2701 -0.891588 -0.0351373 -0.451482 -14.2942 
-0.422719 0.0586975 0.904358 204.067 -0.00377648 0.997777 -0.0665262 -18.3548 -0.906253 -0.0315371 -0.421558 -14.7874 
-0.39168 0.061132 0.918069 205.14 -0.00405011 0.997666 -0.0681602 -18.4425 -0.920093 -0.0304152 -0.390518 -15.2385 
-0.359899 0.063233 0.930846 206.213 -0.00415284 0.997582 -0.0693721 -18.5284 -0.932982 -0.0288326 -0.358766 -15.6462 
-0.328109 0.0630794 0.942531 207.29 -0.00112528 0.997741 -0.0671662 -18.6246 -0.944639 -0.0230984 -0.327297 -16.0112 
-0.295564 0.0627629 0.953259 208.364 -0.000829601 0.997822 -0.0659543 -18.7146 -0.955323 -0.0202845 -0.294868 -16.341 
-0.261403 0.0620133 0.963236 209.498 -0.00037187 0.997927 -0.0643477 -18.8044 -0.96523 -0.0171789 -0.260838 -16.6539 
-0.226615 0.0598797 0.972142 210.635 -0.000745426 0.998097 -0.0616523 -18.8921 -0.973984 -0.014696 -0.22614 -16.9197 
-0.192315 0.0588675 0.979566 211.773 -0.00113747 0.998185 -0.0602098 -18.9756 -0.981333 -0.0126934 -0.191899 -17.132 
-0.15672 0.0585481 0.985906 212.931 -0.000405298 0.998237 -0.0593449 -19.0508 -0.987643 -0.00970011 -0.15642 -17.3075 
-0.121714 0.0581812 0.990858 214.073 -0.00054407 0.998276 -0.0586836 -19.1297 -0.992565 -0.0076817 -0.121472 -17.4394 
-0.0856824 0.0582797 0.994616 215.223 -0.000603235 0.998284 -0.0585467 -19.207 -0.996322 -0.0056164 -0.0855003 -17.5367 
-0.0505007 0.0588124 0.996991 216.357 -0.00203226 0.998256 -0.05899 -19.285 -0.998722 -0.00500518 -0.0502932 -17.5888 
-0.0159804 0.0578617 0.998197 217.491 -0.00263733 0.998318 -0.0579111 -19.3666 -0.999869 -0.00355801 -0.015801 -17.6038 
0.0178044 0.0568843 0.998222 218.648 -0.00406797 0.998376 -0.0568206 -19.4487 -0.999833 -0.00304909 0.0180068 -17.5798 
0.0507181 0.0573978 0.997062 219.794 -0.00560848 0.998348 -0.0571866 -19.5249 -0.998697 -0.00269161 0.0509562 -17.5092 
0.0831136 0.0576266 0.994872 220.923 -0.00591166 0.998337 -0.0573336 -19.6002 -0.996522 -0.00111615 0.0833161 -17.4026 
0.11497 0.0557465 0.991803 222.058 -0.00524295 0.998444 -0.0555121 -19.6717 -0.993355 0.00118226 0.115084 -17.2639 
0.145979 0.0545961 0.98778 223.209 -0.00415152 0.998501 -0.0545753 -19.7458 -0.989279 0.00386605 0.145987 -17.0869 
0.176199 0.0551503 0.982808 224.355 -0.00322101 0.998456 -0.055451 -19.8087 -0.984349 0.00660476 0.176104 -16.8748 
0.206413 0.0547847 0.97693 225.491 -0.00126993 0.998445 -0.0557231 -19.8826 -0.978464 0.0102613 0.206162 -16.6323 
0.23611 0.0545907 0.970192 226.614 7.31327e-05 0.99842 -0.0561969 -19.9533 -0.971726 0.0133396 0.235733 -16.3461 
0.266284 0.0527826 0.962448 227.753 0.00245286 0.998459 -0.0554362 -20.0275 -0.963891 0.0171225 0.265744 -16.0272 
0.296697 0.050703 0.953625 228.877 0.00501895 0.998493 -0.0546502 -20.1075 -0.954958 0.0210007 0.295995 -15.6771 
0.326254 0.0501731 0.94395 229.99 0.0077073 0.998416 -0.055732 -20.1814 -0.945251 0.0254581 0.32535 -15.2907 
0.354814 0.0500326 0.933597 231.076 0.00781034 0.998374 -0.0564725 -20.2506 -0.934904 0.027329 0.353847 -14.8711 
0.382756 0.0479418 0.922605 232.166 0.00855412 0.998426 -0.0554306 -20.3298 -0.92381 0.0291084 0.381743 -14.415 
0.410919 0.0467474 0.910472 233.237 0.00878419 0.998435 -0.0552284 -20.4079 -0.911629 0.0306921 0.409866 -13.931 
0.439277 0.0478084 0.897078 234.302 0.00972048 0.998271 -0.0579614 -20.4855 -0.898299 0.0341811 0.438053 -13.4049 
0.467033 0.0492502 0.882867 235.327 0.0105722 0.998065 -0.0612692 -20.5577 -0.884177 0.0379486 0.465609 -12.8594 
0.494059 0.0471567 0.868148 236.365 0.0120651 0.99806 -0.0610797 -20.6411 -0.869344 0.0406513 0.492532 -12.2614 
0.52048 0.043979 0.85274 237.371 0.0137788 0.99811 -0.0598865 -20.7195 -0.853762 0.0429195 0.518891 -11.6359 
0.545627 0.0419826 0.836976 238.369 0.0130802 0.998196 -0.0585965 -20.8022 -0.837926 0.0429196 0.544094 -10.9813 
0.568843 0.0423544 0.821355 239.356 0.011256 0.998179 -0.0592683 -20.8824 -0.822369 0.0429595 0.56733 -10.2973 
0.589749 0.0424071 0.806472 240.328 0.0097824 0.998172 -0.059641 -20.9615 -0.807527 0.0430624 0.588256 -9.57608 
0.609344 0.041139 0.791838 241.287 0.0091706 0.998221 -0.0589186 -21.0401 -0.792853 0.0431633 0.607883 -8.82964 
0.627558 0.0383217 0.777626 242.246 0.00918159 0.998354 -0.0566091 -21.1247 -0.778516 0.0426653 0.626173 -8.03976 
0.644846 0.034923 0.763514 243.172 0.0104758 0.998458 -0.054517 -21.2049 -0.764241 0.0431535 0.643485 -7.24965 
0.660964 0.0321337 0.74973 244.088 0.0116078 0.998525 -0.0530308 -21.2817 -0.750328 0.0437541 0.659616 -6.43202 
0.676511 0.0295876 0.735838 244.985 0.0135475 0.998523 -0.0526054 -21.3581 -0.736308 0.0455569 0.675111 -5.60013 
0.69148 0.0293849 0.721797 245.865 0.0131067 0.998497 -0.0532059 -21.4304 -0.722276 0.0462512 0.690056 -4.74267 
0.706546 0.0279056 0.707116 246.737 0.0139155 0.998481 -0.0533084 -21.5019 -0.70753 0.0475047 0.705085 -3.86364 
0.720889 0.0260108 0.692563 247.588 0.0131848 0.9986 -0.051229 -21.571 -0.692925 0.0460616 0.719536 -2.9638 
0.734991 0.0230588 0.677685 248.417 0.0138743 0.998701 -0.0490293 -21.6447 -0.677935 0.0454384 0.733716 -2.04083 
0.748687 0.0214091 0.662578 249.226 0.0142217 0.99873 -0.0483408 -21.7156 -0.662771 0.0456151 0.747431 -1.10494 
0.762215 0.0209484 0.646985 250.029 0.0151656 0.998624 -0.0502007 -21.7866 -0.647147 0.0480756 0.760848 -0.146919 
0.774804 0.0202987 0.631875 250.819 0.0153998 0.998582 -0.0509623 -21.8553 -0.632014 0.0492165 0.773393 0.829787 
0.786283 0.0193539 0.617563 251.591 0.0150496 0.998613 -0.0504571 -21.9298 -0.617683 0.0489676 0.784901 1.83594 
0.797035 0.0175795 0.603677 252.345 0.014917 0.998698 -0.0487778 -21.9959 -0.603749 0.0478826 0.795735 2.85867 
0.807347 0.0151125 0.589883 253.074 0.0162678 0.998722 -0.047852 -22.0656 -0.589852 0.0482292 0.80607 3.89135 
0.816963 0.0150936 0.576492 253.789 0.0159739 0.998681 -0.0487846 -22.1308 -0.576468 0.049064 0.815645 4.93402 
0.825839 0.0124086 0.563769 254.497 0.0196528 0.998517 -0.0507661 -22.2059 -0.563563 0.0530042 0.824371 5.99227 
0.833813 0.0105231 0.551947 255.182 0.0204532 0.998543 -0.049936 -22.2734 -0.551668 0.0529262 0.832383 7.06791 
0.841308 0.00733772 0.540507 255.86 0.0229128 0.998525 -0.04922 -22.3522 -0.54007 0.0537936 0.839899 8.15154 
0.84798 0.0059447 0.529995 256.533 0.0238477 0.998496 -0.0493557 -22.4227 -0.529492 0.0544917 0.846563 9.25135 
0.853219 0.00439488 0.521534 257.198 0.0245408 0.998519 -0.0485627 -22.4987 -0.520975 0.0542335 0.851847 10.3681 
0.857018 0.00349984 0.515274 257.856 0.0242473 0.998595 -0.0471117 -22.5667 -0.514715 0.0528695 0.85573 11.4902 
0.859658 0.00276922 0.510862 258.513 0.0239567 0.998667 -0.045727 -22.6399 -0.510308 0.0515481 0.858445 12.6245 
0.862292 0.00149694 0.506408 259.169 0.025078 0.998642 -0.045654 -22.707 -0.505789 0.0520667 0.861084 13.7712 
0.864358 0.000774618 0.502876 259.814 0.0252636 0.998669 -0.0449624 -22.7795 -0.502241 0.051568 0.863189 14.9279 
0.866368 -0.000935165 0.499405 260.461 0.0259747 0.998729 -0.0431909 -22.8465 -0.49873 0.0503911 0.865291 16.0793 
0.86832 -0.00344935 0.495993 261.094 0.0281519 0.998706 -0.0423395 -22.9247 -0.495205 0.0507273 0.867294 17.217 
0.87053 -0.00494703 0.49209 261.725 0.0297128 0.998653 -0.042524 -22.9913 -0.491217 0.0516398 0.869505 18.3679 
0.872642 -0.00556638 0.488328 262.37 0.0299484 0.998663 -0.0421343 -23.0631 -0.487441 0.0513927 0.871642 19.5376 
0.874609 -0.00550079 0.484798 262.998 0.0293531 0.998702 -0.0416234 -23.1369 -0.48394 0.0506345 0.873635 20.7063 
0.876517 -0.00686312 0.481322 263.637 0.0304367 0.998688 -0.0411871 -23.2048 -0.480407 0.050751 0.875576 21.8967 
0.878584 -0.00616974 0.477547 264.265 0.0293945 0.998719 -0.0411766 -23.2716 -0.476682 0.0502144 0.87764 23.0814 
