1 2.12261e-08 -2.11895e-08 0 2.12261e-08 1 2.10703e-08 0 -2.11895e-08 2.10703e-08 1 0 
1 -0.000768595 8.34524e-05 -0.0317795 0.000768504 0.999998 0.00157985 -0.0233793 -8.47089e-05 -0.00157974 0.999999 1.33839 
0.999999 -0.00173143 -0.000286363 -0.0546689 0.00173196 0.999997 0.0016853 -0.0426005 0.000283401 -0.00168575 0.999999 2.68011 
0.999995 -0.00321863 -0.0002119 -0.0814032 0.00321878 0.999995 0.000504262 -0.0552956 0.000210234 -0.000504899 1 4.03034 
0.999994 -0.00355455 -0.000188549 -0.104538 0.00355469 0.999994 0.000540598 -0.0718696 0.000186584 -0.000541222 1 5.36732 
0.99999 -0.00439661 -0.000337905 -0.126762 0.00439707 0.99999 0.00123755 -0.0845868 0.000332418 -0.00123898 0.999999 6.70863 
0.999985 -0.00553499 0.000445038 -0.15515 0.00553386 0.999981 0.00259791 -0.108277 -0.000459451 -0.00259536 0.999997 8.0251 
0.999988 -0.00482082 0.00114987 -0.206435 0.00481769 0.999985 0.00274698 -0.12316 -0.00116314 -0.00274137 0.999996 9.37517 
0.999991 -0.00419501 0.000541993 -0.225446 0.00419461 0.999991 0.000824693 -0.137816 -0.00054549 -0.00082237 1 10.743 
0.999999 -0.00112636 0.000411494 -0.243172 0.00112712 0.999998 -0.00174494 -0.152977 -0.00040957 0.00174545 0.999998 12.1106 
0.999997 0.00227612 0.000818897 -0.276754 -0.00227398 0.999994 -0.00254949 -0.176716 -0.000824738 0.00254766 0.999996 13.4515 
0.999988 0.00471351 0.00144785 -0.311405 -0.00470957 0.999985 -0.00268357 -0.200054 -0.00146052 0.00267676 0.999995 14.8103 
0.999982 0.00575662 0.00158635 -0.331109 -0.00575322 0.999981 -0.00210999 -0.21944 -0.00159851 0.00210087 0.999997 16.1758 
0.999991 0.00372991 0.00206829 -0.347342 -0.00373051 0.999993 0.000308935 -0.236256 -0.00206717 -0.000316606 0.999998 17.547 
0.999997 -0.00050275 0.00256131 -0.372776 0.000497694 0.999998 0.00199065 -0.257146 -0.00256234 -0.00198932 0.999995 18.9347 
0.999993 -0.00272085 0.00258453 -0.393107 0.00272203 0.999996 -0.0004398 -0.277672 -0.00258337 0.000446874 0.999997 20.2853 
0.99999 -0.00355957 0.0028965 -0.418404 0.00356596 0.999991 -0.00218876 -0.302474 -0.00288873 0.00219911 0.999993 21.638 
0.999991 -0.000946118 0.00422707 -0.450046 0.000962872 0.999992 -0.00395305 -0.32535 -0.00422333 0.00395713 0.999983 23.0017 
0.999987 0.00187645 0.004776 -0.464871 -0.00186566 0.999996 -0.00225264 -0.342962 -0.00478025 0.00224374 0.999986 24.3921 
0.999986 0.00209169 0.00497011 -0.47173 -0.00209834 0.999997 0.00134265 -0.368907 -0.00496733 -0.00135302 0.999987 25.7912 
0.999986 -0.000105296 0.0053255 -0.483634 8.77663e-05 0.999995 0.00329972 -0.387517 -0.00532586 -0.00329916 0.99998 27.1733 
0.999979 -0.00404396 0.00504539 -0.508518 0.00403585 0.999991 0.00162464 -0.407799 -0.00505196 -0.0016042 0.999986 28.542 
0.999978 -0.00428811 0.00501103 -0.523093 0.0042916 0.999991 -0.000677503 -0.431333 -0.00500812 0.000699036 0.999987 29.9237 
0.99997 -0.00465524 0.00619941 -0.545978 0.00467458 0.999984 -0.00310083 -0.457362 -0.00618492 0.00312976 0.999976 31.3063 
0.999976 -0.00145044 0.00674813 -0.568395 0.00147584 0.999992 -0.00375354 -0.487683 -0.00674267 0.00376346 0.99997 32.6963 
0.999972 -0.000737225 0.00741782 -0.59178 0.000779692 0.999983 -0.00571784 -0.515479 -0.00741353 0.00572351 0.999956 34.0816 
0.999973 -0.000118865 0.00739791 -0.606066 0.000155707 0.999988 -0.0049739 -0.544897 -0.00739727 0.00497496 0.99996 35.4991 
0.999973 -0.000291977 0.00734906 -0.630128 0.000318756 0.999993 -0.00363716 -0.5753 -0.00734799 0.00363945 0.999966 36.9168 
0.999972 0.00148548 0.00734875 -0.652861 -0.00146731 0.999996 -0.00247234 -0.601306 -0.00735243 0.00246153 0.99997 38.3104 
0.99996 0.00464612 0.00764592 -0.671318 -0.00462921 0.999987 -0.00222184 -0.625364 -0.00765618 0.0021864 0.999968 39.7276 
0.999944 0.00689443 0.00799575 -0.688737 -0.00687253 0.999973 -0.00275864 -0.646398 -0.0080146 0.00270357 0.999964 41.1464 
0.999918 0.00943821 0.00862605 -0.715082 -0.0094171 0.999953 -0.00248009 -0.67101 -0.00864909 0.0023987 0.99996 42.5693 
0.999911 0.0102644 0.00847741 -0.736239 -0.0102437 0.999945 -0.00247537 -0.694537 -0.00850239 0.00238835 0.999961 43.9907 
0.99992 0.00933034 0.00849729 -0.755852 -0.00930882 0.999953 -0.00256387 -0.721741 -0.00852086 0.00248461 0.999961 45.3927 
0.999934 0.00797427 0.00822123 -0.767779 -0.0079531 0.999965 -0.00259821 -0.749771 -0.0082417 0.0025327 0.999963 46.8299 
0.999943 0.00748853 0.00762791 -0.782408 -0.00746894 0.999969 -0.00258784 -0.771835 -0.00764709 0.00253077 0.999968 48.266 
0.99995 0.00717703 0.00699591 -0.80325 -0.00716928 0.999974 -0.00112509 -0.804189 -0.00700384 0.00107492 0.999975 49.6905 
0.999956 0.00704287 0.00614745 -0.828476 -0.00703527 0.999975 -0.00125045 -0.831516 -0.00615614 0.00120719 0.99998 51.1137 
0.999966 0.00660235 0.00492858 -0.84915 -0.00659982 0.999978 -0.000520774 -0.864202 -0.00493195 0.00048827 0.999988 52.5412 
0.999971 0.00629153 0.00439852 -0.88062 -0.00629287 0.99998 0.000302363 -0.887168 -0.00439657 -0.000329992 0.99999 53.98 
0.99998 0.00469757 0.00424001 -0.911354 -0.00470225 0.999988 0.00110392 -0.907372 -0.00423482 -0.0011238 0.99999 55.4028 
0.999986 0.00350439 0.00390155 -0.932106 -0.00350961 0.999993 0.0013428 -0.930639 -0.00389686 -0.00135643 0.999992 56.8414 
0.999993 0.00114875 0.00343603 -0.950759 -0.00115061 0.999999 0.000551245 -0.950609 -0.00343544 -0.000555152 0.999994 58.279 
0.999993 8.00786e-05 0.00366055 -0.973765 -8.43626e-05 0.999999 0.00118179 -0.979529 -0.00366049 -0.00118205 0.999993 59.7139 
0.99999 -0.00184284 0.0040389 -0.994123 0.00183468 0.999996 0.00203379 -1.00442 -0.00404268 -0.00202631 0.99999 61.1486 
0.999985 -0.00260898 0.00474218 -1.01496 0.00259687 0.999993 0.0025688 -1.02635 -0.00474889 -0.00255641 0.999985 62.5826 
0.999979 -0.00370146 0.0053785 -1.03274 0.00369032 0.999991 0.00208763 -1.05025 -0.00538622 -0.0020677 0.999983 64.007 
0.999968 -0.00539296 0.00583193 -1.04555 0.0053857 0.999985 0.00126734 -1.07738 -0.00583872 -0.00123585 0.999982 65.4157 
0.999965 -0.00536395 0.00639841 -1.06047 0.00535733 0.999985 0.001058 -1.10501 -0.00640403 -0.00102364 0.999979 66.8462 
0.999966 -0.00347945 0.00745342 -1.07902 0.00347462 0.999994 0.000665744 -1.1299 -0.00745573 -0.000639781 0.999972 68.2805 
0.999967 7.95386e-05 0.00815918 -1.10188 -9.4717e-05 0.999998 0.00186514 -1.1559 -0.00815906 -0.00186581 0.999965 69.7067 
0.999958 0.00299229 0.00865099 -1.11512 -0.00302111 0.99999 0.0033252 -1.18153 -0.008641 -0.00335116 0.999957 71.1398 
0.999923 0.00775634 0.00964164 -1.13816 -0.00779112 0.999963 0.0035792 -1.20281 -0.00961356 -0.003654 0.999947 72.5619 
0.999872 0.012223 0.0103372 -1.16533 -0.0122568 0.99992 0.00321348 -1.22791 -0.0102971 -0.00333973 0.999941 73.9701 
0.999835 0.0147444 0.0106227 -1.17983 -0.0147739 0.999887 0.00271254 -1.25636 -0.0105816 -0.00286899 0.99994 75.3865 
0.99979 0.0170288 0.0113831 -1.19678 -0.0170581 0.999851 0.00248621 -1.27642 -0.0113391 -0.00267982 0.999932 76.802 
0.999783 0.0172726 0.0116668 -1.2075 -0.0173047 0.999847 0.00266745 -1.2949 -0.0116189 -0.00286872 0.999928 78.2089 
0.999802 0.0160506 0.0117248 -1.21732 -0.0160819 0.999867 0.00258428 -1.3139 -0.0116818 -0.00277229 0.999928 79.6095 
0.999823 0.0146619 0.011783 -1.2309 -0.0146841 0.999891 0.00180666 -1.3423 -0.0117553 -0.00197932 0.999929 80.9848 
0.999833 0.014169 0.0115161 -1.23278 -0.014191 0.999898 0.00183703 -1.3673 -0.0114889 -0.0020001 0.999932 82.3897 
0.999824 0.0147736 0.0115304 -1.25556 -0.0147947 0.999889 0.00174638 -1.38403 -0.0115033 -0.00191662 0.999932 83.7672 
0.999834 0.0145136 0.010991 -1.26406 -0.0145268 0.999894 0.00112738 -1.40203 -0.0109735 -0.00128681 0.999939 85.154 
0.99984 0.0146506 0.0102836 -1.27707 -0.0146665 0.999891 0.00148484 -1.42835 -0.0102607 -0.00163538 0.999946 86.5548 
0.999855 0.0141662 0.00941152 -1.29869 -0.0141844 0.999898 0.00187558 -1.44238 -0.00938403 -0.00200876 0.999954 87.9652 
0.999896 0.0117798 0.00838368 -1.31312 -0.011807 0.999925 0.00319859 -1.47263 -0.00834542 -0.0032972 0.99996 89.3367 
0.999929 0.00977766 0.00684561 -1.32334 -0.00980148 0.999946 0.00345959 -1.48621 -0.00681145 -0.0035264 0.999971 90.7351 
0.999949 0.00796978 0.00613926 -1.33863 -0.00799137 0.999962 0.00350791 -1.50786 -0.00611111 -0.00355675 0.999975 92.1263 
0.999962 0.00668552 0.00565431 -1.35012 -0.00670283 0.999973 0.00305469 -1.52511 -0.00563378 -0.00309243 0.999979 93.531 
0.999967 0.00592133 0.00556422 -1.3712 -0.0059346 0.99998 0.00237795 -1.54262 -0.00555007 -0.00241085 0.999982 94.9212 
0.999966 0.00622305 0.00542566 -1.3881 -0.00623366 0.999979 0.00194725 -1.56819 -0.00541347 -0.00198097 0.999983 96.2789 
0.999967 0.00616521 0.00538639 -1.40943 -0.00617132 0.99998 0.0011271 -1.58561 -0.00537937 -0.00116026 0.999985 97.6613 
0.999963 0.00658254 0.00559943 -1.431 -0.00658619 0.999978 0.000640504 -1.61279 -0.00559514 -0.000677317 0.999984 99.0555 
0.999951 0.00783904 0.00609495 -1.45449 -0.00784453 0.999969 0.000883871 -1.63381 -0.00608787 -0.000931597 0.999981 100.415 
0.999945 0.00836414 0.00638234 -1.47508 -0.00838138 0.999961 0.0026847 -1.66203 -0.00635968 -0.002738 0.999976 101.778 
0.999933 0.00941525 0.00677432 -1.50596 -0.00944149 0.999948 0.00385721 -1.68348 -0.00673769 -0.00392087 0.99997 103.14 
0.999943 0.00808792 0.00696845 -1.52169 -0.00810693 0.999964 0.00271025 -1.70858 -0.00694632 -0.00276654 0.999972 104.493 
0.999936 0.00870154 0.00721574 -1.53773 -0.00870219 0.999962 6.47971e-05 -1.72661 -0.00721495 -0.000127544 0.999974 105.866 
0.999945 0.0075766 0.00726977 -1.55278 -0.00756943 0.999971 -0.00100658 -1.75191 -0.00727723 0.000951538 0.999973 107.217 
0.999953 0.00561878 0.00790985 -1.56946 -0.00561932 0.999984 5.08978e-05 -1.77266 -0.00790948 -9.53015e-05 0.999969 108.566 
0.999959 0.00336167 0.00843388 -1.57669 -0.00337716 0.999993 0.00182773 -1.78967 -0.00842771 -0.0018561 0.999963 109.925 
0.999952 0.00199757 0.00961247 -1.59549 -0.00201996 0.999995 0.00232474 -1.81128 -0.00960783 -0.002344 0.999951 111.263 
0.999944 0.000991758 0.010514 -1.60361 -0.00100073 0.999999 0.000851753 -1.83171 -0.0105132 -0.000862185 0.999944 112.604 
0.999935 0.00297044 0.0110137 -1.60326 -0.00295337 0.999994 -0.00156268 -1.8559 -0.0110183 0.00153009 0.999938 113.956 
0.999908 0.00580216 0.0122863 -1.61158 -0.00575292 0.999975 -0.00403547 -1.87436 -0.0123095 0.00396445 0.999916 115.295 
0.999864 0.00878141 0.0139771 -1.63158 -0.00872873 0.999955 -0.0038221 -1.90549 -0.0140101 0.00369962 0.999895 116.631 
0.999829 0.0100401 0.0155027 -1.63386 -0.0100085 0.999948 -0.00211012 -1.92572 -0.0155231 0.00195464 0.999878 118.011 
0.99981 0.0102263 0.0165969 -1.63747 -0.0102225 0.999948 -0.000310367 -1.94648 -0.0165992 0.000140688 0.999862 119.373 
0.999802 0.00935116 0.0175654 -1.64409 -0.00935992 0.999956 0.000419393 -1.97667 -0.0175608 -0.00058368 0.999846 120.728 
0.999771 0.0100195 0.0189103 -1.64701 -0.0100157 0.99995 -0.000289194 -1.99807 -0.0189123 9.97684e-05 0.999821 122.06 
0.99974 0.0114947 0.0196878 -1.64256 -0.0114814 0.999934 -0.000787467 -2.01798 -0.0196956 0.000561261 0.999806 123.428 
0.999682 0.0137138 0.0211726 -1.6487 -0.0136908 0.999906 -0.00123195 -2.03834 -0.0211876 0.00094173 0.999775 124.778 
0.999638 0.0145029 0.0226815 -1.64765 -0.0144462 0.999892 -0.0026584 -2.05924 -0.0227176 0.00232981 0.999739 126.134 
0.999601 0.0157449 0.0234404 -1.63833 -0.0156645 0.999871 -0.00360853 -2.08159 -0.0234942 0.00323995 0.999719 127.521 
0.999573 0.0155126 0.0247692 -1.63285 -0.0154193 0.999873 -0.00395111 -2.10756 -0.0248274 0.00356754 0.999685 128.87 
0.999554 0.0148284 0.0259291 -1.63333 -0.0147628 0.999887 -0.00271814 -2.13338 -0.0259665 0.00233418 0.99966 130.239 
0.99954 0.013579 0.0271352 -1.62567 -0.0135245 0.999906 -0.00218992 -2.15288 -0.0271624 0.00182197 0.999629 131.597 
0.999535 0.0131593 0.0275123 -1.6207 -0.0130965 0.999911 -0.00246001 -2.16859 -0.0275422 0.00209859 0.999618 132.97 
0.999557 0.0108447 0.0277253 -1.61456 -0.0107951 0.99994 -0.00193764 -2.1996 -0.0277447 0.00163753 0.999614 134.318 
0.999579 0.00906425 0.0275806 -1.6001 -0.0090354 0.999959 -0.00116869 -2.2257 -0.0275901 0.000919032 0.999619 135.671 
0.999598 0.00743 0.0273581 -1.59168 -0.00739668 0.999972 -0.00131741 -2.25162 -0.0273671 0.00111456 0.999625 137.033 
0.999631 0.00609935 0.0264766 -1.58667 -0.00606766 0.999981 -0.00127574 -2.27874 -0.0264839 0.00111466 0.999649 138.393 
0.999659 0.00491196 0.0256628 -1.57908 -0.00489932 0.999988 -0.000553405 -2.30186 -0.0256653 0.000427527 0.999671 139.741 
0.999687 0.00371331 0.0247292 -1.5702 -0.00370396 0.999993 -0.000422097 -2.32841 -0.0247306 0.000330411 0.999694 141.088 
0.999714 0.00334738 0.023673 -1.56777 -0.00334083 0.999994 -0.000314078 -2.3561 -0.023674 0.000234942 0.99972 142.42 
0.999736 0.00302653 0.022792 -1.56916 -0.00301294 0.999995 -0.000628868 -2.38456 -0.0227938 0.000560072 0.99974 143.774 
0.999748 0.00279806 0.0222807 -1.57017 -0.00278282 0.999996 -0.000712775 -2.41099 -0.0222826 0.000650634 0.999752 145.118 
0.999767 0.000575471 0.0215933 -1.56725 -0.000514638 0.999996 -0.00282065 -2.43782 -0.0215949 0.00280892 0.999763 146.469 
0.999781 -0.00498778 0.0203501 -1.55868 0.00504707 0.999983 -0.00286078 -2.46844 -0.0203355 0.00296291 0.999789 147.794 
0.999732 -0.0123604 0.019583 -1.55065 0.0123713 0.999923 -0.000436804 -2.4931 -0.0195761 0.000678996 0.999808 149.13 
0.99966 -0.0191134 0.0177141 -1.53658 0.019099 0.999817 0.000984667 -2.51291 -0.0177297 -0.00064597 0.999843 150.493 
0.999609 -0.0223174 0.0168481 -1.53197 0.0223567 0.999748 -0.00214291 -2.53927 -0.016796 0.00251878 0.999856 151.837 
0.999625 -0.021338 0.0171748 -1.53112 0.0214364 0.999755 -0.00556065 -2.56247 -0.017052 0.00592678 0.999837 153.204 
0.999678 -0.0178384 0.0180487 -1.53445 0.0179795 0.999809 -0.00768797 -2.59293 -0.0179082 0.00801005 0.999808 154.564 
0.999662 -0.0178847 0.0188506 -1.53373 0.0180352 0.999807 -0.0078434 -2.62506 -0.0187067 0.00818077 0.999792 155.923 
0.999586 -0.0210566 0.0195931 -1.52208 0.0211442 0.999767 -0.00427064 -2.65713 -0.0194987 0.0046832 0.999799 157.306 
0.999462 -0.0262209 0.0196854 -1.49929 0.026257 0.999654 -0.00157786 -2.68127 -0.0196372 0.00209394 0.999805 158.679 
0.999363 -0.0295637 0.0199828 -1.49335 0.0295788 0.999562 -0.000458835 -2.70347 -0.0199605 0.00104965 0.9998 160.032 
0.999306 -0.0312003 0.0203557 -1.48699 0.0312133 0.999513 -0.000320897 -2.7307 -0.0203358 0.000956086 0.999793 161.391 
0.999337 -0.029425 0.0214641 -1.48486 0.0294218 0.999567 0.000466117 -2.7578 -0.0214685 0.000165745 0.99977 162.744 
0.999431 -0.0249611 0.0226806 -1.48266 0.0249838 0.999688 -0.000713387 -2.77955 -0.0226558 0.00127967 0.999743 164.106 
0.999482 -0.0215502 0.0238958 -1.48494 0.0216176 0.999763 -0.00256714 -2.81211 -0.0238349 0.00308243 0.999711 165.462 
0.999516 -0.0189423 0.0246588 -1.47885 0.0190223 0.999815 -0.00300895 -2.83834 -0.0245973 0.00347661 0.999691 166.827 
0.999532 -0.0170057 0.025447 -1.47933 0.017062 0.999852 -0.0019946 -2.86546 -0.0254094 0.00242788 0.999674 168.194 
0.999566 -0.0153723 0.0251152 -1.46725 0.0154314 0.999879 -0.00215967 -2.89434 -0.025079 0.00254634 0.999682 169.571 
0.99961 -0.0131121 0.0246512 -1.45968 0.0132314 0.999902 -0.00468119 -2.92286 -0.0245874 0.00500558 0.999685 170.933 
0.999661 -0.00899443 0.024447 -1.45929 0.00917753 0.999931 -0.00738624 -2.954 -0.0243789 0.00760813 0.999674 172.289 
0.999703 -0.00343186 0.0241432 -1.45343 0.00364467 0.999955 -0.00877408 -2.98613 -0.0241121 0.00885951 0.99967 173.662 
0.999692 0.00120238 0.0247913 -1.45676 -0.00101293 0.99997 -0.00765147 -3.02372 -0.0247998 0.00762404 0.999663 175.053 
0.999655 0.00484936 0.025823 -1.46001 -0.00469643 0.999971 -0.00597828 -3.05149 -0.0258513 0.00585498 0.999649 176.445 
0.999654 0.00501986 0.025834 -1.44886 -0.00492015 0.99998 -0.00392026 -3.08014 -0.0258532 0.00379183 0.999659 177.836 
0.999679 0.00223304 0.0252493 -1.44049 -0.00214987 0.999992 -0.00331878 -3.10674 -0.0252566 0.00326348 0.999676 179.224 
0.99972 6.66905e-05 0.023665 -1.43644 1.04328e-05 0.999995 -0.00325701 -3.13391 -0.0236651 0.00325638 0.999715 180.609 
0.999768 0.000184597 0.0215375 -1.42339 -2.44424e-05 0.999972 -0.00743408 -3.16397 -0.0215384 0.00743187 0.99974 182.005 
0.99979 0.0022117 0.0203798 -1.42305 -0.00197763 0.999932 -0.0114963 -3.20038 -0.0204038 0.0114537 0.999726 183.397 
0.999782 0.00658218 0.0198165 -1.42832 -0.00634817 0.99991 -0.0118462 -3.24368 -0.0198927 0.0117179 0.999733 184.801 
0.99975 0.00986271 0.0200862 -1.43895 -0.0096476 0.999895 -0.0107761 -3.27952 -0.0201905 0.0105797 0.99974 186.231 
0.999715 0.0117696 0.020759 -1.44497 -0.0116185 0.999905 -0.00737915 -3.31175 -0.020844 0.0071359 0.999757 187.642 
0.99971 0.0121929 0.0207591 -1.44055 -0.0120773 0.999911 -0.0056802 -3.33248 -0.0208266 0.00542788 0.999768 189.136 
0.999709 0.011788 0.0210255 -1.44132 -0.0116901 0.99992 -0.00477052 -3.36272 -0.0210801 0.00452339 0.999768 190.582 
0.999736 0.0090434 0.0211275 -1.43494 -0.00895996 0.999952 -0.0040384 -3.38573 -0.021163 0.00384807 0.999769 192.03 
0.999756 0.00644213 0.0211176 -1.4284 -0.00636902 0.999974 -0.00352555 -3.41384 -0.0211398 0.00339023 0.999771 193.469 
0.99977 0.00388458 0.0211001 -1.42147 -0.00381216 0.999987 -0.00346947 -3.44 -0.0211133 0.00338827 0.999771 194.902 
0.999769 0.000345378 0.0214759 -1.41267 -0.000298463 0.999998 -0.00218569 -3.4694 -0.0214767 0.00217882 0.999767 196.341 
0.99975 -0.00363143 0.0220648 -1.40739 0.00364715 0.999993 -0.000670304 -3.49353 -0.0220623 0.000750652 0.999756 197.776 
0.99973 -0.00613841 0.0223939 -1.39302 0.00615749 0.999981 -0.00078114 -3.51638 -0.0223887 0.000918861 0.999749 199.234 
0.999732 -0.00411269 0.0227634 -1.38536 0.00423184 0.999978 -0.00518682 -3.54158 -0.0227416 0.00528181 0.999727 200.677 
0.999725 0.00363978 0.0231552 -1.38473 -0.00340162 0.999941 -0.0103147 -3.57181 -0.0231915 0.0102332 0.999679 202.106 
0.999624 0.012336 0.0244941 -1.3924 -0.0120894 0.999875 -0.0101872 -3.60881 -0.0246167 0.00988732 0.999648 203.536 
0.999468 0.020025 0.0257342 -1.40081 -0.0198568 0.99978 -0.00677323 -3.64177 -0.0258642 0.00625866 0.999646 204.996 
0.999424 0.020979 0.0266908 -1.39657 -0.020867 0.999772 -0.00446404 -3.67303 -0.0267784 0.00390455 0.999634 206.462 
0.999474 0.0189143 0.0263302 -1.38336 -0.018816 0.999815 -0.00397585 -3.69882 -0.0264006 0.00347837 0.999645 207.914 
0.999562 0.0155415 0.0251857 -1.37061 -0.0154442 0.999873 -0.00405171 -3.72727 -0.0252455 0.00366101 0.999675 209.374 
0.999614 0.0135277 0.0242719 -1.35957 -0.0134249 0.9999 -0.00439085 -3.75934 -0.0243289 0.00406335 0.999696 210.842 
0.999611 0.0142243 0.0239824 -1.35571 -0.0141081 0.999888 -0.0050076 -3.78843 -0.024051 0.00466735 0.9997 212.311 
0.999592 0.0155753 0.0239396 -1.34706 -0.0154651 0.999869 -0.0047789 -3.81734 -0.024011 0.00440676 0.999702 213.786 
0.999568 0.0169187 0.0240157 -1.34272 -0.0168321 0.999851 -0.0037987 -3.84943 -0.0240764 0.00339287 0.999704 215.27 
0.999586 0.0160387 0.023894 -1.33511 -0.0159376 0.999863 -0.00441193 -3.87935 -0.0239615 0.00402934 0.999705 216.744 
0.99959 0.0159796 0.0237665 -1.33199 -0.0158589 0.99986 -0.00525444 -3.91087 -0.0238471 0.00487541 0.999704 218.215 
0.999598 0.0155064 0.0237313 -1.32741 -0.0153786 0.999866 -0.0055547 -3.94239 -0.0238143 0.00518756 0.999703 219.688 
0.999603 0.0158462 0.0233051 -1.31889 -0.0157133 0.999859 -0.00587082 -3.97031 -0.0233948 0.00550233 0.999711 221.175 
0.999582 0.0163326 0.0238585 -1.32499 -0.0161963 0.999851 -0.00589617 -4.00612 -0.0239513 0.00550733 0.999698 222.661 
0.999582 0.0164427 0.0237844 -1.31922 -0.016302 0.999849 -0.00609733 -4.03849 -0.0238811 0.00570709 0.999699 224.146 
0.999573 0.0177792 0.0231798 -1.31798 -0.0176385 0.999825 -0.00625944 -4.07361 -0.0232871 0.00584795 0.999712 225.625 
0.999576 0.0176976 0.0231369 -1.31821 -0.017559 0.999827 -0.00618143 -4.1073 -0.0232424 0.00577259 0.999713 227.107 
0.999569 0.0182128 0.0230148 -1.32228 -0.0180779 0.999818 -0.00605256 -4.14497 -0.0231209 0.00563394 0.999717 228.602 
0.999593 0.01707 0.0228784 -1.31307 -0.0169334 0.999838 -0.00614563 -4.17604 -0.0229796 0.00575576 0.999719 230.11 
0.999598 0.0160436 0.0233841 -1.30791 -0.0158979 0.999853 -0.00639986 -4.20599 -0.0234834 0.00602556 0.999706 231.62 
0.99961 0.0149338 0.0236051 -1.30206 -0.0147963 0.999873 -0.00598902 -4.24358 -0.0236916 0.00563746 0.999703 233.127 
0.999624 0.0132515 0.0240133 -1.29798 -0.0131288 0.9999 -0.00525769 -4.27674 -0.0240806 0.00494049 0.999698 234.65 
0.999625 0.0134162 0.0238935 -1.2921 -0.0133026 0.9999 -0.00490448 -4.31104 -0.0239569 0.00458483 0.999703 236.177 
0.99961 0.0140041 0.0241729 -1.28755 -0.013874 0.999888 -0.00553747 -4.3389 -0.0242478 0.00519997 0.999692 237.7 
0.999582 0.0149845 0.0247206 -1.28587 -0.0148361 0.999871 -0.00617335 -4.37135 -0.02481 0.00580405 0.999675 239.22 
0.999557 0.0158818 0.0251846 -1.27958 -0.0157484 0.999861 -0.00548697 -4.40568 -0.0252683 0.00508797 0.999668 240.729 
0.999535 0.0164149 0.0257051 -1.26861 -0.0163316 0.999861 -0.00344721 -4.44167 -0.0257582 0.00302584 0.999664 242.243 
0.999508 0.0168637 0.0264543 -1.26146 -0.0167807 0.999854 -0.00335327 -4.46248 -0.026507 0.00290774 0.999644 243.757 
0.999484 0.0171266 0.0271626 -1.25444 -0.0169925 0.999842 -0.00515646 -4.49121 -0.0272467 0.00469228 0.999618 245.29 
0.999452 0.0179084 0.0278422 -1.24305 -0.0177221 0.999819 -0.00692164 -4.51713 -0.0279611 0.00642446 0.999588 246.834 
0.999418 0.0188126 0.0284519 -1.23038 -0.0186392 0.999806 -0.00634548 -4.55306 -0.0285658 0.00581151 0.999575 248.368 
0.999421 0.018629 0.0284672 -1.21481 -0.0184806 0.999814 -0.00546862 -4.58703 -0.0285639 0.0049394 0.99958 249.901 
0.999431 0.0184711 0.0282086 -1.19925 -0.0183412 0.99982 -0.00485627 -4.62199 -0.0282933 0.00433617 0.99959 251.446 
0.999425 0.0191978 0.0279479 -1.1834 -0.0190605 0.999805 -0.00516673 -4.64808 -0.0280417 0.0046311 0.999596 252.999 
0.999388 0.0207344 0.0281629 -1.16529 -0.0206041 0.999776 -0.00490585 -4.68062 -0.0282584 0.00432261 0.999591 254.549 
0.999352 0.0221228 0.0283815 -1.15029 -0.0219848 0.999745 -0.00516481 -4.70823 -0.0284886 0.00453754 0.999584 256.117 
0.999321 0.0230628 0.0287487 -1.13946 -0.0229317 0.999725 -0.00488182 -4.7412 -0.0288534 0.00421929 0.999575 257.674 
0.999352 0.02176 0.028682 -1.11626 -0.0216182 0.999753 -0.00524174 -4.76669 -0.028789 0.00461833 0.999575 259.229 
0.999383 0.0201158 0.0287834 -1.10473 -0.0199878 0.999789 -0.00472694 -4.79404 -0.0288725 0.00414875 0.999575 260.777 
0.999424 0.0179626 0.0287881 -1.08648 -0.0178558 0.999833 -0.00396129 -4.82919 -0.0288545 0.00344502 0.999578 262.312 
0.999459 0.0166283 0.0283891 -1.06679 -0.0165036 0.999853 -0.00461797 -4.86477 -0.0284617 0.00414699 0.999586 263.864 
0.999483 0.0153585 0.0282438 -1.04642 -0.0152034 0.999868 -0.00569359 -4.89888 -0.0283276 0.00526129 0.999585 265.436 
0.999482 0.0133165 0.0292976 -1.03625 -0.0132025 0.999905 -0.00408066 -4.93039 -0.0293492 0.00369178 0.999562 266.997 
0.999487 0.011399 0.0299333 -1.01906 -0.0113256 0.999932 -0.00262204 -4.95602 -0.0299612 0.00228173 0.999548 268.521 
0.999489 0.0103351 0.0302375 -1.00909 -0.0102311 0.999941 -0.0035912 -4.98456 -0.0302729 0.00328004 0.999536 270.062 
0.999473 0.00973705 0.0309601 -0.992315 -0.00959577 0.999943 -0.00470748 -5.01243 -0.0310042 0.00440795 0.99951 271.602 
0.999447 0.0107384 0.0314746 -0.969572 -0.0105867 0.999932 -0.0049818 -5.04777 -0.031526 0.00464587 0.999492 273.17 
0.999401 0.0123979 0.0323039 -0.946876 -0.0122425 0.999913 -0.00500318 -5.08283 -0.0323632 0.00460474 0.999466 274.727 
0.99934 0.0143218 0.0333936 -0.937322 -0.0141451 0.999885 -0.00551986 -5.11853 -0.0334689 0.0050439 0.999427 276.267 
0.99928 0.0156236 0.0345865 -0.918766 -0.0154288 0.999864 -0.00588958 -5.15361 -0.0346739 0.00535175 0.999384 277.838 
0.999242 0.0161404 0.0354248 -0.895191 -0.0159353 0.999855 -0.0060614 -5.19186 -0.0355175 0.00549235 0.999354 279.381 
0.999199 0.0165647 0.036442 -0.872573 -0.0163228 0.999843 -0.00692287 -5.22828 -0.036551 0.00632253 0.999312 280.93 
0.999178 0.015505 0.0374628 -0.843458 -0.0152325 0.999856 -0.00754788 -5.26201 -0.0375745 0.00697107 0.99927 282.521 
0.99915 0.0147936 0.038477 -0.812254 -0.0145296 0.999869 -0.00713026 -5.30189 -0.0385775 0.00656519 0.999234 284.052 
0.99915 0.0136621 0.0388957 -0.775509 -0.0134303 0.999891 -0.00621287 -5.33654 -0.0389763 0.00568525 0.999224 285.646 
0.999145 0.0127008 0.0393504 -0.743846 -0.0124836 0.999906 -0.00576149 -5.37375 -0.0394199 0.00526537 0.999209 287.196 
0.999155 0.0120644 0.039292 -0.707927 -0.0117448 0.999896 -0.00835162 -5.40806 -0.0393888 0.00788313 0.999193 288.756 
0.999163 0.01061 0.0395134 -0.685245 -0.0102018 0.999893 -0.010517 -5.44788 -0.0396208 0.0101051 0.999164 290.288 
0.999178 0.01102 0.0390098 -0.653458 -0.0106204 0.999889 -0.0104364 -5.49164 -0.0391205 0.0100136 0.999184 291.819 
0.999238 0.00991875 0.037755 -0.618964 -0.00954565 0.999904 -0.0100485 -5.53277 -0.037851 0.00968044 0.999237 293.375 
0.999274 0.00959292 0.0368622 -0.595577 -0.00921655 0.999904 -0.0103654 -5.57786 -0.0369581 0.0100182 0.999267 294.95 
0.999286 0.00995361 0.0364509 -0.570545 -0.00956605 0.999896 -0.0107904 -5.61503 -0.0365545 0.0104341 0.999277 296.52 
0.99932 0.00951812 0.035617 -0.541095 -0.00917139 0.999909 -0.00988459 -5.66309 -0.0357079 0.00955125 0.999317 298.096 
0.999368 0.00813422 0.0345961 -0.518432 -0.00780335 0.999923 -0.00968678 -5.70106 -0.0346722 0.00941074 0.999354 299.703 
0.999391 0.00907245 0.0336822 -0.492811 -0.0088006 0.999928 -0.00820915 -5.74799 -0.0337543 0.00790777 0.999399 301.256 
0.999391 0.0114363 0.0329619 -0.466732 -0.0112084 0.999912 -0.00709132 -5.7827 -0.0330401 0.00671759 0.999431 302.857 
0.999367 0.0111352 0.033799 -0.451561 -0.0108974 0.999915 -0.0072101 -5.80972 -0.0338765 0.00683726 0.999403 304.458 
0.999325 0.0120216 0.0347253 -0.434849 -0.0117587 0.999901 -0.00776363 -5.84063 -0.0348153 0.00735011 0.999367 306.082 
0.999328 0.0105764 0.0351108 -0.415808 -0.010311 0.999917 -0.00773034 -5.88055 -0.0351897 0.00736315 0.999354 307.697 
0.999348 0.00849181 0.0350861 -0.384145 -0.00819285 0.999929 -0.00865458 -5.91774 -0.0351572 0.00836153 0.999347 309.304 
0.999348 0.00704013 0.0354041 -0.357144 -0.00667769 0.999924 -0.0103438 -5.95796 -0.0354743 0.0101007 0.99932 310.942 
0.999374 0.00621798 0.0348261 -0.322417 -0.00582337 0.999918 -0.0114198 -6.00086 -0.0348943 0.0112099 0.999328 312.558 
0.999444 0.00682114 0.0326306 -0.295173 -0.00641982 0.999903 -0.0123865 -6.04287 -0.0327119 0.0121701 0.999391 314.198 
0.999509 0.00758633 0.0303987 -0.272206 -0.00724039 0.999908 -0.0114726 -6.09102 -0.030483 0.0112469 0.999472 315.833 
0.99952 0.00865194 0.0297419 -0.248248 -0.00841151 0.999931 -0.00819796 -6.12687 -0.0298108 0.0079439 0.999524 317.493 
0.999518 0.00690335 0.0302688 -0.227681 -0.00675048 0.999964 -0.0051482 -6.16342 -0.0303033 0.00494143 0.999529 319.121 
0.999528 0.00598526 0.0301448 -0.202665 -0.00584922 0.999972 -0.00459757 -6.19571 -0.0301715 0.00441912 0.999535 320.762 
0.999534 0.00468995 0.0301735 -0.179769 -0.00451221 0.999972 -0.0059546 -6.22468 -0.0302007 0.00581572 0.999527 322.413 
0.999521 0.00344499 0.0307607 -0.166448 -0.00326448 0.999977 -0.00591512 -6.26769 -0.0307804 0.00581191 0.999509 324.062 
0.999492 0.00330035 0.0316977 -0.167271 -0.0031263 0.99998 -0.00553751 -6.30523 -0.0317154 0.00543564 0.999482 325.707 
0.999464 0.00366824 0.0325186 -0.149527 -0.00348209 0.999977 -0.00577779 -6.34024 -0.0325391 0.00566151 0.999454 327.369 
0.99944 0.00479069 0.0331177 -0.136106 -0.00457052 0.999967 -0.00671936 -6.37756 -0.0331488 0.00656427 0.999429 329.022 
0.999413 0.00564666 0.0337956 -0.116716 -0.00540139 0.999958 -0.00734284 -6.41411 -0.0338357 0.00715603 0.999402 330.678 
0.999371 0.0045753 0.0351545 -0.108681 -0.00438817 0.999976 -0.00539715 -6.45068 -0.0351784 0.00523954 0.999367 332.309 
0.999367 0.0036012 0.0354062 -0.0873224 -0.00343634 0.999983 -0.00471471 -6.48389 -0.0354226 0.0045901 0.999362 333.931 
0.999365 0.00264122 0.0355429 -0.056233 -0.00243893 0.999981 -0.00573241 -6.52461 -0.0355574 0.00564212 0.999352 335.587 
0.999296 0.00457297 0.0372455 -0.0745213 -0.00435318 0.999973 -0.00597892 -6.54572 -0.0372718 0.00581262 0.999288 337.117 
0.999297 0.00615117 0.0369742 -0.0449153 -0.00585619 0.99995 -0.00807979 -6.58463 -0.0370221 0.00785762 0.999284 338.744 
0.999287 0.00775549 0.0369444 -0.0307595 -0.00736047 0.999914 -0.0108151 -6.62816 -0.0370251 0.0105355 0.999259 340.358 
0.999287 0.00920228 0.0366093 -0.0137045 -0.00882704 0.999907 -0.0103973 -6.67116 -0.0367016 0.0100668 0.999276 341.985 
0.999308 0.00992401 0.0358468 0.00529351 -0.00968907 0.999931 -0.00672052 -6.71626 -0.0359111 0.00636859 0.999335 343.606 
0.999338 0.0104178 0.0348586 0.0255994 -0.0102889 0.99994 -0.00387578 -6.75469 -0.034897 0.0035146 0.999385 345.219 
0.999366 0.011009 0.0338608 0.0499709 -0.0108391 0.999928 -0.00519641 -6.78961 -0.0339156 0.00482614 0.999413 346.823 
0.999422 0.0103725 0.0323623 0.0617472 -0.0101635 0.999927 -0.00661644 -6.82804 -0.0324286 0.00628375 0.999454 348.45 
0.999485 0.00904479 0.0307899 0.0849921 -0.00888679 0.999947 -0.0052629 -6.86722 -0.0308359 0.00498661 0.999512 350.074 
0.999526 0.00732274 0.0299046 0.111432 -0.0071933 0.999964 -0.00443218 -6.90932 -0.029936 0.00421501 0.999543 351.706 
0.99954 0.00702335 0.029517 0.125401 -0.0068623 0.999961 -0.00555246 -6.94084 -0.0295549 0.00534739 0.999549 353.327 
0.999551 0.00656396 0.0292388 0.141758 -0.00638074 0.999959 -0.00635382 -6.97672 -0.0292793 0.00616444 0.999552 354.953 
0.999552 0.00613548 0.0293076 0.162062 -0.00594509 0.999961 -0.00657768 -7.01149 -0.0293468 0.00640054 0.999549 356.582 
0.999554 0.0056094 0.0293268 0.179986 -0.00541732 0.999963 -0.00662356 -7.04954 -0.029363 0.00646177 0.999548 358.179 
0.999555 0.00517709 0.0293872 0.199089 -0.00496266 0.999961 -0.00736355 -7.08474 -0.0294242 0.00721447 0.999541 359.825 
0.999548 0.00496882 0.0296493 0.215324 -0.00473399 0.999957 -0.0079835 -7.12666 -0.0296877 0.00783957 0.999529 361.435 
0.999549 0.00436148 0.029722 0.230078 -0.00413557 0.999962 -0.0076565 -7.16871 -0.0297543 0.00753017 0.999529 363.043 
0.999537 0.00456176 0.0300952 0.246302 -0.00430821 0.999955 -0.00848291 -7.20906 -0.0301326 0.00834937 0.999511 364.638 
0.999548 0.00357233 0.0298506 0.276004 -0.00328395 0.999948 -0.00970276 -7.25378 -0.0298838 0.00960038 0.999507 366.246 
0.999553 0.00188912 0.0298348 0.293821 -0.00165507 0.999968 -0.00786615 -7.29159 -0.0298488 0.00781329 0.999524 367.861 
0.999561 0.00037814 0.0296293 0.319203 -0.00016636 0.999974 -0.00714833 -7.32699 -0.0296313 0.00714031 0.999535 369.471 
0.99957 -3.38254e-05 0.0293234 0.342242 0.000271138 0.999967 -0.00808752 -7.36712 -0.0293222 0.00809204 0.999537 371.072 
0.99956 0.00127456 0.0296451 0.356077 -0.00101796 0.999962 -0.00866784 -7.40722 -0.0296551 0.00863389 0.999523 372.671 
0.999548 0.00289391 0.0299356 0.370653 -0.0026572 0.999965 -0.00794233 -7.44251 -0.0299576 0.00785924 0.99952 374.276 
0.999524 0.00441712 0.0305388 0.378429 -0.00418797 0.999963 -0.0075622 -7.47142 -0.0305711 0.00743075 0.999505 375.877 
0.999514 0.00436255 0.0308809 0.399455 -0.00412692 0.999962 -0.00768848 -7.51344 -0.0309133 0.00755734 0.999494 377.497 
0.999514 0.00404455 0.0308977 0.420057 -0.00378732 0.999958 -0.00837802 -7.5578 -0.0309303 0.00825698 0.999487 379.105 
0.999503 0.00453613 0.0311911 0.433233 -0.00425539 0.99995 -0.00905994 -7.58824 -0.0312307 0.00892275 0.999472 380.73 
0.999486 0.00479692 0.031703 0.455134 -0.00450195 0.999946 -0.00936743 -7.62691 -0.0317462 0.00921993 0.999453 382.346 
0.999482 0.00591226 0.0316376 0.47829 -0.00562532 0.999942 -0.00914957 -7.67328 -0.0316899 0.00896689 0.999458 383.97 
0.999468 0.0076138 0.0317151 0.50845 -0.00731311 0.999927 -0.00958482 -7.69448 -0.0317858 0.00934783 0.999451 385.634 
0.999458 0.00862011 0.031785 0.533409 -0.00830282 0.999915 -0.0100995 -7.73542 -0.0318694 0.00983019 0.999444 387.287 
0.999448 0.00921424 0.0319227 0.55335 -0.00887282 0.999902 -0.0108189 -7.77777 -0.0320194 0.0105297 0.999432 388.928 
0.999445 0.00975606 0.0318438 0.5806 -0.00940892 0.999895 -0.0110319 -7.81887 -0.0319481 0.0107262 0.999432 390.555 
0.999428 0.0111003 0.0319516 0.607423 -0.010768 0.999886 -0.0105521 -7.85472 -0.0320652 0.0102021 0.999434 392.177 
0.999397 0.0123699 0.0324488 0.622136 -0.0120419 0.999875 -0.0102819 -7.89879 -0.032572 0.00988502 0.999421 393.816 
0.999378 0.0132457 0.0326783 0.645441 -0.0128926 0.999857 -0.0109896 -7.94271 -0.0328193 0.0105615 0.999406 395.449 
0.999366 0.0132304 0.0330656 0.664985 -0.01288 0.999859 -0.0107853 -7.9886 -0.0332036 0.0103526 0.999395 397.083 
0.999375 0.0127184 0.0329982 0.696558 -0.0123805 0.999869 -0.0104218 -8.0276 -0.0331264 0.0100068 0.999401 398.738 
0.999373 0.0126229 0.0330761 0.721545 -0.0122557 0.999861 -0.011279 -8.0748 -0.033214 0.0108666 0.999389 400.361 
0.999369 0.0120077 0.0334343 0.74388 -0.0116028 0.999857 -0.0122765 -8.12097 -0.033577 0.0118809 0.999366 401.98 
0.999369 0.0115851 0.0335815 0.767715 -0.011175 0.999861 -0.0123726 -8.16861 -0.0337202 0.0119896 0.999359 403.627 
0.999368 0.010716 0.0338976 0.790717 -0.0103454 0.999885 -0.0110863 -8.20699 -0.0340126 0.0107286 0.999364 405.296 
0.999382 0.00921174 0.0339153 0.820028 -0.00888591 0.999913 -0.0097442 -8.24772 -0.0340021 0.00943685 0.999377 406.974 
0.999393 0.00744122 0.0340411 0.85142 -0.0071022 0.999924 -0.0100681 -8.29811 -0.0341135 0.00982022 0.99937 408.608 
0.9994 0.00625034 0.0340787 0.882384 -0.00588945 0.999926 -0.0106789 -8.34375 -0.0341429 0.0104718 0.999362 410.248 
