1 2.12261e-08 -2.11895e-08 0 2.12261e-08 1 2.10703e-08 0 -2.11895e-08 2.10703e-08 1 0 
0.999996 -0.00199665 -0.00177821 -0.00510584 0.0019955 0.999998 -0.000673641 -0.0124655 0.00177951 0.000670133 0.999998 0.569464 
0.999992 -0.00249243 -0.00300686 -0.0163515 0.00248637 0.999995 -0.0020326 -0.0252686 0.00301186 0.00202515 0.999993 1.14613 
0.999984 -0.00281814 -0.00497618 -0.0289199 0.00280144 0.99999 -0.00336828 -0.03901 0.00498558 0.00335433 0.999982 1.71237 
0.999966 -0.00485422 -0.00663328 -0.045926 0.00481959 0.999975 -0.00523415 -0.0463226 0.00665848 0.00520205 0.999964 2.27558 
0.999938 -0.00728903 -0.00845535 -0.0507803 0.00722896 0.999949 -0.0071173 -0.0587991 0.00850675 0.00705578 0.999939 2.85247 
0.999913 -0.00863467 -0.00993671 -0.062282 0.00855551 0.999932 -0.00798577 -0.0678033 0.0100049 0.0079001 0.999919 3.4326 
0.999895 -0.00892765 -0.0114007 -0.0778434 0.00884334 0.999933 -0.00742809 -0.079305 0.0114663 0.00732653 0.999907 4.0218 
0.999876 -0.00938383 -0.0126392 -0.0946286 0.00928719 0.999927 -0.00768649 -0.0961933 0.0127103 0.0075682 0.999891 4.61189 
0.999871 -0.00858653 -0.0135705 -0.119199 0.00844878 0.999913 -0.0101782 -0.114875 0.0136567 0.0100622 0.999856 5.21205 
0.999868 -0.00670405 -0.0147756 -0.142521 0.0064947 0.999878 -0.0141741 -0.127543 0.0148687 0.0140763 0.99979 5.81683 
0.999856 -0.00542182 -0.0160899 -0.161626 0.00513494 0.999828 -0.0178208 -0.145798 0.0161838 0.0177357 0.999712 6.43287 
0.99985 -0.0035529 -0.0169752 -0.192059 0.00324775 0.999833 -0.0179724 -0.155309 0.0170362 0.0179146 0.999694 7.06203 
0.999834 -0.00103476 -0.0181802 -0.221104 0.000832312 0.999938 -0.011142 -0.165716 0.0181906 0.011125 0.999773 7.72313 
0.999817 -8.94539e-05 -0.0191156 -0.246644 7.50239e-05 1 -0.000757801 -0.176783 0.0191156 0.000756271 0.999817 8.38884 
0.999804 0.00104097 -0.0197943 -0.276898 -0.000927 0.999983 0.00576382 -0.189322 0.0197999 -0.0057443 0.999788 9.07402 
0.999779 0.00333308 -0.0207775 -0.312535 -0.00323301 0.999983 0.00484624 -0.205152 0.0207933 -0.00477795 0.999772 9.75635 
0.999755 0.00545478 -0.0214597 -0.347889 -0.00550491 0.999982 -0.00227953 -0.215439 0.0214468 0.00239715 0.999767 10.4523 
0.999732 0.00513382 -0.0225727 -0.378454 -0.00532667 0.99995 -0.00849353 -0.213524 0.0225279 0.00861153 0.999709 11.1698 
0.999708 0.00285463 -0.0239827 -0.401225 -0.00302127 0.999972 -0.00691658 -0.21405 0.0239622 0.00698706 0.999688 11.9083 
0.999701 0.00155779 -0.0243859 -0.433729 -0.00149944 0.999996 0.00240901 -0.2245 0.0243895 -0.00237168 0.9997 12.68 
0.999689 0.00145381 -0.0249038 -0.468485 -0.00120892 0.999951 0.00984395 -0.233507 0.0249169 -0.00981074 0.999641 13.4637 
0.999676 0.000514095 -0.0254659 -0.503328 -0.000196782 0.999922 0.0124596 -0.23918 0.0254703 -0.0124505 0.999598 14.2628 
0.99967 -0.00155466 -0.025638 -0.534962 0.00184661 0.999934 0.0113662 -0.237352 0.0256186 -0.0114097 0.999607 15.0748 
0.999685 -0.00190842 -0.0250306 -0.571328 0.00213349 0.999958 0.00896645 -0.238046 0.0250124 -0.00901699 0.999647 15.8968 
0.999703 0.000791855 -0.0243642 -0.614841 -0.00066197 0.999986 0.00533683 -0.238227 0.0243681 -0.00531908 0.999689 16.7396 
0.999728 -0.00213745 -0.0232371 -0.652252 0.00213209 0.999998 -0.000257182 -0.244463 0.0232376 0.000207611 0.99973 17.6051 
0.999731 -0.00521669 -0.0226144 -0.682063 0.00507235 0.999966 -0.00643716 -0.256201 0.0226472 0.00632076 0.999724 18.4769 
0.999756 -0.00452688 -0.0216145 -0.718619 0.00427273 0.999921 -0.011792 -0.266888 0.0216662 0.0116968 0.999697 19.3748 
0.999764 -0.00344766 -0.0214626 -0.759202 0.00317191 0.999912 -0.0128709 -0.280949 0.0215051 0.0127998 0.999687 20.2895 
0.999752 -0.00348753 -0.0219994 -0.792295 0.00321449 0.999918 -0.0124367 -0.297951 0.0220409 0.0123629 0.999681 21.2235 
0.999749 -0.00178517 -0.0223237 -0.828111 0.00147494 0.999902 -0.0139073 -0.32132 0.0223463 0.013871 0.999654 22.1683 
0.999753 0.00132715 -0.0221737 -0.86785 -0.00168336 0.99987 -0.0160556 -0.345468 0.0221494 0.016089 0.999625 23.1256 
0.999733 0.00462543 -0.0226409 -0.91049 -0.00500661 0.999846 -0.0168102 -0.369221 0.0225597 0.0169191 0.999602 24.0983 
0.999719 0.00622301 -0.0228558 -0.950723 -0.00660793 0.999837 -0.0168066 -0.393888 0.0227474 0.016953 0.999598 25.0764 
0.999705 0.00681373 -0.0233078 -0.991033 -0.00721156 0.999829 -0.0170289 -0.422591 0.0231877 0.017192 0.999583 26.059 
0.999699 0.00671755 -0.0236177 -1.02945 -0.00711863 0.999831 -0.0169413 -0.448745 0.0234999 0.0171044 0.999578 27.0526 
0.999681 0.00754154 -0.0241175 -1.07459 -0.00792244 0.999845 -0.0157388 -0.47976 0.023995 0.0159249 0.999585 28.0588 
0.999659 0.00799695 -0.0248544 -1.1128 -0.00834306 0.999869 -0.0138549 -0.509046 0.0247403 0.0140576 0.999595 29.075 
0.999647 0.00869422 -0.0251106 -1.16349 -0.00901524 0.999879 -0.0127013 -0.538846 0.0249971 0.0129233 0.999604 30.0878 
0.999647 0.0085932 -0.0251584 -1.21171 -0.00893732 0.999868 -0.0135994 -0.569942 0.0250382 0.0138195 0.999591 31.1111 
0.999621 0.00957374 -0.0258255 -1.2552 -0.00995179 0.999845 -0.0145517 -0.597381 0.0256822 0.0148032 0.999561 32.1463 
0.999616 0.00943712 -0.0260612 -1.30498 -0.0098032 0.999855 -0.0139565 -0.621904 0.0259257 0.0142067 0.999563 33.1903 
0.999596 0.00898714 -0.0269809 -1.34839 -0.00929065 0.999895 -0.0111463 -0.651685 0.0268778 0.0113925 0.999574 34.2438 
0.999583 0.00939598 -0.0273139 -1.39869 -0.00960681 0.999925 -0.00759969 -0.675683 0.0272404 0.00785896 0.999598 35.2981 
0.999565 0.00957152 -0.0279091 -1.44943 -0.00971808 0.99994 -0.00512181 -0.700191 0.0278584 0.00539085 0.999597 36.3669 
0.999554 0.00960679 -0.0282911 -1.49971 -0.00974656 0.999941 -0.00480813 -0.72216 0.0282432 0.00508177 0.999588 37.4383 
0.999533 0.0094998 -0.0290292 -1.54856 -0.00969485 0.999931 -0.00658729 -0.739658 0.0289646 0.00686569 0.999557 38.5109 
0.999504 0.00996862 -0.0298816 -1.60403 -0.0101943 0.999921 -0.00741206 -0.7602 0.0298052 0.00771305 0.999526 39.5939 
0.99948 0.00983578 -0.030718 -1.6556 -0.0100356 0.999929 -0.00635964 -0.780847 0.0306532 0.00666465 0.999508 40.6836 
0.999451 0.00961537 -0.0317113 -1.70607 -0.00975568 0.999943 -0.00427424 -0.805865 0.0316684 0.0045813 0.999488 41.7813 
0.999423 0.0101181 -0.0324328 -1.75913 -0.0101856 0.999946 -0.00191556 -0.82568 0.0324117 0.00224484 0.999472 42.8756 
0.999404 0.0112313 -0.0326496 -1.82169 -0.0113137 0.999933 -0.00234093 -0.846386 0.0326211 0.00270896 0.999464 43.9623 
0.999382 0.0123115 -0.0329255 -1.8798 -0.0125153 0.999904 -0.00599336 -0.872189 0.0328485 0.00640178 0.99944 45.0419 
0.999367 0.0135073 -0.0329064 -1.93992 -0.0138512 0.999852 -0.0102469 -0.895803 0.0327631 0.0106963 0.999406 46.1269 
0.999361 0.0140022 -0.0328787 -1.99612 -0.0143554 0.999842 -0.0105344 -0.924884 0.0327259 0.0109997 0.999404 47.2126 
0.999352 0.0144332 -0.0329663 -2.05042 -0.0147068 0.999859 -0.0080729 -0.950645 0.0328451 0.00855254 0.999424 48.3033 
0.999355 0.0153782 -0.0324458 -2.11425 -0.0155866 0.999859 -0.00618151 -0.975402 0.0323461 0.00668329 0.999454 49.3814 
0.999376 0.0137194 -0.0325634 -2.16398 -0.0138765 0.999893 -0.00460655 -1.00382 0.0324966 0.00505559 0.999459 50.4763 
0.999376 0.014151 -0.0323639 -2.21746 -0.0143427 0.999881 -0.00569949 -1.02807 0.0322794 0.00616017 0.99946 51.5608 
0.999393 0.0133277 -0.0321934 -2.26982 -0.0135724 0.999881 -0.00739763 -1.05413 0.0320909 0.00783012 0.999454 52.6525 
0.999411 0.0133077 -0.0316452 -2.32502 -0.0136193 0.999861 -0.00965216 -1.08059 0.0315123 0.0100775 0.999453 53.7432 
0.999432 0.0118251 -0.0315432 -2.37538 -0.0122067 0.999854 -0.0119323 -1.11404 0.0313974 0.0123107 0.999431 54.8353 
0.999451 0.010331 -0.031471 -2.42668 -0.0108117 0.999827 -0.0151435 -1.14641 0.0313091 0.0154755 0.99939 55.9285 
0.999475 0.00867191 -0.0312062 -2.47968 -0.00920217 0.999815 -0.0168903 -1.17908 0.0310539 0.0171686 0.99937 57.0243 
0.999492 0.00685021 -0.0311326 -2.52701 -0.00731777 0.999862 -0.0149309 -1.20896 0.031026 0.0151512 0.999404 58.1124 
0.9995 0.00549791 -0.0311362 -2.57626 -0.00578213 0.999942 -0.00904673 -1.23929 0.0310847 0.00922228 0.999474 59.2086 
0.999503 0.00441501 -0.0312107 -2.6254 -0.00450779 0.999986 -0.00290437 -1.26713 0.0311974 0.00304367 0.999509 60.3132 
0.999506 0.00274615 -0.0313026 -2.67539 -0.00281251 0.999994 -0.00207753 -1.2902 0.0312966 0.00216459 0.999508 61.4121 
0.999506 -0.00084514 -0.0314108 -2.7202 0.000690436 0.999988 -0.00493706 -1.31359 0.0314145 0.00491298 0.999494 62.5076 
0.99949 -0.00243469 -0.0318445 -2.76807 0.002168 0.999962 -0.00840763 -1.33207 0.0318638 0.00833434 0.999458 63.597 
0.999482 -0.000718463 -0.0321895 -2.82138 0.000321004 0.999924 -0.0123522 -1.3627 0.0321959 0.0123356 0.999405 64.6884 
0.999477 -0.000563873 -0.0323239 -2.87234 2.31891e-05 0.99986 -0.0167263 -1.39068 0.0323287 0.0167169 0.999338 65.7793 
0.99949 0.00245714 -0.0318362 -2.92632 -0.00301586 0.999842 -0.0175149 -1.42219 0.0317881 0.017602 0.99934 66.8823 
0.999492 0.00642931 -0.0312202 -2.98524 -0.00685276 0.999886 -0.0134765 -1.46379 0.03113 0.0136837 0.999422 67.9901 
0.999477 0.00788482 -0.0313476 -3.04231 -0.0082472 0.9999 -0.0114489 -1.49752 0.0312542 0.0117015 0.999443 69.0893 
0.999477 0.00700293 -0.0315768 -3.09147 -0.00734886 0.999914 -0.0108538 -1.52385 0.031498 0.0110802 0.999442 70.1936 
0.999483 0.0054289 -0.0316944 -3.14194 -0.00575176 0.999932 -0.0101058 -1.55409 0.0316374 0.010283 0.999447 71.2973 
0.999472 0.00437408 -0.0321984 -3.18803 -0.00465719 0.999951 -0.00872431 -1.58411 0.0321586 0.0088697 0.999443 72.394 
0.999467 0.00297778 -0.0325001 -3.24365 -0.0031992 0.999972 -0.00676432 -1.61142 0.032479 0.00686474 0.999449 73.4911 
0.999435 0.00180916 -0.033567 -3.28993 -0.00197982 0.999985 -0.005053 -1.64 0.0335574 0.00511665 0.999424 74.5894 
0.999406 0.000580904 -0.0344514 -3.34024 -0.000800353 0.99998 -0.00635759 -1.66697 0.0344469 0.00638143 0.999386 75.6816 
0.999373 0.000844379 -0.0353902 -3.39489 -0.00120464 0.999948 -0.0101609 -1.69564 0.0353798 0.0101972 0.999322 76.775 
0.999336 0.000976405 -0.0364125 -3.44988 -0.00142794 0.999922 -0.0123776 -1.7251 0.0363975 0.0124214 0.99926 77.862 
0.99928 0.0030903 -0.0378059 -3.50193 -0.00349571 0.999937 -0.010663 -1.75717 0.0377705 0.0107876 0.999228 78.9462 
0.999253 0.00386968 -0.0384395 -3.56652 -0.00412238 0.99997 -0.00649804 -1.78408 0.0384132 0.00665169 0.99924 80.0383 
0.999215 0.00562225 -0.0392155 -3.63051 -0.00572407 0.999981 -0.00248582 -1.80964 0.0392007 0.00270838 0.999228 81.1222 
0.999165 0.0064515 -0.0403336 -3.68715 -0.00653883 0.999977 -0.00203477 -1.83228 0.0403195 0.00229685 0.999184 82.2048 
0.999123 0.00638584 -0.0413886 -3.73739 -0.00656356 0.99997 -0.0041605 -1.85391 0.0413607 0.00442855 0.999135 83.2925 
0.999082 0.00618721 -0.0423914 -3.79513 -0.00640408 0.999967 -0.00498298 -1.87657 0.0423592 0.00524992 0.999089 84.3544 
0.999059 0.0055339 -0.0430083 -3.8606 -0.00575681 0.999971 -0.00506189 -1.90446 0.042979 0.00530477 0.999062 85.4114 
0.999041 0.00393913 -0.0436004 -3.92243 -0.00415706 0.999979 -0.00490966 -1.92941 0.0435801 0.00508624 0.999037 86.4547 
0.999026 0.00264918 -0.0440497 -3.99072 -0.00280501 0.99999 -0.00347711 -1.95363 0.04404 0.00359732 0.999023 87.4748 
0.999006 0.00259158 -0.0445124 -4.05897 -0.0026258 0.999996 -0.00071119 -1.98067 0.0445103 0.000827407 0.999009 88.4775 
0.998962 0.00167752 -0.045516 -4.12084 -0.00167002 0.999999 0.000202035 -2.00532 0.0455163 -0.00012577 0.998964 89.4529 
0.99887 0.000922906 -0.0475282 -4.18824 -0.000903907 1 0.000420358 -2.02697 0.0475286 -0.000376879 0.99887 90.4193 
0.998708 -0.000284237 -0.0508119 -4.2459 0.000261074 1 -0.000463307 -2.05213 0.050812 0.000449486 0.998708 91.3615 
0.99853 -8.75995e-05 -0.0542064 -4.31417 1.56907e-05 0.999999 -0.00132776 -2.07666 0.0542064 0.001325 0.998529 92.2806 
0.998351 -0.000341901 -0.0573983 -4.38119 0.000281557 0.999999 -0.00106013 -2.09906 0.0573986 0.00104227 0.998351 93.1767 
0.998175 0.000793475 -0.0603813 -4.45414 -0.000789745 1 8.49558e-05 -2.12226 0.0603813 -3.70715e-05 0.998175 94.0483 
0.997988 0.00191203 -0.0633783 -4.52529 -0.00184392 0.999998 0.00113252 -2.14431 0.0633803 -0.00101334 0.997989 94.8901 
0.997796 0.00298234 -0.0662945 -4.59716 -0.00281133 0.999993 0.00267217 -2.16215 0.0663019 -0.00247986 0.997797 95.7088 
0.997628 0.00426367 -0.0687111 -4.67574 -0.00402686 0.999986 0.00358403 -2.18216 0.0687253 -0.00329879 0.99763 96.4935 
0.99746 0.00675728 -0.0709121 -4.7527 -0.00650039 0.999971 0.00385218 -2.1975 0.0709361 -0.0033814 0.997475 97.262 
0.997269 0.00854344 -0.0733564 -4.83032 -0.00837176 0.999961 0.00264695 -2.21629 0.0733761 -0.00202556 0.997302 97.994 
0.997083 0.00943032 -0.0757411 -4.90145 -0.00954184 0.999954 -0.0011112 -2.23524 0.075727 0.00183071 0.997127 98.7007 
0.996872 0.0120737 -0.0781074 -4.97329 -0.0124971 0.99991 -0.00493505 -2.25017 0.0780408 0.00589577 0.996933 99.373 
0.9967 0.0139311 -0.0799646 -5.04315 -0.0145955 0.999864 -0.00773122 -2.26508 0.0798459 0.00887288 0.996768 100.032 
0.996623 0.0160841 -0.0805276 -5.11468 -0.0168424 0.99982 -0.00874631 -2.28437 0.0803724 0.0100731 0.996714 100.651 
0.996638 0.018485 -0.0798156 -5.17425 -0.0192165 0.99978 -0.00840722 -2.30089 0.0796426 0.00991278 0.996774 101.246 
0.996778 0.0224565 -0.0769995 -5.23203 -0.0230627 0.99971 -0.00699291 -2.31855 0.07682 0.00874624 0.997007 101.817 
0.997135 0.0250657 -0.0713669 -5.28511 -0.025529 0.999659 -0.00558752 -2.33641 0.0712024 0.00739347 0.997435 102.37 
0.99762 0.0258257 -0.0639409 -5.3271 -0.0261266 0.999651 -0.00387535 -2.3469 0.0638184 0.00553672 0.997946 102.896 
0.998197 0.0256918 -0.0542477 -5.35896 -0.0258098 0.999666 -0.00147689 -2.35896 0.0541916 0.00287439 0.998526 103.397 
0.998775 0.0254303 -0.0424563 -5.37958 -0.0254691 0.999676 -0.00037393 -2.37037 0.0424329 0.00145484 0.999098 103.88 
0.99927 0.0246392 -0.0291863 -5.39 -0.0246545 0.999696 -0.000164312 -2.3858 0.0291733 0.000883807 0.999574 104.334 
0.999607 0.024312 -0.0139842 -5.3929 -0.024328 0.999704 -0.000981435 -2.39782 0.0139561 0.0013213 0.999902 104.77 
0.999735 0.0227308 0.00375611 -5.38047 -0.0227159 0.999734 -0.00393632 -2.41219 -0.00384463 0.00384999 0.999985 105.19 
0.999444 0.022046 0.0250139 -5.36054 -0.0218371 0.999725 -0.00859056 -2.42516 -0.0251964 0.00803959 0.99965 105.601 
0.998562 0.0202719 0.0496371 -5.32902 -0.0196175 0.999715 -0.013636 -2.43253 -0.0498994 0.0126426 0.998674 106.002 
0.996885 0.0177735 0.0768429 -5.28291 -0.016564 0.999729 -0.0163483 -2.44545 -0.0771127 0.0150246 0.996909 106.397 
0.994143 0.0147508 0.107064 -5.22833 -0.0129751 0.999767 -0.0172627 -2.46339 -0.107294 0.0157724 0.994102 106.78 
0.990097 0.0124954 0.139828 -5.15256 -0.00991365 0.999768 -0.0191447 -2.47611 -0.140035 0.017569 0.989991 107.155 
0.984391 0.0100941 0.175708 -5.06391 -0.00657549 0.999766 -0.0205955 -2.49228 -0.175875 0.0191187 0.984227 107.52 
0.976753 0.00698894 0.214255 -4.95746 -0.00252707 0.999774 -0.0210917 -2.50506 -0.214354 0.0200599 0.97655 107.875 
0.967018 0.00478935 0.254663 -4.843 0.000791109 0.999762 -0.0218059 -2.52096 -0.254707 0.0212882 0.966784 108.22 
0.954887 0.00554177 0.296918 -4.72142 0.00115631 0.999749 -0.0223782 -2.5423 -0.296967 0.021712 0.954641 108.551 
0.939753 0.00782996 0.341764 -4.58856 2.12135e-05 0.999736 -0.0229626 -2.55507 -0.341854 0.0215864 0.939505 108.87 
0.9222 0.00770702 0.386637 -4.43295 0.00066239 0.999768 -0.0215087 -2.56975 -0.386713 0.0200914 0.921981 109.177 
0.901948 0.00708855 0.431786 -4.26513 0.00175829 0.999797 -0.0200862 -2.58405 -0.43184 0.018876 0.901753 109.475 
0.878875 0.00563864 0.477019 -4.08117 0.00457411 0.999785 -0.0202454 -2.60017 -0.477031 0.0199751 0.87866 109.756 
0.853587 0.0061967 0.520913 -3.88704 0.00620255 0.999738 -0.0220563 -2.61723 -0.520913 0.022058 0.853325 110.025 
0.825683 0.0083751 0.564072 -3.6788 0.00696643 0.999662 -0.0250398 -2.63508 -0.564092 0.0246046 0.825346 110.293 
0.794684 0.0131419 0.606881 -3.45888 0.00576434 0.999557 -0.0291933 -2.65098 -0.606996 0.0266978 0.794257 110.55 
0.760349 0.01964 0.649218 -3.22529 0.00260546 0.999443 -0.0332863 -2.65978 -0.64951 0.0270007 0.759873 110.799 
0.722481 0.024303 0.690963 -2.97219 0.000328549 0.99937 -0.0354939 -2.67619 -0.691391 0.0258707 0.722018 111.041 
0.682582 0.0246149 0.730394 -2.6951 0.00259568 0.999345 -0.0361044 -2.69128 -0.730804 0.0265402 0.682071 111.266 
0.640786 0.0220552 0.767403 -2.39551 0.00677176 0.999386 -0.0343768 -2.70583 -0.76769 0.0272249 0.640243 111.481 
0.596073 0.0202863 0.802674 -2.08536 0.00819778 0.999475 -0.0313478 -2.71721 -0.802889 0.0252658 0.595593 111.679 
0.549009 0.0189787 0.835601 -1.76382 0.00920914 0.999544 -0.0287529 -2.72702 -0.835766 0.0234808 0.548584 111.861 
0.500322 0.016299 0.865686 -1.42114 0.0111839 0.999618 -0.0252843 -2.74273 -0.865767 0.0223321 0.499949 112.032 
0.448931 0.0126868 0.893477 -1.06768 0.0137693 0.999682 -0.0211133 -2.75495 -0.893461 0.021781 0.448613 112.181 
0.396581 0.0128828 0.917909 -0.71536 0.0112373 0.999759 -0.0188865 -2.77226 -0.917931 0.0178048 0.396341 112.312 
0.344903 0.0178574 0.938468 -0.350656 0.00753221 0.999734 -0.0217914 -2.78707 -0.938608 0.0145847 0.344677 112.428 
0.294119 0.0228826 0.955495 0.0252821 0.00702138 0.999635 -0.026101 -2.79849 -0.955743 0.0143857 0.293851 112.521 
0.247137 0.0249255 0.96866 0.418034 0.00824013 0.999579 -0.0278233 -2.8145 -0.968946 0.0148581 0.246827 112.594 
0.205591 0.0244767 0.978332 0.822835 0.0154672 0.999481 -0.0282561 -2.83176 -0.978516 0.0209413 0.205106 112.649 
0.170258 0.0243738 0.985098 1.25019 0.0227546 0.99933 -0.0286586 -2.84469 -0.985137 0.0272949 0.16959 112.693 
0.139794 0.0256596 0.989848 1.69386 0.0272711 0.999185 -0.0297531 -2.85626 -0.989805 0.0311536 0.13898 112.735 
0.111393 0.0245337 0.993474 2.16675 0.0248195 0.999315 -0.0274608 -2.86956 -0.993467 0.0277165 0.110707 112.789 
0.0858919 0.0210115 0.996083 2.65308 0.0186092 0.999569 -0.0226897 -2.88534 -0.996131 0.0204852 0.0854639 112.832 
0.0620141 0.0171946 0.997927 3.1519 0.0134328 0.999747 -0.0180606 -2.90185 -0.997985 0.014525 0.0617675 112.863 
0.0393444 0.0148257 0.999116 3.66952 0.0176444 0.999724 -0.0155295 -2.91986 -0.99907 0.0182398 0.0390719 112.872 
0.0193401 0.0154212 0.999694 4.21275 0.025702 0.999543 -0.0159161 -2.93796 -0.999483 0.0260019 0.0189349 112.865 
0.00176882 0.0177592 0.999841 4.75422 0.030714 0.99937 -0.0178051 -2.95542 -0.999527 0.0307406 0.00122225 112.862 
-0.0132898 0.0227295 0.999653 5.29468 0.0307556 0.999278 -0.0223121 -2.97929 -0.999439 0.0304484 -0.0139793 112.863 
-0.0240112 0.0272495 0.99934 5.88864 0.028152 0.99925 -0.0265706 -2.99383 -0.999315 0.0274954 -0.0247604 112.855 
-0.0303671 0.0271133 0.999171 6.50556 0.0306478 0.999187 -0.0261822 -3.0075 -0.999069 0.0298273 -0.0311734 112.838 
-0.0332397 0.0238801 0.999162 7.14407 0.0368401 0.999064 -0.0226521 -3.02918 -0.998768 0.0360563 -0.0340883 112.82 
-0.032525 0.0223044 0.999222 7.80523 0.0382575 0.999046 -0.0210551 -3.0474 -0.998738 0.0375429 -0.0333472 112.8 
-0.0306283 0.0219115 0.999291 8.49422 0.037044 0.999098 -0.0207719 -3.06971 -0.998844 0.0363816 -0.0314124 112.798 
-0.0292643 0.0223314 0.999322 9.18812 0.0334851 0.999211 -0.0213483 -3.09179 -0.999011 0.0328376 -0.0299889 112.801 
-0.0280513 0.0236788 0.999326 9.90567 0.0325562 0.999211 -0.0227622 -3.11078 -0.999076 0.0318957 -0.0288 112.798 
-0.0271037 0.0242874 0.999338 10.6356 0.0324667 0.999199 -0.0234034 -3.13617 -0.999105 0.0318108 -0.0278705 112.793 
-0.0262287 0.023866 0.999371 11.3876 0.0319602 0.999224 -0.0230237 -3.16208 -0.999145 0.0313362 -0.0269711 112.788 
-0.0255932 0.0224737 0.99942 12.1525 0.0309232 0.999287 -0.0216787 -3.19088 -0.999194 0.0303504 -0.0262699 112.789 
-0.0251006 0.0213311 0.999457 12.9322 0.0317893 0.999284 -0.020529 -3.21354 -0.999179 0.0312567 -0.0257607 112.784 
-0.025717 0.0189777 0.999489 13.709 0.0323038 0.999313 -0.0181432 -3.2395 -0.999147 0.0318207 -0.0263124 112.777 
-0.0265991 0.0174147 0.999495 14.5092 0.0300508 0.99941 -0.0166135 -3.26376 -0.999194 0.0295937 -0.0271068 112.765 
-0.0280575 0.0163523 0.999473 15.3041 0.0289698 0.99946 -0.0155388 -3.28622 -0.999186 0.0285185 -0.028516 112.764 
-0.0292404 0.0138433 0.999477 16.119 0.0314489 0.999422 -0.0129225 -3.30652 -0.999078 0.0310546 -0.0296589 112.753 
-0.0303284 0.0122429 0.999465 16.9388 0.0328924 0.999396 -0.0112439 -3.32741 -0.998999 0.0325338 -0.0307127 112.738 
-0.0317961 0.0115142 0.999428 17.7723 0.0302715 0.999486 -0.0105517 -3.35107 -0.999036 0.0299186 -0.0321283 112.725 
-0.0324882 0.0161235 0.999342 18.6019 0.0277367 0.999499 -0.0152243 -3.37563 -0.999087 0.0272238 -0.0329192 112.711 
-0.0332896 0.0209033 0.999227 19.4327 0.0289474 0.999382 -0.0199421 -3.39708 -0.999026 0.0282612 -0.0338741 112.694 
-0.0341412 0.022528 0.999163 20.2719 0.0292708 0.99934 -0.0215318 -3.42386 -0.998988 0.0285112 -0.0347781 112.676 
-0.0357713 0.0204078 0.999152 21.1144 0.0258345 0.999476 -0.0194895 -3.45122 -0.999026 0.0251154 -0.0362798 112.669 
-0.0369666 0.0162774 0.999184 21.9676 0.0228749 0.999619 -0.0154381 -3.48021 -0.999055 0.0222856 -0.0373249 112.66 
-0.0370955 0.0109055 0.999252 22.8161 0.0213766 0.99972 -0.010117 -3.50876 -0.999083 0.0209853 -0.0373183 112.643 
-0.0375007 0.00536882 0.999282 23.6734 0.0177909 0.999831 -0.00470408 -3.52964 -0.999138 0.0176017 -0.0375899 112.634 
-0.0377768 0.00392543 0.999279 24.5313 0.0153305 0.999877 -0.00334818 -3.55682 -0.999169 0.015193 -0.0378323 112.628 
-0.0369786 0.0108507 0.999257 25.3742 0.0179321 0.999787 -0.0101929 -3.58275 -0.999155 0.0175419 -0.0371653 112.611 
-0.0358613 0.0220333 0.999114 26.2048 0.0202944 0.999567 -0.0213148 -3.60613 -0.999151 0.019512 -0.0362929 112.592 
-0.035606 0.0272038 0.998996 27.0477 0.0218262 0.999412 -0.0264371 -3.63091 -0.999128 0.020863 -0.0361789 112.579 
-0.0343062 0.0214346 0.999182 27.8894 0.0233965 0.999513 -0.0206384 -3.66227 -0.999138 0.0226693 -0.0347909 112.564 
-0.0331654 0.0135866 0.999358 28.7288 0.0265333 0.999567 -0.0127088 -3.69382 -0.999098 0.0260948 -0.0335115 112.543 
-0.0326905 0.0106984 0.999408 29.5613 0.0277624 0.999567 -0.00979197 -3.71991 -0.99908 0.0274259 -0.0329734 112.528 
-0.0329733 0.0113379 0.999392 30.3857 0.0263944 0.999597 -0.0104693 -3.7453 -0.999108 0.0260331 -0.0332593 112.519 
-0.0337356 0.0120811 0.999358 31.2078 0.023089 0.99967 -0.0113054 -3.77023 -0.999164 0.0226928 -0.0340034 112.51 
-0.0351207 0.0122847 0.999308 32.0199 0.0211283 0.99971 -0.0115471 -3.79491 -0.99916 0.0207081 -0.0353701 112.486 
-0.0371279 0.0121808 0.999236 32.8316 0.0205757 0.999723 -0.0114222 -3.82077 -0.999099 0.0201359 -0.0373683 112.468 
-0.0389291 0.0126601 0.999162 33.6513 0.0198621 0.999732 -0.0118935 -3.84542 -0.999045 0.0193825 -0.0391701 112.448 
-0.0409981 0.0129461 0.999075 34.459 0.0179322 0.999765 -0.0122191 -3.86974 -0.998998 0.0174147 -0.0412206 112.433 
-0.0430124 0.0120929 0.999001 35.2592 0.0159523 0.999808 -0.0114157 -3.89293 -0.998947 0.0154454 -0.043197 112.417 
-0.0451049 0.0110835 0.998921 36.0624 0.0166276 0.999808 -0.0103425 -3.91758 -0.998844 0.0161432 -0.0452806 112.398 
-0.0466437 0.0113682 0.998847 36.8515 0.0165496 0.999807 -0.0106062 -3.93948 -0.998775 0.0160358 -0.0468228 112.371 
-0.0485092 0.0124449 0.998745 37.6389 0.0166014 0.999794 -0.0116516 -3.9648 -0.998685 0.0160154 -0.0487058 112.351 
-0.0492445 0.0124308 0.998709 38.4202 0.0169087 0.99979 -0.0116105 -3.99284 -0.998644 0.0163151 -0.0494443 112.321 
-0.0504031 0.0111946 0.998666 39.2012 0.0185449 0.999775 -0.0102711 -4.01702 -0.998557 0.0180025 -0.0505993 112.294 
-0.0518253 0.0104785 0.998601 39.982 0.0186599 0.999781 -0.00952243 -4.04095 -0.998482 0.0181403 -0.0520095 112.27 
-0.0534818 0.010121 0.998518 40.7558 0.0174013 0.999806 -0.00920203 -4.06513 -0.998417 0.0168833 -0.0536475 112.252 
-0.054682 0.00905654 0.998463 41.5123 0.0154041 0.999848 -0.00822543 -4.08838 -0.998385 0.0149307 -0.0548132 112.229 
-0.0554304 0.00784194 0.998432 42.2592 0.0143108 0.999873 -0.00705872 -4.11013 -0.99836 0.0138971 -0.0555356 112.206 
-0.0565032 0.00766953 0.998373 42.9833 0.0145077 0.999871 -0.00685993 -4.13201 -0.998297 0.0140965 -0.0566072 112.186 
-0.0566601 0.0100163 0.998343 43.6911 0.014659 0.99985 -0.00919942 -4.1559 -0.998286 0.0141135 -0.0567984 112.159 
-0.0564414 0.012597 0.998326 44.3905 0.0143895 0.999827 -0.0118023 -4.18085 -0.998302 0.0136993 -0.0566129 112.132 
-0.0565645 0.0143275 0.998296 45.0889 0.0125517 0.999828 -0.0136383 -4.20229 -0.99832 0.0117588 -0.0567346 112.109 
-0.0565492 0.0150411 0.998287 45.7833 0.0131657 0.999811 -0.0143183 -4.22748 -0.998313 0.0123335 -0.0567365 112.08 
-0.0561553 0.0150967 0.998308 46.4797 0.0146664 0.99979 -0.0142941 -4.24847 -0.998314 0.0138389 -0.056365 112.047 
-0.056006 0.0147528 0.998321 47.1706 0.0160595 0.999775 -0.0138733 -4.26899 -0.998301 0.0152556 -0.0562303 112.016 
-0.05626 0.0149044 0.998305 47.8569 0.0121428 0.999825 -0.0142428 -4.29241 -0.998342 0.011321 -0.0564311 111.996 
-0.0556705 0.0149783 0.998337 48.5345 0.00998819 0.999846 -0.0144439 -4.31988 -0.998399 0.00916748 -0.0558115 111.972 
-0.0553642 0.0138324 0.99837 49.2185 0.0123614 0.999837 -0.0131672 -4.34152 -0.99839 0.0116123 -0.0555261 111.941 
-0.0562138 0.0133223 0.99833 49.8924 0.0124416 0.999843 -0.0126419 -4.35986 -0.998341 0.0117102 -0.0563707 111.912 
-0.0597219 0.012958 0.998131 50.5714 0.00976733 0.999876 -0.0123962 -4.38251 -0.998167 0.00900875 -0.059841 111.888 
-0.0650544 0.0125609 0.997803 51.2567 0.0059887 0.999908 -0.012197 -4.4073 -0.997864 0.00518207 -0.0651236 111.866 
-0.0707077 0.0162799 0.997364 51.9298 0.00954375 0.999832 -0.0156435 -4.42707 -0.997451 0.00841247 -0.0708512 111.825 
-0.0773581 0.0195189 0.996812 52.6075 0.0119192 0.999755 -0.0186515 -4.44118 -0.996932 0.0104384 -0.0775718 111.781 
-0.0844481 0.0210931 0.996205 53.2807 0.0115652 0.999729 -0.0201873 -4.46359 -0.996361 0.00981649 -0.0846692 111.733 
-0.0905807 0.0201809 0.995685 53.9603 0.00764291 0.999779 -0.0195686 -4.48881 -0.99586 0.00583739 -0.090715 111.686 
-0.0958646 0.0192247 0.995209 54.6455 0.00772179 0.999798 -0.0185695 -4.5114 -0.995364 0.00590463 -0.0959937 111.632 
-0.10055 0.0199599 0.994732 55.3367 0.00529663 0.999795 -0.0195261 -4.53215 -0.994918 0.00330536 -0.100636 111.576 
-0.104402 0.019268 0.994349 56.0357 0.0032305 0.999814 -0.0190347 -4.55512 -0.99453 0.00122497 -0.104445 111.519 
-0.106625 0.0163885 0.994164 56.7407 0.00401565 0.999863 -0.0160517 -4.57265 -0.994291 0.00228069 -0.106677 111.452 
-0.10845 0.0134862 0.99401 57.4541 0.0063932 0.999897 -0.0128685 -4.59147 -0.994081 0.00495932 -0.108525 111.386 
-0.109587 0.010777 0.993919 58.1758 0.00624842 0.999929 -0.0101531 -4.61078 -0.993958 0.00509777 -0.109646 111.32 
-0.110734 0.0106568 0.993793 58.9019 0.00543101 0.999934 -0.0101174 -4.62863 -0.993835 0.00427695 -0.110785 111.255 
-0.110779 0.0145479 0.993739 59.6303 0.00751535 0.999877 -0.0138 -4.64644 -0.993817 0.00593955 -0.110874 111.184 
-0.110494 0.0188758 0.993698 60.3698 0.0135007 0.999756 -0.0174897 -4.66512 -0.993785 0.0114831 -0.110722 111.104 
-0.111043 0.0233544 0.993541 61.1164 0.0207573 0.99956 -0.021176 -4.69353 -0.993599 0.0182718 -0.111478 111.024 
-0.111365 0.0249575 0.993466 61.8626 0.0218948 0.999504 -0.0226548 -4.7128 -0.993538 0.0192288 -0.111856 110.948 
-0.11148 0.022768 0.993506 62.6119 0.0200181 0.999586 -0.0206611 -4.73891 -0.993565 0.0175848 -0.111889 110.878 
-0.111083 0.0177153 0.993653 63.3673 0.0202467 0.999674 -0.0155592 -4.76745 -0.993605 0.0183898 -0.111405 110.806 
-0.110692 0.0156705 0.993731 64.1161 0.0224804 0.999659 -0.0132598 -4.79373 -0.9936 0.0208717 -0.111007 110.727 
-0.111364 0.0152525 0.993663 64.8634 0.0226242 0.999662 -0.012809 -4.8202 -0.993522 0.0210543 -0.111671 110.654 
-0.113048 0.0163213 0.993456 65.6098 0.0214171 0.999673 -0.0139863 -4.84215 -0.993359 0.0196958 -0.113361 110.583 
-0.114881 0.0170516 0.993233 66.3556 0.0207849 0.999675 -0.0147581 -4.86574 -0.993162 0.0189489 -0.115198 110.507 
-0.116802 0.0172484 0.993005 67.1021 0.0220752 0.999647 -0.0147671 -4.89065 -0.99291 0.020196 -0.117141 110.431 
-0.11863 0.0173993 0.992786 67.8482 0.0222304 0.999642 -0.014863 -4.91369 -0.99269 0.0203069 -0.118975 110.356 
-0.120492 0.0172835 0.992564 68.592 0.022703 0.999635 -0.0146505 -4.93674 -0.992455 0.0207689 -0.12084 110.278 
-0.122018 0.0178337 0.992368 69.3439 0.0206507 0.999668 -0.0154257 -4.95744 -0.992313 0.0186109 -0.122346 110.202 
-0.122882 0.0193626 0.992232 70.0935 0.0210294 0.999636 -0.0169026 -4.98299 -0.992198 0.018789 -0.123245 110.122 
-0.123815 0.0196785 0.99211 70.8653 0.0197161 0.999655 -0.0173676 -5.00768 -0.992109 0.0174102 -0.12416 110.041 
-0.12513 0.0201114 0.991937 71.6393 0.0197341 0.999647 -0.0177783 -5.0304 -0.991944 0.0173504 -0.125482 109.962 
-0.12636 0.0186146 0.99181 72.4234 0.0201544 0.999666 -0.0161942 -5.0507 -0.99178 0.017943 -0.126693 109.884 
-0.127393 0.0165392 0.991714 73.213 0.0176008 0.999741 -0.014412 -5.07275 -0.991696 0.0156189 -0.127652 109.803 
-0.129306 0.0146779 0.991496 74.01 0.0149051 0.999806 -0.012857 -5.09372 -0.991493 0.0131158 -0.1295 109.722 
-0.131592 0.0140135 0.991205 74.8019 0.0159239 0.999801 -0.012021 -5.1165 -0.991176 0.014202 -0.131789 109.633 
-0.13322 0.0143434 0.990983 75.5943 0.0173268 0.999776 -0.0121414 -5.14645 -0.990935 0.0155531 -0.133439 109.538 
-0.135579 0.0157675 0.990641 76.3969 0.0168634 0.999765 -0.0136048 -5.16691 -0.990623 0.0148611 -0.135813 109.449 
-0.137164 0.019681 0.990353 77.2115 0.0184799 0.999679 -0.0173069 -5.18722 -0.990376 0.0159277 -0.137483 109.354 
-0.13757 0.0234765 0.990214 78.0198 0.0200907 0.99958 -0.0209073 -5.21608 -0.990288 0.0170179 -0.137984 109.252 
-0.138611 0.027468 0.989966 78.8382 0.0214598 0.999464 -0.0247268 -5.24422 -0.990114 0.017817 -0.139126 109.153 
-0.138435 0.0285286 0.989961 79.6717 0.0235163 0.999398 -0.025512 -5.27516 -0.990092 0.0197485 -0.139023 109.051 
-0.137759 0.0279557 0.990071 80.5076 0.0272548 0.99933 -0.0244249 -5.30731 -0.990091 0.0236195 -0.138429 108.945 
-0.137661 0.0259763 0.990139 81.3488 0.0277684 0.999364 -0.0223576 -5.34021 -0.99009 0.0244168 -0.138295 108.843 
-0.137189 0.0246778 0.990238 82.1973 0.0272683 0.999405 -0.0211284 -5.36763 -0.99017 0.0241036 -0.13778 108.746 
-0.135543 0.0223548 0.990519 83.0464 0.0262511 0.999476 -0.0189647 -5.39702 -0.990424 0.0234316 -0.136059 108.652 
-0.133634 0.0192313 0.990844 83.9014 0.0269784 0.999512 -0.0157609 -5.42587 -0.990663 0.0246252 -0.134088 108.549 
-0.132166 0.0160126 0.991098 84.7635 0.0274721 0.999545 -0.0124856 -5.45017 -0.990847 0.0255774 -0.132546 108.454 
-0.130387 0.0160019 0.991334 85.635 0.0255817 0.999591 -0.0127705 -5.47359 -0.991133 0.0236949 -0.130743 108.357 
-0.12903 0.0202112 0.991435 86.4969 0.0268423 0.999497 -0.0168821 -5.50509 -0.991277 0.0244341 -0.129508 108.263 
-0.127058 0.0265584 0.99154 87.3472 0.0271236 0.999361 -0.0232921 -5.53054 -0.991524 0.0239346 -0.127698 108.172 
-0.125609 0.0300203 0.991626 88.2114 0.0251669 0.999317 -0.0270652 -5.56078 -0.991761 0.0215565 -0.126279 108.081 
-0.124234 0.0275032 0.991872 89.0704 0.023689 0.999413 -0.0247452 -5.59829 -0.99197 0.0204223 -0.124813 107.992 
-0.122852 0.0251224 0.992107 89.9402 0.0247438 0.999446 -0.0222442 -5.63365 -0.992116 0.0218157 -0.123406 107.901 
-0.122052 0.0233574 0.992249 90.8005 0.0254771 0.999467 -0.0203935 -5.669 -0.992197 0.0227906 -0.122582 107.807 
-0.121122 0.0234468 0.992361 91.6778 0.025055 0.999475 -0.0205567 -5.69475 -0.992321 0.0223738 -0.121646 107.715 
-0.120565 0.0234364 0.992429 92.5492 0.0247172 0.999482 -0.0206002 -5.73055 -0.992398 0.0220464 -0.121081 107.625 
-0.119548 0.0218829 0.992587 93.4245 0.0275273 0.999446 -0.0187187 -5.75834 -0.992447 0.0250855 -0.120084 107.53 
-0.118121 0.021186 0.992773 94.2988 0.030292 0.999384 -0.0177229 -5.79176 -0.992537 0.0279796 -0.11869 107.432 
-0.116865 0.0227073 0.992888 95.1616 0.0325923 0.999288 -0.0190174 -5.81992 -0.992613 0.030138 -0.117522 107.335 
-0.115975 0.0248819 0.99294 96.0428 0.0329698 0.999232 -0.0211886 -5.85209 -0.992705 0.0302797 -0.116707 107.246 
-0.114729 0.0265132 0.993043 96.9089 0.030528 0.999266 -0.0231523 -5.8847 -0.992928 0.0276593 -0.115455 107.154 
-0.113874 0.0224196 0.993242 97.7761 0.0255494 0.999481 -0.0196312 -5.91946 -0.993167 0.0231413 -0.114388 107.073 
-0.113816 0.0204238 0.993292 98.6385 0.0208918 0.999617 -0.01816 -5.95382 -0.993282 0.0186848 -0.114199 106.995 
-0.114412 0.0208542 0.993215 99.4974 0.0180893 0.999658 -0.0189057 -5.99308 -0.993269 0.0158035 -0.11475 106.91 
-0.115207 0.0257029 0.993009 100.343 0.0148528 0.999598 -0.0241502 -6.02276 -0.99323 0.0119667 -0.115543 106.826 
-0.116022 0.0281073 0.992849 101.186 0.0143143 0.999543 -0.026624 -6.05979 -0.993143 0.0111229 -0.116372 106.743 
-0.116196 0.0285226 0.992817 102.022 0.015161 0.999522 -0.0269408 -6.09678 -0.993111 0.0119216 -0.116573 106.657 
-0.116553 0.0278938 0.992793 102.85 0.0167332 0.999519 -0.0261183 -6.13733 -0.993044 0.0135684 -0.116964 106.574 
-0.116883 0.0285369 0.992736 103.677 0.0181616 0.999481 -0.0265925 -6.17569 -0.99298 0.0149214 -0.117341 106.488 
-0.117101 0.0319717 0.992605 104.501 0.0197503 0.999359 -0.0298592 -6.21343 -0.992924 0.0161077 -0.117657 106.4 
-0.117608 0.0332118 0.992505 105.318 0.0194503 0.999326 -0.0311352 -6.25343 -0.99287 0.0156427 -0.118175 106.317 
-0.118462 0.0334553 0.992395 106.129 0.0176982 0.999345 -0.031577 -6.29326 -0.992801 0.013823 -0.118977 106.234 
-0.120581 0.0323796 0.992175 106.934 0.0161532 0.9994 -0.0306522 -6.33306 -0.992572 0.0123308 -0.121032 106.153 
-0.123655 0.0335513 0.991758 107.74 0.016207 0.999363 -0.0317878 -6.37652 -0.992193 0.0121427 -0.12412 106.069 
-0.126915 0.0361064 0.991256 108.535 0.0158847 0.999283 -0.034365 -6.42022 -0.991786 0.0113844 -0.127397 105.985 
-0.130319 0.0372525 0.990772 109.321 0.0138997 0.999264 -0.0357435 -6.46364 -0.991375 0.00911334 -0.130741 105.902 
-0.133793 0.0372731 0.990308 110.107 0.0140154 0.999264 -0.0357167 -6.50589 -0.99091 0.00910089 -0.134217 105.815 
-0.136675 0.0360252 0.989961 110.889 0.015464 0.999294 -0.0342299 -6.54838 -0.990495 0.0106304 -0.137136 105.72 
-0.138998 0.0369445 0.989603 111.663 0.0172773 0.999242 -0.0348775 -6.59101 -0.990142 0.0122498 -0.139531 105.62 
-0.140922 0.0412155 0.989163 112.434 0.0125423 0.999127 -0.0398438 -6.63846 -0.989941 0.00679157 -0.141315 105.529 
-0.142612 0.0481722 0.988606 113.203 0.0104771 0.998832 -0.0471591 -6.68718 -0.989723 0.00363233 -0.14295 105.436 
-0.145062 0.0513267 0.98809 113.971 0.0146307 0.998656 -0.0497276 -6.727 -0.989314 0.00724285 -0.145618 105.33 
-0.147646 0.0494607 0.987803 114.744 0.0170261 0.998728 -0.0474628 -6.77232 -0.988894 0.00981071 -0.148301 105.221 
-0.150851 0.0417929 0.987673 115.521 0.015208 0.999086 -0.039953 -6.821 -0.98844 0.00899357 -0.151349 105.119 
-0.153274 0.0395415 0.987392 116.293 0.0139935 0.999186 -0.0378416 -6.87194 -0.988085 0.00801695 -0.153702 105.018 
-0.154722 0.0424258 0.987047 117.053 0.0135058 0.999075 -0.0408257 -6.91531 -0.987866 0.00701421 -0.155152 104.907 
-0.157414 0.0458297 0.986469 117.808 0.0110137 0.998942 -0.0446517 -6.95833 -0.987471 0.0038359 -0.157752 104.803 
-0.160013 0.0483751 0.985929 118.551 0.0104133 0.998826 -0.0473178 -7.0054 -0.98706 0.00269529 -0.160329 104.698 
-0.16161 0.0525035 0.985457 119.29 0.014644 0.998601 -0.0508022 -7.05709 -0.986746 0.00622089 -0.162153 104.583 
-0.163335 0.0571907 0.984912 120.03 0.014975 0.998347 -0.0554874 -7.1051 -0.986457 0.005686 -0.163922 104.469 
-0.166036 0.0594945 0.984323 120.77 0.0145304 0.998218 -0.0578832 -7.1538 -0.986013 0.00469188 -0.166604 104.359 
-0.168359 0.0574328 0.984051 121.516 0.0157102 0.998331 -0.0555783 -7.20131 -0.985601 0.00610247 -0.168981 104.247 
-0.17229 0.0536937 0.983582 122.26 0.019766 0.998501 -0.0510457 -7.25908 -0.984848 0.0106468 -0.173093 104.128 
-0.177959 0.0524787 0.982638 122.998 0.0221978 0.998537 -0.0493077 -7.3078 -0.983788 0.0130377 -0.178864 104.004 
-0.184205 0.0508338 0.981573 123.731 0.0209362 0.998638 -0.0477886 -7.36148 -0.982665 0.0117475 -0.185018 103.88 
-0.19251 0.0514349 0.979946 124.466 0.0199808 0.998624 -0.04849 -7.40675 -0.981092 0.0102452 -0.193273 103.748 
-0.203087 0.052184 0.977769 125.19 0.0193107 0.998598 -0.0492847 -7.4507 -0.97897 0.00887235 -0.20381 103.609 
-0.214796 0.053292 0.975204 125.91 0.0199562 0.998541 -0.0501718 -7.49693 -0.976455 0.00868472 -0.215546 103.455 
-0.227585 0.0539143 0.972265 126.625 0.0213391 0.998502 -0.0503743 -7.54633 -0.973524 0.00928282 -0.228395 103.3 
-0.239117 0.0540496 0.969485 127.33 0.0245284 0.998467 -0.0496156 -7.592 -0.970681 0.011916 -0.240076 103.127 
-0.250135 0.0541076 0.966698 128.034 0.0280032 0.998424 -0.0486374 -7.63935 -0.967806 0.0149048 -0.251256 102.947 
-0.260351 0.0539394 0.964006 128.734 0.0318943 0.998374 -0.0472486 -7.68734 -0.964987 0.0184451 -0.261648 102.762 
-0.269228 0.0544063 0.961538 129.429 0.0376828 0.998234 -0.0459315 -7.73472 -0.962339 0.0238674 -0.270803 102.571 
-0.276845 0.0544752 0.959369 130.118 0.0431042 0.998091 -0.0442352 -7.78067 -0.959947 0.0291065 -0.278665 102.373 
-0.283271 0.0547365 0.957477 130.815 0.0433526 0.99808 -0.0442317 -7.82565 -0.95806 0.0289795 -0.2851 102.178 
-0.287984 0.052748 0.956181 131.5 0.0472263 0.998049 -0.0408339 -7.86873 -0.95647 0.0333974 -0.289914 101.978 
-0.289924 0.0500757 0.955739 132.185 0.0535066 0.997916 -0.0360543 -7.90801 -0.955553 0.0406854 -0.291999 101.771 
-0.291023 0.0487135 0.955475 132.858 0.0595338 0.99769 -0.0327326 -7.94352 -0.954862 0.0473571 -0.29325 101.567 
-0.291743 0.0473231 0.955325 133.529 0.062148 0.997603 -0.0304382 -7.98407 -0.954476 0.0504914 -0.293985 101.366 
-0.291272 0.0527042 0.955187 134.189 0.0646968 0.997281 -0.0352983 -8.02136 -0.95445 0.0515161 -0.29389 101.172 
-0.289931 0.0560279 0.955406 134.855 0.0641963 0.997175 -0.0389961 -8.05661 -0.954892 0.0500273 -0.292709 100.982 
-0.289281 0.0561188 0.955598 135.516 0.066019 0.997073 -0.0385689 -8.09017 -0.954965 0.0519303 -0.292139 100.793 
-0.287363 0.0544356 0.956274 136.172 0.0670491 0.997078 -0.0366098 -8.12904 -0.955472 0.0535969 -0.290173 100.603 
-0.285373 0.0515649 0.957028 136.827 0.0694087 0.997042 -0.033024 -8.17085 -0.9559 0.0570019 -0.288108 100.413 
-0.284069 0.0521312 0.957386 137.474 0.0699693 0.996986 -0.0335266 -8.20924 -0.956247 0.0574637 -0.28686 100.229 
-0.281489 0.0546387 0.958008 138.117 0.0711448 0.996818 -0.0359478 -8.24337 -0.956923 0.0580383 -0.284481 100.05 
-0.277291 0.0564113 0.959129 138.754 0.0723642 0.996666 -0.0376979 -8.27753 -0.958057 0.0589533 -0.280449 99.8759 
-0.271808 0.0554837 0.960751 139.389 0.0734025 0.996624 -0.0367889 -8.31442 -0.959548 0.060522 -0.274963 99.7056 
-0.266243 0.0537661 0.962405 140.021 0.0748898 0.996579 -0.0349575 -8.35118 -0.960992 0.0627671 -0.269358 99.5382 
-0.261656 0.0519197 0.963764 140.645 0.0742685 0.996675 -0.0335292 -8.38708 -0.962299 0.0628041 -0.264642 99.3805 
-0.257357 0.050812 0.96498 141.266 0.0746085 0.99668 -0.0325834 -8.42556 -0.963432 0.0636101 -0.260294 99.2225 
-0.253529 0.0492717 0.966072 141.893 0.075248 0.99668 -0.0310853 -8.4604 -0.964397 0.064814 -0.256395 99.0722 
-0.249641 0.0478274 0.967157 142.507 0.0786899 0.996478 -0.0289661 -8.48984 -0.965136 0.0688743 -0.252525 98.9205 
-0.24585 0.0463226 0.9682 143.114 0.0806501 0.996372 -0.0271913 -8.51874 -0.965947 0.0714005 -0.248694 98.7729 
-0.242619 0.0446392 0.969094 143.724 0.0785459 0.996565 -0.0262401 -8.55424 -0.966937 0.069752 -0.245292 98.6363 
-0.238875 0.0458291 0.969968 144.323 0.0760843 0.996698 -0.0283546 -8.58591 -0.968065 0.0670262 -0.241573 98.5037 
-0.234192 0.0490621 0.970952 144.911 0.0774486 0.996493 -0.0316722 -8.62005 -0.969101 0.0677815 -0.237171 98.3712 
-0.228484 0.0523057 0.972142 145.495 0.0791785 0.996246 -0.0349932 -8.64966 -0.970323 0.0689773 -0.231767 98.242 
-0.221591 0.0529947 0.973699 146.082 0.0781389 0.996276 -0.0364409 -8.68364 -0.972004 0.0680088 -0.224906 98.1202 
-0.213115 0.0512397 0.975683 146.675 0.0748171 0.996548 -0.0359933 -8.71816 -0.974158 0.065327 -0.216213 98.0096 
-0.202455 0.049365 0.978047 147.263 0.0739069 0.996651 -0.0350053 -8.75087 -0.976499 0.0651974 -0.205425 97.9044 
