1 2.12261e-08 -2.11895e-08 0 2.12261e-08 1 2.10703e-08 0 -2.11895e-08 2.10703e-08 1 0 
0.999997 0.000871528 0.00215811 -0.0289444 -0.000868938 0.999999 -0.00118076 -0.0139698 -0.00215918 0.00117893 0.999997 1.22952 
0.999993 0.00108754 0.00358738 -0.0464175 -0.0010846 0.999999 -0.00081064 -0.02996 -0.0035883 0.000806786 0.999993 2.44179 
0.999989 0.000636848 0.0045945 -0.0639995 -0.000634735 1 -0.000451995 -0.0532069 -0.00459482 0.000449116 0.999989 3.6545 
0.999989 0.000117504 0.00478946 -0.0729487 -0.0001146 1 -0.000597738 -0.0699829 -0.00478958 0.000597224 0.999988 4.85902 
0.999985 8.29896e-05 0.00550267 -0.0856361 -8.1805e-05 1 -0.000207766 -0.0941872 -0.00550273 0.000207355 0.999985 6.06665 
0.99998 0.000583379 0.00627908 -0.101286 -0.000575857 0.999999 -0.00119278 -0.117783 -0.00627982 0.00118918 0.99998 7.27632 
0.999978 0.00019442 0.0066239 -0.109327 -0.000185178 0.999999 -0.00138932 -0.144785 -0.0066242 0.0013881 0.999977 8.48242 
0.99998 -0.000368328 0.00632164 -0.110818 0.000368959 1 -9.19196e-05 -0.162482 -0.00632165 9.42922e-05 0.99998 9.71493 
0.999988 -0.00103795 0.00479485 -0.122796 0.0010345 0.999999 0.000731507 -0.184935 -0.00479565 -0.000726496 0.999988 10.9229 
0.999995 -0.00204115 0.0023022 -0.132431 0.00204128 0.999998 -3.64847e-05 -0.199428 -0.00230217 4.12261e-05 0.999997 12.1287 
0.999998 -0.00165543 0.000640992 -0.164531 0.00165587 0.999998 -0.000627825 -0.219968 -0.000639994 0.000628927 1 13.3212 
0.999999 -0.00141002 -0.00050332 -0.194246 0.00140975 0.999999 -0.000613402 -0.244458 0.000504142 0.000612734 1 14.5357 
0.999999 -0.000285657 -0.00133691 -0.219643 0.000284537 1 -0.000869139 -0.264615 0.00133711 0.0008688 0.999999 15.7426 
0.999997 -0.00107754 -0.00213552 -0.245025 0.00107554 0.999999 -0.000955039 -0.288231 0.00213651 0.000952781 0.999997 16.9489 
0.999996 -0.0014381 -0.00243154 -0.277544 0.00143683 0.999999 -0.000539964 -0.306825 0.00243227 0.00053651 0.999997 18.1643 
0.999994 -0.0019987 -0.00284598 -0.307053 0.00199743 0.999998 -0.000466222 -0.327758 0.00284686 0.000460576 0.999996 19.3754 
0.999993 -0.00174819 -0.0032605 -0.343025 0.00174353 0.999997 -0.00144405 -0.349195 0.00326297 0.0014384 0.999994 20.5889 
0.99999 -0.00172017 -0.0041931 -0.357829 0.00171029 0.999996 -0.00236857 -0.366306 0.00419711 0.00236142 0.999988 21.8158 
0.999988 -0.000754853 -0.0048986 -0.391222 0.000745471 0.999998 -0.00192537 -0.388015 0.0049 0.00192174 0.999986 23.0594 
0.999984 -0.000923202 -0.00563057 -0.424412 0.000911382 0.999997 -0.00210899 -0.413794 0.00563246 0.00210387 0.999982 24.2723 
0.999979 -0.000905008 -0.00645532 -0.457309 0.000886714 0.999996 -0.00284283 -0.436223 0.00645782 0.00283709 0.999975 25.4906 
0.999972 -0.000976137 -0.00742269 -0.487253 0.000959373 0.999997 -0.00226743 -0.460056 0.00742484 0.00226029 0.99997 26.6947 
0.999965 -0.00203674 -0.00807809 -0.518179 0.00203193 0.999998 -0.000609065 -0.479182 0.00807927 0.000592672 0.999967 27.9021 
0.999953 -0.00246795 -0.00941172 -0.539965 0.00246123 0.999997 -0.000730527 -0.501041 0.00941345 0.00070737 0.999955 29.1232 
0.999942 -0.00313804 -0.0102879 -0.570388 0.00312087 0.999994 -0.00168871 -0.52234 0.0102931 0.00165655 0.999946 30.3267 
0.999929 -0.00373592 -0.0112967 -0.603853 0.00370751 0.99999 -0.00253837 -0.550853 0.011306 0.00249635 0.999933 31.5393 
0.99992 -0.00324512 -0.0122233 -0.635661 0.00321684 0.999992 -0.00233612 -0.579312 0.0122308 0.00229665 0.999923 32.742 
0.999911 -0.00392249 -0.0127229 -0.673881 0.00389983 0.999991 -0.00180838 -0.606246 0.0127299 0.00175865 0.999917 33.9376 
0.999902 -0.00404999 -0.0134117 -0.713272 0.00403042 0.999991 -0.00148837 -0.630294 0.0134176 0.00143421 0.999909 35.1488 
0.999893 -0.00449527 -0.0139586 -0.753535 0.00447323 0.999989 -0.0016132 -0.653796 0.0139656 0.00155063 0.999901 36.3499 
0.999877 -0.00501243 -0.0148556 -0.781595 0.00499395 0.999987 -0.00128365 -0.692244 0.0148618 0.00120934 0.999889 37.5848 
0.999871 -0.00568948 -0.0149933 -0.817561 0.00567755 0.999984 -0.00084094 -0.710361 0.0149978 0.000755749 0.999887 38.8041 
0.999881 -0.00539712 -0.0144351 -0.874536 0.00539793 0.999985 1.43623e-05 -0.723882 0.0144348 -9.22379e-05 0.999896 40.0299 
0.999882 -0.00508577 -0.0145081 -0.910408 0.00510059 0.999987 0.000982141 -0.751379 0.0145028 -0.00105598 0.999894 41.2528 
0.999885 -0.00445886 -0.0144734 -0.950514 0.00446635 0.99999 0.000482582 -0.773176 0.0144711 -0.000547127 0.999895 42.4775 
0.999902 -0.00313525 -0.0136372 -1.00577 0.00314277 0.999995 0.000526661 -0.794232 0.0136354 -0.000569425 0.999907 43.7043 
0.999913 -0.000480217 -0.0131491 -1.04421 0.000509749 0.999997 0.00223948 -0.813274 0.0131479 -0.00224594 0.999911 44.9371 
0.999931 -0.000641246 -0.011763 -1.07957 0.000702232 0.999986 0.00517757 -0.829732 0.0117595 -0.00518543 0.999917 46.1489 
0.99995 -0.000179331 -0.0100233 -1.11377 0.000259917 0.999968 0.00803484 -0.846741 0.0100215 -0.008037 0.999918 47.363 
0.999968 0.000425544 -0.00805445 -1.15133 -0.000334735 0.999937 0.0112671 -0.855943 0.00805869 -0.011264 0.999904 48.5824 
0.999977 -0.000563362 -0.00671085 -1.1818 0.000647346 0.999922 0.0125127 -0.864669 0.00670323 -0.0125168 0.999899 49.8018 
0.999981 -0.00238087 -0.00564764 -1.19957 0.00244246 0.999937 0.0109162 -0.86805 0.00562125 -0.0109297 0.999925 51.0154 
0.999989 -0.00122295 -0.00464336 -1.22434 0.00126466 0.999959 0.0089831 -0.871127 0.00463214 -0.00898883 0.999949 52.2273 
0.999991 -0.000964476 -0.00409351 -1.24818 0.00099845 0.999965 0.0082954 -0.877597 0.00408532 -0.00829938 0.999957 53.4474 
0.999991 -0.00160056 -0.00402241 -1.27146 0.00163234 0.999968 0.00789732 -0.892558 0.0040096 -0.00790377 0.999961 54.6578 
0.999986 -0.00240515 -0.00473986 -1.30281 0.00243711 0.999974 0.00673937 -0.90528 0.00472348 -0.00675079 0.999966 55.8733 
0.999979 -0.00199723 -0.00622534 -1.33496 0.00204148 0.999973 0.00710236 -0.917089 0.00621094 -0.00711488 0.999955 57.0805 
0.99997 -0.00202192 -0.00750116 -1.37013 0.0020849 0.999963 0.00839166 -0.927426 0.00748387 -0.008407 0.999937 58.2991 
0.999962 -0.00177105 -0.00854898 -1.40334 0.00184491 0.999961 0.00863483 -0.939849 0.00853331 -0.00865023 0.999926 59.5105 
0.999955 -0.00107516 -0.0093803 -1.43869 0.00115365 0.999964 0.00836101 -0.952963 0.00937094 -0.00837142 0.999921 60.7189 
0.999956 -0.000782148 -0.00937528 -1.48214 0.000858666 0.999966 0.00815588 -0.965507 0.00936854 -0.00816353 0.999923 61.9431 
0.999955 -0.00154138 -0.00939184 -1.51763 0.00161496 0.999968 0.00782752 -0.981551 0.00937943 -0.00784229 0.999925 63.1524 
0.999948 -0.00279916 -0.00981351 -1.549 0.00286692 0.999972 0.00689393 -0.995543 0.0097939 -0.00692166 0.999928 64.3626 
0.999942 -0.0026113 -0.0104357 -1.57933 0.002698 0.999962 0.00829907 -1.01049 0.0104136 -0.0083267 0.999911 65.5697 
0.999938 -0.00300973 -0.010766 -1.61357 0.00311644 0.999946 0.00990429 -1.02761 0.0107356 -0.00993718 0.999893 66.7813 
0.999939 -0.00230297 -0.0108487 -1.64733 0.00239202 0.999964 0.0081979 -1.03976 0.0108294 -0.0082233 0.999908 67.9993 
0.999945 -0.000967251 -0.0104739 -1.69307 0.00104261 0.999974 0.00718795 -1.05457 0.0104666 -0.00719843 0.999919 69.2034 
0.999949 0.0015453 -0.0100343 -1.73668 -0.00147145 0.999972 0.00735881 -1.06533 0.0100454 -0.00734362 0.999923 70.4157 
0.999951 0.00346936 -0.00931907 -1.78286 -0.00339966 0.999966 0.0074806 -1.07793 0.00934467 -0.00744851 0.999929 71.621 
0.999947 0.00501373 -0.00903745 -1.81977 -0.00494397 0.999958 0.00772041 -1.08865 0.00907573 -0.00767527 0.999929 72.8264 
0.999952 0.00580586 -0.0079051 -1.85504 -0.00573775 0.999947 0.00860583 -1.10075 0.0079546 -0.00856002 0.999932 74.0039 
0.999955 0.0075335 -0.00570984 -1.89178 -0.00748081 0.99993 0.00918738 -1.11056 0.00577861 -0.00914422 0.999942 75.1943 
0.999978 0.00598895 -0.00294621 -1.91987 -0.00596821 0.999958 0.00698627 -1.12577 0.00298789 -0.00696848 0.999971 76.387 
0.999995 0.00319397 -0.000242757 -1.94049 -0.00319338 0.999992 0.00223267 -1.14387 0.000249844 -0.00223184 0.999998 77.5691 
0.999988 0.0046188 0.0019153 -1.95803 -0.00462169 0.999988 0.00153259 -1.1568 -0.00190825 -0.00154138 0.999997 78.7508 
0.999983 0.00325207 0.00475088 -1.97428 -0.00327667 0.999981 0.00518916 -1.17549 -0.00473396 -0.0052046 0.999975 79.9295 
0.99996 0.00376995 0.0081514 -1.98764 -0.00382289 0.999972 0.00649385 -1.19195 -0.00812673 -0.00652471 0.999946 81.1086 
0.99991 0.00422333 0.0126982 -1.99803 -0.00428192 0.99998 0.00459368 -1.20501 -0.0126786 -0.0046476 0.999909 82.2778 
0.99985 0.00341897 0.0169793 -2.00838 -0.00345175 0.999992 0.00190378 -1.22633 -0.0169727 -0.00196206 0.999854 83.4312 
0.999775 0.00269482 0.0210507 -2.0111 -0.00266103 0.999995 -0.00163082 -1.24596 -0.021055 0.00157448 0.999777 84.5808 
0.999694 0.00167552 0.0246775 -1.99854 -0.00161768 0.999996 -0.002362 -1.27212 -0.0246814 0.0023214 0.999693 85.7346 
0.999588 0.00144176 0.0286842 -1.99283 -0.00142531 0.999999 -0.000592453 -1.29825 -0.0286851 0.000551366 0.999588 86.8756 
0.999464 0.00269532 0.0326233 -1.97995 -0.00269515 0.999996 -4.77701e-05 -1.32096 -0.0326233 -4.01388e-05 0.999468 88.0361 
0.999313 0.00236858 0.0369798 -1.97097 -0.0022798 0.999994 -0.00244171 -1.33838 -0.0369854 0.00235577 0.999313 89.2099 
0.999173 0.00198281 0.0406042 -1.94845 -0.00179214 0.999987 -0.00473055 -1.36377 -0.0406131 0.00465391 0.999164 90.3704 
0.999027 0.00242626 0.0440287 -1.92369 -0.00220228 0.999984 -0.00513383 -1.38786 -0.0440405 0.00503191 0.999017 91.5313 
0.998903 0.000887303 0.0468234 -1.8883 -0.000703092 0.999992 -0.00394955 -1.41161 -0.0468266 0.00391233 0.998895 92.6937 
0.998788 -0.000224363 0.0492189 -1.84354 0.000345592 0.999997 -0.00245368 -1.43321 -0.0492182 0.00246775 0.998785 93.8623 
0.998671 -0.00101006 0.0515324 -1.78535 0.00104289 0.999999 -0.000609377 -1.45527 -0.0515318 0.00066235 0.998671 95.0503 
0.998554 -0.00278047 0.0536796 -1.74031 0.00275828 0.999996 0.00048835 -1.47581 -0.0536808 -0.00033954 0.998558 96.219 
0.998404 -0.00326674 0.0563779 -1.70468 0.00337108 0.999993 -0.00175493 -1.49469 -0.0563718 0.00194222 0.998408 97.405 
0.998258 -0.00426315 0.0588504 -1.6704 0.0046161 0.999972 -0.00586209 -1.49963 -0.0588238 0.00612358 0.99825 98.6002 
0.99814 -0.00325056 0.0608848 -1.62301 0.00378098 0.999956 -0.00859803 -1.52423 -0.0608542 0.00881228 0.998108 99.7848 
0.998056 -0.00307059 0.0622419 -1.56722 0.00367364 0.999947 -0.00957595 -1.54553 -0.0622093 0.00978604 0.998015 100.967 
0.998017 -0.00244464 0.0628951 -1.52103 0.00303142 0.999953 -0.00923511 -1.56645 -0.0628696 0.0094075 0.997977 102.123 
0.998051 -0.00218536 0.0623694 -1.47629 0.00266762 0.999967 -0.00764938 -1.58627 -0.0623506 0.00780088 0.998024 103.348 
0.998147 -0.00312217 0.0607624 -1.40761 0.00350731 0.999974 -0.00623216 -1.61024 -0.0607414 0.00643377 0.998133 104.592 
0.998259 -0.00274333 0.0589255 -1.36328 0.00306392 0.999981 -0.0053502 -1.63869 -0.0589098 0.00552147 0.998248 105.805 
0.99837 -0.00243996 0.0570149 -1.33256 0.0027247 0.999984 -0.00491626 -1.66374 -0.057002 0.00506364 0.998361 107.048 
0.998539 -0.00189208 0.0539989 -1.28801 0.00215982 0.999986 -0.00489944 -1.68915 -0.0539889 0.00500895 0.998529 108.276 
0.998732 -0.000143619 0.050341 -1.25337 0.000427772 0.999984 -0.00563296 -1.71 -0.0503395 0.0056474 0.998716 109.501 
0.99892 -8.09296e-06 0.0464636 -1.21977 0.000240554 0.999988 -0.00499656 -1.74009 -0.046463 0.00500238 0.998908 110.72 
0.999093 0.000713842 0.0425702 -1.19337 -0.000534418 0.999991 -0.00422499 -1.76234 -0.0425729 0.00419845 0.999085 111.946 
0.999264 0.000971285 0.0383426 -1.1652 -0.000848863 0.999995 -0.00320785 -1.79135 -0.0383455 0.00317298 0.99926 113.18 
0.999412 0.000857109 0.034266 -1.15965 -0.000773095 0.999997 -0.00246372 -1.82444 -0.0342681 0.00243583 0.99941 114.444 
0.999555 0.00163229 0.0297806 -1.15775 -0.00155759 0.999996 -0.00252988 -1.84946 -0.0297847 0.00248241 0.999553 115.707 
0.999687 0.00245724 0.0249107 -1.15655 -0.00239448 0.999994 -0.00254735 -1.87243 -0.0249169 0.00248694 0.999686 116.952 
0.999796 0.00255594 0.0200616 -1.1582 -0.00250056 0.999993 -0.00278264 -1.89973 -0.0200686 0.00273194 0.999795 118.202 
0.999874 0.00367836 0.0154341 -1.1699 -0.00362761 0.999988 -0.0033119 -1.92506 -0.0154461 0.00325553 0.999875 119.453 
0.999913 0.00556441 0.0119223 -1.17801 -0.00552459 0.999979 -0.00336669 -1.94999 -0.0119408 0.00330057 0.999923 120.699 
0.999923 0.00745387 0.00991679 -1.20422 -0.00742122 0.999967 -0.00332082 -1.9724 -0.00994126 0.00324701 0.999945 121.989 
0.999918 0.00897594 0.00913034 -1.22206 -0.00894038 0.999952 -0.0039235 -1.99012 -0.00916517 0.00384159 0.999951 123.264 
0.999898 0.0112639 0.00881591 -1.25016 -0.01123 0.999929 -0.00387745 -2.01365 -0.008859 0.00377809 0.999954 124.514 
0.99989 0.0125891 0.00783722 -1.26046 -0.012566 0.999917 -0.00298313 -2.03727 -0.00787417 0.00288436 0.999965 125.769 
0.999889 0.0128647 0.00749965 -1.27847 -0.0128458 0.999914 -0.00254698 -2.06343 -0.00753182 0.0024504 0.999969 127.034 
0.999843 0.0165579 0.00633887 -1.29727 -0.0165535 0.999863 -0.000729168 -2.08262 -0.00635011 0.000624164 0.99998 128.298 
0.999833 0.0173215 0.00577741 -1.31624 -0.0173358 0.999847 0.00244273 -2.10196 -0.00573425 -0.00254244 0.99998 129.566 
0.999852 0.0164066 0.00519368 -1.33686 -0.0164178 0.999863 0.00212052 -2.11943 -0.00515822 -0.00220544 0.999984 130.834 
0.999856 0.0162854 0.00470916 -1.35405 -0.0162883 0.999867 0.000584688 -2.13636 -0.00469906 -0.000661266 0.999989 132.118 
0.999897 0.013666 0.00430858 -1.38276 -0.0136728 0.999905 0.00156294 -2.15517 -0.00428686 -0.00162165 0.99999 133.417 
0.999927 0.0114563 0.00371951 -1.41421 -0.0114693 0.999928 0.00352019 -2.17268 -0.00367896 -0.00356255 0.999987 134.722 
0.999964 0.00792632 0.00304309 -1.42593 -0.00794236 0.999954 0.00530756 -2.18486 -0.00300092 -0.0053315 0.999981 136.008 
0.99998 0.00579853 0.0024811 -1.44152 -0.00581408 0.999963 0.00632763 -2.19797 -0.00244436 -0.00634189 0.999977 137.277 
0.999994 0.0016628 0.00297333 -1.46219 -0.00167577 0.999989 0.00437877 -2.21178 -0.00296606 -0.00438369 0.999986 138.55 
0.999995 -0.00119629 0.00291655 -1.47946 0.00118714 0.999994 0.00315413 -2.2238 -0.00292035 -0.00315061 0.999991 139.825 
0.999992 -0.00261512 0.00309543 -1.49524 0.00260587 0.999992 0.0030036 -2.24138 -0.0031033 -0.00299547 0.999991 141.093 
0.999991 -0.00248917 0.00357434 -1.515 0.00247732 0.999991 0.00332771 -2.25885 -0.00358264 -0.00331878 0.999988 142.372 
0.99999 -0.00174394 0.00405959 -1.53528 0.00172282 0.999985 0.00521058 -2.2742 -0.00406866 -0.00520349 0.999978 143.66 
0.999988 0.000164999 0.00498689 -1.55624 -0.000197744 0.999978 0.00657501 -2.28808 -0.00498574 -0.00657588 0.999966 144.958 
0.999982 0.000385679 0.0059126 -1.58657 -0.000415215 0.999987 0.00500214 -2.31249 -0.00591064 -0.00500447 0.99997 146.268 
0.999979 0.000692738 0.00641145 -1.60196 -0.000711475 0.999996 0.00292719 -2.32497 -0.00640944 -0.00293165 0.999975 147.55 
0.999975 0.000746552 0.00703947 -1.62191 -0.000750025 1 0.000496894 -2.34614 -0.00703914 -0.00050212 0.999975 148.84 
0.999973 -0.000468281 0.00735633 -1.63564 0.000495222 0.999993 -0.0036552 -2.36755 -0.00735461 0.00365878 0.999966 150.132 
0.99997 -0.000367373 0.00779577 -1.65222 0.000424636 0.999973 -0.00733946 -2.395 -0.0077929 0.00734259 0.999943 151.422 
0.999968 -0.000437845 0.00797775 -1.66579 0.000506188 0.999963 -0.00856133 -2.42348 -0.00797375 0.00856514 0.999932 152.711 
0.999967 -0.000715803 0.00810534 -1.68446 0.000784144 0.999964 -0.00842625 -2.45676 -0.00809906 0.00843237 0.999932 153.988 
0.999969 -0.000496518 0.00782944 -1.70029 0.000559 0.999968 -0.0079747 -2.4906 -0.00782527 0.00797887 0.999938 155.279 
0.999971 0.000316569 0.00760998 -1.7136 -0.00026129 0.999974 -0.0072583 -2.52154 -0.00761212 0.00725615 0.999945 156.566 
0.999972 0.000689522 0.00742096 -1.72915 -0.000639209 0.999977 -0.00677429 -2.55276 -0.0074255 0.0067694 0.99995 157.848 
0.999975 0.000972323 0.00697027 -1.7473 -0.000923613 0.999975 -0.00698198 -2.59033 -0.00697693 0.00697541 0.999951 159.108 
0.999982 0.00106351 0.00584289 -1.75534 -0.00102302 0.999976 -0.0069208 -2.61967 -0.00585015 0.00691474 0.999959 160.39 
0.999987 0.000433168 0.00501772 -1.77164 -0.000404871 0.999984 -0.00563063 -2.65406 -0.00502012 0.00562857 0.999972 161.699 
0.999989 0.00124215 0.00462213 -1.79789 -0.00121726 0.999985 -0.0053738 -2.68593 -0.00462878 0.00536815 0.999975 162.967 
0.999991 0.0014386 0.00409172 -1.82093 -0.00141352 0.99998 -0.00611492 -2.72267 -0.00410048 0.00610912 0.999973 164.247 
0.999991 0.00193691 0.00372121 -1.84682 -0.00191019 0.999973 -0.00715934 -2.75602 -0.00373502 0.00715221 0.999967 165.525 
0.999993 0.00264581 0.0027057 -1.86139 -0.00262603 0.99997 -0.00727266 -2.78788 -0.0027249 0.00726554 0.99997 166.8 
0.999996 0.00210755 0.00187349 -1.88416 -0.00209238 0.999966 -0.00803675 -2.8249 -0.0018904 0.00803284 0.999966 168.065 
0.999996 0.0024199 0.00114618 -1.90811 -0.00240934 0.999956 -0.00909291 -2.8576 -0.00116817 0.00909016 0.999958 169.347 
0.999997 0.00222747 0.000748633 -1.94788 -0.00222098 0.999961 -0.00850791 -2.89701 -0.000767598 0.00850627 0.999964 170.618 
0.999997 0.00232319 -2.72999e-05 -1.97224 -0.00232328 0.999972 -0.00709921 -2.93347 1.0764e-05 0.0070993 0.999975 171.895 
0.999997 0.00222409 -0.000681148 -1.99896 -0.00222863 0.999974 -0.00680316 -2.96574 0.000665957 0.0068047 0.999977 173.177 
0.999997 0.00171512 -0.00166422 -2.02163 -0.00172553 0.999979 -0.00630104 -2.99663 0.00165333 0.00630394 0.999979 174.429 
0.999994 0.00250864 -0.00226458 -2.05498 -0.00252258 0.999978 -0.00619273 -3.02587 0.00224895 0.00619845 0.999978 175.722 
0.999994 0.0022417 -0.00247917 -2.08984 -0.00225852 0.999974 -0.00682078 -3.06245 0.00246378 0.00682638 0.999974 176.998 
0.99999 0.00343781 -0.00298579 -2.12071 -0.00345963 0.999967 -0.00735022 -3.09347 0.00296038 0.00736052 0.999969 178.276 
0.99999 0.00318362 -0.00325739 -2.15636 -0.00320642 0.99997 -0.00703234 -3.12629 0.00323486 0.00704275 0.99997 179.562 
0.99999 0.00333386 -0.00298436 -2.1913 -0.00335839 0.99996 -0.00826745 -3.15701 0.00295663 0.00827744 0.999961 180.849 
0.999993 0.00185259 -0.00322672 -2.21526 -0.00188418 0.99995 -0.00982995 -3.19093 0.0032083 0.009836 0.999947 182.134 
0.999993 -0.00102951 -0.00360605 -2.23663 0.000995458 0.999955 -0.00944405 -3.22685 0.00361556 0.00944043 0.999949 183.41 
0.999992 -0.000962191 -0.003948 -2.26713 0.000939071 0.999982 -0.00586469 -3.2579 0.00395353 0.00586097 0.999975 184.677 
0.999991 -0.00177314 -0.00397721 -2.29944 0.00176752 0.999997 -0.00142786 -3.28957 0.00397969 0.00142086 0.999991 185.944 
0.999991 -0.000827149 -0.00408051 -2.32435 0.000818709 0.999998 -0.00207998 -3.31569 0.00408218 0.00207666 0.99999 187.202 
0.999993 0.00125555 -0.00362412 -2.35807 -0.00127498 0.999985 -0.00537499 -3.34015 0.00361727 0.00537962 0.999979 188.443 
0.999991 0.00144336 -0.00398847 -2.39364 -0.00147356 0.99997 -0.00758798 -3.36909 0.00397735 0.00759383 0.999963 189.678 
0.999992 0.000531087 -0.00407749 -2.4223 -0.000560311 0.999974 -0.0071798 -3.40468 0.00407353 0.00718207 0.999966 190.93 
0.999994 0.000624779 -0.00355625 -2.45789 -0.000646115 0.999982 -0.00601356 -3.43595 0.00355239 0.00601586 0.999976 192.167 
0.999995 0.00104774 -0.00310545 -2.48456 -0.00106008 0.999992 -0.00398886 -3.46899 0.0031012 0.00399217 0.999987 193.436 
0.999998 0.000238855 -0.00193246 -2.51488 -0.000245015 0.999995 -0.00321003 -3.49671 0.00193164 0.00321054 0.999993 194.688 
1 0.000261465 -0.000522906 -2.54156 -0.000263388 0.999993 -0.00376341 -3.5256 0.000521876 0.00376359 0.999993 195.933 
0.999999 -0.00152485 0.00071754 -2.564 0.00152867 0.999985 -0.00530161 -3.55878 -0.000709487 0.00530274 0.999986 197.166 
0.999997 -0.00178632 0.0019624 -2.58021 0.00179957 0.999976 -0.00674864 -3.59205 -0.00195034 0.00675219 0.999975 198.405 
0.99999 -0.00248186 0.00360797 -2.60678 0.00250762 0.999971 -0.00714112 -3.6277 -0.00359018 0.00715014 0.999968 199.635 
0.999984 -0.00194364 0.0052832 -2.62878 0.00197788 0.999977 -0.0064765 -3.65926 -0.00527053 0.00648689 0.999965 200.861 
0.999976 -0.00223236 0.00656011 -2.64393 0.00226267 0.999987 -0.00460926 -3.69084 -0.00654978 0.00462403 0.999968 202.075 
0.99997 -0.00150407 0.00765941 -2.65956 0.00153626 0.99999 -0.00419217 -3.71835 -0.00765307 0.00420385 0.999962 203.29 
0.999961 -0.00188211 0.00861738 -2.67281 0.00191986 0.999989 -0.00437006 -3.74537 -0.0086091 0.00438647 0.999953 204.517 
0.999951 -0.00182733 0.00973914 -2.6899 0.00187009 0.999989 -0.00437923 -3.77117 -0.00973107 0.00439727 0.999943 205.734 
0.999942 -0.00198135 0.0106314 -2.6945 0.00202648 0.999989 -0.00423218 -3.80046 -0.010623 0.00425352 0.999935 206.935 
0.99993 -0.00140335 0.0117724 -2.71176 0.00145648 0.999989 -0.00450245 -3.8274 -0.011766 0.00451933 0.999921 208.131 
0.999918 -0.00160353 0.0127038 -2.72087 0.00166074 0.999989 -0.00449073 -3.85438 -0.0126965 0.0045115 0.999909 209.313 
0.999913 -0.00271704 0.0128734 -2.71776 0.00277064 0.999988 -0.00414433 -3.89089 -0.012862 0.00417968 0.999909 210.502 
0.999914 -0.00285188 0.0128282 -2.72026 0.00289702 0.99999 -0.00349857 -3.91665 -0.0128181 0.00353547 0.999912 211.67 
0.999916 -0.00337658 0.0125095 -2.72496 0.00340847 0.999991 -0.00252551 -3.94571 -0.0125009 0.00256798 0.999919 212.81 
0.999923 -0.00336815 0.0119394 -2.73385 0.00339607 0.999992 -0.00231542 -3.97883 -0.0119316 0.00235583 0.999926 213.922 
0.999931 -0.00302138 0.0113543 -2.73814 0.00306017 0.99999 -0.00339648 -4.00672 -0.011344 0.00343104 0.99993 215.037 
0.999936 -0.00279737 0.0109819 -2.74959 0.00284096 0.999988 -0.00395175 -4.03719 -0.0109707 0.00398274 0.999932 216.143 
0.999944 -0.0030112 0.0101858 -2.75603 0.00305334 0.999987 -0.00411986 -4.06503 -0.0101733 0.00415078 0.99994 217.215 
0.999956 -0.00344668 0.00872068 -2.76746 0.00348307 0.999985 -0.00415665 -4.09338 -0.00870627 0.00418688 0.999953 218.282 
0.999971 -0.0034965 0.00681712 -2.77739 0.00351992 0.999988 -0.00342077 -4.11992 -0.00680512 0.00344471 0.999971 219.332 
0.999978 -0.00503525 0.00441551 -2.78447 0.00504252 0.999986 -0.00162761 -4.15166 -0.0044073 0.00164988 0.999989 220.397 
0.999989 -0.00433 0.00202949 -2.7967 0.00433023 0.999991 -8.40719e-05 -4.1763 -0.00202915 9.29013e-05 0.999998 221.443 
0.999991 -0.00416446 -0.000832955 -2.8052 0.00416444 0.999991 -8.31661e-05 -4.19936 0.000833252 7.97388e-05 1 222.464 
0.999985 -0.00411415 -0.00367768 -2.81922 0.00411266 0.999991 -0.000424934 -4.22337 0.00367936 0.000409844 0.999993 223.482 
0.999971 -0.00411242 -0.00645168 -2.8387 0.00410979 0.999992 -0.000426425 -4.24263 0.00645334 0.00039994 0.999979 224.479 
0.999949 -0.00378423 -0.00939051 -2.86566 0.00378672 0.999993 0.000242822 -4.26715 0.00938948 -0.000278326 0.999956 225.439 
0.999917 -0.00341704 -0.012445 -2.89151 0.00341911 0.999994 0.000142213 -4.29378 0.0124444 -0.000184709 0.999923 226.381 
0.999865 -0.00357424 -0.0160582 -2.90195 0.00357183 0.999994 -0.000181456 -4.31759 0.0160587 0.000124117 0.999871 227.331 
0.999794 -0.00354196 -0.0199871 -2.92615 0.00352719 0.999994 -0.000776151 -4.33924 0.0199896 0.000705535 0.9998 228.216 
0.999718 -0.00243665 -0.0236038 -2.95793 0.00241314 0.999997 -0.00102628 -4.36141 0.0236062 0.000969078 0.999721 229.089 
0.999643 -0.00202835 -0.0266604 -2.99395 0.00198479 0.999997 -0.00166198 -4.38221 0.0266636 0.00160851 0.999643 229.933 
0.999578 -8.3852e-05 -0.0290612 -3.03694 3.74342e-05 0.999999 -0.00159922 -4.40457 0.0290613 0.0015975 0.999576 230.77 
0.999569 0.000831844 -0.0293598 -3.08244 -0.000864937 0.999999 -0.00111588 -4.42373 0.0293588 0.00114083 0.999568 231.577 
0.999576 0.00106924 -0.0291021 -3.11509 -0.00106768 0.999999 6.75864e-05 -4.44344 0.0291021 -3.64432e-05 0.999576 232.374 
0.999601 0.00134092 -0.0282095 -3.15604 -0.00132084 0.999999 0.000729201 -4.46202 0.0282104 -0.000691607 0.999602 233.14 
0.999609 0.00132864 -0.0279208 -3.18868 -0.0013143 0.999999 0.000530585 -4.48286 0.0279214 -0.000493639 0.99961 233.895 
0.999615 0.00173082 -0.0276863 -3.21628 -0.00177699 0.999997 -0.0016446 -4.49455 0.0276833 0.00169321 0.999615 234.644 
0.999629 0.00147638 -0.027184 -3.24657 -0.00158112 0.999991 -0.00383359 -4.51091 0.0271781 0.0038752 0.999623 235.375 
0.999657 0.00151915 -0.026157 -3.27637 -0.00165179 0.999986 -0.00505162 -4.53127 0.0261489 0.00509313 0.999645 236.107 
0.999687 0.00195394 -0.0249439 -3.30316 -0.0020933 0.999982 -0.00556377 -4.54752 0.0249326 0.00561428 0.999673 236.842 
0.999727 0.00132651 -0.0233147 -3.32831 -0.00146183 0.999982 -0.00579016 -4.56337 0.0233066 0.0058227 0.999711 237.572 
0.999769 0.00120918 -0.0214568 -3.35376 -0.00133278 0.999983 -0.00574929 -4.58101 0.0214494 0.0057766 0.999753 238.299 
0.999811 0.00132067 -0.0193783 -3.38174 -0.00143595 0.999981 -0.00593813 -4.59982 0.0193701 0.00596488 0.999795 239.024 
0.999848 0.000993784 -0.0173939 -3.40215 -0.00110195 0.99998 -0.00621253 -4.61774 0.0173874 0.0062308 0.999829 239.747 
0.99989 0.00117545 -0.0148137 -3.41846 -0.00126289 0.999982 -0.00589796 -4.63464 0.0148064 0.00591606 0.999873 240.468 
0.999933 3.32428e-05 -0.0115992 -3.43264 -9.48274e-05 0.999986 -0.00531252 -4.64734 0.0115988 0.0053133 0.999919 241.192 
0.999961 -0.00104643 -0.00876941 -3.44706 0.00100351 0.999988 -0.00490258 -4.66636 0.00877439 0.00489363 0.99995 241.897 
0.999984 -0.00116593 -0.00546903 -3.46605 0.00113865 0.999987 -0.00499556 -4.68222 0.00547474 0.0049893 0.999973 242.611 
0.999996 -0.00140449 -0.00226594 -3.48037 0.00139251 0.999985 -0.00529675 -4.69743 0.0022733 0.00529362 0.999983 243.309 
0.999998 -0.00146917 0.000977377 -3.49455 0.00147441 0.999985 -0.00533895 -4.71582 -0.00096956 0.00534042 0.999985 244.007 
0.999992 -0.000697054 0.00398276 -3.50273 0.000722596 0.999979 -0.00640453 -4.72663 -0.00397826 0.0064074 0.999972 244.709 
0.999974 -0.000863703 0.00719755 -3.5101 0.000912974 0.999976 -0.0068392 -4.74505 -0.00719152 0.00684564 0.999951 245.415 
0.999949 -0.00125299 0.0100141 -3.51494 0.00130988 0.999983 -0.00567268 -4.76527 -0.0100068 0.00568555 0.999934 246.125 
0.999914 -0.00107735 0.0130753 -3.52459 0.00114398 0.999986 -0.00508624 -4.78118 -0.0130697 0.0051008 0.999902 246.825 
0.999875 -0.00116197 0.0157981 -3.52513 0.00124486 0.999986 -0.00523508 -4.79742 -0.0157918 0.00525413 0.999862 247.534 
0.999831 -0.000960472 0.0183628 -3.52658 0.00108949 0.999975 -0.00701475 -4.81247 -0.0183557 0.00703361 0.999807 248.242 
0.999794 -0.000378157 0.0203167 -3.52476 0.000566366 0.999957 -0.00925668 -4.82827 -0.0203124 0.00926632 0.999751 248.953 
0.99977 -0.00153856 0.0214117 -3.52191 0.00177063 0.99994 -0.0108216 -4.84496 -0.0213938 0.010857 0.999712 249.665 
0.999768 -0.00113506 0.021516 -3.51733 0.0013804 0.999934 -0.0113895 -4.86328 -0.0215017 0.0114166 0.999704 250.386 
0.999761 -0.00200594 0.0217842 -3.51358 0.00226133 0.999929 -0.0117035 -4.88504 -0.0217592 0.01175 0.999694 251.111 
0.999755 -0.00113228 0.0220956 -3.51053 0.00140066 0.999925 -0.0121326 -4.9051 -0.0220802 0.0121606 0.999682 251.849 
0.999744 -0.000274072 0.0226347 -3.50836 0.000557918 0.999921 -0.012533 -4.92595 -0.0226295 0.0125425 0.999665 252.589 
0.999731 -0.0014962 0.0231571 -3.50231 0.00182596 0.999897 -0.0142238 -4.95005 -0.0231335 0.0142623 0.999631 253.339 
0.999695 -0.00562364 0.0240527 -3.50152 0.00601518 0.99985 -0.0162354 -4.97335 -0.0239579 0.0163752 0.999579 254.074 
0.999637 -0.008735 0.0254909 -3.50492 0.00917457 0.99981 -0.0171766 -4.99077 -0.0253361 0.0174043 0.999528 254.844 
0.999632 -0.00583089 0.0265009 -3.51347 0.00619274 0.999888 -0.0135913 -5.00432 -0.0264187 0.0137504 0.999556 255.637 
0.999622 -0.00228347 0.0273906 -3.52083 0.00248601 0.99997 -0.00736139 -5.02756 -0.027373 0.00742675 0.999598 256.418 
0.999587 -0.00298656 0.0285723 -3.51589 0.00310061 0.999987 -0.00394676 -5.04794 -0.0285602 0.00403376 0.999584 257.203 
0.999512 -0.00378492 0.0310194 -3.5029 0.00395636 0.999977 -0.00546604 -5.07237 -0.030998 0.00558613 0.999504 257.995 
0.999368 -0.00265324 0.0354539 -3.49456 0.00306938 0.999927 -0.0116869 -5.08712 -0.0354203 0.0117884 0.999303 258.785 
0.999227 -0.00042618 0.0392988 -3.48486 0.00103233 0.999881 -0.0154041 -5.10309 -0.0392876 0.0154328 0.999109 259.589 
0.999084 0.0011835 0.0427746 -3.46903 -0.000524418 0.999881 -0.0154152 -5.12241 -0.0427877 0.0153787 0.998966 260.409 
0.998933 -0.000563946 0.0461868 -3.44591 0.00117862 0.999911 -0.0132813 -5.14383 -0.0461753 0.0133216 0.998845 261.245 
0.998765 -0.00370649 0.0495413 -3.41891 0.00421563 0.999939 -0.0101756 -5.16486 -0.0495006 0.0103719 0.99872 262.089 
0.998612 -0.00607761 0.0523175 -3.38256 0.00652783 0.999943 -0.00843819 -5.1883 -0.0522633 0.00876804 0.998595 262.939 
0.998464 -0.00639776 0.0550291 -3.34755 0.00684119 0.999946 -0.00787276 -5.2115 -0.0549758 0.00823718 0.998454 263.773 
0.998324 -0.00423493 0.0577248 -3.32139 0.00480442 0.999941 -0.00972967 -5.23768 -0.0576802 0.00999073 0.998285 264.605 
0.998185 -0.0032756 0.0601404 -3.2951 0.00400082 0.999921 -0.0119416 -5.2609 -0.0600966 0.0121606 0.998119 265.432 
0.998031 -0.00259062 0.0626673 -3.25336 0.00336472 0.999919 -0.0122493 -5.27911 -0.0626305 0.0124361 0.997959 266.292 
0.997822 -0.00189785 0.0659444 -3.22333 0.00257688 0.999945 -0.0102129 -5.30248 -0.0659214 0.0103606 0.997771 267.147 
0.997586 -0.000485717 0.0694393 -3.18162 0.00108107 0.999963 -0.00853577 -5.32719 -0.0694327 0.00859028 0.99755 268.014 
0.99733 -4.22295e-05 0.0730336 -3.14807 0.00067659 0.999962 -0.00866055 -5.34878 -0.0730305 0.00868687 0.997292 268.87 
0.997119 0.000159205 0.0758575 -3.10221 0.000556437 0.999956 -0.00941222 -5.36473 -0.0758557 0.00942735 0.997074 269.728 
0.996887 -0.00139477 0.0788291 -3.05427 0.00217467 0.99995 -0.00980801 -5.38326 -0.0788115 0.00994895 0.99684 270.561 
0.996705 -0.00431497 0.0809978 -3.00043 0.00508398 0.999944 -0.00928979 -5.4036 -0.0809532 0.00967101 0.996671 271.429 
0.9966 -0.00511436 0.082229 -2.9517 0.00590749 0.999938 -0.00940435 -5.425 -0.0821759 0.00985818 0.996569 272.284 
0.996517 -0.00551644 0.0832132 -2.90304 0.00633766 0.999934 -0.0096074 -5.44302 -0.0831548 0.0101013 0.996485 273.138 
0.996463 -0.00534477 0.0838614 -2.84741 0.00618552 0.999933 -0.00976826 -5.46007 -0.0838036 0.0102525 0.99643 273.993 
0.996464 -0.00514148 0.0838654 -2.79041 0.0059256 0.999941 -0.00910301 -5.48253 -0.0838137 0.00956781 0.996436 274.857 
0.996498 -0.00451222 0.0834983 -2.73699 0.0052713 0.999947 -0.00887211 -5.50224 -0.0834539 0.00928122 0.996468 275.726 
0.996561 -0.0046437 0.0827359 -2.6883 0.00546707 0.999938 -0.0097275 -5.52483 -0.0826856 0.0101464 0.996524 276.586 
0.996688 -0.00488359 0.0811704 -2.63581 0.00577624 0.999925 -0.0107656 -5.54895 -0.0811118 0.0111988 0.996642 277.45 
0.996806 -0.00386895 0.0797704 -2.5851 0.00479949 0.999923 -0.0114762 -5.57491 -0.0797199 0.0118224 0.996747 278.306 
0.99695 -0.00264818 0.0780035 -2.53427 0.00360145 0.999921 -0.0120821 -5.59456 -0.0779653 0.0123262 0.99688 279.165 
0.99706 -0.00106175 0.0766151 -2.49177 0.0020116 0.999922 -0.0123209 -5.62087 -0.0765961 0.0124389 0.996985 280.017 
0.997187 -0.00134395 0.0749434 -2.46089 0.00220125 0.999933 -0.0113573 -5.65885 -0.0749232 0.0114904 0.997123 280.846 
0.997376 -0.00190422 0.0723744 -2.41792 0.00261161 0.99995 -0.00967998 -5.68586 -0.0723523 0.00984363 0.997331 281.705 
0.997654 -0.003459 0.0683711 -2.38018 0.00396387 0.999966 -0.00724938 -5.71025 -0.0683437 0.00750343 0.997634 282.554 
0.997951 -0.00424619 0.0638492 -2.34674 0.00462164 0.999973 -0.00573301 -5.73109 -0.0638231 0.00601639 0.997943 283.393 
0.998221 -0.00487581 0.0594185 -2.31759 0.00513184 0.999978 -0.0041563 -5.75786 -0.059397 0.00445388 0.998225 284.232 
0.998485 -0.00499753 0.0547894 -2.2921 0.00520436 0.99998 -0.00363201 -5.77665 -0.0547702 0.00391169 0.998491 285.061 
0.998722 -0.0056048 0.0502268 -2.26604 0.00578487 0.999977 -0.00343963 -5.793 -0.0502065 0.00372583 0.998732 285.88 
0.998938 -0.0066595 0.0455949 -2.24835 0.00680669 0.999972 -0.00307267 -5.81442 -0.0455732 0.0033798 0.998955 286.683 
0.999103 -0.00691025 0.0417842 -2.23243 0.00706532 0.999969 -0.00356379 -5.83467 -0.0417583 0.00385586 0.99912 287.454 
0.999257 -0.00664284 0.0379644 -2.2214 0.00678478 0.999971 -0.00361001 -5.85441 -0.0379393 0.00386495 0.999273 288.229 
0.9994 -0.0065113 0.0340154 -2.20382 0.00664367 0.999971 -0.00377881 -5.87257 -0.0339898 0.00400257 0.999414 289.001 
0.999518 -0.00699899 0.0302528 -2.1928 0.00711321 0.999968 -0.00366798 -5.8902 -0.0302262 0.00388145 0.999536 289.739 
0.999629 -0.00775026 0.0261091 -2.18899 0.0078659 0.99996 -0.00432734 -5.90937 -0.0260745 0.00453115 0.99965 290.459 
0.999759 -0.00629073 0.0210463 -2.1833 0.00642098 0.999961 -0.00612462 -5.92237 -0.021007 0.00625832 0.99976 291.163 
0.999882 -0.0047586 0.0146187 -2.19122 0.00487611 0.999956 -0.00801028 -5.94064 -0.01458 0.00808065 0.999861 291.84 
0.999973 -0.00396884 0.0061568 -2.206 0.00402847 0.999945 -0.00969723 -5.96205 -0.00611801 0.00972181 0.999934 292.528 
0.999985 -0.00351537 -0.00418975 -2.23019 0.00347112 0.999939 -0.0105314 -5.99734 0.00422648 0.0105167 0.999936 293.176 
0.999837 -0.00313509 -0.0177702 -2.26101 0.0029446 0.999938 -0.0107379 -6.01534 0.0178027 0.0106838 0.999784 293.824 
0.999404 -0.00249238 -0.0344189 -2.31377 0.00214548 0.999947 -0.0101131 -6.04047 0.0344423 0.0100333 0.999356 294.467 
0.998516 -5.46655e-05 -0.0544663 -2.37823 -0.000461072 0.999955 -0.00945708 -6.05997 0.0544644 0.0094682 0.998471 295.106 
0.996991 0.00142594 -0.0774998 -2.44307 -0.00217763 0.999951 -0.00961624 -6.07812 0.0774823 0.00975612 0.996946 295.711 
0.994649 0.002522 -0.103278 -2.52978 -0.00355833 0.999945 -0.00985175 -6.09237 0.103247 0.0101666 0.994604 296.316 
0.99129 0.00375013 -0.131648 -2.63317 -0.00505421 0.999941 -0.00957341 -6.1067 0.131604 0.0101554 0.99125 296.927 
0.986663 0.00473926 -0.162706 -2.75059 -0.00619 0.999946 -0.00841082 -6.1222 0.162657 0.00930584 0.986639 297.498 
0.980402 0.00433828 -0.19696 -2.89068 -0.00580164 0.99996 -0.00685355 -6.12894 0.196922 0.00786197 0.980388 298.081 
0.972315 0.00436979 -0.233632 -3.04382 -0.00572905 0.99997 -0.00513982 -6.13984 0.233602 0.00633606 0.972312 298.639 
0.962288 0.00570128 -0.271973 -3.21021 -0.00665039 0.999975 -0.00256821 -6.15369 0.271952 0.00428013 0.962301 299.185 
0.950043 0.00701649 -0.31204 -3.39309 -0.00734289 0.999973 0.000128857 -6.17122 0.312032 0.0021689 0.950069 299.72 
0.935773 0.00731081 -0.352528 -3.59907 -0.00701728 0.999973 0.00211048 -6.17938 0.352534 0.000498909 0.935799 300.217 
0.918951 0.00700818 -0.39431 -3.82188 -0.00607714 0.999975 0.00360982 -6.18349 0.394325 -0.000920921 0.918971 300.714 
0.899286 0.00681788 -0.437307 -4.05578 -0.00512182 0.999974 0.00505751 -6.1952 0.43733 -0.0023083 0.899298 301.191 
0.876529 0.0060107 -0.481312 -4.31339 -0.00368783 0.999977 0.0057718 -6.19679 0.481335 -0.0032841 0.876531 301.66 
0.850755 0.00500786 -0.525538 -4.59173 -0.00147658 0.999973 0.00713837 -6.20398 0.52556 -0.00529696 0.85074 302.099 
0.821927 0.00508789 -0.569571 -4.89692 -0.000103365 0.999961 0.0087833 -6.20814 0.569594 -0.0071603 0.821895 302.517 
0.789588 0.00633643 -0.613604 -5.21552 -0.000939994 0.999958 0.00911651 -6.20696 0.613636 -0.00662145 0.789561 302.919 
0.754681 0.00559238 -0.656068 -5.57804 0.000930922 0.999954 0.00959451 -6.21925 0.656091 -0.00785149 0.754641 303.277 
0.715637 0.00448239 -0.698458 -5.93911 0.00488539 0.999923 0.0114226 -6.22098 0.698455 -0.0115866 0.71556 303.609 
0.672482 0.00377211 -0.740104 -6.32798 0.0108651 0.999829 0.0149682 -6.22375 0.740034 -0.0181071 0.672326 303.906 
0.624465 0.00389615 -0.781043 -6.72627 0.0152149 0.999737 0.0171518 -6.21608 0.780904 -0.0225941 0.624242 304.18 
0.574217 0.00750969 -0.818668 -7.14612 0.014282 0.999714 0.0191879 -6.21451 0.818578 -0.0227102 0.573946 304.384 
0.521598 0.0138371 -0.853079 -7.57666 0.00916586 0.99972 0.0218199 -6.21175 0.853142 -0.0192004 0.521325 304.562 
0.466044 0.0175694 -0.884587 -7.99753 0.00655165 0.999707 0.0233076 -6.20542 0.884737 -0.0166578 0.465792 304.728 
0.407736 0.0194072 -0.912894 -8.4173 0.00603638 0.999695 0.0239485 -6.19463 0.91308 -0.0152752 0.407494 304.887 
0.348714 0.0211681 -0.93699 -8.8266 0.00793367 0.999642 0.0255361 -6.18472 0.937196 -0.0163385 0.348421 305.006 
0.288533 0.0242368 -0.957163 -9.23843 0.00996012 0.99955 0.0283125 -6.17669 0.957418 -0.0177025 0.288161 305.113 
0.227857 0.0280199 -0.973291 -9.66188 0.0120305 0.999429 0.0315888 -6.1722 0.97362 -0.0189069 0.22739 305.181 
0.163739 0.0312538 -0.986009 -10.0876 0.0142063 0.99932 0.0340349 -6.1636 0.986401 -0.0195803 0.163183 305.232 
0.098048 0.0350508 -0.994564 -10.5336 0.0146651 0.99922 0.0366606 -6.14882 0.995074 -0.0181799 0.0974575 305.249 
0.0315895 0.040929 -0.998663 -10.9947 0.0164667 0.999004 0.0414638 -6.14306 0.999365 -0.0177545 0.0308841 305.228 
-0.0369563 0.0476038 -0.998182 -11.464 0.0182658 0.99873 0.0469536 -6.12637 0.99915 -0.0164973 -0.0377788 305.188 
-0.104812 0.0540754 -0.993021 -11.941 0.0203424 0.998428 0.0522227 -6.0999 0.994284 -0.0147268 -0.105748 305.095 
-0.172579 0.0603672 -0.983144 -12.4161 0.0226017 0.9981 0.0573181 -6.08178 0.984736 -0.0123288 -0.173615 304.975 
-0.239764 0.0663571 -0.968561 -12.9054 0.0264254 0.997738 0.0618145 -6.05942 0.970471 -0.0107737 -0.240975 304.823 
-0.305238 0.0705874 -0.949656 -13.3972 0.0308179 0.997459 0.0642351 -6.03244 0.951777 -0.0096594 -0.306638 304.638 
-0.36746 0.0728056 -0.927185 -13.8782 0.0344841 0.997312 0.0646456 -6.00326 0.9294 -0.00821852 -0.368983 304.408 
-0.427196 0.0733061 -0.901182 -14.358 0.0376837 0.997285 0.06326 -5.9716 0.903373 -0.00693544 -0.428799 304.147 
-0.483089 0.0730193 -0.872521 -14.8311 0.0397569 0.997318 0.061451 -5.93529 0.874668 -0.00500237 -0.484696 303.84 
-0.534641 0.0731348 -0.841909 -15.3012 0.0418759 0.997317 0.0600422 -5.89939 0.844041 -0.00315466 -0.536269 303.501 
-0.58089 0.0730725 -0.810695 -15.7731 0.0435266 0.997326 0.0587063 -5.8634 0.812817 -0.00118489 -0.582518 303.123 
-0.621599 0.0735599 -0.779874 -16.2412 0.0445046 0.997289 0.0585947 -5.82908 0.78207 0.0017145 -0.623188 302.71 
-0.658494 0.0772544 -0.74861 -16.6969 0.0490527 0.997008 0.0597406 -5.79405 0.750986 0.00261748 -0.660313 302.265 
-0.694873 0.0840485 -0.714204 -17.1597 0.0572329 0.99646 0.061581 -5.75628 0.716852 0.00191499 -0.697223 301.79 
-0.73003 0.0892891 -0.677557 -17.6202 0.0633892 0.996001 0.0629557 -5.715 0.680469 0.00300982 -0.732771 301.269 
-0.762286 0.0911131 -0.640796 -18.0539 0.0664735 0.995828 0.0625178 -5.67961 0.643818 0.00506048 -0.765162 300.71 
-0.791957 0.0872651 -0.604308 -18.4714 0.0657469 0.996167 0.0576889 -5.63749 0.607026 0.00595575 -0.79466 300.108 
-0.818388 0.0842967 -0.56845 -18.8621 0.0667121 0.996431 0.0517186 -5.59979 0.570781 0.0044034 -0.821091 299.48 
-0.84279 0.0793675 -0.532359 -19.2461 0.0652495 0.996839 0.0453173 -5.56197 0.534274 0.00345678 -0.845305 298.8 
-0.86498 0.0765804 -0.495928 -19.6288 0.0651302 0.99706 0.0403664 -5.52911 0.497561 0.00261628 -0.867425 298.085 
-0.884872 0.0753603 -0.459698 -19.9718 0.0646858 0.997145 0.0389527 -5.50284 0.461321 0.00473221 -0.887221 297.339 
-0.903691 0.0720582 -0.422078 -20.3121 0.0622002 0.997374 0.0371003 -5.48378 0.423643 0.00727387 -0.9058 296.548 
-0.920505 0.0716087 -0.384114 -20.6227 0.0630381 0.997402 0.0348746 -5.4562 0.385613 0.0078885 -0.922627 295.727 
-0.935808 0.0739988 -0.344655 -20.9198 0.0662256 0.997215 0.0342902 -5.43186 0.346233 0.00926405 -0.938103 294.862 
-0.949011 0.0775152 -0.305565 -21.1837 0.0706368 0.996939 0.0335206 -5.40935 0.307228 0.0102273 -0.951581 293.971 
-0.960349 0.0786581 -0.267476 -21.4082 0.0719893 0.996803 0.0346639 -5.3879 0.269348 0.014034 -0.962941 293.052 
-0.969745 0.081553 -0.230095 -21.6044 0.0755324 0.996534 0.0348687 -5.36685 0.232141 0.0164341 -0.972543 292.093 
-0.977699 0.0810317 -0.193746 -21.7675 0.0759637 0.996549 0.0334586 -5.34454 0.195789 0.0179947 -0.980481 291.116 
-0.983945 0.0796784 -0.159699 -21.8937 0.0759878 0.996684 0.0290945 -5.32251 0.161488 0.0164922 -0.986737 290.119 
-0.988901 0.0779806 -0.126471 -22.0003 0.0754265 0.996841 0.0248669 -5.29755 0.12801 0.0150516 -0.991659 289.086 
