1 2.12261e-08 -2.11895e-08 0 2.12261e-08 1 2.10703e-08 0 -2.11895e-08 2.10703e-08 1 0 
0.999978 0.000577659 -0.00654759 -0.00797193 -0.000575967 1 0.000253802 -0.000265512 0.00654769 -0.000249983 0.999979 0.0961731 
0.999905 0.000921086 -0.0137712 -0.016542 -0.000918174 1 0.000214735 -0.0017664 0.0137713 -0.000202028 0.999905 0.192864 
0.999774 0.00129096 -0.0212351 -0.0304692 -0.00130205 0.999999 -0.000510204 -0.00223443 0.0212344 0.00053778 0.999774 0.296152 
0.999526 0.00181169 -0.0307468 -0.0418341 -0.0018652 0.999997 -0.0017132 -0.00534672 0.0307435 0.00176978 0.999526 0.404428 
0.999111 0.00182961 -0.0421111 -0.0632018 -0.00197338 0.999992 -0.00337376 -0.0040223 0.0421046 0.00345391 0.999107 0.521856 
0.998441 0.00194593 -0.0557867 -0.085609 -0.00218652 0.999989 -0.00425268 -0.00491336 0.0557777 0.00436807 0.998434 0.654306 
0.997385 0.00198811 -0.0722438 -0.111887 -0.0023018 0.999988 -0.0042598 -0.00502505 0.0722344 0.004415 0.997378 0.799353 
0.995865 0.000457728 -0.0908393 -0.147579 -0.000843274 0.999991 -0.00420638 -0.00626591 0.0908365 0.00426563 0.995857 0.957998 
0.99383 -0.000749524 -0.11091 -0.183892 0.000269047 0.999991 -0.0043474 -0.00824093 0.110912 0.00429078 0.993821 1.12313 
0.991069 -0.000941433 -0.133345 -0.229873 0.000312306 0.999989 -0.00473917 -0.0116348 0.133348 0.00465525 0.991058 1.29967 
0.98753 0.00263264 -0.157408 -0.292451 -0.00363822 0.999975 -0.0061008 -0.0177066 0.157388 0.00659745 0.987515 1.47513 
0.983125 0.006843 -0.18281 -0.363431 -0.00839381 0.999935 -0.00771098 -0.0225815 0.182745 0.00911537 0.983118 1.65801 
0.977692 0.0098391 -0.209812 -0.44254 -0.0118728 0.999894 -0.00843601 -0.0309116 0.209707 0.0107389 0.977705 1.84858 
0.970849 0.0105066 -0.239461 -0.521649 -0.0129183 0.99988 -0.00850411 -0.0359342 0.239343 0.0113497 0.970869 2.04715 
0.962744 0.0124873 -0.270126 -0.619859 -0.0152159 0.999852 -0.0080097 -0.0388969 0.269986 0.0118216 0.962792 2.25339 
0.953132 0.014084 -0.302226 -0.723213 -0.0170797 0.999828 -0.00727156 -0.0379684 0.302071 0.0120927 0.953209 2.46138 
0.941724 0.0162175 -0.335996 -0.836402 -0.019374 0.999794 -0.00604414 -0.0408426 0.335829 0.0122016 0.941844 2.66974 
0.929022 0.0183096 -0.36957 -0.956135 -0.0219815 0.999742 -0.00572702 -0.0409589 0.36937 0.0134443 0.929185 2.87162 
0.914769 0.0211277 -0.403424 -1.08048 -0.0253121 0.999667 -0.00504209 -0.0422274 0.403183 0.0148239 0.914999 3.07343 
0.898356 0.0212976 -0.438751 -1.21439 -0.025951 0.999653 -0.00461094 -0.0383622 0.4385 0.0155283 0.898597 3.27753 
0.879496 0.016392 -0.475623 -1.35526 -0.0215405 0.999754 -0.00537575 -0.0368694 0.475418 0.0149731 0.879633 3.48371 
0.857741 0.0114644 -0.513955 -1.51051 -0.0168217 0.999842 -0.00577112 -0.0370668 0.513808 0.0135958 0.857798 3.69409 
0.832046 0.0130247 -0.554554 -1.67973 -0.0173993 0.999845 -0.00262253 -0.0403948 0.554434 0.011831 0.832143 3.89492 
0.802381 0.0185286 -0.596524 -1.87533 -0.0221606 0.999754 0.00124525 -0.0466542 0.5964 0.0122202 0.802594 4.07979 
0.768867 0.021506 -0.639048 -2.0796 -0.0253477 0.999674 0.00314531 -0.0514274 0.638907 0.0137801 0.769161 4.26319 
0.732006 0.0204162 -0.680992 -2.30028 -0.0244819 0.999694 0.00365503 -0.0490594 0.680858 0.0139965 0.732281 4.44372 
0.691238 0.0162776 -0.722444 -2.53122 -0.0184694 0.999818 0.00485551 -0.0483828 0.722391 0.00998682 0.691413 4.62495 
0.647681 0.0127473 -0.761805 -2.78493 -0.0131834 0.999898 0.00552285 -0.0469711 0.761798 0.00646619 0.647783 4.79582 
0.602026 0.0124129 -0.79838 -3.06022 -0.0104313 0.999916 0.00768051 -0.046857 0.798408 0.00370433 0.602105 4.95321 
0.553416 0.0130677 -0.832803 -3.3538 -0.00797178 0.999914 0.0103925 -0.0443541 0.832867 0.000887623 0.553472 5.09459 
0.502166 0.0137508 -0.864662 -3.66475 -0.00679712 0.999905 0.011954 -0.0385894 0.864744 -0.000125652 0.502212 5.21481 
0.449364 0.0154258 -0.893216 -3.99175 -0.0061874 0.999881 0.0141551 -0.0361326 0.893327 -0.000834074 0.449406 5.31736 
0.394703 0.0173586 -0.918645 -4.33893 -0.00539557 0.999848 0.0165748 -0.0290746 0.918793 -0.00158545 0.394737 5.40872 
0.339149 0.0193605 -0.940534 -4.7023 -0.00491844 0.999811 0.0188071 -0.0240301 0.94072 -0.00175241 0.33918 5.48487 
0.284028 0.0223431 -0.958556 -5.10078 -0.00325325 0.999745 0.0223392 -0.0190501 0.95881 -0.00322651 0.284029 5.55317 
0.230216 0.0242486 -0.972838 -5.50043 0.000914498 0.999684 0.0251342 -0.0166866 0.973139 -0.00667589 0.230121 5.60698 
0.179104 0.0247983 -0.983518 -5.90749 0.0036103 0.999659 0.0258628 -0.0147713 0.983824 -0.00818288 0.178954 5.63712 
0.131537 0.0256413 -0.99098 -6.33266 0.00134705 0.99966 0.0260447 -0.00768 0.99131 -0.00476068 0.131457 5.6442 
0.0890581 0.0258262 -0.995692 -6.77338 -0.000369802 0.999665 0.0258962 0.00171769 0.996026 -0.00193802 0.0890378 5.63922 
0.0511643 0.0242571 -0.998396 -7.23232 -0.00205053 0.999705 0.0241838 0.0142181 0.998688 0.000809933 0.0511989 5.62216 
0.016493 0.0215268 -0.999632 -7.69932 -0.00150609 0.999768 0.0215049 0.0227459 0.999863 0.0011509 0.0165216 5.60005 
-0.0151104 0.0187436 -0.99971 -8.18676 -0.0010003 0.999824 0.0187608 0.0303418 0.999885 0.00128354 -0.015089 5.56224 
-0.0417454 0.0167986 -0.998987 -8.68913 -0.0016832 0.999856 0.0168836 0.0360218 0.999127 0.00238635 -0.0417111 5.51484 
-0.062656 0.0144285 -0.997931 -9.19963 -0.00201287 0.999892 0.0145832 0.0429837 0.998033 0.00292247 -0.0626201 5.4559 
-0.0792969 0.013617 -0.996758 -9.72719 -0.000995497 0.999905 0.0137392 0.0525034 0.996851 0.00208179 -0.0792758 5.39651 
-0.092494 0.0142954 -0.995611 -10.2628 -0.00053685 0.999896 0.0144068 0.0523763 0.995713 0.00186707 -0.0924767 5.33353 
-0.102235 0.0152702 -0.994643 -10.8187 -0.00161249 0.999878 0.0155163 0.0557378 0.994759 0.0031902 -0.102198 5.25977 
-0.108881 0.0165139 -0.993918 -11.3942 -0.00329826 0.999851 0.0169737 0.0559934 0.994049 0.00512635 -0.10881 5.17253 
-0.113571 0.0174719 -0.993376 -11.9823 -0.00262872 0.999837 0.0178861 0.0610868 0.993526 0.00464269 -0.113506 5.09209 
-0.115014 0.0182019 -0.993197 -12.5866 -0.000333012 0.999831 0.0183621 0.0696916 0.993364 0.00244268 -0.114988 5.01177 
-0.114236 0.0203841 -0.993245 -13.2089 0.00169307 0.999792 0.0203238 0.0782606 0.993452 0.000640103 -0.114246 4.93343 
-0.113007 0.0227865 -0.993333 -13.8482 0.00129501 0.99974 0.0227861 0.083626 0.993593 0.00128865 -0.113007 4.85098 
-0.111533 0.0224429 -0.993507 -14.5011 -0.000838601 0.999743 0.0226779 0.0906116 0.99376 0.00336254 -0.111486 4.7669 
-0.110125 0.0197394 -0.993722 -15.1647 -0.00262521 0.999794 0.020151 0.098539 0.993914 0.0048279 -0.11005 4.68175 
-0.108902 0.0194645 -0.993862 -15.8512 -0.00281812 0.999798 0.0198895 0.111026 0.994049 0.00496688 -0.108825 4.59326 
-0.107493 0.0219627 -0.993963 -16.5502 -0.00220715 0.999748 0.0223292 0.12634 0.994203 0.00459411 -0.107418 4.51093 
-0.105679 0.0253912 -0.994076 -17.2656 -0.00289709 0.999662 0.0258419 0.135845 0.994396 0.00561092 -0.10557 4.4231 
-0.104007 0.0276134 -0.994193 -17.9991 -0.00297512 0.999601 0.0280748 0.14417 0.994572 0.00587787 -0.103884 4.33222 
-0.102506 0.0267571 -0.994373 -18.7398 -0.00446452 0.999616 0.0273584 0.157161 0.994722 0.00724384 -0.102347 4.24501 
-0.100727 0.0235964 -0.994634 -19.4932 -0.00672111 0.99968 0.0243968 0.170436 0.994891 0.0091425 -0.100536 4.15091 
-0.0993129 0.0229855 -0.994791 -20.2622 -0.00758591 0.999687 0.023856 0.181784 0.995027 0.00991564 -0.0991074 4.05726 
-0.0979131 0.0252454 -0.994875 -21.0474 -0.00471213 0.999655 0.0258305 0.196312 0.995184 0.00721716 -0.0977604 3.97001 
-0.0969152 0.0276729 -0.994908 -21.8387 -0.00241257 0.999604 0.0280385 0.202762 0.99529 0.00511768 -0.09681 3.88496 
-0.0958269 0.0293575 -0.994965 -22.6379 -0.00131589 0.99956 0.0296198 0.213539 0.995397 0.00414768 -0.0957461 3.79616 
-0.0953432 0.0246946 -0.995138 -23.4383 -0.000787375 0.99969 0.024883 0.222979 0.995444 0.00315601 -0.0952942 3.7069 
-0.0950453 0.0177218 -0.995315 -24.2439 0.000985432 0.999843 0.0177083 0.228489 0.995473 0.000702312 -0.0950478 3.61654 
-0.0952625 0.0134409 -0.995361 -25.0645 0.00425711 0.999905 0.0130948 0.232467 0.995443 -0.00298988 -0.0953107 3.5279 
-0.0957463 0.0140584 -0.995307 -25.8945 0.00545127 0.999893 0.0135988 0.242027 0.995391 -0.00412361 -0.0958126 3.43389 
-0.0962948 0.0216037 -0.995118 -26.7331 0.00550271 0.999761 0.021172 0.241747 0.995338 -0.00343706 -0.0963906 3.34255 
-0.0966371 0.0285447 -0.99491 -27.5753 0.00421371 0.999591 0.0282697 0.248747 0.995311 -0.00146032 -0.0967179 3.24483 
-0.0971912 0.0336738 -0.994696 -28.4185 0.00234872 0.999432 0.0336047 0.258798 0.995263 0.000929859 -0.0972151 3.14563 
-0.0976911 0.0340172 -0.994635 -29.2589 0.000658071 0.999418 0.0341161 0.26784 0.995217 0.00267834 -0.0976566 3.04667 
-0.0983432 0.0303874 -0.994689 -30.0954 0.000790635 0.999536 0.0304573 0.281064 0.995152 0.00220887 -0.0983216 2.95228 
-0.0987747 0.0276854 -0.994725 -30.9301 0.000476738 0.999614 0.0277741 0.293788 0.99511 0.0022692 -0.0987498 2.85435 
-0.098968 0.0287605 -0.994675 -31.7677 -0.000616347 0.99958 0.0289637 0.307602 0.99509 0.00347958 -0.0989088 2.75372 
-0.0989114 0.0309577 -0.994615 -32.6046 -0.000965975 0.999513 0.0312062 0.318012 0.995096 0.00404746 -0.0988333 2.65383 
-0.0989398 0.0291272 -0.994667 -33.4366 -0.00148761 0.999566 0.0294187 0.327192 0.995092 0.00439039 -0.0988535 2.55825 
-0.0982861 0.0239729 -0.994869 -34.2686 -0.0024178 0.999701 0.0243282 0.334704 0.995155 0.00479656 -0.0981988 2.45299 
-0.098337 0.0198882 -0.994954 -35.1019 -0.0037871 0.999786 0.0203591 0.338311 0.995146 0.00577008 -0.0982406 2.35032 
-0.097787 0.0207207 -0.994992 -35.9424 -0.00307289 0.999772 0.0211223 0.344101 0.995203 0.00512302 -0.0977011 2.24479 
-0.0973265 0.0231983 -0.994982 -36.7801 -0.00165899 0.999723 0.0234712 0.349475 0.995251 0.00393507 -0.097261 2.14625 
-0.0965995 0.0280039 -0.994929 -37.6188 -0.00183832 0.999597 0.0283138 0.353869 0.995322 0.00456413 -0.0965092 2.03973 
-0.0960308 0.033576 -0.994812 -38.4642 -0.000811366 0.999428 0.0338101 0.363729 0.995378 0.00405401 -0.0959486 1.93865 
-0.0963463 0.0366234 -0.994674 -39.3052 -0.000855163 0.999319 0.0368773 0.376771 0.995348 0.00440364 -0.0962494 1.84314 
-0.0960027 0.0364404 -0.994714 -40.1361 -0.000452945 0.999328 0.0366531 0.391542 0.995381 0.00396939 -0.0959217 1.74629 
-0.0961756 0.0320094 -0.99485 -40.9588 -0.000225863 0.999482 0.0321803 0.40552 0.995364 0.0033197 -0.0961186 1.652 
-0.0957916 0.0276556 -0.995017 -41.7895 -0.00121528 0.99961 0.0279002 0.413978 0.995401 0.00388188 -0.0957206 1.55351 
-0.0959071 0.0248549 -0.99508 -42.6219 -0.00488441 0.999664 0.0254402 0.423262 0.995378 0.00730031 -0.0957535 1.45237 
-0.0964391 0.022807 -0.995078 -43.452 -0.00833921 0.999684 0.0237208 0.432778 0.995304 0.0105858 -0.0962184 1.34828 
-0.0975749 0.0210392 -0.995006 -44.2873 -0.00584754 0.999747 0.0217129 0.435506 0.995211 0.00793701 -0.0974272 1.25656 
-0.0987869 0.0175119 -0.994955 -45.1128 -0.00225036 0.999839 0.0178213 0.438802 0.995106 0.00399956 -0.0987316 1.1626 
-0.09989 0.0160527 -0.994869 -45.9332 0.00186792 0.999871 0.0159459 0.444175 0.994997 -0.000265458 -0.0999071 1.07332 
-0.101877 0.0194309 -0.994607 -46.7568 0.00216705 0.999811 0.0193106 0.446372 0.994795 -0.000188009 -0.1019 0.972087 
-0.103939 0.0260054 -0.994244 -47.5854 0.00474707 0.99966 0.0256508 0.444194 0.994572 -0.00205358 -0.104027 0.878576 
-0.106271 0.0295771 -0.993897 -48.4039 0.00670872 0.999556 0.0290282 0.451697 0.994315 -0.00358288 -0.106423 0.783282 
-0.10775 0.0287008 -0.993764 -49.2092 0.00672716 0.999581 0.0281395 0.457497 0.994155 -0.00365314 -0.107898 0.681065 
-0.108923 0.0248632 -0.993739 -50.0116 0.00352329 0.999691 0.024626 0.459012 0.994044 -0.000818854 -0.108977 0.571508 
-0.110199 0.0210918 -0.993686 -50.8039 -0.00108224 0.999772 0.021341 0.464284 0.993909 0.00342719 -0.110151 0.459595 
-0.11188 0.0193441 -0.993533 -51.5997 -0.00506128 0.999786 0.0200358 0.470018 0.993709 0.0072702 -0.111759 0.350085 
-0.112916 0.0202671 -0.993398 -52.4016 -0.00650447 0.999755 0.0211361 0.474124 0.993583 0.00884817 -0.112756 0.235387 
-0.114019 0.0218507 -0.993238 -53.1864 -0.00649154 0.99972 0.0227385 0.475392 0.993457 0.0090403 -0.113845 0.129719 
-0.115094 0.0211942 -0.993129 -53.9638 -0.00815166 0.999719 0.0222795 0.478058 0.993321 0.0106599 -0.114889 0.0236359 
-0.115753 0.0209812 -0.993056 -54.7397 -0.00881927 0.999716 0.0221499 0.479958 0.993239 0.011322 -0.115535 -0.084544 
-0.116422 0.0229714 -0.992934 -55.5176 -0.00726358 0.999686 0.0239793 0.482071 0.993173 0.010004 -0.116219 -0.188416 
-0.116717 0.0257594 -0.992831 -56.2896 -0.00616336 0.999626 0.0266602 0.488622 0.993146 0.00923091 -0.116514 -0.293045 
-0.117433 0.0297636 -0.992635 -57.0664 -0.00622385 0.999509 0.030706 0.499417 0.993061 0.00978396 -0.11719 -0.391425 
-0.118179 0.0318821 -0.99248 -57.8301 -0.00611103 0.999442 0.0328334 0.503374 0.992974 0.00994532 -0.117918 -0.494587 
-0.119191 0.0319334 -0.992358 -58.5808 -0.00571161 0.999444 0.0328475 0.510575 0.992855 0.00958312 -0.118942 -0.595455 
-0.119655 0.0300711 -0.99236 -59.3292 -0.00489877 0.999511 0.0308785 0.516658 0.992803 0.00855616 -0.11945 -0.70052 
-0.120285 0.0266202 -0.992382 -60.0715 -0.00431501 0.999617 0.0273373 0.522163 0.99273 0.00757044 -0.120124 -0.798354 
-0.120542 0.0235217 -0.99243 -60.7927 -0.00437573 0.999697 0.0242254 0.530443 0.992699 0.00726284 -0.120403 -0.897392 
-0.119162 0.0211427 -0.99265 -61.5093 -0.00500493 0.999748 0.0218947 0.533555 0.992862 0.00757719 -0.119026 -1.00612 
-0.117144 0.0203475 -0.992907 -62.2077 -0.00704642 0.999748 0.0213191 0.534958 0.99309 0.00949388 -0.116971 -1.10238 
-0.113457 0.0211128 -0.993319 -62.8845 -0.00717929 0.999731 0.0220691 0.536752 0.993517 0.00963526 -0.113275 -1.19003 
-0.107723 0.0226342 -0.993923 -63.5532 -0.00618445 0.999706 0.0234362 0.53873 0.994162 0.00867151 -0.107551 -1.27513 
-0.100367 0.0241965 -0.994656 -64.2117 -0.0052415 0.999678 0.0248476 0.540237 0.994937 0.00770741 -0.100208 -1.35564 
-0.0916806 0.0254407 -0.995463 -64.8446 -0.00622367 0.999639 0.0261207 0.541166 0.995769 0.00859023 -0.0914892 -1.4236 
-0.080211 0.0268872 -0.996415 -65.462 -0.00810063 0.999586 0.0276249 0.544617 0.996745 0.0102874 -0.07996 -1.48041 
-0.0652719 0.0283354 -0.997465 -66.0677 -0.0110134 0.999515 0.0291143 0.548475 0.997807 0.0128859 -0.0649282 -1.53107 
-0.046987 0.0293438 -0.998464 -66.6573 -0.0122566 0.999476 0.0299503 0.555239 0.99882 0.0136451 -0.0466028 -1.56266 
-0.0249247 0.0301039 -0.999236 -67.2225 -0.0131973 0.99945 0.0304395 0.558684 0.999602 0.013946 -0.0245137 -1.57391 
0.00049271 0.0304516 -0.999536 -67.7653 -0.0122623 0.999461 0.0304433 0.561454 0.999925 0.0122417 0.000865853 -1.56732 
0.0296526 0.0301316 -0.999106 -68.281 -0.0107451 0.999497 0.0298245 0.564834 0.999503 0.00985112 0.0299614 -1.53518 
0.063939 0.0301663 -0.997498 -68.7697 -0.00955573 0.999516 0.0296148 0.56737 0.997908 0.00763832 0.0641963 -1.48974 
0.101545 0.0304596 -0.994365 -69.2413 -0.00871749 0.99952 0.0297273 0.572184 0.994793 0.00564975 0.101762 -1.4192 
0.142589 0.0300011 -0.989327 -69.6979 -0.00843122 0.999541 0.0290957 0.577378 0.989746 0.00419257 0.142776 -1.33119 
0.187876 0.031066 -0.981701 -70.1399 -0.00721842 0.999516 0.0302483 0.579073 0.982166 0.00140345 0.188009 -1.22282 
0.236702 0.0297898 -0.971126 -70.5677 -0.00377478 0.999551 0.0297417 0.58035 0.971575 -0.00337408 0.236708 -1.09099 
0.28742 0.025247 -0.957472 -70.9716 0.00411672 0.999611 0.0275939 0.578949 0.957796 -0.0118726 0.287204 -0.938309 
0.339448 0.0201843 -0.940408 -71.3619 0.00934509 0.999648 0.024829 0.579651 0.940578 -0.0172163 0.33914 -0.764865 
0.392688 0.0154483 -0.919542 -71.7355 0.0144433 0.999632 0.0229618 0.585572 0.919558 -0.022298 0.392321 -0.573512 
0.44479 0.0148867 -0.895511 -72.1063 0.0143107 0.999616 0.0237252 0.592477 0.895521 -0.0233681 0.444406 -0.364495 
0.493997 0.0137273 -0.869355 -72.4718 0.0157728 0.999569 0.024746 0.598866 0.869321 -0.0259365 0.493567 -0.129255 
0.540064 0.00983352 -0.841566 -72.8175 0.0233016 0.999374 0.026631 0.602283 0.841301 -0.0339923 0.539497 0.131367 
0.584765 0.00345412 -0.811196 -73.1433 0.0338861 0.999014 0.0286812 0.605726 0.810495 -0.04426 0.584071 0.418732 
0.628451 -0.00159194 -0.777848 -73.4523 0.0352111 0.999031 0.0264036 0.608513 0.777052 -0.0439822 0.627898 0.703338 
0.67093 -0.00640568 -0.741493 -73.7534 0.0317858 0.999292 0.0201281 0.612727 0.740839 -0.0370735 0.670658 0.997814 
0.712639 -0.0132456 -0.701406 -74.0374 0.0279532 0.999564 0.00952464 0.616235 0.700973 -0.0263941 0.712699 1.31237 
0.753193 -0.0159311 -0.657607 -74.3133 0.0228126 0.999738 0.00190899 0.622844 0.657404 -0.0164395 0.753359 1.64983 
0.791358 -0.0170389 -0.611116 -74.5776 0.0212276 0.999775 -0.000386884 0.623489 0.610985 -0.0126663 0.791541 2.02843 
0.826296 -0.0184867 -0.562933 -74.8164 0.0212832 0.999772 -0.00159218 0.624927 0.562834 -0.0106653 0.826501 2.4268 
0.857975 -0.0172637 -0.513401 -75.0493 0.0180402 0.999831 -0.00347255 0.625163 0.513374 -0.00628243 0.858142 2.8468 
0.88491 -0.015508 -0.465504 -75.2681 0.0168774 0.999857 -0.00122627 0.613553 0.465457 -0.00677133 0.885045 3.30171 
0.906933 -0.00932176 -0.421172 -75.4762 0.0103617 0.999946 0.000180546 0.606178 0.421147 -0.00452773 0.906981 3.77102 
0.92522 -0.00502434 -0.379398 -75.6777 0.00499626 0.999987 -0.00105869 0.603266 0.379398 -0.000915994 0.925233 4.26568 
0.939306 4.96294e-05 -0.34308 -75.8647 0.000124507 1 0.000485443 0.602342 0.34308 -0.000498648 0.939306 4.79034 
0.949808 0.00104061 -0.312833 -76.0397 -0.000219334 0.999996 0.00266035 0.598062 0.312834 -0.00245816 0.949805 5.34146 
0.957491 5.76625e-05 -0.288463 -76.2059 0.00125971 0.99999 0.0043811 0.593088 0.28846 -0.0045582 0.957481 5.91177 
0.963595 0.000328597 -0.267365 -76.3672 0.00145983 0.999978 0.00649016 0.591592 0.267361 -0.00664415 0.963574 6.50013 
0.968497 0.00293451 -0.249009 -76.5299 -0.000668979 0.999958 0.00918217 0.591166 0.249025 -0.00872628 0.968458 7.10439 
0.972296 0.00768646 -0.233628 -76.6913 -0.00533895 0.999929 0.0106787 0.591795 0.233693 -0.00913548 0.972268 7.7294 
0.975433 0.0116824 -0.219985 -76.8524 -0.00927367 0.999885 0.011979 0.58848 0.2201 -0.00964463 0.97543 8.36864 
0.978384 0.0103124 -0.206541 -77.0017 -0.00802738 0.999897 0.0118979 0.587096 0.206642 -0.00998266 0.978366 9.02514 
0.981193 0.0102384 -0.192758 -77.1401 -0.00812326 0.999898 0.0117598 0.585572 0.192859 -0.00997275 0.981176 9.69291 
0.983933 0.0105984 -0.178223 -77.2699 -0.00850836 0.999886 0.0124873 0.586791 0.178335 -0.0107702 0.983911 10.3784 
0.986351 0.0122899 -0.164197 -77.3948 -0.010301 0.999863 0.0129587 0.588525 0.164334 -0.0110904 0.986342 11.08 
0.988382 0.01281 -0.151452 -77.5154 -0.0114081 0.999884 0.0101218 0.587251 0.151564 -0.00827641 0.988413 11.794 
0.990001 0.013149 -0.140448 -77.6274 -0.0125954 0.999909 0.00482944 0.581529 0.140499 -0.00301209 0.990076 12.5202 
0.991335 0.0112767 -0.130874 -77.7345 -0.0115479 0.999933 -0.00131349 0.578896 0.13085 0.00281347 0.991398 13.262 
0.992386 0.0110297 -0.122675 -77.8383 -0.0112879 0.999935 -0.00140974 0.574371 0.122652 0.00278379 0.992446 14.0142 
0.993162 0.0129308 -0.11603 -77.9404 -0.0124582 0.999911 0.00479741 0.566495 0.116082 -0.00331903 0.993234 14.7763 
0.993684 0.0172726 -0.110882 -78.0471 -0.0159439 0.99979 0.0128586 0.558784 0.111081 -0.0110095 0.99375 15.5422 
0.994144 0.0179068 -0.106567 -78.1435 -0.0162154 0.999729 0.0167161 0.551397 0.106837 -0.0148901 0.994165 16.3132 
0.994509 0.0166265 -0.103326 -78.2319 -0.0150951 0.999765 0.0155853 0.552681 0.103561 -0.0139399 0.994525 17.0738 
0.994822 0.0167063 -0.100253 -78.3226 -0.0153159 0.999776 0.0146222 0.551951 0.100475 -0.013011 0.994855 17.8381 
0.995151 0.015218 -0.0971727 -78.4128 -0.0136483 0.999766 0.0167975 0.553082 0.0974055 -0.0153898 0.995126 18.6068 
0.995418 0.0129599 -0.0947401 -78.4953 -0.011193 0.999754 0.0191571 0.553027 0.094965 -0.0180088 0.995318 19.3724 
0.995711 0.0107036 -0.0918934 -78.5759 -0.00880974 0.999741 0.0209903 0.550833 0.0920942 -0.0200907 0.995548 20.1389 
0.99595 0.0100173 -0.0893465 -78.6544 -0.008492 0.999812 0.0174353 0.548025 0.0895044 -0.0166059 0.995848 20.8972 
0.996081 0.0130069 -0.0874816 -78.7402 -0.012173 0.999875 0.0100585 0.545222 0.0876015 -0.00895412 0.996115 21.6472 
0.996226 0.0136158 -0.085728 -78.8239 -0.0134581 0.999907 0.00241591 0.53886 0.0857529 -0.00125301 0.996316 22.3961 
0.996317 0.0141185 -0.0845731 -78.9011 -0.0143259 0.999896 -0.00184658 0.531979 0.0845381 0.00305141 0.996416 23.1507 
0.996485 0.0156315 -0.0823056 -78.9817 -0.0156812 0.999877 4.09134e-05 0.517472 0.0822961 0.00124993 0.996607 23.8949 
0.996613 0.0189518 -0.0800174 -79.0617 -0.0186964 0.999817 0.00393931 0.504131 0.0800775 -0.00242989 0.996786 24.6527 
0.996692 0.0226155 -0.0780606 -79.1417 -0.0219549 0.999716 0.00931073 0.488219 0.0782489 -0.00756607 0.996905 25.4154 
0.996953 0.0204621 -0.0752753 -79.2154 -0.0196745 0.999744 0.0111883 0.48184 0.0754849 -0.00967316 0.9971 26.1715 
0.997076 0.0176405 -0.0743586 -79.2801 -0.0168747 0.999798 0.010915 0.476206 0.0745361 -0.00962824 0.997172 26.926 
0.997176 0.0160087 -0.0733763 -79.3456 -0.015227 0.999821 0.0112002 0.466104 0.0735424 -0.0100513 0.997241 27.6738 
0.997252 0.0157424 -0.0723879 -79.4129 -0.015107 0.999843 0.00931548 0.461282 0.0725231 -0.00819627 0.997333 28.4201 
0.997332 0.0140303 -0.0716457 -79.4798 -0.0134795 0.999876 0.00816583 0.457447 0.0717513 -0.00717825 0.997397 29.1747 
0.997367 0.0125478 -0.0714299 -79.5422 -0.0119874 0.999894 0.00826741 0.452409 0.0715261 -0.00738933 0.997411 29.9328 
0.997379 0.0155998 -0.0706571 -79.6169 -0.0149866 0.999845 0.00920019 0.449986 0.0707897 -0.00811711 0.997458 30.7015 
0.99738 0.0156225 -0.0706379 -79.6903 -0.0150706 0.999852 0.00833919 0.444237 0.0707577 -0.00725274 0.997467 31.4773 
0.997259 0.0151956 -0.0724113 -79.7598 -0.0146366 0.999859 0.0082434 0.439599 0.0725263 -0.00716091 0.997341 32.2537 
0.997142 0.0128836 -0.0744495 -79.8321 -0.0122759 0.999888 0.00861439 0.435802 0.0745521 -0.00767579 0.997188 33.0386 
0.996874 0.0145853 -0.0776567 -79.9117 -0.0139757 0.999867 0.00838698 0.43301 0.0777687 -0.00727541 0.996945 33.8229 
0.9966 0.0181268 -0.0803722 -80.0009 -0.0175373 0.999814 0.00803394 0.424831 0.0805029 -0.00659708 0.996733 34.6115 
0.996388 0.0184768 -0.0828879 -80.089 -0.0182731 0.999828 0.00321567 0.416832 0.082933 -0.0016894 0.996554 35.4068 
0.996177 0.0192167 -0.0852157 -80.1808 -0.0193151 0.999813 -0.00033047 0.410614 0.0851934 0.0019752 0.996363 36.206 
0.996015 0.0183983 -0.0872725 -80.2692 -0.0186469 0.999824 -0.00203406 0.404835 0.0872197 0.00365336 0.996182 37.0202 
0.995797 0.0184829 -0.0897015 -80.3563 -0.0186186 0.999826 -0.000676008 0.393775 0.0896734 0.00234332 0.995969 37.8459 
0.995614 0.0169678 -0.0920028 -80.4459 -0.0170149 0.999855 0.000272711 0.38036 0.0919941 0.00129395 0.995759 38.6742 
0.995457 0.0162366 -0.0938166 -80.5378 -0.0161211 0.999868 0.0019886 0.372981 0.0938365 -0.000467104 0.995588 39.5091 
0.995346 0.0159138 -0.0950473 -80.6356 -0.0154527 0.999865 0.00558434 0.363851 0.0951233 -0.00408957 0.995457 40.3479 
0.995257 0.0152396 -0.0960749 -80.7308 -0.0143206 0.999845 0.0102471 0.355591 0.0962161 -0.00882258 0.995321 41.1926 
0.995289 0.0155761 -0.0956924 -80.8251 -0.0144586 0.999819 0.0123601 0.351464 0.0958676 -0.0109182 0.995334 42.0453 
0.995419 0.0185423 -0.0937987 -80.9237 -0.0174576 0.999771 0.0123718 0.348836 0.0940066 -0.0106776 0.995514 42.9024 
0.995598 0.0186475 -0.0918572 -81.023 -0.0177061 0.999782 0.0110529 0.345114 0.0920433 -0.00937779 0.995711 43.7619 
0.995783 0.0165522 -0.0902305 -81.116 -0.0158242 0.999836 0.00877623 0.341518 0.090361 -0.00731135 0.995882 44.6306 
0.996016 0.0128533 -0.0882428 -81.2092 -0.0122683 0.999899 0.00716787 0.334976 0.088326 -0.00605668 0.996073 45.5024 
0.996191 0.0119223 -0.0863763 -81.299 -0.0113717 0.999912 0.00686331 0.330592 0.0864504 -0.00585488 0.996239 46.3713 
0.996309 0.00950402 -0.0853171 -81.3905 -0.00874003 0.999918 0.00932324 0.322979 0.0853987 -0.00854311 0.99631 47.2451 
0.996398 0.00664719 -0.0845402 -81.473 -0.00566521 0.999914 0.0118497 0.315146 0.0846117 -0.011328 0.99635 48.1182 
0.996459 0.00579208 -0.0838766 -81.5631 -0.00477772 0.999913 0.0122887 0.305488 0.0839405 -0.0118444 0.9964 48.9887 
0.996539 0.0073016 -0.0828032 -81.6518 -0.00657493 0.999938 0.00904465 0.295507 0.082864 -0.00846888 0.996525 49.8551 
0.996587 0.00981544 -0.0819604 -81.749 -0.00958604 0.999949 0.00319149 0.285684 0.0819875 -0.00239488 0.996631 50.7075 
0.996664 0.0114738 -0.0808039 -81.8398 -0.0116722 0.99993 -0.00198343 0.269492 0.0807754 0.00292001 0.996728 51.5671 
0.996661 0.0161457 -0.0800335 -81.932 -0.0168253 0.999828 -0.00782422 0.252635 0.0798933 0.00914473 0.996762 52.4232 
0.996763 0.0161215 -0.0787615 -82.0193 -0.0168593 0.99982 -0.00871108 0.23337 0.0786068 0.0100108 0.996855 53.2715 
0.996823 0.0132644 -0.0785372 -82.103 -0.0135127 0.999905 -0.00263202 0.217513 0.0784948 0.00368496 0.996908 54.1246 
0.996769 0.0125767 -0.0793295 -82.1845 -0.0120926 0.999905 0.00657945 0.19941 0.0794047 -0.00559885 0.996827 54.9826 
0.996688 0.0118583 -0.0804503 -82.2688 -0.0107463 0.999841 0.0142415 0.185269 0.0806063 -0.0133297 0.996657 55.8431 
0.996523 0.00972449 -0.0827539 -82.3512 -0.0087526 0.999889 0.0120986 0.177145 0.0828623 -0.0113321 0.996497 56.6851 
0.996384 0.00476908 -0.0848336 -82.429 -0.00405264 0.999955 0.00861492 0.171214 0.0848708 -0.00823993 0.996358 57.5212 
0.996165 0.00322644 -0.0874394 -82.516 -0.00260918 0.999971 0.00717214 0.159943 0.0874599 -0.00691644 0.996144 58.3483 
0.995928 0.00550762 -0.0899796 -82.6123 -0.005109 0.999976 0.00465933 0.146716 0.0900031 -0.00418061 0.995933 59.1739 
0.995625 0.00687911 -0.0931875 -82.7109 -0.00677621 0.999976 0.00142011 0.132625 0.093195 -0.000782397 0.995648 59.9924 
0.995232 0.00758128 -0.0972399 -82.8096 -0.00780051 0.999968 -0.00187491 0.118984 0.0972225 0.00262454 0.995259 60.8066 
0.994913 0.00950905 -0.100293 -82.913 -0.0101427 0.999932 -0.00581048 0.0983248 0.100231 0.00679821 0.994941 61.611 
0.994553 0.0143581 -0.103243 -83.0264 -0.0150615 0.999868 -0.00603721 0.080725 0.103142 0.00755935 0.994638 62.4186 
0.994132 0.0179433 -0.106674 -83.1375 -0.0185106 0.999819 -0.00433067 0.0669452 0.106577 0.00627989 0.994285 63.2246 
0.993663 0.0212198 -0.110378 -83.2514 -0.0212031 0.999774 0.00132484 0.05149 0.110382 0.00102397 0.993889 64.0312 
0.993196 0.021728 -0.11441 -83.3645 -0.0210958 0.999755 0.00673294 0.0374859 0.114528 -0.00427351 0.993411 64.8342 
0.992625 0.0209546 -0.119398 -83.4755 -0.0198569 0.999749 0.0103756 0.0259407 0.119585 -0.00792817 0.992792 65.6283 
0.99184 0.0205922 -0.125812 -83.5927 -0.0192969 0.999748 0.0115054 0.0193381 0.126017 -0.00898373 0.991987 66.415 
0.991142 0.0189007 -0.131456 -83.7132 -0.0170539 0.99974 0.0151606 0.0149814 0.131708 -0.0127844 0.991206 67.1947 
0.99025 0.019249 -0.137962 -83.8383 -0.0173657 0.999739 0.0148416 0.00885762 0.138212 -0.012301 0.990326 67.9663 
0.9893 0.0240959 -0.14389 -83.9781 -0.0223461 0.999656 0.0137647 0.00326737 0.144172 -0.010402 0.989498 68.7321 
0.988339 0.0262715 -0.149984 -84.1175 -0.0250742 0.999637 0.00986831 -0.000364223 0.150189 -0.00599246 0.988639 69.4993 
0.987448 0.0247021 -0.156001 -84.2564 -0.0238532 0.999689 0.00731175 -0.00821 0.156133 -0.00349881 0.98773 70.2639 
0.986552 0.0260924 -0.161351 -84.4006 -0.02547 0.999658 0.00592478 -0.0142965 0.161451 -0.00173545 0.986879 71.0295 
0.98572 0.0277617 -0.166086 -84.5478 -0.0263279 0.999595 0.010829 -0.0162825 0.16632 -0.00630162 0.986052 71.795 
0.984667 0.0283303 -0.172128 -84.7005 -0.0261475 0.999547 0.0149356 -0.0194282 0.172473 -0.0102058 0.984961 72.547 
0.983585 0.0276062 -0.178324 -84.8558 -0.0249522 0.999542 0.0171089 -0.029544 0.178715 -0.0123784 0.983823 73.302 
0.982344 0.0252702 -0.185371 -85.0135 -0.0232007 0.999642 0.013325 -0.033156 0.185642 -0.0087889 0.982578 74.0456 
0.980804 0.0232045 -0.193612 -85.1795 -0.0224602 0.99973 0.00603887 -0.0339815 0.1937 -0.00157434 0.98106 74.7879 
0.979048 0.0205656 -0.202589 -85.3516 -0.0201568 0.999789 0.00408122 -0.0384467 0.20263 8.78637e-05 0.979255 75.5288 
0.976827 0.01982 -0.213111 -85.535 -0.0187975 0.9998 0.00682348 -0.0448538 0.213203 -0.00265938 0.977004 76.2686 
0.974335 0.0200024 -0.224214 -85.7233 -0.017537 0.999762 0.0129817 -0.0474058 0.22442 -0.00871644 0.974453 77.0045 
0.971498 0.0214428 -0.236075 -85.925 -0.017078 0.999644 0.0205184 -0.0497891 0.236431 -0.0159019 0.971518 77.736 
0.96872 0.0218368 -0.247194 -86.1344 -0.0164064 0.999577 0.0240069 -0.0535439 0.247614 -0.0192004 0.968669 78.4568 
0.965751 0.0255958 -0.258207 -86.3572 -0.0212889 0.999584 0.0194628 -0.0576165 0.258598 -0.0132992 0.965894 79.1676 
0.962523 0.0247873 -0.270064 -86.5803 -0.022858 0.999686 0.0102868 -0.0574286 0.270234 -0.00372811 0.962788 79.8677 
0.959117 0.0219219 -0.282159 -86.8104 -0.0212914 0.999759 0.00530074 -0.0554611 0.282207 0.000923563 0.959353 80.5673 
0.955521 0.0205213 -0.294209 -87.0513 -0.0183617 0.99978 0.0101009 -0.0555193 0.294352 -0.00424941 0.955688 81.277 
0.952021 0.0220856 -0.305234 -87.3068 -0.0176006 0.999693 0.0174379 -0.0601099 0.305526 -0.0112289 0.952118 81.9944 
0.948169 0.0220455 -0.317001 -87.568 -0.0156785 0.999621 0.0226222 -0.0603211 0.31738 -0.0164796 0.948155 82.709 
0.943801 0.019523 -0.329938 -87.8283 -0.0135143 0.999699 0.0204955 -0.0564439 0.330239 -0.0148847 0.94378 83.4157 
0.93982 0.0172499 -0.341234 -88.1025 -0.0126324 0.999796 0.0157493 -0.0554385 0.341437 -0.0104908 0.939846 84.1164 
0.936553 0.0128613 -0.350291 -88.384 -0.0102939 0.999905 0.00919017 -0.0630033 0.350376 -0.00500115 0.936596 84.814 
0.933631 0.00886561 -0.358126 -88.6642 -0.00842125 0.999961 0.00280037 -0.0612504 0.358136 0.000401402 0.933669 85.5084 
0.930734 0.00876526 -0.365591 -88.9549 -0.00905535 0.999959 0.000921074 -0.0688366 0.365584 0.00245333 0.930775 86.2062 
0.92777 0.0140382 -0.372889 -89.2675 -0.0148547 0.999889 0.000683314 -0.0770588 0.372858 0.00490526 0.927876 86.8931 
0.924508 0.0136221 -0.380919 -89.5742 -0.0137046 0.999903 0.00249593 -0.084135 0.380916 0.00291288 0.924605 87.595 
0.921154 0.0144279 -0.38893 -89.8859 -0.0118196 0.999889 0.00909843 -0.088489 0.389018 -0.00378403 0.921222 88.2985 
0.918253 0.0163473 -0.395656 -90.2088 -0.0104555 0.9998 0.0170431 -0.088997 0.395856 -0.011513 0.918241 89.0063 
0.915516 0.0261574 -0.40143 -90.5434 -0.0181238 0.999553 0.0237975 -0.0949024 0.401873 -0.0145115 0.915581 89.6963 
0.91269 0.0327505 -0.407338 -90.88 -0.0266307 0.999431 0.0206861 -0.0964161 0.407784 -0.00803225 0.913043 90.3821 
0.910101 0.0287947 -0.413386 -91.2056 -0.0257995 0.999585 0.0128271 -0.0935792 0.413583 -0.00100874 0.910466 91.0675 
0.908066 0.0206268 -0.418318 -91.536 -0.0202238 0.999781 0.00539702 -0.0930144 0.418338 0.0035592 0.908285 91.7588 
0.90618 0.0213735 -0.422353 -91.8713 -0.0215375 0.999758 0.00438374 -0.0917949 0.422344 0.00512401 0.906421 92.4486 
0.903763 0.0270719 -0.427176 -92.2241 -0.0253687 0.999631 0.00967885 -0.100081 0.42728 0.00208955 0.904117 93.1453 
0.901126 0.0293145 -0.432566 -92.5781 -0.0259873 0.99957 0.0136026 -0.101325 0.432779 -0.00101641 0.9015 93.8418 
0.898732 0.0254471 -0.43776 -92.9269 -0.0225985 0.999676 0.0117161 -0.112127 0.437917 -0.000636889 0.899015 94.5325 
0.896174 0.0237478 -0.443067 -93.2797 -0.023931 0.9997 0.00517835 -0.117398 0.443057 0.00596237 0.896474 95.2194 
0.893885 0.0209166 -0.447809 -93.6449 -0.0240281 0.999711 -0.0012679 -0.122271 0.447653 0.0118934 0.894128 95.9019 
0.891471 0.021513 -0.452566 -94.0151 -0.0256192 0.999667 -0.00294528 -0.128352 0.452352 0.0142201 0.891726 96.585 
0.889327 0.0242868 -0.456626 -94.3872 -0.0266816 0.999643 0.00120329 -0.142663 0.456493 0.0111134 0.889658 97.2672 
0.887123 0.0259822 -0.460801 -94.7636 -0.02745 0.999617 0.00351704 -0.15573 0.460716 0.00952901 0.887496 97.9485 
0.884531 0.0264628 -0.46573 -95.1379 -0.0276076 0.999609 0.00436445 -0.169751 0.465664 0.00899727 0.884916 98.6264 
0.882165 0.0245042 -0.470303 -95.5143 -0.0258463 0.999659 0.00360428 -0.181287 0.470231 0.00897607 0.882498 99.3006 
0.879899 0.0225982 -0.474624 -95.8908 -0.0241907 0.999704 0.002752 -0.189163 0.474545 0.00906004 0.880184 99.9741 
0.877561 0.0218895 -0.478965 -96.267 -0.0231982 0.999726 0.0031853 -0.19894 0.478904 0.00831588 0.877828 100.636 
0.875176 0.0234377 -0.483236 -96.6539 -0.024787 0.999686 0.0035952 -0.208731 0.483169 0.00883158 0.875483 101.292 
0.8728 0.0239408 -0.487491 -97.0405 -0.025535 0.999668 0.00337612 -0.218227 0.48741 0.00950147 0.873121 101.949 
0.870259 0.0208018 -0.492155 -97.4203 -0.0243056 0.999704 -0.000724456 -0.231113 0.491994 0.0125926 0.870507 102.596 
0.867743 0.0176715 -0.496698 -97.8012 -0.0233691 0.999713 -0.00525885 -0.247514 0.496463 0.0161708 0.867907 103.238 
0.865523 0.0158041 -0.50062 -98.1847 -0.0228137 0.999709 -0.00788284 -0.261989 0.50035 0.0182438 0.865631 103.873 
0.863631 0.0177154 -0.503813 -98.5721 -0.0229057 0.999729 -0.00411163 -0.274067 0.503604 0.0150912 0.863803 104.5 
0.861765 0.0218891 -0.506835 -98.9585 -0.022624 0.999733 0.004709 -0.28645 0.506802 0.00740862 0.86203 105.124 
0.860152 0.0240926 -0.509469 -99.3401 -0.0196074 0.999707 0.0141718 -0.299041 0.509661 -0.00220048 0.860372 105.748 
0.858651 0.0242555 -0.511986 -99.7118 -0.0168045 0.999675 0.019177 -0.310839 0.512285 -0.00786261 0.85878 106.345 
0.85691 0.0212842 -0.515026 -100.078 -0.0137824 0.999736 0.0183841 -0.309452 0.515281 -0.00865514 0.856978 106.943 
0.855102 0.0192146 -0.518103 -100.445 -0.0136262 0.999801 0.0145896 -0.308546 0.51828 -0.00541575 0.855194 107.52 
0.853505 0.0173831 -0.520794 -100.805 -0.0133418 0.999845 0.0115077 -0.310705 0.520913 -0.00287351 0.853605 108.077 
0.852109 0.0157668 -0.523128 -101.161 -0.0123435 0.999874 0.0100296 -0.310706 0.52322 -0.00208898 0.852195 108.624 
0.850834 0.0143591 -0.525238 -101.5 -0.0110162 0.999894 0.00949026 -0.312378 0.525319 -0.00228847 0.850902 109.153 
0.849472 0.0147482 -0.527427 -101.835 -0.0108077 0.999886 0.0105526 -0.322702 0.527522 -0.00326379 0.849535 109.66 
0.848309 0.0145464 -0.529302 -102.161 -0.0097381 0.999882 0.0118717 -0.326029 0.529412 -0.00491644 0.848351 110.155 
0.846722 0.0133993 -0.531868 -102.47 -0.00804318 0.999891 0.0123856 -0.334403 0.531976 -0.00620922 0.846737 110.633 
0.845153 0.0116071 -0.534398 -102.761 -0.00583074 0.999905 0.0124965 -0.338215 0.534492 -0.00744546 0.845141 111.09 
0.844163 0.0105582 -0.535983 -103.053 -0.00521448 0.99992 0.0114844 -0.343444 0.536062 -0.00689979 0.844151 111.52 
0.842823 0.0103764 -0.538091 -103.329 -0.00724346 0.999942 0.00793694 -0.350671 0.538142 -0.00279175 0.84285 111.936 
0.841252 0.00773848 -0.540588 -103.598 -0.00689097 0.99997 0.00359086 -0.353971 0.5406 0.00070441 0.84128 112.333 
0.839077 0.00347244 -0.544002 -103.86 -0.00343828 0.999994 0.00107978 -0.352306 0.544002 0.000964457 0.839084 112.714 
0.836385 -0.000771699 -0.548142 -104.108 0.00158259 0.999998 0.00100691 -0.349511 0.54814 -0.0017096 0.836385 113.084 
0.832831 0.000184535 -0.553528 -104.35 0.00129869 0.999997 0.00228732 -0.353413 0.553526 -0.00262376 0.832828 113.435 
0.828765 0.00356696 -0.559585 -104.585 -0.00172199 0.999991 0.00382386 -0.356429 0.559594 -0.00220544 0.828764 113.766 
0.824836 0.00918464 -0.565298 -104.816 -0.00573666 0.999953 0.00787615 -0.357195 0.565344 -0.00325356 0.824849 114.086 
0.820643 0.0147256 -0.571251 -105.035 -0.00761079 0.999861 0.0148407 -0.362985 0.57139 -0.00783119 0.820641 114.379 
0.8156 0.0162105 -0.578389 -105.24 -0.0064106 0.999799 0.0189816 -0.368289 0.578581 -0.0117735 0.81554 114.659 
0.809836 0.0136412 -0.586498 -105.431 -0.0021949 0.999793 0.0202231 -0.37174 0.586653 -0.01509 0.809698 114.924 
0.802613 0.0110326 -0.596398 -105.619 0.00147414 0.999789 0.0204787 -0.364136 0.596498 -0.0173156 0.802428 115.172 
0.79388 0.00990281 -0.607994 -105.809 0.00418153 0.999755 0.0217436 -0.369065 0.608061 -0.0198041 0.793644 115.396 
0.783379 0.0103935 -0.621457 -105.993 0.00440141 0.999742 0.0222683 -0.368616 0.621528 -0.0201798 0.783132 115.604 
0.770744 0.0118993 -0.637034 -106.172 0.00282898 0.999752 0.0220974 -0.375538 0.637138 -0.0188335 0.770519 115.796 
0.756203 0.0102077 -0.654257 -106.344 0.00296617 0.999815 0.0190273 -0.37511 0.65433 -0.0163291 0.756033 115.975 
0.7411 0.00774162 -0.67135 -106.516 0.00203871 0.999903 0.0137808 -0.377343 0.671392 -0.0115816 0.741012 116.133 
0.725619 0.0040856 -0.688085 -106.679 0.00233859 0.999962 0.00840354 -0.378035 0.688093 -0.00770687 0.725582 116.284 
0.70991 0.00388916 -0.704282 -106.847 -0.0015086 0.999991 0.00400142 -0.374912 0.704291 -0.00177811 0.709909 116.422 
0.693768 0.00684014 -0.720167 -107.021 -0.00874495 0.999961 0.00107321 -0.365632 0.720146 0.00555332 0.6938 116.553 
0.675921 0.00830963 -0.736927 -107.197 -0.0114705 0.999934 0.000754351 -0.35877 0.736885 0.00794309 0.675972 116.689 
0.656774 0.00660847 -0.754059 -107.376 -0.00852103 0.999963 0.00134183 -0.351628 0.75404 0.00554413 0.656806 116.824 
0.63617 0.00552703 -0.771529 -107.556 -0.0054892 0.999981 0.00263742 -0.348383 0.77153 0.00255729 0.636188 116.954 
0.613676 0.00741724 -0.789523 -107.744 -0.00558685 0.999972 0.00505177 -0.350409 0.789538 0.00131085 0.6137 117.07 
0.58905 0.0113431 -0.808017 -107.939 -0.00926166 0.999931 0.00728544 -0.337168 0.808043 0.00319214 0.589114 117.18 
0.564038 0.0147101 -0.825618 -108.138 -0.0114753 0.999884 0.00997542 -0.326911 0.825669 0.00384774 0.564142 117.282 
0.53845 0.0173581 -0.842479 -108.342 -0.0134005 0.999838 0.0120356 -0.322383 0.842551 0.00480913 0.538595 117.373 
0.51234 0.0201997 -0.858545 -108.549 -0.0166798 0.999769 0.0135687 -0.319486 0.858621 0.00736864 0.512559 117.458 
0.485315 0.0245498 -0.873995 -108.755 -0.021096 0.999644 0.0163649 -0.320787 0.874085 0.0104958 0.48566 117.532 
0.457137 0.027247 -0.888979 -108.966 -0.0234136 0.999553 0.0185962 -0.318162 0.889088 0.0123132 0.457571 117.605 
0.427167 0.0264507 -0.903786 -109.178 -0.0227261 0.99957 0.0185127 -0.315329 0.903887 0.0126316 0.427585 117.673 
0.394336 0.0237521 -0.918659 -109.404 -0.0228623 0.99961 0.0160314 -0.322004 0.918682 0.0146809 0.394726 117.74 
0.359356 0.0188517 -0.93301 -109.649 -0.0226867 0.999677 0.0114607 -0.311446 0.932925 0.0170485 0.359667 117.801 
0.320166 0.0158876 -0.947228 -109.91 -0.0229447 0.999696 0.0090122 -0.297882 0.947084 0.0188485 0.320433 117.851 
0.278817 0.0139086 -0.960244 -110.194 -0.022551 0.999714 0.00793237 -0.282927 0.96008 0.0194429 0.279051 117.89 
0.234611 0.0117955 -0.972018 -110.498 -0.0219726 0.999735 0.00682837 -0.274113 0.971841 0.0197558 0.234808 117.928 
0.187209 0.00832069 -0.982285 -110.817 -0.0211968 0.999766 0.00442897 -0.259048 0.982091 0.0199922 0.187341 117.952 
0.137958 0.00611082 -0.990419 -111.144 -0.0211415 0.999771 0.00322367 -0.253212 0.990212 0.0204942 0.138055 117.955 
0.0876755 0.00555304 -0.996134 -111.497 -0.0206523 0.99978 0.00375563 -0.244937 0.995935 0.0202432 0.0877709 117.942 
0.0354134 0.00654609 -0.999351 -111.859 -0.0203189 0.999777 0.00582885 -0.236767 0.999166 0.0200994 0.0355385 117.912 
-0.0179396 0.0092111 -0.999797 -112.23 -0.0172176 0.999806 0.00952013 -0.236625 0.999691 0.017385 -0.0177775 117.867 
-0.0715672 0.011012 -0.997375 -112.611 -0.0142029 0.999826 0.0120582 -0.231685 0.997335 0.0150286 -0.0713984 117.801 
-0.125075 0.0126586 -0.992067 -113.007 -0.0108311 0.999842 0.0141233 -0.228012 0.992088 0.0125117 -0.124918 117.711 
-0.177889 0.0143028 -0.983947 -113.411 -0.00821463 0.999838 0.0160189 -0.221459 0.984016 0.0109324 -0.177742 117.595 
-0.228848 0.0159351 -0.973332 -113.819 -0.00658521 0.999818 0.017917 -0.217897 0.97344 0.0105099 -0.228702 117.453 
-0.27818 0.0170999 -0.960377 -114.241 -0.00365336 0.999815 0.0188603 -0.208577 0.960522 0.00875519 -0.278066 117.288 
-0.326355 0.0183293 -0.94507 -114.671 0.00060941 0.999816 0.0191807 -0.196296 0.945247 0.0056838 -0.326306 117.104 
-0.372913 0.0199494 -0.927652 -115.109 0.00527354 0.999798 0.0193809 -0.19126 0.927852 0.00233542 -0.372943 116.893 
-0.416921 0.0217855 -0.908682 -115.546 0.00950676 0.999763 0.0196072 -0.183803 0.908893 -0.00046392 -0.417029 116.654 
