1 2.12261e-08 -2.11895e-08 0 2.12261e-08 1 2.10703e-08 0 -2.11895e-08 2.10703e-08 1 0 
0.999998 0.000777295 0.00180649 -0.00887439 -0.000775749 0.999999 -0.000832905 -0.00732818 -0.00180718 0.000831544 0.999998 0.449534 
0.999991 0.00218436 0.00363281 -0.0177037 -0.00217791 0.999996 -0.00176775 -0.0135635 -0.0036367 0.00175987 0.999992 0.912377 
0.99998 0.0033527 0.00542072 -0.0269484 -0.00333954 0.999992 -0.00242765 -0.0196294 -0.00542885 0.00240954 0.999982 1.38994 
0.999969 0.00363027 0.0070447 -0.0342866 -0.00361314 0.999991 -0.00243685 -0.0247269 -0.00705353 0.00241136 0.999972 1.88196 
0.999957 0.00305274 0.00871503 -0.0393032 -0.00303311 0.999993 -0.00226003 -0.0323913 -0.00872191 0.00223354 0.99996 2.3821 
0.999941 0.00244246 0.0106071 -0.0420264 -0.00243247 0.999997 -0.000951406 -0.0426981 -0.0106094 0.00092559 0.999943 2.89214 
0.99992 0.00247124 0.012393 -0.047763 -0.00247737 0.999997 0.000483138 -0.0494538 -0.0123918 -0.00051376 0.999923 3.40277 
0.999909 0.00301351 0.0131445 -0.048681 -0.00303668 0.999994 0.00174569 -0.0585347 -0.0131392 -0.00178541 0.999912 3.91991 
0.999895 0.0038209 0.0140101 -0.0530034 -0.0038458 0.999991 0.00175405 -0.0680609 -0.0140033 -0.0018077 0.9999 4.43788 
0.999874 0.00491034 0.0151163 -0.0572319 -0.00492913 0.999987 0.00120889 -0.0738838 -0.0151102 -0.0012832 0.999885 4.95177 
0.999863 0.00499675 0.0157648 -0.0577527 -0.00501381 0.999987 0.00104584 -0.0818347 -0.0157594 -0.0011247 0.999875 5.47501 
0.999843 0.00624232 0.0165675 -0.0598563 -0.00624984 0.99998 0.000404607 -0.0901663 -0.0165647 -0.000508046 0.999863 6.00329 
0.999822 0.00719881 0.0174272 -0.0605208 -0.00719515 0.999974 -0.000270077 -0.0980686 -0.0174287 0.00014468 0.999848 6.53752 
0.999795 0.00837486 0.0184597 -0.0622717 -0.00836827 0.999965 -0.000432024 -0.10618 -0.0184627 0.0002775 0.99983 7.07423 
0.999773 0.00896372 0.0193212 -0.0636066 -0.00894628 0.99996 -0.000986339 -0.116974 -0.0193293 0.000813304 0.999813 7.61684 
0.999736 0.0101984 0.0205864 -0.0626322 -0.010173 0.999947 -0.00133646 -0.126157 -0.020599 0.00112672 0.999787 8.16328 
0.999664 0.0113399 0.0233083 -0.0587231 -0.0113086 0.999935 -0.00146891 -0.134194 -0.0233235 0.00120487 0.999727 8.71421 
0.999556 0.0120782 0.027257 -0.0535283 -0.0120315 0.999926 -0.00187428 -0.1444 -0.0272776 0.00154555 0.999627 9.27746 
0.999437 0.0121085 0.0312761 -0.0446599 -0.0120422 0.999925 -0.00230375 -0.154289 -0.0313017 0.00192586 0.999508 9.84451 
0.99928 0.0115597 0.0361278 -0.0308751 -0.0114656 0.99993 -0.00280948 -0.164644 -0.0361578 0.00239328 0.999343 10.4232 
0.999046 0.011978 0.0420008 -0.0125211 -0.011876 0.999926 -0.00267536 -0.175328 -0.0420298 0.00217404 0.999114 11.0061 
0.998753 0.0119872 0.0484726 -0.00177844 -0.0118948 0.999927 -0.00219387 -0.185982 -0.0484954 0.0016146 0.998822 11.5879 
0.998439 0.012087 0.0545376 0.0246068 -0.0119471 0.999924 -0.00289118 -0.195463 -0.0545684 0.00223514 0.998508 12.1864 
0.998098 0.0103262 0.0607824 0.0564932 -0.0101128 0.999942 -0.00381667 -0.207561 -0.0608183 0.00319477 0.998144 12.7966 
0.997712 0.00958574 0.066929 0.0920471 -0.00932145 0.999948 -0.0042593 -0.216493 -0.0669664 0.00362572 0.997749 13.4141 
0.99725 0.0122927 0.0730913 0.130089 -0.011869 0.99991 -0.00622791 -0.227099 -0.0731613 0.0053433 0.997306 14.048 
0.996713 0.0160724 0.0794059 0.163961 -0.0153743 0.999838 -0.00939486 -0.238122 -0.0795441 0.0081432 0.996798 14.6885 
0.996253 0.0133016 0.0854604 0.208719 -0.0125404 0.999877 -0.00943674 -0.251255 -0.0855754 0.00832971 0.996297 15.3591 
0.995894 0.0059944 0.0903328 0.267807 -0.00538382 0.999961 -0.00700089 -0.253445 -0.0903713 0.00648584 0.995887 16.0341 
0.995462 0.000210703 0.0951608 0.330432 0.000131542 0.999994 -0.00358974 -0.258917 -0.095161 0.00358601 0.995455 16.7313 
0.995066 0.00152553 0.0992043 0.391459 -0.00144899 0.999999 -0.000843144 -0.252714 -0.0992055 0.000695278 0.995067 17.4379 
0.994862 0.000455704 0.101242 0.455489 -0.000346438 0.999999 -0.00109639 -0.257616 -0.101242 0.00105572 0.994861 18.1683 
0.994848 -0.00353884 0.101319 0.523128 0.00384589 0.999989 -0.00283491 -0.2621 -0.101308 0.00321001 0.99485 18.9054 
0.994949 -0.00893479 0.0999836 0.583294 0.00949409 0.999942 -0.00511903 -0.262643 -0.0999321 0.00604247 0.994976 19.6433 
0.995418 -0.0116979 0.0948995 0.648287 0.0122796 0.999909 -0.00554794 -0.274175 -0.0948261 0.00668789 0.995471 20.4172 
0.996094 -0.0109757 0.0876103 0.695446 0.011508 0.999918 -0.00557303 -0.288297 -0.0875421 0.00655952 0.996139 21.2043 
0.996865 -0.0107204 0.07839 0.73926 0.0110663 0.999931 -0.00397907 -0.296638 -0.078342 0.00483412 0.996915 22.0174 
0.997579 -0.0108587 0.0686831 0.778309 0.0110129 0.999938 -0.0018669 -0.307979 -0.0686586 0.00261883 0.997637 22.8349 
0.998174 -0.0097647 0.0596158 0.804023 0.00970999 0.999952 0.00120811 -0.322581 -0.0596248 -0.00062699 0.998221 23.6618 
0.998627 -0.00954473 0.0515112 0.828126 0.0093788 0.99995 0.00346278 -0.333148 -0.0515417 -0.00297487 0.998666 24.4967 
0.998968 -0.00801624 0.0447105 0.843683 0.00783855 0.999961 0.0041492 -0.341384 -0.044742 -0.00379441 0.998991 25.3357 
0.999215 -0.00691729 0.0389987 0.858829 0.00673673 0.999966 0.0047604 -0.353034 -0.0390303 -0.0044939 0.999228 26.1749 
0.999415 -0.00544592 0.0337667 0.869944 0.00528758 0.999975 0.00477804 -0.363617 -0.0337919 -0.00459666 0.999418 27.0053 
0.999571 -0.0053968 0.0287792 0.873283 0.00526397 0.999975 0.00469068 -0.377176 -0.0288039 -0.00453713 0.999575 27.8383 
0.99969 -0.00478462 0.0244259 0.866892 0.004685 0.999981 0.0041358 -0.388545 -0.0244453 -0.00402004 0.999693 28.67 
0.999795 -0.00354361 0.0199276 0.86614 0.00345096 0.999983 0.00468399 -0.400082 -0.0199439 -0.00461422 0.99979 29.5019 
0.999862 -0.00147531 0.0165363 0.860186 0.0013844 0.999984 0.0055103 -0.4167 -0.0165442 -0.0054866 0.999848 30.3416 
0.999901 0.00134514 0.0140379 0.850489 -0.00143504 0.999979 0.00639909 -0.430728 -0.0140291 -0.00641855 0.999881 31.1733 
0.99992 0.00245699 0.0124193 0.84031 -0.00253651 0.999976 0.00639455 -0.444096 -0.0124033 -0.0064255 0.999902 31.9958 
0.999927 0.00323653 0.0116221 0.833219 -0.00330649 0.999977 0.00600901 -0.45607 -0.0116024 -0.00604696 0.999914 32.8081 
0.999925 0.00539538 0.0109605 0.820556 -0.00544641 0.999974 0.00463539 -0.468205 -0.0109352 -0.0046947 0.999929 33.6175 
0.999921 0.00772463 0.00993628 0.814963 -0.00776921 0.99996 0.00445991 -0.480099 -0.00990147 -0.00453672 0.999941 34.4148 
0.999908 0.00975305 0.0094187 0.801107 -0.00980039 0.99994 0.0049982 -0.491977 -0.00936942 -0.00509 0.999943 35.2077 
0.999897 0.0114122 0.00872385 0.792768 -0.0114611 0.999919 0.00558554 -0.50788 -0.00865944 -0.00568491 0.999946 35.9897 
0.999884 0.0128137 0.00829649 0.780332 -0.0128606 0.999902 0.00562777 -0.520121 -0.0082236 -0.00573377 0.99995 36.7559 
0.99986 0.0148521 0.00774576 0.76898 -0.0148956 0.999874 0.00558236 -0.533811 -0.00766191 -0.00569691 0.999954 37.5018 
0.999823 0.0172226 0.00756107 0.757517 -0.0172683 0.999833 0.00602997 -0.546495 -0.007456 -0.00615943 0.999953 38.2419 
0.99976 0.0204344 0.00788646 0.744599 -0.0204815 0.999773 0.00594019 -0.556237 -0.00776332 -0.00610025 0.999951 38.9655 
0.99966 0.0242637 0.00952182 0.731632 -0.0243212 0.999686 0.00596989 -0.568896 -0.00937403 -0.0061994 0.999937 39.6722 
0.999583 0.0261348 0.012249 0.726738 -0.0261948 0.999646 0.00476287 -0.581619 -0.0121202 -0.0050817 0.999914 40.3747 
0.999499 0.0273245 0.0159508 0.725857 -0.0273891 0.999617 0.00384895 -0.596157 -0.0158396 -0.00428386 0.999865 41.0494 
0.999418 0.0268473 0.0210293 0.727664 -0.026936 0.999629 0.00394532 -0.605805 -0.0209156 -0.00450943 0.999771 41.7328 
0.999262 0.0278316 0.0264668 0.731336 -0.0279513 0.999601 0.00416602 -0.617654 -0.0263403 -0.00490269 0.999641 42.4025 
0.999069 0.028268 0.032604 0.741081 -0.0284341 0.999585 0.00464492 -0.630796 -0.0324592 -0.00556762 0.999458 43.0494 
0.998818 0.0274982 0.0400912 0.753901 -0.0277243 0.999603 0.00509506 -0.641121 -0.0399352 -0.00620049 0.999183 43.6805 
0.998451 0.0272204 0.0485292 0.777342 -0.0274909 0.99961 0.00491654 -0.652197 -0.0483765 -0.006243 0.99881 44.302 
0.997878 0.027638 0.0589603 0.805483 -0.0279714 0.999597 0.00483788 -0.665295 -0.0588029 -0.00647677 0.998249 44.9118 
0.997115 0.0270796 0.0709119 0.841491 -0.0274661 0.999613 0.00448206 -0.672885 -0.0707631 -0.00641676 0.997473 45.5079 
0.996185 0.0257832 0.083368 0.888765 -0.0262444 0.999646 0.00444161 -0.682407 -0.083224 -0.00661257 0.996509 46.0927 
0.995013 0.0251604 0.096521 0.939281 -0.0256563 0.999663 0.00390048 -0.692904 -0.0963904 -0.00635736 0.995323 46.6673 
0.993456 0.025058 0.111433 0.996406 -0.0256553 0.999663 0.00392888 -0.703571 -0.111297 -0.00676197 0.993764 47.2266 
0.991495 0.024645 0.127793 1.06819 -0.02539 0.999669 0.00420441 -0.714858 -0.127647 -0.00741327 0.991792 47.7774 
0.989052 0.0270155 0.145075 1.1475 -0.0277975 0.999608 0.00336591 -0.723583 -0.144927 -0.00736174 0.989415 48.3164 
0.985813 0.0255483 0.165892 1.23938 -0.0263276 0.99965 0.00250041 -0.735004 -0.165771 -0.00683245 0.986141 48.8417 
0.981569 0.0287553 0.188933 1.33957 -0.0295712 0.999562 0.00150053 -0.747479 -0.188807 -0.00705981 0.981989 49.3579 
0.976397 0.0276989 0.214198 1.45654 -0.0282135 0.999602 -0.000654554 -0.763482 -0.214131 -0.00540414 0.97679 49.857 
0.970252 0.0265914 0.240631 1.58655 -0.0265406 0.999642 -0.00345267 -0.775447 -0.240637 -0.00303648 0.970611 50.3378 
0.962879 0.0255905 0.268719 1.72818 -0.0248145 0.999672 -0.00628458 -0.784039 -0.268791 -0.000616788 0.963198 50.8034 
0.954178 0.023365 0.298325 1.88296 -0.0221445 0.999727 -0.00747113 -0.796778 -0.298418 0.000522567 0.954435 51.2531 
0.943882 0.0259229 0.329263 2.03772 -0.0239657 0.999663 -0.0100022 -0.805635 -0.329411 0.00154993 0.944185 51.6847 
0.932295 0.0262085 0.360749 2.20832 -0.0243471 0.999657 -0.00970411 -0.823185 -0.360879 0.000263945 0.932613 52.1023 
0.919184 0.0253313 0.393014 2.38704 -0.0239347 0.999678 -0.0084543 -0.838767 -0.393101 -0.00163559 0.919494 52.504 
0.904141 0.0241354 0.426551 2.58214 -0.0231506 0.999704 -0.00749454 -0.859165 -0.426606 -0.00309877 0.904432 52.8808 
0.88687 0.0236684 0.461413 2.78156 -0.0226036 0.999714 -0.00783496 -0.873696 -0.461466 -0.00348096 0.887151 53.2413 
0.867488 0.02334 0.496911 2.98674 -0.0217178 0.999723 -0.00904301 -0.885277 -0.496985 -0.00294709 0.867754 53.5801 
0.846189 0.0226355 0.532402 3.21078 -0.0198975 0.999743 -0.0108802 -0.898339 -0.532511 -0.00138672 0.846422 53.905 
0.822795 0.0215997 0.567928 3.44315 -0.0174314 0.999767 -0.0127696 -0.907183 -0.568071 0.000606998 0.82298 54.2092 
0.797324 0.0184549 0.603269 3.6902 -0.0134574 0.999828 -0.0127999 -0.92318 -0.603401 0.00208728 0.797435 54.5019 
0.769292 0.0148306 0.638725 3.9452 -0.0103757 0.999889 -0.0107197 -0.936036 -0.638813 0.00161936 0.76936 54.7784 
0.739298 0.0105877 0.673295 4.21503 -0.00767916 0.999944 -0.00729227 -0.944193 -0.673335 0.00022084 0.739338 55.0475 
0.707125 0.00691849 0.707055 4.49572 -0.00631829 0.999974 -0.00346569 -0.956733 -0.707061 -0.00201668 0.70715 55.2996 
0.67183 0.00463254 0.740691 4.78249 -0.00745953 0.999972 0.00051192 -0.966612 -0.740668 -0.00586911 0.671846 55.537 
0.634015 0.000950389 0.77332 5.07598 -0.00552861 0.999979 0.00330381 -0.972308 -0.773301 -0.00637003 0.634007 55.7555 
0.594693 -0.00274284 0.803948 5.37991 -0.00291246 0.99998 0.0055661 -0.982675 -0.803948 -0.00565157 0.594673 55.9473 
0.552485 -0.00480921 0.833509 5.69471 0.000485274 0.999985 0.00544815 -0.987049 -0.833523 -0.00260553 0.552479 56.1216 
0.507528 -0.00394451 0.861626 6.02651 0.00145079 0.999992 0.00372343 -0.997009 -0.861634 -0.000639694 0.50753 56.2905 
0.460489 -0.0014455 0.887664 6.37224 0.000358592 0.999999 0.00144246 -1.00093 -0.887665 -0.000345918 0.460489 56.4499 
0.410954 0.00132982 0.911655 6.73765 -0.0026804 0.999996 -0.000250367 -1.00293 -0.911652 -0.00234071 0.410956 56.6003 
0.360721 0.00406489 0.932665 7.12318 -0.00665666 0.999976 -0.00178365 -1.00224 -0.93265 -0.00556502 0.360739 56.7322 
0.311273 0.00437953 0.95031 7.52388 -0.00893935 0.999959 -0.00168021 -1.01084 -0.950279 -0.00797215 0.311299 56.8338 
0.262829 0.00429121 0.964833 7.93704 -0.00721823 0.999971 -0.00248112 -1.0148 -0.964815 -0.00631227 0.262853 56.9199 
0.217628 0.00365584 0.976025 8.37004 -0.00534988 0.999982 -0.00255265 -1.01783 -0.976017 -0.00466608 0.217644 56.9931 
0.175839 0.00155469 0.984418 8.82141 -0.00541049 0.999985 -0.00061279 -1.02343 -0.984404 -0.00521843 0.175845 57.0545 
0.137095 -0.000563359 0.990558 9.30124 -0.00533831 0.999985 0.0013076 -1.02522 -0.990544 -0.00546716 0.13709 57.1039 
0.10078 -0.00247354 0.994906 9.80088 -0.00604883 0.999977 0.00309891 -1.03137 -0.99489 -0.00633032 0.100763 57.1406 
0.0681533 -0.00373035 0.997668 10.3184 -0.00482892 0.99998 0.00406892 -1.03646 -0.997663 -0.00509496 0.0681339 57.1611 
0.0389658 -0.00418248 0.999232 10.8551 -0.00461915 0.99998 0.00436578 -1.03836 -0.99923 -0.00478571 0.0389457 57.1684 
0.0123007 -0.0021215 0.999922 11.4126 -0.00686193 0.999974 0.00220606 -1.04135 -0.999901 -0.00688853 0.0122858 57.1749 
-0.00990842 0.000544835 0.999951 11.9901 -0.0107214 0.999942 -0.000651026 -1.04088 -0.999893 -0.0107273 -0.00990201 57.168 
-0.0295756 0.00133259 0.999562 12.5893 -0.0108569 0.99994 -0.00165429 -1.04612 -0.999504 -0.0109011 -0.0295594 57.1509 
-0.0465998 0.00183989 0.998912 13.2067 -0.0066444 0.999976 -0.00215178 -1.05125 -0.998892 -0.00673744 -0.0465864 57.1143 
-0.0623205 0.00164461 0.998055 13.84 -0.00467969 0.999987 -0.00193996 -1.0568 -0.998045 -0.00479149 -0.062312 57.0723 
-0.0778606 0.000450232 0.996964 14.4976 -0.00520742 0.999986 -0.000858243 -1.06434 -0.996951 -0.00525844 -0.0778572 57.0297 
-0.0924239 0.00162471 0.995718 15.1689 -0.00422827 0.999989 -0.00202411 -1.07123 -0.995711 -0.00439724 -0.092416 56.9691 
-0.104718 0.00366835 0.994495 15.8579 -0.00280753 0.999988 -0.0039842 -1.07676 -0.994498 -0.00320929 -0.104706 56.9003 
-0.114149 0.00613192 0.993445 16.5634 0.00449565 0.999974 -0.00565562 -1.08582 -0.993454 0.00382059 -0.114174 56.8155 
-0.119869 0.0089664 0.992749 17.2858 0.0119494 0.9999 -0.00758812 -1.09531 -0.992718 0.0109531 -0.119965 56.7251 
-0.121969 0.00905961 0.992493 18.0359 0.0169544 0.999832 -0.00704301 -1.1093 -0.992389 0.0159681 -0.122102 56.6328 
-0.121478 0.00752322 0.992566 18.7984 0.0180509 0.999823 -0.00536897 -1.12113 -0.99243 0.0172645 -0.121592 56.547 
-0.118854 0.00670947 0.992889 19.5835 0.0215064 0.99976 -0.00418142 -1.13256 -0.992679 0.0208565 -0.11897 56.4696 
-0.114197 0.00576419 0.993441 20.371 0.02354 0.999718 -0.00309462 -1.14645 -0.993179 0.0230322 -0.114301 56.3886 
-0.109766 0.00678398 0.993934 21.1701 0.0216759 0.999755 -0.00442987 -1.15808 -0.993721 0.0210582 -0.109886 56.3185 
-0.105664 0.00780257 0.994371 21.9717 0.0213623 0.999756 -0.00557478 -1.16904 -0.994172 0.020653 -0.105805 56.254 
-0.101112 0.00716889 0.994849 22.779 0.0260558 0.99965 -0.00455525 -1.18497 -0.994534 0.025461 -0.101264 56.1811 
-0.0973924 0.00514208 0.995233 23.5903 0.0318494 0.999491 -0.00204729 -1.20049 -0.994736 0.0314982 -0.0975065 56.1088 
-0.0933568 0.00179874 0.995631 24.4026 0.0341329 0.999416 0.00139498 -1.21147 -0.995047 0.034114 -0.0933637 56.0392 
-0.0888375 -0.00192523 0.996044 25.2149 0.0372543 0.999292 0.00525427 -1.22852 -0.995349 0.0375737 -0.0887029 55.9813 
-0.0832672 -0.00475806 0.996516 26.0275 0.038054 0.999244 0.00795085 -1.23817 -0.9958 0.0385835 -0.0830232 55.9233 
-0.0792084 -0.00611589 0.996839 26.8385 0.0356016 0.999326 0.00896007 -1.2468 -0.996222 0.0361987 -0.0789372 55.8804 
-0.0754829 -0.00750743 0.997119 27.649 0.0289819 0.999533 0.0097196 -1.25116 -0.996726 0.0296321 -0.0752301 55.8473 
-0.0712062 -0.0110593 0.9974 28.466 0.0230289 0.999654 0.0127284 -1.25527 -0.997196 0.0238754 -0.0709269 55.8169 
-0.0668303 -0.0124073 0.997687 29.2754 0.0201608 0.999702 0.0137829 -1.26203 -0.997561 0.0210353 -0.0665603 55.7865 
-0.0626469 -0.0086518 0.997998 30.0808 0.0208782 0.999732 0.00997745 -1.27329 -0.997817 0.0214614 -0.0624495 55.7513 
-0.0592741 -0.000629264 0.998242 30.8883 0.0215644 0.999766 0.00191072 -1.27755 -0.998009 0.0216397 -0.0592466 55.7187 
-0.0564927 0.00550608 0.998388 31.7019 0.0202528 0.999785 -0.00436776 -1.28463 -0.998198 0.0199734 -0.0565921 55.6882 
-0.0548735 0.00468472 0.998482 32.5251 0.0192065 0.999809 -0.00363537 -1.29673 -0.998309 0.0189779 -0.054953 55.6622 
-0.0533801 0.00108473 0.998574 33.3534 0.0220322 0.999757 9.17862e-05 -1.30927 -0.998331 0.0220056 -0.053391 55.6289 
-0.0526645 0.000853747 0.998612 34.1791 0.0225041 0.999747 0.000332141 -1.32559 -0.998359 0.0224904 -0.0526704 55.6004 
-0.0527156 0.00346755 0.998604 35.0075 0.0204022 0.999789 -0.0023946 -1.33916 -0.998401 0.0202475 -0.0527752 55.5758 
-0.0527972 0.00472633 0.998594 35.8489 0.0135095 0.999901 -0.00401821 -1.35244 -0.998514 0.0132784 -0.0528558 55.5562 
-0.0536039 0.00388733 0.998555 36.692 0.0119537 0.999923 -0.00325092 -1.36575 -0.998491 0.0117622 -0.0536463 55.5255 
-0.0549014 0.00290556 0.998488 37.5458 0.0122384 0.999923 -0.00223677 -1.38088 -0.998417 0.0120971 -0.0549327 55.4947 
-0.056514 0.00672126 0.998379 38.4003 0.0120022 0.99991 -0.00605213 -1.39916 -0.99833 0.0116407 -0.0565895 55.463 
-0.0579787 0.0110809 0.998256 39.2611 0.0121812 0.999872 -0.0103913 -1.40975 -0.998244 0.0115575 -0.0581063 55.431 
-0.0585091 0.0138589 0.998191 40.1288 0.013984 0.999817 -0.0130617 -1.42997 -0.998189 0.0131944 -0.0586922 55.3931 
-0.0597859 0.0148044 0.998101 41.0138 0.0162263 0.999772 -0.0138572 -1.4543 -0.998079 0.015367 -0.0600126 55.3557 
-0.0604807 0.0160108 0.998041 41.9063 0.016772 0.999747 -0.0150218 -1.48173 -0.998028 0.0158306 -0.0607339 55.3126 
-0.0617556 0.0160228 0.997963 42.8107 0.0159867 0.999759 -0.0150624 -1.50072 -0.997963 0.0150239 -0.0619968 55.2753 
-0.0624785 0.0111263 0.997984 43.7197 0.0147518 0.999839 -0.0102234 -1.52358 -0.997937 0.0140833 -0.0626325 55.2307 
-0.0638439 0.00960202 0.997914 44.6484 0.0145069 0.999857 -0.00869256 -1.54943 -0.997854 0.0139217 -0.063974 55.1856 
-0.0655942 0.0128646 0.997763 45.5735 0.0150658 0.999816 -0.0119006 -1.57288 -0.997733 0.0142515 -0.0657759 55.1505 
-0.0660688 0.0168135 0.997673 46.5085 0.0159609 0.999748 -0.0157914 -1.59085 -0.997687 0.0148804 -0.0663206 55.1011 
-0.0656933 0.018124 0.997675 47.4535 0.0189499 0.999677 -0.0169126 -1.61551 -0.99766 0.0177948 -0.0660156 55.0477 
-0.0656914 0.0146683 0.997732 48.4157 0.0234751 0.999638 -0.0131507 -1.64408 -0.997564 0.022558 -0.066012 54.9941 
-0.0659929 0.00922115 0.997778 49.397 0.0252494 0.999653 -0.00756845 -1.66151 -0.997501 0.0246938 -0.0662028 54.9395 
-0.0652485 0.00626998 0.997849 50.3894 0.0262304 0.999646 -0.00456604 -1.68449 -0.997524 0.025876 -0.0653899 54.8886 
-0.0635853 0.00777177 0.997946 51.3772 0.0255316 0.999655 -0.00615826 -1.70287 -0.99765 0.0250876 -0.0637618 54.8441 
-0.0627132 0.0105788 0.997976 52.368 0.0252357 0.999641 -0.00901054 -1.72179 -0.997713 0.0246195 -0.0629576 54.7984 
-0.0625178 0.0125169 0.997965 53.3654 0.0192375 0.999751 -0.0113341 -1.74816 -0.997858 0.0184898 -0.062743 54.7653 
-0.0631881 0.0123551 0.997925 54.3817 0.016453 0.9998 -0.0113364 -1.76949 -0.997866 0.0157026 -0.0633787 54.729 
-0.0634299 0.00791418 0.997955 55.4081 0.0170873 0.999831 -0.00684295 -1.78611 -0.99784 0.0166183 -0.0635544 54.6768 
-0.0640995 0.00186739 0.997942 56.4501 0.015091 0.999886 -0.000901668 -1.80975 -0.997829 0.0150021 -0.0641204 54.6298 
-0.0648454 0.00218286 0.997893 57.4838 0.0175951 0.999845 -0.00104372 -1.83121 -0.99774 0.0174903 -0.0648737 54.578 
-0.065036 0.00558256 0.997867 58.5171 0.0208947 0.999773 -0.00423137 -1.84799 -0.997664 0.020575 -0.0651378 54.522 
-0.0660923 0.00845031 0.997778 59.5643 0.0231801 0.999707 -0.00693118 -1.86682 -0.997544 0.0226705 -0.0662688 54.4654 
-0.0681453 0.00552674 0.99766 60.6274 0.0232233 0.999723 -0.00395185 -1.88787 -0.997405 0.0228997 -0.0682548 54.4048 
-0.0707089 0.000170648 0.997497 61.6938 0.0245877 0.999696 0.00157195 -1.90889 -0.997194 0.0246373 -0.0706916 54.3449 
-0.0737285 -0.00275277 0.997275 62.7659 0.0262569 0.999644 0.00470052 -1.92324 -0.996933 0.0265319 -0.0736299 54.2815 
-0.0774072 -0.001593 0.996998 63.8371 0.0306569 0.999522 0.00397728 -1.93057 -0.996528 0.0308727 -0.0773214 54.2138 
-0.0807871 -0.00270025 0.996728 64.9095 0.0337366 0.999416 0.005442 -1.94445 -0.99616 0.0340658 -0.0806488 54.1411 
-0.084492 -0.00474772 0.996413 65.987 0.0374272 0.999268 0.00793504 -1.95926 -0.995721 0.0379634 -0.0842525 54.064 
-0.0874899 -0.00426821 0.996156 67.0627 0.041391 0.999112 0.00791618 -1.97038 -0.995305 0.0419245 -0.0872355 53.9915 
-0.0897289 -0.000668637 0.995966 68.1259 0.0450566 0.998973 0.00472995 -1.98379 -0.994947 0.0452992 -0.0896067 53.909 
-0.0915578 0.00410901 0.995791 69.191 0.0476338 0.998865 0.000258026 -1.99741 -0.99466 0.0474569 -0.0916496 53.8319 
-0.0928911 0.00699242 0.995652 70.2595 0.0509229 0.9987 -0.00226284 -2.013 -0.994373 0.0504913 -0.0931264 53.7492 
-0.0921841 0.00626648 0.995722 71.3341 0.0502061 0.998738 -0.00163733 -2.03379 -0.994476 0.0498403 -0.0923823 53.6665 
-0.0895755 0.00377796 0.995973 72.4128 0.0511849 0.998689 0.000815238 -2.05461 -0.994664 0.0510518 -0.0896514 53.599 
-0.0846638 0.000718688 0.996409 73.4881 0.0545774 0.998502 0.00391722 -2.06696 -0.994914 0.0547131 -0.0845762 53.5167 
-0.0795509 -0.00233528 0.996828 74.5596 0.0543796 0.998498 0.00667893 -2.08148 -0.995346 0.0547384 -0.0793044 53.4524 
-0.0745903 -0.00570949 0.997198 75.639 0.0557006 0.998399 0.0098828 -2.09493 -0.995657 0.0562817 -0.0741528 53.3946 
-0.0697976 -0.00686633 0.997538 76.7146 0.0570241 0.998314 0.0108617 -2.10746 -0.99593 0.0576418 -0.0692884 53.3388 
-0.0660042 -0.00269539 0.997816 77.789 0.0575106 0.998324 0.00650105 -2.12023 -0.996161 0.057814 -0.0657385 53.2876 
-0.0637782 0.00201845 0.997962 78.8608 0.056954 0.998376 0.0016206 -2.13094 -0.996338 0.0569413 -0.0637896 53.2415 
-0.0623221 0.00193094 0.998054 79.934 0.0575858 0.998339 0.00166442 -2.14432 -0.996393 0.0575775 -0.0623298 53.1921 
-0.0608507 -0.0001476 0.998147 81.0151 0.0582081 0.998298 0.00369624 -2.16216 -0.996448 0.0583251 -0.0607385 53.1433 
-0.0586897 0.00263748 0.998273 82.0885 0.0588303 0.998268 0.000821284 -2.18123 -0.996541 0.0587769 -0.0587432 53.0946 
-0.0567053 0.00869518 0.998353 83.17 0.0588681 0.998251 -0.00535062 -2.19716 -0.996654 0.0584678 -0.057118 53.0536 
-0.0548193 0.0120786 0.998423 84.2669 0.0586928 0.998237 -0.0088537 -2.21518 -0.99677 0.0581149 -0.0554315 53.0273 
-0.0525755 0.0112984 0.998553 85.3566 0.0586064 0.998247 -0.00820919 -2.24593 -0.996896 0.05809 -0.0531455 52.9916 
-0.0492335 0.0080852 0.998755 86.4463 0.0561742 0.998407 -0.00531325 -2.27309 -0.997206 0.0558426 -0.0496092 52.963 
-0.0449071 0.00385252 0.998984 87.5392 0.0556693 0.998448 -0.00134793 -2.29576 -0.997439 0.0555522 -0.0450519 52.9364 
-0.0404031 0.00157798 0.999182 88.6253 0.0540397 0.998539 0.000608232 -2.315 -0.997721 0.0540201 -0.0404293 52.9117 
-0.036836 0.00572092 0.999305 89.6981 0.0500428 0.99874 -0.00387298 -2.33689 -0.998068 0.0498654 -0.0370759 52.8926 
-0.0350048 0.0152179 0.999271 90.78 0.0467851 0.998813 -0.013572 -2.36311 -0.998291 0.046276 -0.0356752 52.8807 
-0.0343306 0.0231252 0.999143 91.8669 0.0409656 0.998925 -0.0217125 -2.39604 -0.998571 0.040185 -0.035241 52.8776 
-0.0338907 0.0227482 0.999167 92.9521 0.0404932 0.998951 -0.0213698 -2.43147 -0.998605 0.0397352 -0.0347763 52.8642 
-0.0328472 0.0167101 0.999321 94.0636 0.0402852 0.99907 -0.0153817 -2.46948 -0.998648 0.0397526 -0.0334898 52.8427 
-0.0340745 0.0104683 0.999365 95.1696 0.0419548 0.999079 -0.00903478 -2.5008 -0.998538 0.0416203 -0.0344823 52.8217 
-0.035631 0.00472071 0.999354 96.2645 0.0408804 0.999159 -0.00326219 -2.52483 -0.998529 0.0407377 -0.035794 52.7919 
-0.0378227 -0.000416455 0.999284 97.3695 0.0404324 0.99918 0.00194681 -2.5518 -0.998466 0.0404771 -0.0377749 52.7782 
-0.0395959 0.000630775 0.999216 98.4628 0.0412566 0.999148 0.00100418 -2.56398 -0.998364 0.041264 -0.0395882 52.747 
-0.0414784 0.000700797 0.999139 99.5454 0.0405464 0.999177 0.000982463 -2.5882 -0.998316 0.0405522 -0.0414726 52.72 
-0.0428243 -0.000690781 0.999082 100.623 0.0420144 0.999114 0.00249173 -2.60946 -0.998199 0.0420826 -0.0427573 52.6856 
-0.0437362 0.00104494 0.999043 101.701 0.0426594 0.999089 0.000822603 -2.63177 -0.998132 0.0426546 -0.043741 52.6541 
-0.044652 0.00951422 0.998957 102.795 0.0434783 0.999026 -0.00757142 -2.65308 -0.998056 0.0430949 -0.0450221 52.6368 
-0.0446951 0.0173081 0.998851 103.853 0.0406238 0.999054 -0.0154938 -2.68254 -0.998174 0.0398846 -0.045356 52.6043 
-0.0457239 0.0174981 0.998801 104.915 0.0381805 0.999147 -0.0157563 -2.71716 -0.998224 0.0374143 -0.046353 52.574 
-0.047855 0.0116003 0.998787 105.987 0.0336913 0.999382 -0.0099929 -2.75123 -0.998286 0.0331722 -0.0482162 52.5469 
-0.0506576 0.00385459 0.998709 107.049 0.0274842 0.999619 -0.00246398 -2.77654 -0.998338 0.0273238 -0.0507443 52.5177 
-0.0527678 -0.00430418 0.998598 108.105 0.025815 0.999651 0.00567287 -2.79584 -0.998273 0.0260781 -0.0526382 52.4874 
-0.0541822 -0.0108807 0.998472 109.155 0.0293781 0.99949 0.012486 -2.81282 -0.998099 0.0300097 -0.0538349 52.4403 
-0.0557925 -0.0111248 0.99838 110.198 0.0284484 0.999514 0.0127273 -2.82237 -0.998037 0.0291125 -0.0554489 52.3985 
-0.0562839 -0.00356607 0.998408 111.232 0.0323538 0.999462 0.00539378 -2.83762 -0.99789 0.0326059 -0.0561382 52.3519 
-0.0567313 0.0110745 0.998328 112.258 0.0410941 0.999117 -0.00874803 -2.85871 -0.997543 0.0405291 -0.0571363 52.2994 
-0.0580065 0.0222779 0.998068 113.287 0.046275 0.998736 -0.0196033 -2.88258 -0.997243 0.0450485 -0.0589641 52.2551 
-0.058361 0.019109 0.998113 114.321 0.0462863 0.998793 -0.0164156 -2.91157 -0.997222 0.0452409 -0.0591751 52.2132 
-0.0584024 0.00865966 0.998256 115.369 0.0490382 0.99878 -0.00579521 -2.94202 -0.997088 0.0486142 -0.0587558 52.1702 
-0.0577484 -0.00126385 0.99833 116.405 0.0494638 0.998767 0.00412567 -2.9619 -0.997105 0.0496195 -0.0576147 52.1223 
-0.0574631 -0.00661578 0.998326 117.433 0.0482467 0.998791 0.00939596 -2.97721 -0.997181 0.0487059 -0.0570745 52.0806 
-0.0577004 -0.0121799 0.99826 118.451 0.0462693 0.998818 0.0148612 -2.98988 -0.997261 0.0470463 -0.0570687 52.0442 
-0.0573345 -0.0155596 0.998234 119.46 0.0434997 0.99889 0.0180683 -2.99735 -0.997407 0.0444588 -0.056594 52.008 
-0.0571267 -0.013656 0.998274 120.458 0.0424709 0.998968 0.016096 -3.00866 -0.997463 0.0433171 -0.0564877 51.9666 
-0.0560998 -0.00652901 0.998404 121.463 0.0403493 0.999147 0.00880112 -3.01345 -0.99761 0.0407787 -0.0557885 51.9232 
-0.0554896 -0.000677417 0.998459 122.46 0.0404967 0.999175 0.00292856 -3.02606 -0.997638 0.0405968 -0.0554164 51.8778 
-0.0551781 0.00460524 0.998466 123.445 0.040856 0.999162 -0.00235059 -3.04345 -0.99764 0.0406636 -0.05532 51.8383 
-0.0547507 0.00915383 0.998458 124.423 0.0423706 0.999079 -0.00683607 -3.06347 -0.997601 0.041931 -0.0550881 51.7944 
-0.0542299 0.0134799 0.998438 125.393 0.0430295 0.999012 -0.0111505 -3.09052 -0.997601 0.0423576 -0.0547564 51.7557 
-0.054211 0.0127694 0.998448 126.358 0.0446088 0.998951 -0.0103538 -3.11627 -0.997533 0.0439783 -0.0547237 51.7171 
-0.0538904 0.00651558 0.998526 127.32 0.0430383 0.999065 -0.00419628 -3.14154 -0.997619 0.0427487 -0.0541204 51.679 
-0.0542762 -0.00334018 0.99852 128.276 0.0409036 0.999148 0.0055657 -3.16213 -0.997688 0.0411452 -0.0540933 51.6465 
-0.0551777 -0.0113249 0.998412 129.218 0.0358024 0.99927 0.0133133 -3.18027 -0.997835 0.0364801 -0.054732 51.6166 
-0.0573652 -0.0144414 0.998249 130.143 0.0312427 0.99938 0.0162532 -3.19 -0.997864 0.0321203 -0.0568784 51.5865 
-0.0591679 -0.0118946 0.998177 131.043 0.0268271 0.999549 0.0135012 -3.20226 -0.997888 0.0275771 -0.0588221 51.5559 
-0.0603549 -0.00481179 0.998165 131.92 0.0238213 0.999697 0.00625959 -3.21401 -0.997893 0.0241554 -0.060222 51.5243 
-0.0607941 0.00218539 0.998148 132.782 0.0260024 0.999662 -0.000604944 -3.23002 -0.997812 0.0259174 -0.0608304 51.486 
-0.0596999 0.00785139 0.998186 133.622 0.0302361 0.999524 -0.0060535 -3.25129 -0.997758 0.0298199 -0.0599089 51.4466 
-0.0564297 0.010123 0.998355 134.449 0.0338591 0.999393 -0.0082197 -3.27534 -0.997832 0.0333395 -0.0567382 51.4084 
-0.0517788 0.0097241 0.998611 135.261 0.0378542 0.999253 -0.00776754 -3.2975 -0.997941 0.0373994 -0.0521082 51.3773 
-0.0466367 0.00483493 0.9989 136.05 0.0410858 0.999151 -0.00291789 -3.31574 -0.998067 0.0409045 -0.0467958 51.3491 
-0.0426273 0.000697232 0.999091 136.818 0.0423095 0.999104 0.00110798 -3.33851 -0.998195 0.0423182 -0.0426186 51.3301 
-0.0383476 0.00093174 0.999264 137.555 0.043252 0.999064 0.000728317 -3.36039 -0.998328 0.0432481 -0.038352 51.3148 
-0.0336075 0.00550743 0.99942 138.261 0.0446707 0.998994 -0.0040029 -3.37973 -0.998436 0.0445103 -0.0338197 51.2993 
-0.0291364 0.0094351 0.999531 138.939 0.0448288 0.998962 -0.00812292 -3.39822 -0.99857 0.0445711 -0.0295291 51.2917 
-0.0247393 0.0100924 0.999643 139.589 0.0455839 0.99892 -0.00895695 -3.41713 -0.998654 0.045346 -0.0251726 51.2879 
-0.0204464 0.00974636 0.999743 140.21 0.0423335 0.999064 -0.00887391 -3.43836 -0.998894 0.0421412 -0.0208399 51.2905 
-0.0166925 0.00890512 0.999821 140.803 0.03762 0.999258 -0.00827198 -3.45963 -0.999153 0.0374752 -0.0170151 51.2995 
-0.0129282 0.00907387 0.999875 141.367 0.0329143 0.999421 -0.00864412 -3.48107 -0.999375 0.0327984 -0.0132194 51.3099 
-0.0100823 0.0123373 0.999873 141.916 0.0311121 0.999444 -0.0120182 -3.49767 -0.999465 0.030987 -0.0104605 51.3178 
-0.00887802 0.0164727 0.999825 142.448 0.0305808 0.999401 -0.0161941 -3.51614 -0.999493 0.0304317 -0.00937645 51.3218 
-0.00936187 0.0176004 0.999801 142.977 0.0272937 0.999477 -0.0173391 -3.5355 -0.999584 0.027126 -0.00983736 51.33 
-0.0112944 0.0159112 0.99981 143.508 0.0209126 0.999659 -0.0156725 -3.55173 -0.999718 0.0207316 -0.0116233 51.3428 
-0.0135174 0.0117032 0.99984 144.037 0.0153305 0.999816 -0.0114956 -3.56732 -0.999791 0.0151727 -0.0136943 51.3525 
-0.0154601 0.00659297 0.999859 144.568 0.0147547 0.999871 -0.00636487 -3.58197 -0.999772 0.0146543 -0.0155554 51.3502 
-0.0173804 0.00375188 0.999842 145.089 0.0181301 0.99983 -0.00343664 -3.59543 -0.999685 0.0180675 -0.0174454 51.3388 
-0.0196359 0.00579789 0.99979 145.602 0.0205284 0.999775 -0.00539458 -3.6128 -0.999596 0.0204181 -0.0197505 51.328 
-0.0226863 0.00896671 0.999702 146.106 0.0200969 0.999762 -0.00851114 -3.62854 -0.999541 0.0198978 -0.0228611 51.3245 
-0.0253479 0.0105311 0.999623 146.602 0.0162187 0.999817 -0.0101218 -3.64144 -0.999547 0.015956 -0.0255141 51.3265 
-0.0278866 0.0126519 0.999531 147.102 0.0149043 0.999814 -0.0122396 -3.6476 -0.9995 0.0145559 -0.02807 51.3278 
-0.0298903 0.0139242 0.999456 147.597 0.016391 0.999775 -0.0134384 -3.65901 -0.999419 0.0159804 -0.0301118 51.319 
-0.0326624 0.0113282 0.999402 148.098 0.0172144 0.999794 -0.0107699 -3.67553 -0.999318 0.0168524 -0.0328507 51.3055 
-0.0355172 0.00594198 0.999351 148.595 0.0163097 0.999853 -0.00536527 -3.69232 -0.999236 0.0161086 -0.0356089 51.2994 
-0.0382756 0.00270072 0.999264 149.076 0.0157062 0.999874 -0.00210072 -3.70336 -0.999144 0.0156142 -0.0383132 51.2945 
-0.040725 0.00167517 0.999169 149.568 0.0132752 0.999911 -0.0011353 -3.71426 -0.999082 0.0132179 -0.0407436 51.2815 
-0.0429912 7.61323e-05 0.999075 150.056 0.0119855 0.999928 0.000439592 -3.72673 -0.999004 0.0119933 -0.042989 51.2755 
-0.0440512 -0.00150329 0.999028 150.539 0.0112729 0.999934 0.00200176 -3.73838 -0.998966 0.0113501 -0.0440313 51.2604 
-0.0447939 -0.00168615 0.998995 151.028 0.0110417 0.999937 0.00218288 -3.7474 -0.998935 0.0111284 -0.0447725 51.247 
-0.043764 0.000372618 0.999042 151.512 0.0138167 0.999905 0.000232356 -3.74836 -0.998946 0.0138136 -0.043765 51.2323 
-0.0387658 0.00322125 0.999243 151.989 0.0161364 0.999866 -0.0025972 -3.75399 -0.999118 0.0160235 -0.0388126 51.2194 
-0.0317533 0.00501064 0.999483 152.458 0.0165848 0.999852 -0.00448556 -3.76564 -0.999358 0.0164338 -0.0318317 51.2214 
-0.0219068 0.00492793 0.999748 152.924 0.0142759 0.999887 -0.00461576 -3.77457 -0.999658 0.0141712 -0.0219747 51.2345 
-0.00647587 0.00415022 0.99997 153.38 0.0159105 0.999865 -0.0040467 -3.77935 -0.999852 0.0158839 -0.00654103 51.2483 
0.0160064 0.00406164 0.999864 153.829 0.0217273 0.999754 -0.00440897 -3.79007 -0.999636 0.0217949 0.0159142 51.267 
0.0458863 0.004626 0.998936 154.276 0.0282947 0.999582 -0.00592867 -3.79654 -0.998546 0.0285367 0.0457362 51.3006 
0.081965 0.00397155 0.996627 154.705 0.02974 0.999537 -0.00642899 -3.80428 -0.996191 0.0301667 0.0818089 51.3646 
0.122626 0.00415612 0.992444 155.137 0.0260835 0.999632 -0.00740903 -3.81549 -0.99211 0.0267949 0.122472 51.4574 
0.164204 0.00719839 0.9864 155.553 0.0213134 0.999714 -0.0108435 -3.82882 -0.986196 0.0228041 0.164003 51.5726 
0.206003 0.0115864 0.978483 155.963 0.0207561 0.999653 -0.0162068 -3.83978 -0.978331 0.0236481 0.205691 51.6939 
0.248001 0.0155527 0.968635 156.368 0.0215993 0.999534 -0.0215789 -3.85286 -0.968519 0.0262735 0.247549 51.8327 
0.290637 0.0178117 0.956668 156.761 0.0222254 0.999431 -0.02536 -3.86373 -0.956575 0.0286328 0.290076 51.9811 
0.331951 0.0204785 0.943074 157.146 0.0179719 0.999446 -0.0280284 -3.8701 -0.943126 0.0262528 0.331399 52.1591 
0.372242 0.0238696 0.927829 157.508 0.0102627 0.999502 -0.0298308 -3.88692 -0.928079 0.0206263 0.371812 52.3559 
0.411878 0.0291664 0.910772 157.85 0.00127879 0.999468 -0.0325851 -3.90047 -0.911238 0.0145858 0.411622 52.565 
0.451027 0.0348707 0.891829 158.201 -0.00345323 0.999297 -0.0373263 -3.91853 -0.892504 0.0137555 0.45083 52.7914 
0.489113 0.0385803 0.871367 158.55 -0.00510734 0.999131 -0.0413702 -3.93753 -0.872205 0.0157843 0.488885 53.0318 
0.526676 0.0380526 0.849214 158.897 -0.00417695 0.999101 -0.0421783 -3.95584 -0.850056 0.0186672 0.526362 53.2868 
0.562434 0.0366386 0.82603 159.239 -0.00619133 0.999176 -0.0401028 -3.97347 -0.826819 0.0174409 0.562197 53.5648 
0.595869 0.0372807 0.802216 159.574 -0.0109056 0.999205 -0.0383347 -3.99665 -0.803008 0.0140939 0.595802 53.8681 
0.627369 0.0413391 0.777624 159.895 -0.0183257 0.999097 -0.0383279 -4.02052 -0.778507 0.00979521 0.62756 54.1887 
0.657235 0.044948 0.752344 160.221 -0.023959 0.998962 -0.0387516 -4.04125 -0.753305 0.00744355 0.657629 54.5312 
0.68488 0.045766 0.727218 160.539 -0.0241845 0.998903 -0.0400874 -4.0633 -0.728255 0.00986772 0.685235 54.8823 
0.709969 0.0436649 0.702878 160.865 -0.0195392 0.998913 -0.0423191 -4.08209 -0.703962 0.0163116 0.710051 55.2455 
0.732523 0.0450114 0.679253 161.182 -0.0210547 0.998832 -0.0434827 -4.09879 -0.680417 0.0175506 0.732615 55.6304 
0.751965 0.0492495 0.657361 161.489 -0.0282335 0.998696 -0.0425255 -4.12228 -0.658598 0.013418 0.752375 56.0449 
0.768218 0.0517921 0.63809 161.794 -0.0358887 0.998639 -0.0378492 -4.14874 -0.639182 0.00617618 0.769031 56.4756 
0.78116 0.0502682 0.622304 162.109 -0.0374924 0.998732 -0.033612 -4.17402 -0.623205 0.00292466 0.782053 56.9158 
0.791979 0.0449255 0.608893 162.433 -0.0333688 0.998984 -0.0303048 -4.19602 -0.609635 0.00368281 0.792674 57.3596 
0.801242 0.0371215 0.597188 162.765 -0.0269899 0.9993 -0.0259047 -4.21908 -0.597732 0.00463784 0.801683 57.8192 
0.808691 0.0302017 0.587458 163.108 -0.0219766 0.999535 -0.021134 -4.24428 -0.587823 0.00418058 0.808979 58.3017 
0.815237 0.0268572 0.578505 163.441 -0.0202088 0.999635 -0.0179296 -4.26445 -0.578776 0.00292601 0.815482 58.7994 
0.822173 0.0241649 0.568724 163.776 -0.0181796 0.999704 -0.0161957 -4.27886 -0.568947 0.00297655 0.822369 59.3135 
0.829553 0.0194569 0.558089 164.121 -0.0125591 0.99979 -0.0161878 -4.29705 -0.558287 0.00641959 0.829623 59.8392 
0.836015 0.0198274 0.548348 164.463 -0.010821 0.999748 -0.0196515 -4.31694 -0.548599 0.0104953 0.83602 60.3906 
0.841612 0.0236703 0.539563 164.799 -0.0122745 0.999619 -0.0247067 -4.34054 -0.539943 0.0141706 0.841582 60.9535 
0.845878 0.0289887 0.532588 165.138 -0.0154625 0.999435 -0.0298409 -4.35979 -0.533152 0.0170067 0.845849 61.5316 
0.848004 0.0336797 0.528919 165.487 -0.0185739 0.999254 -0.0338498 -4.38156 -0.529664 0.0188807 0.847997 62.1244 
0.847812 0.0386076 0.52889 165.842 -0.0238742 0.999114 -0.0346622 -4.41004 -0.52976 0.0167602 0.847982 62.7433 
0.846171 0.0387211 0.531503 166.215 -0.0263013 0.999176 -0.0309193 -4.44005 -0.532263 0.0121838 0.846492 63.3683 
0.843758 0.0401272 0.535221 166.594 -0.028616 0.999146 -0.0297968 -4.47422 -0.53596 0.00982538 0.844186 63.9974 
0.840868 0.0415006 0.539648 166.984 -0.0309047 0.999111 -0.0286796 -4.51181 -0.540358 0.00743816 0.841402 64.6443 
0.837855 0.0415805 0.544306 167.39 -0.0320256 0.999122 -0.0270273 -4.5384 -0.544952 0.00521326 0.838451 65.3015 
0.834591 0.0394527 0.549455 167.81 -0.0294604 0.999201 -0.0269971 -4.56354 -0.550081 0.0063444 0.835087 65.964 
0.831346 0.0363497 0.554566 168.247 -0.0272362 0.999325 -0.0246723 -4.59119 -0.555088 0.00540691 0.831774 66.6371 
0.827543 0.0369989 0.560181 168.688 -0.0285184 0.999308 -0.0238728 -4.62408 -0.560677 0.00378032 0.828026 67.3172 
0.824146 0.0391444 0.565023 169.135 -0.0297945 0.999224 -0.0257671 -4.65258 -0.565593 0.0044013 0.824673 67.9963 
0.821153 0.0399283 0.56931 169.593 -0.0283886 0.999172 -0.0291296 -4.68305 -0.570002 0.00775795 0.821607 68.6807 
0.818301 0.041903 0.573261 170.063 -0.0284173 0.999069 -0.0324634 -4.72024 -0.574087 0.0102744 0.81873 69.3758 
0.815536 0.0414498 0.57722 170.544 -0.0279945 0.99909 -0.0321914 -4.7511 -0.578029 0.0100943 0.815954 70.0812 
0.813152 0.0384557 0.580779 171.035 -0.029148 0.999254 -0.0253541 -4.78538 -0.581321 0.00368828 0.813666 70.8006 
0.810728 0.0348009 0.584388 171.528 -0.0288995 0.999394 -0.0194222 -4.82311 -0.58471 -0.00114241 0.811242 71.5187 
0.808889 0.0335158 0.587006 172.026 -0.0249469 0.999431 -0.0226871 -4.863 -0.587433 0.00370735 0.809265 72.2194 
0.807468 0.0389591 0.588623 172.51 -0.0236413 0.999152 -0.0336998 -4.89823 -0.589437 0.0132957 0.807705 72.9124 
0.806042 0.0415449 0.590398 173.005 -0.0217437 0.998939 -0.0406072 -4.93707 -0.591459 0.0198937 0.80609 73.6063 
0.805254 0.0377969 0.591724 173.507 -0.0173582 0.999041 -0.0401925 -4.98371 -0.592676 0.0220939 0.805138 74.3101 
0.804741 0.0323258 0.592746 174.01 -0.0150251 0.999306 -0.034099 -5.03139 -0.593436 0.0185348 0.804667 75.0126 
0.804249 0.0281154 0.593627 174.508 -0.0121147 0.999448 -0.0309227 -5.07824 -0.594169 0.017678 0.804146 75.7094 
0.804625 0.0235705 0.593315 175.009 -0.00788807 0.999548 -0.0290114 -5.11997 -0.593731 0.0186632 0.804447 76.4056 
0.805043 0.0190837 0.592909 175.512 -0.00252131 0.999584 -0.0287496 -5.16189 -0.593211 0.0216498 0.804756 77.0974 
0.805722 0.0174175 0.592038 176.002 -0.000228941 0.999577 -0.0290954 -5.2053 -0.592294 0.0233073 0.805385 77.7843 
0.806469 0.0196785 0.590949 176.488 0.000394785 0.999428 -0.0338195 -5.24645 -0.591276 0.0275077 0.806 78.4712 
0.807131 0.0194078 0.590054 176.975 0.00372635 0.999272 -0.0379648 -5.28774 -0.590361 0.0328413 0.806471 79.1537 
0.807435 0.0166649 0.589721 177.462 0.0059196 0.999322 -0.0363447 -5.32813 -0.589926 0.0328369 0.806789 79.8392 
0.807214 0.0150334 0.590067 177.945 0.00354252 0.999534 -0.0303117 -5.37034 -0.590248 0.0265584 0.806785 80.5284 
0.806624 0.00968952 0.590985 178.426 0.00374756 0.999762 -0.0215065 -5.40811 -0.591053 0.0195624 0.806396 81.2153 
0.806326 0.00476739 0.591452 178.906 0.00635977 0.99984 -0.0167294 -5.44015 -0.591437 0.0172509 0.806167 81.8836 
0.805648 0.00161784 0.592392 179.37 0.00950496 0.999832 -0.0156571 -5.47278 -0.592318 0.0182448 0.805497 82.5273 
0.80468 0.00540582 0.593685 179.821 0.00703045 0.999802 -0.0186327 -5.51122 -0.593668 0.0191673 0.804482 83.1643 
0.803558 0.0129506 0.595085 180.255 0.00416514 0.999617 -0.0273785 -5.54746 -0.595212 0.0244789 0.803196 83.7758 
0.802248 0.0172026 0.596742 180.693 0.00445914 0.999384 -0.0348044 -5.58335 -0.596974 0.0305827 0.801678 84.3743 
0.800243 0.0167481 0.599442 181.122 0.00802415 0.999221 -0.0386297 -5.62074 -0.599622 0.0357232 0.799485 84.9591 
0.797858 0.0134333 0.602695 181.537 0.00983899 0.999328 -0.0352987 -5.66536 -0.602765 0.0340933 0.79719 85.5229 
