1 2.12261e-08 -2.11895e-08 0 2.12261e-08 1 2.10703e-08 0 -2.11895e-08 2.10703e-08 1 0 
0.999934 -0.0027772 0.0111885 0.0130494 0.00276497 0.999996 0.00111289 -0.00629571 -0.0111916 -0.00108184 0.999937 0.288208 
0.999826 -0.00482343 0.0180101 0.0217964 0.00480725 0.999988 0.000943921 -0.00533026 -0.0180145 -0.000857135 0.999837 0.601771 
0.999779 -0.00771955 0.019541 0.0354959 0.00772824 0.99997 -0.000367197 -0.00976038 -0.0195377 0.000518176 0.999809 0.899978 
0.999813 -0.00919044 0.017023 0.0422116 0.00922132 0.999956 -0.00173421 -0.0126203 -0.0170063 0.0018909 0.999854 1.21583 
0.999881 -0.011941 0.00980789 0.0465157 0.0119723 0.999923 -0.00313203 -0.0156022 -0.00976978 0.00324912 0.999947 1.53742 
0.999901 -0.0137525 -0.00308589 0.0436547 0.0137374 0.999894 -0.00489868 -0.0212494 0.00315289 0.00485584 0.999983 1.86118 
0.999712 -0.0131124 -0.0201095 0.0248627 0.0130194 0.999904 -0.00475037 -0.0313882 0.0201698 0.00448723 0.999787 2.19849 
0.999168 -0.00867785 -0.0398428 -0.00784304 0.00848766 0.999952 -0.00494143 -0.0342423 0.0398837 0.00459919 0.999194 2.55677 
0.998181 -0.00514028 -0.0600667 -0.0498799 0.00478734 0.99997 -0.00601896 -0.0412363 0.0600958 0.0057205 0.998176 2.91692 
0.996741 -0.00516123 -0.0805046 -0.0985828 0.00463593 0.999967 -0.00671112 -0.0426858 0.0805365 0.00631608 0.996732 3.28894 
0.994754 -0.00660753 -0.102086 -0.149292 0.00601561 0.999963 -0.00610538 -0.0464494 0.102123 0.00545928 0.994757 3.67574 
0.992478 -0.00815978 -0.122152 -0.21286 0.00756493 0.999957 -0.00533305 -0.0494813 0.12219 0.00436891 0.992497 4.07139 
0.990083 -0.00704117 -0.140308 -0.288091 0.0064922 0.999969 -0.00437022 -0.0599764 0.140335 0.00341601 0.990098 4.47354 
0.987772 -0.00579821 -0.155798 -0.375979 0.00519484 0.999977 -0.00427988 -0.0597264 0.155819 0.00341824 0.98778 4.88664 
0.985506 -0.00525386 -0.169558 -0.466146 0.00458192 0.99998 -0.00435416 -0.068028 0.169578 0.00351419 0.985511 5.31181 
0.983267 -0.00701869 -0.182038 -0.557691 0.00617794 0.999968 -0.0051854 -0.0755843 0.182068 0.00397406 0.983278 5.75278 
0.981431 -0.0106016 -0.191525 -0.656955 0.00929334 0.999927 -0.00772812 -0.0794928 0.191593 0.00580475 0.981457 6.20063 
0.979942 -0.0098704 -0.199041 -0.770629 0.00808212 0.999919 -0.00979517 -0.0857523 0.199121 0.00799007 0.979942 6.65649 
0.978457 -0.00929864 -0.206243 -0.890749 0.00699912 0.999905 -0.0118765 -0.0904102 0.206334 0.0101772 0.978429 7.13127 
0.97665 -0.0102118 -0.214593 -1.00956 0.00726166 0.999868 -0.0145317 -0.101905 0.214713 0.0126341 0.976596 7.6223 
0.974884 -0.0140608 -0.22227 -1.13258 0.0107288 0.999811 -0.0161917 -0.113945 0.222456 0.0134004 0.974851 8.1204 
0.972953 -0.0202556 -0.230113 -1.26038 0.0167613 0.999713 -0.0171303 -0.129362 0.230394 0.0128101 0.973013 8.63079 
0.970822 -0.0208101 -0.238896 -1.40209 0.016595 0.999669 -0.0196425 -0.143035 0.239226 0.015105 0.970847 9.15104 
0.968759 -0.0170867 -0.247415 -1.56353 0.0114123 0.999638 -0.024351 -0.153705 0.247742 0.0207667 0.968604 9.67902 
0.966566 -0.014242 -0.256021 -1.73586 0.00746251 0.999596 -0.0274325 -0.171391 0.256309 0.0246048 0.966282 10.2296 
0.964292 -0.0167851 -0.264309 -1.89858 0.00949881 0.999539 -0.0288213 -0.196688 0.264671 0.0252816 0.964007 10.7706 
0.961917 -0.0195852 -0.27264 -2.07425 0.0115252 0.999449 -0.031133 -0.216142 0.2731 0.0268052 0.961612 11.3354 
0.959599 -0.0194257 -0.280699 -2.2573 0.0103527 0.999376 -0.0337699 -0.239218 0.281179 0.0294997 0.959202 11.909 
0.957332 -0.0186521 -0.288389 -2.4616 0.00827503 0.999275 -0.0371606 -0.266366 0.288873 0.0331887 0.956792 12.4959 
0.95494 -0.019533 -0.296154 -2.66216 0.0071633 0.999058 -0.0427956 -0.292063 0.296711 0.0387459 0.954181 13.0918 
0.953118 -0.020813 -0.301884 -2.86922 0.0059118 0.998722 -0.0501909 -0.32746 0.302543 0.0460532 0.952023 13.6995 
0.951862 -0.0211313 -0.305798 -3.08604 0.00339504 0.998287 -0.0584161 -0.366333 0.306508 0.0545659 0.950303 14.3114 
0.950739 -0.021054 -0.309277 -3.31663 0.000154107 0.997723 -0.0674461 -0.408252 0.309993 0.064076 0.948577 14.9416 
0.949284 -0.0203402 -0.313762 -3.54501 -0.00383649 0.997082 -0.076245 -0.460277 0.314398 0.0735819 0.946435 15.5785 
0.94803 -0.0199603 -0.317555 -3.78232 -0.00693411 0.996497 -0.0833373 -0.512983 0.318106 0.0812083 0.944571 16.2257 
0.946415 -0.0179924 -0.322452 -4.03158 -0.0116527 0.995894 -0.0897711 -0.579295 0.322743 0.0887182 0.94232 16.8801 
0.944863 -0.0166889 -0.327042 -4.28841 -0.0155212 0.995296 -0.0956326 -0.645588 0.327099 0.0954358 0.940159 17.5406 
0.943205 -0.0147239 -0.331886 -4.55263 -0.0198605 0.994731 -0.100574 -0.723562 0.331618 0.101453 0.937943 18.2182 
0.941499 -0.0115963 -0.336816 -4.82121 -0.0249623 0.994263 -0.104008 -0.79687 0.33609 0.106332 0.935808 18.9002 
0.939786 -0.0110379 -0.341587 -5.10064 -0.0266402 0.994071 -0.105416 -0.876205 0.340725 0.108168 0.93392 19.5967 
0.937652 -0.0101423 -0.347427 -5.39003 -0.0280573 0.994104 -0.104743 -0.957959 0.346441 0.10796 0.931839 20.3038 
0.935377 -0.00977759 -0.353518 -5.68591 -0.028691 0.994225 -0.103412 -1.04161 0.352487 0.106872 0.929694 21.0202 
0.93281 -0.0094912 -0.360244 -5.98775 -0.0292009 0.994375 -0.101811 -1.12448 0.359184 0.10549 0.927286 21.7446 
0.929648 -0.00873954 -0.368345 -6.30253 -0.0297273 0.99468 -0.0986278 -1.20905 0.367247 0.102639 0.924443 22.4801 
0.926264 -0.00645243 -0.376821 -6.62972 -0.0309328 0.995178 -0.0930767 -1.29051 0.375605 0.0978697 0.921598 23.2292 
0.922727 -0.00295186 -0.385444 -6.96146 -0.0333691 0.995605 -0.0875082 -1.37632 0.384008 0.0936081 0.918573 23.9666 
0.919087 0.000813323 -0.394055 -7.30674 -0.03673 0.995821 -0.0836131 -1.45408 0.39234 0.0913213 0.915276 24.7102 
0.915299 0.00169939 -0.402771 -7.66554 -0.0377484 0.995952 -0.0815813 -1.53214 0.401002 0.0898753 0.911658 25.4633 
0.911261 0.00145512 -0.411828 -8.03296 -0.038405 0.995936 -0.0814607 -1.59731 0.410036 0.0900483 0.907613 26.2276 
0.907454 0.00171017 -0.420148 -8.41195 -0.0387809 0.996064 -0.0797063 -1.67605 0.418358 0.0886236 0.903948 26.99 
0.903572 0.00257401 -0.428428 -8.80418 -0.0400415 0.996112 -0.0784645 -1.74253 0.42656 0.0880533 0.900163 27.7597 
0.899956 0.00181357 -0.435976 -9.2148 -0.0388091 0.996355 -0.0759665 -1.81499 0.434249 0.0852864 0.896746 28.5423 
0.89597 0.00231771 -0.444109 -9.62259 -0.038124 0.996697 -0.0717119 -1.88786 0.442476 0.0811829 0.893098 29.3311 
0.892143 0.00420215 -0.451733 -10.0509 -0.0382046 0.997076 -0.0661765 -1.95177 0.450134 0.0762972 0.889695 30.1313 
0.888259 0.00442534 -0.459322 -10.4889 -0.0370818 0.997381 -0.0621014 -2.01907 0.457844 0.0721946 0.886097 30.9343 
0.884461 0.00325463 -0.466602 -10.9353 -0.0355247 0.997543 -0.0603805 -2.08107 0.465259 0.0699801 0.882404 31.7436 
0.881235 0.00243511 -0.472672 -11.3998 -0.034692 0.997623 -0.0595392 -2.13799 0.471404 0.068866 0.879225 32.5599 
0.877997 0.00257017 -0.47866 -11.8707 -0.0342353 0.997762 -0.0574397 -2.19811 0.477441 0.066819 0.876119 33.3786 
0.874963 0.00110878 -0.484188 -12.3498 -0.032388 0.997892 -0.0562423 -2.25936 0.483105 0.0648919 0.873154 34.2112 
0.872302 -0.000198863 -0.488968 -12.8479 -0.0312556 0.997932 -0.0561649 -2.32255 0.487968 0.0642758 0.870492 35.0598 
0.870114 -0.00102419 -0.492849 -13.3589 -0.0309145 0.997915 -0.0566528 -2.38388 0.491879 0.0645306 0.868269 35.9208 
0.868913 -0.00111945 -0.494964 -13.9155 -0.0315515 0.997838 -0.0576457 -2.43442 0.493959 0.065706 0.866999 36.8004 
0.868263 -0.00129259 -0.496103 -14.4377 -0.030758 0.997933 -0.0564318 -2.49628 0.49515 0.0642568 0.866428 37.6697 
0.868085 -0.000853616 -0.496415 -14.9591 -0.0304666 0.998022 -0.0549935 -2.55653 0.49548 0.0628632 0.866342 38.5376 
0.867711 -0.00246293 -0.497064 -15.4858 -0.0283138 0.998119 -0.0543724 -2.62347 0.496263 0.0612533 0.866009 39.4227 
0.866988 -0.00500968 -0.498305 -16.0223 -0.0261053 0.99812 -0.0554545 -2.68204 0.497646 0.0610868 0.865227 40.3253 
0.865955 -0.00732924 -0.500068 -16.5731 -0.0238607 0.998149 -0.0559484 -2.74839 0.499552 0.0603808 0.864177 41.2299 
0.864413 -0.00813737 -0.502717 -17.1304 -0.0220562 0.998293 -0.0540844 -2.80988 0.502299 0.0578393 0.862758 42.1452 
0.862265 -0.00753384 -0.506401 -17.6851 -0.0208171 0.998517 -0.0503011 -2.87549 0.506029 0.0539147 0.86083 43.0566 
0.859386 -0.00812688 -0.511263 -18.262 -0.0183023 0.998744 -0.0466403 -2.93605 0.511 0.0494394 0.858158 43.9826 
0.855392 -0.00861862 -0.51791 -18.8363 -0.0169525 0.99886 -0.0446214 -3.00044 0.517704 0.0469488 0.854271 44.8945 
0.850259 -0.0121174 -0.526225 -19.421 -0.0149946 0.998772 -0.0472267 -3.06145 0.526151 0.0480455 0.849033 45.7904 
0.844427 -0.0156033 -0.535444 -20.0139 -0.0137909 0.998611 -0.0508495 -3.12075 0.535494 0.0503229 0.843039 46.6753 
0.838153 -0.0162787 -0.545192 -20.6164 -0.0133053 0.998647 -0.0502733 -3.18239 0.545272 0.0493907 0.836803 47.5611 
0.832427 -0.0130728 -0.553981 -21.2377 -0.0142343 0.998887 -0.0449605 -3.24579 0.553953 0.0453119 0.831314 48.4437 
0.827353 -0.00832339 -0.561621 -21.8668 -0.0175061 0.999022 -0.040595 -3.30823 0.561409 0.0434182 0.826398 49.3129 
0.823212 -0.00893427 -0.567664 -22.4976 -0.0182195 0.998945 -0.0421436 -3.36407 0.567442 0.0450357 0.822181 50.1854 
0.819917 -0.011218 -0.572372 -23.1355 -0.0187576 0.998745 -0.0464446 -3.42424 0.572175 0.0488171 0.818678 51.0583 
0.816598 -0.0136106 -0.577047 -23.7737 -0.0211208 0.998348 -0.0534364 -3.48684 0.576821 0.0558238 0.814961 51.924 
0.813689 -0.0147004 -0.581115 -24.41 -0.0212841 0.998256 -0.0550553 -3.55529 0.580911 0.0571665 0.811957 52.7605 
0.810196 -0.0131192 -0.586013 -25.0586 -0.0207687 0.998479 -0.0510671 -3.62267 0.585791 0.0535451 0.808691 53.6188 
0.806838 -0.0106809 -0.590676 -25.7078 -0.0204868 0.998729 -0.0460435 -3.68723 0.590417 0.0492508 0.805594 54.4764 
0.8037 -0.00912269 -0.594965 -26.365 -0.0205466 0.998861 -0.0430709 -3.74947 0.59468 0.0468406 0.802597 55.3276 
0.800596 -0.00867593 -0.599142 -27.024 -0.0216346 0.998825 -0.0433726 -3.81259 0.598814 0.0476861 0.799467 56.1677 
0.797029 -0.00993725 -0.603859 -27.6954 -0.0218926 0.998732 -0.0453312 -3.86944 0.603544 0.0493504 0.795801 57.0138 
0.79296 -0.0127183 -0.609141 -28.3631 -0.0209663 0.99862 -0.0481437 -3.92904 0.608913 0.0509475 0.791599 57.8485 
0.788698 -0.0138626 -0.614624 -29.0508 -0.0203717 0.998607 -0.0486646 -3.99125 0.614443 0.0509027 0.787318 58.6883 
0.784291 -0.0142889 -0.620229 -29.7458 -0.0197728 0.998651 -0.0480101 -4.05144 0.620079 0.0499176 0.78295 59.5257 
0.779503 -0.0137604 -0.626247 -30.4436 -0.020231 0.998684 -0.0471259 -4.11607 0.626072 0.0494045 0.778199 60.3541 
0.774177 -0.0151064 -0.632789 -31.1565 -0.0200449 0.998629 -0.0483638 -4.18 0.632651 0.0501264 0.772813 61.1893 
0.768874 -0.0167227 -0.639182 -31.8719 -0.0192395 0.9986 -0.0492693 -4.24318 0.639111 0.0501794 0.767476 62.0078 
0.763309 -0.0182838 -0.645775 -32.6043 -0.0186311 0.998561 -0.0502942 -4.30589 0.645765 0.0504216 0.761869 62.8274 
0.757716 -0.0197828 -0.652285 -33.3315 -0.0179422 0.998531 -0.0511262 -4.3782 0.652338 0.0504426 0.756248 63.6328 
0.751291 -0.02173 -0.659614 -34.0763 -0.017016 0.998488 -0.0522747 -4.44424 0.659752 0.0504975 0.749785 64.452 
0.745148 -0.023558 -0.666483 -34.8565 -0.0155028 0.998494 -0.0526261 -4.51071 0.666719 0.0495466 0.743661 65.2795 
0.738523 -0.0237421 -0.67381 -35.619 -0.0145155 0.998588 -0.0510954 -4.57486 0.674072 0.0475159 0.737136 66.0965 
0.732291 -0.0238966 -0.680573 -36.4101 -0.0142688 0.998626 -0.0504175 -4.6467 0.680843 0.0466313 0.730944 66.9032 
0.725568 -0.0262662 -0.687649 -37.1898 -0.0122232 0.998622 -0.0510417 -4.71598 0.688042 0.0454396 0.724247 67.7028 
0.719766 -0.0278409 -0.693658 -38.0126 -0.0125569 0.99851 -0.0531061 -4.7825 0.694103 0.0469342 0.718344 68.4965 
0.71367 -0.0270624 -0.69996 -38.8192 -0.0140462 0.9985 -0.052926 -4.85015 0.700342 0.0476035 0.712219 69.283 
0.708097 -0.0265061 -0.705617 -39.6353 -0.01423 0.998557 -0.0517903 -4.92499 0.705972 0.0467135 0.706698 70.08 
0.703219 -0.0258832 -0.710502 -40.462 -0.0156739 0.99853 -0.0518892 -4.99491 0.710801 0.0476258 0.701779 70.8629 
0.698808 -0.0265374 -0.714817 -41.3078 -0.0164546 0.998451 -0.0531533 -5.06512 0.71512 0.048906 0.697288 71.639 
0.693542 -0.0282251 -0.719863 -42.1573 -0.0172914 0.998292 -0.0558012 -5.13928 0.720208 0.051148 0.69187 72.4193 
0.688674 -0.0309685 -0.72441 -43.0084 -0.0168824 0.998132 -0.0587197 -5.21097 0.724875 0.0526686 0.686864 73.1933 
0.683505 -0.0312908 -0.729275 -43.8703 -0.0176991 0.998077 -0.0594125 -5.28939 0.729731 0.0535163 0.681637 73.9661 
0.67866 -0.0309503 -0.7338 -44.7345 -0.0169502 0.998186 -0.0577781 -5.36867 0.734257 0.0516498 0.676904 74.7385 
0.673479 -0.0311958 -0.738548 -45.6136 -0.0162619 0.998242 -0.0569943 -5.44391 0.739027 0.0503947 0.671788 75.5049 
0.668726 -0.0324973 -0.742799 -46.5038 -0.0154313 0.998223 -0.0575645 -5.52248 0.743349 0.0499572 0.667036 76.2635 
0.66405 -0.0334693 -0.746938 -47.3992 -0.0147754 0.998215 -0.0578645 -5.60043 0.747542 0.0494613 0.662371 77.0277 
0.659526 -0.0339081 -0.750917 -48.2977 -0.0141578 0.998245 -0.057511 -5.68207 0.751549 0.0485613 0.657888 77.7908 
0.655475 -0.0350981 -0.754401 -49.2175 -0.0127775 0.998261 -0.0575455 -5.75921 0.755109 0.047359 0.653886 78.558 
0.651871 -0.0378356 -0.757385 -50.1417 -0.0101295 0.998231 -0.0585856 -5.84369 0.758262 0.0458623 0.650335 79.3141 
0.647795 -0.0427021 -0.760617 -51.0716 -0.00716904 0.998042 -0.0621371 -5.92396 0.761781 0.045705 0.64622 80.0764 
0.642926 -0.0466879 -0.764504 -51.9939 -0.00299848 0.997979 -0.0634678 -6.00988 0.765923 0.0430975 0.641487 80.8273 
0.636127 -0.0503084 -0.769942 -52.9298 0.00217456 0.997985 -0.0634122 -6.09713 0.771581 0.038664 0.634955 81.582 
0.628129 -0.0537816 -0.776248 -53.8781 0.00608145 0.997917 -0.0642187 -6.18314 0.778086 0.035617 0.627148 82.3198 
0.619379 -0.0547347 -0.783182 -54.8493 0.0083722 0.997971 -0.0631246 -6.26794 0.785048 0.0325411 0.61858 83.0571 
0.610743 -0.0533588 -0.790029 -55.8453 0.00850186 0.998111 -0.0608403 -6.35329 0.791783 0.0304411 0.610044 83.7957 
0.601705 -0.0532943 -0.796938 -56.8434 0.00850294 0.998142 -0.0603297 -6.44385 0.798673 0.0295244 0.60104 84.5255 
0.592375 -0.0545737 -0.803812 -57.8453 0.00702724 0.998015 -0.0625801 -6.52658 0.805632 0.0314223 0.591583 85.2345 
0.582074 -0.056998 -0.811136 -58.8733 0.00773773 0.997883 -0.064568 -6.6158 0.813099 0.031307 0.581283 85.951 
0.572198 -0.0584843 -0.818028 -59.9149 0.00811239 0.997809 -0.0656631 -6.70976 0.820076 0.0309362 0.571418 86.6542 
0.562187 -0.0591759 -0.824891 -60.9541 0.0106095 0.997871 -0.0643545 -6.80353 0.826942 0.0274277 0.561617 87.3423 
0.551918 -0.0593403 -0.831784 -61.9989 0.0119416 0.997925 -0.0632693 -6.89722 0.833813 0.0249867 0.551481 88.0166 
0.541714 -0.0600188 -0.838418 -63.063 0.0119102 0.997896 -0.0637399 -6.98817 0.840479 0.0245431 0.541288 88.6764 
0.531571 -0.0610504 -0.844811 -64.1341 0.0107809 0.997806 -0.065323 -7.07958 0.846945 0.025616 0.531063 89.3222 
0.521391 -0.0617869 -0.851078 -65.215 0.00960404 0.997737 -0.0665505 -7.17102 0.853264 0.0265251 0.520805 89.9599 
0.511414 -0.0630138 -0.857021 -66.308 0.00846647 0.997629 -0.0682999 -7.26687 0.859293 0.0276737 0.510735 90.5868 
0.50176 -0.0628274 -0.862722 -67.4003 0.00743367 0.997635 -0.0683289 -7.36683 0.864975 0.0278716 0.501041 91.1952 
0.493233 -0.060548 -0.867788 -68.5132 0.00577117 0.997781 -0.0663378 -7.46467 0.869878 0.0277119 0.492488 91.7968 
0.484892 -0.0591422 -0.872572 -69.6371 0.00651145 0.997927 -0.0640202 -7.56351 0.87455 0.0253612 0.484272 92.3997 
0.476883 -0.0594282 -0.876956 -70.7605 0.0066988 0.997929 -0.0639833 -7.66133 0.878941 0.0246381 0.476293 92.9887 
0.469271 -0.0623315 -0.880852 -71.8879 0.00815254 0.997769 -0.0662617 -7.75777 0.883017 0.0239136 0.468732 93.5653 
0.462149 -0.0659084 -0.88435 -73.0332 0.0111466 0.997587 -0.0685227 -7.85909 0.886732 0.0218102 0.461769 94.1476 
0.456282 -0.0686226 -0.887185 -74.171 0.0116782 0.997398 -0.0711413 -7.95948 0.889759 0.0220998 0.455896 94.7032 
0.450333 -0.0723196 -0.889927 -75.313 0.0138965 0.997161 -0.0740019 -8.06847 0.892753 0.0209587 0.45006 95.272 
0.445777 -0.0731913 -0.892147 -76.4634 0.0162364 0.997149 -0.0736928 -8.17459 0.894997 0.0183653 0.445694 95.8231 
0.441598 -0.0711671 -0.894386 -77.6048 0.0190654 0.997368 -0.0699481 -8.28621 0.897011 0.0138372 0.441793 96.3611 
0.437746 -0.0690728 -0.896441 -78.7444 0.0216441 0.997565 -0.0662955 -8.39354 0.898838 0.00961799 0.438175 96.8967 
0.434122 -0.0684633 -0.898249 -79.8963 0.0234868 0.997629 -0.0646868 -8.50065 0.900548 0.00698505 0.434701 97.4343 
0.431448 -0.0681686 -0.899559 -81.0419 0.0251762 0.997662 -0.0635278 -8.60587 0.901787 0.00476151 0.432155 97.9565 
0.428727 -0.0676883 -0.900895 -82.1756 0.0273577 0.997705 -0.0619428 -8.70104 0.90302 0.00191025 0.429595 98.477 
0.425952 -0.0672433 -0.902244 -83.3049 0.0293602 0.997736 -0.0604992 -8.79296 0.904269 -0.000720266 0.426962 98.9972 
0.423152 -0.0688685 -0.903438 -84.4392 0.0331191 0.997616 -0.0605354 -8.88677 0.905453 -0.0043054 0.424424 99.5157 
0.4212 -0.0694238 -0.904307 -85.5827 0.0354234 0.997565 -0.060084 -8.97807 0.906276 -0.00672622 0.422634 100.023 
0.418829 -0.0689498 -0.905444 -86.7214 0.0389482 0.99756 -0.0579483 -9.06482 0.907229 -0.010995 0.420493 100.534 
0.417081 -0.0683595 -0.906295 -87.8398 0.0410482 0.997567 -0.0563533 -9.1564 0.907942 -0.0136978 0.418872 101.023 
0.415314 -0.0702864 -0.906959 -88.9467 0.0442205 0.997392 -0.0570453 -9.24099 0.908603 -0.0164144 0.417339 101.513 
0.41391 -0.0713961 -0.907514 -90.0277 0.0456365 0.997294 -0.0576448 -9.33224 0.909173 -0.017556 0.416048 101.992 
0.413232 -0.0725614 -0.90773 -91.0996 0.0456938 0.997217 -0.0589132 -9.42489 0.909479 -0.0171328 0.415397 102.462 
0.413796 -0.073132 -0.907427 -92.162 0.0442556 0.997206 -0.0601865 -9.51327 0.909293 -0.0152538 0.415877 102.921 
0.415832 -0.0729668 -0.90651 -93.21 0.0426697 0.997244 -0.0606968 -9.60367 0.90844 -0.0134408 0.417799 103.384 
0.419612 -0.0734846 -0.904724 -94.253 0.0408838 0.997236 -0.0620368 -9.69332 0.906782 -0.0109572 0.421457 103.854 
0.424671 -0.074176 -0.902304 -95.2749 0.0398895 0.997203 -0.0632033 -9.7837 0.904469 -0.00915183 0.426442 104.313 
0.430137 -0.0744872 -0.899685 -96.3045 0.0397254 0.997187 -0.063567 -9.87173 0.901889 -0.00839774 0.431886 104.791 
0.436851 -0.0734419 -0.896531 -97.3122 0.0389559 0.997271 -0.0627124 -9.95899 0.89869 -0.00752913 0.43852 105.268 
0.444603 -0.0722655 -0.892808 -98.3017 0.0377773 0.997366 -0.0619162 -10.0454 0.894931 -0.00619966 0.446162 105.751 
0.45319 -0.0717567 -0.888521 -99.2963 0.0377592 0.997405 -0.0612912 -10.134 0.890614 -0.00577321 0.454724 106.237 
0.462519 -0.0712559 -0.883742 -100.278 0.0369149 0.997449 -0.0611041 -10.2185 0.885841 -0.00436133 0.463969 106.734 
0.472406 -0.0722235 -0.878417 -101.258 0.0366753 0.997385 -0.0622813 -10.3063 0.880618 -0.00279416 0.473819 107.237 
0.482799 -0.07356 -0.872636 -102.231 0.0346134 0.99729 -0.0649176 -10.3924 0.875047 0.00113731 0.484037 107.751 
0.494486 -0.0742085 -0.866012 -103.181 0.0325929 0.997231 -0.0668424 -10.4787 0.868574 0.00482678 0.495535 108.266 
0.506727 -0.0726257 -0.859042 -104.126 0.0303763 0.997331 -0.0663989 -10.5609 0.861571 0.0075517 0.507581 108.802 
0.519179 -0.0702154 -0.851776 -105.05 0.0289329 0.997492 -0.064592 -10.648 0.854175 0.00889054 0.519909 109.347 
0.531188 -0.0681383 -0.84451 -105.971 0.0287674 0.997637 -0.0623988 -10.7344 0.846766 0.00885116 0.531893 109.904 
0.542579 -0.0678087 -0.837263 -106.882 0.0293519 0.997658 -0.0617778 -10.819 0.839492 0.00894412 0.543299 110.48 
0.553649 -0.0688555 -0.829899 -107.768 0.0304444 0.997583 -0.0624578 -10.9061 0.832193 0.00931392 0.554407 111.056 
0.564254 -0.0690161 -0.822712 -108.64 0.030199 0.997558 -0.0629719 -10.9964 0.825049 0.0106872 0.56496 111.639 
0.575266 -0.070246 -0.814945 -109.499 0.0323799 0.99748 -0.0631233 -11.0847 0.817326 0.00992484 0.576091 112.223 
0.585931 -0.0694165 -0.807383 -110.335 0.0325146 0.997536 -0.0621691 -11.1735 0.809709 0.0101751 0.586744 112.813 
0.596464 -0.0668492 -0.799851 -111.169 0.0312231 0.997704 -0.0601015 -11.2536 0.802032 0.0108746 0.597182 113.412 
0.606138 -0.0633928 -0.792829 -111.991 0.0311306 0.997946 -0.0559933 -11.3374 0.79475 0.00925845 0.606867 114.025 
0.616086 -0.0612502 -0.785294 -112.798 0.0297716 0.99807 -0.0544893 -11.416 0.787116 0.0101907 0.616721 114.641 
0.626012 -0.060148 -0.77749 -113.586 0.0274596 0.998103 -0.0551054 -11.4934 0.77933 0.0131471 0.626476 115.257 
0.635243 -0.060605 -0.769931 -114.363 0.026472 0.998039 -0.0567194 -11.5634 0.771858 0.0156491 0.635602 115.886 
0.644405 -0.0598912 -0.762335 -115.127 0.0264425 0.998077 -0.0560598 -11.6378 0.764227 0.0159672 0.64475 116.519 
0.653517 -0.0577693 -0.754704 -115.872 0.0264999 0.998218 -0.0534623 -11.7138 0.756448 0.014939 0.653883 117.144 
0.661963 -0.0558454 -0.747454 -116.607 0.0266188 0.998343 -0.0510162 -11.7836 0.749064 0.0138746 0.662352 117.783 
0.669875 -0.0554076 -0.740404 -117.325 0.0271896 0.998373 -0.050113 -11.8501 0.741976 0.0134382 0.670292 118.421 
0.67742 -0.0548226 -0.73355 -118.04 0.0261207 0.998383 -0.0504931 -11.9119 0.735132 0.0150443 0.677757 119.07 
0.684633 -0.0542069 -0.726869 -118.726 0.0260326 0.998413 -0.0499377 -11.9763 0.728423 0.0152668 0.684958 119.699 
0.691733 -0.0518167 -0.720292 -119.41 0.0255428 0.998554 -0.0473044 -12.031 0.721701 0.0143239 0.692056 120.337 
0.69887 -0.0494178 -0.713539 -120.093 0.0248721 0.998686 -0.0448055 -12.0875 0.714816 0.0135661 0.699181 120.998 
0.705923 -0.047904 -0.706667 -120.745 0.0241506 0.998758 -0.0435793 -12.1511 0.707877 0.0136973 0.706203 121.645 
0.713286 -0.0473154 -0.699275 -121.39 0.0238445 0.998779 -0.0432588 -12.204 0.700468 0.0141821 0.713543 122.291 
0.721128 -0.0440698 -0.691398 -122.019 0.0207727 0.998902 -0.0420042 -12.2521 0.69249 0.0159282 0.721252 122.937 
0.7303 -0.0411072 -0.681888 -122.635 0.0200571 0.999048 -0.038746 -12.3052 0.682832 0.0146196 0.730429 123.579 
0.739988 -0.0372501 -0.671587 -123.238 0.0183211 0.999211 -0.035235 -12.3551 0.67237 0.0137693 0.740087 124.22 
0.750315 -0.034887 -0.660159 -123.827 0.0164944 0.999284 -0.0340616 -12.4036 0.660875 0.0146681 0.750353 124.867 
0.760434 -0.034226 -0.648513 -124.399 0.0153072 0.999277 -0.0347891 -12.4531 0.649235 0.0165279 0.760408 125.514 
0.770574 -0.0351516 -0.636381 -124.961 0.0155456 0.999218 -0.0363699 -12.497 0.637161 0.0181329 0.770517 126.169 
0.780504 -0.0346839 -0.624188 -125.493 0.0156228 0.99923 -0.0359884 -12.5379 0.624956 0.0183376 0.780445 126.831 
0.790732 -0.0330018 -0.611272 -126.02 0.0153038 0.999299 -0.0341541 -12.5736 0.611971 0.017652 0.790683 127.514 
0.800938 -0.0311963 -0.597934 -126.546 0.0155359 0.999388 -0.0313313 -12.6108 0.598546 0.015805 0.800932 128.195 
0.810435 -0.0296481 -0.585078 -127.043 0.0157974 0.999461 -0.0287644 -12.6499 0.585616 0.014069 0.810467 128.888 
0.819544 -0.0282553 -0.572319 -127.528 0.0165735 0.999535 -0.0256142 -12.6935 0.572777 0.0115067 0.819631 129.57 
0.827503 -0.0276012 -0.560782 -128.018 0.0173938 0.999572 -0.0235313 -12.7188 0.561192 0.00971818 0.827629 130.334 
0.834723 -0.0279126 -0.549962 -128.489 0.0190885 0.999581 -0.0217603 -12.7578 0.550339 0.00766592 0.834906 131.048 
0.841384 -0.0279018 -0.539717 -128.945 0.0193806 0.999582 -0.0214624 -12.7839 0.54009 0.00759815 0.841573 131.754 
0.848164 -0.0269432 -0.529049 -129.408 0.0184335 0.999602 -0.0213551 -12.8104 0.529414 0.0083604 0.848323 132.484 
0.854846 -0.0253072 -0.518265 -129.86 0.0172612 0.999644 -0.020342 -12.8412 0.518595 0.00844347 0.854978 133.213 
0.861062 -0.0240957 -0.507928 -130.322 0.0163085 0.999671 -0.0197769 -12.8708 0.508238 0.00874562 0.861172 133.969 
0.866941 -0.0250339 -0.497782 -130.757 0.0174474 0.99965 -0.0198868 -12.8912 0.498105 0.00855569 0.867074 134.72 
0.87227 -0.0263141 -0.488317 -131.186 0.0185592 0.999613 -0.0207145 -12.9152 0.488673 0.00900593 0.872421 135.456 
0.876654 -0.0267642 -0.480377 -131.601 0.0189568 0.999598 -0.0210978 -12.9413 0.480748 0.00938915 0.876808 136.207 
0.880165 -0.0264466 -0.47393 -132.021 0.0190626 0.999611 -0.0203787 -12.9631 0.474285 0.0089023 0.880327 136.981 
0.883279 -0.024613 -0.468201 -132.43 0.0188964 0.999679 -0.0169035 -12.9894 0.468467 0.00608323 0.88346 137.753 
0.886359 -0.02038 -0.46255 -132.86 0.0164884 0.999787 -0.012455 -13.0145 0.462705 0.00341294 0.886506 138.556 
0.889721 -0.017691 -0.456163 -133.289 0.0149375 0.999842 -0.00964147 -13.036 0.456261 0.00176433 0.889844 139.371 
0.893133 -0.0149359 -0.449545 -133.716 0.0129726 0.999888 -0.00744749 -13.0519 0.449606 0.000819893 0.893227 140.177 
0.896228 -0.0136374 -0.443384 -134.137 0.0126802 0.999907 -0.00512391 -13.0671 0.443413 -0.00102994 0.896317 141.012 
0.899442 -0.011948 -0.436877 -134.556 0.0122883 0.999922 -0.0020474 -13.0842 0.436868 -0.00352692 0.899519 141.87 
0.902598 -0.0118469 -0.430321 -134.958 0.0131353 0.999914 2.31487e-05 -13.0989 0.430283 -0.00567324 0.902676 142.73 
0.906218 -0.0121559 -0.422637 -135.397 0.0139688 0.999902 0.00119273 -13.1127 0.422581 -0.00698457 0.906298 143.627 
0.909964 -0.0131485 -0.414479 -135.835 0.0150212 0.999886 0.0012586 -13.1217 0.414416 -0.00737119 0.910058 144.546 
0.913975 -0.0156437 -0.40547 -136.261 0.0175305 0.999846 0.000939767 -13.1292 0.405392 -0.00796694 0.914108 145.465 
0.918003 -0.0168882 -0.396213 -136.672 0.0185581 0.999828 0.000381377 -13.1515 0.396138 -0.00770303 0.918158 146.398 
0.922487 -0.0180151 -0.385607 -137.074 0.0189174 0.99982 -0.00145439 -13.1645 0.385564 -0.00595298 0.922662 147.339 
0.927769 -0.0161835 -0.372804 -137.47 0.0166733 0.999859 -0.00191047 -13.1753 0.372783 -0.00444337 0.927908 148.315 
0.933983 -0.0127032 -0.357092 -137.863 0.0134109 0.99991 -0.000494256 -13.1831 0.357066 -0.00432726 0.934069 149.294 
0.940731 -0.00918894 -0.33903 -138.237 0.0107786 0.999938 0.00280601 -13.1925 0.338983 -0.00629391 0.940771 150.29 
0.947495 -0.00589303 -0.319715 -138.589 0.00783161 0.999958 0.00477801 -13.2011 0.319673 -0.00703098 0.947502 151.3 
0.954161 -0.00462447 -0.299259 -138.91 0.00662562 0.999962 0.00567261 -13.2041 0.299222 -0.00739532 0.954155 152.322 
0.960621 -0.00301744 -0.277847 -139.249 0.00533494 0.999957 0.00758513 -13.2079 0.277812 -0.00876868 0.960595 153.387 
0.966581 -0.00204606 -0.256355 -139.544 0.00487282 0.999934 0.0103919 -13.2125 0.256316 -0.0112937 0.966527 154.454 
0.972108 0.000210364 -0.234534 -139.827 0.00319914 0.999895 0.0141567 -13.2124 0.234512 -0.0145121 0.972005 155.549 
0.97716 0.00261516 -0.212489 -140.084 0.00141379 0.999822 0.0188065 -13.2119 0.2125 -0.0186773 0.976983 156.636 
0.981713 0.00467195 -0.190311 -140.329 -0.000421926 0.99975 0.0223662 -13.2062 0.190368 -0.0218768 0.981469 157.763 
0.985675 0.00614906 -0.168547 -140.54 -0.00237379 0.999742 0.0225911 -13.1948 0.168642 -0.0218674 0.985435 158.882 
0.98917 0.00542239 -0.146675 -140.739 -0.00239015 0.99978 0.0208413 -13.1824 0.146756 -0.020265 0.988965 160.056 
0.992016 0.00542044 -0.125997 -140.902 -0.00286939 0.999787 0.0204193 -13.1915 0.126081 -0.0198947 0.99182 161.256 
0.994339 0.00356565 -0.106191 -141.034 -0.00118372 0.999747 0.0224848 -13.1778 0.106244 -0.0222317 0.994092 162.438 
0.996238 0.00467681 -0.0865335 -141.147 -0.00255041 0.999693 0.024667 -13.1858 0.0866223 -0.0243534 0.995944 163.713 
0.997763 0.00516457 -0.0666485 -141.248 -0.00344598 0.999659 0.0258745 -13.1696 0.0667594 -0.0255869 0.997441 164.922 
0.998885 0.00661432 -0.0467489 -141.312 -0.00536995 0.999629 0.026693 -13.1497 0.0469081 -0.0264122 0.99855 166.155 
0.999633 0.00728592 -0.0261117 -141.377 -0.00656619 0.999599 0.0275422 -13.1309 0.0263019 -0.0273606 0.99928 167.413 
0.999939 0.00921114 -0.00608197 -141.392 -0.00904046 0.999581 0.0275112 -13.1222 0.00633278 -0.0274545 0.999603 168.716 
0.999856 0.0106891 0.0131524 -141.333 -0.011039 0.999579 0.026831 -13.1207 -0.0128601 -0.0269723 0.999553 170.048 
0.999405 0.0108021 0.0327454 -141.327 -0.0116102 0.99963 0.0245911 -13.105 -0.0324677 -0.0249566 0.999161 171.323 
0.99858 0.0128127 0.0517082 -141.291 -0.0139932 0.999648 0.0225331 -13.1003 -0.0514013 -0.0232246 0.998408 172.651 
0.997363 0.0131338 0.0713771 -141.245 -0.01467 0.999671 0.0210417 -13.0891 -0.0710773 -0.0220333 0.997227 174.027 
0.995855 0.0133173 0.0899712 -141.143 -0.0150237 0.999719 0.0183151 -13.0798 -0.0897021 -0.0195908 0.995776 175.362 
0.994021 0.0139591 0.108298 -141.01 -0.0155093 0.999789 0.0134857 -13.0832 -0.108087 -0.0150846 0.994027 176.69 
0.991885 0.0159557 0.126135 -140.867 -0.0169748 0.999831 0.00700931 -13.0872 -0.126002 -0.00909351 0.991988 178.035 
0.989612 0.0174813 0.142697 -140.631 -0.017991 0.999836 0.00228284 -13.1028 -0.142633 -0.00482635 0.989764 179.397 
0.986887 0.0198235 0.160189 -140.43 -0.019806 0.999802 -0.00170568 -13.1181 -0.160192 -0.00148936 0.987085 180.805 
0.983789 0.0216522 0.178016 -140.205 -0.0212503 0.999766 -0.00416401 -13.157 -0.178064 0.000313672 0.984019 182.23 
0.980515 0.0209709 0.195321 -139.939 -0.0207042 0.99978 -0.00340679 -13.1903 -0.19535 -0.000703526 0.980733 183.665 
0.977054 0.0196684 0.21208 -139.646 -0.019312 0.999807 -0.00375165 -13.2231 -0.212113 -0.000430095 0.977245 185.086 
0.973404 0.0192139 0.22829 -139.262 -0.0177359 0.999806 -0.00852419 -13.2729 -0.228409 0.0042486 0.973556 186.572 
0.969425 0.020492 0.244531 -138.929 -0.0178992 0.999758 -0.0128209 -13.2959 -0.244735 0.00805198 0.969557 188.005 
0.964994 0.0227141 0.261287 -138.591 -0.0201305 0.999719 -0.0125602 -13.335 -0.261498 0.00686076 0.96518 189.372 
0.960257 0.0247193 0.278022 -138.153 -0.0219987 0.999675 -0.0129014 -13.371 -0.27825 0.00627256 0.960488 190.83 
0.955052 0.0284009 0.295076 -137.684 -0.0248524 0.999567 -0.0157696 -13.4193 -0.295396 0.00772749 0.955344 192.332 
0.949802 0.0287408 0.311529 -137.124 -0.0239275 0.999528 -0.0192623 -13.484 -0.311936 0.0108413 0.950041 193.907 
0.943889 0.0297368 0.328923 -136.658 -0.02409 0.999484 -0.0212303 -13.542 -0.329384 0.0121153 0.944118 195.373 
0.937673 0.0301547 0.346208 -136.099 -0.0225205 0.999407 -0.0260533 -13.6152 -0.346788 0.0166327 0.937796 196.919 
0.930565 0.0334069 0.3646 -135.552 -0.0234415 0.999222 -0.031725 -13.6841 -0.365376 0.0209755 0.930624 198.323 
0.921731 0.036513 0.386106 -134.914 -0.0250964 0.999087 -0.0345693 -13.7916 -0.387016 0.0221738 0.921806 199.937 
0.911152 0.0396359 0.410159 -134.297 -0.0275413 0.998995 -0.0353563 -13.8867 -0.411148 0.0209187 0.911328 201.427 
0.899401 0.044387 0.434865 -133.566 -0.0311269 0.998809 -0.0375715 -13.9925 -0.436015 0.0202559 0.899712 202.937 
0.886783 0.0483715 0.459648 -132.893 -0.0334451 0.998617 -0.040566 -14.072 -0.460974 0.0206003 0.887175 204.302 
0.873251 0.0521722 0.48447 -132.171 -0.0354071 0.998417 -0.0436979 -14.1561 -0.485983 0.0210055 0.873716 205.743 
0.859373 0.053466 0.508546 -131.43 -0.0350571 0.998339 -0.0457184 -14.2385 -0.510146 0.021461 0.85982 207.145 
0.845103 0.0548375 0.531783 -130.641 -0.0347605 0.998257 -0.0476993 -14.3409 -0.533472 0.0218259 0.845536 208.454 
0.829516 0.0572025 0.555545 -129.8 -0.0338665 0.998062 -0.0521989 -14.4657 -0.557455 0.0244855 0.829846 209.85 
0.814188 0.0594918 0.577546 -128.926 -0.0323376 0.997839 -0.0571978 -14.577 -0.5797 0.0278934 0.814352 211.156 
0.798754 0.0612368 0.598533 -127.969 -0.031588 0.997703 -0.0599216 -14.7148 -0.600828 0.0289561 0.798854 212.517 
0.783427 0.062726 0.61831 -126.967 -0.0301719 0.997559 -0.0629706 -14.8467 -0.620751 0.0306773 0.783408 213.85 
0.768975 0.0626895 0.636198 -125.943 -0.0284053 0.997548 -0.0639625 -14.9984 -0.638648 0.0311142 0.76887 215.103 
0.754006 0.0634988 0.653791 -124.922 -0.0273568 0.997489 -0.0653298 -15.1491 -0.656298 0.0313735 0.75385 216.41 
0.739499 0.0637009 0.670137 -123.849 -0.0247007 0.99741 -0.0675529 -15.2862 -0.672705 0.0334025 0.739157 217.672 
0.725823 0.0648383 0.684819 -122.769 -0.0222653 0.997241 -0.0708196 -15.4194 -0.687521 0.0361548 0.725263 218.833 
0.711644 0.0665925 0.699377 -121.685 -0.0199227 0.99701 -0.0746599 -15.5668 -0.702258 0.0391978 0.710843 219.991 
0.697253 0.0684071 0.713554 -120.561 -0.0185448 0.996824 -0.0774425 -15.6967 -0.716586 0.0407642 0.696307 221.154 
0.682853 0.0693153 0.72726 -119.404 -0.0177721 0.99677 -0.0783154 -15.84 -0.730339 0.040553 0.68188 222.261 
0.667394 0.0700819 0.7414 -118.232 -0.0180138 0.99679 -0.0780073 -15.9984 -0.744487 0.0387061 0.666514 223.357 
0.651375 0.0709513 0.755431 -117.037 -0.020285 0.996891 -0.0761386 -16.158 -0.758485 0.0342709 0.650789 224.412 
0.634427 0.0720593 0.769617 -115.858 -0.0229294 0.996962 -0.0744439 -16.3055 -0.772643 0.0295824 0.634152 225.44 
0.617249 0.0741058 0.78327 -114.646 -0.0264002 0.996945 -0.0735172 -16.4629 -0.786325 0.0246999 0.617319 226.453 
0.60041 0.0767949 0.795997 -113.441 -0.0273928 0.996769 -0.0755026 -16.6163 -0.799223 0.023528 0.600573 227.403 
0.58329 0.0802995 0.808285 -112.218 -0.0297343 0.996545 -0.0775448 -16.7646 -0.81172 0.0211973 0.583662 228.33 
0.564876 0.0804534 0.821244 -110.999 -0.0301198 0.996583 -0.0769131 -16.9126 -0.824626 0.0187106 0.565369 229.217 
0.544832 0.0793349 0.834784 -109.779 -0.0305848 0.996732 -0.0747643 -17.0509 -0.837987 0.0152022 0.545478 230.068 
0.524509 0.0776573 0.847856 -108.534 -0.0308246 0.996911 -0.0722405 -17.1877 -0.850847 0.011756 0.525282 230.885 
0.504079 0.0759417 0.860313 -107.277 -0.0311419 0.997077 -0.0697673 -17.3352 -0.863096 0.00837644 0.50497 231.662 
0.483341 0.0749663 0.872217 -106.024 -0.0306424 0.997165 -0.068725 -17.4676 -0.874896 0.0064908 0.484268 232.408 
0.462897 0.0745098 0.883275 -104.738 -0.0299424 0.997207 -0.0684288 -17.5998 -0.885906 0.00522817 0.463835 233.122 
0.442195 0.073759 0.893881 -103.457 -0.0281155 0.997263 -0.068381 -17.7301 -0.896478 0.00510579 0.443058 233.825 
0.422254 0.0738713 0.903463 -102.155 -0.0254313 0.997247 -0.0696536 -17.8527 -0.906121 0.00643531 0.42297 234.457 
0.402166 0.0729385 0.912657 -100.872 -0.0222432 0.997306 -0.0699019 -18.001 -0.915297 0.00781169 0.402705 235.053 
0.381799 0.070766 0.921532 -99.5949 -0.0206294 0.997469 -0.0680503 -18.1414 -0.924015 0.00697088 0.382293 235.621 
0.361448 0.0707211 0.929706 -98.3076 -0.0201072 0.997479 -0.0680591 -18.2623 -0.932175 0.00590605 0.361959 236.161 
0.341865 0.0753203 0.936726 -97.0026 -0.0207799 0.997145 -0.0725946 -18.3932 -0.939519 0.00535245 0.342454 236.681 
0.322158 0.0845938 0.942899 -95.692 -0.0221127 0.9964 -0.0818385 -18.5262 -0.946428 0.00551491 0.322869 237.194 
0.302691 0.0924076 0.948599 -94.3877 -0.0248867 0.995716 -0.0890563 -18.6689 -0.952764 0.00334905 0.303694 237.661 
0.283424 0.0961269 0.954165 -93.0969 -0.027954 0.995369 -0.0919745 -18.8274 -0.958587 -0.000604952 0.284798 238.082 
0.263638 0.0975844 0.959673 -91.8156 -0.0306219 0.995215 -0.0927861 -18.9769 -0.964135 -0.00492507 0.265365 238.485 
0.243693 0.0979262 0.964896 -90.5479 -0.0348803 0.995131 -0.0921853 -19.1239 -0.969225 -0.011191 0.245922 238.861 
0.224626 0.0983521 0.969469 -89.2691 -0.0365419 0.995044 -0.0924799 -19.2639 -0.97376 -0.0146529 0.227107 239.201 
0.205681 0.0967323 0.973827 -88.0164 -0.0370982 0.995158 -0.0910157 -19.4084 -0.977916 -0.017407 0.208274 239.505 
0.187035 0.0969157 0.977561 -86.7726 -0.0369187 0.995112 -0.0915921 -19.5444 -0.981659 -0.0189593 0.189699 239.777 
0.16835 0.0975669 0.980887 -85.5369 -0.0363369 0.995027 -0.0927369 -19.6814 -0.985057 -0.0200301 0.171058 240.034 
0.14911 0.1014 0.983608 -84.2993 -0.0403183 0.994524 -0.0964135 -19.8143 -0.987998 -0.0252812 0.152382 240.274 
0.130582 0.103366 0.986034 -83.0626 -0.0406106 0.994273 -0.0988518 -19.9538 -0.990605 -0.0271351 0.134032 240.48 
0.113375 0.100772 0.988429 -81.7987 -0.04136 0.994459 -0.0966423 -20.095 -0.992691 -0.0299246 0.116915 240.665 
0.0976305 0.0962346 0.990559 -80.5703 -0.0393075 0.99491 -0.0927831 -20.2314 -0.994446 -0.029878 0.100916 240.823 
0.0836244 0.0921843 0.992224 -79.3752 -0.0391688 0.995247 -0.0891639 -20.3603 -0.995727 -0.0314079 0.0868376 240.945 
0.0704795 0.088925 0.993542 -78.1936 -0.0373575 0.995555 -0.0864551 -20.4869 -0.996813 -0.0310229 0.0734882 241.071 
0.0595625 0.088899 0.994258 -77.0295 -0.0370958 0.995536 -0.0867909 -20.6172 -0.997535 -0.0317133 0.0625944 241.176 
0.0508721 0.0913203 0.994521 -75.8774 -0.0377712 0.995274 -0.0894573 -20.7403 -0.997991 -0.0330134 0.0540809 241.262 
0.0440928 0.0929429 0.994695 -74.7243 -0.0390337 0.995063 -0.091247 -20.8681 -0.998265 -0.0348032 0.047503 241.343 
0.0378806 0.0970067 0.994563 -73.5991 -0.0398672 0.994631 -0.0954949 -20.9989 -0.998487 -0.036033 0.0415446 241.422 
0.0320928 0.105671 0.993883 -72.4916 -0.0395334 0.993751 -0.10438 -21.13 -0.998703 -0.0359417 0.0360698 241.493 
0.026918 0.108223 0.993762 -71.3853 -0.0412363 0.993396 -0.107066 -21.2601 -0.998787 -0.038097 0.031203 241.557 
0.0231407 0.0999347 0.994725 -70.2789 -0.0404571 0.99427 -0.0989477 -21.3865 -0.998913 -0.037954 0.0270512 241.607 
0.0205202 0.0901177 0.99572 -69.1772 -0.0394671 0.995226 -0.0892596 -21.5101 -0.99901 -0.0374666 0.0239789 241.659 
0.0192772 0.0865363 0.996062 -68.0926 -0.0386737 0.995566 -0.0857447 -21.6244 -0.999066 -0.0368685 0.0225385 241.701 
0.0186906 0.0884777 0.995903 -67.0189 -0.0400023 0.995345 -0.0876774 -21.7397 -0.999025 -0.0381996 0.0221429 241.757 
0.0187126 0.0915682 0.995623 -65.9574 -0.0395397 0.995086 -0.0907757 -21.8491 -0.999043 -0.037668 0.0222412 241.805 
0.0205994 0.0940857 0.995351 -64.8985 -0.0420027 0.994765 -0.093161 -21.9633 -0.998905 -0.0398884 0.0244434 241.849 
0.022179 0.0946745 0.995261 -63.8594 -0.0440603 0.994631 -0.0936327 -22.0769 -0.998783 -0.0417749 0.0262313 241.907 
0.0252137 0.0964064 0.995023 -62.8266 -0.0452122 0.994431 -0.0952033 -22.1873 -0.998659 -0.0425867 0.029432 241.96 
0.0283793 0.0974334 0.994837 -61.8054 -0.0475091 0.994245 -0.0960201 -22.2972 -0.998468 -0.0445388 0.0328449 242.025 
0.0328618 0.0985938 0.994585 -60.7992 -0.0488074 0.994094 -0.0969324 -22.4084 -0.998268 -0.0453577 0.0374798 242.089 
0.0388347 0.0977826 0.99445 -59.7829 -0.0496539 0.99416 -0.095815 -22.5172 -0.998011 -0.0456574 0.0434632 242.157 
0.0452709 0.0964811 0.994305 -58.7712 -0.048617 0.994359 -0.0942727 -22.629 -0.997791 -0.0440723 0.0497062 242.229 
0.0525393 0.0955948 0.994033 -57.7694 -0.04623 0.994573 -0.0932033 -22.7414 -0.997548 -0.0410573 0.0566735 242.302 
0.059648 0.0965751 0.993537 -56.7851 -0.0449517 0.994559 -0.0939757 -22.8473 -0.997207 -0.0390557 0.0636647 242.386 
0.0662552 0.0963714 0.993138 -55.7932 -0.0458257 0.994569 -0.093453 -22.954 -0.99675 -0.0393194 0.0703117 242.481 
0.0729654 0.0950658 0.992793 -54.8049 -0.0465082 0.994688 -0.0918291 -23.0634 -0.99625 -0.0394727 0.0769992 242.583 
0.0793719 0.0930384 0.992494 -53.8114 -0.0470516 0.994875 -0.0894987 -23.1668 -0.995734 -0.0395947 0.0833427 242.691 
0.0858323 0.0916231 0.992088 -52.827 -0.0469581 0.995028 -0.087832 -23.2688 -0.995202 -0.0390478 0.089708 242.803 
0.0925063 0.0922867 0.991426 -51.8544 -0.0471652 0.994984 -0.088217 -23.3705 -0.994594 -0.0386002 0.096395 242.92 
0.0988845 0.0944269 0.990609 -50.8831 -0.0466318 0.994834 -0.0901747 -23.4737 -0.994006 -0.037277 0.102777 243.045 
0.104953 0.0960067 0.989832 -49.9189 -0.0469143 0.994699 -0.0915043 -23.5716 -0.99337 -0.0368337 0.108901 243.179 
0.110924 0.0980515 0.98898 -48.963 -0.0488788 0.994455 -0.093112 -23.6727 -0.992626 -0.0380118 0.115101 243.317 
0.117039 0.0988682 0.988194 -48.0005 -0.0511256 0.994313 -0.0934251 -23.7735 -0.991811 -0.0395876 0.121428 243.459 
0.123308 0.0984482 0.987473 -47.0512 -0.0520747 0.994338 -0.0926299 -23.8756 -0.991001 -0.0400004 0.127736 243.612 
0.128671 0.0962349 0.987007 -46.1005 -0.0529997 0.994525 -0.0900587 -23.9757 -0.99027 -0.0407231 0.133067 243.771 
0.13486 0.0943205 0.986365 -45.1375 -0.0528332 0.994728 -0.0878965 -24.0806 -0.989455 -0.0402591 0.139133 243.931 
0.141169 0.0937084 0.985541 -44.1806 -0.0527438 0.994808 -0.0870345 -24.1764 -0.98858 -0.0396946 0.145379 244.093 
0.14808 0.0948481 0.984417 -43.2362 -0.0524287 0.994744 -0.0879565 -24.2736 -0.987585 -0.0385871 0.152275 244.259 
0.155263 0.0949856 0.983296 -42.305 -0.0498477 0.994852 -0.0882309 -24.3702 -0.986615 -0.0353161 0.159198 244.429 
