1 -4.23778e-08 4.22719e-08 0 -4.23778e-08 1 -4.19404e-08 0 4.22719e-08 -4.19404e-08 1 0 
0.999991 -0.00256712 -0.00335615 -0.0105804 0.00255986 0.999994 -0.00214131 -0.0045221 0.00336171 0.00213261 0.999992 0.680386 
0.999969 -0.00115751 -0.00773912 -0.0243234 0.00112874 0.999992 -0.00370999 -0.00717536 0.00774344 0.00370106 0.999963 1.38223 
0.999928 -0.00154165 -0.0118587 -0.0432853 0.00148165 0.999986 -0.00505943 -0.013699 0.0118664 0.00504142 0.999917 2.10004 
0.999858 6.45016e-05 -0.0168371 -0.0688325 -0.000159857 0.999984 -0.00565713 -0.020631 0.0168365 0.00565894 0.999842 2.83115 
0.999772 -0.00106822 -0.0213143 -0.098083 0.00094525 0.999983 -0.00577479 -0.0310929 0.0213202 0.00575324 0.999756 3.57681 
0.999664 0.000861419 -0.0259021 -0.133305 -0.00104591 0.999974 -0.00710681 -0.038363 0.0258954 0.00713142 0.999639 4.34226 
0.999514 0.00335862 -0.0309749 -0.169926 -0.00360898 0.999961 -0.00802756 -0.041293 0.0309469 0.00813537 0.999488 5.1199 
0.999366 0.00390407 -0.0353941 -0.214034 -0.0041375 0.99997 -0.00652203 -0.0491392 0.0353677 0.00666426 0.999352 5.91603 
0.999201 0.00274414 -0.0398774 -0.256543 -0.00289412 0.999989 -0.00370179 -0.0561741 0.0398669 0.00381416 0.999198 6.71856 
0.999045 0.00241748 -0.0436181 -0.302453 -0.00246864 0.999996 -0.00111734 -0.0651499 0.0436153 0.00122386 0.999048 7.54162 
0.998914 0.00359492 -0.046459 -0.354063 -0.00367185 0.999992 -0.00156896 -0.07537 0.0464531 0.00173777 0.998919 8.36854 
0.9988 0.00323869 -0.0488722 -0.404509 -0.00334021 0.999992 -0.00199402 -0.0795875 0.0488654 0.00215478 0.998803 9.19471 
0.998719 0.00023991 -0.0506005 -0.45465 -0.00036422 0.999997 -0.00244586 -0.0868956 0.0505998 0.00246107 0.998716 10.0296 
0.998607 0.000261537 -0.0527558 -0.510583 -0.000346654 0.999999 -0.00160271 -0.0968448 0.0527554 0.00161868 0.998606 10.8729 
0.998519 -0.00128708 -0.0543884 -0.562936 0.00118957 0.999998 -0.00182367 -0.107944 0.0543907 0.00175618 0.998518 11.7291 
0.998415 0.000800356 -0.0562805 -0.624815 -0.00103137 0.999991 -0.00407426 -0.119653 0.0562768 0.00412576 0.998407 12.592 
0.998319 0.00105195 -0.0579417 -0.682054 -0.00144631 0.999976 -0.00676329 -0.130142 0.0579332 0.00683564 0.998297 13.4614 
0.998211 0.00494383 -0.0595808 -0.753143 -0.00545271 0.99995 -0.00837994 -0.14283 0.0595365 0.00868974 0.998188 14.3395 
0.998153 0.00577898 -0.0604728 -0.821458 -0.00628807 0.999946 -0.00823017 -0.153335 0.0604221 0.00859514 0.998136 15.2263 
0.998055 0.00482127 -0.0621463 -0.88429 -0.00524756 0.999964 -0.00669677 -0.167797 0.0621118 0.00700978 0.998044 16.129 
0.997939 0.00523491 -0.0639579 -0.951772 -0.00558682 0.99997 -0.0053234 -0.180898 0.0639282 0.00566966 0.997938 17.029 
0.997879 0.0047842 -0.0649119 -1.02248 -0.00512833 0.999974 -0.00513461 -0.197671 0.0648857 0.00545653 0.997878 17.9324 
0.997751 0.0043772 -0.0668856 -1.09229 -0.00478201 0.999971 -0.00589203 -0.213397 0.066858 0.00619854 0.997743 18.8429 
0.997684 0.00278825 -0.0679545 -1.16107 -0.00323509 0.999974 -0.00646522 -0.229179 0.0679348 0.00667 0.997667 19.7513 
0.997644 0.00263328 -0.0685547 -1.23294 -0.00297245 0.999984 -0.00484481 -0.241698 0.0685409 0.00503708 0.997636 20.6763 
0.997637 0.00408444 -0.0685888 -1.31111 -0.00419883 0.99999 -0.00152249 -0.253973 0.068582 0.0018068 0.997644 21.6054 
0.997683 0.00488263 -0.0678645 -1.38825 -0.00475658 0.999987 0.00202006 -0.261293 0.0678735 -0.00169266 0.997692 22.544 
0.997793 0.00362778 -0.0662983 -1.46267 -0.00330861 0.999982 0.00492446 -0.268021 0.0663151 -0.00469432 0.997788 23.4883 
0.997878 0.00383438 -0.0649905 -1.53517 -0.00348728 0.999979 0.00545452 -0.272628 0.0650102 -0.00521639 0.997871 24.4362 
0.997973 0.00423938 -0.0634978 -1.61298 -0.00409027 0.999988 0.00247931 -0.276797 0.0635077 -0.00221465 0.997979 25.3851 
0.99802 0.00472971 -0.0627157 -1.68444 -0.00489046 0.999985 -0.00240867 -0.283985 0.0627035 0.00271053 0.998028 26.3377 
0.998116 0.00378558 -0.0612374 -1.76168 -0.00410641 0.999978 -0.00511279 -0.296969 0.0612168 0.00535453 0.99811 27.285 
0.998159 0.00128955 -0.06064 -1.82854 -0.00154016 0.99999 -0.00408492 -0.310908 0.0606342 0.00417071 0.998151 28.2543 
0.998151 -0.00093706 -0.0607699 -1.90005 0.000988593 0.999999 0.000819299 -0.321203 0.0607692 -0.000877948 0.998151 29.2266 
0.998086 -0.0048277 -0.0616449 -1.96877 0.005096 0.999978 0.0041972 -0.331923 0.0616234 -0.0045034 0.998089 30.2028 
0.997959 -0.0121019 -0.0626933 -2.0325 0.0123498 0.999917 0.00356901 -0.340239 0.062645 -0.00433607 0.998026 31.1786 
0.997847 -0.0138941 -0.0640873 -2.10312 0.013902 0.999903 -0.000321785 -0.348504 0.0640857 -0.000569934 0.997944 32.1476 
0.99777 -0.0136062 -0.065348 -2.17932 0.013339 0.999901 -0.00452253 -0.358697 0.0654031 0.00364068 0.997852 33.125 
0.997641 -0.0121127 -0.0675661 -2.25912 0.0117812 0.999916 -0.00530125 -0.369717 0.0676247 0.00449265 0.997701 34.1086 
0.997589 -0.0123162 -0.0682903 -2.33795 0.0120516 0.999918 -0.00428285 -0.377452 0.0683375 0.00344943 0.997656 35.1024 
0.997527 -0.00913502 -0.0696919 -2.42464 0.00905456 0.999958 -0.00146906 -0.39276 0.0697025 0.000834309 0.997567 36.0944 
0.997458 -0.00867654 -0.0707241 -2.51267 0.00867829 0.999962 -0.000281368 -0.407002 0.0707239 -0.000333199 0.997496 37.0997 
0.99739 -0.00731799 -0.0718311 -2.59581 0.00749564 0.999969 0.00220495 -0.419157 0.0718129 -0.00273771 0.997414 38.0896 
0.997389 -0.00693434 -0.0718869 -2.67622 0.00732079 0.99996 0.00511477 -0.433668 0.0718486 -0.00562777 0.9974 39.0939 
0.997349 -0.00158919 -0.0727441 -2.76464 0.00214279 0.999969 0.00753387 -0.441647 0.07273 -0.00766986 0.997322 40.0918 
0.997354 -0.00174646 -0.0726704 -2.8569 0.00224248 0.999975 0.00674567 -0.446752 0.0726569 -0.00689087 0.997333 41.0912 
0.997367 -0.00124753 -0.0725027 -2.94134 0.00160656 0.999987 0.00489488 -0.453347 0.0724957 -0.00499856 0.997356 42.0854 
0.99735 0.00124849 -0.0727343 -3.02641 -0.00108685 0.999997 0.00226293 -0.456299 0.072737 -0.00217797 0.997349 43.0889 
0.997288 0.000698687 -0.0735957 -3.1158 -0.000519078 0.999997 0.00246068 -0.472561 0.0735973 -0.00241589 0.997285 44.0753 
0.997192 -0.000888536 -0.0748869 -3.20328 0.00116244 0.999993 0.00361518 -0.482556 0.0748832 -0.00369217 0.997185 45.07 
0.997142 -2.38954e-05 -0.0755511 -3.29505 0.000376928 0.999989 0.00465958 -0.493706 0.0755503 -0.00467483 0.997131 46.0547 
0.997125 0.00212546 -0.0757498 -3.38705 -0.00204391 0.999997 0.00115515 -0.508912 0.0757521 -0.000997089 0.997126 47.0235 
0.997048 0.00293646 -0.0767223 -3.47989 -0.00317647 0.99999 -0.00300536 -0.520193 0.0767128 0.0032401 0.997048 47.9899 
0.997013 0.00360616 -0.0771462 -3.57097 -0.00394194 0.999983 -0.00419962 -0.535173 0.0771299 0.00449109 0.997011 48.9594 
0.997004 0.00230556 -0.0773126 -3.65716 -0.00238001 0.999997 -0.000869857 -0.548469 0.0773105 0.00105117 0.997006 49.9369 
0.996992 0.000671903 -0.0774942 -3.74222 -0.000512378 0.999998 0.00207946 -0.559514 0.0774955 -0.00203358 0.996991 50.912 
0.996947 -0.00136896 -0.0780624 -3.82351 0.00156883 0.999996 0.00250009 -0.568245 0.0780587 -0.00261502 0.996945 51.8748 
0.996896 -0.00469607 -0.078588 -3.90255 0.004821 0.999987 0.00140107 -0.583493 0.0785805 -0.00177568 0.996906 52.8377 
0.996858 -0.00712477 -0.078883 -3.98608 0.00715391 0.999974 8.78219e-05 -0.596294 0.0788804 -0.000651955 0.996884 53.7927 
0.996769 -0.00885721 -0.0798357 -4.07492 0.00899035 0.999959 0.00130939 -0.607175 0.0798208 -0.002023 0.996807 54.7432 
0.996648 -0.0118504 -0.0809514 -4.16025 0.0123233 0.99991 0.00534595 -0.617192 0.0808808 -0.0063257 0.996704 55.6944 
0.996583 -0.0126491 -0.0816179 -4.24884 0.0135164 0.999858 0.0100831 -0.622939 0.0814789 -0.0111519 0.996613 56.6455 
0.996545 -0.0109352 -0.0823262 -4.3383 0.011995 0.999851 0.0123898 -0.629907 0.0821786 -0.0133346 0.996528 57.5982 
0.996445 -0.00983834 -0.0836625 -4.42838 0.0105691 0.99991 0.00829776 -0.639043 0.0835734 -0.00915259 0.99646 58.5307 
0.996342 -0.00835419 -0.0850476 -4.52118 0.00843195 0.999964 0.000556095 -0.647123 0.08504 -0.00127127 0.996377 59.4532 
0.996301 -0.00639081 -0.0856902 -4.61678 0.00603731 0.999972 -0.00438299 -0.659516 0.0857159 0.00384935 0.996312 60.3614 
0.996215 -0.00154665 -0.0869056 -4.71161 0.00123963 0.999993 -0.00358565 -0.674962 0.0869106 0.00346426 0.99621 61.2654 
0.996096 0.00137369 -0.0882666 -4.80749 -0.00148944 0.999998 -0.00124464 -0.692841 0.0882648 0.00137116 0.996096 62.162 
0.996 0.00426227 -0.0892553 -4.90157 -0.00425781 0.999991 0.000241328 -0.709872 0.0892556 0.000139582 0.996009 63.0485 
0.995889 0.0050761 -0.0904383 -4.99367 -0.00508786 0.999987 0.000101422 -0.724119 0.0904377 0.000359045 0.995902 63.9173 
0.995769 0.00650119 -0.0916648 -5.09848 -0.00645459 0.999979 0.000805763 -0.737368 0.0916682 -0.000210783 0.99579 64.7627 
0.995647 0.00718049 -0.092931 -5.19123 -0.00706558 0.999974 0.00156628 -0.753143 0.0929399 -0.00090294 0.995671 65.597 
0.995514 0.00692873 -0.094356 -5.27989 -0.00675079 0.999975 0.00220569 -0.770597 0.094369 -0.0015589 0.995536 66.4172 
0.99538 0.00659175 -0.0957853 -5.36712 -0.00630764 0.999975 0.00326947 -0.779712 0.0958046 -0.00265027 0.995397 67.2249 
0.995224 0.00956039 -0.0971494 -5.46212 -0.00904805 0.999943 0.00571374 -0.788427 0.0971986 -0.00480753 0.995253 68.0237 
0.995075 0.0109771 -0.0985181 -5.55295 -0.0100523 0.999901 0.00988017 -0.797952 0.0986169 -0.00884126 0.995086 68.817 
0.994861 0.0141875 -0.100252 -5.64384 -0.0131019 0.999848 0.0114798 -0.805767 0.1004 -0.0101074 0.994896 69.5952 
0.994685 0.0170795 -0.101538 -5.73948 -0.0164067 0.999837 0.0074591 -0.815364 0.101649 -0.00575363 0.994804 70.3485 
0.994562 0.017226 -0.102714 -5.83161 -0.0173004 0.99985 0.00016805 -0.828237 0.102701 0.00160976 0.994711 71.0722 
0.994401 0.0161372 -0.104437 -5.91134 -0.0168211 0.999842 -0.00567051 -0.837163 0.104329 0.00739542 0.994515 71.7772 
0.99434 0.0170447 -0.104864 -5.99699 -0.0178863 0.999815 -0.00708958 -0.843278 0.104724 0.008925 0.994461 72.4707 
0.994196 0.0199322 -0.105718 -6.08689 -0.0204129 0.999786 -0.00346574 -0.859248 0.105627 0.00560355 0.99439 73.1493 
0.994041 0.0199226 -0.107171 -6.16665 -0.0201546 0.999796 -0.00108127 -0.878284 0.107128 0.00323472 0.99424 73.8084 
0.993992 0.0168301 -0.108146 -6.24554 -0.0174372 0.999837 -0.0046694 -0.888418 0.10805 0.00652703 0.994124 74.4516 
0.994091 0.00874528 -0.108197 -6.31193 -0.0098511 0.999904 -0.00968938 -0.903723 0.108102 0.0106979 0.994082 75.0723 
0.994219 0.00462638 -0.107271 -6.37835 -0.00622434 0.999874 -0.0145656 -0.917112 0.107191 0.0151491 0.994123 75.6737 
0.994525 0.0070848 -0.104258 -6.44837 -0.0086889 0.999851 -0.0149389 -0.930388 0.104137 0.0157629 0.994438 76.2631 
0.994882 0.0121659 -0.100309 -6.51741 -0.0134357 0.999838 -0.0119923 -0.945953 0.100146 0.0132786 0.994884 76.834 
0.99535 0.0103584 -0.0957686 -6.573 -0.0112732 0.999896 -0.00901519 -0.958539 0.0956653 0.0100528 0.995363 77.3921 
0.995924 0.00677068 -0.0899374 -6.62015 -0.00722831 0.999962 -0.00476269 -0.97387 0.0899019 0.00539328 0.995936 77.937 
0.996631 0.00247855 -0.0819814 -6.65742 -0.00258849 0.999996 -0.00123377 -0.990253 0.0819781 0.00144174 0.996633 78.469 
0.997436 0.00619988 -0.0712885 -6.69781 -0.00632745 0.999979 -0.00156269 -0.999455 0.0712774 0.00200968 0.997454 78.9826 
0.998362 0.0115028 -0.0560351 -6.73775 -0.0116428 0.99993 -0.0021714 -1.00729 0.0560063 0.00282017 0.998426 79.4864 
0.999141 0.0164139 -0.0380584 -6.7589 -0.0164977 0.999862 -0.00188615 -1.01394 0.0380223 0.00251232 0.999274 79.9809 
0.999761 0.015004 -0.0159146 -6.75778 -0.0150299 0.999886 -0.00150503 -1.0189 0.0158903 0.00174378 0.999872 80.4621 
0.99988 0.0115732 0.010317 -6.73583 -0.0115685 0.999933 -0.000531838 -1.02864 -0.0103224 0.00041234 0.999947 80.9267 
0.99915 0.0105485 0.039844 -6.70116 -0.0105982 0.999943 0.00103511 -1.03947 -0.0398308 -0.00145658 0.999205 81.3793 
0.997289 0.0101135 0.0728844 -6.65151 -0.0103173 0.999944 0.00241876 -1.04765 -0.0728558 -0.00316425 0.997337 81.8232 
0.993822 0.010059 0.11053 -6.58437 -0.0104502 0.999941 0.00295976 -1.057 -0.110494 -0.00409661 0.993868 82.259 
0.988274 0.0104447 0.152335 -6.49834 -0.0109669 0.999936 0.00258736 -1.05988 -0.152298 -0.00422774 0.988325 82.6832 
0.980254 0.010259 0.197475 -6.38823 -0.0109804 0.999936 0.00255791 -1.06823 -0.197436 -0.00467583 0.980305 83.0971 
0.969015 0.0124777 0.246686 -6.26239 -0.0129695 0.999916 0.000368314 -1.07949 -0.246661 -0.00355637 0.969095 83.4959 
0.953969 0.0133021 0.299611 -6.10829 -0.0131346 0.99991 -0.00257356 -1.0904 -0.299618 -0.00148023 0.954058 83.8759 
0.934566 0.0136537 0.355527 -5.93571 -0.0128219 0.999907 -0.00469614 -1.10087 -0.355558 -0.000169759 0.934654 84.2391 
0.910756 0.0141687 0.412702 -5.74308 -0.0126328 0.999899 -0.00645014 -1.11016 -0.412752 0.000660874 0.910843 84.5762 
0.882166 0.0143489 0.47072 -5.53268 -0.0117078 0.999895 -0.00853866 -1.11571 -0.470793 0.00202137 0.882241 84.8957 
0.849091 0.0124847 0.528098 -5.29935 -0.00825263 0.999912 -0.0103701 -1.12837 -0.528181 0.0044469 0.84912 85.1927 
0.812316 0.01221 0.58309 -5.05605 -0.00704684 0.999913 -0.0111213 -1.14273 -0.583175 0.00492505 0.812332 85.4718 
0.772324 0.010866 0.635136 -4.79093 -0.00578213 0.999932 -0.0100762 -1.15244 -0.635203 0.00410957 0.772334 85.7418 
0.729202 0.010384 0.68422 -4.51436 -0.00711358 0.999946 -0.00759456 -1.16581 -0.684261 0.00067067 0.729236 85.9959 
0.683544 0.0093567 0.729849 -4.22182 -0.00629253 0.999956 -0.00692632 -1.17485 -0.729882 0.000141813 0.683573 86.2269 
0.636538 0.00796804 0.771204 -3.91723 -0.0028734 0.999964 -0.00796005 -1.1847 -0.77124 0.00285086 0.636538 86.4333 
0.589179 0.00524757 0.807986 -3.59969 0.00299985 0.999958 -0.00868196 -1.19373 -0.807997 0.00753904 0.589138 86.6152 
0.541793 0.00742735 0.840479 -3.28123 0.00108274 0.999954 -0.00953472 -1.2049 -0.840511 0.00607583 0.54176 86.7896 
0.493932 0.0103171 0.869439 -2.95461 -0.00289512 0.999943 -0.0102211 -1.21747 -0.869496 0.00253138 0.493934 86.9517 
0.447952 0.01252 0.89397 -2.6211 -0.00319263 0.999918 -0.0124042 -1.2252 -0.894052 0.00270233 0.447955 87.0906 
0.405287 0.00985716 0.914136 -2.27611 0.00408151 0.999912 -0.0125918 -1.23232 -0.91418 0.00883432 0.405212 87.2028 
0.365655 0.00215806 0.930748 -1.91779 0.0194036 0.999762 -0.00994111 -1.23597 -0.930548 0.0216949 0.365527 87.2904 
0.330155 -0.00130607 0.943926 -1.56059 0.0236132 0.999697 -0.00687598 -1.24017 -0.943631 0.0245592 0.330086 87.3807 
0.296791 0.00258914 0.954939 -1.20238 0.0209317 0.999738 -0.00921617 -1.25 -0.954713 0.0227238 0.296659 87.4778 
0.265628 0.0104921 0.964019 -0.838803 0.0102885 0.999853 -0.0137171 -1.26438 -0.964021 0.013562 0.265481 87.5796 
0.236913 0.0149845 0.971415 -0.464558 0.00537949 0.999845 -0.0167352 -1.2816 -0.971516 0.00919048 0.236796 87.6671 
0.211193 0.0166492 0.977303 -0.0771978 0.00727044 0.9998 -0.0186037 -1.29467 -0.977417 0.0110344 0.211029 87.7333 
0.187945 0.0179795 0.982015 0.323633 0.0156701 0.99965 -0.0213016 -1.30302 -0.982054 0.0193918 0.187598 87.7838 
0.168101 0.0241911 0.985473 0.729114 0.0220572 0.999356 -0.0282945 -1.30657 -0.985523 0.0264931 0.167459 87.8271 
0.148163 0.0311802 0.988471 1.15105 0.0240678 0.999093 -0.0351229 -1.30613 -0.98867 0.0289942 0.147278 87.882 
0.130548 0.0318707 0.990929 1.58947 0.0218147 0.999149 -0.0350091 -1.32069 -0.991202 0.0261872 0.129742 87.939 
0.114981 0.027546 0.992986 2.04443 0.0198338 0.999352 -0.0300193 -1.34417 -0.99317 0.0231463 0.11436 87.9946 
0.1004 0.0242907 0.994651 2.5126 0.0205891 0.999437 -0.0264859 -1.36325 -0.994734 0.0231381 0.099843 88.0397 
0.0871213 0.0219665 0.995955 2.9887 0.0230637 0.999444 -0.024061 -1.37857 -0.995931 0.0250666 0.0865663 88.0776 
0.0755821 0.0211057 0.996916 3.48437 0.0267566 0.999373 -0.0231864 -1.39371 -0.99678 0.0284266 0.07497 88.1065 
0.0654386 0.0217654 0.997619 3.9981 0.0300936 0.999264 -0.0237753 -1.40673 -0.997403 0.0315778 0.0647354 88.1357 
0.0575287 0.022388 0.998093 4.52893 0.0321685 0.999188 -0.0242668 -1.42215 -0.997825 0.0335032 0.0567618 88.1651 
0.0518746 0.022597 0.998398 5.07385 0.0339858 0.999125 -0.0243794 -1.4413 -0.998075 0.035196 0.0510612 88.1949 
0.0464204 0.0236982 0.998641 5.63886 0.0355671 0.999045 -0.0253612 -1.45966 -0.998289 0.036696 0.0455332 88.221 
0.0403712 0.0242538 0.99889 6.2206 0.0359871 0.999021 -0.0257115 -1.4785 -0.998536 0.0369852 0.0394589 88.2484 
0.0362861 0.0243601 0.999044 6.8242 0.0391694 0.9989 -0.0257793 -1.49631 -0.998573 0.0400674 0.035292 88.2677 
0.0332501 0.0245036 0.999147 7.44203 0.0402097 0.998857 -0.0258347 -1.51505 -0.998638 0.0410344 0.0322269 88.2923 
0.0303434 0.0239082 0.999253 8.08114 0.0412331 0.998833 -0.0251503 -1.53549 -0.998689 0.0419654 0.0293222 88.3142 
0.0278613 0.02353 0.999335 8.74668 0.043431 0.99875 -0.0247272 -1.55227 -0.998668 0.044091 0.0268045 88.3422 
0.0272934 0.0231902 0.999358 9.42233 0.0478615 0.998554 -0.0244787 -1.5728 -0.998481 0.0484989 0.026144 88.3589 
0.0283275 0.0228243 0.999338 10.1122 0.0517746 0.998364 -0.0242698 -1.59565 -0.998257 0.0524278 0.0270995 88.3829 
0.0306944 0.022807 0.999268 10.8217 0.0532715 0.998281 -0.0244208 -1.6173 -0.998108 0.0539821 0.0294267 88.4118 
0.0344159 0.0228045 0.999147 11.545 0.0557458 0.998139 -0.0247017 -1.63787 -0.997852 0.0565484 0.0330806 88.4489 
0.0389301 0.0222703 0.998994 12.2873 0.0560761 0.998127 -0.0244363 -1.66049 -0.997667 0.056971 0.0376084 88.4835 
0.0429707 0.0206683 0.998862 13.043 0.0575798 0.998073 -0.0231291 -1.68338 -0.997416 0.0585082 0.0416978 88.5215 
0.0466687 0.019161 0.998727 13.8127 0.0576042 0.9981 -0.0218408 -1.70536 -0.997248 0.0585501 0.0454763 88.5781 
0.051127 0.0169985 0.998547 14.6073 0.054751 0.998304 -0.0197978 -1.7326 -0.99719 0.0556836 0.0501096 88.6288 
0.0548816 0.0159969 0.998365 15.4016 0.0538563 0.998369 -0.0189576 -1.75511 -0.997039 0.0548087 0.0539306 88.6923 
0.0585841 0.017023 0.998137 16.2055 0.0510791 0.998494 -0.0200272 -1.78061 -0.996975 0.0521572 0.0576263 88.7643 
0.0617706 0.0211421 0.997866 17.012 0.0494366 0.998484 -0.0242155 -1.80568 -0.996865 0.0508269 0.0606318 88.8255 
0.0627583 0.0267186 0.997671 17.818 0.0437303 0.998608 -0.0294947 -1.82999 -0.99707 0.0454794 0.0615026 88.906 
0.0629061 0.0299684 0.997569 18.6323 0.0411323 0.998622 -0.0325938 -1.85889 -0.997171 0.0430827 0.0615867 88.9656 
0.0630629 0.0293242 0.997579 19.4553 0.0387557 0.998742 -0.0318085 -1.89795 -0.997257 0.0406678 0.0618471 89.033 
0.0634495 0.0274999 0.997606 20.2818 0.0360885 0.998903 -0.029831 -1.93745 -0.997332 0.0378948 0.0623875 89.0939 
0.0631764 0.0261431 0.99766 21.1074 0.0368679 0.998913 -0.0285107 -1.97184 -0.997321 0.0385828 0.0621439 89.1601 
0.063471 0.0256657 0.997654 21.9273 0.034435 0.999018 -0.0278916 -2.00634 -0.997389 0.0361245 0.0625248 89.2318 
0.0638646 0.0257943 0.997625 22.7432 0.0326603 0.999076 -0.0279227 -2.04589 -0.997424 0.034366 0.0629632 89.2937 
0.0637432 0.0265879 0.997612 23.5617 0.0296694 0.999153 -0.0285248 -2.07819 -0.997525 0.0314168 0.0629003 89.3656 
0.0623696 0.0280023 0.99766 24.3759 0.0266807 0.999202 -0.0297136 -2.11385 -0.997696 0.0284715 0.0615727 89.4357 
0.0597744 0.0275447 0.997832 25.191 0.0237445 0.999297 -0.0290076 -2.1486 -0.997929 0.0254269 0.0590783 89.4965 
0.0559655 0.026317 0.998086 26.0062 0.0216898 0.999385 -0.0275675 -2.18182 -0.998197 0.0231911 0.0553603 89.5548 
0.0514577 0.0241042 0.998384 26.8221 0.0201069 0.999481 -0.0251671 -2.21308 -0.998473 0.0213694 0.0509463 89.605 
0.0450571 0.0219448 0.998743 27.6317 0.0180801 0.999577 -0.0227789 -2.24882 -0.998821 0.0190837 0.0446412 89.6555 
0.0376541 0.0222451 0.999043 28.4416 0.0177656 0.999579 -0.0229267 -2.28011 -0.999133 0.0186119 0.0372431 89.6963 
0.0290432 0.0232792 0.999307 29.2452 0.0174685 0.999564 -0.023793 -2.30967 -0.999425 0.0181474 0.0286239 89.7281 
0.0192139 0.0238072 0.999532 30.0512 0.0180044 0.999546 -0.0241538 -2.33807 -0.999653 0.01846 0.0187765 89.7489 
0.00904724 0.0227994 0.999699 30.8506 0.0193649 0.999548 -0.0229713 -2.36821 -0.999771 0.0195669 0.00860165 89.7598 
-0.00164171 0.0217595 0.999762 31.648 0.0182719 0.999597 -0.021726 -2.39972 -0.999832 0.0182319 -0.00203864 89.7667 
-0.0127252 0.0211162 0.999696 32.4369 0.019553 0.999591 -0.0208652 -2.42787 -0.999728 0.0192815 -0.0131329 89.7605 
-0.0236628 0.0214729 0.999489 33.2212 0.0201166 0.999577 -0.0209986 -2.45668 -0.999517 0.0196094 -0.0240847 89.748 
-0.0346791 0.0221506 0.999153 34.0008 0.0201536 0.999566 -0.0214603 -2.486 -0.999195 0.0193923 -0.0351104 89.7255 
-0.045256 0.0233229 0.998703 34.7751 0.0199278 0.999549 -0.0224398 -2.51424 -0.998777 0.0188865 -0.0457003 89.6964 
-0.055517 0.0244689 0.998158 35.5445 0.021097 0.999505 -0.0233286 -2.54111 -0.998235 0.019763 -0.0560057 89.6581 
-0.0650017 0.0249712 0.997573 36.3046 0.0218334 0.999483 -0.0235965 -2.57229 -0.997646 0.0202466 -0.0655133 89.6143 
-0.0748251 0.0253761 0.996874 37.058 0.0224072 0.999466 -0.0237603 -2.60285 -0.996945 0.0205592 -0.0753537 89.5647 
-0.0839487 0.0258348 0.996135 37.8051 0.0231056 0.999445 -0.0239736 -2.63074 -0.996202 0.0210038 -0.0844991 89.5037 
-0.0926015 0.0255272 0.995376 38.5407 0.024145 0.999435 -0.0233851 -2.65515 -0.99541 0.0218678 -0.0931655 89.4436 
-0.100016 0.0242473 0.99469 39.2719 0.0257976 0.99943 -0.021769 -2.6865 -0.994651 0.0234834 -0.100584 89.3765 
-0.105091 0.0226255 0.994205 39.9903 0.0288397 0.99939 -0.0196952 -2.71199 -0.994044 0.0266028 -0.105679 89.2995 
-0.108921 0.0208181 0.993832 40.7046 0.0319358 0.999338 -0.0174335 -2.74085 -0.993537 0.02984 -0.109514 89.2234 
-0.111513 0.0199659 0.993562 41.406 0.0333943 0.999309 -0.0163335 -2.76077 -0.993202 0.0313579 -0.112102 89.1503 
-0.113288 0.0190202 0.99338 42.093 0.0338853 0.999309 -0.0152694 -2.78499 -0.992984 0.0319312 -0.113855 89.0767 
-0.113931 0.0191926 0.993303 42.7675 0.0346965 0.99928 -0.0153285 -2.81396 -0.992883 0.0327177 -0.114515 89.0049 
-0.113113 0.0203289 0.993374 43.4262 0.0355067 0.999235 -0.0164059 -2.83195 -0.992947 0.0334157 -0.113748 88.9391 
-0.10989 0.0218958 0.993703 44.0659 0.0367853 0.999162 -0.0179482 -2.85449 -0.993263 0.0345813 -0.110603 88.87 
-0.104768 0.0225295 0.994241 44.693 0.037115 0.999135 -0.0187295 -2.876 -0.993804 0.034939 -0.105514 88.8172 
-0.0967263 0.0233588 0.995037 45.3021 0.0366296 0.999131 -0.0198943 -2.89715 -0.994637 0.0345236 -0.0974979 88.7698 
-0.0853834 0.0233321 0.996075 45.8933 0.0355919 0.999159 -0.0203535 -2.91875 -0.995712 0.0337143 -0.086142 88.7319 
-0.0716434 0.0236333 0.99715 46.457 0.0348251 0.999169 -0.0211791 -2.9409 -0.996822 0.0332086 -0.0724069 88.706 
-0.0544377 0.024963 0.998205 47.0025 0.0339016 0.999157 -0.023138 -2.96457 -0.997941 0.0325811 -0.0552381 88.6959 
-0.0329364 0.0274081 0.999081 47.5402 0.0321647 0.999135 -0.0263492 -2.99027 -0.99894 0.0312673 -0.0337895 88.6985 
-0.00820488 0.030607 0.999498 48.0673 0.0300221 0.999088 -0.0303481 -3.0111 -0.999515 0.0297581 -0.00911629 88.7159 
0.0203732 0.0321175 0.999276 48.5955 0.0280037 0.999073 -0.032682 -3.03782 -0.9994 0.0286493 0.0194549 88.7492 
0.0539868 0.031609 0.998041 49.1178 0.0263167 0.999107 -0.0330664 -3.06071 -0.998195 0.0280503 0.0531067 88.7972 
0.0927486 0.0291706 0.995262 49.6453 0.0252641 0.99918 -0.0316399 -3.08405 -0.995369 0.028079 0.0919355 88.8655 
0.135442 0.0255917 0.990455 50.1522 0.023115 0.999313 -0.0289816 -3.10345 -0.990515 0.0268197 0.134758 88.9559 
0.181339 0.0211163 0.983194 50.6597 0.020544 0.99947 -0.0252551 -3.12872 -0.983206 0.0247785 0.180809 89.075 
0.230837 0.0180644 0.972825 51.1533 0.0158643 0.999625 -0.0223265 -3.1488 -0.972863 0.020587 0.230463 89.2117 
0.28327 0.0163087 0.958901 51.6352 0.0120208 0.999716 -0.020554 -3.17133 -0.958965 0.0173491 0.282994 89.3791 
0.339343 0.0159015 0.940528 52.1016 0.0109906 0.999722 -0.0208678 -3.18957 -0.940598 0.0174182 0.339074 89.5674 
0.398214 0.0159561 0.917153 52.5548 0.0128545 0.999653 -0.0229727 -3.211 -0.917202 0.0209376 0.397871 89.7892 
0.458584 0.0195942 0.888435 52.9842 0.0133468 0.999492 -0.0289328 -3.22369 -0.888551 0.0251259 0.458089 90.0421 
0.517962 0.0225792 0.855106 53.3804 0.0142582 0.999285 -0.035023 -3.24334 -0.855285 0.0303328 0.517269 90.3272 
0.575761 0.0267669 0.81718 53.7437 0.00952936 0.999176 -0.0394425 -3.26354 -0.817562 0.0304966 0.575032 90.639 
0.631072 0.0300311 0.775143 54.0846 0.00496507 0.999073 -0.0427492 -3.27777 -0.775708 0.0308264 0.630338 90.9808 
0.68333 0.0309398 0.729454 54.3965 0.00277734 0.998984 -0.0449738 -3.29666 -0.730104 0.0327578 0.68255 91.3355 
0.731532 0.0294659 0.68117 54.6809 0.00149653 0.998994 -0.0448216 -3.31542 -0.681805 0.0338078 0.730752 91.7095 
0.776196 0.0261513 0.629949 54.9381 -0.00147363 0.999212 -0.0396651 -3.34007 -0.630489 0.0298596 0.775623 92.0993 
0.817027 0.0211601 0.576211 55.1782 -0.00259729 0.999451 -0.03302 -3.35685 -0.576594 0.0254816 0.816634 92.5186 
0.852894 0.0186438 0.521751 55.3848 -0.00551828 0.999628 -0.0266994 -3.37643 -0.522055 0.0198926 0.85268 92.9472 
0.883525 0.0155391 0.468126 55.5631 -0.00702057 0.999777 -0.0199367 -3.39117 -0.468331 0.014328 0.883437 93.3861 
0.908614 0.0161295 0.417326 55.7178 -0.0110511 0.999833 -0.0145826 -3.40898 -0.417491 0.00863799 0.90864 93.8389 
0.928328 0.0182319 0.371314 55.8502 -0.0151337 0.999822 -0.0112565 -3.42487 -0.371453 0.00483031 0.928439 94.2929 
0.943237 0.0241568 0.33124 55.9643 -0.0225695 0.999708 -0.00863863 -3.43755 -0.331351 0.000672298 0.943507 94.7597 
0.954596 0.0288185 0.296505 56.0563 -0.0271816 0.999584 -0.00964295 -3.44702 -0.296659 0.00114559 0.954983 95.234 
0.963568 0.0310942 0.265649 56.1574 -0.0296252 0.999516 -0.00953671 -3.45515 -0.265817 0.00131932 0.964023 95.7098 
0.96952 0.0252757 0.243705 56.2622 -0.0237449 0.999675 -0.00921804 -3.46393 -0.243859 0.00315025 0.969805 96.1915 
0.973386 0.0224782 0.228066 56.3607 -0.0210422 0.99974 -0.00872656 -3.47509 -0.228203 0.00369522 0.973607 96.6792 
0.97618 0.0263746 0.215354 56.4472 -0.0250392 0.999647 -0.00892773 -3.485 -0.215513 0.00332271 0.976495 97.1787 
0.978001 0.0319211 0.206142 56.5208 -0.030816 0.999488 -0.00857063 -3.49095 -0.20631 0.00202956 0.978485 97.6948 
0.978976 0.0397671 0.200059 56.6031 -0.038544 0.999207 -0.0100074 -3.49694 -0.200299 0.00208583 0.979733 98.2108 
0.979377 0.045329 0.196892 56.6932 -0.0434937 0.998961 -0.0136378 -3.50809 -0.197305 0.00479292 0.98033 98.7332 
0.979446 0.0466181 0.196243 56.7855 -0.0442857 0.998886 -0.0162597 -3.5222 -0.196782 0.0072347 0.98042 99.269 
0.979023 0.0449648 0.198727 56.8924 -0.0418536 0.998927 -0.0198313 -3.53709 -0.199405 0.0110978 0.979854 99.8111 
0.978348 0.0433996 0.202366 57.0083 -0.0388375 0.998895 -0.0264623 -3.54569 -0.203291 0.0180299 0.978952 100.358 
0.97744 0.0438566 0.206609 57.1199 -0.0382422 0.998785 -0.0310919 -3.56242 -0.207722 0.0224892 0.977929 100.924 
0.976356 0.048154 0.210736 57.2362 -0.0425886 0.998616 -0.0308721 -3.57718 -0.211931 0.0211672 0.977055 101.504 
0.974934 0.0513936 0.216476 57.3531 -0.0466298 0.998546 -0.0270603 -3.59566 -0.217552 0.0162877 0.975913 102.101 
0.974025 0.0483195 0.221226 57.4847 -0.0444141 0.998758 -0.0225974 -3.61518 -0.222043 0.0121848 0.974961 102.708 
0.973398 0.0440639 0.224841 57.6304 -0.0412804 0.999002 -0.0170685 -3.63422 -0.225369 0.00733286 0.974246 103.327 
0.972594 0.0413674 0.228801 57.7693 -0.0395326 0.999139 -0.012599 -3.64942 -0.229125 0.0032086 0.973392 103.96 
0.972087 0.0364982 0.231763 57.9173 -0.0346238 0.999326 -0.0121519 -3.65931 -0.23205 0.00378813 0.972696 104.598 
0.972154 0.0327788 0.232041 58.0666 -0.0300843 0.999433 -0.0151429 -3.67626 -0.232405 0.00774035 0.972588 105.249 
0.972299 0.0315924 0.231595 58.2146 -0.0271623 0.999382 -0.0222937 -3.69092 -0.232156 0.0153855 0.972557 105.902 
0.972451 0.0334031 0.230701 58.3582 -0.0274766 0.999206 -0.0288556 -3.71039 -0.231482 0.0217217 0.972597 106.564 
0.973003 0.0358853 0.227985 58.5017 -0.0292331 0.999044 -0.0324897 -3.7308 -0.228933 0.0249478 0.973122 107.243 
0.973713 0.0335267 0.225298 58.6577 -0.0278011 0.999206 -0.0285396 -3.7492 -0.226076 0.0215258 0.973872 107.934 
0.974137 0.0291528 0.224069 58.8114 -0.0250695 0.999464 -0.0210479 -3.77456 -0.224563 0.0148862 0.974346 108.65 
0.974731 0.0292176 0.221463 58.9649 -0.026526 0.999534 -0.0151194 -3.80207 -0.221801 0.00886274 0.975051 109.372 
0.975029 0.0327085 0.219654 59.1117 -0.0299528 0.999425 -0.0158657 -3.82314 -0.220047 0.0088902 0.975449 110.102 
0.975351 0.038312 0.217308 59.2547 -0.0346542 0.999187 -0.0206197 -3.8415 -0.217922 0.0125808 0.975885 110.842 
0.97612 0.0392801 0.213649 59.401 -0.0345067 0.999065 -0.0260275 -3.85925 -0.214472 0.0180336 0.976564 111.594 
0.977074 0.0380151 0.209476 59.5561 -0.0326446 0.999045 -0.0290376 -3.87884 -0.21038 0.0215336 0.977382 112.356 
0.97803 0.0353915 0.205439 59.7133 -0.0303507 0.999157 -0.0276378 -3.90427 -0.206244 0.0207953 0.97828 113.129 
0.978887 0.0314942 0.20196 59.8649 -0.0269017 0.999314 -0.0254455 -3.93509 -0.202623 0.0194751 0.979063 113.908 
0.979346 0.0301828 0.199925 60.0209 -0.0261348 0.999397 -0.0228569 -3.95984 -0.200494 0.0171598 0.979544 114.709 
0.97972 0.0268042 0.198569 60.1792 -0.0231828 0.99952 -0.0205411 -3.98427 -0.199024 0.0155211 0.979872 115.511 
0.979768 0.0216419 0.198961 60.3167 -0.0181444 0.999647 -0.0193856 -4.00642 -0.19931 0.0153833 0.979816 116.327 
0.979939 0.0228379 0.197986 60.473 -0.0196408 0.999643 -0.0180976 -4.02815 -0.198329 0.0138459 0.980038 117.141 
0.979751 0.0280772 0.198241 60.6162 -0.0246002 0.999498 -0.0199813 -4.05509 -0.198703 0.0146999 0.979949 117.962 
0.979428 0.0336109 0.198977 60.7596 -0.0295553 0.999291 -0.0233189 -4.0802 -0.199619 0.0169583 0.979727 118.794 
0.978933 0.0425074 0.199709 60.9097 -0.038205 0.998948 -0.0253503 -4.09697 -0.200577 0.0171863 0.979527 119.635 
0.978067 0.0483782 0.202595 61.0567 -0.044277 0.998713 -0.0247296 -4.12482 -0.203531 0.0152168 0.97895 120.467 
0.977347 0.051001 0.205406 61.2162 -0.0473156 0.998619 -0.0228174 -4.15744 -0.206286 0.0125815 0.978411 121.316 
0.976794 0.0511634 0.207978 61.3806 -0.0472928 0.998603 -0.0235442 -4.1873 -0.208892 0.013162 0.97785 122.161 
0.976449 0.0498244 0.209917 61.5467 -0.0453061 0.998627 -0.0262819 -4.21572 -0.210938 0.0161523 0.977366 123.005 
0.976468 0.043852 0.211155 61.7294 -0.03945 0.998908 -0.0250173 -4.24566 -0.212021 0.0160984 0.977132 123.851 
0.976726 0.0371691 0.211244 61.9084 -0.0323649 0.999134 -0.0261562 -4.28237 -0.212033 0.0187105 0.977083 124.682 
0.976511 0.0362374 0.212396 62.0855 -0.0313677 0.999163 -0.0262539 -4.31742 -0.213169 0.0189748 0.976831 125.531 
0.975997 0.039107 0.214242 62.2572 -0.0348912 0.999116 -0.0234262 -4.34984 -0.214969 0.0153887 0.9765 126.379 
0.975632 0.0413034 0.21549 62.4252 -0.0383909 0.999106 -0.0176864 -4.37745 -0.216028 0.00898248 0.976346 127.222 
0.975317 0.0446694 0.216243 62.5901 -0.0427498 0.998994 -0.0135493 -4.40658 -0.216631 0.00397039 0.976245 128.057 
0.975135 0.0437528 0.217248 62.7624 -0.0403667 0.998985 -0.0200025 -4.43859 -0.217902 0.0107356 0.975911 128.891 
0.975355 0.0398497 0.217012 62.938 -0.03321 0.998864 -0.0341596 -4.47208 -0.218127 0.0261107 0.975571 129.707 
0.9756 0.0373982 0.216346 63.1162 -0.0286887 0.998652 -0.0432601 -4.5045 -0.217672 0.0359978 0.975358 130.521 
0.975905 0.0345039 0.215449 63.289 -0.0277574 0.999027 -0.0342628 -4.53749 -0.216421 0.0274568 0.975914 131.347 
0.976363 0.0280353 0.214311 63.4685 -0.0257328 0.999577 -0.0135272 -4.57053 -0.2146 0.00769252 0.976672 132.199 
0.976704 0.0243848 0.213202 63.6431 -0.0252977 0.999679 0.0015538 -4.60297 -0.213096 -0.00691121 0.977007 133.044 
0.97676 0.0285189 0.21243 63.8051 -0.0282524 0.999592 -0.00429118 -4.62195 -0.212466 -0.00181028 0.977167 133.86 
0.976995 0.0365713 0.210101 63.9581 -0.0330345 0.999248 -0.0203204 -4.6409 -0.210686 0.0129123 0.977468 134.661 
0.977289 0.0365685 0.208733 64.1193 -0.0313514 0.999109 -0.0282497 -4.65985 -0.20958 0.0210639 0.977565 135.472 
0.977915 0.0324812 0.206462 64.2878 -0.0270451 0.999211 -0.0290993 -4.69235 -0.207245 0.0228728 0.978022 136.278 
0.978558 0.031937 0.20348 64.4471 -0.0269081 0.999261 -0.0274348 -4.73055 -0.204206 0.0213713 0.978695 137.102 
0.979296 0.0313486 0.199989 64.5961 -0.0260895 0.999242 -0.0288794 -4.75946 -0.200743 0.0230638 0.979372 137.916 
0.980257 0.0325573 0.19503 64.7425 -0.0271571 0.999172 -0.0303004 -4.79527 -0.195855 0.0244057 0.980329 138.728 
0.980668 0.0374502 0.192059 64.8784 -0.0321886 0.999018 -0.0304443 -4.83344 -0.193011 0.0236736 0.980911 139.54 
0.980853 0.0433705 0.18986 65.0103 -0.0381721 0.998792 -0.0309541 -4.86459 -0.190973 0.023114 0.981323 140.349 
0.981143 0.0450227 0.187964 65.1468 -0.0402944 0.99877 -0.0289032 -4.90074 -0.189034 0.0207842 0.98175 141.156 
0.981437 0.0428571 0.186934 65.2866 -0.0389975 0.998944 -0.0242779 -4.93463 -0.187777 0.0165372 0.982072 141.962 
0.981879 0.0412161 0.184972 65.4301 -0.0373891 0.999009 -0.0241324 -4.96885 -0.185783 0.0167791 0.982447 142.766 
0.982463 0.0393092 0.182266 65.5678 -0.0349473 0.999022 -0.0270835 -5.00254 -0.183153 0.0202388 0.982876 143.558 
0.983551 0.0342081 0.177363 65.7067 -0.0291917 0.999099 -0.0308174 -5.03638 -0.178257 0.0251329 0.983663 144.351 
0.984811 0.031292 0.170787 65.8397 -0.0262574 0.999154 -0.0316595 -5.0694 -0.171633 0.0266941 0.984799 145.142 
0.985954 0.0300526 0.164289 65.9629 -0.0260391 0.999309 -0.02653 -5.09412 -0.164972 0.0218794 0.986055 145.938 
0.987113 0.0271994 0.157695 66.0851 -0.0246688 0.999534 -0.0179834 -5.12822 -0.15811 0.0138615 0.987324 146.744 
0.987768 0.0241239 0.15405 66.2017 -0.0230611 0.999696 -0.00868311 -5.15373 -0.154213 0.00502425 0.988025 147.555 
0.98827 0.0308514 0.149569 66.3032 -0.0302726 0.999523 -0.00614615 -5.17439 -0.149687 0.00154612 0.988732 148.35 
0.988899 0.0334795 0.144769 66.4002 -0.0322549 0.999421 -0.010799 -5.19578 -0.145047 0.00600958 0.989406 149.143 
0.989989 0.0341694 0.136943 66.4978 -0.0315396 0.999275 -0.0213287 -5.21137 -0.137572 0.0167959 0.990349 149.936 
0.990945 0.0310058 0.13064 66.5888 -0.0277524 0.999259 -0.0266519 -5.23041 -0.131369 0.0227849 0.991072 150.738 
0.99181 0.0303792 0.124056 66.6724 -0.0273779 0.999291 -0.0258283 -5.253 -0.124753 0.0222203 0.991939 151.559 
0.992543 0.0370189 0.116135 66.7471 -0.0346427 0.999148 -0.0224142 -5.28229 -0.116865 0.0182238 0.99298 152.382 
0.993237 0.0424178 0.108079 66.8101 -0.0400257 0.998905 -0.0242086 -5.31193 -0.108988 0.0197188 0.993847 153.199 
0.994195 0.045007 0.0977307 66.872 -0.0422776 0.998661 -0.0298234 -5.34188 -0.098942 0.0255184 0.994766 154.006 
0.995066 0.0434655 0.0891842 66.9312 -0.0407348 0.99865 -0.0322148 -5.36978 -0.090464 0.0284229 0.995494 154.826 
0.995773 0.0435219 0.0808865 66.9859 -0.0412464 0.998711 -0.0295957 -5.39759 -0.0820702 0.0261342 0.996284 155.649 
0.996244 0.046379 0.0731158 67.0221 -0.0448543 0.998743 -0.0223617 -5.42969 -0.0740609 0.0189981 0.997073 156.474 
0.996638 0.0497868 0.065063 67.0529 -0.048783 0.998666 -0.0169291 -5.4534 -0.065819 0.0136981 0.997737 157.304 
0.997161 0.0486927 0.0574389 67.0863 -0.0479852 0.998755 -0.0136359 -5.47658 -0.0580312 0.0108409 0.998256 158.128 
0.997457 0.0496033 0.0511808 67.1095 -0.0490777 0.998729 -0.0114781 -5.49914 -0.051685 0.00893695 0.998623 158.955 
0.997717 0.0486225 0.0468651 67.1375 -0.0480523 0.998757 -0.0132205 -5.52263 -0.0474495 0.0109383 0.998814 159.779 
0.997692 0.0531451 0.0422655 67.1528 -0.0523944 0.998452 -0.0186778 -5.54572 -0.0431926 0.0164201 0.998932 160.591 
0.997532 0.059071 0.0379593 67.1652 -0.0581356 0.997988 -0.0252942 -5.57154 -0.039377 0.0230249 0.998959 161.408 
0.997578 0.0602683 0.0347249 67.1772 -0.0593208 0.997854 -0.0276999 -5.5968 -0.0363197 0.0255728 0.999013 162.227 
0.99759 0.0617644 0.0316201 67.1864 -0.0610986 0.997898 -0.0216095 -5.62251 -0.0328882 0.0196254 0.999266 163.06 
0.997499 0.0641194 0.029745 67.1896 -0.0638154 0.9979 -0.0110621 -5.64996 -0.0303918 0.00913617 0.999496 163.895 
0.997484 0.0657293 0.0265657 67.1964 -0.0656539 0.997835 -0.0037065 -5.67196 -0.0267517 0.00195295 0.99964 164.722 
0.997861 0.0618501 0.0211513 67.2056 -0.0617193 0.99807 -0.00678631 -5.69326 -0.0215301 0.00546627 0.999753 165.538 
0.998669 0.0492586 0.0153001 67.2187 -0.049004 0.998661 -0.0165926 -5.71068 -0.0160968 0.0158207 0.999745 166.353 
0.99888 0.0466455 0.00787779 67.2191 -0.0464698 0.998695 -0.0211891 -5.72642 -0.0088558 0.0207992 0.999744 167.171 
0.998698 0.0510049 0.00120569 67.1973 -0.0509711 0.998503 -0.0198338 -5.7476 -0.00221542 0.0197464 0.999802 168.005 
0.998794 0.0487163 -0.00615506 67.1762 -0.0487963 0.998716 -0.0135784 -5.77372 0.00548576 0.0138623 0.999889 168.838 
0.998971 0.043339 -0.0133342 67.1533 -0.0434723 0.999006 -0.00986769 -5.79226 0.0128934 0.0104371 0.999862 169.677 
0.999217 0.034589 -0.0191937 67.132 -0.0347083 0.99938 -0.0059115 -5.80224 0.0189774 0.00657297 0.999798 170.519 
0.999224 0.0301017 -0.0254182 67.0994 -0.0302571 0.999526 -0.00574758 -5.82412 0.0252332 0.00651212 0.99966 171.356 
0.999132 0.0265216 -0.0321144 67.0652 -0.0269445 0.999555 -0.0128054 -5.84296 0.0317606 0.0136595 0.999402 172.19 
0.999066 0.0172278 -0.0396378 67.0252 -0.01814 0.999576 -0.0227655 -5.86324 0.0392289 0.0234631 0.998955 173.024 
0.998896 0.0069544 -0.0464587 66.994 -0.00820283 0.999609 -0.0267336 -5.88572 0.0462547 0.0270851 0.998562 173.861 
0.998549 0.0107541 -0.0527736 66.9324 -0.0117741 0.999749 -0.0190542 -5.90962 0.0525555 0.0196478 0.998425 174.701 
0.998091 0.0212084 -0.0579969 66.8576 -0.0216111 0.999746 -0.00632467 -5.92836 0.0578481 0.00756589 0.998297 175.547 
0.997698 0.0264475 -0.0624447 66.7803 -0.0264044 0.99965 0.00151673 -5.95005 0.0624631 0.000135489 0.998047 176.394 
0.997485 0.0255946 -0.066093 66.7092 -0.025753 0.999667 -0.00154361 -5.96453 0.0660316 0.00324173 0.997812 177.237 
0.99733 0.0268451 -0.0679181 66.6344 -0.0277509 0.999538 -0.0124275 -5.97841 0.0675532 0.014279 0.997613 178.063 
0.996776 0.0370996 -0.0711364 66.5476 -0.0387259 0.999016 -0.0216199 -5.99737 0.0702644 0.0243049 0.997232 178.893 
0.996654 0.0355522 -0.0735972 66.4707 -0.0375028 0.998976 -0.0252921 -6.0197 0.0726227 0.0279675 0.996967 179.736 
0.996638 0.0306382 -0.0759877 66.4051 -0.0322882 0.999267 -0.0205798 -6.04272 0.0753016 0.0229641 0.996896 180.592 
0.996661 0.0306973 -0.0756596 66.3303 -0.0316763 0.999429 -0.0117722 -6.06657 0.0752551 0.0141294 0.997064 181.452 
0.996589 0.0328475 -0.0757086 66.2504 -0.0334194 0.999421 -0.00629811 -6.08815 0.075458 0.00880668 0.99711 182.309 
0.996455 0.0329504 -0.0774091 66.1686 -0.0336058 0.999409 -0.00717849 -6.10734 0.077127 0.00975435 0.996973 183.168 
0.996374 0.0296908 -0.079736 66.0884 -0.0310872 0.999383 -0.0163284 -6.13039 0.0792021 0.0187479 0.996682 184.02 
0.996429 0.0188915 -0.0822963 66.0227 -0.0212255 0.999394 -0.0275775 -6.15846 0.0817255 0.0292257 0.996226 184.871 
0.996399 0.00832266 -0.084377 65.9544 -0.0110263 0.999439 -0.0316257 -6.18423 0.0840666 0.0324421 0.995932 185.721 
0.996312 0.0107858 -0.0851214 65.864 -0.0131602 0.999538 -0.0273823 -6.21031 0.0847868 0.0284014 0.995994 186.574 
0.996118 0.0166981 -0.0864277 65.7716 -0.0182416 0.999687 -0.0170995 -6.23839 0.0861152 0.0186097 0.996111 187.43 
0.995956 0.0176168 -0.0881021 65.6811 -0.0188563 0.999734 -0.0132552 -6.27187 0.0878453 0.0148628 0.996023 188.282 
0.995883 0.0164516 -0.0891426 65.5975 -0.0180483 0.99969 -0.0171348 -6.29664 0.0888331 0.0186731 0.995871 189.124 
0.995916 0.0165679 -0.0887508 65.5082 -0.0186953 0.999556 -0.0231922 -6.32113 0.0883273 0.0247566 0.995784 189.96 
0.995745 0.0231352 -0.0891942 65.4131 -0.0253549 0.999394 -0.0238336 -6.34635 0.0885889 0.0259937 0.995729 190.792 
0.995654 0.0258629 -0.0894664 65.3198 -0.0278149 0.9994 -0.02064 -6.37701 0.088879 0.0230387 0.995776 191.628 
0.995468 0.0299161 -0.0902668 65.2284 -0.0316209 0.999346 -0.017514 -6.40851 0.089684 0.0202889 0.995764 192.458 
0.995367 0.033251 -0.0902176 65.1353 -0.0347174 0.999288 -0.0147327 -6.43349 0.0896636 0.0177965 0.995813 193.291 
0.995181 0.0362492 -0.0911052 65.0429 -0.0377875 0.99917 -0.0152157 -6.45733 0.0904781 0.0185849 0.995725 194.11 
0.995202 0.0344966 -0.0915583 64.9562 -0.0363529 0.999164 -0.0186829 -6.48636 0.0908374 0.0219216 0.995624 194.92 
