1 -4.23778e-08 4.22719e-08 0 -4.23778e-08 1 -4.19404e-08 0 4.22719e-08 -4.19404e-08 1 0 
0.999093 -0.000851676 0.0425595 0.106401 0.000953892 0.999997 -0.00238351 -0.0232487 -0.0425572 0.00242187 0.999091 1.10071 
0.996178 -0.00552464 0.0871734 0.209812 0.00615949 0.999956 -0.00701637 -0.0800695 -0.0871307 0.00752642 0.996168 2.20086 
0.991214 -0.00549518 0.132151 0.335517 0.00699818 0.999916 -0.0109122 -0.108713 -0.13208 0.0117411 0.991169 3.2384 
0.984126 -0.00328028 0.177439 0.531131 0.00573185 0.999895 -0.0133061 -0.143736 -0.177376 0.0141118 0.984042 4.26829 
0.974796 -0.00619478 0.223013 0.756821 0.00938991 0.999868 -0.0132699 -0.177876 -0.222901 0.0150295 0.974725 5.31449 
0.963103 -0.00684419 0.269046 0.982855 0.010992 0.999843 -0.0139137 -0.235602 -0.268909 0.0163577 0.963027 6.42572 
0.95013 -0.0105344 0.311677 1.29125 0.0164454 0.999731 -0.0163431 -0.285832 -0.311421 0.0206537 0.950047 7.29487 
0.935109 -0.0120413 0.354156 1.68573 0.0196532 0.999646 -0.0179045 -0.314456 -0.353816 0.0237029 0.935015 8.32244 
0.91798 -0.0121367 0.39644 2.09681 0.0211656 0.999606 -0.0184081 -0.358686 -0.396061 0.0252891 0.917876 9.26256 
0.898232 -0.0124937 0.439344 2.51932 0.0221529 0.999612 -0.0168653 -0.390458 -0.438963 0.0248816 0.898161 10.2173 
0.876517 -0.0119346 0.481223 3.00441 0.0222732 0.999627 -0.0157781 -0.420974 -0.480855 0.0245481 0.876456 11.1165 
0.85254 -0.0123516 0.522516 3.53703 0.023452 0.999618 -0.0146349 -0.441486 -0.522135 0.0247308 0.852504 12.0488 
0.826764 -0.0121893 0.562417 4.09201 0.0245936 0.999592 -0.0144891 -0.469069 -0.562011 0.0258109 0.826727 12.9095 
0.799634 -0.0140655 0.600323 4.72001 0.0281055 0.999507 -0.0140185 -0.498114 -0.59983 0.028082 0.799634 13.7291 
0.770993 -0.0133337 0.636704 5.36083 0.0292155 0.999469 -0.0144469 -0.528191 -0.636173 0.0297401 0.770973 14.5371 
0.740437 -0.0167306 0.671917 6.07063 0.0342764 0.999329 -0.0128889 -0.5565 -0.671251 0.0325743 0.740514 15.3349 
0.708487 -0.0161061 0.70554 6.77025 0.0346919 0.999326 -0.0120243 -0.587114 -0.70487 0.0329955 0.708568 16.0514 
0.674668 -0.0151294 0.737966 7.51809 0.036131 0.999268 -0.0125456 -0.622907 -0.737237 0.0351275 0.674721 16.7294 
0.639054 -0.0164183 0.768986 8.28355 0.040792 0.999089 -0.0125685 -0.644154 -0.768079 0.0394004 0.639141 17.3795 
0.60248 -0.0144693 0.798003 9.10665 0.0409007 0.999082 -0.0127643 -0.660581 -0.797085 0.040329 0.602518 18.0226 
0.564716 -0.0135413 0.825174 9.95207 0.044269 0.998923 -0.0139035 -0.675573 -0.824097 0.0443811 0.564708 18.62 
0.525533 -0.0118199 0.850691 10.7966 0.0488686 0.998672 -0.0163138 -0.695604 -0.849369 0.0501455 0.525413 19.1677 
0.486619 -0.0108162 0.873547 11.7476 0.0506084 0.998593 -0.0158275 -0.713057 -0.872147 0.0519108 0.486482 19.727 
0.447727 -0.0130656 0.894075 12.64 0.0559145 0.998345 -0.0134112 -0.742256 -0.89242 0.0559962 0.447717 20.1749 
0.410856 -0.0139094 0.911594 13.5245 0.0595411 0.998158 -0.0116051 -0.769209 -0.909754 0.0590453 0.410928 20.5678 
0.375659 -0.0115675 0.926686 14.4897 0.0609768 0.998064 -0.0122604 -0.78974 -0.92475 0.0611121 0.375637 20.9606 
0.342395 -0.0122737 0.939476 15.4686 0.061568 0.998059 -0.00939969 -0.808889 -0.937537 0.06106 0.342486 21.3128 
0.309068 -0.0137279 0.950941 16.4755 0.0640432 0.997926 -0.00640883 -0.817801 -0.948881 0.0628821 0.309307 21.6591 
0.276255 -0.0135648 0.960989 17.5063 0.0646224 0.9979 -0.00449119 -0.827358 -0.958909 0.0633421 0.276551 21.9518 
0.243664 -0.0105082 0.969803 18.5054 0.0616642 0.998086 -0.0046787 -0.846313 -0.967897 0.0609422 0.243846 22.2282 
0.212402 -0.00881132 0.977143 19.6087 0.0615954 0.998091 -0.00438887 -0.846578 -0.975239 0.0611197 0.212539 22.5176 
0.181794 -0.00852473 0.9833 20.7198 0.0636438 0.997968 -0.00311474 -0.852586 -0.981275 0.0631472 0.181967 22.7414 
0.151678 -0.00883953 0.98839 21.8473 0.065369 0.99786 -0.00110737 -0.859801 -0.986266 0.0647781 0.151931 22.8919 
0.121384 -0.00940168 0.992561 22.9308 0.0643193 0.997928 0.00158658 -0.868839 -0.990519 0.0636483 0.121737 23.0266 
0.0922926 -0.00984283 0.995683 24.0301 0.0652703 0.99786 0.00381418 -0.874038 -0.99359 0.0646365 0.0927376 23.124 
0.0652147 -0.00958975 0.997825 25.1252 0.0680152 0.997671 0.00514293 -0.872138 -0.995551 0.0675319 0.0657151 23.1942 
0.0399886 -0.00897674 0.99916 26.3004 0.0716967 0.997408 0.00609146 -0.871909 -0.996624 0.0713929 0.0405286 23.2528 
0.0166832 -0.00873923 0.999823 27.4739 0.075293 0.997133 0.0074593 -0.873879 -0.997022 0.0751552 0.0172934 23.2857 
-0.00394548 -0.00877769 0.999954 28.6403 0.0806753 0.996699 0.00906736 -0.871186 -0.996733 0.0807074 -0.00322432 23.2973 
-0.0219828 -0.00975789 0.999711 29.9028 0.0847878 0.996332 0.0115892 -0.879763 -0.996156 0.085018 -0.0210748 23.281 
-0.0381796 -0.00961833 0.999225 31.1952 0.0873584 0.996093 0.012926 -0.868206 -0.995445 0.0877842 -0.0371902 23.2755 
-0.0529231 -0.0102813 0.998546 32.4188 0.0895685 0.995868 0.0150008 -0.854669 -0.994574 0.0902321 -0.0517835 23.2199 
-0.066947 -0.0112341 0.997693 33.6363 0.0894914 0.995839 0.0172182 -0.846923 -0.993735 0.0904377 -0.0656631 23.1779 
-0.0795229 -0.0111771 0.99677 34.9059 0.0891767 0.995848 0.0182813 -0.834897 -0.992836 0.0903425 -0.078196 23.1024 
-0.0915567 -0.00840565 0.995764 36.179 0.089439 0.995853 0.0166299 -0.824407 -0.991775 0.0905828 -0.0904253 23.0844 
-0.10199 -0.00467642 0.994774 37.442 0.0898106 0.995862 0.0138894 -0.802573 -0.990723 0.0907578 -0.101148 22.9805 
-0.111683 -0.00233272 0.993741 38.6691 0.0907572 0.995794 0.0125374 -0.799848 -0.989591 0.0915893 -0.111002 22.858 
-0.119509 -0.00112408 0.992832 39.9502 0.0907682 0.995799 0.0120533 -0.78485 -0.988675 0.0915581 -0.118905 22.7321 
-0.125732 -0.000495837 0.992064 41.2812 0.090335 0.99584 0.0119465 -0.778061 -0.987943 0.0911202 -0.125164 22.5812 
-0.130827 0.00104901 0.991405 42.6255 0.0914455 0.995749 0.0110136 -0.762275 -0.987179 0.0921004 -0.130367 22.4135 
-0.135686 0.00275273 0.990748 44.0433 0.0906064 0.99584 0.00964186 -0.740503 -0.9866 0.0910764 -0.135371 22.252 
-0.14023 0.00362761 0.990112 45.4536 0.0908978 0.995817 0.00922529 -0.730762 -0.985938 0.0912927 -0.139973 22.0755 
-0.143689 0.00258999 0.989619 46.9547 0.0907598 0.995817 0.0105717 -0.7172 -0.985452 0.0913367 -0.143323 21.9034 
-0.146175 0.000644155 0.989258 48.3836 0.0913167 0.995739 0.0128447 -0.709562 -0.985035 0.0922134 -0.145611 21.7088 
-0.14882 -0.000357477 0.988864 49.8753 0.0910415 0.995748 0.0140613 -0.685837 -0.984664 0.0921203 -0.148155 21.5239 
-0.151134 0.000492591 0.988513 51.3561 0.0938031 0.995494 0.0138454 -0.672019 -0.984053 0.0948181 -0.150499 21.3263 
-0.152149 0.000168364 0.988357 52.901 0.0930049 0.995565 0.0141476 -0.651127 -0.983972 0.0940746 -0.15149 21.1128 
-0.152981 0.00140136 0.988228 54.4296 0.0946068 0.995427 0.0132338 -0.648356 -0.98369 0.0955176 -0.152414 20.8943 
-0.153668 0.0013204 0.988122 55.9632 0.0945082 0.995434 0.0133672 -0.655353 -0.983593 0.0954397 -0.153091 20.7227 
-0.153227 0.00263013 0.988187 57.4864 0.0940337 0.995497 0.0119311 -0.650093 -0.983707 0.0947511 -0.152785 20.5101 
-0.152402 0.00299469 0.988314 59.0452 0.0951303 0.995397 0.0116533 -0.620528 -0.983729 0.0957946 -0.151985 20.3087 
-0.151682 0.00190217 0.988427 60.6602 0.0941337 0.995481 0.0125298 -0.616159 -0.983937 0.0949449 -0.151176 20.1315 
-0.151394 0.00280792 0.988469 62.2156 0.0948463 0.995423 0.0116989 -0.596239 -0.983913 0.0955238 -0.150967 19.9284 
-0.150473 0.00340266 0.988608 63.8105 0.0950632 0.99541 0.0110431 -0.596084 -0.984033 0.095642 -0.150106 19.7141 
-0.149591 0.00407322 0.98874 65.4432 0.0962053 0.995307 0.010455 -0.585957 -0.984056 0.096686 -0.149281 19.4925 
-0.148079 0.00420675 0.988967 67.1222 0.0959136 0.995338 0.0101273 -0.562697 -0.984314 0.096355 -0.147792 19.2331 
-0.147584 0.00263462 0.989046 68.7909 0.0979577 0.995119 0.0119662 -0.544357 -0.984187 0.0986507 -0.147121 19.0138 
-0.1472 0.00039932 0.989107 70.4864 0.0994682 0.994936 0.0144013 -0.537736 -0.984092 0.100505 -0.146495 18.7849 
-0.14565 0.00164269 0.989335 72.2137 0.10137 0.99476 0.0132719 -0.526459 -0.984129 0.102222 -0.145053 18.5025 
-0.144908 0.00369316 0.989438 73.9218 0.103151 0.9946 0.0113944 -0.509026 -0.984054 0.103712 -0.144506 18.2783 
-0.144151 0.00335074 0.98955 75.6259 0.102632 0.994652 0.0115827 -0.500684 -0.984219 0.10323 -0.143723 18.0528 
-0.144484 0.00350078 0.989501 77.334 0.102977 0.994617 0.0115175 -0.487334 -0.984134 0.10356 -0.144067 17.8315 
-0.143983 0.00257328 0.989577 79.108 0.103225 0.99458 0.0124328 -0.473854 -0.984182 0.103939 -0.143468 17.5981 
-0.144313 0.00246445 0.989529 80.8415 0.104523 0.99444 0.0127669 -0.469986 -0.983996 0.105271 -0.143768 17.3884 
-0.144019 0.00228565 0.989572 82.6189 0.105555 0.994328 0.0130654 -0.461097 -0.983929 0.106336 -0.143443 17.1386 
-0.144099 0.0035193 0.989557 84.3858 0.105665 0.994331 0.0118505 -0.449199 -0.983906 0.106269 -0.143654 16.9105 
-0.14458 0.00415909 0.989484 86.1934 0.105465 0.99436 0.0112305 -0.44693 -0.983856 0.10598 -0.144203 16.6797 
-0.145539 0.00466344 0.989341 88.0366 0.104789 0.994437 0.0107276 -0.439338 -0.983787 0.105233 -0.145218 16.4332 
-0.146493 0.00553919 0.989196 89.8501 0.104107 0.994517 0.00984842 -0.430389 -0.983718 0.104425 -0.146266 16.1779 
-0.147324 0.00483049 0.989076 91.7041 0.103356 0.994589 0.0105374 -0.422188 -0.983673 0.103779 -0.147026 15.9287 
-0.148458 0.00435821 0.988909 93.5329 0.103586 0.994558 0.0111675 -0.427303 -0.983479 0.104095 -0.148101 15.6859 
-0.148556 0.00309467 0.988899 95.3462 0.101349 0.994777 0.0121119 -0.427807 -0.983697 0.102023 -0.148093 15.4278 
-0.150263 0.00408049 0.988638 97.1741 0.100903 0.994833 0.01123 -0.415137 -0.983483 0.101444 -0.149898 15.1748 
-0.152281 0.0049036 0.988325 99.0224 0.100472 0.994884 0.0105446 -0.404137 -0.983217 0.100905 -0.151995 14.8965 
-0.156108 0.00592747 0.987722 100.909 0.10146 0.994789 0.0100657 -0.398595 -0.982515 0.101785 -0.155896 14.61 
-0.160733 0.00496112 0.986985 102.797 0.099349 0.99499 0.0111778 -0.394221 -0.981985 0.0998527 -0.16042 14.3435 
-0.165872 0.00418268 0.986138 104.695 0.0967139 0.995239 0.0120463 -0.390103 -0.981393 0.0973714 -0.165487 14.0659 
-0.170362 0.00492675 0.985369 106.59 0.0954892 0.995364 0.0115325 -0.38663 -0.980744 0.0960568 -0.170043 13.7601 
-0.174941 0.00662643 0.984556 108.509 0.0967526 0.995253 0.010493 -0.385585 -0.979813 0.097094 -0.174752 13.4512 
-0.179383 0.00858066 0.983742 110.451 0.0965266 0.99529 0.00891992 -0.378734 -0.979032 0.0965574 -0.179366 13.1199 
-0.184351 0.00853573 0.982823 112.357 0.0952594 0.99541 0.00922297 -0.388496 -0.978233 0.0953234 -0.184318 12.7975 
-0.188884 0.00818671 0.981965 114.268 0.0934215 0.99558 0.00966965 -0.386711 -0.977545 0.0935631 -0.188814 12.459 
-0.194186 0.00728698 0.980938 116.221 0.0915168 0.995746 0.0107195 -0.388253 -0.976686 0.0918539 -0.194026 12.0975 
-0.199808 0.00710323 0.979809 118.228 0.0912579 0.995762 0.0113908 -0.37405 -0.975576 0.0916913 -0.199609 11.7162 
-0.205034 0.00682109 0.978731 120.198 0.0913911 0.99574 0.0122057 -0.367791 -0.974479 0.0919499 -0.204784 11.3282 
-0.21059 0.00829447 0.977539 122.171 0.0916376 0.995728 0.0112925 -0.358881 -0.97327 0.0919574 -0.210451 10.9299 
-0.215916 0.00932931 0.976367 124.142 0.0916389 0.995734 0.0107508 -0.354094 -0.972102 0.0917945 -0.21585 10.5252 
-0.221885 0.00953902 0.975026 126.129 0.0923789 0.99566 0.0112815 -0.34413 -0.970687 0.092575 -0.221803 10.1034 
-0.227142 0.00929987 0.973817 128.107 0.0909894 0.995783 0.0117135 -0.339406 -0.969602 0.0912677 -0.22703 9.6764 
-0.23257 0.0100922 0.972527 130.132 0.090395 0.995842 0.0112828 -0.328502 -0.96837 0.0905356 -0.232515 9.23083 
-0.237863 0.0107416 0.971239 132.136 0.0896545 0.995913 0.0109424 -0.321652 -0.967152 0.0896788 -0.237854 8.78612 
-0.242018 0.0105383 0.970214 134.116 0.090768 0.995802 0.0118256 -0.308003 -0.966017 0.0909265 -0.241959 8.31552 
-0.245725 0.0105107 0.969282 136.087 0.0929888 0.995585 0.0127778 -0.3059 -0.964869 0.0932722 -0.245618 7.83395 
-0.248747 0.0114096 0.968501 138.088 0.0944527 0.99545 0.0125317 -0.297055 -0.963952 0.0945948 -0.248693 7.33174 
-0.251472 0.0119792 0.96779 140.122 0.095086 0.995392 0.0123863 -0.29392 -0.963182 0.0951381 -0.251452 6.81633 
-0.254656 0.0117368 0.96696 142.155 0.0944797 0.995444 0.0127993 -0.292939 -0.962405 0.0946176 -0.254605 6.30888 
-0.258398 0.012136 0.965962 144.187 0.0933992 0.99555 0.0124767 -0.29395 -0.961513 0.0934441 -0.258381 5.78306 
-0.263107 0.0129434 0.96468 146.231 0.0920706 0.995683 0.0117519 -0.289888 -0.960363 0.0919106 -0.263163 5.26784 
-0.267285 0.0126154 0.963535 148.246 0.0915021 0.995728 0.0123457 -0.294279 -0.959263 0.0914653 -0.267297 4.73712 
-0.272264 0.0130198 0.962134 150.253 0.0912225 0.995754 0.0123392 -0.297399 -0.957889 0.0911278 -0.272296 4.20149 
-0.276552 0.0136034 0.960903 152.285 0.0910697 0.995771 0.0121132 -0.296747 -0.956674 0.0908591 -0.276621 3.64318 
-0.28079 0.0138214 0.959669 154.297 0.0907095 0.995803 0.0121989 -0.293923 -0.955473 0.0904765 -0.280866 3.0826 
-0.285071 0.0129904 0.958418 156.349 0.0900953 0.995844 0.0133001 -0.283804 -0.954263 0.0901405 -0.285057 2.5204 
-0.28906 0.0132817 0.957219 158.363 0.0920801 0.995653 0.0139911 -0.287362 -0.952872 0.0921851 -0.289026 1.94515 
-0.293012 0.0140166 0.956006 160.399 0.0939215 0.995478 0.0141912 -0.297553 -0.951484 0.0939477 -0.293004 1.37187 
-0.296674 0.0151279 0.954859 162.441 0.0928892 0.99559 0.0130873 -0.279939 -0.950451 0.0925788 -0.296771 0.772364 
-0.299995 0.0167381 0.953794 164.476 0.0929285 0.995603 0.0117568 -0.273789 -0.949403 0.0921616 -0.300232 0.166617 
-0.303674 0.0177855 0.95261 166.511 0.0936053 0.995546 0.0112524 -0.281605 -0.948167 0.0925865 -0.303986 -0.429293 
-0.306955 0.0183837 0.951546 168.582 0.0931985 0.995589 0.0108298 -0.284835 -0.94715 0.092007 -0.307314 -1.06571 
-0.310262 0.0189983 0.950461 170.639 0.093862 0.995527 0.0107405 -0.271785 -0.946006 0.0925446 -0.310657 -1.71521 
-0.314253 0.0191192 0.949147 172.695 0.0931216 0.995596 0.0107768 -0.265966 -0.944761 0.0917727 -0.31465 -2.36061 
-0.318045 0.0195861 0.947873 174.8 0.0952602 0.995387 0.0113953 -0.282863 -0.943278 0.0939188 -0.318444 -3.02234 
-0.320988 0.0195672 0.946881 176.873 0.0968039 0.995228 0.0122497 -0.283955 -0.942123 0.0955938 -0.32135 -3.69843 
-0.323239 0.0192737 0.946121 179.03 0.0980015 0.995098 0.0132104 -0.287861 -0.941229 0.0969914 -0.323544 -4.41195 
-0.326058 0.0185484 0.945168 181.119 0.0973303 0.995153 0.0140471 -0.285348 -0.940326 0.0965736 -0.326283 -5.10945 
-0.328495 0.0192297 0.94431 183.271 0.0971031 0.995182 0.0135134 -0.278809 -0.939501 0.0961345 -0.32878 -5.83284 
-0.331222 0.0210869 0.943317 185.34 0.0952465 0.995391 0.0111924 -0.275201 -0.938733 0.0935549 -0.331704 -6.53244 
-0.334753 0.0229398 0.942027 187.419 0.0948281 0.995449 0.00945679 -0.279425 -0.937522 0.0924963 -0.335405 -7.22367 
-0.337786 0.0234712 0.94093 189.549 0.0940282 0.995529 0.00892207 -0.29155 -0.936514 0.0914877 -0.338483 -7.94994 
-0.341246 0.0244879 0.939655 191.681 0.0925718 0.995676 0.00767058 -0.303766 -0.935404 0.0896032 -0.342038 -8.66882 
-0.344916 0.0240208 0.938326 193.784 0.093191 0.99561 0.00876847 -0.32654 -0.933996 0.0904679 -0.34564 -9.40102 
-0.348602 0.023351 0.93698 195.895 0.0927653 0.995641 0.00970022 -0.327403 -0.932669 0.0903007 -0.349248 -10.1521 
-0.351802 0.022747 0.935798 198.056 0.092134 0.995692 0.0104337 -0.324837 -0.931529 0.0898894 -0.352382 -10.9362 
-0.355409 0.0222579 0.934446 200.145 0.0923103 0.995665 0.0113933 -0.344775 -0.930142 0.0903083 -0.355923 -11.6917 
-0.359581 0.022028 0.932854 202.219 0.0907513 0.995807 0.0114667 -0.358296 -0.92869 0.0887809 -0.360073 -12.4236 
-0.363096 0.0221932 0.931487 204.339 0.0898562 0.995891 0.0112985 -0.372934 -0.927409 0.0878024 -0.363598 -13.209 
-0.366677 0.0225272 0.930076 206.418 0.0899099 0.995885 0.0113252 -0.403287 -0.925994 0.0877757 -0.367193 -13.9654 
-0.369559 0.0227864 0.928928 208.497 0.0903614 0.995842 0.011521 -0.426705 -0.924803 0.0881969 -0.370082 -14.7489 
-0.372048 0.0227148 0.927935 210.611 0.0919248 0.995688 0.0124831 -0.427048 -0.92365 0.0899446 -0.372532 -15.5547 
-0.374206 0.0222226 0.927079 212.782 0.0933299 0.995539 0.013808 -0.422568 -0.922637 0.0916913 -0.374611 -16.4107 
-0.376466 0.023428 0.926134 214.974 0.0953072 0.995355 0.0135625 -0.413952 -0.921515 0.0933731 -0.37695 -17.2885 
-0.379516 0.0243488 0.924864 217.11 0.0947664 0.995419 0.0126809 -0.410198 -0.920319 0.0924587 -0.380085 -18.1321 
-0.381711 0.0246743 0.923952 219.29 0.0947591 0.995421 0.0125648 -0.413998 -0.919411 0.092349 -0.382301 -19.0089 
-0.384502 0.0257038 0.922766 221.419 0.094154 0.995491 0.0115028 -0.433972 -0.91831 0.0913051 -0.385188 -19.8446 
-0.38782 0.0272279 0.921333 223.364 0.094101 0.99551 0.0101902 -0.427983 -0.916919 0.0906503 -0.388641 -20.6084 
-0.390487 0.026784 0.920219 225.38 0.0918737 0.99572 0.0100042 -0.45435 -0.916013 0.0884504 -0.391277 -21.4116 
-0.393822 0.0273718 0.918779 227.372 0.0926058 0.995652 0.0100322 -0.490861 -0.91451 0.0890352 -0.394645 -22.1926 
-0.39652 0.02699 0.917629 229.426 0.0941226 0.995495 0.0113913 -0.496301 -0.913188 0.0908866 -0.397274 -23.015 
-0.399618 0.0262343 0.916306 231.415 0.0948714 0.995406 0.0128761 -0.495012 -0.911759 0.0920768 -0.400272 -23.832 
-0.403056 0.0257518 0.914813 233.408 0.0932803 0.995554 0.0130735 -0.509167 -0.910409 0.0906034 -0.403666 -24.6455 
-0.405837 0.0256538 0.913585 235.512 0.0919875 0.995676 0.0129041 -0.5222 -0.909304 0.0892755 -0.406442 -25.5424 
-0.409449 0.0250753 0.911988 237.587 0.0906205 0.995797 0.0133055 -0.530018 -0.907821 0.0880928 -0.41 -26.4235 
-0.412614 0.0247467 0.91057 239.687 0.0901912 0.995829 0.0138053 -0.521396 -0.90643 0.0878217 -0.413125 -27.3267 
-0.415942 0.0245395 0.90906 241.756 0.0894763 0.99589 0.0140565 -0.535907 -0.904979 0.0871861 -0.416428 -28.2572 
-0.420478 0.0241314 0.906982 243.85 0.0890462 0.995918 0.0147842 -0.556877 -0.902922 0.0869797 -0.42091 -29.1407 
-0.424069 0.0237139 0.905319 245.966 0.0882834 0.995978 0.015265 -0.557265 -0.901317 0.0863981 -0.424457 -30.0917 
-0.427969 0.0236374 0.903484 248.121 0.0875904 0.996037 0.0154316 -0.553411 -0.899539 0.0857408 -0.428343 -31.0773 
-0.43156 0.0245288 0.901751 250.281 0.0875459 0.99605 0.0148037 -0.542787 -0.897826 0.0853333 -0.432003 -32.0862 
-0.435018 0.0254908 0.900061 252.461 0.0885554 0.995964 0.0145937 -0.529084 -0.896057 0.0860538 -0.43552 -33.1025 
-0.438943 0.0252142 0.898161 254.549 0.0882654 0.995981 0.015176 -0.540648 -0.894169 0.085938 -0.439404 -34.0616 
-0.442726 0.0255608 0.896292 256.615 0.0872392 0.996079 0.0146854 -0.545229 -0.892403 0.0846934 -0.44322 -35.0079 
-0.44643 0.0260205 0.89444 258.766 0.087534 0.996053 0.014713 -0.540552 -0.890527 0.0848622 -0.446945 -36.0303 
-0.449831 0.0266672 0.892716 260.912 0.0877412 0.996038 0.0144582 -0.520449 -0.888793 0.0848317 -0.450388 -37.054 
-0.453667 0.0276971 0.890741 263.114 0.089085 0.99592 0.0144045 -0.512551 -0.886708 0.0858865 -0.454283 -38.076 
-0.456975 0.030078 0.888971 265.181 0.0917719 0.995689 0.0134864 -0.509342 -0.884733 0.0877455 -0.457765 -39.1075 
-0.459872 0.0308441 0.887449 267.267 0.0928281 0.995591 0.0135003 -0.504031 -0.88312 0.0885887 -0.460707 -40.1206 
-0.462515 0.0330928 0.885994 269.356 0.094405 0.99546 0.0121006 -0.496 -0.881571 0.0892389 -0.463539 -41.1662 
-0.463959 0.0359052 0.885129 271.51 0.0963783 0.995293 0.0101447 -0.484547 -0.880598 0.090014 -0.465236 -42.2713 
-0.467373 0.0364856 0.883307 273.601 0.0970405 0.995228 0.0102372 -0.486001 -0.878718 0.0905012 -0.468683 -43.2942 
-0.470307 0.0375119 0.881705 275.759 0.0972246 0.995217 0.00951888 -0.474741 -0.877131 0.0902003 -0.471704 -44.4173 
-0.473849 0.0375629 0.879804 277.951 0.0964575 0.995292 0.0094569 -0.463432 -0.875307 0.0893449 -0.475242 -45.5217 
-0.477234 0.039245 0.877899 280.11 0.0972329 0.995226 0.00836667 -0.45541 -0.87338 0.0893536 -0.478772 -46.6589 
-0.480004 0.0394151 0.87638 282.271 0.0965856 0.995291 0.00813794 -0.46257 -0.871933 0.088552 -0.481551 -47.8228 
-0.482633 0.0393807 0.874937 284.438 0.0946377 0.995484 0.00739741 -0.452935 -0.870695 0.0863723 -0.48418 -48.9905 
-0.484722 0.0402089 0.873743 286.576 0.0960164 0.995352 0.00746127 -0.438331 -0.869382 0.0875104 -0.48633 -50.1429 
-0.487376 0.0404744 0.872254 288.734 0.0977021 0.99518 0.00841296 -0.453315 -0.867709 0.0893213 -0.488981 -51.2425 
-0.489591 0.0405855 0.871007 290.837 0.0987939 0.995066 0.0091656 -0.457624 -0.866337 0.0905376 -0.491185 -52.3777 
-0.492118 0.0398662 0.869615 292.974 0.0981658 0.99512 0.00993251 -0.466582 -0.864976 0.0902545 -0.49363 -53.4805 
-0.493966 0.0391322 0.8686 295.154 0.0985971 0.995064 0.0112417 -0.471156 -0.863873 0.0911945 -0.495386 -54.6889 
-0.496646 0.0395806 0.86705 297.387 0.100752 0.994835 0.0122968 -0.481421 -0.862086 0.0934645 -0.498068 -55.9035 
-0.498859 0.039802 0.865769 299.536 0.101115 0.994796 0.0125292 -0.459692 -0.860765 0.093793 -0.500287 -57.0721 
-0.500884 0.0407762 0.864553 301.684 0.100771 0.994844 0.0114608 -0.450203 -0.859628 0.0928621 -0.502411 -58.2697 
-0.503651 0.043131 0.86283 303.841 0.100277 0.994921 0.00879945 -0.442219 -0.858068 0.0909535 -0.505418 -59.4428 
-0.506896 0.0422606 0.86097 305.914 0.0984911 0.995096 0.00914246 -0.455342 -0.856362 0.0894322 -0.508573 -60.6459 
-0.510931 0.0402362 0.858679 308.123 0.0962558 0.9953 0.0106361 -0.457597 -0.854215 0.0880872 -0.512403 -61.9118 
-0.515604 0.0376649 0.855998 310.361 0.0937923 0.995511 0.0126914 -0.448637 -0.851678 0.0868299 -0.516822 -63.2073 
-0.520374 0.0361371 0.853174 312.578 0.0921015 0.995651 0.0140033 -0.445522 -0.848957 0.0858655 -0.521439 -64.5013 
-0.524544 0.0359696 0.850623 314.773 0.0923736 0.995613 0.0148621 -0.438513 -0.846358 0.086371 -0.525565 -65.8065 
-0.528706 0.0374787 0.847977 317.02 0.0950831 0.995352 0.0152911 -0.432749 -0.843462 0.0887128 -0.529812 -67.145 
-0.532727 0.0395217 0.845364 319.263 0.0996456 0.99489 0.0162818 -0.449405 -0.8404 0.0929105 -0.533943 -68.493 
-0.536372 0.0399078 0.843037 321.438 0.100964 0.994742 0.0171477 -0.431074 -0.837921 0.0943138 -0.537582 -69.8227 
-0.540304 0.0377576 0.840622 323.605 0.0994639 0.994855 0.0192445 -0.410451 -0.835571 0.0940095 -0.541279 -71.1669 
-0.544002 0.0358712 0.838317 325.729 0.0974897 0.995021 0.0206867 -0.38204 -0.833401 0.0929809 -0.544791 -72.5294 
-0.547921 0.035597 0.835772 327.909 0.0964055 0.995124 0.0208181 -0.359172 -0.830956 0.0919797 -0.548681 -73.9134 
-0.551961 0.0345972 0.833152 330.086 0.0949126 0.995252 0.0215507 -0.342696 -0.828451 0.0909718 -0.552624 -75.3077 
-0.556117 0.0337395 0.830419 332.338 0.0951062 0.995195 0.0232566 -0.328943 -0.825644 0.0919114 -0.556654 -76.7546 
-0.560575 0.0329457 0.827448 334.561 0.093744 0.99531 0.0238798 -0.295924 -0.82278 0.0909547 -0.561034 -78.1973 
-0.564148 0.0313451 0.825078 336.729 0.091849 0.995459 0.0249838 -0.279593 -0.820549 0.0898771 -0.564466 -79.6364 
-0.567561 0.0301222 0.82278 338.884 0.0905592 0.995551 0.0260211 -0.257625 -0.818336 0.0892789 -0.567763 -81.0879 
-0.57133 0.0291348 0.820203 340.988 0.0907884 0.99548 0.0278797 -0.247666 -0.815683 0.0903935 -0.571393 -82.4888 
-0.575088 0.0281524 0.817607 343.086 0.091009 0.995406 0.0297393 -0.233017 -0.813013 0.0915123 -0.575009 -83.8991 
-0.578835 0.0271752 0.814992 345.178 0.091221 0.995329 0.0315998 -0.213676 -0.810326 0.0926354 -0.57861 -85.3186 
-0.581606 0.0270719 0.81302 347.351 0.088515 0.995618 0.0301684 -0.160848 -0.808641 0.0895106 -0.581453 -86.8351 
-0.584215 0.0243416 0.811234 349.506 0.0863095 0.995745 0.0322782 -0.117246 -0.806997 0.0888747 -0.58383 -88.297 
-0.587366 0.0237322 0.808973 351.736 0.0865845 0.995676 0.0336564 -0.0524152 -0.804677 0.0898132 -0.586881 -89.8691 
-0.590431 0.0233385 0.80675 353.926 0.0847865 0.995844 0.0332433 0.0114838 -0.802622 0.0880294 -0.589956 -91.4144 
-0.593308 0.0221982 0.804669 356.066 0.0828025 0.996 0.0335766 0.0641148 -0.800705 0.0865499 -0.592773 -92.9508 
-0.596146 0.0188082 0.802656 358.176 0.0808755 0.996047 0.0367276 0.120297 -0.798792 0.0868102 -0.595311 -94.4648 
-0.599433 0.0160463 0.800264 360.208 0.0775517 0.996259 0.0381133 0.173869 -0.796659 0.0849082 -0.598435 -95.9321 
-0.602471 0.0153408 0.797993 362.362 0.0759025 0.996385 0.0381504 0.246845 -0.794523 0.0835542 -0.601458 -97.4936 
-0.60513 0.0149892 0.795985 364.384 0.0749324 0.996457 0.0382014 0.299558 -0.792592 0.082762 -0.604109 -99.0222 
-0.608399 0.0146247 0.793497 366.509 0.0746784 0.996449 0.038893 0.370768 -0.79011 0.0829195 -0.60733 -100.558 
-0.611326 0.0137556 0.791259 368.627 0.0736595 0.996497 0.0395856 0.438309 -0.787944 0.0824835 -0.610198 -102.122 
-0.614321 0.0122664 0.788961 370.664 0.0703355 0.99675 0.0392694 0.500894 -0.785915 0.079616 -0.613188 -103.639 
-0.617631 0.00858273 0.786421 372.708 0.0605641 0.99749 0.0366788 0.543128 -0.784133 0.0702829 -0.6166 -105.179 
-0.620701 0.0116263 0.783961 374.793 0.053289 0.998203 0.027388 0.5969 -0.782234 0.0587763 -0.620205 -106.77 
-0.622271 0.021816 0.782498 376.741 0.0638928 0.997692 0.0229942 0.647858 -0.78019 0.0643046 -0.622228 -108.364 
-0.621214 0.0227934 0.783309 378.89 0.0707268 0.997128 0.0270754 0.691604 -0.780443 0.0722206 -0.621042 -110.069 
-0.623257 0.0135344 0.7819 381.041 0.0696387 0.996838 0.0382544 0.749785 -0.77891 0.0782929 -0.622229 -111.727 
-0.626107 0.00290281 0.779732 383.155 0.0635575 0.996855 0.047324 0.827551 -0.777143 0.0791877 -0.624322 -113.371 
-0.629841 -0.00214374 0.776721 385.218 0.0587741 0.996998 0.0504114 0.944635 -0.774497 0.0774023 -0.627824 -114.955 
-0.632328 -0.00245286 0.774696 387.256 0.0580504 0.997033 0.0505391 1.03351 -0.772522 0.0769287 -0.63031 -116.562 
-0.635286 0.00277294 0.772272 389.299 0.0632987 0.996816 0.0484915 1.09838 -0.769678 0.0796898 -0.633439 -118.179 
-0.638712 0.00763511 0.769408 391.238 0.0689441 0.996496 0.0473443 1.13035 -0.76635 0.0832856 -0.637001 -119.693 
-0.641169 0.010523 0.767328 393.33 0.0699106 0.996549 0.0447498 1.22326 -0.764209 0.0823365 -0.639692 -121.389 
-0.643657 0.010579 0.765241 395.366 0.0698262 0.996546 0.0449554 1.2974 -0.762122 0.0823697 -0.642172 -123.042 
-0.645132 0.0104851 0.763999 397.363 0.0694527 0.996571 0.0449698 1.3537 -0.760908 0.0820733 -0.643648 -124.733 
-0.647155 0.00946765 0.7623 399.486 0.0691454 0.99653 0.0463242 1.45658 -0.759217 0.0826885 -0.645564 -126.473 
-0.648344 0.0103094 0.761277 401.443 0.070387 0.996438 0.0464513 1.53117 -0.758087 0.0837005 -0.64676 -128.13 
-0.649788 0.0103654 0.760045 403.467 0.0705358 0.996415 0.0467143 1.58585 -0.756836 0.0839648 -0.648189 -129.702 
-0.651952 0.0100212 0.758194 405.179 0.0705321 0.996379 0.0474794 1.59419 -0.754973 0.0844314 -0.650298 -131.116 
-0.654162 0.00796498 0.756312 406.91 0.0682502 0.996487 0.0485377 1.62601 -0.753269 0.08337 -0.652408 -132.599 
-0.654518 0.00701828 0.756013 408.87 0.0695775 0.996273 0.050988 1.71668 -0.752838 0.0859741 -0.652567 -134.283 
-0.655286 0.00635611 0.755354 410.748 0.070827 0.996076 0.0530621 1.78679 -0.752053 0.0882703 -0.653165 -135.881 
-0.655939 0.00755489 0.754776 412.267 0.0706621 0.996173 0.0514377 1.90971 -0.751499 0.0870741 -0.653963 -137.332 
-0.656977 0.00710157 0.753877 413.898 0.066495 0.996604 0.0485599 1.93425 -0.750972 0.0820318 -0.655218 -138.742 
-0.659518 0.00574376 0.751667 415.759 0.062613 0.996915 0.0473193 1.99119 -0.749076 0.078272 -0.657843 -140.196 
-0.660265 0.00536886 0.751013 417.643 0.0629203 0.996854 0.048191 2.05089 -0.748392 0.0790728 -0.658526 -141.821 
-0.660999 0.00417148 0.750375 419.571 0.0614733 0.996924 0.0486092 2.12131 -0.747864 0.0782587 -0.659223 -143.471 
-0.661453 0.00306329 0.749981 421.587 0.0577459 0.997231 0.0468563 2.22137 -0.74776 0.0743015 -0.659798 -145.213 
-0.662539 0.00290281 0.749021 423.613 0.0575878 0.99723 0.0470739 2.3046 -0.74681 0.0743228 -0.660871 -146.926 
-0.662636 0.00154548 0.74894 425.661 0.0575543 0.997146 0.0488643 2.41114 -0.746727 0.075484 -0.660834 -148.698 
-0.661827 -0.000134322 0.749656 427.516 0.059977 0.996785 0.0531287 2.47819 -0.747253 0.0801242 -0.659691 -150.357 
-0.660924 0.000113376 0.750453 429.59 0.0658622 0.99615 0.0578543 2.6235 -0.747557 0.0876638 -0.658387 -152.168 
-0.659238 -0.000623042 0.751934 431.59 0.0694973 0.995669 0.0617548 2.75431 -0.748716 0.0929685 -0.656339 -153.909 
-0.657059 -0.00264308 0.753834 433.596 0.0640694 0.99618 0.059337 2.88184 -0.751112 0.0872857 -0.654379 -155.622 
-0.655972 -0.00375136 0.754776 435.648 0.0559507 0.996995 0.0535816 2.99806 -0.752709 0.0773782 -0.65379 -157.35 
-0.653811 -0.0052704 0.756639 437.664 0.0511161 0.997384 0.0511166 3.11325 -0.754929 0.0720971 -0.651831 -159.052 
-0.65056 -0.00415096 0.759443 439.658 0.0518368 0.99741 0.0498564 3.21094 -0.757684 0.0718018 -0.64866 -160.746 
-0.647665 -0.00402567 0.761914 441.703 0.052714 0.997353 0.0500791 3.31437 -0.760099 0.0725981 -0.645739 -162.454 
-0.644337 -0.00442292 0.764729 443.684 0.0533751 0.997284 0.0507401 3.39897 -0.762877 0.0735112 -0.642351 -164.131 
-0.64145 -0.00324946 0.767158 445.761 0.0515497 0.997548 0.0473279 3.49936 -0.765431 0.0699052 -0.63971 -165.86 
-0.639551 -0.00754023 0.768711 447.8 0.0459036 0.997793 0.0479781 3.58807 -0.767376 0.0659711 -0.637794 -167.527 
-0.637783 -0.0137008 0.770094 449.882 0.0375608 0.998099 0.0488647 3.67437 -0.769299 0.0600904 -0.636056 -169.214 
-0.637495 -0.017005 0.770267 451.948 0.0307657 0.998397 0.0475039 3.76512 -0.76984 0.0539813 -0.63595 -170.857 
-0.637047 -0.0183615 0.770606 454.023 0.0280092 0.998505 0.0469465 3.85343 -0.770315 0.0514912 -0.635581 -172.517 
-0.635875 -0.01873 0.771564 456.088 0.0290926 0.998413 0.0482131 3.94184 -0.771243 0.0531044 -0.634322 -174.198 
-0.63441 -0.0194951 0.772751 458.181 0.0317253 0.998183 0.051228 4.0299 -0.772346 0.0570153 -0.632638 -175.877 
-0.632471 -0.0215263 0.774285 460.187 0.0300904 0.998176 0.0523299 4.12908 -0.773999 0.0563957 -0.63067 -177.492 
-0.631166 -0.0218205 0.775341 462.196 0.0278872 0.998319 0.0507974 4.22308 -0.775147 0.0536837 -0.629496 -179.112 
-0.630067 -0.0206693 0.776265 464.366 0.0268358 0.998469 0.0483674 4.33629 -0.776077 0.0513064 -0.628548 -180.841 
-0.62892 -0.0190699 0.777236 466.441 0.0280626 0.998491 0.0472061 4.42844 -0.776963 0.0515001 -0.627436 -182.482 
-0.626971 -0.0177625 0.77884 468.5 0.0307862 0.998394 0.0475526 4.54559 -0.778434 0.0537916 -0.625417 -184.133 
-0.62505 -0.0177597 0.780382 470.6 0.0326368 0.998272 0.0488589 4.6468 -0.779902 0.0560085 -0.623391 -185.831 
-0.623851 -0.0177066 0.781343 472.758 0.0330146 0.998254 0.048982 4.752 -0.780846 0.0563532 -0.622177 -187.494 
-0.621993 -0.0190793 0.78279 474.817 0.0319509 0.998252 0.0497185 4.85302 -0.78237 0.0559354 -0.620296 -189.11 
-0.619731 -0.0195167 0.784571 476.678 0.0319752 0.998233 0.0500888 4.94102 -0.784162 0.0561284 -0.618012 -190.596 
-0.617816 -0.0204604 0.786056 478.765 0.0319944 0.998179 0.0511284 5.0361 -0.785671 0.0567373 -0.616037 -192.224 
-0.616502 -0.0196721 0.787107 480.892 0.0314392 0.998275 0.0495745 5.13684 -0.786725 0.0553089 -0.61482 -193.883 
-0.615503 -0.0184708 0.787918 483.008 0.0309377 0.998388 0.0475725 5.25267 -0.787527 0.0536574 -0.61394 -195.54 
-0.612429 -0.0184195 0.790311 485.189 0.0324966 0.998297 0.0484492 5.35764 -0.789857 0.0553541 -0.610787 -197.301 
-0.6109 -0.0196549 0.791464 487.507 0.0313922 0.998304 0.0490218 5.48747 -0.791085 0.0547933 -0.609247 -199.14 
-0.611042 -0.0213815 0.79131 489.758 0.0289088 0.998366 0.0492992 5.60811 -0.79107 0.0529997 -0.609425 -200.807 
-0.611312 -0.0219562 0.791085 491.871 0.0282353 0.998373 0.0495282 5.6894 -0.790886 0.0526138 -0.609698 -202.344 
-0.611092 -0.0212832 0.791273 493.928 0.0285352 0.998396 0.0488917 5.78363 -0.791045 0.0524565 -0.609505 -203.91 
-0.611244 -0.0207762 0.791169 496.097 0.0290347 0.998394 0.0486496 5.87952 -0.790909 0.0527082 -0.609659 -205.534 
-0.610528 -0.0223377 0.791679 497.791 0.0290039 0.998301 0.0505348 5.92271 -0.791463 0.0538147 -0.608843 -206.903 
-0.609678 -0.0242232 0.792279 499.439 0.0284922 0.998217 0.052445 5.95771 -0.792137 0.0545483 -0.607901 -208.206 
-0.608825 -0.0261095 0.792874 501.089 0.0279826 0.998129 0.0543555 5.99672 -0.79281 0.0552797 -0.606956 -209.508 
-0.608443 -0.02628 0.793162 503.236 0.0269622 0.99819 0.0537562 6.116 -0.793139 0.054093 -0.606633 -211.108 
-0.607074 -0.0253984 0.794239 505.041 0.0275977 0.998212 0.0530153 6.15321 -0.794166 0.0541034 -0.605288 -212.556 
-0.606962 -0.025001 0.794338 507.034 0.0282605 0.998194 0.0530112 6.23387 -0.794228 0.0546242 -0.605159 -214.057 
-0.606619 -0.0254182 0.794586 509.231 0.028306 0.998164 0.0535404 6.32819 -0.794489 0.0549702 -0.604786 -215.688 
-0.606087 -0.0247001 0.795015 511.418 0.0287137 0.998187 0.0529025 6.45191 -0.79488 0.0548913 -0.604279 -217.315 
-0.605115 -0.0246787 0.795755 513.505 0.0279726 0.998243 0.0522296 6.5464 -0.795646 0.0538643 -0.603362 -218.898 
-0.604822 -0.0256784 0.795946 515.6 0.0276343 0.998201 0.053202 6.6485 -0.795881 0.0541732 -0.603025 -220.447 
-0.604055 -0.0264733 0.796503 517.83 0.0283727 0.9981 0.0546911 6.74637 -0.796437 0.0556354 -0.602156 -222.131 
-0.60334 -0.0276703 0.797004 520.27 0.0282089 0.998032 0.0560039 6.90834 -0.796985 0.056272 -0.601372 -223.869 
-0.603198 -0.0271156 0.79713 522.392 0.0282241 0.99807 0.0553084 7.02086 -0.797092 0.0558602 -0.601269 -225.419 
-0.602313 -0.025316 0.797858 524.022 0.0304367 0.998042 0.0546448 7.09722 -0.797679 0.0571974 -0.600363 -226.702 
-0.600959 -0.0235886 0.798932 525.529 0.0322968 0.998031 0.0537607 7.15398 -0.798627 0.0581109 -0.599014 -227.88 
-0.600731 -0.0245285 0.799074 527.604 0.0317681 0.998007 0.0545176 7.24994 -0.798819 0.0581355 -0.598755 -229.397 
-0.600623 -0.0253153 0.799131 529.314 0.0302708 0.998062 0.0543685 7.34806 -0.798959 0.0568454 -0.598693 -230.792 
-0.599781 -0.0247484 0.799782 530.826 0.0303362 0.9981 0.0536351 7.45815 -0.799589 0.0564316 -0.59789 -232.202 
-0.59932 -0.02566 0.800098 532.918 0.0308031 0.998007 0.0550804 7.55954 -0.799916 0.0576563 -0.597335 -233.731 
-0.59981 -0.027342 0.799675 535.035 0.0304933 0.997909 0.0569918 7.67929 -0.799561 0.058569 -0.597722 -235.27 
-0.5991 -0.028391 0.800171 536.788 0.0294848 0.997911 0.0574826 7.78135 -0.800131 0.0580307 -0.597011 -236.8 
-0.597436 -0.0302257 0.801346 538.396 0.0274978 0.99793 0.0581412 7.85566 -0.801445 0.056771 -0.595368 -238.331 
-0.598108 -0.0283457 0.800914 540.543 0.0270915 0.998088 0.0555555 7.96533 -0.800957 0.0549261 -0.596197 -239.866 
-0.597847 -0.0279505 0.801122 542.679 0.0282389 0.998037 0.0558942 8.07232 -0.801112 0.056039 -0.595885 -241.421 
-0.597876 -0.0302434 0.801018 544.64 0.0283356 0.997866 0.0588252 8.17972 -0.801087 0.0578675 -0.595743 -242.924 
-0.598599 -0.0312467 0.800439 546.608 0.0293694 0.997711 0.0609111 8.2763 -0.80051 0.0599697 -0.596311 -244.334 
-0.599308 -0.0322515 0.799869 548.739 0.0303047 0.997558 0.0629285 8.42078 -0.799945 0.0619533 -0.596867 -245.799 
-0.599215 -0.0314593 0.79997 550.943 0.0312101 0.99755 0.0626071 8.5563 -0.799979 0.0624823 -0.596765 -247.414 
-0.599303 -0.0298646 0.799965 553.058 0.0333647 0.997504 0.0622347 8.68263 -0.799826 0.063988 -0.596811 -248.971 
-0.599098 -0.030252 0.800104 555.207 0.0332218 0.997486 0.0625907 8.81596 -0.799986 0.0640789 -0.596587 -250.531 
-0.59872 -0.0308072 0.800365 557.308 0.0343821 0.99735 0.0641093 8.93484 -0.80022 0.0659018 -0.596075 -252.07 
-0.59778 -0.0320974 0.801017 559.375 0.033718 0.997307 0.0651258 9.04482 -0.80095 0.0659396 -0.595088 -253.574 
-0.597583 -0.0320796 0.801165 561.489 0.0333772 0.997338 0.0648304 9.17163 -0.801112 0.0654822 -0.594922 -255.043 
-0.596692 -0.0317669 0.801841 563.609 0.0338304 0.997332 0.0646866 9.31128 -0.801757 0.0657245 -0.594025 -256.58 
-0.597108 -0.0328566 0.801488 565.683 0.0335386 0.997264 0.0658685 9.42229 -0.80146 0.0662114 -0.594372 -258.049 
-0.597748 -0.0348479 0.800926 567.198 0.0311381 0.997292 0.0666306 9.46952 -0.801079 0.0647676 -0.595044 -259.189 
-0.59842 -0.0365185 0.800349 569.353 0.0288402 0.997331 0.0670701 9.61308 -0.800663 0.0632184 -0.59577 -260.722 
-0.597377 -0.0359478 0.801155 571.259 0.0287935 0.997389 0.0662226 9.74628 -0.801444 0.0626279 -0.594782 -262.146 
-0.596369 -0.0343835 0.801974 573.168 0.0313234 0.997324 0.0660517 9.83603 -0.802099 0.0645117 -0.593696 -263.597 
-0.596503 -0.0335299 0.80191 575.013 0.0324353 0.997304 0.0658269 9.89062 -0.801955 0.0652761 -0.593808 -264.736 
-0.595407 -0.0348485 0.802668 577.047 0.0318676 0.997248 0.0669352 10.0165 -0.802792 0.0654327 -0.592658 -266.218 
-0.594211 -0.0354812 0.803526 579.169 0.0324348 0.997157 0.0680169 10.1614 -0.803655 0.0664786 -0.591371 -267.765 
-0.593473 -0.0345984 0.80411 581.271 0.0323976 0.997239 0.0668192 10.3073 -0.804202 0.0657067 -0.590713 -269.295 
-0.592013 -0.0348432 0.805175 583.367 0.0323527 0.997232 0.066942 10.4297 -0.805279 0.0656802 -0.589247 -270.849 
-0.591048 -0.0350462 0.805875 585.419 0.0316043 0.997282 0.0665496 10.5556 -0.806017 0.0648031 -0.588334 -272.324 
-0.589355 -0.035594 0.80709 587.514 0.0316648 0.997243 0.0671024 10.679 -0.807253 0.0651035 -0.586603 -273.856 
-0.588388 -0.0363506 0.807761 589.682 0.0309629 0.997243 0.0674315 10.8248 -0.807985 0.0646866 -0.585641 -275.381 
-0.587671 -0.0373611 0.808237 591.814 0.029367 0.99729 0.067453 10.971 -0.808567 0.0633757 -0.584981 -276.873 
-0.587857 -0.038455 0.80805 593.961 0.0272877 0.997358 0.0673159 11.1093 -0.808505 0.061622 -0.585255 -278.363 
-0.588188 -0.0370346 0.807876 596.087 0.0269858 0.997496 0.0653745 11.257 -0.808274 0.0602537 -0.585715 -279.859 
-0.588096 -0.0373558 0.807928 598.232 0.0271514 0.997458 0.0658827 11.4023 -0.808335 0.0606817 -0.585587 -281.37 
-0.587938 -0.0388418 0.807973 600.202 0.0273259 0.997323 0.0678286 11.5066 -0.808445 0.0619575 -0.585302 -282.787 
-0.588098 -0.0402215 0.807789 602.257 0.0259061 0.997313 0.0685188 11.6482 -0.808375 0.0612225 -0.585476 -284.224 
-0.587939 -0.0416409 0.807833 604.342 0.0245244 0.997297 0.0692558 11.8289 -0.808534 0.0605298 -0.585328 -285.67 
-0.587274 -0.0395259 0.808422 606.456 0.0250883 0.997438 0.0669926 11.9778 -0.808999 0.059625 -0.584778 -287.202 
-0.586698 -0.0382434 0.808902 608.598 0.0255458 0.997513 0.0656889 12.1196 -0.809403 0.0592036 -0.584262 -288.678 
-0.586039 -0.037453 0.809417 610.929 0.0268089 0.997488 0.0655656 12.3085 -0.809839 0.0601235 -0.583562 -290.42 
-0.585727 -0.0381555 0.809609 613.184 0.0271273 0.997409 0.0666319 12.4746 -0.810054 0.0609907 -0.583175 -292.048 
-0.585351 -0.0386735 0.809857 615.32 0.0278104 0.997316 0.0677261 12.6164 -0.810303 0.062166 -0.582704 -293.565 
-0.585297 -0.0392626 0.809868 617.497 0.0274998 0.997291 0.0682232 12.7587 -0.810353 0.0622021 -0.582632 -295.093 
-0.585355 -0.0387212 0.809852 619.721 0.0273292 0.997349 0.0674392 12.9185 -0.810316 0.0616085 -0.582745 -296.666 
-0.585001 -0.0381141 0.810136 622.049 0.0268551 0.997437 0.0663179 13.1077 -0.810588 0.0605524 -0.582478 -298.266 
-0.584993 -0.0364957 0.810217 624.901 0.0285975 0.997438 0.0655769 13.3719 -0.810534 0.0615322 -0.58245 -300.158 
-0.584982 -0.0348774 0.810296 627.754 0.0303399 0.997435 0.0648357 13.6333 -0.810478 0.062512 -0.582423 -302.049 
-0.58544 -0.0351546 0.809953 629.947 0.0300693 0.99743 0.065026 13.7786 -0.810157 0.0624236 -0.582879 -303.567 
-0.584999 -0.035822 0.810242 632.016 0.0289461 0.997465 0.0649986 13.8827 -0.810517 0.0614775 -0.582479 -304.941 
-0.584808 -0.0343043 0.810446 634.645 0.0292136 0.997566 0.0633048 14.0945 -0.810646 0.0606971 -0.582382 -306.788 
-0.584423 -0.0350358 0.810692 636.799 0.0290632 0.997523 0.0640615 14.213 -0.810928 0.0610004 -0.581957 -308.289 
-0.584394 -0.0345523 0.810734 638.828 0.0305839 0.997445 0.0645551 14.3513 -0.810893 0.062521 -0.581845 -309.794 
-0.583494 -0.0348952 0.811368 640.986 0.0307379 0.997412 0.0650016 14.4801 -0.811536 0.0628678 -0.580911 -311.314 
-0.582264 -0.033747 0.812299 643.241 0.0307503 0.997509 0.0634836 14.6349 -0.812418 0.0619427 -0.579775 -312.881 
-0.580782 -0.0325095 0.81341 645.356 0.03131 0.997571 0.0622254 14.7616 -0.813457 0.0616073 -0.578353 -314.397 
-0.579507 -0.0315758 0.814355 647.904 0.0328766 0.99753 0.0620737 15.0116 -0.814304 0.0627454 -0.577038 -316.375 
