1 -4.23778e-08 4.22719e-08 0 -4.23778e-08 1 -4.19404e-08 0 4.22719e-08 -4.19404e-08 1 0 
0.999996 -0.00219851 -0.00144277 -0.0171826 0.00220262 0.999993 0.00291293 -0.0195576 0.00143644 -0.00291618 0.999995 1.53791 
0.99999 -0.00321992 -0.00320245 -0.0349497 0.00323204 0.999987 0.00381226 -0.043997 0.00319022 -0.00382266 0.999988 3.04488 
0.999987 -0.00221501 -0.00452238 -0.0731412 0.00223001 0.999992 0.00333516 -0.0557616 0.00451504 -0.00334528 0.999984 4.53578 
0.99998 -0.00190634 -0.00606727 -0.110246 0.00192519 0.999993 0.00311581 -0.0701976 0.00606138 -0.00312752 0.999977 6.02174 
0.999967 -0.00221344 -0.0077869 -0.134142 0.00223944 0.999992 0.00334328 -0.084405 0.00777952 -0.0033607 0.999964 7.53268 
0.999949 -0.00217501 -0.00980653 -0.152412 0.00221158 0.999991 0.0037281 -0.0986469 0.00979841 -0.00374969 0.999945 9.0474 
0.999921 -0.00470443 -0.0116811 -0.184483 0.00474016 0.999984 0.00304031 -0.122623 0.0116667 -0.00309552 0.999927 10.5458 
0.999891 -0.00614168 -0.0134252 -0.217944 0.00618967 0.999974 0.00354244 -0.142323 0.0134032 -0.00362524 0.999904 12.0503 
0.999873 -0.0063371 -0.0146265 -0.263525 0.00638562 0.999974 0.00327895 -0.155107 0.0146054 -0.00337202 0.999888 13.5543 
0.999859 -0.00558107 -0.0158183 -0.305236 0.00563759 0.999978 0.00353638 -0.178023 0.0157983 -0.00362514 0.999869 15.0289 
0.999846 -0.00461211 -0.0169445 -0.34355 0.00467812 0.999982 0.00386305 -0.190016 0.0169265 -0.0039418 0.999849 16.526 
0.999841 -0.00258609 -0.0176525 -0.392299 0.00266762 0.999986 0.00460118 -0.203949 0.0176404 -0.00464762 0.999834 18.0366 
0.999825 -0.00201763 -0.0186035 -0.432976 0.00211767 0.999983 0.00536389 -0.216857 0.0185924 -0.00540244 0.999812 19.515 
0.99981 -0.00234718 -0.0193595 -0.469559 0.00244914 0.999983 0.00524916 -0.230207 0.0193469 -0.00529566 0.999799 20.971 
0.999793 -0.00184896 -0.020238 -0.511835 0.00195778 0.999984 0.0053624 -0.246244 0.0202278 -0.00540099 0.999781 22.4482 
0.999779 -0.00169039 -0.020958 -0.548893 0.0018146 0.999981 0.00591294 -0.258617 0.0209477 -0.00594975 0.999763 23.9395 
0.999775 -0.000907764 -0.0211967 -0.597494 0.00105518 0.999975 0.00694845 -0.270111 0.02119 -0.00696933 0.999751 25.404 
0.99977 -0.00109458 -0.0214187 -0.64324 0.00121745 0.999983 0.00572795 -0.285228 0.0214121 -0.0057528 0.999754 26.8454 
0.999764 -0.000626691 -0.0217045 -0.688292 0.000708361 0.999993 0.00375917 -0.296282 0.0217021 -0.00377374 0.999757 28.286 
0.999764 -0.00206791 -0.0216308 -0.733577 0.00214411 0.999991 0.00350404 -0.309308 0.0216235 -0.00354967 0.99976 29.7083 
0.999756 -0.00319588 -0.0218392 -0.774847 0.00332855 0.999976 0.00604516 -0.32029 0.0218194 -0.00611647 0.999743 31.15 
0.999748 -0.00546924 -0.0217899 -0.820993 0.00562931 0.999957 0.00729523 -0.336621 0.0217492 -0.00741613 0.999736 32.5459 
0.99974 -0.00602341 -0.0219972 -0.861659 0.00616993 0.999959 0.00660277 -0.347066 0.0219566 -0.00673686 0.999736 33.9488 
0.999742 -0.00578311 -0.0219759 -0.89782 0.0058822 0.999973 0.00445095 -0.3526 0.0219496 -0.00457915 0.999749 35.3812 
0.999763 -0.0046158 -0.0212916 -0.950492 0.0046993 0.999981 0.00387729 -0.374091 0.0212734 -0.00397651 0.999766 36.7293 
0.999777 -0.00373155 -0.0207678 -0.998496 0.00379283 0.999988 0.00291605 -0.391919 0.0207567 -0.00299426 0.99978 38.093 
0.999803 -0.00269467 -0.0196397 -1.04182 0.00276563 0.99999 0.00359068 -0.400294 0.0196299 -0.00364437 0.999801 39.4518 
0.999826 -0.00256458 -0.0184463 -1.08305 0.00266932 0.99998 0.00566008 -0.417238 0.0184315 -0.00570842 0.999814 40.7922 
0.999847 -0.002682 -0.0172829 -1.11684 0.00279465 0.999975 0.00650201 -0.430937 0.0172651 -0.0065494 0.999829 42.1095 
0.999881 -0.00215293 -0.0152442 -1.15685 0.00226038 0.999973 0.0070407 -0.444238 0.0152287 -0.00707441 0.999859 43.4124 
0.99992 -0.00259664 -0.0123533 -1.18303 0.00267627 0.999976 0.00644033 -0.459203 0.0123363 -0.00647296 0.999903 44.7009 
0.999954 -0.00291223 -0.00916052 -1.19172 0.00295418 0.999985 0.00457905 -0.463428 0.00914713 -0.00460598 0.999947 45.9992 
0.999977 -0.00315399 -0.00603857 -1.21207 0.00316943 0.999992 0.00256306 -0.47446 0.00603052 -0.00258222 0.999978 47.2558 
0.999994 -0.00274837 -0.00186072 -1.23432 0.00275389 0.999992 0.0030116 -0.488808 0.00185251 -0.00301679 0.999994 48.4846 
0.999992 -0.0024262 0.0032108 -1.24075 0.00241689 0.999993 0.002876 -0.506942 -0.00321767 -0.0028683 0.999991 49.7097 
0.999958 -0.000906298 0.00915695 -1.2429 0.000890426 0.999998 0.00172802 -0.519576 -0.00915841 -0.00171988 0.999956 50.9067 
0.999863 0.000224627 0.0165384 -1.24335 -0.000256274 0.999998 0.00190624 -0.539631 -0.0165379 -0.00191031 0.999861 52.1014 
0.9997 0.001046 0.0244562 -1.2215 -0.0011116 0.999996 0.00266544 -0.551473 -0.0244532 -0.00269191 0.999697 53.2991 
0.999401 0.00315437 0.0344673 -1.19475 -0.00326159 0.99999 0.00305249 -0.563889 -0.0344572 -0.00316316 0.999401 54.4759 
0.998871 0.00575676 0.0471547 -1.1535 -0.00589689 0.999979 0.00283128 -0.574776 -0.0471373 -0.00310623 0.998884 55.6434 
0.998058 0.00752281 0.0618269 -1.10373 -0.00775098 0.999964 0.00345012 -0.595984 -0.0617987 -0.00392272 0.998081 56.7842 
0.996932 0.00985736 0.0776426 -1.02839 -0.0102393 0.999937 0.00452165 -0.606734 -0.077593 -0.00530286 0.996971 57.9218 
0.995418 0.00951993 0.095141 -0.938975 -0.010062 0.999936 0.00521809 -0.622319 -0.0950852 -0.00615156 0.99545 59.0339 
0.993417 0.00903256 0.114196 -0.826734 -0.00959801 0.999944 0.00440185 -0.633817 -0.11415 -0.00546901 0.993448 60.1375 
0.990906 0.00810666 0.13431 -0.697646 -0.00866203 0.999956 0.00355049 -0.647897 -0.134275 -0.00468167 0.990933 61.2256 
0.987845 0.00527379 0.155352 -0.544797 -0.00585893 0.999977 0.00330835 -0.660374 -0.155331 -0.00417841 0.987854 62.2885 
0.984266 0.000272804 0.176692 -0.364674 -0.00125259 0.999984 0.00543312 -0.672421 -0.176687 -0.00556904 0.984251 63.3383 
0.979828 -0.00520603 0.199776 -0.159211 0.00390819 0.999969 0.00688981 -0.684857 -0.199806 -0.00597014 0.979817 64.3807 
0.974667 -0.0106642 0.223408 0.0686131 0.00945015 0.999934 0.00650231 -0.698644 -0.223462 -0.00422642 0.974703 65.4002 
0.968558 -0.0166893 0.248229 0.325118 0.0159391 0.99986 0.00503115 -0.709613 -0.248278 -0.000916474 0.968688 66.3939 
0.961409 -0.0203865 0.274367 0.599845 0.019517 0.999792 0.00589826 -0.721762 -0.274431 -0.000315872 0.961607 67.3699 
0.953188 -0.0233042 0.301478 0.899658 0.0217754 0.999727 0.00843087 -0.73453 -0.301593 -0.00147147 0.953436 68.3316 
0.943897 -0.0277565 0.329072 1.22447 0.0254463 0.999612 0.0113259 -0.741224 -0.329259 -0.00231689 0.944237 69.28 
0.933356 -0.0308659 0.357621 1.57405 0.0287266 0.999523 0.0112939 -0.748907 -0.357799 -0.000268065 0.933798 70.2006 
0.921621 -0.0302468 0.386911 1.94714 0.0296316 0.999532 0.00755585 -0.753689 -0.386958 0.00450109 0.922086 71.1244 
0.908985 -0.0313566 0.415647 2.34707 0.0334645 0.999437 0.00221352 -0.759271 -0.415482 0.0118973 0.909523 72.0043 
0.895078 -0.0330734 0.444682 2.76189 0.036857 0.99932 0.000137184 -0.770324 -0.444384 0.0162668 0.895688 72.8557 
0.879814 -0.0337121 0.47412 3.21162 0.0364166 0.999331 0.00347918 -0.780445 -0.47392 0.0142048 0.880453 73.7005 
0.862523 -0.0325044 0.504972 3.68248 0.0320675 0.99944 0.00955911 -0.793052 -0.505 0.00794819 0.863083 74.5315 
0.843291 -0.0325485 0.536471 4.18239 0.030206 0.999457 0.0131567 -0.798778 -0.536608 0.00510966 0.843816 75.3377 
0.822579 -0.0262547 0.568044 4.70432 0.0260448 0.999625 0.00848672 -0.805299 -0.568054 0.00781354 0.822954 76.1169 
0.801169 -0.0194772 0.598121 5.2548 0.0232827 0.999728 0.0013683 -0.807532 -0.597985 0.0128296 0.801405 76.8662 
0.779136 -0.0169915 0.626624 5.82938 0.0224199 0.999748 -0.000767551 -0.809688 -0.626454 0.0146468 0.779321 77.5945 
0.756161 -0.0195881 0.654093 6.42918 0.0235879 0.999718 0.00266976 -0.822477 -0.653961 0.0134098 0.75641 78.2948 
0.73196 -0.0196832 0.681063 7.04148 0.0235724 0.999716 0.00355837 -0.837451 -0.680939 0.0134496 0.732216 78.9667 
0.707027 -0.0177756 0.706963 7.68175 0.0242667 0.999705 0.000867044 -0.847918 -0.706769 0.0165426 0.70725 79.6148 
0.681148 -0.0154055 0.731983 8.33256 0.0241188 0.999708 -0.00140386 -0.857711 -0.731748 0.0186108 0.681321 80.2325 
0.654483 -0.0130383 0.755964 9.00163 0.0226584 0.99974 -0.00237414 -0.867612 -0.755737 0.0186827 0.654608 80.8247 
0.626783 -0.011424 0.77911 9.69537 0.022383 0.999744 -0.00334787 -0.881434 -0.778872 0.0195372 0.626878 81.3971 
0.598161 -0.00503459 0.80136 10.4153 0.021294 0.999727 -0.00961381 -0.895081 -0.801093 0.0228147 0.598105 81.9521 
0.568446 0.00412459 0.82271 11.1561 0.0202806 0.999613 -0.0190243 -0.914463 -0.822471 0.0274993 0.568142 82.473 
0.537973 0.0123368 0.842872 11.9165 0.0194841 0.999444 -0.0270645 -0.93637 -0.842737 0.0309825 0.537433 82.9678 
0.506325 0.0170681 0.862174 12.7026 0.0170124 0.999412 -0.0297758 -0.964777 -0.862175 0.0297439 0.505737 83.4467 
0.473988 0.0170177 0.880367 13.5171 0.0149275 0.999514 -0.0273579 -0.991465 -0.880404 0.026109 0.473504 83.9017 
0.441376 0.0158821 0.897181 14.3419 0.0105089 0.999683 -0.0228666 -1.02232 -0.89726 0.0195211 0.44107 84.3143 
0.407259 0.0171905 0.913151 15.1909 0.00608993 0.999749 -0.0215369 -1.05394 -0.913292 0.0143321 0.407052 84.7089 
0.372274 0.0204484 0.927897 16.0559 -0.000762046 0.999764 -0.0217265 -1.07883 -0.928122 0.00738111 0.372202 85.0761 
0.336485 0.0222518 0.941426 16.9367 -0.00561229 0.99975 -0.0216245 -1.10844 -0.941672 0.00199276 0.336526 85.4163 
0.300516 0.0217293 0.953529 17.8402 -0.0079297 0.999763 -0.0202839 -1.13416 -0.953744 -0.00146557 0.300617 85.7178 
0.264675 0.0211897 0.964105 18.7577 -0.00873928 0.99977 -0.0195745 -1.16137 -0.964298 -0.00324472 0.264799 85.9794 
0.229015 0.0206876 0.973203 19.6889 -0.00773781 0.999781 -0.0194318 -1.18746 -0.973392 -0.0030803 0.229125 86.2018 
0.193592 0.0193741 0.980891 20.6289 -0.00569966 0.99981 -0.0186229 -1.21186 -0.981065 -0.00198551 0.193666 86.3943 
0.15904 0.0183893 0.987101 21.5788 0.00216147 0.999818 -0.0189746 -1.24055 -0.98727 0.00515131 0.158972 86.5507 
0.125595 0.0217098 0.991844 22.5416 0.00453395 0.999737 -0.0224568 -1.27067 -0.992071 0.00731744 0.125464 86.6731 
0.0926031 0.0272108 0.995331 23.5081 0.00503247 0.999601 -0.0277959 -1.29563 -0.99569 0.00758296 0.0924292 86.7762 
0.0638107 0.0305853 0.997493 24.4671 0.0120961 0.999433 -0.0314187 -1.33189 -0.997889 0.0140706 0.0634045 86.8358 
0.0380413 0.0289171 0.998858 25.4515 0.0136523 0.999473 -0.0294549 -1.36559 -0.999183 0.0147572 0.0376265 86.883 
0.0158992 0.0260488 0.999534 26.4378 0.0156569 0.999531 -0.0262978 -1.40029 -0.999751 0.0160677 0.0154839 86.9033 
-0.00277276 0.0229338 0.999733 27.4105 0.015764 0.999614 -0.0228874 -1.44106 -0.999872 0.0156963 -0.00313322 86.9114 
-0.0193357 0.0261964 0.99947 28.3942 0.0172282 0.999517 -0.0258645 -1.47418 -0.999665 0.016719 -0.0197777 86.9 
-0.0340388 0.0305539 0.998953 29.3801 0.0202799 0.999348 -0.029875 -1.50573 -0.999215 0.0192418 -0.0346363 86.8741 
-0.0461025 0.0356279 0.998301 30.3637 0.0246581 0.9991 -0.0345178 -1.54297 -0.998632 0.0230248 -0.0469395 86.833 
-0.0549337 0.0390044 0.997728 31.3546 0.0297893 0.998856 -0.0374084 -1.58743 -0.998045 0.0276667 -0.0560328 86.7818 
-0.0607597 0.0441385 0.997176 32.3518 0.033881 0.998537 -0.0421344 -1.63485 -0.997577 0.0312252 -0.0621662 86.7232 
-0.0641055 0.0491244 0.996733 33.3563 0.035713 0.998261 -0.0469029 -1.68225 -0.997304 0.0325896 -0.0657484 86.6622 
-0.0666597 0.052922 0.996371 34.3556 0.0382564 0.997994 -0.0504488 -1.74066 -0.997042 0.0347547 -0.0685505 86.5956 
-0.0692316 0.0556074 0.99605 35.3659 0.0378454 0.997873 -0.0530788 -1.8089 -0.996882 0.0340211 -0.0711888 86.5336 
-0.0714242 0.0589234 0.995704 36.3734 0.0392762 0.997645 -0.056221 -1.87308 -0.996672 0.035092 -0.0735703 86.4643 
-0.0732504 0.0626059 0.995347 37.3893 0.0401121 0.997405 -0.0597835 -1.9366 -0.996507 0.0355463 -0.0755716 86.3974 
-0.0753542 0.0638506 0.99511 38.4085 0.0432616 0.997217 -0.0607099 -2.00779 -0.996218 0.0384753 -0.0779068 86.3236 
-0.07721 0.0626806 0.995043 39.4217 0.0431259 0.997298 -0.0594764 -2.07376 -0.996082 0.03832 -0.0797045 86.2498 
-0.079308 0.0624559 0.994892 40.4513 0.0427517 0.99733 -0.0592011 -2.14435 -0.995933 0.0378382 -0.0817664 86.1777 
-0.0813915 0.0638331 0.994636 41.4779 0.0430885 0.997239 -0.0604743 -2.21359 -0.99575 0.0379353 -0.0839172 86.1 
-0.083564 0.0661472 0.994304 42.5082 0.0419714 0.997143 -0.0628087 -2.28006 -0.995618 0.0364838 -0.0861015 86.0225 
-0.0854843 0.0684231 0.993987 43.5414 0.0406262 0.997049 -0.06514 -2.35614 -0.995511 0.0348135 -0.0880118 85.9301 
-0.0878841 0.0720629 0.993521 44.5877 0.038309 0.996886 -0.0689185 -2.43097 -0.995394 0.0320039 -0.0903711 85.8525 
-0.0895636 0.076246 0.993058 45.6338 0.0351505 0.996686 -0.0733545 -2.5125 -0.995361 0.0283366 -0.0919469 85.7617 
-0.0920825 0.0785156 0.992651 46.6686 0.032947 0.996581 -0.0757702 -2.59652 -0.995206 0.0257278 -0.0943545 85.6798 
-0.0944573 0.0772591 0.992526 47.7173 0.0309764 0.996729 -0.0746383 -2.67573 -0.995047 0.0236948 -0.0965416 85.5888 
-0.0973308 0.073108 0.992563 48.7675 0.0277029 0.997111 -0.0707265 -2.75965 -0.994866 0.020613 -0.0990749 85.5061 
-0.0993267 0.0716758 0.99247 49.8288 0.0279871 0.997209 -0.0692171 -2.83864 -0.994661 0.0209013 -0.101056 85.4102 
-0.10113 0.0722199 0.992248 50.8881 0.0272074 0.997189 -0.0698066 -2.9191 -0.994501 0.019937 -0.102811 85.313 
-0.102346 0.075103 0.99191 51.9511 0.0287861 0.996952 -0.0725147 -2.99981 -0.994332 0.0211316 -0.104196 85.2138 
-0.103042 0.0777694 0.991632 53.0051 0.0290095 0.99675 -0.0751565 -3.08245 -0.994254 0.0210225 -0.104963 85.1128 
-0.103312 0.0786882 0.991531 54.0617 0.0278606 0.996703 -0.0761959 -3.16682 -0.994259 0.0197527 -0.105163 85.0171 
-0.103049 0.0776234 0.991643 55.1281 0.0250568 0.996836 -0.0754262 -3.2535 -0.994361 0.0170748 -0.104668 84.9231 
-0.103022 0.0767565 0.991713 56.1897 0.0209056 0.996965 -0.0749913 -3.34636 -0.994459 0.0130066 -0.104314 84.8327 
-0.102869 0.0780344 0.991629 57.2623 0.0169678 0.996911 -0.0766899 -3.43454 -0.99455 0.00893671 -0.103875 84.7379 
-0.10295 0.0783771 0.991594 58.3367 0.0123144 0.996915 -0.0775192 -3.52379 -0.99461 0.00423027 -0.103597 84.6443 
-0.1031 0.0778824 0.991617 59.4203 0.00930682 0.996962 -0.0773346 -3.6146 -0.994627 0.00125562 -0.103511 84.5481 
-0.103394 0.0729076 0.991965 60.5138 0.00968436 0.997336 -0.0722931 -3.69907 -0.994593 0.00213185 -0.103825 84.4505 
-0.103684 0.0641558 0.992539 61.6031 0.0129518 0.99792 -0.0631507 -3.78187 -0.994526 0.00630746 -0.104299 84.3455 
-0.103626 0.0585855 0.992889 62.7009 0.0180396 0.99821 -0.0570167 -3.86251 -0.994453 0.012003 -0.104497 84.2402 
-0.102606 0.0606524 0.992871 63.7964 0.0264545 0.997953 -0.058229 -3.93482 -0.99437 0.0202913 -0.104 84.1236 
-0.101694 0.0663124 0.992603 64.8883 0.0319796 0.997478 -0.0633618 -4.0055 -0.994302 0.0252996 -0.103558 84.0214 
-0.100796 0.0718865 0.992307 65.9962 0.0354949 0.997011 -0.068622 -4.0832 -0.994274 0.028305 -0.103046 83.9155 
-0.1 0.0762274 0.992063 67.1084 0.03645 0.996672 -0.0729074 -4.16422 -0.994319 0.02887 -0.102446 83.8101 
-0.0998419 0.0735355 0.992282 68.238 0.0333763 0.996952 -0.0705233 -4.24727 -0.994443 0.0260776 -0.101992 83.7199 
-0.0993191 0.0689523 0.992664 69.3781 0.0324093 0.997291 -0.0660311 -4.33254 -0.994528 0.0256134 -0.101285 83.6116 
-0.0991718 0.0669718 0.992814 70.5119 0.0299848 0.997481 -0.0642915 -4.41457 -0.994618 0.0233934 -0.10093 83.5145 
-0.0993646 0.0677765 0.99274 71.6539 0.0277422 0.997478 -0.0653234 -4.4953 -0.994664 0.0210499 -0.100994 83.4222 
-0.0988686 0.0731086 0.992411 72.7894 0.0289884 0.997086 -0.0705651 -4.57727 -0.994678 0.0217917 -0.1007 83.3178 
-0.0979591 0.0757486 0.992303 73.9316 0.0287655 0.996898 -0.0732597 -4.66433 -0.994775 0.0213676 -0.0998342 83.2134 
-0.0977088 0.0748372 0.992397 75.088 0.0291464 0.996956 -0.0723114 -4.74928 -0.994788 0.0218594 -0.0995927 83.1132 
-0.0970457 0.0683391 0.992931 76.2413 0.0309337 0.997365 -0.065621 -4.83094 -0.994799 0.0243468 -0.098904 83.0127 
-0.097679 0.0664578 0.992996 77.3835 0.0303701 0.997502 -0.063772 -4.91833 -0.994754 0.0239283 -0.0994533 82.9176 
-0.0969119 0.0696402 0.992854 78.5405 0.0281227 0.997342 -0.0672101 -4.998 -0.994895 0.0214082 -0.0986128 82.8186 
-0.0966519 0.0727177 0.992658 79.7077 0.0279596 0.997132 -0.0703232 -5.08137 -0.994925 0.0209575 -0.0984079 82.7228 
-0.0967974 0.072236 0.992679 80.8822 0.0271977 0.997182 -0.0699117 -5.16789 -0.994932 0.0202313 -0.0984894 82.6258 
-0.096647 0.0691686 0.992912 82.059 0.0269246 0.997399 -0.0668605 -5.25036 -0.994954 0.0202719 -0.098258 82.5238 
-0.0953171 0.0679877 0.993122 83.2502 0.0279706 0.997454 -0.0655997 -5.3353 -0.995054 0.0215255 -0.0969761 82.4138 
-0.093801 0.0687858 0.993212 84.4406 0.0296592 0.997361 -0.0662721 -5.41575 -0.995149 0.0232415 -0.0955936 82.3024 
-0.0920313 0.0689985 0.993363 85.6491 0.0326487 0.997269 -0.0662451 -5.49983 -0.995221 0.0263354 -0.0940327 82.1838 
-0.0910281 0.0687474 0.993472 86.8387 0.0322916 0.997293 -0.0660531 -5.58084 -0.995325 0.0260681 -0.0930017 82.0925 
-0.0892327 0.0692542 0.9936 88.051 0.0339615 0.997211 -0.066456 -5.66983 -0.995432 0.0278141 -0.0913359 81.9901 
-0.0882741 0.0678362 0.993784 89.2559 0.0341004 0.997299 -0.0650472 -5.75119 -0.995512 0.0281464 -0.090349 81.8955 
-0.087468 0.0669393 0.993916 90.4698 0.0330476 0.997385 -0.0642647 -5.84025 -0.995619 0.0272254 -0.0894515 81.8106 
-0.0862516 0.0663342 0.994063 91.6953 0.0340246 0.997395 -0.0636044 -5.924 -0.995692 0.0283366 -0.0882839 81.7178 
-0.0843176 0.0671199 0.994176 92.918 0.0320067 0.997396 -0.0646228 -6.0143 -0.995925 0.0263715 -0.0862464 81.6264 
-0.0828037 0.069973 0.994106 94.1523 0.0324791 0.997191 -0.0674849 -6.0982 -0.996036 0.0266997 -0.0848438 81.5366 
-0.0816998 0.0687325 0.994284 95.3881 0.0298784 0.99734 -0.0664887 -6.18758 -0.996209 0.0242755 -0.083536 81.4508 
-0.0811746 0.0674794 0.994413 96.6266 0.0262284 0.997505 -0.0655483 -6.27842 -0.996355 0.020761 -0.0827419 81.3677 
-0.0810343 0.0687075 0.99434 97.8705 0.0235924 0.997474 -0.0670014 -6.36518 -0.996432 0.0180295 -0.0824506 81.2858 
-0.0813926 0.0683922 0.994333 99.1111 0.020793 0.997542 -0.066911 -6.45073 -0.996465 0.0152291 -0.0826147 81.2046 
-0.0822587 0.0655687 0.994452 100.367 0.0180338 0.997768 -0.0642957 -6.54622 -0.996448 0.0126448 -0.0832576 81.118 
-0.0835158 0.06429 0.99443 101.619 0.0160414 0.997874 -0.0631655 -6.63445 -0.996377 0.0106767 -0.0843696 81.0312 
-0.0848334 0.0636808 0.994358 102.881 0.014345 0.99793 -0.0626858 -6.72205 -0.996292 0.0089462 -0.0855713 80.941 
-0.0860826 0.063835 0.994241 104.137 0.0146275 0.997919 -0.0628047 -6.81198 -0.996181 0.0091369 -0.0868372 80.844 
-0.0881598 0.0625083 0.994143 105.4 0.0142991 0.998006 -0.0614832 -6.89704 -0.996004 0.00879498 -0.0888778 80.7412 
-0.0911999 0.0579826 0.994143 106.665 0.0111838 0.9983 -0.0571991 -6.98122 -0.99577 0.00590179 -0.0916933 80.6439 
-0.0953776 0.0581636 0.99374 107.922 0.0107198 0.998294 -0.0574013 -7.06187 -0.995383 0.00517788 -0.0958383 80.5368 
-0.101178 0.0643644 0.992784 109.161 0.00522694 0.997926 -0.0641651 -7.14474 -0.994854 -0.00130289 -0.101305 80.4392 
-0.108401 0.0675933 0.991807 110.391 0.00578061 0.997712 -0.067364 -7.23218 -0.99409 -0.00156904 -0.108543 80.3282 
-0.116872 0.0635422 0.991112 111.638 0.00783267 0.997979 -0.0630589 -7.32501 -0.993116 0.000393257 -0.117133 80.1881 
-0.127535 0.0613154 0.989937 112.894 0.0106022 0.998114 -0.0604561 -7.4225 -0.991777 0.00278529 -0.127944 80.0357 
-0.140717 0.0619423 0.98811 114.137 0.0101938 0.998079 -0.0611156 -7.5109 -0.989997 0.00147253 -0.141078 79.8803 
-0.155005 0.0622046 0.985953 115.364 0.0121524 0.99806 -0.061058 -7.59535 -0.987839 0.00251738 -0.15546 79.7035 
-0.169028 0.0601083 0.983777 116.582 0.0129347 0.998188 -0.0587666 -7.68009 -0.985526 0.00279161 -0.169499 79.5067 
-0.184433 0.0625823 0.980851 117.78 0.0173127 0.998023 -0.0604227 -7.76588 -0.982693 0.00583724 -0.185152 79.2924 
-0.199626 0.0660154 0.977646 118.971 0.0184215 0.997804 -0.0636152 -7.85343 -0.979699 0.00531043 -0.200404 79.0641 
-0.215042 0.0699095 0.974099 120.145 0.0182122 0.997548 -0.0675719 -7.94118 -0.976435 0.00320973 -0.215788 78.8285 
-0.231092 0.068128 0.970544 121.329 0.014621 0.997676 -0.0665513 -8.02788 -0.972822 -0.00118918 -0.231551 78.569 
-0.246636 0.0627235 0.967076 122.52 0.00950584 0.998012 -0.0623058 -8.11814 -0.969062 -0.00617393 -0.246741 78.2795 
-0.262382 0.0588655 0.963167 123.686 0.00569171 0.998215 -0.0594571 -8.20481 -0.964947 -0.0101184 -0.262249 77.9873 
-0.277273 0.0603505 0.958894 124.853 0.00408148 0.99809 -0.0616373 -8.28943 -0.960782 -0.0131767 -0.27699 77.6699 
-0.292175 0.0622572 0.954336 126.007 0.00345183 0.997941 -0.064045 -8.37374 -0.956359 -0.0154181 -0.291788 77.3477 
-0.305878 0.0648954 0.949856 127.151 0.00571018 0.997781 -0.0663309 -8.45836 -0.952054 -0.0148653 -0.305569 76.9941 
-0.320015 0.0646027 0.945207 128.295 0.00770416 0.997817 -0.0655902 -8.5513 -0.947381 -0.0137078 -0.319814 76.6221 
-0.334157 0.062827 0.940421 129.44 0.00757509 0.997923 -0.0639769 -8.63833 -0.942487 -0.0142545 -0.333938 76.2344 
-0.348233 0.0615471 0.935385 130.567 0.00736204 0.997991 -0.0629258 -8.72761 -0.937379 -0.0150265 -0.347986 75.8245 
-0.363178 0.062864 0.929596 131.688 0.00604659 0.997859 -0.065118 -8.8174 -0.9317 -0.0180286 -0.362781 75.4087 
-0.377889 0.0653347 0.923543 132.801 0.0071653 0.997683 -0.0676479 -8.90102 -0.925823 -0.0189459 -0.377482 74.9697 
-0.392665 0.0672572 0.917219 133.899 0.00862069 0.997548 -0.069457 -8.98906 -0.919641 -0.0193663 -0.392282 74.5207 
-0.407335 0.0700054 0.910592 134.995 0.0113085 0.997368 -0.0716181 -9.07859 -0.913209 -0.0188751 -0.407054 74.0476 
-0.42183 0.0737486 0.903671 136.087 0.0111935 0.997034 -0.076143 -9.17246 -0.906606 -0.0220041 -0.421404 73.5475 
-0.436879 0.0762421 0.896283 137.182 0.012614 0.996823 -0.078646 -9.26878 -0.899432 -0.023053 -0.436452 73.0303 
-0.452409 0.073585 0.888769 138.273 0.0111391 0.996979 -0.076874 -9.36922 -0.891741 -0.0248784 -0.451862 72.5021 
-0.468412 0.0693667 0.880783 139.368 0.0081719 0.997211 -0.0741902 -9.46699 -0.883472 -0.0275539 -0.467672 71.9454 
-0.484688 0.0697582 0.871901 140.448 0.00757288 0.997112 -0.0755663 -9.56068 -0.874654 -0.0300233 -0.483817 71.3708 
-0.500705 0.0687841 0.862881 141.509 0.00626168 0.9971 -0.0758498 -9.65798 -0.865595 -0.0325753 -0.499683 70.7794 
-0.516518 0.0680997 0.853564 142.576 0.00617884 0.997103 -0.0758127 -9.7585 -0.856254 -0.0338846 -0.515443 70.156 
-0.532125 0.0679553 0.843934 143.624 0.0049375 0.997006 -0.0771678 -9.85831 -0.846651 -0.036896 -0.530868 69.5168 
-0.547761 0.0672497 0.833927 144.672 0.00468358 0.996995 -0.0773235 -9.96262 -0.836622 -0.038449 -0.54643 68.8593 
-0.563142 0.0647679 0.823818 145.714 0.00420766 0.997135 -0.0755178 -10.0614 -0.826349 -0.0390609 -0.561802 68.1734 
-0.578661 0.0612544 0.813264 146.744 0.00413091 0.997383 -0.0721829 -10.1599 -0.815558 -0.0384099 -0.5774 67.4744 
-0.593869 0.059616 0.80235 147.77 0.00507518 0.997509 -0.0703603 -10.2608 -0.804545 -0.0377127 -0.592692 66.7453 
-0.609008 0.057952 0.791044 148.776 0.00409755 0.997544 -0.0699256 -10.3559 -0.793154 -0.0393439 -0.607749 66.0055 
-0.624255 0.0589972 0.778989 149.775 0.00251069 0.997291 -0.0735184 -10.4544 -0.781216 -0.0439384 -0.622712 65.2379 
-0.639839 0.0587629 0.766259 150.76 0.000463145 0.997102 -0.0760791 -10.5524 -0.768509 -0.0483235 -0.638012 64.4529 
-0.656113 0.055605 0.752611 151.744 -0.00147033 0.997186 -0.0749567 -10.6536 -0.754661 -0.0502867 -0.654185 63.6382 
-0.673213 0.0483273 0.737867 152.718 -0.00493865 0.997546 -0.0698411 -10.7549 -0.739432 -0.050662 -0.671323 62.8126 
-0.690648 0.0457459 0.721743 153.684 -0.00641408 0.997571 -0.0693664 -10.8503 -0.723163 -0.0525371 -0.688676 61.921 
-0.70861 0.043187 0.704278 154.609 -0.00813086 0.997559 -0.0693522 -10.9455 -0.705554 -0.05487 -0.706529 61.0379 
-0.726953 0.0393714 0.685557 155.514 -0.0115156 0.997516 -0.069498 -11.0436 -0.68659 -0.0584164 -0.724694 60.1387 
-0.744178 0.03721 0.666944 156.402 -0.0115513 0.997581 -0.0685458 -11.1433 -0.667881 -0.0587143 -0.741948 59.1925 
-0.76082 0.0392762 0.647773 157.259 -0.00989515 0.997349 -0.0720939 -11.2387 -0.648888 -0.0612603 -0.758414 58.2344 
-0.776309 0.0388417 0.629155 158.084 -0.00673934 0.997531 -0.0698995 -11.3353 -0.630317 -0.0585037 -0.77413 57.246 
-0.791035 0.040216 0.610448 158.882 -0.00269221 0.997598 -0.06921 -11.4346 -0.611765 -0.0563909 -0.789027 56.2228 
-0.805831 0.0414521 0.590692 159.651 -0.0010324 0.997447 -0.0714048 -11.5378 -0.592144 -0.05815 -0.803731 55.2055 
-0.819988 0.0431424 0.570752 160.405 -0.000187236 0.997135 -0.0756412 -11.6397 -0.57238 -0.0621318 -0.817631 54.1704 
-0.833359 0.0437763 0.550996 161.142 0.00227428 0.997122 -0.075781 -11.74 -0.552728 -0.0618996 -0.83106 53.0823 
-0.84566 0.0415001 0.532106 161.849 0.00312914 0.997341 -0.0728119 -11.8507 -0.533712 -0.0599091 -0.843541 52.0024 
-0.856634 0.0430207 0.514127 162.525 0.00556186 0.997229 -0.0741782 -11.958 -0.515894 -0.0606841 -0.8545 50.9051 
-0.866587 0.0458467 0.496914 163.177 0.00823197 0.996949 -0.0776253 -12.0606 -0.498957 -0.0631785 -0.864321 49.8135 
-0.875944 0.0438843 0.480412 163.818 0.00674818 0.996871 -0.0787574 -12.1729 -0.482365 -0.0657451 -0.873499 48.7014 
-0.88477 0.0411883 0.464205 164.443 0.00556709 0.99695 -0.0778472 -12.2854 -0.465995 -0.0662926 -0.8823 47.5806 
-0.892557 0.0392029 0.449228 165.077 0.00443556 0.996929 -0.0781865 -12.396 -0.450913 -0.0677933 -0.889989 46.4278 
-0.899857 0.0366029 0.434645 165.673 0.00336051 0.997025 -0.0770053 -12.5248 -0.436171 -0.0678331 -0.897303 45.2906 
-0.906714 0.0340205 0.420371 166.273 0.00201911 0.99708 -0.0763382 -12.6306 -0.421741 -0.0683681 -0.904135 44.1195 
-0.912886 0.0284772 0.407219 166.832 -0.0012247 0.997368 -0.0724923 -12.7397 -0.408212 -0.0666759 -0.910449 42.9438 
-0.918381 0.0249295 0.39491 167.369 -0.00260851 0.99761 -0.0690424 -12.8435 -0.395688 -0.0644374 -0.916122 41.7701 
-0.92294 0.025173 0.384119 167.875 -0.000128814 0.997839 -0.0657025 -12.9403 -0.384943 -0.0606889 -0.920943 40.5915 
-0.926466 0.0289467 0.375263 168.381 0.00380832 0.997708 -0.0675583 -13.0333 -0.376358 -0.0611613 -0.924453 39.4033 
-0.928693 0.0347593 0.369217 168.858 0.00980348 0.997551 -0.069254 -13.126 -0.37072 -0.0606961 -0.926759 38.218 
-0.930745 0.0383849 0.363648 169.331 0.0131916 0.997352 -0.0715124 -13.2269 -0.36543 -0.0617627 -0.928787 37.0356 
-0.932506 0.0355753 0.359397 169.81 0.0110097 0.997474 -0.0701698 -13.326 -0.360986 -0.0614769 -0.930543 35.8345 
-0.934577 0.0282681 0.354636 170.296 0.00493334 0.997772 -0.0665316 -13.425 -0.355727 -0.0604294 -0.932634 34.6338 
-0.936519 0.022284 0.349907 170.772 -0.000347878 0.997919 -0.064484 -13.523 -0.350616 -0.0605123 -0.934562 33.4346 
-0.938254 0.015568 0.345596 171.239 -0.00772765 0.997794 -0.0659273 -13.6167 -0.34586 -0.0645272 -0.936065 32.2313 
-0.939751 0.0133752 0.341597 171.708 -0.0108154 0.997571 -0.0688137 -13.7093 -0.341688 -0.0683623 -0.937324 31.031 
-0.940744 0.0132324 0.338859 172.173 -0.0116318 0.997391 -0.0712403 -13.8052 -0.338917 -0.0709604 -0.938136 29.8381 
-0.941211 0.0135387 0.337547 172.629 -0.0119671 0.997233 -0.0733673 -13.9036 -0.337606 -0.0730936 -0.938445 28.6468 
-0.941046 0.0168802 0.337857 173.076 -0.0092016 0.997107 -0.0754475 -14.0045 -0.338154 -0.0741084 -0.938168 27.4351 
-0.940875 0.0176836 0.338292 173.534 -0.00910175 0.996956 -0.0774283 -14.109 -0.338632 -0.0759294 -0.93785 26.2388 
-0.94043 0.0187446 0.33947 173.985 -0.0088216 0.996797 -0.0794787 -14.216 -0.339873 -0.0777389 -0.937253 25.032 
-0.939868 0.0193114 0.340991 174.442 -0.0083123 0.996811 -0.0793635 -14.3224 -0.341437 -0.0774256 -0.93671 23.8458 
-0.939224 0.0185847 0.3428 174.9 -0.00961321 0.996718 -0.0803754 -14.4294 -0.343169 -0.0787859 -0.935964 22.6717 
-0.937892 0.0170808 0.346507 175.366 -0.0118234 0.996633 -0.0811309 -14.5317 -0.346726 -0.0801889 -0.934532 21.4706 
-0.936169 0.01516 0.351223 175.82 -0.0135908 0.996762 -0.0792493 -14.6407 -0.351287 -0.0789641 -0.932932 20.3037 
-0.934287 0.012314 0.35631 176.298 -0.0160944 0.996928 -0.0766549 -14.7529 -0.356159 -0.0773523 -0.931218 19.128 
-0.931508 0.0109529 0.363555 176.771 -0.0169425 0.997155 -0.0734521 -14.8621 -0.363325 -0.0745808 -0.928672 17.9468 
-0.928958 0.0125573 0.369972 177.262 -0.016006 0.997127 -0.0740327 -14.9605 -0.369839 -0.074695 -0.926088 16.7957 
-0.925769 0.0125701 0.377881 177.753 -0.0169398 0.997064 -0.0746679 -15.0603 -0.37771 -0.0755264 -0.922838 15.6482 
-0.921818 0.0156272 0.387307 178.249 -0.0153309 0.996935 -0.0767133 -15.1655 -0.387319 -0.0766535 -0.918753 14.5049 
-0.91742 0.016759 0.397567 178.76 -0.0147008 0.997003 -0.075951 -15.2699 -0.397648 -0.0755235 -0.914424 13.3634 
-0.912151 0.0191603 0.409406 179.277 -0.0136137 0.996939 -0.0769881 -15.3823 -0.409628 -0.0757982 -0.909098 12.221 
-0.906109 0.021144 0.422515 179.827 -0.0133891 0.996816 -0.0785976 -15.4876 -0.422832 -0.0768751 -0.902941 11.0621 
-0.89959 0.0234042 0.436108 180.387 -0.0122487 0.996818 -0.0787616 -15.5952 -0.436564 -0.0761948 -0.896441 9.91599 
-0.893579 0.0215714 0.448388 180.967 -0.0142392 0.99698 -0.0763406 -15.7065 -0.44868 -0.074601 -0.890573 8.8325 
-0.886851 0.024088 0.461428 181.561 -0.0128843 0.996963 -0.076808 -15.8175 -0.461876 -0.0740624 -0.883847 7.71719 
-0.879896 0.0264285 0.47443 182.176 -0.0109862 0.997054 -0.0759173 -15.9271 -0.475039 -0.0720115 -0.877013 6.6057 
-0.872152 0.0279298 0.488436 182.8 -0.00941722 0.997226 -0.0738389 -16.0341 -0.489144 -0.0689985 -0.86947 5.50078 
-0.864273 0.0290973 0.50218 183.433 -0.00752996 0.997465 -0.0707544 -16.1419 -0.502966 -0.0649325 -0.861863 4.42741 
-0.85603 0.031575 0.515961 184.088 -0.00485301 0.997598 -0.0691011 -16.2479 -0.516903 -0.0616566 -0.85382 3.3589 
-0.846817 0.0350497 0.530728 184.769 -0.000957927 0.997724 -0.067419 -16.3484 -0.531883 -0.0575999 -0.844856 2.29411 
-0.835449 0.0379303 0.548258 185.449 0.00142795 0.997762 -0.0668525 -16.4383 -0.549566 -0.055069 -0.833633 1.23613 
-0.824361 0.0408691 0.564587 186.161 0.00447753 0.99783 -0.0656929 -16.5358 -0.566046 -0.0516267 -0.822755 0.211748 
-0.81304 0.0423977 0.580662 186.899 0.00570609 0.997877 -0.0648716 -16.6325 -0.58218 -0.0494299 -0.811556 -0.795659 
-0.801881 0.0438983 0.595869 187.647 0.00513317 0.997767 -0.0665987 -16.712 -0.597462 -0.0503455 -0.800315 -1.75572 
-0.788786 0.0466676 0.612894 188.411 0.00827138 0.997829 -0.0653327 -16.8117 -0.614612 -0.046464 -0.78746 -2.72584 
-0.774787 0.0474466 0.630439 189.198 0.00978112 0.99796 -0.0630855 -16.9037 -0.632147 -0.0427114 -0.773671 -3.67701 
-0.759678 0.0492223 0.648434 189.996 0.0121578 0.998032 -0.0615166 -16.9934 -0.650186 -0.0388493 -0.758781 -4.58373 
-0.742823 0.0520118 0.667465 190.814 0.0135881 0.997943 -0.062642 -17.0797 -0.66935 -0.0374623 -0.742002 -5.49166 
-0.725976 0.0546811 0.685543 191.641 0.0137945 0.997791 -0.0649791 -17.1676 -0.687582 -0.0377165 -0.725127 -6.34289 
-0.707974 0.0554145 0.704061 192.484 0.0127024 0.997755 -0.0657573 -17.2575 -0.706124 -0.0376112 -0.707089 -7.18304 
-0.688944 0.0554961 0.722687 193.36 0.0113283 0.997767 -0.0658206 -17.3455 -0.724726 -0.0371598 -0.688034 -8.00144 
-0.669226 0.0547508 0.741039 194.239 0.00932047 0.997822 -0.0653058 -17.441 -0.743 -0.0367975 -0.668279 -8.76867 
-0.648713 0.0552668 0.759024 195.142 0.00729685 0.997765 -0.066414 -17.5306 -0.760998 -0.0375451 -0.647666 -9.52132 
-0.628414 0.054948 0.775936 196.067 0.00415922 0.997725 -0.0672857 -17.6147 -0.777868 -0.039056 -0.627213 -10.2441 
-0.60732 0.0549146 0.792557 196.989 0.00263643 0.997742 -0.0671112 -17.7039 -0.794453 -0.0386684 -0.606093 -10.9375 
-0.584537 0.054846 0.809511 197.954 0.00213129 0.997813 -0.066065 -17.7917 -0.811364 -0.0368921 -0.583376 -11.6226 
-0.561295 0.0557252 0.825738 198.91 -0.000157833 0.997723 -0.0674391 -17.8729 -0.827616 -0.0379835 -0.560008 -12.2471 
-0.535614 0.0591091 0.842392 199.901 0.00119996 0.997599 -0.0692368 -17.9589 -0.844462 -0.0360733 -0.534399 -12.8693 
-0.508908 0.0600935 0.85872 200.91 -0.000293428 0.997548 -0.0699827 -18.0398 -0.860821 -0.0358667 -0.507643 -13.4592 
-0.481435 0.0587029 0.874514 201.938 -0.00177825 0.997687 -0.0679501 -18.1365 -0.87648 -0.0342686 -0.480217 -14.0161 
-0.453652 0.0573216 0.889333 202.976 -0.00481536 0.997757 -0.0667664 -18.2163 -0.891166 -0.0345712 -0.452359 -14.5244 
-0.42357 0.0587555 0.903956 204.036 -0.00317645 0.997792 -0.0663431 -18.3008 -0.905858 -0.0309723 -0.422448 -15.0187 
-0.392544 0.061191 0.917695 205.11 -0.00344419 0.997679 -0.0679976 -18.3883 -0.919727 -0.0298527 -0.391422 -15.4709 
-0.360776 0.0632935 0.930502 206.182 -0.00354169 0.997594 -0.0692304 -18.474 -0.932646 -0.0282722 -0.359683 -15.8796 
-0.328996 0.0631453 0.942218 207.258 -0.000509651 0.99775 -0.067045 -18.5701 -0.944331 -0.0225378 -0.328224 -16.2457 
-0.296461 0.0628315 0.952976 208.332 -0.000210177 0.997829 -0.0658542 -18.66 -0.955045 -0.0197235 -0.295804 -16.5766 
-0.262309 0.0620848 0.962985 209.466 0.000250729 0.997932 -0.0642697 -18.7497 -0.964984 -0.0166171 -0.261782 -16.8906 
-0.22753 0.0599535 0.971924 210.603 -0.000120423 0.998101 -0.0615966 -18.8374 -0.973771 -0.0141321 -0.227091 -17.1575 
-0.193237 0.0589432 0.97938 211.741 -0.00051089 0.998188 -0.060176 -18.9208 -0.981152 -0.0121286 -0.192856 -17.371 
-0.157648 0.0586266 0.985753 212.898 0.000222094 0.998238 -0.0593337 -18.996 -0.987495 -0.00913488 -0.157383 -17.5475 
-0.122646 0.0582616 0.990739 214.04 8.33254e-05 0.998276 -0.0586946 -19.0749 -0.99245 -0.0071161 -0.122439 -17.6806 
-0.0866182 0.0583621 0.994531 215.19 2.33503e-05 0.998283 -0.0585803 -19.1522 -0.996241 -0.00505089 -0.0864708 -17.779 
-0.0514389 0.0588953 0.996938 216.324 -0.00140725 0.998254 -0.0590458 -19.2303 -0.998675 -0.00444019 -0.0512662 -17.8322 
-0.0169198 0.0579461 0.998176 217.458 -0.00201462 0.998315 -0.0579884 -19.312 -0.999855 -0.00299209 -0.0167745 -17.8484 
0.0168649 0.0569691 0.998233 218.615 -0.00344824 0.998373 -0.0569189 -19.3942 -0.999852 -0.00248221 0.0170339 -17.8255 
0.0497796 0.057483 0.997105 219.761 -0.00499232 0.998344 -0.0573053 -19.4705 -0.998748 -0.00212523 0.0499842 -17.756 
0.0821771 0.0577133 0.994945 220.89 -0.00529968 0.998333 -0.0574722 -19.546 -0.996604 -0.00055 0.082346 -17.6506 
0.114037 0.0558353 0.991906 222.025 -0.00463572 0.998438 -0.0556701 -19.6177 -0.993466 0.00175024 0.114117 -17.513 
0.145049 0.0546875 0.987912 223.176 -0.00354952 0.998494 -0.0547522 -19.692 -0.989418 0.00443515 0.145025 -17.3371 
0.175274 0.0552442 0.982968 224.323 -0.00262472 0.998447 -0.0556462 -19.7552 -0.984516 0.00717331 0.175147 -17.126 
0.205494 0.0548821 0.977118 225.458 -0.000679933 0.998434 -0.0559364 -19.8293 -0.978658 0.0108302 0.205209 -16.8847 
0.235197 0.0546909 0.970408 226.582 0.000656354 0.998406 -0.056428 -19.9003 -0.971947 0.0139086 0.234786 -16.5995 
0.265379 0.0528863 0.962693 227.721 0.00302858 0.998444 -0.0556853 -19.9748 -0.964139 0.0176933 0.264805 -16.2818 
0.2958 0.0508104 0.953897 228.845 0.00558647 0.998475 -0.0549173 -20.0551 -0.955233 0.0215735 0.295066 -15.9328 
0.325367 0.0502847 0.94425 229.959 0.0082662 0.998396 -0.0560166 -20.1293 -0.945552 0.0260313 0.324429 -15.5474 
0.353937 0.050146 0.933924 231.045 0.00836032 0.998352 -0.0567739 -20.1989 -0.935232 0.0279022 0.352934 -15.1289 
0.381888 0.0480568 0.922958 232.136 0.00909477 0.998403 -0.0557483 -20.2785 -0.924164 0.0296837 0.380842 -14.674 
0.410064 0.0468639 0.910852 233.207 0.00931481 0.998412 -0.0555625 -20.3569 -0.912009 0.0312686 0.408976 -14.191 
0.438434 0.0479282 0.897484 234.272 0.0102403 0.998246 -0.0583118 -20.435 -0.898705 0.0347564 0.437174 -13.6659 
0.466203 0.0493735 0.883299 235.299 0.0110809 0.998037 -0.0616356 -20.5077 -0.884608 0.0385224 0.464741 -13.1214 
0.493244 0.0472826 0.868605 236.336 0.0125622 0.99803 -0.0614615 -20.5914 -0.8698 0.0412271 0.491678 -12.5244 
0.51968 0.044107 0.853222 237.344 0.0142639 0.998079 -0.0602833 -20.6703 -0.854242 0.0434983 0.518052 -11.9 
0.544841 0.0421105 0.837481 238.342 0.0135532 0.998165 -0.0590076 -20.7535 -0.83843 0.0435003 0.543271 -11.2463 
0.568071 0.0424824 0.821882 239.33 0.0117174 0.998148 -0.0596925 -20.8342 -0.822896 0.0435399 0.566522 -10.5633 
0.588991 0.0425352 0.807019 240.302 0.0102327 0.998141 -0.0600769 -20.9139 -0.808075 0.0436427 0.587461 -9.84306 
0.6086 0.0412672 0.792403 241.261 0.0096101 0.99819 -0.0593654 -20.9931 -0.793419 0.0437448 0.607102 -9.09757 
0.626827 0.0384495 0.778209 242.221 0.00961059 0.998324 -0.057066 -21.0782 -0.779099 0.0432496 0.625407 -8.30865 
0.644129 0.0350512 0.764114 243.149 0.0108945 0.998428 -0.0549835 -21.159 -0.76484 0.043741 0.642734 -7.51945 
0.66026 0.0322625 0.750344 244.065 0.0120163 0.998495 -0.0535061 -21.2364 -0.750941 0.0443442 0.658878 -6.70273 
0.67582 0.0297181 0.736467 244.963 0.013946 0.998492 -0.0530891 -21.3133 -0.736935 0.0461494 0.674387 -5.87174 
0.690803 0.029516 0.722441 245.844 0.0134952 0.998466 -0.0536977 -21.3862 -0.722917 0.0468439 0.689345 -5.01514 
0.705883 0.0280379 0.707774 246.716 0.0142935 0.998449 -0.0538083 -21.4584 -0.708184 0.0480988 0.704387 -4.13698 
0.720239 0.0261418 0.693234 247.568 0.0135525 0.998569 -0.0517365 -21.5281 -0.693594 0.0466576 0.718853 -3.23798 
0.734355 0.0231892 0.678369 248.398 0.0142314 0.99867 -0.0495444 -21.6024 -0.678616 0.0460373 0.733049 -2.31584 
0.748065 0.0215397 0.663275 249.208 0.0145682 0.998699 -0.0488631 -21.674 -0.663465 0.0462154 0.746778 -1.38075 
0.761608 0.0210813 0.647695 250.012 0.0155012 0.998592 -0.0507299 -21.7457 -0.647853 0.0486763 0.760209 -0.42353 
0.774211 0.0204326 0.632597 250.803 0.0157249 0.998549 -0.051498 -21.815 -0.632732 0.0498179 0.772767 0.55239 
0.785704 0.0194876 0.618295 251.575 0.0153648 0.99858 -0.0509987 -21.8903 -0.618412 0.0495699 0.784289 1.55777 
0.796469 0.0177122 0.60442 252.33 0.0152226 0.998667 -0.0493249 -21.9571 -0.604488 0.0484865 0.795137 2.57975 
0.806794 0.0152455 0.590636 253.061 0.0165639 0.99869 -0.0484043 -22.0275 -0.5906 0.0488355 0.805485 3.6117 
0.816423 0.0152274 0.577254 253.777 0.0162608 0.998649 -0.0493417 -22.0934 -0.577225 0.0496703 0.815073 4.65366 
0.825312 0.0125461 0.564538 254.486 0.0199309 0.998483 -0.0513276 -22.1692 -0.564326 0.0536129 0.823809 5.71119 
0.833296 0.0106606 0.552724 255.171 0.0207232 0.998509 -0.0505014 -22.2375 -0.552438 0.0535367 0.831833 6.78615 
0.840802 0.00747596 0.541291 255.851 0.023175 0.998491 -0.049789 -22.3169 -0.540846 0.0544071 0.83936 7.8691 
0.847484 0.0060836 0.530786 256.525 0.0241028 0.998462 -0.049928 -22.3882 -0.530273 0.0551065 0.846034 8.96823 
0.852731 0.00453354 0.52233 257.191 0.0247901 0.998484 -0.0491376 -22.465 -0.521761 0.0548497 0.851326 10.0843 
0.856537 0.00363722 0.516073 257.85 0.0244924 0.998562 -0.0476884 -22.5337 -0.515504 0.0534867 0.855216 11.2058 
0.85918 0.00290536 0.511664 258.508 0.0241988 0.998634 -0.046305 -22.6077 -0.5111 0.052166 0.857937 12.3393 
0.861819 0.00163357 0.507213 259.165 0.025317 0.99861 -0.0462332 -22.6755 -0.506583 0.0526857 0.86058 13.4854 
0.863889 0.000910783 0.503682 259.811 0.0255003 0.998637 -0.0455427 -22.7488 -0.503037 0.0521878 0.862688 14.6415 
0.865901 -0.0008001 0.500214 260.459 0.026209 0.998698 -0.0437722 -22.8166 -0.499528 0.0510124 0.864795 15.7922 
0.867857 -0.00331397 0.496804 261.093 0.0283839 0.998675 -0.0429217 -22.8955 -0.496003 0.0513511 0.866801 16.9293 
0.870071 -0.00481079 0.492903 261.726 0.0299421 0.998622 -0.0431073 -22.963 -0.492016 0.0522649 0.869016 18.0795 
0.872187 -0.00543038 0.489143 262.371 0.0301751 0.998631 -0.0427185 -23.0355 -0.488242 0.0520184 0.871157 19.2486 
0.874156 -0.0053655 0.485615 263.001 0.0295775 0.998671 -0.0422086 -23.1101 -0.484743 0.0512601 0.873153 20.4166 
0.876068 -0.00672771 0.48214 263.641 0.0306587 0.998657 -0.0417732 -23.1787 -0.481212 0.0513779 0.875097 21.6064 
0.878139 -0.00603484 0.478368 264.27 0.029614 0.998688 -0.0417637 -23.2464 -0.477489 0.0508406 0.877166 22.7905 
0.879467 -0.00489124 0.475934 264.907 0.0282192 0.998724 -0.0418818 -23.3077 -0.475122 0.0502641 0.878483 23.9868 
