1 -4.23778e-08 4.22719e-08 0 -4.23778e-08 1 -4.19404e-08 0 4.22719e-08 -4.19404e-08 1 0 
0.999991 -0.00256712 -0.00335615 -0.0105804 0.00255986 0.999994 -0.00214131 -0.0045221 0.00336171 0.00213261 0.999992 0.680386 
0.999969 -0.00115751 -0.00773912 -0.0243234 0.00112874 0.999992 -0.00370999 -0.00717536 0.00774344 0.00370106 0.999963 1.38223 
0.999928 -0.00154165 -0.0118587 -0.0432853 0.00148165 0.999986 -0.00505943 -0.013699 0.0118664 0.00504142 0.999917 2.10004 
0.999858 6.45016e-05 -0.0168371 -0.0688325 -0.000159857 0.999984 -0.00565713 -0.020631 0.0168365 0.00565894 0.999842 2.83115 
0.999772 -0.00106822 -0.0213143 -0.098083 0.00094525 0.999983 -0.00577479 -0.0310929 0.0213202 0.00575324 0.999756 3.57681 
0.999664 0.000861419 -0.0259021 -0.133305 -0.00104591 0.999974 -0.00710681 -0.038363 0.0258954 0.00713142 0.999639 4.34226 
0.999514 0.00335862 -0.0309749 -0.169926 -0.00360898 0.999961 -0.00802756 -0.041293 0.0309469 0.00813537 0.999488 5.1199 
0.999366 0.00390407 -0.0353941 -0.214034 -0.0041375 0.99997 -0.00652203 -0.0491392 0.0353677 0.00666426 0.999352 5.91603 
0.999201 0.00274414 -0.0398774 -0.256543 -0.00289412 0.999989 -0.00370179 -0.0561741 0.0398669 0.00381416 0.999198 6.71856 
0.999045 0.00241748 -0.0436181 -0.302453 -0.00246864 0.999996 -0.00111734 -0.0651499 0.0436153 0.00122386 0.999048 7.54162 
0.998914 0.00359492 -0.046459 -0.354063 -0.00367185 0.999992 -0.00156896 -0.07537 0.0464531 0.00173777 0.998919 8.36854 
0.9988 0.00323869 -0.0488722 -0.404509 -0.00334021 0.999992 -0.00199402 -0.0795875 0.0488654 0.00215478 0.998803 9.19471 
0.998719 0.00023991 -0.0506005 -0.45465 -0.00036422 0.999997 -0.00244586 -0.0868956 0.0505998 0.00246107 0.998716 10.0296 
0.998606 0.00018849 -0.0527768 -0.509525 -0.000276279 0.999999 -0.00165456 -0.0955636 0.0527765 0.00166674 0.998605 10.8708 
0.998518 -0.00136013 -0.0544093 -0.561895 0.00125986 0.999997 -0.00187563 -0.106708 0.0544118 0.00180422 0.998517 11.727 
0.998413 0.000727257 -0.0563013 -0.623792 -0.000961177 0.999991 -0.00412635 -0.118463 0.0562979 0.00417384 0.998405 12.5899 
0.998318 0.000978791 -0.0579622 -0.681048 -0.00137621 0.999976 -0.0068155 -0.128998 0.0579543 0.00688372 0.998295 13.4594 
0.99821 0.00487064 -0.0596013 -0.752155 -0.00538269 0.99995 -0.00843227 -0.141733 0.0595573 0.00873791 0.998187 14.3374 
0.998152 0.00570579 -0.0604933 -0.820488 -0.00621809 0.999946 -0.00828256 -0.152285 0.0604429 0.00864333 0.998134 15.2242 
0.998067 0.00495847 -0.0619451 -0.890289 -0.00538848 0.999962 -0.00677531 -0.166409 0.0619093 0.00709592 0.998056 16.1218 
0.997951 0.00537184 -0.0637566 -0.957591 -0.00572788 0.999969 -0.00540168 -0.17958 0.0637257 0.00575571 0.997951 17.0219 
0.997892 0.0049368 -0.0647031 -1.02819 -0.00528613 0.999972 -0.00522752 -0.196353 0.0646756 0.00555845 0.997891 17.9251 
0.997771 0.00468 -0.0665641 -1.10025 -0.00508562 0.999969 -0.00592416 -0.212316 0.0665345 0.00624939 0.997764 18.8373 
0.997705 0.0030912 -0.0676332 -1.16874 -0.00353874 0.999973 -0.00649702 -0.228125 0.0676114 0.00672136 0.997689 19.7456 
0.997665 0.00293571 -0.0682329 -1.24031 -0.00327612 0.999983 -0.00487643 -0.240671 0.0682175 0.0050885 0.997657 20.6707 
0.997657 0.00438582 -0.0682661 -1.31819 -0.00450249 0.999989 -0.0015541 -0.252971 0.0682586 0.00185775 0.997666 21.5998 
0.997703 0.00518288 -0.0675407 -1.39503 -0.00506023 0.999985 0.00198823 -0.260317 0.0675501 -0.00164197 0.997714 22.5384 
0.997814 0.00392706 -0.0659736 -1.46914 -0.00361221 0.999981 0.00489215 -0.267073 0.0659917 -0.00464323 0.997809 23.4828 
0.997898 0.00413348 -0.0646656 -1.54134 -0.00379084 0.999978 0.00542181 -0.271707 0.0646867 -0.00516537 0.997892 24.4307 
0.997997 0.00438385 -0.0631098 -1.61714 -0.00423393 0.999988 0.00251038 -0.276451 0.0631202 -0.00223824 0.998003 25.3738 
0.998044 0.00487609 -0.0623285 -1.68823 -0.00503414 0.999984 -0.00237772 -0.283608 0.062316 0.00268675 0.998053 26.3264 
0.998139 0.00393299 -0.0608505 -1.7651 -0.00425014 0.999978 -0.00508204 -0.29656 0.0608293 0.00533112 0.998134 27.2737 
0.998182 0.0014365 -0.0602529 -1.83159 -0.00168391 0.99999 -0.00405427 -0.310468 0.0602466 0.00414827 0.998175 28.2431 
0.998175 -0.000792071 -0.0603822 -1.90272 0.000844854 0.999999 0.000849977 -0.320732 0.0603815 -0.000899526 0.998175 29.2154 
0.998111 -0.00468412 -0.0612567 -1.97107 0.00495229 0.999979 0.00422801 -0.331421 0.0612356 -0.00452347 0.998113 30.1916 
0.997985 -0.0119583 -0.0623052 -2.03442 0.0122061 0.999919 0.00359997 -0.339705 0.0622572 -0.00435331 0.998051 31.1675 
0.997874 -0.013749 -0.0636998 -2.10466 0.0137583 0.999905 -0.00029063 -0.347939 0.0636978 -0.000586479 0.997969 32.1365 
0.997797 -0.0134595 -0.0649611 -2.18048 0.0131954 0.999903 -0.00449119 -0.3581 0.0650153 0.00362402 0.997878 33.1139 
0.997669 -0.0119656 -0.0671794 -2.2599 0.0116377 0.999918 -0.0052696 -0.369087 0.067237 0.00447541 0.997727 34.0975 
0.997618 -0.0121695 -0.0679034 -2.33835 0.0119081 0.99992 -0.00425109 -0.376789 0.0679498 0.00343227 0.997683 35.0914 
0.997555 -0.00898937 -0.0693047 -2.42466 0.00891111 0.999959 -0.0014371 -0.392062 0.0693149 0.000815915 0.997594 36.0834 
0.997487 -0.00853135 -0.0703367 -2.5123 0.00853487 0.999963 -0.000249258 -0.40627 0.0703364 -0.000351771 0.997523 37.0888 
0.997419 -0.00717373 -0.0714435 -2.59506 0.00735225 0.99997 0.00223722 -0.418391 0.0714254 -0.00275681 0.997442 38.0787 
0.997417 -0.0067912 -0.0714988 -2.67508 0.0071774 0.999961 0.00514705 -0.432867 0.0714611 -0.00564702 0.997427 39.083 
0.997378 -0.00144684 -0.0723557 -2.76311 0.00199942 0.999969 0.00756627 -0.440812 0.0723426 -0.00769119 0.99735 40.081 
0.997383 -0.00160381 -0.0722821 -2.85498 0.00209911 0.999975 0.00677806 -0.445882 0.0722695 -0.00691213 0.997361 41.0804 
0.997396 -0.00110415 -0.0721146 -2.93904 0.00146319 0.999987 0.00492725 -0.452443 0.0721083 -0.00502002 0.997384 42.0746 
0.997378 0.00139297 -0.0723466 -3.02372 -0.00123021 0.999997 0.00229533 -0.45536 0.0723497 -0.00220039 0.997377 43.0781 
0.997316 0.000843078 -0.0732081 -3.11273 -0.000662412 0.999997 0.0024932 -0.471588 0.07321 -0.0024381 0.997313 44.0646 
0.997221 -0.000744641 -0.0744991 -3.19982 0.00101915 0.999993 0.00364789 -0.481549 0.0744959 -0.00371377 0.997214 45.0593 
0.997171 0.000119617 -0.0751632 -3.29121 0.000233658 0.999989 0.00469238 -0.492664 0.075163 -0.00469676 0.99716 46.044 
0.997154 0.0022704 -0.0753623 -3.38284 -0.00218717 0.999997 0.00118798 -0.507835 0.0753649 -0.00101986 0.997155 47.0129 
0.997077 0.00308305 -0.0763355 -3.47531 -0.0033197 0.99999 -0.00297238 -0.519082 0.0763257 0.00321702 0.997078 47.9793 
0.997042 0.00375323 -0.0767596 -3.56601 -0.00408516 0.999983 -0.00416658 -0.534027 0.0767428 0.00446775 0.997041 48.9489 
0.997034 0.0024513 -0.0769256 -3.65182 -0.00252322 0.999996 -0.0008368 -0.547289 0.0769233 0.00102833 0.997036 49.9264 
0.997022 0.000816443 -0.0771067 -3.73651 -0.000655583 0.999997 0.00211254 -0.558301 0.0771084 -0.00205579 0.997021 50.9015 
0.996978 -0.00122465 -0.0776748 -3.81743 0.00142564 0.999996 0.00253326 -0.566999 0.0776715 -0.00263643 0.996975 51.8643 
0.996927 -0.00455143 -0.0782006 -3.89609 0.00467783 0.999988 0.00143431 -0.582214 0.0781933 -0.0017958 0.996937 52.8273 
0.996884 -0.00688296 -0.0785798 -3.97869 0.00691381 0.999976 0.000121636 -0.59513 0.0785772 -0.000664631 0.996908 53.7898 
0.996795 -0.00861582 -0.0795323 -4.06725 0.00875029 0.999961 0.00134343 -0.605975 0.0795177 -0.00203515 0.996831 54.7403 
0.996675 -0.0116103 -0.080647 -4.15229 0.0120833 0.999912 0.00538026 -0.615957 0.0805776 -0.00633694 0.996728 55.6916 
0.996611 -0.0124105 -0.0813125 -4.24059 0.0132764 0.999861 0.0101175 -0.621669 0.0811757 -0.0111629 0.996637 56.6427 
0.996573 -0.0106973 -0.0820203 -4.32976 0.011755 0.999854 0.0124245 -0.628601 0.0818754 -0.0133461 0.996553 57.5954 
0.996473 -0.00959993 -0.0833631 -4.41959 0.0103299 0.999912 0.00833007 -0.637662 0.0832759 -0.00916191 0.996484 58.5282 
0.996361 -0.00812068 -0.0848487 -4.5096 0.00819696 0.999966 0.000551639 -0.645458 0.0848414 -0.00124522 0.996394 59.4502 
0.99632 -0.00615628 -0.0854924 -4.60501 0.0058023 0.999973 -0.00438729 -0.657851 0.0855173 0.00387501 0.996329 60.3584 
0.996233 -0.00131218 -0.0867077 -4.69966 0.00100462 0.999993 -0.00358967 -0.673297 0.0867119 0.00348895 0.996227 61.2624 
0.996113 0.00160774 -0.0880682 -4.79537 -0.00172446 0.999998 -0.00124834 -0.691175 0.088066 0.00139527 0.996114 62.159 
0.996016 0.00449607 -0.0890566 -4.88928 -0.00449282 0.99999 0.000237865 -0.708207 0.0890568 0.00016311 0.996026 63.0456 
0.995906 0.00530995 -0.0902396 -4.98121 -0.00532288 0.999986 9.82382e-05 -0.722453 0.0902389 0.000382411 0.99592 63.9144 
0.995779 0.00678815 -0.0915292 -5.07838 -0.00672591 0.999977 0.000989337 -0.737877 0.0915339 -0.000369631 0.995802 64.7599 
0.995657 0.00746735 -0.0927951 -5.17102 -0.00733667 0.999971 0.0017502 -0.753493 0.0928056 -0.00106188 0.995684 65.5942 
0.995525 0.0072155 -0.09422 -5.25958 -0.00702162 0.999972 0.00238999 -0.770792 0.0942348 -0.00171781 0.995548 66.4144 
0.995391 0.00687838 -0.095649 -5.3467 -0.0065782 0.999972 0.00345416 -0.779755 0.0956703 -0.00280913 0.995409 67.2221 
0.995234 0.00984672 -0.0970124 -5.44159 -0.00931835 0.999939 0.0058988 -0.788316 0.0970647 -0.00496678 0.995266 68.0209 
0.995085 0.0112629 -0.09838 -5.53232 -0.0103223 0.999896 0.0100656 -0.79769 0.0984832 -0.00900071 0.995098 68.8142 
0.994889 0.014516 -0.099927 -5.62901 -0.0134192 0.999842 0.0116405 -0.804603 0.10008 -0.0102402 0.994927 69.5909 
0.994712 0.0174087 -0.101213 -5.72468 -0.0167235 0.999831 0.007616 -0.813984 0.101328 -0.00588318 0.994836 70.3446 
0.994589 0.0175576 -0.102391 -5.81658 -0.017617 0.999845 0.000325329 -0.826737 0.10238 0.00148016 0.994744 71.0683 
0.994432 0.0164603 -0.104085 -5.8976 -0.017122 0.999838 -0.00546634 -0.836407 0.103979 0.00721797 0.994553 71.7746 
0.994372 0.0173684 -0.104513 -5.983 -0.0181871 0.999811 -0.00688528 -0.842376 0.104374 0.00874724 0.9945 72.4682 
0.994194 0.0201471 -0.105702 -6.06558 -0.0206242 0.999781 -0.00342163 -0.854316 0.10561 0.0055817 0.994392 73.1571 
0.994038 0.0201374 -0.107154 -6.14533 -0.0203659 0.999792 -0.00103685 -0.87332 0.107111 0.00321286 0.994242 73.8162 
0.993991 0.017045 -0.10813 -6.22422 -0.0176484 0.999833 -0.00462478 -0.883423 0.108033 0.00650522 0.994126 74.4594 
0.994091 0.00896031 -0.108182 -6.29059 -0.0100624 0.999903 -0.00964475 -0.898701 0.108085 0.0106762 0.994084 75.0801 
0.994219 0.00484148 -0.107257 -6.35701 -0.00643566 0.999874 -0.0145212 -0.912063 0.107173 0.0151275 0.994125 75.6815 
0.994525 0.0072999 -0.104244 -6.42702 -0.00890034 0.999849 -0.0148951 -0.925311 0.10412 0.0157413 0.99444 76.271 
0.994881 0.0123809 -0.100294 -6.49605 -0.0136473 0.999835 -0.0119494 -0.940849 0.100129 0.0132569 0.994886 76.8418 
0.995349 0.0105734 -0.0957532 -6.55164 -0.011485 0.999894 -0.00897321 -0.953411 0.0956482 0.0100311 0.995365 77.3999 
0.995918 0.00700604 -0.0899933 -6.59729 -0.00745787 0.999961 -0.00468446 -0.96947 0.089957 0.00533641 0.995931 77.944 
0.996626 0.00271414 -0.0820364 -6.63459 -0.00281867 0.999995 -0.00115738 -0.985813 0.082033 0.00138463 0.996629 78.476 
0.997431 0.00643543 -0.0713437 -6.67501 -0.00655843 0.999977 -0.00148878 -0.994977 0.0713326 0.00195277 0.997451 78.9896 
0.998357 0.0117383 -0.0560905 -6.71498 -0.0118749 0.999927 -0.00210103 -1.00278 0.0560618 0.00276356 0.998423 79.4934 
0.999135 0.0166494 -0.0381137 -6.73616 -0.0167309 0.999858 -0.00181996 -1.00939 0.0380781 0.00245598 0.999272 79.9879 
0.999756 0.0152439 -0.0159584 -6.73546 -0.0152689 0.999882 -0.00144357 -1.01428 0.0159346 0.0016868 0.999872 80.4685 
0.999878 0.0118134 0.0102436 -6.71298 -0.0118092 0.99993 -0.000470878 -1.02417 -0.0102484 0.000349769 0.999947 80.9333 
0.99915 0.0107887 0.039771 -6.67835 -0.0108407 0.999941 0.00108893 -1.03498 -0.0397569 -0.00151923 0.999208 81.3859 
0.997284 0.010399 0.0729098 -6.63022 -0.0106063 0.999941 0.00245512 -1.04322 -0.0728799 -0.00322184 0.997335 81.8323 
0.993816 0.0103444 0.110556 -6.56307 -0.0107403 0.999938 0.00298517 -1.05257 -0.110518 -0.0041542 0.993865 82.2681 
0.988267 0.0107302 0.15236 -6.47703 -0.0112579 0.999933 0.00260052 -1.05544 -0.152322 -0.00428533 0.988322 82.6923 
0.980246 0.0105444 0.1975 -6.36692 -0.0112716 0.999933 0.00255772 -1.0638 -0.19746 -0.00473342 0.9803 83.1061 
0.969005 0.0127632 0.246711 -6.24107 -0.0132604 0.999912 0.000353425 -1.07507 -0.246684 -0.00361401 0.969089 83.505 
0.953957 0.0135876 0.299634 -6.08697 -0.0134242 0.999906 -0.00260442 -1.08601 -0.299641 -0.0015379 0.954051 83.885 
0.934554 0.0139393 0.355549 -5.91438 -0.0131092 0.999903 -0.00474409 -1.09651 -0.35558 -0.000227431 0.934646 84.2482 
0.910742 0.0144542 0.412723 -5.72175 -0.0129165 0.999895 -0.00651578 -1.10583 -0.412774 0.00060319 0.910833 84.5852 
0.882151 0.0146345 0.470739 -5.51134 -0.0119867 0.999891 -0.00862251 -1.11142 -0.470814 0.00196368 0.88223 84.9047 
0.849076 0.0127703 0.528116 -5.278 -0.0085254 0.999909 -0.0104722 -1.12413 -0.528202 0.00438926 0.849107 85.2018 
0.8123 0.0124956 0.583106 -5.0347 -0.00731226 0.99991 -0.0112413 -1.13854 -0.583194 0.00486741 0.812318 85.4809 
0.772306 0.0111517 0.635152 -4.76957 -0.0060391 0.99993 -0.0102133 -1.14832 -0.635221 0.00405197 0.772319 85.7508 
0.729183 0.0106696 0.684236 -4.49301 -0.00736106 0.999943 -0.00774815 -1.16175 -0.684279 0.000613076 0.72922 86.0049 
0.683524 0.00964227 0.729864 -4.20046 -0.00652958 0.999953 -0.00709556 -1.17086 -0.729898 8.42447e-05 0.683556 86.2359 
0.636518 0.00825368 0.771218 -3.89587 -0.0030994 0.999962 -0.0081438 -1.18079 -0.771256 0.00279332 0.636519 86.4423 
0.58916 0.00553333 0.807998 -3.57832 0.00278527 0.999957 -0.00887893 -1.1899 -0.808012 0.00748157 0.589119 86.6243 
0.541773 0.00771307 0.84049 -3.25986 0.000879823 0.999952 -0.00974368 -1.20114 -0.840525 0.00601831 0.54174 86.7987 
0.493909 0.0106028 0.869449 -2.93324 -0.00308603 0.999941 -0.0104411 -1.2138 -0.869508 0.00247379 0.493913 86.9607 
0.447929 0.0128056 0.893977 -2.59974 -0.00337182 0.999914 -0.0126338 -1.22162 -0.894063 0.00264469 0.447934 87.0996 
0.405266 0.0101429 0.914142 -2.25474 0.00391336 0.99991 -0.0128296 -1.22883 -0.91419 0.00877674 0.40519 87.2118 
0.365638 0.0024441 0.930754 -1.89642 0.0192458 0.999763 -0.010186 -1.23258 -0.930558 0.0216375 0.365504 87.2994 
0.330138 -0.00101997 0.943932 -1.53922 0.0234648 0.999699 -0.00712662 -1.23687 -0.943641 0.0245019 0.330063 87.3897 
0.296773 0.0028752 0.954944 -1.18101 0.0207922 0.999739 -0.00947188 -1.24679 -0.954722 0.0226664 0.296636 87.4867 
0.265572 0.0107774 0.964031 -0.816914 0.0100736 0.999852 -0.0139531 -1.26166 -0.964038 0.0134168 0.265424 87.5894 
0.236856 0.0152696 0.971425 -0.442669 0.00517168 0.999842 -0.0169774 -1.27897 -0.971531 0.00904508 0.23674 87.6768 
0.211136 0.0169343 0.97731 -0.0553084 0.0070691 0.999797 -0.0188513 -1.29214 -0.977431 0.0108889 0.210973 87.743 
0.187891 0.0182652 0.98202 0.345523 0.0154747 0.999648 -0.0215539 -1.30059 -0.982068 0.0192463 0.187542 87.7934 
0.168047 0.0244771 0.985475 0.751006 0.021867 0.999353 -0.0285507 -1.30425 -0.985536 0.0263472 0.167403 87.8367 
0.14811 0.0314662 0.98847 1.17295 0.0238828 0.999088 -0.0353828 -1.30392 -0.988682 0.028848 0.147224 87.8917 
0.130495 0.0321566 0.990927 1.61136 0.0216343 0.999143 -0.0352723 -1.31861 -0.991213 0.0260409 0.129687 87.9486 
0.114926 0.0278317 0.992984 2.06632 0.0196575 0.999348 -0.0302853 -1.3422 -0.993179 0.0230002 0.114304 88.0041 
0.100346 0.0245764 0.994649 2.53449 0.0204167 0.999433 -0.0267545 -1.36142 -0.994743 0.0229922 0.0997869 88.0493 
0.0870679 0.0222524 0.995954 3.01059 0.022895 0.999442 -0.0243319 -1.37687 -0.995939 0.0249209 0.0865098 88.0871 
0.0755296 0.0213918 0.996914 3.50626 0.0265911 0.999371 -0.0234592 -1.39214 -0.996789 0.0282809 0.0749133 88.116 
0.065387 0.0220516 0.997616 4.01998 0.0299308 0.999263 -0.0240499 -1.4053 -0.997411 0.031432 0.0646788 88.1452 
0.0574777 0.0226744 0.998089 4.55081 0.0320079 0.999186 -0.0245426 -1.42086 -0.997833 0.0333574 0.0567052 88.1745 
0.0518241 0.0228834 0.998394 5.09573 0.0338268 0.999123 -0.0246561 -1.44016 -0.998083 0.0350503 0.0510046 88.2043 
0.0463704 0.0239847 0.998636 5.66073 0.0354096 0.999044 -0.0256388 -1.45869 -0.998296 0.0365502 0.0454767 88.2304 
0.0403213 0.0245402 0.998885 6.24246 0.0358314 0.99902 -0.02599 -1.47769 -0.998544 0.0368394 0.0394025 88.2578 
0.0362371 0.0246468 0.999039 6.84607 0.0390148 0.998899 -0.0260585 -1.49567 -0.998581 0.0399216 0.0352356 88.277 
0.0332014 0.0247903 0.999141 7.46389 0.040056 0.998856 -0.0261143 -1.51458 -0.998646 0.0408886 0.0321704 88.3016 
0.030295 0.0241949 0.999248 8.10299 0.0410801 0.998832 -0.0254304 -1.5352 -0.998696 0.0418196 0.0292657 88.3235 
0.0278134 0.0238169 0.999329 8.76853 0.0432787 0.99875 -0.0250077 -1.55216 -0.998676 0.0439453 0.0267479 88.3514 
0.0272469 0.0234772 0.999353 9.44418 0.0477094 0.998554 -0.0247593 -1.57288 -0.998489 0.0483532 0.0260874 88.3681 
0.0282821 0.0231115 0.999333 10.134 0.0516223 0.998365 -0.0245502 -1.59592 -0.998266 0.0522821 0.0270428 88.3921 
0.0306495 0.0230943 0.999263 10.8435 0.0531186 0.998283 -0.0247009 -1.61778 -0.998118 0.0538365 0.0293701 88.4209 
0.0343716 0.0230919 0.999142 11.5668 0.0555918 0.998141 -0.0249813 -1.63854 -0.997862 0.0564027 0.033024 88.4579 
0.038886 0.0225577 0.998989 12.3091 0.0559208 0.998129 -0.0247151 -1.66137 -0.997678 0.0568254 0.0375518 88.4925 
0.042927 0.0209558 0.998858 13.0648 0.0574235 0.998075 -0.0234073 -1.68447 -0.997427 0.0583627 0.041641 88.5305 
0.046625 0.0194485 0.998723 13.8345 0.0574468 0.998103 -0.0221184 -1.70667 -0.997259 0.0584047 0.0454193 88.587 
0.0510825 0.017286 0.998545 14.6291 0.0545923 0.998307 -0.0200747 -1.73412 -0.997201 0.0555383 0.0500523 88.6377 
0.0548369 0.0162843 0.998362 15.4234 0.0536966 0.998372 -0.0192339 -1.75685 -0.99705 0.0546634 0.0538732 88.7011 
0.0585385 0.0173102 0.998135 16.2273 0.0509184 0.998496 -0.0203029 -1.78256 -0.996986 0.0520119 0.0575691 88.7731 
0.0617246 0.0214292 0.997863 17.0338 0.049275 0.998485 -0.0244907 -1.80785 -0.996876 0.0506813 0.0605752 88.8343 
0.0627107 0.0270055 0.997666 17.8399 0.0435683 0.998607 -0.0297697 -1.83238 -0.99708 0.0453335 0.0614468 88.9147 
0.0628577 0.0302551 0.997564 18.6541 0.0409703 0.99862 -0.0328688 -1.8615 -0.997181 0.0429365 0.0615314 88.9743 
0.0630139 0.0296108 0.997573 19.4771 0.0385936 0.99874 -0.0320834 -1.90079 -0.997266 0.0405217 0.0617917 89.0416 
0.0633997 0.0277864 0.997601 20.3036 0.0359263 0.998901 -0.0301059 -1.94052 -0.997341 0.0377488 0.0623317 89.1025 
0.0631268 0.0264296 0.997655 21.1292 0.0367058 0.998911 -0.0287856 -1.97513 -0.99733 0.0384368 0.062088 89.1686 
0.0634207 0.0259521 0.997649 21.949 0.0342728 0.999015 -0.0281665 -2.00986 -0.997398 0.0359786 0.0624688 89.2403 
0.0638138 0.0260806 0.997621 22.765 0.032498 0.999074 -0.0281975 -2.04963 -0.997432 0.0342201 0.0629071 89.3021 
0.0636915 0.0268741 0.997608 23.5835 0.0295071 0.99915 -0.0287995 -2.08215 -0.997533 0.0312708 0.0628444 89.374 
0.0623171 0.0282883 0.997655 24.3977 0.0265188 0.999198 -0.0299886 -2.11803 -0.997704 0.0283254 0.0615169 89.4441 
0.059721 0.0278305 0.997827 25.2127 0.0235832 0.999293 -0.029283 -2.15301 -0.997936 0.0252808 0.0590224 89.5048 
0.0559116 0.0266027 0.998081 26.0279 0.0215297 0.99938 -0.0278435 -2.18645 -0.998203 0.0230451 0.0553042 89.5631 
0.0514032 0.0243899 0.99838 26.8438 0.0199479 0.999477 -0.0254439 -2.21794 -0.998479 0.0212235 0.0508898 89.6132 
0.045002 0.0222304 0.998739 27.6534 0.017923 0.999573 -0.0230566 -2.2539 -0.998826 0.018938 0.0445844 89.6637 
0.037599 0.0225306 0.999039 28.4633 0.0176105 0.999576 -0.0232056 -2.28541 -0.999138 0.0184661 0.0371863 89.7045 
0.0289879 0.0235647 0.999302 29.2669 0.0173158 0.99956 -0.0240732 -2.31519 -0.99943 0.0180015 0.0285672 89.7362 
0.0191588 0.0240928 0.999526 30.0729 0.0178545 0.999542 -0.0244355 -2.34382 -0.999657 0.0183142 0.0187198 89.757 
0.00899252 0.023085 0.999693 30.8723 0.0192179 0.999545 -0.0232546 -2.37418 -0.999775 0.0194211 0.00854478 89.7678 
-0.00169675 0.022045 0.999755 31.6697 0.0181279 0.999593 -0.0220107 -2.40593 -0.999834 0.0180861 -0.00209569 89.7746 
-0.0127799 0.0214018 0.999689 32.4585 0.0194121 0.999588 -0.0211515 -2.4343 -0.99973 0.0191358 -0.01319 89.7684 
-0.0237173 0.0217584 0.999482 33.2428 0.0199789 0.999574 -0.0212864 -2.46333 -0.999519 0.0194636 -0.0241419 89.7559 
-0.0347335 0.0224362 0.999145 34.0224 0.0200191 0.999563 -0.0217497 -2.49288 -0.999196 0.0192465 -0.0351675 89.7333 
-0.0453105 0.0236085 0.998694 34.7968 0.0197964 0.999546 -0.0227305 -2.52135 -0.998777 0.0187406 -0.0457572 89.7042 
-0.0555711 0.0247545 0.998148 35.5662 0.0209686 0.999501 -0.0236207 -2.54844 -0.998234 0.0196171 -0.0560624 89.6659 
-0.0650556 0.0252568 0.997562 36.3262 0.0217077 0.999479 -0.0238898 -2.57984 -0.997645 0.0201006 -0.06557 89.622 
-0.0748787 0.0256617 0.996862 37.0796 0.0222844 0.999462 -0.0240548 -2.61062 -0.996944 0.0204133 -0.0754103 89.5723 
-0.0840022 0.0261205 0.996123 37.8267 0.0229856 0.999441 -0.0242692 -2.63873 -0.9962 0.0208578 -0.0845556 89.5113 
-0.0926546 0.0258129 0.995364 38.5623 0.0240275 0.999431 -0.0236818 -2.66336 -0.995408 0.0217218 -0.0932221 89.4512 
-0.100068 0.0245331 0.994678 39.2935 0.0256823 0.999426 -0.0220666 -2.69493 -0.994649 0.0233375 -0.100641 89.384 
-0.105142 0.0229115 0.994193 40.0118 0.0287259 0.999387 -0.0199933 -2.72063 -0.994042 0.026457 -0.105736 89.307 
-0.108972 0.0211043 0.993821 40.7262 0.0318232 0.999336 -0.0177321 -2.74971 -0.993535 0.0296943 -0.109571 89.2309 
-0.111563 0.0202522 0.993551 41.4275 0.0332825 0.999307 -0.0166324 -2.76984 -0.9932 0.0312123 -0.11216 89.1577 
-0.113339 0.0193065 0.993369 42.1145 0.0337741 0.999308 -0.0155685 -2.79426 -0.992982 0.0317856 -0.113912 89.0841 
-0.113981 0.0194789 0.993292 42.7891 0.0345854 0.999279 -0.0156277 -2.82344 -0.992881 0.0325722 -0.114573 89.0122 
-0.113162 0.0206153 0.993363 43.4478 0.0353954 0.999234 -0.016705 -2.84162 -0.992946 0.0332701 -0.113805 88.9464 
-0.109939 0.0221822 0.993691 44.0874 0.036673 0.999161 -0.018247 -2.86435 -0.993261 0.0344356 -0.11066 88.8772 
-0.104818 0.0228159 0.99423 44.7145 0.0370012 0.999134 -0.0190277 -2.88605 -0.993803 0.0347932 -0.105571 88.8244 
-0.0967758 0.0236452 0.995025 45.3236 0.0365134 0.999129 -0.0201915 -2.90739 -0.994636 0.0343777 -0.0975549 88.777 
-0.0854332 0.0236184 0.996064 45.9148 0.0354723 0.999157 -0.0206494 -2.92915 -0.995712 0.0335685 -0.086199 88.7391 
-0.0716936 0.0239196 0.99714 46.4784 0.0347015 0.999167 -0.0214733 -2.95147 -0.996823 0.0330627 -0.0724639 88.7131 
-0.0544881 0.0252493 0.998195 47.024 0.0337728 0.999155 -0.0234301 -2.9753 -0.997943 0.0324352 -0.0552948 88.703 
-0.0329875 0.0276942 0.999072 47.5616 0.0320297 0.999132 -0.0266384 -3.00115 -0.998942 0.0311212 -0.0338459 88.7055 
-0.00825656 0.0308931 0.999489 48.0887 0.02988 0.999084 -0.0306339 -3.02212 -0.999519 0.0296118 -0.00917208 88.723 
0.020321 0.0324035 0.999268 48.617 0.0278535 0.999068 -0.0329636 -3.049 -0.999405 0.028503 0.0193995 88.7562 
0.0539341 0.031895 0.998035 49.1392 0.0261571 0.999102 -0.0333427 -3.07203 -0.998202 0.027904 0.0530514 88.8042 
0.0926958 0.0294566 0.995259 49.6668 0.0250939 0.999176 -0.0319098 -3.0955 -0.995378 0.0279328 0.0918802 88.8725 
0.135389 0.0258776 0.990454 50.1737 0.0229333 0.999309 -0.0292439 -3.11503 -0.990527 0.0266737 0.134702 88.9629 
0.181286 0.0214022 0.983197 50.6811 0.0203503 0.999467 -0.0255087 -3.14043 -0.98322 0.0246327 0.180754 89.0819 
0.230782 0.0183501 0.972832 51.1748 0.0156581 0.999623 -0.0225701 -3.16063 -0.972879 0.0204414 0.230408 89.2186 
0.283216 0.0165942 0.958913 51.6566 0.0118016 0.999714 -0.020786 -3.18328 -0.958983 0.0172036 0.282939 89.386 
0.33929 0.016183 0.940542 52.123 0.0107584 0.99972 -0.0210823 -3.20167 -0.94062 0.0172717 0.339021 89.5742 
0.398164 0.0162378 0.91717 52.5763 0.0126093 0.999652 -0.0231722 -3.22319 -0.917228 0.0207911 0.397821 89.796 
0.458535 0.0198761 0.888454 53.0056 0.0130888 0.99949 -0.0291154 -3.23597 -0.88858 0.0249792 0.458041 90.0489 
0.517915 0.0228614 0.855126 53.4019 0.0139884 0.999283 -0.0351876 -3.25569 -0.855318 0.030186 0.517224 90.334 
0.575715 0.0270491 0.817203 53.7652 0.00924877 0.999173 -0.0395881 -3.27595 -0.817598 0.0303496 0.574989 90.6457 
0.631028 0.0303133 0.775168 54.1061 0.00467505 0.999069 -0.0428749 -3.29022 -0.775746 0.0306792 0.630299 90.9875 
0.683288 0.031222 0.729481 54.418 0.0024793 0.99898 -0.0450791 -3.30915 -0.730145 0.0326105 0.682513 91.3422 
0.731492 0.0297482 0.681201 54.7024 0.001192 0.99899 -0.0449063 -3.32793 -0.681849 0.0336606 0.730718 91.7162 
0.776159 0.0264334 0.629983 54.9596 -0.00178322 0.999209 -0.039729 -3.3526 -0.630535 0.0297125 0.775592 92.1059 
0.816992 0.021442 0.57625 55.1997 -0.0029105 0.999449 -0.0330628 -3.36938 -0.576641 0.0253348 0.816604 92.5253 
0.852861 0.0189255 0.521794 55.4064 -0.00583361 0.999626 -0.0267217 -3.38896 -0.522105 0.0197459 0.852653 92.9538 
0.883495 0.0158205 0.468173 55.5847 -0.00733667 0.999774 -0.0199395 -3.40369 -0.468383 0.0141815 0.883412 93.3927 
0.908586 0.0164106 0.417376 55.7394 -0.0113669 0.999829 -0.0145674 -3.42147 -0.417543 0.00849146 0.908617 93.8455 
0.928306 0.0186287 0.37135 55.8731 -0.0155565 0.999815 -0.0112675 -3.43734 -0.371491 0.00468266 0.928425 94.2862 
0.943214 0.0245535 0.331278 55.9873 -0.0229924 0.999698 -0.00863147 -3.45 -0.331389 0.000524399 0.943494 94.7531 
0.954573 0.0292151 0.296543 56.0792 -0.0276038 0.999573 -0.00962033 -3.45944 -0.296697 0.000997508 0.954971 95.2274 
0.963545 0.0314908 0.265687 56.1804 -0.0300465 0.999503 -0.00950052 -3.46753 -0.265854 0.00117114 0.964012 95.7032 
0.9695 0.0256724 0.243744 56.2852 -0.0241653 0.999666 -0.00917229 -3.47629 -0.243898 0.00300231 0.969796 96.1849 
0.973368 0.022875 0.228105 56.3838 -0.0214619 0.999732 -0.00867404 -3.48741 -0.228242 0.00354739 0.973598 96.6725 
0.976164 0.0266996 0.215386 56.4703 -0.0253837 0.999638 -0.00887445 -3.49702 -0.215545 0.00319557 0.976489 97.1717 
0.977984 0.032246 0.206174 56.5439 -0.0311599 0.999478 -0.00851411 -3.50293 -0.206341 0.00190224 0.978478 97.6878 
0.978957 0.0400919 0.200091 56.6262 -0.0388874 0.999194 -0.00994871 -3.50888 -0.200329 0.00195827 0.979727 98.2038 
0.979356 0.0456538 0.196922 56.7163 -0.0438369 0.998946 -0.013578 -3.51999 -0.197334 0.00466519 0.980325 98.7262 
0.979425 0.046943 0.196273 56.8086 -0.0446288 0.998872 -0.0161997 -3.53407 -0.196812 0.00710693 0.980415 99.2619 
0.979002 0.0452898 0.198755 56.9155 -0.0421969 0.998914 -0.0197722 -3.54893 -0.199435 0.0109701 0.97985 99.8041 
0.978328 0.0437248 0.202392 57.0315 -0.0391812 0.998883 -0.0264045 -3.55749 -0.203321 0.0179022 0.978948 100.351 
0.97742 0.0441819 0.206634 57.1431 -0.0385861 0.998773 -0.0310356 -3.57419 -0.207752 0.0223616 0.977926 100.917 
0.976335 0.0484793 0.210761 57.2594 -0.0429326 0.998602 -0.0308173 -3.58891 -0.21196 0.0210394 0.977052 101.496 
0.974911 0.0517187 0.216502 57.3763 -0.0469741 0.998531 -0.0270075 -3.60735 -0.217581 0.0161599 0.975908 102.093 
0.974002 0.0486445 0.221254 57.508 -0.0447587 0.998743 -0.0225462 -3.62684 -0.222072 0.012057 0.974956 102.701 
0.973377 0.0443888 0.22487 57.6537 -0.0416252 0.998988 -0.0170186 -3.64585 -0.225398 0.00720517 0.97424 103.32 
0.972573 0.0416922 0.228831 57.7926 -0.0398776 0.999126 -0.0125505 -3.66102 -0.229154 0.00308099 0.973385 103.952 
0.972068 0.0368231 0.231794 57.9405 -0.034969 0.999315 -0.0121044 -3.67087 -0.23208 0.00366067 0.97269 104.591 
0.972135 0.0331039 0.232071 58.0899 -0.0304296 0.999423 -0.0150955 -3.68779 -0.232436 0.007613 0.972582 105.242 
0.972282 0.0319177 0.231622 58.2379 -0.0275076 0.999374 -0.0222462 -3.70241 -0.232187 0.0152582 0.972551 105.895 
0.972434 0.0337286 0.230727 58.3815 -0.0278219 0.999198 -0.0288078 -3.72185 -0.231513 0.0215944 0.972592 106.557 
0.972985 0.0362109 0.228009 58.5251 -0.0295783 0.999036 -0.0324409 -3.74221 -0.228964 0.0248204 0.973118 107.236 
0.973696 0.0338522 0.225324 58.6811 -0.0281461 0.999198 -0.0284899 -3.76058 -0.226107 0.0213984 0.973867 107.927 
0.974121 0.0294782 0.224097 58.8348 -0.0254144 0.999456 -0.0209978 -3.7859 -0.224594 0.014759 0.974341 108.643 
0.974714 0.0295428 0.221493 58.9883 -0.0268708 0.999525 -0.0150683 -3.81337 -0.221833 0.00873551 0.975046 109.365 
0.975012 0.0330336 0.219684 59.1351 -0.0302974 0.999416 -0.0158139 -3.8344 -0.220078 0.00876286 0.975443 110.095 
0.975332 0.0386371 0.217336 59.2782 -0.0349987 0.999176 -0.0205672 -3.8527 -0.217952 0.0124532 0.97588 110.835 
0.976101 0.0396054 0.213675 59.4244 -0.034851 0.999055 -0.0259737 -3.87041 -0.214502 0.0179061 0.976559 111.587 
0.977056 0.0383405 0.209502 59.5796 -0.0329887 0.999035 -0.0289823 -3.88996 -0.210411 0.0214061 0.977379 112.349 
0.978012 0.035717 0.205465 59.7368 -0.0306946 0.999148 -0.0275811 -3.91534 -0.206275 0.0206679 0.978276 113.122 
0.978871 0.0318197 0.201987 59.8884 -0.0272454 0.999306 -0.0253875 -3.94611 -0.202655 0.0193478 0.979059 113.901 
0.97933 0.0305082 0.199953 60.0445 -0.0264784 0.999389 -0.0227983 -3.97081 -0.200526 0.0170325 0.97954 114.702 
0.979706 0.0271296 0.198597 60.2027 -0.0235263 0.999513 -0.020482 -3.99519 -0.199056 0.015394 0.979867 115.504 
0.979755 0.0219673 0.198989 60.3403 -0.018488 0.999642 -0.0193265 -4.01728 -0.199343 0.0152563 0.979811 116.319 
0.979925 0.0231633 0.198016 60.4967 -0.0199843 0.999637 -0.0180382 -4.03895 -0.198362 0.0137188 0.980033 117.133 
0.979758 0.0283994 0.198158 60.6454 -0.0249281 0.999489 -0.0199917 -4.0638 -0.198625 0.0146473 0.979966 117.956 
0.979434 0.0339329 0.198893 60.7887 -0.0298831 0.999281 -0.0233296 -4.08892 -0.199541 0.0169062 0.979744 118.789 
0.978936 0.0428293 0.199625 60.9387 -0.0385327 0.998935 -0.0253612 -4.10569 -0.200498 0.0171348 0.979544 119.629 
0.978056 0.0487003 0.202572 61.0859 -0.0445935 0.998697 -0.0247915 -4.13365 -0.203516 0.015214 0.978953 120.467 
0.977335 0.0513231 0.205383 61.2454 -0.0476319 0.998603 -0.0228801 -4.16632 -0.20627 0.0125787 0.978414 121.315 
0.976782 0.0514855 0.207955 61.4099 -0.0476088 0.998587 -0.0236078 -4.19623 -0.208877 0.0131591 0.977853 122.16 
0.976437 0.0501465 0.209893 61.5759 -0.045622 0.998611 -0.0263461 -4.2247 -0.210922 0.0161495 0.977369 123.004 
0.976459 0.0441742 0.211132 61.7586 -0.039766 0.998894 -0.0250819 -4.2547 -0.212006 0.0160955 0.977136 123.85 
0.976719 0.0374913 0.21122 61.9375 -0.032681 0.999122 -0.0262208 -4.29146 -0.212017 0.0187074 0.977087 124.682 
0.976505 0.0365596 0.212372 62.1146 -0.0316836 0.999151 -0.026319 -4.32656 -0.213154 0.0189718 0.976834 125.53 
0.975989 0.0394293 0.21422 62.2863 -0.035207 0.999104 -0.0234918 -4.35904 -0.214954 0.0153857 0.976503 126.378 
0.975623 0.0416258 0.215469 62.4542 -0.0387066 0.999093 -0.0177524 -4.3867 -0.216012 0.00897951 0.976349 127.222 
0.975307 0.0449918 0.216224 62.6192 -0.0430654 0.998979 -0.0136155 -4.41588 -0.216616 0.00396748 0.976249 128.056 
0.975126 0.0440751 0.217226 62.7914 -0.0406822 0.99897 -0.0200691 -4.44795 -0.217887 0.0107326 0.975915 128.89 
0.975348 0.0401717 0.216986 62.967 -0.0335256 0.998852 -0.0342261 -4.48149 -0.218111 0.0261077 0.975575 129.707 
0.975594 0.0377199 0.216317 63.1452 -0.0290044 0.99864 -0.0433264 -4.51396 -0.217657 0.0359948 0.975361 130.52 
0.9759 0.0348259 0.215423 63.3179 -0.0280731 0.999016 -0.0343288 -4.54701 -0.216406 0.0274538 0.975917 131.347 
0.976358 0.0283578 0.214292 63.4975 -0.0260487 0.999568 -0.0135928 -4.5801 -0.214584 0.00768934 0.976675 132.199 
0.976699 0.0247076 0.213188 63.6721 -0.0256137 0.999671 0.00148852 -4.61259 -0.213081 -0.00691444 0.97701 133.044 
0.976754 0.0288416 0.212414 63.834 -0.0285684 0.999582 -0.00435621 -4.63162 -0.21245 -0.00181345 0.97717 133.859 
0.976988 0.0368936 0.210079 63.9869 -0.0333506 0.999236 -0.0203846 -4.65061 -0.210671 0.0129092 0.977472 134.66 
0.977282 0.0368906 0.208708 64.1482 -0.0316676 0.999097 -0.0283135 -4.66962 -0.209564 0.0210609 0.977568 135.471 
0.97791 0.0328034 0.206438 64.3166 -0.0273614 0.9992 -0.0291624 -4.70217 -0.207229 0.0228697 0.978025 136.278 
0.978552 0.0322592 0.203456 64.4759 -0.0272246 0.999251 -0.027497 -4.74042 -0.204191 0.0213681 0.978698 137.102 
0.979291 0.0316707 0.199964 64.6249 -0.0264063 0.999232 -0.0289404 -4.76937 -0.200727 0.0230606 0.979376 137.916 
0.980251 0.0328794 0.195005 64.7713 -0.0274742 0.999161 -0.0303598 -4.80522 -0.195839 0.0244026 0.980332 138.728 
0.980661 0.0377723 0.192034 64.9071 -0.0325059 0.999006 -0.0305028 -4.84344 -0.192995 0.0236706 0.980914 139.539 
0.980843 0.0436925 0.189835 65.039 -0.0384894 0.998778 -0.0310118 -4.87463 -0.190958 0.0231111 0.981326 140.348 
0.981133 0.0453447 0.187939 65.1755 -0.0406118 0.998755 -0.0289604 -4.91082 -0.189018 0.0207813 0.981754 141.155 
0.981427 0.0431793 0.186911 65.3153 -0.0393149 0.99893 -0.0243347 -4.94475 -0.187762 0.0165343 0.982075 141.962 
0.98187 0.0415383 0.184949 65.4587 -0.0377067 0.998996 -0.0241885 -4.97901 -0.185768 0.0167761 0.98245 142.766 
0.982455 0.0396313 0.182242 65.5964 -0.0352651 0.999009 -0.0271388 -5.01274 -0.183137 0.0202358 0.982879 143.558 
0.983544 0.0345302 0.177338 65.7353 -0.0295098 0.999088 -0.0308711 -5.04663 -0.178242 0.0251298 0.983666 144.35 
0.984805 0.0316141 0.170761 65.8683 -0.0265759 0.999144 -0.031711 -5.07969 -0.171617 0.026691 0.984802 145.141 
0.985948 0.0303748 0.164265 65.9915 -0.0263579 0.999299 -0.0265795 -5.10445 -0.164957 0.0218763 0.986058 145.937 
0.987108 0.0275218 0.157673 66.1137 -0.024988 0.999525 -0.0180308 -5.13858 -0.158095 0.0138583 0.987327 146.744 
0.987763 0.0244465 0.154032 66.2302 -0.0233805 0.999688 -0.00872926 -5.16412 -0.154197 0.00502102 0.988027 147.555 
0.988262 0.031174 0.149552 66.3317 -0.0305922 0.999513 -0.00619085 -5.18481 -0.149672 0.00154299 0.988734 148.349 
0.988891 0.0338019 0.14475 66.4287 -0.0325746 0.99941 -0.0108422 -5.20623 -0.145031 0.00600649 0.989409 149.142 
0.989981 0.0344917 0.136921 66.5262 -0.0318597 0.999264 -0.0213693 -5.22185 -0.137557 0.0167929 0.990351 149.936 
0.990938 0.031328 0.130616 66.6172 -0.0280727 0.999249 -0.0266905 -5.24091 -0.131354 0.0227818 0.991074 150.738 
0.991803 0.0307014 0.124032 66.7008 -0.0276984 0.999282 -0.0258648 -5.26353 -0.124737 0.0222172 0.991941 151.558 
0.992534 0.0373411 0.116112 66.7755 -0.0349635 0.999136 -0.0224481 -5.29284 -0.11685 0.0182208 0.992982 152.381 
0.993226 0.0427399 0.108056 66.8385 -0.0403467 0.998892 -0.0242399 -5.3225 -0.108972 0.0197159 0.993849 153.199 
0.994182 0.045329 0.0977055 66.9003 -0.0425989 0.998646 -0.0298514 -5.35247 -0.0989263 0.0255155 0.994767 154.006 
0.995054 0.0437874 0.0891583 66.9595 -0.0410563 0.998636 -0.03224 -5.38038 -0.0904483 0.02842 0.995495 154.825 
0.995761 0.0438439 0.0808614 67.0142 -0.0415681 0.998696 -0.0296182 -5.40821 -0.0820545 0.0261313 0.996285 155.649 
0.996231 0.0467011 0.073093 67.0504 -0.0451761 0.998728 -0.0223817 -5.44032 -0.0740452 0.0189952 0.997074 156.474 
0.996624 0.0501089 0.065042 67.0812 -0.0491049 0.99865 -0.0169465 -5.46403 -0.0658032 0.0136953 0.997739 157.303 
0.997146 0.0490149 0.0574189 67.1145 -0.0483073 0.998739 -0.0136508 -5.48722 -0.0580155 0.010838 0.998257 158.127 
0.997442 0.0499255 0.0511615 67.1377 -0.0493998 0.998713 -0.011491 -5.50979 -0.0516693 0.00893412 0.998624 158.954 
0.997702 0.0489447 0.0468452 67.1657 -0.0483745 0.998742 -0.0132321 -5.53328 -0.0474338 0.0109355 0.998814 159.779 
0.997676 0.0534671 0.0422439 67.181 -0.0527166 0.998435 -0.0186878 -5.55638 -0.0431769 0.0164173 0.998932 160.59 
0.997514 0.0593927 0.0379356 67.1934 -0.0584577 0.997969 -0.0253028 -5.5822 -0.0393612 0.0230222 0.99896 161.407 
0.997559 0.0605899 0.0347003 67.2054 -0.059643 0.997835 -0.0277075 -5.60746 -0.0363039 0.0255701 0.999014 162.227 
0.99757 0.0620862 0.0315975 67.2145 -0.0614207 0.997878 -0.0216161 -5.63316 -0.0328724 0.0196228 0.999267 163.059 
0.997479 0.0644413 0.0297258 67.2177 -0.0641375 0.99788 -0.0110681 -5.66062 -0.0303759 0.00913357 0.999497 163.894 
0.997463 0.0660514 0.0265489 67.2245 -0.065976 0.997814 -0.00371146 -5.68262 -0.0267359 0.00195037 0.999641 164.722 
0.997842 0.0621721 0.0211335 67.2337 -0.0620414 0.99805 -0.00678952 -5.70391 -0.0215143 0.00546363 0.999754 165.538 
0.998653 0.0495807 0.0152791 67.2467 -0.0493264 0.998645 -0.0165939 -5.72134 -0.0160811 0.0158178 0.999745 166.353 
0.998865 0.0469676 0.00785534 67.2471 -0.0467923 0.99868 -0.021188 -5.73707 -0.00884003 0.0207963 0.999745 167.171 
0.998681 0.0513269 0.00118367 67.2253 -0.0512935 0.998487 -0.0198306 -5.75824 -0.00219963 0.0197436 0.999803 168.005 
0.998777 0.049048 -0.00621761 67.2054 -0.0491289 0.9987 -0.0135868 -5.78398 0.00554321 0.0138755 0.999888 168.837 
0.998956 0.043671 -0.0133956 67.1824 -0.0438051 0.998991 -0.00987365 -5.80252 0.0129509 0.0104501 0.999861 169.676 
0.999204 0.0349213 -0.0192537 67.1611 -0.0350411 0.999368 -0.00591551 -5.8125 0.0190351 0.00658539 0.999797 170.518 
0.999212 0.0304341 -0.0254781 67.1285 -0.03059 0.999515 -0.00574952 -5.83438 0.0252909 0.00652428 0.999659 171.355 
0.999121 0.0268536 -0.0321767 67.0942 -0.0272775 0.999546 -0.0128051 -5.85322 0.0318183 0.0136715 0.9994 172.189 
0.999057 0.0175593 -0.0397033 67.0541 -0.018473 0.99957 -0.0227626 -5.87349 0.0392867 0.0234745 0.998952 173.023 
0.99889 0.00728564 -0.0465256 67.0229 -0.00853588 0.999606 -0.0267285 -5.89597 0.0463126 0.0270959 0.998559 173.86 
0.998541 0.0110858 -0.0528379 66.9612 -0.0121071 0.999745 -0.019047 -5.91987 0.0526133 0.0196588 0.998421 174.701 
0.998081 0.0215408 -0.0580569 66.8863 -0.021944 0.999739 -0.00631575 -5.93858 0.0579058 0.00757754 0.998293 175.546 
0.997685 0.0267803 -0.0625021 66.809 -0.0267372 0.999641 0.00152714 -5.96026 0.0625207 0.00014744 0.998044 176.393 
0.997473 0.0259272 -0.0661514 66.7378 -0.0260857 0.999658 -0.00153198 -5.97472 0.0660892 0.00325363 0.997808 177.236 
0.997316 0.027177 -0.0679801 66.6629 -0.0280837 0.999528 -0.0124153 -5.98858 0.0676108 0.014291 0.997609 178.062 
0.996759 0.0374308 -0.0712014 66.5761 -0.0390585 0.999003 -0.0216066 -6.00753 0.0703218 0.0243175 0.997228 178.892 
0.996659 0.0358627 -0.0733738 66.4963 -0.0377919 0.998971 -0.0250737 -6.03101 0.0723991 0.0277628 0.996989 179.737 
0.996645 0.0309476 -0.0757629 66.4309 -0.0325767 0.999262 -0.0203607 -6.05384 0.075077 0.0227604 0.996918 180.593 
0.996669 0.0310047 -0.0754321 66.3563 -0.0319649 0.999422 -0.0115531 -6.07749 0.0750304 0.0139257 0.997084 181.453 
0.996596 0.0331537 -0.0754794 66.2767 -0.0337079 0.999413 -0.00607903 -6.09888 0.0752337 0.00860251 0.997129 182.309 
0.996462 0.0332568 -0.0771802 66.195 -0.0338939 0.999401 -0.00695892 -6.11788 0.0769027 0.00955016 0.996993 183.169 
0.996382 0.0299992 -0.0795099 66.1149 -0.0313749 0.999378 -0.0161082 -6.14074 0.0789773 0.0185445 0.996704 184.021 
0.996441 0.0192024 -0.0820737 66.0494 -0.0215127 0.999394 -0.0273566 -6.16862 0.0814988 0.0290248 0.996251 184.872 
0.996415 0.00863432 -0.0841558 65.9814 -0.011313 0.999443 -0.0314042 -6.19421 0.0838378 0.0322436 0.995958 185.722 
0.996328 0.0110965 -0.0848988 65.8912 -0.0134468 0.999541 -0.0271605 -6.22008 0.0845585 0.0282023 0.996019 186.574 
0.996132 0.0170066 -0.086202 65.7989 -0.0185278 0.999686 -0.0168774 -6.24797 0.085888 0.0184092 0.996135 187.43 
0.99597 0.0179245 -0.0878753 65.7086 -0.0191422 0.999732 -0.0130325 -6.28126 0.0876182 0.0146621 0.996046 188.282 
0.995898 0.0167601 -0.0889169 65.6253 -0.018334 0.999689 -0.0169119 -6.30584 0.0886059 0.0184726 0.995895 189.125 
0.995931 0.0168779 -0.0885271 65.5361 -0.0189811 0.999556 -0.0229694 -6.33013 0.0881002 0.0245562 0.995809 189.961 
0.995758 0.0234453 -0.0889707 65.4412 -0.0256406 0.999392 -0.0236107 -6.35516 0.0883631 0.0257917 0.995754 190.793 
0.995666 0.0261724 -0.0892419 65.348 -0.0281005 0.999396 -0.020417 -6.38563 0.0886537 0.0228362 0.995801 191.628 
0.995479 0.0302249 -0.0900413 65.2569 -0.0319062 0.999341 -0.0172908 -6.41694 0.0894595 0.0200854 0.995788 192.459 
0.995377 0.0335592 -0.0899912 65.1639 -0.0350027 0.999282 -0.0145095 -6.44172 0.0894397 0.0175923 0.995837 193.292 
0.995191 0.0365576 -0.090879 65.0717 -0.0380726 0.999162 -0.0149922 -6.46538 0.0902549 0.01838 0.995749 194.111 
