1 -4.23778e-08 4.22719e-08 0 -4.23778e-08 1 -4.19404e-08 0 4.22719e-08 -4.19404e-08 1 0 
0.999093 -0.000851676 0.0425595 0.106401 0.000953892 0.999997 -0.00238351 -0.0232487 -0.0425572 0.00242187 0.999091 1.10071 
0.996178 -0.00552464 0.0871734 0.209812 0.00615949 0.999956 -0.00701637 -0.0800695 -0.0871307 0.00752642 0.996168 2.20086 
0.991214 -0.00549518 0.132151 0.335517 0.00699818 0.999916 -0.0109122 -0.108713 -0.13208 0.0117411 0.991169 3.2384 
0.984126 -0.00328028 0.177439 0.531131 0.00573185 0.999895 -0.0133061 -0.143736 -0.177376 0.0141118 0.984042 4.26829 
0.974796 -0.00619478 0.223013 0.756821 0.00938991 0.999868 -0.0132699 -0.177876 -0.222901 0.0150295 0.974725 5.31449 
0.963103 -0.00684419 0.269046 0.982855 0.010992 0.999843 -0.0139137 -0.235602 -0.268909 0.0163577 0.963027 6.42572 
0.95013 -0.0105344 0.311677 1.29125 0.0164454 0.999731 -0.0163431 -0.285832 -0.311421 0.0206537 0.950047 7.29487 
0.935109 -0.0120413 0.354156 1.68573 0.0196532 0.999646 -0.0179045 -0.314456 -0.353816 0.0237029 0.935015 8.32244 
0.91798 -0.0121367 0.39644 2.09681 0.0211656 0.999606 -0.0184081 -0.358686 -0.396061 0.0252891 0.917876 9.26256 
0.898232 -0.0124937 0.439344 2.51932 0.0221529 0.999612 -0.0168653 -0.390458 -0.438963 0.0248816 0.898161 10.2173 
0.876584 -0.0122719 0.481093 2.99843 0.022723 0.999615 -0.0159046 -0.420541 -0.480712 0.0248735 0.876525 11.1058 
0.852613 -0.0126889 0.522389 3.53091 0.0239073 0.999605 -0.0147398 -0.44118 -0.521996 0.0250562 0.85258 12.0381 
0.826842 -0.0125268 0.562294 4.08577 0.0250534 0.99958 -0.0145722 -0.468861 -0.561875 0.0261362 0.826809 12.8989 
0.799725 -0.0143165 0.600195 4.73092 0.0284928 0.999494 -0.0141241 -0.495856 -0.599689 0.0283966 0.799729 13.7255 
0.771091 -0.013585 0.63658 5.37162 0.0296072 0.999456 -0.0145344 -0.526031 -0.636037 0.0300547 0.771073 14.5336 
0.740539 -0.0169823 0.671798 6.08129 0.0346718 0.999315 -0.0129581 -0.554419 -0.671118 0.0328884 0.740621 15.3315 
0.708595 -0.0163579 0.705426 6.7808 0.03509 0.999311 -0.0120751 -0.585087 -0.704742 0.0333097 0.708681 16.0481 
0.67478 -0.0153815 0.737858 7.52854 0.036531 0.999253 -0.0125776 -0.620911 -0.737114 0.0354418 0.674838 16.7262 
0.63917 -0.0166711 0.768884 8.29389 0.041193 0.999072 -0.0125816 -0.642175 -0.767961 0.0397144 0.639264 17.3765 
0.602601 -0.0147222 0.797907 9.1169 0.0413019 0.999065 -0.0127586 -0.658604 -0.796973 0.0406434 0.602646 18.0197 
0.564841 -0.0137949 0.825084 9.96222 0.0446695 0.998905 -0.0138791 -0.673577 -0.82399 0.0446956 0.564839 18.6172 
0.525661 -0.0120743 0.850609 10.8067 0.0492675 0.998653 -0.0162707 -0.693573 -0.849266 0.0504602 0.525548 19.165 
0.48675 -0.0110709 0.873471 11.7576 0.0510048 0.998574 -0.0157665 -0.710969 -0.872051 0.0522256 0.48662 19.7245 
0.44786 -0.0133209 0.894004 12.6499 0.0563078 0.998324 -0.0133328 -0.74009 -0.892329 0.0563106 0.44786 20.1726 
0.410991 -0.0141652 0.911529 13.5343 0.0599308 0.998136 -0.0115107 -0.766949 -0.909667 0.0593594 0.411074 20.5655 
0.375796 -0.0118236 0.926627 14.4995 0.0613626 0.998041 -0.0121511 -0.787368 -0.924669 0.0614266 0.375785 20.9585 
0.342534 -0.0125298 0.939422 15.4783 0.0619496 0.998036 -0.00927673 -0.806387 -0.937461 0.0613744 0.342638 21.3108 
0.309209 -0.0139842 0.950891 16.4852 0.0644203 0.997903 -0.00627252 -0.815161 -0.94881 0.0631962 0.309461 21.6573 
0.276397 -0.0138213 0.960944 17.5159 0.0649945 0.997876 -0.00434202 -0.824556 -0.958843 0.0636562 0.276708 21.9502 
0.243808 -0.0107642 0.969764 18.515 0.0620312 0.998064 -0.00451699 -0.843353 -0.967837 0.0612568 0.244004 22.2267 
0.212547 -0.00906743 0.977109 19.6182 0.061957 0.99807 -0.00421543 -0.843438 -0.975185 0.0614347 0.212698 22.5163 
0.18194 -0.00878115 0.98327 20.7294 0.0639997 0.997946 -0.00293008 -0.849243 -0.981225 0.0634621 0.182128 22.7403 
0.151824 -0.00909619 0.988366 21.8568 0.0657191 0.997838 -0.000911936 -0.856227 -0.98622 0.0650929 0.152094 22.891 
0.121531 -0.00965817 0.992541 22.9403 0.0646633 0.997905 0.00179261 -0.865041 -0.990479 0.0639631 0.121901 23.0258 
0.0924402 -0.0100995 0.995667 24.0396 0.065608 0.997837 0.00403018 -0.87 -0.993554 0.0649512 0.0929029 23.1235 
0.0653619 -0.00984682 0.997813 25.1346 0.0683469 0.997647 0.00536802 -0.867852 -0.995518 0.0678466 0.0658811 23.1938 
0.0401351 -0.00923438 0.999152 26.3098 0.0720226 0.997383 0.00632486 -0.867353 -0.996595 0.0717076 0.0406951 23.2526 
0.0168289 -0.00899742 0.999818 27.4833 0.0756133 0.997107 0.00770023 -0.869044 -0.996995 0.0754699 0.0174605 23.2857 
-0.00380121 -0.00903668 0.999952 28.6497 0.0809904 0.996671 0.00931483 -0.866066 -0.996708 0.0810219 -0.00305668 23.2975 
-0.0218396 -0.0100175 0.999711 29.9123 0.0850982 0.996302 0.0118423 -0.874328 -0.996133 0.0853323 -0.0209064 23.2814 
-0.0380372 -0.00987834 0.999227 31.2046 0.0876646 0.996063 0.0131841 -0.86245 -0.995423 0.0880984 -0.0370215 23.2761 
-0.0527813 -0.0105417 0.99855 32.4283 0.0898708 0.995836 0.0152634 -0.848594 -0.994554 0.0905461 -0.0516142 23.2207 
-0.0668054 -0.0114945 0.9977 33.6458 0.08979 0.995807 0.0174849 -0.840534 -0.993718 0.0907515 -0.0654933 23.179 
-0.0793814 -0.0114375 0.996779 34.9153 0.0894719 0.995816 0.0185517 -0.828172 -0.992821 0.0906564 -0.078026 23.1036 
-0.0914154 -0.00866606 0.995775 36.1884 0.0897309 0.995822 0.016904 -0.817362 -0.991762 0.0908971 -0.0902559 23.0859 
-0.101849 -0.00493686 0.994787 37.4515 0.0900995 0.995832 0.0141666 -0.795184 -0.990711 0.0910728 -0.10098 22.9822 
-0.111543 -0.00259329 0.993756 38.6786 0.0910434 0.995764 0.0128175 -0.792118 -0.98958 0.0919046 -0.110834 22.8599 
-0.119368 -0.00138464 0.992849 39.9597 0.0910522 0.99577 0.0123357 -0.776764 -0.988666 0.0918736 -0.118737 22.7342 
-0.125591 -0.000756337 0.992082 41.2907 0.0906172 0.995811 0.0122307 -0.769599 -0.987935 0.0914358 -0.124996 22.5835 
-0.130687 0.000788371 0.991423 42.635 0.0917263 0.99572 0.0112993 -0.753429 -0.987171 0.0924162 -0.1302 22.4161 
-0.135546 0.00249224 0.990768 44.0529 0.0908858 0.995812 0.00992896 -0.731256 -0.986594 0.0913925 -0.135205 22.2548 
-0.14009 0.00336708 0.990133 45.4632 0.0911758 0.995789 0.0095137 -0.721112 -0.985932 0.091609 -0.139807 22.0785 
-0.14355 0.00232946 0.98964 46.9643 0.0910368 0.995788 0.0108611 -0.707125 -0.985447 0.0916528 -0.143157 21.9066 
-0.146035 0.0003835 0.989279 48.3932 0.091593 0.99571 0.0131347 -0.699074 -0.98503 0.0925292 -0.145444 21.7123 
-0.148681 -0.000618119 0.988885 49.885 0.091317 0.995718 0.014352 -0.674921 -0.98466 0.0924359 -0.147988 21.5277 
-0.150995 0.000231567 0.988534 51.3658 0.0940778 0.995464 0.0141368 -0.660676 -0.984048 0.0951337 -0.150332 21.3303 
-0.15201 -9.25545e-05 0.988379 52.9108 0.0932793 0.995535 0.0144392 -0.639336 -0.983967 0.0943902 -0.151322 21.1171 
-0.152842 0.00114024 0.98825 54.4394 0.094881 0.995397 0.0135257 -0.636119 -0.983685 0.0958334 -0.152247 20.8988 
-0.153529 0.00105929 0.988143 55.973 0.0947822 0.995404 0.0136593 -0.642683 -0.983588 0.0957555 -0.152924 20.7275 
-0.153089 0.00236912 0.98821 57.4962 0.0943078 0.995468 0.0122231 -0.63698 -0.983702 0.0950671 -0.152618 20.5151 
-0.152263 0.00273353 0.988336 59.0551 0.0954047 0.995367 0.011945 -0.606968 -0.983724 0.0961107 -0.151819 20.314 
-0.151543 0.00164113 0.988449 60.6701 0.0944083 0.995451 0.0128213 -0.602144 -0.983932 0.0952608 -0.151009 20.137 
-0.151255 0.00254679 0.988491 62.2255 0.0951209 0.995393 0.0119904 -0.581776 -0.983907 0.0958398 -0.150801 19.9342 
-0.150334 0.00314152 0.98863 63.8204 0.0953381 0.99538 0.0113344 -0.581161 -0.984028 0.0959581 -0.149939 19.7202 
-0.149452 0.00381193 0.988761 65.4532 0.0964805 0.995277 0.010746 -0.570561 -0.98405 0.0970022 -0.149114 19.4989 
-0.14794 0.00394551 0.988988 67.1322 0.0961892 0.995308 0.0104179 -0.546805 -0.984307 0.0966713 -0.147626 19.2397 
-0.147446 0.00237306 0.989067 68.8009 0.0982333 0.995088 0.0122566 -0.527984 -0.98418 0.0989665 -0.146955 19.0207 
-0.147063 0.000137497 0.989127 70.4965 0.0997439 0.994905 0.0146915 -0.520872 -0.984085 0.10082 -0.146327 18.7921 
-0.145513 0.00138063 0.989355 72.2238 0.101646 0.994728 0.0135617 -0.50908 -0.984121 0.102537 -0.144886 18.51 
-0.144771 0.00343089 0.989459 73.932 0.103427 0.994568 0.0116841 -0.491155 -0.984045 0.104028 -0.14434 18.2861 
-0.144014 0.00308854 0.989571 75.6361 0.102909 0.99462 0.0118721 -0.482322 -0.98421 0.103545 -0.143557 18.0609 
-0.144348 0.00323854 0.989522 77.3443 0.103254 0.994585 0.0118071 -0.46848 -0.984125 0.103876 -0.1439 17.8399 
-0.143846 0.00231098 0.989597 79.1182 0.103502 0.994548 0.0127222 -0.454489 -0.984173 0.104255 -0.143301 17.6068 
-0.144177 0.00220197 0.989549 80.8518 0.104799 0.994408 0.0130563 -0.450128 -0.983987 0.105586 -0.143601 17.3973 
-0.143883 0.00202301 0.989593 82.6293 0.105831 0.994294 0.0133548 -0.440721 -0.983919 0.106652 -0.143276 17.1478 
-0.143963 0.00325668 0.989578 84.3962 0.105941 0.994298 0.01214 -0.428315 -0.983896 0.106585 -0.143487 16.9201 
-0.144444 0.00389651 0.989505 86.2038 0.105741 0.994327 0.0115201 -0.425528 -0.983847 0.106295 -0.144037 16.6895 
-0.145402 0.00440096 0.989363 88.047 0.105065 0.994404 0.0110175 -0.417403 -0.983778 0.105549 -0.145051 16.4434 
-0.146356 0.00527683 0.989218 89.8606 0.104383 0.994485 0.0101386 -0.407926 -0.983709 0.104741 -0.1461 16.1883 
-0.147187 0.00456821 0.989098 91.7146 0.103631 0.994557 0.0108278 -0.399189 -0.983665 0.104095 -0.146859 15.9394 
-0.148321 0.00409589 0.988931 93.5435 0.103862 0.994526 0.0114582 -0.403777 -0.98347 0.104411 -0.147935 15.6969 
-0.148419 0.00283263 0.98892 95.3568 0.101624 0.994745 0.0124025 -0.403752 -0.983689 0.102339 -0.147927 15.4392 
-0.150125 0.00381853 0.988659 97.1848 0.101177 0.994802 0.0115212 -0.390551 -0.983476 0.10176 -0.149731 15.1864 
-0.152144 0.00464172 0.988347 99.0331 0.100746 0.994853 0.0108363 -0.379007 -0.98321 0.101221 -0.151829 14.9084 
-0.155972 0.00566548 0.987745 100.92 0.101733 0.994758 0.0103585 -0.372909 -0.982509 0.102102 -0.15573 14.6222 
-0.160595 0.00469939 0.987009 102.808 0.0996207 0.994959 0.0114719 -0.367986 -0.98198 0.100169 -0.160254 14.3561 
-0.165735 0.00392129 0.986162 104.706 0.0969841 0.995209 0.0123418 -0.363312 -0.98139 0.0976876 -0.165321 14.0788 
-0.170224 0.00466555 0.985394 106.601 0.0957582 0.995334 0.0118293 -0.359275 -0.980742 0.0963732 -0.169876 13.7733 
-0.174804 0.0063651 0.984583 108.52 0.0970201 0.995224 0.0107911 -0.357659 -0.979812 0.0974106 -0.174586 13.4647 
-0.179245 0.0083194 0.983769 110.462 0.0967928 0.995262 0.00921925 -0.350224 -0.979031 0.0968743 -0.179201 13.1337 
-0.184214 0.00827465 0.982851 112.368 0.0955241 0.995381 0.00952365 -0.359415 -0.978233 0.0956404 -0.184153 12.8117 
-0.188746 0.00792587 0.981994 114.279 0.0936849 0.995552 0.00997154 -0.357051 -0.977547 0.09388 -0.188649 12.4735 
-0.194047 0.00702638 0.980967 116.232 0.0917786 0.995718 0.0110228 -0.357997 -0.976689 0.0921708 -0.193861 12.1123 
-0.199669 0.00684266 0.979839 118.239 0.091518 0.995735 0.0116956 -0.343179 -0.97558 0.0920082 -0.199444 11.7313 
-0.204896 0.00656047 0.978762 120.209 0.0916495 0.995713 0.0125119 -0.336311 -0.974483 0.0922667 -0.204618 11.3436 
-0.210453 0.00803386 0.977571 122.182 0.0918943 0.995701 0.0116002 -0.326789 -0.973275 0.0922745 -0.210286 10.9457 
-0.215778 0.00906873 0.9764 124.153 0.0918939 0.995707 0.0110599 -0.321388 -0.972109 0.0921117 -0.215686 10.5413 
-0.221748 0.00927832 0.97506 126.141 0.0926319 0.995633 0.0115921 -0.3108 -0.970694 0.0928922 -0.221639 10.1198 
-0.227005 0.00903936 0.973852 128.119 0.0912408 0.995756 0.0120255 -0.305453 -0.96961 0.0915849 -0.226866 9.69317 
-0.232433 0.00983182 0.972563 130.144 0.0906447 0.995816 0.0115962 -0.293908 -0.968379 0.090853 -0.232352 9.24794 
-0.237726 0.0104813 0.971276 132.148 0.0899025 0.995887 0.0112572 -0.286424 -0.967163 0.0899963 -0.23769 8.80356 
-0.241881 0.0102779 0.970251 134.128 0.0910147 0.995775 0.0121414 -0.272138 -0.966028 0.0912439 -0.241795 8.33329 
-0.245589 0.0102499 0.96932 136.099 0.0932341 0.995558 0.0130946 -0.269396 -0.96488 0.0935896 -0.245454 7.85204 
-0.248611 0.0111487 0.968539 138.1 0.094697 0.995423 0.0128493 -0.259899 -0.963963 0.0949122 -0.248529 7.35017 
-0.250285 0.0120249 0.968097 140.182 0.0960605 0.995297 0.012472 -0.252374 -0.963395 0.0961175 -0.250263 6.7573 
-0.25347 0.0117832 0.967271 142.215 0.0954541 0.99535 0.0128881 -0.251233 -0.962622 0.0955967 -0.253416 6.25233 
-0.257213 0.0121838 0.966278 144.248 0.0943733 0.995457 0.0125694 -0.252066 -0.961735 0.0944238 -0.257194 5.72898 
-0.261924 0.0129931 0.965001 146.292 0.0930443 0.995591 0.0118494 -0.247838 -0.960593 0.0928915 -0.261978 5.21625 
-0.266103 0.0126656 0.963861 148.308 0.0924754 0.995637 0.0124474 -0.252045 -0.959498 0.0924458 -0.266114 4.68798 
-0.271084 0.0130705 0.962467 150.316 0.0921953 0.995663 0.012446 -0.254973 -0.95813 0.0921088 -0.271114 4.15479 
-0.275373 0.0136543 0.96124 152.348 0.0920421 0.99568 0.0122244 -0.254111 -0.956921 0.0918409 -0.275441 3.59894 
-0.279614 0.0138728 0.960012 154.362 0.0916814 0.995712 0.0123144 -0.251073 -0.955725 0.0914586 -0.279687 3.04082 
-0.283896 0.0130422 0.958766 156.414 0.0910667 0.995754 0.0134199 -0.240744 -0.954521 0.0911216 -0.283878 2.48112 
-0.287886 0.0133311 0.957572 158.429 0.0930508 0.995561 0.0141149 -0.244074 -0.953133 0.0931664 -0.287848 1.90832 
-0.29184 0.0140638 0.956364 160.465 0.0948915 0.995385 0.014319 -0.254041 -0.951748 0.0949297 -0.291827 1.33751 
-0.295502 0.0151767 0.955221 162.508 0.0938589 0.995498 0.013219 -0.23618 -0.95072 0.0935622 -0.295597 0.740498 
-0.298826 0.0167875 0.95416 164.544 0.0938976 0.995511 0.011892 -0.229775 -0.949677 0.093147 -0.299061 0.137232 
-0.302506 0.0178343 0.952981 166.579 0.0945739 0.995453 0.0113915 -0.237346 -0.948444 0.0935731 -0.302817 -0.456211 
-0.305788 0.0184332 0.951921 168.652 0.0941666 0.995496 0.0109723 -0.240297 -0.947431 0.0929944 -0.306146 -1.09011 
-0.309096 0.0190471 0.95084 170.71 0.0948296 0.995434 0.0108864 -0.226954 -0.946291 0.0935327 -0.309491 -1.7371 
-0.313089 0.019169 0.94953 172.766 0.0940886 0.995504 0.0109267 -0.220845 -0.945052 0.092761 -0.313485 -2.38 
-0.316883 0.0196332 0.948261 174.872 0.0962263 0.995292 0.0115491 -0.237444 -0.943571 0.0949074 -0.31728 -3.03917 
-0.319826 0.0196123 0.947273 176.945 0.0977694 0.995132 0.0124065 -0.238219 -0.942418 0.0965823 -0.320186 -3.71275 
-0.322078 0.0193171 0.946516 179.103 0.0989665 0.995001 0.0133694 -0.241786 -0.941526 0.0979794 -0.32238 -4.42365 
-0.324899 0.0185923 0.945566 181.193 0.0982949 0.995056 0.0142089 -0.238938 -0.940627 0.0975608 -0.32512 -5.11861 
-0.327337 0.0192741 0.944711 183.346 0.0980673 0.995086 0.0136778 -0.232049 -0.939805 0.0971225 -0.327618 -5.83937 
-0.330065 0.0211345 0.943722 185.416 0.0962104 0.995296 0.0113598 -0.228101 -0.939042 0.0945453 -0.330546 -6.53645 
-0.333597 0.0229887 0.942435 187.496 0.0957914 0.995355 0.00962803 -0.231995 -0.937836 0.0934891 -0.33425 -7.22516 
-0.336632 0.0235214 0.941342 189.627 0.094991 0.995436 0.00909648 -0.243764 -0.936833 0.0924812 -0.33733 -7.94884 
-0.340093 0.0245403 0.940071 191.76 0.0935341 0.995585 0.00784864 -0.255631 -0.935728 0.0905981 -0.340887 -8.66515 
-0.343765 0.0240722 0.938747 193.864 0.0941525 0.995517 0.00895024 -0.278039 -0.934324 0.0914622 -0.34449 -9.39481 
-0.347453 0.0234026 0.937405 195.976 0.0937261 0.995549 0.0098857 -0.278519 -0.933002 0.0912942 -0.348099 -10.1433 
-0.350654 0.0227991 0.936227 198.137 0.0930942 0.995601 0.0106224 -0.275545 -0.931867 0.0908822 -0.351234 -10.9248 
-0.354262 0.0223095 0.93488 200.227 0.0932698 0.995573 0.0115857 -0.295093 -0.930483 0.0913004 -0.354775 -11.6778 
-0.358437 0.0220815 0.933293 202.302 0.0917101 0.995717 0.0116634 -0.308243 -0.929038 0.0897729 -0.358927 -12.4072 
-0.361953 0.0222479 0.931931 204.423 0.0908144 0.995801 0.0114987 -0.322465 -0.927762 0.0887947 -0.362454 -13.19 
-0.365536 0.0225819 0.930523 206.503 0.0908673 0.995796 0.0115292 -0.352425 -0.926351 0.0887685 -0.366051 -13.9439 
-0.36842 0.0228406 0.929379 208.582 0.091318 0.995753 0.011728 -0.375423 -0.925164 0.0891899 -0.368941 -14.7249 
-0.37091 0.0227668 0.92839 210.698 0.0928807 0.995596 0.0126927 -0.375331 -0.924012 0.0909374 -0.371391 -15.5281 
-0.373069 0.0222725 0.927536 212.87 0.0942853 0.995446 0.0140197 -0.370376 -0.923 0.0926833 -0.37347 -16.3814 
-0.375329 0.0234758 0.926594 215.063 0.0962618 0.995261 0.0137766 -0.361267 -0.921879 0.0943663 -0.37581 -17.2566 
-0.378382 0.0243978 0.925328 217.2 0.0957204 0.995325 0.0128982 -0.357043 -0.920687 0.0934532 -0.378948 -18.0976 
-0.380578 0.0247234 0.924418 219.381 0.0957125 0.995327 0.0127844 -0.36035 -0.919782 0.0933439 -0.381165 -18.9717 
-0.38337 0.0257542 0.923236 221.511 0.0951068 0.995398 0.0117255 -0.379861 -0.918685 0.0923012 -0.384055 -19.8049 
-0.38669 0.027279 0.921806 223.457 0.095053 0.995418 0.0104164 -0.37345 -0.917298 0.0916484 -0.387511 -20.5663 
-0.389358 0.0268379 0.920695 225.474 0.0928253 0.99563 0.0102331 -0.399368 -0.916397 0.0894482 -0.390148 -21.3671 
-0.392695 0.027425 0.91926 227.467 0.0935565 0.995561 0.0102646 -0.435447 -0.914898 0.0900336 -0.393518 -22.1457 
-0.395394 0.0270409 0.918114 229.522 0.0950724 0.995402 0.0116265 -0.440426 -0.913578 0.0918843 -0.396147 -22.9656 
-0.398494 0.0262837 0.916794 231.512 0.0958203 0.995312 0.0131145 -0.43867 -0.912152 0.0930735 -0.399145 -23.7802 
-0.401933 0.025803 0.915305 233.506 0.0942285 0.995461 0.0133153 -0.452362 -0.910808 0.0915997 -0.402541 -24.5913 
-0.404716 0.0257066 0.914081 235.61 0.0929351 0.995585 0.0131489 -0.464868 -0.909708 0.0902718 -0.405318 -25.4856 
-0.40833 0.0251297 0.912488 237.687 0.0915672 0.995707 0.0135539 -0.472171 -0.90823 0.0890885 -0.408878 -26.3642 
-0.411497 0.0248014 0.911073 239.788 0.0911371 0.995739 0.014057 -0.463017 -0.906843 0.088817 -0.412004 -27.2648 
-0.414826 0.0245949 0.909568 241.858 0.0904214 0.995801 0.0143117 -0.476964 -0.905397 0.0881813 -0.415308 -28.1928 
-0.419365 0.0241871 0.907495 243.953 0.0899899 0.995829 0.0150441 -0.497419 -0.903346 0.0879744 -0.419793 -29.0738 
-0.422958 0.0237703 0.905837 246.07 0.0892262 0.99589 0.0155285 -0.497232 -0.901746 0.0873924 -0.423341 -30.0222 
-0.426861 0.0236946 0.904007 248.226 0.0885321 0.99595 0.0156992 -0.492773 -0.899973 0.086735 -0.427229 -31.0052 
-0.430454 0.0245865 0.902278 250.388 0.0884865 0.995963 0.0150752 -0.481525 -0.898265 0.0863286 -0.430892 -32.0115 
-0.433913 0.0255476 0.900592 252.569 0.0894948 0.995876 0.0148688 -0.467193 -0.896499 0.0870502 -0.434411 -33.0252 
-0.437841 0.0252712 0.898697 254.659 0.0892037 0.995893 0.0154552 -0.478169 -0.894616 0.0869341 -0.438297 -33.9817 
-0.441627 0.0256193 0.896833 256.725 0.0881764 0.995992 0.0149686 -0.48217 -0.892855 0.08569 -0.442116 -34.9254 
-0.445332 0.0260788 0.894985 258.877 0.0884699 0.995966 0.0150001 -0.476853 -0.890984 0.0858594 -0.445843 -35.9452 
-0.448735 0.0267256 0.893265 261.025 0.0886761 0.995951 0.0147489 -0.456108 -0.889254 0.0858296 -0.449288 -36.9663 
-0.452574 0.0277541 0.891295 263.228 0.0900184 0.995832 0.0146994 -0.447579 -0.887172 0.0868856 -0.453185 -37.9857 
-0.455884 0.0301327 0.889529 265.296 0.092704 0.995598 0.0137849 -0.443708 -0.885198 0.0887472 -0.45667 -39.0147 
-0.458782 0.0308978 0.888011 267.384 0.0937591 0.995499 0.0138019 -0.437756 -0.883588 0.0895912 -0.459615 -40.0251 
-0.461427 0.0331456 0.886559 269.474 0.0953349 0.995368 0.0124052 -0.429052 -0.882041 0.0902441 -0.46245 -41.0682 
-0.462872 0.035957 0.885695 271.63 0.0973076 0.995199 0.0104511 -0.416881 -0.881068 0.0910224 -0.464149 -42.1707 
-0.466288 0.0365369 0.883878 273.722 0.0979685 0.995134 0.0105472 -0.417685 -0.879191 0.0915102 -0.467599 -43.191 
-0.469224 0.0375635 0.88228 275.881 0.0981515 0.995123 0.00983208 -0.405688 -0.877608 0.0912106 -0.470622 -44.3115 
-0.472769 0.0376156 0.880383 278.074 0.0973832 0.995199 0.00977384 -0.393667 -0.875789 0.0903553 -0.474162 -45.4132 
-0.476156 0.0392977 0.878482 280.235 0.0981573 0.995133 0.00868734 -0.384895 -0.873865 0.090366 -0.477696 -46.5478 
-0.478928 0.0394687 0.876966 282.397 0.0975091 0.995199 0.00846155 -0.39128 -0.872422 0.0895647 -0.480477 -47.7091 
-0.481558 0.0394371 0.875526 284.566 0.0955604 0.995394 0.0077238 -0.380867 -0.871189 0.0873851 -0.483109 -48.8741 
-0.483649 0.0402638 0.874335 286.705 0.0969381 0.99526 0.00778994 -0.365495 -0.869877 0.0885241 -0.48526 -50.0239 
-0.486304 0.0405271 0.872849 288.864 0.0986227 0.995086 0.00874444 -0.379766 -0.868206 0.0903352 -0.487912 -51.1209 
-0.488521 0.0406367 0.871605 290.968 0.0997135 0.994971 0.00949943 -0.383318 -0.866836 0.0915515 -0.490117 -52.2536 
-0.49105 0.0399177 0.870216 293.107 0.0990845 0.995026 0.0102689 -0.391556 -0.865478 0.0912675 -0.492563 -53.3537 
-0.4929 0.0391826 0.869203 295.289 0.099515 0.994969 0.01158 -0.395315 -0.864376 0.0922066 -0.494319 -54.5595 
-0.49558 0.0396282 0.867657 297.522 0.101669 0.994738 0.0126379 -0.404767 -0.862591 0.094477 -0.497002 -55.7714 
-0.497795 0.0398492 0.866379 299.673 0.102031 0.994698 0.0128727 -0.382256 -0.861272 0.0948056 -0.499222 -56.9374 
-0.499822 0.0408246 0.865165 301.822 0.101686 0.994746 0.0118065 -0.371958 -0.860138 0.093876 -0.501348 -58.1323 
-0.502591 0.0431817 0.863445 303.982 0.10119 0.994825 0.0091484 -0.363189 -0.858582 0.0919704 -0.50436 -59.3029 
-0.505839 0.0423131 0.86159 306.056 0.0994039 0.995002 0.00949478 -0.375484 -0.856882 0.0904482 -0.507516 -60.5034 
-0.509877 0.0402904 0.859303 308.266 0.0971671 0.995207 0.0109925 -0.376873 -0.854742 0.0891009 -0.511348 -61.7666 
-0.514553 0.0377207 0.856628 310.506 0.094702 0.99542 0.0130526 -0.367023 -0.852213 0.0878406 -0.515769 -63.0594 
-0.519326 0.036194 0.853809 312.724 0.0930093 0.995561 0.0143693 -0.363015 -0.8495 0.0868746 -0.520387 -64.3507 
-0.523499 0.036026 0.851264 314.921 0.0932795 0.995523 0.0152326 -0.3551 -0.846905 0.0873798 -0.524516 -65.6532 
-0.527665 0.0375321 0.848623 317.169 0.0959869 0.995259 0.0156661 -0.348406 -0.844012 0.0897232 -0.528766 -66.989 
-0.531688 0.03957 0.846015 319.414 0.100547 0.994793 0.0166613 -0.364122 -0.84095 0.0939229 -0.532898 -68.3343 
-0.535337 0.0399543 0.843693 321.591 0.101863 0.994644 0.0175311 -0.344857 -0.838474 0.0953265 -0.536539 -69.6613 
-0.539271 0.0378045 0.841283 323.759 0.100362 0.994757 0.0196318 -0.323285 -0.83613 0.0950197 -0.540238 -71.0028 
-0.542973 0.0359194 0.838982 325.885 0.0983862 0.994925 0.0210778 -0.2939 -0.833967 0.093989 -0.543751 -72.3628 
-0.546895 0.0356464 0.836442 328.066 0.0973003 0.995029 0.0212134 -0.270047 -0.831528 0.0929876 -0.547644 -73.744 
-0.550938 0.034648 0.833827 330.246 0.0958057 0.995158 0.0219503 -0.252575 -0.829029 0.0919786 -0.55159 -75.1357 
-0.555097 0.033789 0.831099 332.499 0.0959972 0.9951 0.0236605 -0.237787 -0.826227 0.0929171 -0.555621 -76.5798 
-0.559559 0.0329965 0.828133 334.724 0.094633 0.995216 0.0242884 -0.203733 -0.82337 0.0919595 -0.560004 -78.0198 
-0.563135 0.0313972 0.825768 336.894 0.0927363 0.995367 0.0253961 -0.186361 -0.821145 0.0908802 -0.563438 -79.4563 
-0.56655 0.030175 0.823474 339.05 0.091445 0.995459 0.026437 -0.163338 -0.818937 0.0902805 -0.566737 -80.9051 
-0.570323 0.0291862 0.820902 341.156 0.0916722 0.995387 0.0282996 -0.152365 -0.816289 0.0913938 -0.570368 -82.3035 
-0.574085 0.0282025 0.81831 343.256 0.0918908 0.995312 0.0301631 -0.136693 -0.813623 0.0925114 -0.573985 -83.7111 
-0.577834 0.0272239 0.8157 345.349 0.0921009 0.995234 0.0320275 -0.116317 -0.810941 0.0936333 -0.577588 -85.1281 
-0.580681 0.0271524 0.813678 347.532 0.0894463 0.995521 0.0306128 -0.0632859 -0.809203 0.0905568 -0.580509 -86.6407 
-0.583292 0.0244228 0.811895 349.69 0.0872397 0.99565 0.0327254 -0.0185871 -0.807564 0.0899179 -0.582886 -88.1 
-0.586446 0.0238124 0.809638 351.921 0.0875128 0.995579 0.0341071 0.0474394 -0.805247 0.0908557 -0.585938 -89.6696 
-0.589514 0.0234207 0.807418 354.113 0.0857133 0.99575 0.0336975 0.112514 -0.803198 0.0890717 -0.589016 -91.2124 
-0.592394 0.0222821 0.80534 356.255 0.0837279 0.995907 0.034034 0.166321 -0.801286 0.087591 -0.591835 -92.7463 
-0.595234 0.0188919 0.80333 358.366 0.0817994 0.995955 0.0371881 0.223662 -0.799378 0.0878476 -0.594371 -94.2579 
-0.598524 0.0161321 0.800942 360.4 0.078474 0.996169 0.0385773 0.278358 -0.797252 0.0859427 -0.597497 -95.7228 
-0.601565 0.0154281 0.798675 362.556 0.0768233 0.996296 0.0386179 0.352533 -0.795121 0.084588 -0.600522 -97.2818 
-0.604226 0.0150774 0.79667 364.58 0.0758517 0.996369 0.038672 0.406435 -0.793194 0.0837955 -0.603176 -98.8081 
-0.607498 0.0147127 0.794185 366.706 0.0755957 0.996361 0.0393674 0.478824 -0.790716 0.0839526 -0.606399 -100.342 
-0.610427 0.0138441 0.791951 368.825 0.0745751 0.99641 0.0400633 0.547574 -0.788554 0.0835156 -0.609268 -101.903 
-0.613426 0.0123582 0.789656 370.864 0.0712496 0.996666 0.0397506 0.611333 -0.786532 0.0806467 -0.612261 -103.418 
-0.616739 0.00868519 0.78712 372.91 0.0614771 0.997416 0.037164 0.654763 -0.784764 0.0713103 -0.615679 -104.955 
-0.619813 0.0117418 0.784662 374.997 0.0542006 0.998141 0.0278772 0.709777 -0.782876 0.0598078 -0.619297 -106.544 
-0.621383 0.0219251 0.7832 376.947 0.0648025 0.997622 0.0234858 0.762005 -0.780823 0.0653471 -0.621325 -108.136 
-0.620324 0.0228936 0.784011 379.098 0.0716366 0.99705 0.0275657 0.807097 -0.781067 0.0732636 -0.620134 -109.838 
-0.62237 0.0136278 0.782605 381.251 0.0705473 0.996756 0.0387461 0.866576 -0.779538 0.0793251 -0.621312 -111.494 
-0.625222 0.00299515 0.780441 383.367 0.0644649 0.996774 0.0478182 0.945632 -0.77778 0.0802081 -0.623398 -113.135 
-0.62896 -0.00204936 0.777435 385.431 0.0596794 0.996918 0.0509097 1.06395 -0.775143 0.0784171 -0.6269 -114.717 
-0.63145 -0.00235795 0.775413 387.471 0.0589541 0.996955 0.0510403 1.15409 -0.773172 0.0779432 -0.629388 -116.322 
-0.63441 0.00286471 0.772991 389.516 0.0642001 0.996733 0.0489964 1.22024 -0.770326 0.08071 -0.632522 -117.936 
-0.637839 0.00772278 0.770131 391.456 0.0698428 0.996409 0.0478534 1.2534 -0.766996 0.0843108 -0.636088 -119.447 
-0.640298 0.0106117 0.768053 393.551 0.0708075 0.996462 0.045262 1.34766 -0.764856 0.0833651 -0.638784 -121.141 
-0.642788 0.0106677 0.76597 395.588 0.0707215 0.996459 0.0454704 1.42311 -0.762772 0.0833984 -0.641267 -122.792 
-0.644264 0.0105742 0.76473 397.587 0.070347 0.996485 0.0454866 1.48077 -0.761561 0.0831019 -0.642743 -124.481 
-0.646289 0.009556 0.763033 399.712 0.0700383 0.996444 0.0468433 1.58504 -0.759872 0.0837159 -0.64466 -126.218 
-0.64748 0.0103966 0.762011 401.672 0.071279 0.99635 0.0469718 1.66096 -0.758742 0.0847287 -0.645858 -127.873 
-0.648925 0.0104523 0.760781 403.698 0.0714268 0.996327 0.0472365 1.71687 -0.757493 0.0849931 -0.647287 -129.443 
-0.651091 0.0101076 0.758932 405.411 0.0714216 0.99629 0.0480041 1.72635 -0.755632 0.0854592 -0.649398 -130.854 
-0.653304 0.00805256 0.757053 407.144 0.0691383 0.9964 0.0490649 1.75936 -0.753932 0.0843957 -0.651508 -132.336 
-0.65366 0.00710289 0.756755 409.105 0.0704653 0.996183 0.0515153 1.85139 -0.753501 0.0869985 -0.651665 -134.018 
-0.654428 0.00643811 0.756097 410.985 0.0717141 0.995984 0.0535902 1.92279 -0.752716 0.0892937 -0.652262 -135.613 
-0.655082 0.00763825 0.755519 412.506 0.0715487 0.996082 0.0519668 2.0469 -0.752163 0.088099 -0.653062 -137.062 
-0.656121 0.00719067 0.754621 414.138 0.0673813 0.996519 0.0490904 2.07258 -0.751641 0.0830566 -0.654322 -138.47 
-0.658665 0.00583713 0.752413 416.001 0.0634978 0.996834 0.0478528 2.13067 -0.749752 0.0792956 -0.65695 -139.922 
-0.659413 0.00546133 0.751761 417.887 0.0638046 0.996772 0.0487253 2.19168 -0.749068 0.0800959 -0.657633 -141.545 
-0.660148 0.00426487 0.751123 419.817 0.0623572 0.996843 0.0491444 2.26343 -0.748543 0.0792805 -0.65833 -143.193 
-0.660602 0.00316118 0.750729 421.835 0.0586297 0.997154 0.0473921 2.3649 -0.748443 0.0753224 -0.658908 -144.933 
-0.66169 0.00300068 0.749771 423.863 0.0584709 0.997153 0.0476111 2.44951 -0.747494 0.0753436 -0.659982 -146.643 
-0.661787 0.00164203 0.74969 425.913 0.0584373 0.997068 0.0494014 2.55748 -0.747411 0.0765031 -0.659942 -148.413 
-0.660977 -4.3043e-05 0.750406 427.77 0.0608604 0.996703 0.0536645 2.62588 -0.747934 0.081141 -0.658795 -150.069 
-0.660072 0.000196074 0.751202 429.845 0.0667457 0.99606 0.0583887 2.77266 -0.748231 0.0886803 -0.657485 -151.878 
-0.658384 -0.000546387 0.752682 431.847 0.0703817 0.995574 0.0622867 2.90488 -0.749384 0.0939837 -0.655431 -153.617 
-0.656203 -0.00255995 0.75458 433.855 0.0649559 0.996091 0.0598667 3.0338 -0.751783 0.0882991 -0.653472 -155.328 
-0.655116 -0.00365696 0.755519 435.91 0.0568386 0.996916 0.0541104 3.1514 -0.753387 0.0783913 -0.652888 -157.053 
-0.652954 -0.00517 0.75738 437.927 0.0520059 0.99731 0.0516431 3.26796 -0.75561 0.0731088 -0.650929 -158.752 
-0.649699 -0.00405022 0.76018 439.923 0.0527288 0.997337 0.0503792 3.36701 -0.75836 0.0728148 -0.647756 -160.444 
-0.646802 -0.00392583 0.762648 441.97 0.0536079 0.997279 0.0505985 3.47181 -0.760771 0.0736112 -0.644832 -162.15 
-0.64347 -0.00432412 0.765459 443.953 0.0542712 0.99721 0.0512554 3.55775 -0.763545 0.0745237 -0.64144 -163.825 
-0.640581 -0.00314656 0.767884 446.032 0.0524479 0.997477 0.0478401 3.65953 -0.766098 0.0709194 -0.638799 -165.552 
-0.638681 -0.00743287 0.769436 448.072 0.0468035 0.997726 0.0484881 3.74957 -0.768047 0.0669807 -0.636881 -167.216 
-0.636912 -0.0135868 0.770816 450.157 0.0384623 0.998039 0.0493727 3.83721 -0.769976 0.0610934 -0.635141 -168.9 
-0.636625 -0.016884 0.770989 452.224 0.0316677 0.998345 0.0480117 3.92926 -0.770523 0.0549809 -0.635036 -170.541 
-0.636177 -0.0182378 0.771327 454.301 0.0289116 0.998455 0.0474539 4.01888 -0.771001 0.0524894 -0.634667 -172.198 
-0.635004 -0.0186081 0.772285 456.368 0.0299957 0.998362 0.0487191 4.10863 -0.771926 0.0541021 -0.633405 -173.877 
-0.633536 -0.0193776 0.77347 458.463 0.0326293 0.998128 0.0517319 4.19802 -0.773025 0.0580119 -0.631718 -175.554 
-0.631596 -0.0214081 0.775002 460.471 0.0309957 0.998122 0.0528316 4.29848 -0.774678 0.05739 -0.629747 -177.167 
-0.63029 -0.0216993 0.776057 462.482 0.0287935 0.998268 0.0512977 4.39376 -0.775826 0.0546778 -0.628573 -178.784 
-0.629191 -0.0205454 0.776979 464.654 0.0277428 0.99842 0.0488666 4.50834 -0.776756 0.052302 -0.627627 -180.511 
-0.628042 -0.0189462 0.777948 466.731 0.0289703 0.998441 0.0477039 4.60179 -0.77764 0.0524975 -0.626515 -182.149 
-0.626091 -0.0176413 0.779551 468.792 0.031695 0.998342 0.0480482 4.72024 -0.779106 0.0547904 -0.624493 -183.798 
-0.624168 -0.017641 0.781091 470.893 0.0335468 0.998218 0.049352 4.8228 -0.780569 0.0570071 -0.622464 -185.493 
-0.622968 -0.0175883 0.78205 473.053 0.0339253 0.998199 0.0494738 4.9293 -0.781511 0.0573518 -0.621249 -187.153 
-0.621109 -0.0189606 0.783495 475.114 0.0328628 0.998198 0.050208 5.0316 -0.783035 0.0569325 -0.619366 -188.768 
-0.618844 -0.0193982 0.785274 476.977 0.0328886 0.998178 0.0505757 5.12077 -0.784825 0.057125 -0.617079 -190.251 
-0.616928 -0.0203426 0.786757 479.065 0.0329089 0.998125 0.051613 5.21713 -0.786331 0.0577328 -0.615101 -191.877 
-0.615613 -0.0195527 0.787806 481.194 0.0323546 0.998222 0.0500577 5.31917 -0.787384 0.0563053 -0.613885 -193.533 
-0.614613 -0.0183495 0.788615 483.313 0.0318537 0.998337 0.0480546 5.4363 -0.788186 0.0546553 -0.613006 -195.187 
-0.611536 -0.0183001 0.791005 485.496 0.0334144 0.998243 0.0489276 5.54267 -0.790511 0.056352 -0.60985 -196.946 
-0.610005 -0.0195349 0.792156 487.815 0.0323111 0.998251 0.0494985 5.67396 -0.791738 0.0557898 -0.608308 -198.782 
-0.610148 -0.0212595 0.792002 490.068 0.0298276 0.998315 0.0497761 5.79589 -0.791726 0.0539943 -0.608485 -200.446 
-0.610418 -0.0218337 0.791778 492.183 0.029154 0.998323 0.0500054 5.87836 -0.791543 0.0536078 -0.608758 -201.981 
-0.610199 -0.0211606 0.791966 494.242 0.029454 0.998346 0.0493687 5.97381 -0.791701 0.0534513 -0.608566 -203.545 
-0.61035 -0.0206539 0.791862 496.413 0.0299534 0.998343 0.0491268 6.07095 -0.791565 0.0537035 -0.608721 -205.166 
-0.609634 -0.0222166 0.792371 498.109 0.029923 0.99825 0.051011 6.11523 -0.792118 0.0548082 -0.607902 -206.533 
-0.608783 -0.024103 0.792971 499.758 0.0294118 0.998165 0.0529201 6.15126 -0.792792 0.0555396 -0.606957 -207.835 
-0.60793 -0.02599 0.793565 501.409 0.0289028 0.998077 0.0548296 6.1913 -0.793464 0.0562688 -0.60601 -209.134 
-0.607547 -0.0261592 0.793852 503.558 0.0278826 0.998139 0.0542299 6.31182 -0.793794 0.0550819 -0.605687 -210.732 
-0.606177 -0.0252776 0.794928 505.365 0.028519 0.998161 0.0534874 6.35017 -0.794818 0.0550934 -0.604341 -212.178 
-0.606064 -0.0248808 0.795026 507.36 0.0291818 0.998142 0.0534832 6.432 -0.79488 0.0556146 -0.604212 -213.677 
-0.605721 -0.0252984 0.795274 509.558 0.0292275 0.998112 0.0540119 6.52758 -0.79514 0.0559601 -0.603839 -215.305 
-0.605189 -0.0245802 0.795702 511.747 0.0296355 0.998135 0.0533735 6.65256 -0.79553 0.055882 -0.603332 -216.929 
-0.604216 -0.0245577 0.796442 513.836 0.028895 0.998192 0.0526995 6.74828 -0.796296 0.0548551 -0.602414 -218.51 
-0.603923 -0.0255577 0.796632 515.933 0.0285569 0.99815 0.0536716 6.85158 -0.796531 0.0551628 -0.602076 -220.057 
-0.603155 -0.0263543 0.797188 518.164 0.0292957 0.998048 0.0551596 6.95076 -0.797086 0.056624 -0.601206 -221.738 
-0.60244 -0.027552 0.797689 520.607 0.0291324 0.997979 0.0564716 7.11406 -0.797632 0.0572593 -0.60042 -223.473 
-0.602297 -0.0269969 0.797815 522.73 0.0291477 0.998018 0.0557759 7.22777 -0.797739 0.0568481 -0.600317 -225.021 
-0.601412 -0.0251987 0.798542 524.361 0.0313607 0.997988 0.0551112 7.30514 -0.798324 0.0581873 -0.599411 -226.302 
-0.600056 -0.0234723 0.799613 525.87 0.0332215 0.997976 0.0542256 7.36283 -0.799268 0.0591028 -0.598062 -227.478 
-0.599828 -0.0244123 0.799756 527.947 0.0326929 0.997952 0.0549822 7.45996 -0.79946 0.0591263 -0.597802 -228.992 
-0.59972 -0.0251977 0.799813 529.658 0.0311958 0.998008 0.0548331 7.55919 -0.799601 0.0578353 -0.59774 -230.386 
-0.598877 -0.0246303 0.800462 531.173 0.0312616 0.998046 0.0540987 7.67044 -0.800231 0.0574222 -0.596937 -231.794 
-0.598416 -0.0255432 0.800778 533.266 0.0317288 0.997952 0.0555434 7.773 -0.800557 0.0586458 -0.59638 -233.321 
-0.598906 -0.0272263 0.800356 535.384 0.0314187 0.997853 0.0574553 7.89394 -0.800203 0.0595565 -0.596765 -234.857 
-0.598196 -0.0282746 0.800851 537.139 0.0304107 0.997856 0.0579453 7.99724 -0.800773 0.059017 -0.596054 -236.385 
-0.596531 -0.0301079 0.802025 538.749 0.0284247 0.997877 0.0586019 8.07282 -0.802086 0.0577552 -0.594409 -237.914 
-0.597204 -0.0282259 0.801593 540.898 0.028018 0.998037 0.0560171 8.18366 -0.8016 0.0559127 -0.59524 -239.446 
-0.596942 -0.0278319 0.801801 543.036 0.0291655 0.997985 0.0563555 8.29184 -0.801754 0.057026 -0.594928 -240.998 
-0.596971 -0.0301269 0.801697 544.999 0.0292622 0.997812 0.0592863 8.40042 -0.801729 0.0588517 -0.594783 -242.5 
-0.597694 -0.0311326 0.801119 546.968 0.0302955 0.997655 0.0613729 8.49808 -0.801151 0.0609526 -0.595349 -243.907 
-0.598404 -0.0321397 0.80055 549.1 0.0312304 0.9975 0.063391 8.64366 -0.800586 0.0629349 -0.595904 -245.37 
-0.598311 -0.0313481 0.80065 551.306 0.0321358 0.997492 0.0630695 8.78043 -0.800619 0.0634647 -0.595803 -246.981 
-0.598399 -0.029755 0.800646 553.423 0.0342903 0.997443 0.0626971 8.90796 -0.800464 0.0649722 -0.595849 -248.537 
-0.598193 -0.0301426 0.800785 555.574 0.0341476 0.997426 0.0630529 9.04248 -0.800624 0.0650627 -0.595624 -250.094 
-0.597815 -0.0306999 0.801046 557.677 0.035308 0.997288 0.0645709 9.16255 -0.800856 0.0668848 -0.59511 -251.63 
-0.596875 -0.0319901 0.801696 559.745 0.0346445 0.997245 0.0655863 9.27369 -0.801586 0.0669212 -0.594122 -253.132 
-0.596677 -0.0319718 0.801844 561.861 0.0343038 0.997276 0.0652907 9.40161 -0.801748 0.0664638 -0.593956 -254.599 
-0.595785 -0.0316593 0.80252 563.983 0.0347574 0.99727 0.0651458 9.54244 -0.802391 0.0667065 -0.593058 -256.133 
-0.596201 -0.0327496 0.802167 566.059 0.0344655 0.997202 0.0663282 9.65456 -0.802095 0.0671921 -0.593405 -257.599 
-0.596842 -0.0347393 0.801606 567.575 0.0320647 0.997231 0.067091 9.70268 -0.801718 0.065746 -0.594076 -258.737 
-0.597516 -0.0364081 0.80103 569.732 0.0297665 0.997273 0.0675314 9.84741 -0.801304 0.064195 -0.594803 -260.268 
-0.596471 -0.0358368 0.801834 571.639 0.0297204 0.997331 0.0666827 9.98172 -0.802084 0.0636052 -0.593814 -261.69 
-0.595462 -0.0342745 0.802652 573.55 0.0322508 0.997264 0.0665106 10.0726 -0.802736 0.0654907 -0.592728 -263.139 
-0.595597 -0.0334219 0.802588 575.397 0.0333625 0.997243 0.0662859 10.128 -0.80259 0.0662561 -0.592839 -264.275 
-0.594499 -0.0347406 0.803345 577.432 0.0327955 0.997187 0.0673929 10.255 -0.803427 0.0664111 -0.591688 -265.755 
-0.593303 -0.0353745 0.804202 579.555 0.0333633 0.997095 0.0684731 10.4011 -0.804288 0.0674562 -0.590399 -267.3 
-0.592563 -0.0344909 0.804785 581.659 0.0333266 0.997178 0.0672747 10.5482 -0.804834 0.0666853 -0.589742 -268.828 
-0.591103 -0.0347356 0.805848 583.757 0.0332826 0.997171 0.0673958 10.6718 -0.805909 0.0666585 -0.588274 -270.378 
-0.590137 -0.0349376 0.806547 585.81 0.0325347 0.997222 0.0670023 10.7988 -0.806647 0.0657813 -0.587361 -271.851 
-0.588442 -0.0354858 0.80776 587.908 0.0325962 0.997183 0.0675532 10.9234 -0.807882 0.066081 -0.585628 -273.381 
-0.587475 -0.0362419 0.80843 590.077 0.0318949 0.997183 0.0678812 11.0704 -0.808614 0.0656633 -0.584664 -274.903 
-0.586758 -0.0372509 0.808905 592.211 0.0302994 0.997232 0.0679018 11.2177 -0.809196 0.0643513 -0.584005 -276.393 
-0.586944 -0.0383428 0.808719 594.36 0.0282201 0.997302 0.0677651 11.3571 -0.809136 0.0625964 -0.584278 -277.88 
-0.587275 -0.0369209 0.808545 596.487 0.027918 0.997441 0.0658242 11.5059 -0.808906 0.0612299 -0.584741 -279.374 
-0.587183 -0.0372426 0.808597 598.634 0.0280836 0.997402 0.0663322 11.6524 -0.808967 0.0616575 -0.584612 -280.882 
-0.587024 -0.03873 0.808642 600.606 0.0282582 0.997266 0.0682778 11.7578 -0.809076 0.0629315 -0.584325 -282.297 
-0.587185 -0.0401089 0.808458 602.663 0.0268384 0.997258 0.0689683 11.9005 -0.809008 0.0621949 -0.584498 -283.731 
-0.587026 -0.0415275 0.808502 604.749 0.0254568 0.997243 0.0697051 12.0823 -0.809168 0.0615006 -0.58435 -285.174 
-0.586361 -0.0394114 0.809091 606.865 0.0260211 0.997384 0.0674412 12.2323 -0.809632 0.0605983 -0.583801 -286.704 
-0.585784 -0.0381285 0.80957 609.008 0.0264789 0.997459 0.0661369 12.3752 -0.810035 0.0601785 -0.583286 -288.177 
-0.585124 -0.0373391 0.810084 611.342 0.0277423 0.997433 0.0660128 12.5655 -0.810469 0.0610992 -0.582586 -289.916 
-0.584813 -0.0380426 0.810276 613.598 0.0280609 0.997353 0.0670786 12.7329 -0.810683 0.0619655 -0.582197 -291.542 
-0.584435 -0.0385619 0.810523 615.735 0.0287441 0.997259 0.0681723 12.8758 -0.810931 0.0631402 -0.581725 -293.057 
-0.584382 -0.0391511 0.810534 617.915 0.0284336 0.997234 0.0686694 13.0193 -0.810981 0.0631755 -0.581652 -294.582 
-0.58444 -0.038609 0.810518 620.14 0.028263 0.997293 0.0678855 13.1803 -0.810945 0.0625827 -0.581766 -296.152 
-0.584086 -0.0380007 0.810802 622.47 0.0277891 0.997382 0.0667639 13.3707 -0.811216 0.0615273 -0.5815 -297.75 
-0.584077 -0.0363834 0.810882 625.325 0.0295314 0.997381 0.0660228 13.6363 -0.811161 0.062509 -0.581473 -299.638 
-0.584066 -0.0347662 0.810961 628.179 0.0312737 0.997377 0.0652816 13.8991 -0.811103 0.0634906 -0.581447 -301.526 
-0.584525 -0.0350433 0.810618 630.374 0.0310029 0.997373 0.0654724 14.0455 -0.810783 0.0634018 -0.581903 -303.04 
-0.584083 -0.0357096 0.810908 632.445 0.02988 0.997409 0.0654445 14.1507 -0.811143 0.062455 -0.581503 -304.413 
-0.583892 -0.0341911 0.811111 635.076 0.0301475 0.99751 0.0637506 14.3639 -0.811271 0.0616765 -0.581407 -306.256 
-0.583507 -0.0349229 0.811357 637.232 0.0299974 0.997466 0.0645068 14.4835 -0.811554 0.0619788 -0.580981 -307.755 
-0.583478 -0.0344411 0.811398 639.263 0.031518 0.997387 0.0650003 14.623 -0.811517 0.0634999 -0.580868 -309.257 
-0.582576 -0.0347844 0.812031 641.422 0.0316726 0.997353 0.0654458 14.7529 -0.812159 0.0638463 -0.579933 -310.775 
-0.581345 -0.0336351 0.812961 643.679 0.0316857 0.997451 0.0639264 14.9089 -0.81304 0.0629226 -0.578798 -312.339 
-0.579863 -0.0323973 0.81407 645.795 0.0322461 0.997513 0.0626666 15.0368 -0.814076 0.0625886 -0.577376 -313.853 
-0.578587 -0.0314649 0.815014 648.346 0.0338134 0.997471 0.0625133 15.2883 -0.81492 0.0637278 -0.57606 -315.827 
