1 -4.23778e-08 4.22719e-08 0 -4.23778e-08 1 -4.19404e-08 0 4.22719e-08 -4.19404e-08 1 0 
0.999996 -0.00219851 -0.00144277 -0.0171826 0.00220262 0.999993 0.00291293 -0.0195576 0.00143644 -0.00291618 0.999995 1.53791 
0.99999 -0.00321992 -0.00320245 -0.0349497 0.00323204 0.999987 0.00381226 -0.043997 0.00319022 -0.00382266 0.999988 3.04488 
0.999987 -0.00221501 -0.00452238 -0.0731412 0.00223001 0.999992 0.00333516 -0.0557616 0.00451504 -0.00334528 0.999984 4.53578 
0.99998 -0.00190634 -0.00606727 -0.110246 0.00192519 0.999993 0.00311581 -0.0701976 0.00606138 -0.00312752 0.999977 6.02174 
0.999967 -0.00221344 -0.0077869 -0.134142 0.00223944 0.999992 0.00334328 -0.084405 0.00777952 -0.0033607 0.999964 7.53268 
0.999949 -0.00217501 -0.00980653 -0.152412 0.00221158 0.999991 0.0037281 -0.0986469 0.00979841 -0.00374969 0.999945 9.0474 
0.999917 -0.00466195 -0.0119812 -0.175952 0.00470034 0.999984 0.00318493 -0.122956 0.0119662 -0.00324107 0.999923 10.5402 
0.999887 -0.00609904 -0.0137253 -0.209866 0.0061501 0.999974 0.00368714 -0.142438 0.0137025 -0.00377122 0.999899 12.0447 
0.999869 -0.00629454 -0.0149266 -0.255899 0.00634623 0.999974 0.00342369 -0.155003 0.0149047 -0.00351805 0.999883 13.5486 
0.999855 -0.00553843 -0.0161183 -0.298053 0.00559837 0.999977 0.00368116 -0.177705 0.0160976 -0.00377095 0.999863 15.0232 
0.999841 -0.00456939 -0.0172445 -0.336817 0.00463907 0.999981 0.00400788 -0.18948 0.017226 -0.00408732 0.999843 16.5203 
0.999836 -0.00254315 -0.0179525 -0.386021 0.00262866 0.999985 0.00474604 -0.203194 0.0179402 -0.00479253 0.999827 18.0309 
0.999819 -0.00197446 -0.0189034 -0.427142 0.00207885 0.999983 0.00550879 -0.215887 0.0188923 -0.00554717 0.999806 19.5093 
0.999804 -0.00230404 -0.0196594 -0.464162 0.00241044 0.999982 0.00539408 -0.229025 0.0196468 -0.0054405 0.999792 20.9653 
0.999787 -0.00180579 -0.0205379 -0.506882 0.0019192 0.999983 0.00550735 -0.244847 0.0205277 -0.00554568 0.999774 22.4425 
0.999773 -0.00164706 -0.0212579 -0.544388 0.00177612 0.99998 0.00605792 -0.257004 0.0212476 -0.00609439 0.999756 23.9338 
0.99977 -0.00068333 -0.0214291 -0.592596 0.000831898 0.999976 0.00692873 -0.262085 0.0214239 -0.00694505 0.999746 25.4287 
0.999765 -0.000870431 -0.0216513 -0.638682 0.000994158 0.999983 0.00570828 -0.277228 0.0216461 -0.00572855 0.999749 26.8701 
0.999759 -0.000403001 -0.0219376 -0.684074 0.000485068 0.999993 0.00373956 -0.288307 0.021936 -0.00374939 0.999752 28.3107 
0.999759 -0.00184427 -0.021864 -0.729694 0.00192082 0.999992 0.00348441 -0.301357 0.0218575 -0.00352566 0.999755 29.733 
0.999752 -0.00297165 -0.0220718 -0.771305 0.00310526 0.999977 0.00602558 -0.312366 0.0220534 -0.00609271 0.999738 31.1746 
0.999744 -0.00524471 -0.0220222 -0.817781 0.00540602 0.999959 0.00727564 -0.32872 0.0219832 -0.00739291 0.999731 32.5706 
0.999736 -0.00579903 -0.0222297 -0.858777 0.00594663 0.999961 0.00658323 -0.33919 0.0221907 -0.00671377 0.999731 33.9734 
0.999738 -0.00555923 -0.0222088 -0.895274 0.00565891 0.999974 0.0044314 -0.344752 0.0221837 -0.00455601 0.999743 35.4058 
0.999759 -0.00439206 -0.0215246 -0.948267 0.00447601 0.999982 0.00385759 -0.366264 0.0215074 -0.00395309 0.999761 36.7539 
0.999773 -0.00350804 -0.021001 -0.996594 0.00356956 0.999989 0.00289624 -0.384115 0.0209907 -0.00297063 0.999775 38.1176 
0.999799 -0.00247102 -0.0198728 -1.04024 0.00254238 0.99999 0.00357061 -0.392513 0.0198639 -0.0036205 0.999796 39.4764 
0.999823 -0.00234044 -0.018679 -1.08179 0.00244609 0.999981 0.00563974 -0.409481 0.0186655 -0.00568452 0.99981 40.8168 
0.999843 -0.00245766 -0.0175153 -1.11589 0.00257145 0.999976 0.00648141 -0.423205 0.0174991 -0.00652552 0.999826 42.1341 
0.999878 -0.00192847 -0.0154766 -1.15621 0.00203722 0.999973 0.00701965 -0.436529 0.0154627 -0.00705041 0.999856 43.437 
0.999918 -0.00237232 -0.0125858 -1.18269 0.00245317 0.999976 0.00641864 -0.451519 0.0125704 -0.00644907 0.9999 44.7255 
0.99995 -0.00341726 -0.00938195 -1.20216 0.00346345 0.999982 0.00492034 -0.47299 0.00936505 -0.00495267 0.999944 45.9893 
0.999974 -0.00365947 -0.00625898 -1.22277 0.00367763 0.999989 0.00290594 -0.483598 0.00624836 -0.00292897 0.999976 47.2458 
0.99999 -0.00370601 -0.0023576 -1.23813 0.00371392 0.999987 0.00339288 -0.498803 0.00234508 -0.00340168 0.999991 48.4865 
0.999991 -0.00338392 0.00271404 -1.24514 0.00337497 0.999989 0.00326214 -0.516473 -0.00272496 -0.00325303 0.999991 49.7115 
0.999961 -0.00217311 0.0085694 -1.24366 0.00215498 0.999995 0.00211484 -0.528403 -0.00857387 -0.00209637 0.999961 50.9151 
0.999872 -0.00104208 0.0159507 -1.24479 0.00100539 0.999997 0.00230238 -0.54801 -0.015953 -0.00228613 0.99987 52.1098 
0.999715 -0.00022024 0.0238676 -1.22362 0.000146884 0.999995 0.00307156 -0.559375 -0.023868 -0.00306726 0.99971 53.3076 
0.999424 0.00188841 0.0338783 -1.19754 -0.00200724 0.999992 0.00347119 -0.571315 -0.0338714 -0.00353727 0.99942 54.4843 
0.998905 0.00449078 0.0465663 -1.15696 -0.00464796 0.999984 0.00326587 -0.581712 -0.0465508 -0.00347881 0.99891 55.6519 
0.998103 0.00625732 0.0612382 -1.10784 -0.00650858 0.999971 0.00390302 -0.602429 -0.061212 -0.00429427 0.998115 56.7927 
0.99699 0.00859271 0.0770531 -1.03315 -0.00900426 0.999947 0.00499418 -0.612657 -0.0770061 -0.00567304 0.997014 57.9303 
0.995486 0.00825578 0.0945516 -0.944365 -0.0088354 0.999945 0.00571224 -0.62771 -0.0944992 -0.00652193 0.995503 59.0425 
0.993502 0.00786776 0.113538 -0.831192 -0.00848386 0.999952 0.00494337 -0.639198 -0.113494 -0.00587457 0.993521 60.1473 
0.991004 0.00694133 0.133654 -0.702802 -0.00755908 0.999963 0.00411447 -0.65268 -0.133621 -0.00508784 0.991019 61.2354 
0.987953 0.0041081 0.154699 -0.550638 -0.00476821 0.999981 0.00389567 -0.664542 -0.15468 -0.00458645 0.987954 62.2985 
0.984383 -0.000891971 0.176039 -0.37119 -0.000174826 0.999982 0.0060439 -0.675947 -0.176041 -0.00598036 0.984365 63.3484 
0.979953 -0.00637052 0.199124 -0.166397 0.00497127 0.999959 0.00752574 -0.687715 -0.199164 -0.00638505 0.979945 64.3909 
0.974802 -0.0118298 0.22276 0.0607727 0.0104975 0.999919 0.00716376 -0.700816 -0.222826 -0.0046449 0.974847 65.4106 
0.968701 -0.017857 0.247586 0.316637 0.0169691 0.99984 0.00571914 -0.711078 -0.247648 -0.00133889 0.968849 66.4045 
0.961583 -0.0215487 0.273665 0.591309 0.0205237 0.999767 0.00660805 -0.722731 -0.273744 -0.000737641 0.961802 67.3793 
0.95338 -0.0244656 0.300779 0.890442 0.0227614 0.999699 0.00916887 -0.734759 -0.300913 -0.00189532 0.95365 68.3412 
0.944104 -0.0289171 0.328376 1.21458 0.0264103 0.999578 0.0120922 -0.74069 -0.328587 -0.00274391 0.94447 69.2899 
0.933581 -0.0320278 0.356933 1.5635 0.0296667 0.999487 0.0120892 -0.747592 -0.357137 -0.000697293 0.934052 70.2107 
0.921865 -0.0314122 0.386235 1.93592 0.0305462 0.999498 0.00838048 -0.751565 -0.386305 0.0040723 0.922362 71.1348 
0.909246 -0.0325272 0.414987 2.33522 0.0343529 0.999405 0.00306647 -0.756325 -0.41484 0.0114678 0.909822 72.015 
0.895437 -0.0345129 0.443848 2.75469 0.0379653 0.999278 0.00110921 -0.766697 -0.443566 0.0158575 0.896101 72.8695 
0.880202 -0.0351496 0.473296 3.20365 0.037492 0.999287 0.00448743 -0.775859 -0.473116 0.0137949 0.880892 73.7148 
0.862946 -0.0339362 0.504155 3.67375 0.0331066 0.999395 0.0106048 -0.787481 -0.50421 0.00753943 0.863548 74.5462 
0.843746 -0.0339777 0.535666 4.17293 0.0312057 0.999411 0.01424 -0.79219 -0.535835 0.00470085 0.84431 75.3528 
0.823069 -0.0276867 0.567266 4.69414 0.0270031 0.999589 0.00960716 -0.797672 -0.567299 0.00741051 0.823479 76.1325 
0.801691 -0.020914 0.597373 5.24392 0.0241992 0.999704 0.0025235 -0.798838 -0.597249 0.0124328 0.80196 76.8823 
0.779686 -0.0184301 0.6259 5.81783 0.0232942 0.999728 0.000419946 -0.799899 -0.625737 0.0142524 0.779903 77.6112 
0.756734 -0.0210255 0.653384 6.41699 0.024419 0.999694 0.00388777 -0.811569 -0.653266 0.013013 0.757016 78.312 
0.732559 -0.0211206 0.680376 7.02869 0.0243589 0.999692 0.0048057 -0.825417 -0.680267 0.0130527 0.732848 78.9845 
0.707649 -0.0192158 0.706302 7.66837 0.0250079 0.999685 0.00214187 -0.834726 -0.706121 0.0161474 0.707907 79.6332 
0.681794 -0.0168477 0.73135 8.31862 0.0248137 0.999692 -0.000103149 -0.843359 -0.731123 0.0182178 0.682002 80.2515 
0.655153 -0.0144806 0.755358 8.98715 0.0233062 0.999728 -0.00104932 -0.852082 -0.755137 0.018292 0.655312 80.8443 
0.627475 -0.0128671 0.77853 9.68038 0.0229826 0.999734 -0.00200051 -0.864699 -0.778297 0.0191479 0.627604 81.4174 
0.599027 -0.00657558 0.800702 10.3929 0.0217151 0.999732 -0.00803575 -0.881495 -0.800434 0.0222009 0.599009 81.96 
0.569337 0.0025785 0.8221 11.1332 0.0206437 0.999635 -0.017432 -0.899437 -0.821845 0.0268958 0.569076 82.4818 
0.538888 0.010787 0.842308 11.8931 0.0197887 0.99948 -0.0254603 -0.919891 -0.842145 0.0303884 0.538395 82.9775 
0.507267 0.0155198 0.861649 12.6787 0.0172572 0.999454 -0.0281616 -0.946815 -0.861616 0.0291551 0.506722 83.4572 
0.474953 0.0154733 0.879875 13.4928 0.0151123 0.999554 -0.0257356 -0.971992 -0.879881 0.0255201 0.474508 83.9131 
0.442365 0.0142893 0.896721 14.3169 0.0106177 0.999719 -0.0211685 -1.00187 -0.896772 0.0188853 0.442089 84.326 
0.408272 0.0156034 0.912727 15.1655 0.00613464 0.999784 -0.0198359 -1.0319 -0.91284 0.0136977 0.408088 84.7215 
0.373315 0.0188691 0.927513 16.0302 -0.000781994 0.999799 -0.020025 -1.05519 -0.927704 0.00675032 0.373255 85.0897 
0.337549 0.0206785 0.941081 16.9106 -0.00569733 0.999785 -0.019925 -1.08319 -0.941291 0.001364 0.337594 85.431 
0.301597 0.0201599 0.953222 17.8138 -0.00807916 0.999794 -0.0185888 -1.10729 -0.953401 -0.00209492 0.301698 85.7334 
0.265834 0.0195414 0.963821 18.7248 -0.00912188 0.999801 -0.0177551 -1.13455 -0.963976 -0.00407198 0.265959 85.9968 
0.230183 0.0190391 0.972961 19.6558 -0.00818711 0.999811 -0.0176277 -1.15891 -0.973113 -0.00390815 0.230296 86.2204 
0.194766 0.0177242 0.980689 20.5956 -0.00621407 0.999839 -0.0168363 -1.18159 -0.98083 -0.00281495 0.194845 86.414 
0.160209 0.016731 0.986941 21.5454 0.00158464 0.999851 -0.0172072 -1.20858 -0.987082 0.00432068 0.160159 86.5715 
0.126766 0.020049 0.99173 22.5081 0.00389773 0.999778 -0.02071 -1.237 -0.991925 0.00649082 0.12666 86.6951 
0.0937773 0.02555 0.995265 23.4744 0.00433862 0.999651 -0.0260714 -1.26027 -0.995584 0.00676298 0.0936336 86.7993 
0.0649758 0.028917 0.997468 24.4334 0.0113527 0.999494 -0.0297154 -1.2949 -0.997822 0.0132548 0.0646146 86.8601 
0.0392055 0.0272479 0.99886 25.4178 0.0128652 0.999531 -0.0277712 -1.32693 -0.999148 0.0139393 0.0388366 86.9085 
0.0172076 0.0243901 0.999554 26.4038 0.0151483 0.999581 -0.0246517 -1.35913 -0.999737 0.0155658 0.0168309 86.927 
-0.00146427 0.0212755 0.999772 27.3765 0.0152247 0.999658 -0.0212509 -1.39831 -0.999883 0.0151901 -0.00178769 86.9364 
-0.0180299 0.024537 0.999536 28.3603 0.0166619 0.999567 -0.0242372 -1.42982 -0.999699 0.0162172 -0.0184309 86.9263 
-0.0327386 0.0288913 0.999046 29.3462 0.0196898 0.999407 -0.0282565 -1.45977 -0.99927 0.0187459 -0.033288 86.9018 
-0.0448102 0.0339607 0.998418 30.33 0.0240485 0.999169 -0.032907 -1.49542 -0.998706 0.0225359 -0.0455896 86.862 
-0.0536505 0.0373314 0.997862 31.321 0.0291656 0.998933 -0.0358035 -1.53828 -0.998134 0.0271823 -0.0546821 86.8122 
-0.0594838 0.0424613 0.997326 32.3183 0.0332479 0.998625 -0.0405336 -1.5841 -0.997675 0.0307479 -0.0608137 86.7549 
-0.062833 0.0474458 0.996896 33.323 0.0350746 0.998357 -0.0453047 -1.62989 -0.997407 0.0321191 -0.0643939 86.6953 
-0.0653916 0.0512409 0.996543 34.3224 0.0376139 0.998097 -0.0488527 -1.68669 -0.99715 0.0342893 -0.0671946 86.6301 
-0.0679631 0.0539275 0.996229 35.333 0.0371988 0.997981 -0.0514847 -1.75331 -0.996994 0.0335595 -0.0698319 86.5694 
-0.0701584 0.0572424 0.995892 36.3406 0.0386262 0.997759 -0.0546287 -1.81588 -0.996788 0.0346349 -0.0722122 86.5015 
-0.0719861 0.0609247 0.995543 37.3568 0.0394591 0.997525 -0.0581929 -1.87777 -0.996625 0.0350942 -0.074212 86.436 
-0.0740955 0.0621658 0.995312 38.3762 0.0426053 0.997341 -0.0591209 -1.94733 -0.996341 0.038025 -0.0765471 86.3636 
-0.0759512 0.0609959 0.995244 39.3896 0.0424667 0.997419 -0.0578885 -2.01168 -0.996207 0.037868 -0.0783455 86.2912 
-0.0780488 0.0607717 0.995095 40.4194 0.0420891 0.997451 -0.0576145 -2.08062 -0.996061 0.0373859 -0.0804077 86.2205 
-0.080133 0.062149 0.994845 41.4462 0.0424226 0.997363 -0.0588893 -2.14821 -0.995881 0.0374849 -0.0825582 86.1442 
-0.0823039 0.0644651 0.99452 42.4767 0.041302 0.997269 -0.0612254 -2.21304 -0.995751 0.0360366 -0.0847417 86.0681 
-0.0842222 0.0667434 0.994209 43.5102 0.0399537 0.997178 -0.0635582 -2.28748 -0.995646 0.0343694 -0.0866512 85.9772 
-0.0866183 0.0703873 0.993752 44.5567 0.0376326 0.99702 -0.0673387 -2.36063 -0.99553 0.0315647 -0.0890091 85.901 
-0.0882927 0.0745756 0.993299 45.603 0.0344714 0.996825 -0.0717763 -2.4405 -0.995498 0.0279031 -0.0905831 85.8116 
-0.0908082 0.0768488 0.992899 46.638 0.0322639 0.996722 -0.074194 -2.52287 -0.995346 0.0252974 -0.09299 85.7312 
-0.0931799 0.0755947 0.992775 47.687 0.0302895 0.996867 -0.0730635 -2.60041 -0.995188 0.0232626 -0.0951778 85.6416 
-0.0960483 0.0714472 0.992809 48.7375 0.0270113 0.99724 -0.069153 -2.68265 -0.99501 0.0201751 -0.0977132 85.5603 
-0.098045 0.0700144 0.992716 49.799 0.0272925 0.997336 -0.0676448 -2.75996 -0.994808 0.0204614 -0.0996947 85.4658 
-0.0998471 0.0705598 0.992498 50.8586 0.0265099 0.997317 -0.0682355 -2.83873 -0.994649 0.0194979 -0.10145 85.3702 
-0.101066 0.0734417 0.992165 51.9219 0.0280866 0.997085 -0.0709449 -2.91775 -0.994483 0.0206965 -0.102834 85.2723 
-0.101762 0.0761086 0.991893 52.9761 0.0283089 0.996887 -0.0735876 -2.99872 -0.994406 0.020591 -0.1036 85.1728 
-0.10203 0.0770292 0.991794 54.033 0.0271596 0.996841 -0.0746272 -3.08141 -0.99441 0.0193225 -0.1038 85.0786 
-0.101762 0.0759677 0.991904 55.0997 0.0243561 0.996971 -0.0738571 -3.16639 -0.99451 0.0166431 -0.103304 84.986 
-0.101728 0.075106 0.991973 56.1615 0.020205 0.997096 -0.073422 -3.25756 -0.994607 0.0125737 -0.102951 84.8971 
-0.101569 0.0763895 0.991891 57.2344 0.0162673 0.997042 -0.0751205 -3.34403 -0.994695 0.00850549 -0.102512 84.8038 
-0.101642 0.0767384 0.991857 58.3091 0.0116138 0.997044 -0.0759497 -3.43157 -0.994753 0.00379951 -0.102233 84.7117 
-0.101788 0.0762477 0.99188 59.3929 0.00860599 0.997088 -0.075765 -3.52065 -0.994769 0.000824182 -0.102147 84.617 
-0.102083 0.0712711 0.992219 60.4867 0.00898306 0.997455 -0.0707231 -3.60339 -0.994735 0.00169358 -0.102463 84.5209 
-0.102378 0.0625127 0.992779 61.5763 0.01225 0.998027 -0.06158 -3.68446 -0.99467 0.00585719 -0.102941 84.4174 
-0.102328 0.0569343 0.99312 62.6743 0.017338 0.998311 -0.0554456 -3.76336 -0.9946 0.0115451 -0.103142 84.3136 
-0.101322 0.0589907 0.993103 63.7701 0.0257546 0.998061 -0.0566576 -3.83393 -0.99452 0.0198363 -0.102645 84.1985 
-0.100419 0.0646448 0.992843 64.8623 0.0312812 0.997599 -0.0617906 -3.90287 -0.994453 0.0248524 -0.1022 84.0977 
-0.0995266 0.0702156 0.992554 65.9705 0.034798 0.997142 -0.067051 -3.97882 -0.994426 0.0278655 -0.101686 83.9934 
-0.0987329 0.0745562 0.992317 67.0828 0.0357544 0.996811 -0.0713365 -4.05807 -0.994471 0.0284365 -0.101084 83.8895 
-0.0985693 0.0718676 0.992532 68.2127 0.0326809 0.997084 -0.0689518 -4.13931 -0.994593 0.0256403 -0.100631 83.8009 
-0.0980448 0.0672845 0.992905 69.3531 0.0317147 0.997416 -0.0644586 -4.22278 -0.994676 0.0251699 -0.0999254 83.6942 
-0.0978934 0.0653067 0.993052 70.4872 0.0292904 0.997601 -0.0627185 -4.30301 -0.994766 0.0229471 -0.0995715 83.5986 
-0.0980825 0.0661145 0.99298 71.6294 0.0270474 0.997599 -0.0637505 -4.38191 -0.994811 0.0206047 -0.0996352 83.5078 
-0.0975885 0.0714462 0.992659 72.7653 0.0282944 0.997216 -0.0689927 -4.46208 -0.994824 0.0213538 -0.0993384 83.4051 
-0.0966785 0.0740871 0.992554 73.9077 0.028073 0.997032 -0.071687 -4.54731 -0.99492 0.0209334 -0.0984714 83.3021 
-0.0964288 0.073175 0.992646 75.0643 0.0284543 0.997089 -0.0707384 -4.63043 -0.994933 0.0214239 -0.0982303 83.2036 
-0.0957687 0.0666729 0.993168 76.2179 0.0302427 0.997488 -0.0640468 -4.71025 -0.994944 0.0239024 -0.0975445 83.1046 
-0.096401 0.0647919 0.993231 77.3604 0.0296781 0.997622 -0.0621979 -4.79582 -0.9949 0.0234813 -0.0980947 83.0112 
-0.09563 0.067978 0.993093 78.5177 0.0274318 0.997466 -0.0656359 -4.87365 -0.995039 0.0209656 -0.0972525 82.9137 
-0.0953698 0.0710564 0.992903 79.6851 0.0272691 0.997261 -0.0687492 -4.95516 -0.995068 0.020519 -0.0970462 82.8195 
-0.0957959 0.0706012 0.992894 80.8561 0.0267441 0.997304 -0.0683346 -5.03937 -0.995042 0.0200079 -0.0974258 82.7316 
-0.095645 0.0675334 0.993122 82.0331 0.0264713 0.997516 -0.0652829 -5.11996 -0.995063 0.0200453 -0.0971951 82.6308 
-0.0942656 0.0663512 0.993333 83.2247 0.0274805 0.99757 -0.0640264 -5.20284 -0.995168 0.0212618 -0.0958598 82.5217 
-0.0927521 0.0671476 0.993422 84.4153 0.0291715 0.997478 -0.0646982 -5.2814 -0.995262 0.0229788 -0.0944771 82.4116 
-0.0909871 0.0673571 0.993571 85.6241 0.0321638 0.997388 -0.0646705 -5.36357 -0.995332 0.0260729 -0.0929159 82.2943 
-0.0899833 0.0671062 0.99368 86.8139 0.0318083 0.997412 -0.0644779 -5.44269 -0.995435 0.0258053 -0.0918849 82.2044 
-0.0881905 0.0676112 0.993806 88.0264 0.0334811 0.997331 -0.06488 -5.52975 -0.995541 0.0275519 -0.0902188 82.1033 
-0.087232 0.0661927 0.993986 89.2316 0.0336215 0.997417 -0.0634706 -5.60919 -0.99562 0.0278826 -0.0892322 82.0101 
-0.086424 0.0652967 0.994116 90.4458 0.0325699 0.997502 -0.0626876 -5.69632 -0.995726 0.0269606 -0.0883348 81.9265 
-0.0852092 0.0646903 0.994261 91.6715 0.0335489 0.99751 -0.0620267 -5.77811 -0.995798 0.0280711 -0.0871673 81.8351 
-0.0832717 0.0654782 0.994373 92.8944 0.0315341 0.997512 -0.0630442 -5.86647 -0.996028 0.0261068 -0.0851293 81.7451 
-0.0817584 0.0683312 0.994307 94.129 0.0320089 0.997312 -0.0659059 -5.94841 -0.996138 0.0264383 -0.0837259 81.6567 
-0.0806501 0.0670932 0.994482 95.365 0.0294099 0.997458 -0.064909 -6.03581 -0.996308 0.0240127 -0.0824182 81.5723 
-0.0801189 0.0658438 0.994608 96.6037 0.0257607 0.997619 -0.0639681 -6.12468 -0.996452 0.0204967 -0.0816243 81.4906 
-0.0800654 0.0671137 0.994528 97.8426 0.0229318 0.997591 -0.0654744 -6.20986 -0.996526 0.0175641 -0.0814116 81.4095 
-0.0804193 0.0668011 0.99452 99.0834 0.0201318 0.997657 -0.065384 -6.2935 -0.996558 0.0147633 -0.0815757 81.3296 
-0.081281 0.0639799 0.994636 100.339 0.0173712 0.997877 -0.0627689 -6.38704 -0.99654 0.0121761 -0.0822198 81.2443 
-0.082535 0.062703 0.994614 101.592 0.0153769 0.99798 -0.0616393 -6.47335 -0.996469 0.0102066 -0.0833325 81.1588 
-0.08385 0.0620954 0.994542 102.854 0.0136784 0.998034 -0.0611604 -6.559 -0.996384 0.00847546 -0.0845346 81.07 
-0.0850998 0.0622495 0.994426 104.11 0.0139591 0.998023 -0.0612802 -6.647 -0.996275 0.00866633 -0.0858005 80.9742 
-0.0871766 0.060923 0.994328 105.374 0.0136274 0.998108 -0.0599599 -6.73012 -0.9961 0.00832303 -0.0878419 80.8728 
-0.090212 0.0563998 0.994324 106.639 0.0105075 0.998393 -0.0556774 -6.81234 -0.995867 0.00542512 -0.0906597 80.7767 
-0.0943893 0.0565816 0.993926 107.896 0.010037 0.998387 -0.0558824 -6.89108 -0.995485 0.00470139 -0.094805 80.6709 
-0.100182 0.0627894 0.992986 109.135 0.00453534 0.998025 -0.0626506 -6.97203 -0.994959 -0.00177292 -0.100269 80.5746 
-0.107406 0.0660189 0.992021 110.366 0.00507801 0.997816 -0.0658549 -7.05759 -0.994202 -0.0020357 -0.107507 80.4649 
-0.115881 0.0619655 0.991328 111.612 0.0071172 0.998078 -0.0615555 -7.14853 -0.993237 -7.76356e-05 -0.1161 80.3262 
-0.12655 0.0597361 0.99016 112.869 0.00987062 0.998211 -0.0589603 -7.24411 -0.991911 0.00231208 -0.126913 80.1751 
-0.139734 0.0603643 0.988347 114.113 0.00944227 0.998176 -0.0596297 -7.33063 -0.990144 0.000999967 -0.140049 80.021 
-0.154026 0.0606256 0.986205 115.34 0.0113795 0.998158 -0.0595833 -7.41324 -0.988001 0.0020451 -0.154433 79.8455 
-0.168053 0.0585288 0.984039 116.558 0.0121408 0.998283 -0.0573027 -7.49616 -0.985703 0.00231714 -0.168475 79.65 
-0.183468 0.061 0.981131 117.756 0.016496 0.998123 -0.0589718 -7.58017 -0.982887 0.00536536 -0.18413 79.4369 
-0.198666 0.064434 0.977947 118.947 0.0175824 0.99791 -0.0621776 -7.66596 -0.979909 0.00484212 -0.199384 79.2099 
-0.214084 0.0683306 0.974422 120.122 0.0173505 0.997659 -0.0661481 -7.75198 -0.976661 0.00274549 -0.214769 78.9755 
-0.230133 0.0665533 0.970881 121.306 0.0137359 0.997781 -0.0651415 -7.83695 -0.973062 -0.00165528 -0.230536 78.7173 
-0.245672 0.0611534 0.967422 122.498 0.0085982 0.998106 -0.0609096 -7.92548 -0.969315 -0.00664567 -0.245732 78.429 
-0.261416 0.057299 0.963524 123.665 0.0047614 0.998301 -0.0580754 -8.01047 -0.965214 -0.0105941 -0.261245 78.138 
-0.276309 0.0587873 0.959269 124.831 0.00312986 0.998177 -0.0602703 -8.09341 -0.961064 -0.0136508 -0.275989 77.8219 
-0.291214 0.0606964 0.95473 125.986 0.00247904 0.99803 -0.0626931 -8.17607 -0.956655 -0.0158903 -0.290791 77.5008 
-0.304925 0.0633344 0.950268 127.131 0.00471803 0.997874 -0.0649934 -8.25907 -0.952365 -0.0153347 -0.304576 77.1484 
-0.31907 0.0630405 0.945632 128.275 0.00669217 0.99791 -0.0642676 -8.3504 -0.947708 -0.0141775 -0.318825 76.7777 
-0.333216 0.0612651 0.940858 129.421 0.00654337 0.998013 -0.0626695 -8.43583 -0.942828 -0.0147261 -0.332955 76.3911 
-0.347297 0.0599859 0.935834 130.549 0.00631081 0.998079 -0.0616338 -8.52354 -0.937734 -0.0154994 -0.347009 75.9824 
-0.362247 0.061306 0.930064 131.67 0.00497479 0.997947 -0.0638431 -8.61179 -0.932069 -0.0185001 -0.361808 75.5678 
-0.376965 0.0637779 0.924029 132.783 0.0060734 0.997775 -0.0663903 -8.69389 -0.926207 -0.0194148 -0.376514 75.13 
-0.391749 0.0657011 0.917723 133.882 0.00750874 0.997642 -0.0682174 -8.78043 -0.920041 -0.0198332 -0.391319 74.6822 
-0.40643 0.0684491 0.911114 134.979 0.0101768 0.997467 -0.0703969 -8.86848 -0.913625 -0.0193392 -0.406097 74.2102 
-0.420932 0.072196 0.904215 136.072 0.0100425 0.997137 -0.0749403 -8.96089 -0.907037 -0.0224642 -0.420452 73.7113 
-0.43599 0.0746908 0.896847 137.167 0.011443 0.996929 -0.077463 -9.05576 -0.899879 -0.0235105 -0.435506 73.1952 
-0.451526 0.0720353 0.889345 138.259 0.00994767 0.99708 -0.0757112 -9.15475 -0.892203 -0.0253386 -0.450924 72.6682 
-0.467532 0.0678194 0.881371 139.354 0.00695961 0.997304 -0.0730484 -9.25109 -0.883949 -0.0280185 -0.466744 72.1126 
-0.483816 0.0682135 0.872507 140.435 0.00633958 0.997205 -0.0744472 -9.34338 -0.875147 -0.0304874 -0.482896 71.5391 
-0.49984 0.067242 0.863504 141.497 0.00500793 0.997189 -0.0747535 -9.43933 -0.866103 -0.0330404 -0.498772 70.9489 
-0.515662 0.0665589 0.854202 142.564 0.00490509 0.997191 -0.0747395 -9.53849 -0.856778 -0.0343504 -0.51454 70.3266 
-0.531277 0.0664177 0.84459 143.614 0.00364423 0.997092 -0.076118 -9.63698 -0.84719 -0.0373619 -0.529975 69.6885 
-0.546923 0.0657137 0.8346 144.662 0.00337096 0.997079 -0.0762978 -9.73999 -0.837176 -0.0389156 -0.545547 69.0322 
-0.562313 0.0632323 0.824503 145.705 0.00287623 0.997216 -0.0745163 -9.83746 -0.826919 -0.0395301 -0.56093 68.3474 
-0.577843 0.0597178 0.81396 146.736 0.00278073 0.997458 -0.0712064 -9.93469 -0.816143 -0.0388827 -0.57654 67.6495 
-0.593064 0.0580785 0.803058 147.763 0.00370685 0.997581 -0.0694093 -10.0344 -0.805147 -0.0381873 -0.591845 66.9214 
-0.608212 0.056416 0.791767 148.77 0.00271139 0.997613 -0.0690005 -10.1283 -0.79377 -0.0398202 -0.606914 66.1827 
-0.623469 0.0574663 0.779733 149.77 0.00110683 0.997359 -0.0726203 -10.2257 -0.781847 -0.0444135 -0.621886 65.4161 
-0.639063 0.0572367 0.767022 150.756 -0.000958544 0.997167 -0.0752093 -10.3225 -0.769154 -0.0487987 -0.637197 64.6322 
-0.655348 0.0540807 0.753388 151.741 -0.00291033 0.997245 -0.0741171 -10.4225 -0.755321 -0.0507651 -0.653385 63.8185 
-0.672458 0.0468028 0.738654 152.715 -0.00639752 0.997594 -0.069034 -10.5228 -0.740108 -0.051148 -0.67054 62.994 
-0.689906 0.0442233 0.722547 153.682 -0.0078918 0.997613 -0.0685941 -10.6171 -0.723856 -0.0530256 -0.687911 62.1034 
-0.707883 0.0416667 0.705099 154.609 -0.00962754 0.997597 -0.0686169 -10.7113 -0.706264 -0.0553611 -0.705781 61.2212 
-0.72624 0.0378548 0.686398 155.515 -0.0130311 0.997545 -0.0688021 -10.8085 -0.687317 -0.0589114 -0.723964 60.3231 
-0.743485 0.0356936 0.6678 156.404 -0.013084 0.997607 -0.0678885 -10.9073 -0.668625 -0.0592115 -0.741238 59.3778 
-0.760148 0.0377627 0.648652 157.262 -0.011444 0.997377 -0.0714757 -11.0019 -0.649649 -0.0617553 -0.757721 58.4206 
-0.77566 0.0373251 0.630046 158.089 -0.00830277 0.99756 -0.0693191 -11.0977 -0.631096 -0.0589992 -0.773458 57.4331 
-0.790411 0.0386972 0.611353 158.887 -0.00426901 0.99763 -0.0686671 -11.1963 -0.612562 -0.0568851 -0.788373 56.4108 
-0.80523 0.0399353 0.591615 159.658 -0.00262208 0.99748 -0.070901 -11.2988 -0.592956 -0.0586429 -0.803096 55.3943 
-0.819409 0.0416302 0.571696 160.413 -0.00178873 0.997169 -0.0751764 -11.4 -0.573207 -0.0626228 -0.817014 54.36 
-0.832803 0.0422638 0.551954 161.151 0.000662158 0.997157 -0.0753545 -11.4998 -0.55357 -0.0623899 -0.830463 53.2728 
-0.845125 0.0399853 0.533071 161.859 0.00150775 0.997373 -0.0724219 -11.6099 -0.534567 -0.0604018 -0.842965 52.1936 
-0.856121 0.0415068 0.515106 162.537 0.00393265 0.997264 -0.0738225 -11.7167 -0.516761 -0.0611752 -0.853941 51.097 
-0.866095 0.0443358 0.497909 163.19 0.00659609 0.996986 -0.077302 -11.8189 -0.499835 -0.0636667 -0.863777 50.0061 
-0.875466 0.0423761 0.481418 163.832 0.00510638 0.996904 -0.0784651 -11.9308 -0.483252 -0.0662352 -0.872972 48.8947 
-0.884306 0.0396805 0.465218 164.459 0.0039201 0.996978 -0.0775853 -12.0429 -0.466891 -0.0667854 -0.881789 47.7747 
-0.892107 0.0376967 0.450249 165.094 0.00278433 0.996953 -0.0779523 -12.1531 -0.451816 -0.0682881 -0.889494 46.6225 
-0.899421 0.0350965 0.435672 165.691 0.00170562 0.997045 -0.076798 -12.2816 -0.43708 -0.0683307 -0.896823 45.486 
-0.90629 0.0325146 0.421404 166.292 0.000361099 0.997096 -0.0761571 -12.387 -0.422656 -0.0688683 -0.90367 44.3156 
-0.912471 0.0269692 0.408252 166.853 -0.00288522 0.997376 -0.0723354 -12.4959 -0.409132 -0.0671818 -0.909999 43.1405 
-0.917976 0.0234189 0.395944 167.391 -0.00427102 0.997614 -0.068908 -12.5995 -0.396613 -0.064947 -0.915686 41.9674 
-0.92255 0.0236582 0.385152 167.898 -0.00179279 0.997845 -0.0655877 -12.6961 -0.385873 -0.0611984 -0.92052 40.7894 
-0.926091 0.0274326 0.376302 168.405 0.00214336 0.99772 -0.0674594 -12.7889 -0.377295 -0.0616669 -0.924038 39.6017 
-0.928332 0.0332449 0.370262 168.884 0.008138 0.997572 -0.0691659 -12.8816 -0.371662 -0.0611957 -0.926349 38.417 
-0.930395 0.036872 0.364698 169.358 0.0115257 0.997379 -0.0714341 -12.9823 -0.366376 -0.0622586 -0.928382 37.2351 
-0.932158 0.0340619 0.360447 169.839 0.00934342 0.997496 -0.0700992 -13.0813 -0.361932 -0.0619757 -0.930142 36.0345 
-0.934224 0.0267531 0.355682 170.326 0.00326659 0.997783 -0.0664697 -13.1802 -0.356672 -0.0609357 -0.93224 34.8343 
-0.936163 0.0207689 0.350952 170.803 -0.00201496 0.99792 -0.0644306 -13.2781 -0.35156 -0.0610247 -0.934174 33.6357 
-0.937891 0.0140572 0.346645 171.272 -0.00939492 0.997783 -0.0658815 -13.3716 -0.346802 -0.0650464 -0.93568 32.4329 
-0.939387 0.0118686 0.342652 171.742 -0.0124828 0.997554 -0.0687749 -13.4641 -0.34263 -0.0688835 -0.936942 31.2332 
-0.940382 0.0117287 0.339918 172.209 -0.0132992 0.997373 -0.0712063 -13.56 -0.33986 -0.0714817 -0.937756 30.0407 
-0.94085 0.0120374 0.33861 172.666 -0.0136347 0.997214 -0.0733355 -13.6583 -0.338549 -0.0736145 -0.938065 28.8499 
-0.940688 0.0153801 0.338923 173.114 -0.0108692 0.997093 -0.075415 -13.7592 -0.339098 -0.0746258 -0.937786 27.6388 
-0.940517 0.0161856 0.339361 173.573 -0.0107693 0.996942 -0.0773949 -13.8635 -0.339576 -0.0764459 -0.937467 26.443 
-0.940071 0.0172486 0.340541 174.027 -0.0104891 0.996784 -0.0794432 -13.9705 -0.340816 -0.0782543 -0.936867 25.2367 
-0.939508 0.0178151 0.342062 174.485 -0.00997976 0.996799 -0.0793252 -14.0768 -0.34238 -0.0779404 -0.936323 24.051 
-0.938861 0.01709 0.343871 174.944 -0.0112806 0.996704 -0.0803339 -14.1837 -0.344111 -0.0793014 -0.935574 22.8775 
-0.937521 0.0155876 0.347578 175.411 -0.0134906 0.996616 -0.0810828 -14.2859 -0.347666 -0.0807059 -0.934139 21.6769 
-0.935791 0.0136653 0.352289 175.866 -0.0152576 0.996742 -0.0791929 -14.3948 -0.352224 -0.0794831 -0.932534 20.5105 
-0.9339 0.0108174 0.357371 176.346 -0.0177609 0.996904 -0.0765896 -14.5069 -0.357093 -0.0778742 -0.930817 19.3354 
-0.931113 0.00945322 0.364608 176.821 -0.0186085 0.997131 -0.0733739 -14.6159 -0.364255 -0.0751042 -0.928266 18.1547 
-0.928557 0.0110577 0.371024 177.313 -0.0176714 0.997106 -0.0739431 -14.7142 -0.370768 -0.0752169 -0.925675 17.0041 
-0.925359 0.0110716 0.37893 177.805 -0.0186043 0.997043 -0.074564 -14.8139 -0.378635 -0.0760482 -0.922416 15.8572 
-0.921401 0.01413 0.388356 178.302 -0.0169943 0.996918 -0.0765923 -14.9189 -0.388241 -0.0771721 -0.918321 14.7145 
-0.916994 0.0152605 0.398609 178.815 -0.0163628 0.996988 -0.0758115 -15.0231 -0.398565 -0.076041 -0.913982 13.5735 
-0.911714 0.0176622 0.410445 179.333 -0.0152738 0.996927 -0.076827 -15.1353 -0.410541 -0.0763133 -0.908643 12.4317 
-0.90566 0.0196472 0.42355 179.884 -0.0150467 0.996807 -0.0784125 -15.2403 -0.423739 -0.0773881 -0.902473 11.2734 
-0.899128 0.0219067 0.437137 180.446 -0.0139033 0.996813 -0.0785515 -15.3477 -0.437464 -0.0767055 -0.895958 10.1279 
-0.893102 0.020072 0.449407 181.027 -0.0158909 0.996973 -0.076108 -15.4587 -0.449574 -0.0751136 -0.890079 9.04507 
-0.886362 0.0225881 0.462441 181.622 -0.0145323 0.99696 -0.0765512 -15.5693 -0.462764 -0.0745725 -0.883339 7.93041 
-0.879398 0.0249264 0.475435 182.239 -0.0126303 0.997055 -0.0756363 -15.6785 -0.47592 -0.0725193 -0.876494 6.8196 
-0.871642 0.0264244 0.48943 182.864 -0.0110566 0.997231 -0.0735318 -15.7851 -0.490018 -0.0695049 -0.868937 5.71538 
-0.863752 0.0275873 0.503161 183.498 -0.00916431 0.997475 -0.0704215 -15.8925 -0.503834 -0.0654378 -0.861318 4.6427 
-0.855499 0.0300615 0.516931 184.155 -0.00648179 0.997613 -0.0687422 -15.998 -0.517764 -0.0621595 -0.853262 3.5749 
-0.846277 0.0335319 0.531686 184.836 -0.00258016 0.997747 -0.0670319 -16.098 -0.532737 -0.0580994 -0.844284 2.51085 
-0.834895 0.0364099 0.549204 185.518 -0.000185783 0.997791 -0.0664318 -16.1874 -0.550409 -0.0555656 -0.833044 1.45361 
-0.823795 0.0393452 0.56552 186.231 0.00287251 0.997865 -0.0652405 -16.2843 -0.56688 -0.0521204 -0.82215 0.430001 
-0.81246 0.0408715 0.581583 186.97 0.00411033 0.997916 -0.0643878 -16.3804 -0.583003 -0.049922 -0.810935 -0.576609 
-0.801284 0.0423731 0.596781 187.719 0.00354688 0.997808 -0.0660849 -16.4592 -0.598273 -0.050836 -0.799678 -1.53588 
-0.788177 0.0451384 0.613791 188.484 0.00669661 0.997877 -0.0647851 -16.5582 -0.615412 -0.0469518 -0.786806 -2.50517 
-0.774163 0.0459134 0.631319 189.272 0.00821908 0.998011 -0.0625029 -16.6495 -0.632933 -0.0431985 -0.773 -3.45549 
-0.759039 0.0476851 0.649296 190.071 0.01061 0.998088 -0.0608976 -16.7384 -0.650958 -0.0393347 -0.758094 -4.36136 
-0.742167 0.0504734 0.668312 190.891 0.0120567 0.998004 -0.0619839 -16.8239 -0.670106 -0.0379448 -0.741294 -5.26841 
-0.725302 0.0531431 0.686376 191.718 0.0122799 0.997856 -0.0642834 -16.911 -0.688321 -0.0381962 -0.7244 -6.11876 
-0.70728 0.0538765 0.704877 192.562 0.0112064 0.997821 -0.0650227 -16.9999 -0.706845 -0.0380901 -0.706343 -6.95801 
-0.688229 0.0539576 0.723484 193.439 0.00985243 0.997834 -0.0650464 -17.087 -0.725427 -0.0376387 -0.687269 -7.77548 
-0.668489 0.0532119 0.741815 194.319 0.00786597 0.997887 -0.064492 -17.1815 -0.74368 -0.0372771 -0.667496 -8.54178 
-0.647955 0.0537287 0.759781 195.224 0.00586514 0.997831 -0.0655609 -17.2701 -0.761656 -0.0380242 -0.646865 -9.29347 
-0.627634 0.0534115 0.776674 196.149 0.00275057 0.99779 -0.0663949 -17.3532 -0.778503 -0.0395354 -0.626394 -10.0153 
-0.606521 0.0533777 0.793274 197.072 0.00125225 0.997807 -0.0661828 -17.4412 -0.795067 -0.0391479 -0.605257 -10.7077 
-0.583721 0.0533072 0.810203 198.038 0.000774067 0.997879 -0.0650977 -17.5278 -0.811954 -0.0373717 -0.582524 -11.3918 
-0.560458 0.0541876 0.826408 198.994 -0.00148701 0.99779 -0.0664336 -17.6079 -0.828181 -0.0384621 -0.559139 -12.0153 
-0.534762 0.0575698 0.843039 199.986 -9.76504e-05 0.997672 -0.0681914 -17.6927 -0.845003 -0.0365485 -0.533512 -12.6365 
-0.508038 0.0585541 0.859342 200.996 -0.00155759 0.997622 -0.0688972 -17.7723 -0.861333 -0.0363409 -0.506739 -13.2252 
-0.480546 0.0571616 0.875104 202.025 -0.00300737 0.99776 -0.066825 -17.8677 -0.876964 -0.0347442 -0.479298 -13.781 
-0.452744 0.0557805 0.889894 203.063 -0.00600843 0.997828 -0.065603 -17.9461 -0.89162 -0.0350482 -0.451425 -14.2883 
-0.42265 0.0572107 0.904485 204.124 -0.00432985 0.997867 -0.0651406 -18.0292 -0.906283 -0.0314479 -0.4215 -14.7814 
-0.391609 0.0596453 0.918196 205.198 -0.00455598 0.997759 -0.0667568 -18.1152 -0.92012 -0.0303258 -0.39046 -15.2325 
-0.359828 0.0617463 0.930973 206.271 -0.00461018 0.997678 -0.0679524 -18.1995 -0.933007 -0.0287431 -0.358707 -15.6401 
-0.328042 0.0615921 0.942653 207.348 -0.00153419 0.997836 -0.0657317 -18.2941 -0.944662 -0.0230089 -0.327237 -16.0051 
-0.295496 0.0612753 0.953377 208.423 -0.00118903 0.997916 -0.0645066 -18.3824 -0.955343 -0.020195 -0.294807 -16.3348 
-0.261335 0.0605253 0.963349 209.557 -0.000679483 0.99802 -0.062888 -18.4705 -0.965248 -0.0170894 -0.260776 -16.6476 
-0.226546 0.0583913 0.972248 210.694 -0.00100038 0.998187 -0.0601822 -18.5565 -0.974 -0.0146067 -0.226077 -16.9133 
-0.192245 0.0573788 0.979668 211.832 -0.00134061 0.998273 -0.0587316 -18.6383 -0.981346 -0.0126042 -0.191836 -17.1256 
-0.156651 0.0570591 0.986004 212.989 -0.000554787 0.998324 -0.0578603 -18.7118 -0.987654 -0.00961086 -0.156357 -17.301 
-0.121644 0.056692 0.990953 214.132 -0.000640901 0.998363 -0.0571946 -18.789 -0.992574 -0.00759247 -0.121408 -17.4329 
-0.0856122 0.0567904 0.994709 215.282 -0.000645979 0.998371 -0.0570551 -18.8644 -0.996328 -0.00552717 -0.0854361 -17.5301 
-0.0504283 0.057323 0.997081 216.416 -0.0020223 0.998343 -0.057498 -18.9408 -0.998726 -0.00491592 -0.0502288 -17.5821 
-0.0159071 0.0563722 0.998283 217.551 -0.00257576 0.998404 -0.0564201 -19.0207 -0.99987 -0.00346881 -0.0157365 -17.597 
0.0178798 0.0553946 0.998304 218.707 -0.00395599 0.99846 -0.0553325 -19.1011 -0.999832 -0.00295995 0.0180714 -17.573 
0.0507958 0.0559082 0.997143 219.854 -0.00544748 0.998432 -0.0557031 -19.1755 -0.998694 -0.00260243 0.0510207 -17.5022 
0.0831916 0.0561369 0.994951 220.983 -0.00570251 0.998422 -0.0558561 -19.2492 -0.996517 -0.00102696 0.0833804 -17.3956 
0.115047 0.0542565 0.991877 222.117 -0.00498653 0.998526 -0.0540419 -19.319 -0.993347 0.00127133 0.115148 -17.2569 
0.146054 0.0531058 0.98785 223.268 -0.00384917 0.998581 -0.0531137 -19.3914 -0.989269 0.00395505 0.146051 -17.0798 
0.176272 0.0536599 0.982878 224.415 -0.00287399 0.998537 -0.0539994 -19.4527 -0.984337 0.00669379 0.176168 -16.8675 
0.206483 0.0532941 0.976998 225.551 -0.000878332 0.998525 -0.0542828 -19.5248 -0.97845 0.0103503 0.206225 -16.625 
0.236177 0.0530998 0.970258 226.675 0.00050847 0.998499 -0.0547693 -19.5939 -0.97171 0.0134286 0.235795 -16.3387 
0.266347 0.0512914 0.962512 227.813 0.00293255 0.998535 -0.0540227 -19.6665 -0.963873 0.0172114 0.265806 -16.0198 
0.296755 0.0492115 0.953685 228.937 0.00554326 0.998566 -0.0532524 -19.7448 -0.954937 0.0210895 0.296057 -15.6696 
0.326308 0.0486814 0.944009 230.05 0.00827488 0.998488 -0.0543512 -19.817 -0.945227 0.0255468 0.325411 -15.2831 
0.354867 0.0485409 0.933656 231.136 0.00841965 0.998445 -0.0551096 -19.8847 -0.934879 0.0274176 0.353907 -14.8634 
0.382806 0.0464498 0.92266 232.227 0.00920418 0.998494 -0.0540864 -19.9623 -0.923783 0.029197 0.381802 -14.4073 
0.410969 0.0452553 0.910525 233.297 0.00947524 0.998501 -0.0539047 -20.0388 -0.9116 0.0307806 0.409924 -13.9232 
0.439325 0.0463164 0.897134 234.362 0.0104527 0.998339 -0.0566601 -20.1149 -0.898267 0.0342696 0.438111 -13.397 
0.467078 0.0477582 0.882925 235.388 0.0113447 0.998134 -0.0599915 -20.1856 -0.884143 0.0380372 0.465665 -12.8514 
0.494101 0.0456645 0.868204 236.425 0.0128766 0.998126 -0.0598262 -20.2675 -0.869309 0.0407397 0.492587 -12.2534 
0.520519 0.0424866 0.852793 237.432 0.0146284 0.998171 -0.0586583 -20.3444 -0.853725 0.0430077 0.518945 -11.6279 
0.545665 0.04049 0.837024 238.43 0.0139659 0.998254 -0.0573939 -20.4257 -0.837887 0.0430077 0.544147 -10.9732 
0.568883 0.0408619 0.821403 239.417 0.0121751 0.998237 -0.0580911 -20.5045 -0.822328 0.0430476 0.567382 -10.2891 
0.58979 0.0409145 0.80652 240.389 0.0107314 0.99823 -0.0584877 -20.5822 -0.807485 0.0431505 0.588307 -9.56783 
0.609385 0.0396464 0.791883 241.348 0.0101476 0.998277 -0.0577888 -20.6595 -0.79281 0.0432513 0.607933 -8.82134 
0.627597 0.0368289 0.777666 242.307 0.0101845 0.998407 -0.0555021 -20.7426 -0.778471 0.0427531 0.626222 -8.0314 
0.644882 0.03343 0.76355 243.234 0.0115034 0.998505 -0.0534326 -20.8216 -0.764195 0.0432411 0.643534 -7.24122 
0.660998 0.0306406 0.749762 244.149 0.0126581 0.998568 -0.0519683 -20.8971 -0.750281 0.0438415 0.659664 -6.42354 
0.676541 0.0280944 0.735869 245.047 0.0146199 0.998563 -0.051565 -20.9722 -0.73626 0.0456441 0.675158 -5.5916 
0.69151 0.0278917 0.721828 245.927 0.0142002 0.998536 -0.0521877 -21.0432 -0.722227 0.0463384 0.690102 -4.73408 
0.706574 0.0264123 0.707146 246.798 0.0150302 0.998518 -0.0523134 -21.1135 -0.707479 0.0475918 0.705129 -3.855 
0.720916 0.0245175 0.692588 247.649 0.0143197 0.998634 -0.0502569 -21.1814 -0.692874 0.0461486 0.71958 -2.9551 
0.735016 0.0215653 0.677706 248.478 0.015029 0.99873 -0.0480807 -21.254 -0.677883 0.0455253 0.733759 -2.03208 
0.748711 0.0199156 0.662597 249.287 0.0153955 0.998756 -0.0474159 -21.3237 -0.662718 0.0457018 0.747473 -1.09614 
0.762236 0.0194549 0.647007 250.091 0.0163583 0.99865 -0.0493002 -21.3936 -0.647092 0.0481623 0.760889 -0.13807 
0.774824 0.0188051 0.631897 250.881 0.01661 0.998607 -0.0500854 -21.4612 -0.631959 0.0493031 0.773432 0.838685 
0.786303 0.0178604 0.617583 251.652 0.0162757 0.998636 -0.0496026 -21.5347 -0.617627 0.0490542 0.78494 1.84489 
0.797053 0.0160859 0.603694 252.406 0.0161579 0.998719 -0.0479449 -21.5997 -0.603692 0.047969 0.795773 2.86766 
0.807363 0.0136188 0.589898 253.136 0.0175229 0.998739 -0.0470405 -21.6685 -0.589795 0.0483155 0.806106 3.90038 
0.816979 0.0135999 0.576507 253.851 0.0172422 0.998699 -0.0479939 -21.7327 -0.57641 0.0491503 0.815681 4.9431 
0.825848 0.0109149 0.563786 254.559 0.0209333 0.99853 -0.0499952 -21.8068 -0.563503 0.0530903 0.824406 6.00139 
0.833819 0.00902941 0.551963 255.244 0.0217445 0.998553 -0.0491834 -21.8734 -0.551609 0.0530122 0.832417 7.07708 
0.84131 0.00584396 0.540521 255.922 0.0242143 0.99853 -0.0484851 -21.9512 -0.54001 0.0538793 0.839932 8.16075 
0.84798 0.00445093 0.530009 256.595 0.0251583 0.9985 -0.0486371 -22.0208 -0.529431 0.0545773 0.846596 9.26059 
0.853217 0.0029011 0.521547 257.26 0.0258585 0.998519 -0.0478572 -22.096 -0.520914 0.054319 0.851879 10.3774 
0.857017 0.00200604 0.515284 257.918 0.0255701 0.998595 -0.0464158 -22.163 -0.514653 0.052955 0.855761 11.4996 
0.859657 0.0012754 0.51087 258.575 0.0252831 0.998665 -0.045038 -22.2354 -0.510246 0.0516335 0.858477 12.6338 
0.862289 3.13267e-06 0.506416 259.231 0.0264079 0.998639 -0.0449718 -22.3016 -0.505727 0.052152 0.861116 13.7806 
0.864355 -0.000719198 0.502882 259.876 0.0265963 0.998665 -0.0442857 -22.3733 -0.502179 0.0516533 0.86322 14.9374 
0.866363 -0.00242899 0.499409 260.523 0.0273101 0.998722 -0.0425195 -22.4394 -0.498668 0.0504762 0.865322 16.0887 
0.868311 -0.00494316 0.495995 261.156 0.0294899 0.998696 -0.0416734 -22.5167 -0.495143 0.0508123 0.867324 17.2266 
0.870519 -0.00644082 0.492093 261.787 0.0310538 0.998641 -0.041864 -22.5825 -0.491154 0.0517247 0.869536 18.3774 
0.87263 -0.00706017 0.48833 262.432 0.0312921 0.998649 -0.04148 -22.6534 -0.487378 0.0514776 0.871672 19.5472 
0.874597 -0.00699458 0.484799 263.06 0.0306996 0.998688 -0.0409746 -22.7263 -0.483877 0.0507193 0.873665 20.7159 
0.876504 -0.0083569 0.481322 263.699 0.0317856 0.998672 -0.0405436 -22.7934 -0.480344 0.0508357 0.875606 21.9064 
0.878572 -0.00766353 0.477547 264.328 0.0307462 0.998705 -0.040539 -22.8594 -0.476618 0.0502992 0.87767 23.0911 
0.879901 -0.00651941 0.475112 264.964 0.0293548 0.998742 -0.0406603 -22.9191 -0.474249 0.0497238 0.878985 24.2881 
