1 2.12261e-08 -2.11895e-08 0 2.12261e-08 1 2.10703e-08 0 -2.11895e-08 2.10703e-08 1 0 
1 -0.000768595 8.34524e-05 -0.0317795 0.000768504 0.999998 0.00157985 -0.0233793 -8.47089e-05 -0.00157974 0.999999 1.33839 
0.999999 -0.00173143 -0.000286363 -0.0546689 0.00173196 0.999997 0.0016853 -0.0426005 0.000283401 -0.00168575 0.999999 2.68011 
0.999995 -0.00321863 -0.0002119 -0.0814032 0.00321878 0.999995 0.000504262 -0.0552956 0.000210234 -0.000504899 1 4.03034 
0.999994 -0.00355455 -0.000188549 -0.104538 0.00355469 0.999994 0.000540598 -0.0718696 0.000186584 -0.000541222 1 5.36732 
0.99999 -0.00439661 -0.000337905 -0.126762 0.00439707 0.99999 0.00123755 -0.0845868 0.000332418 -0.00123898 0.999999 6.70863 
0.999985 -0.00553499 0.000445038 -0.15515 0.00553386 0.999981 0.00259791 -0.108277 -0.000459451 -0.00259536 0.999997 8.0251 
0.999988 -0.0047779 0.00109333 -0.199012 0.00477514 0.999985 0.0025502 -0.115087 -0.00110554 -0.00254491 0.999996 9.37204 
0.999991 -0.0041522 0.000485374 -0.218101 0.00415194 0.999991 0.000627937 -0.13001 -0.000488019 -0.000625874 1 10.7399 
0.999999 -0.0010837 0.000354765 -0.235905 0.00108443 0.999998 -0.00194169 -0.14544 -0.000352702 0.00194212 0.999998 12.1075 
0.999997 0.00231874 0.000762134 -0.269563 -0.0023166 0.999994 -0.00274626 -0.169442 -0.00076854 0.00274453 0.999996 13.4483 
0.999988 0.00475613 0.00139108 -0.304293 -0.00475206 0.999985 -0.00288036 -0.193045 -0.0014048 0.00287376 0.999995 14.8071 
0.999982 0.00579927 0.0015296 -0.324075 -0.00579569 0.999981 -0.00230679 -0.212699 -0.00154299 0.00229793 0.999996 16.1726 
0.999991 0.00377269 0.00201165 -0.340386 -0.00377288 0.999993 0.000112115 -0.229784 -0.00201126 -0.000119661 0.999998 17.5439 
0.999997 -0.00045987 0.00250474 -0.3659 0.000455421 0.999998 0.00179381 -0.250947 -0.0025056 -0.00179262 0.999995 18.9316 
0.999993 -0.00267811 0.00252786 -0.386308 0.00267976 0.999996 -0.000636642 -0.271737 -0.00252619 0.000643454 0.999997 20.2821 
0.99999 -0.00351693 0.00283976 -0.411683 0.00352375 0.999991 -0.00238562 -0.296804 -0.00283138 0.00239564 0.999993 21.6348 
0.999991 -0.000903576 0.00417025 -0.443403 0.000920925 0.999991 -0.00414996 -0.319947 -0.0041665 0.0041538 0.999983 22.9985 
0.999987 0.00191909 0.00471925 -0.458308 -0.0019075 0.999995 -0.00244957 -0.337832 -0.00472397 0.00244058 0.999986 24.3889 
0.999986 0.00213453 0.00491351 -0.465247 -0.00214014 0.999997 0.00114571 -0.364052 -0.00491109 -0.00115617 0.999987 25.7881 
0.999986 -6.23424e-05 0.00526899 -0.477231 4.60368e-05 0.999995 0.00310276 -0.382933 -0.0052692 -0.00310243 0.999981 27.1701 
0.999979 -0.00386349 0.00514365 -0.505772 0.00385647 0.999992 0.00138258 -0.402356 -0.00514899 -0.00136267 0.999986 28.5298 
0.999979 -0.00410741 0.00510887 -0.520216 0.00411221 0.999991 -0.000919552 -0.426221 -0.00510509 0.000940584 0.999987 29.9115 
0.99997 -0.00447431 0.00629681 -0.54297 0.00449547 0.999984 -0.00334309 -0.452579 -0.0062818 0.00337134 0.999975 31.2941 
0.999975 -0.00132534 0.00688152 -0.562897 0.00135275 0.999991 -0.00397437 -0.482347 -0.00687623 0.00398362 0.999968 32.686 
0.999971 -0.000611863 0.00755097 -0.5861 0.000656757 0.999982 -0.00593874 -0.510445 -0.00754724 0.00594357 0.999954 34.0713 
0.999972 6.39714e-06 0.00753115 -0.6002 3.27694e-05 0.999987 -0.0051948 -0.540174 -0.00753112 0.00519494 0.999958 35.4889 
0.999971 -0.000235869 0.00757928 -0.620753 0.000264627 0.999993 -0.00378781 -0.5725 -0.00757837 0.00378975 0.999964 36.8907 
0.99997 0.00154132 0.00757903 -0.643167 -0.00152144 0.999995 -0.00262299 -0.598715 -0.00758308 0.00261142 0.999968 38.2844 
0.999958 0.00470189 0.00787621 -0.661298 -0.00468329 0.999986 -0.0023725 -0.622985 -0.0078873 0.00233556 0.999966 39.7016 
0.999942 0.00695032 0.00822602 -0.678391 -0.00692655 0.999972 -0.00290932 -0.644231 -0.00824605 0.00285221 0.999962 41.1203 
0.999916 0.00949403 0.00885633 -0.70441 -0.00947103 0.999952 -0.00263081 -0.669055 -0.00888092 0.00254675 0.999957 42.5433 
0.999914 0.0100384 0.00849944 -0.721702 -0.0100182 0.999947 -0.00240663 -0.696387 -0.00852319 0.00232132 0.999961 43.983 
0.999922 0.00910429 0.00851935 -0.741279 -0.00908329 0.999956 -0.00249514 -0.723502 -0.00854173 0.0024176 0.999961 45.3851 
0.999936 0.00774821 0.00824329 -0.753169 -0.00772755 0.999967 -0.00252953 -0.751439 -0.00826266 0.00246571 0.999963 46.8223 
0.999944 0.00726247 0.00764997 -0.767762 -0.00724334 0.999971 -0.0025193 -0.77341 -0.00766808 0.00246379 0.999968 48.2583 
0.999951 0.00695094 0.00701764 -0.788567 -0.00694365 0.999975 -0.00105669 -0.805674 -0.00702485 0.00100796 0.999975 49.6829 
0.999958 0.00681678 0.00616921 -0.813756 -0.00680957 0.999976 -0.00118225 -0.832911 -0.00617716 0.00114023 0.99998 51.1061 
0.999967 0.00637625 0.00495017 -0.834391 -0.00637404 0.99998 -0.000452842 -0.865507 -0.004953 0.000421316 0.999988 52.5336 
0.999972 0.00606541 0.00441993 -0.865826 -0.00606706 0.999982 0.000370176 -0.888383 -0.00441764 -0.00039694 0.99999 53.9723 
0.999981 0.00447143 0.00426124 -0.896524 -0.00447642 0.999989 0.0011717 -0.908499 -0.004256 -0.00119071 0.99999 55.3951 
0.999987 0.00327824 0.00392272 -0.91724 -0.00328376 0.999994 0.0014105 -0.931675 -0.00391812 -0.00142332 0.999991 56.8338 
0.999994 0.000922624 0.00345738 -0.935858 -0.000924727 0.999999 0.00061884 -0.951553 -0.00345685 -0.000621991 0.999994 58.2713 
0.999993 -0.000146065 0.00368175 -0.958826 0.000141508 0.999999 0.00124943 -0.980383 -0.00368198 -0.00124886 0.999992 59.7063 
0.99999 -0.002069 0.00405992 -0.979148 0.00206053 0.999996 0.00210152 -1.00519 -0.00406429 -0.00209309 0.99999 61.1409 
0.999985 -0.00283516 0.00476307 -0.999953 0.00282266 0.999993 0.00263669 -1.02702 -0.00477055 -0.00262316 0.999985 62.5749 
0.999978 -0.00392762 0.00539951 -1.0177 0.00391608 0.99999 0.00215566 -1.05082 -0.00540796 -0.00213443 0.999983 63.9994 
0.999967 -0.0056191 0.00585312 -1.03046 0.00561141 0.999983 0.00133547 -1.07787 -0.00586057 -0.00130254 0.999982 65.408 
0.999964 -0.00559009 0.00641965 -1.04535 0.00558301 0.999984 0.00112626 -1.1054 -0.00642588 -0.00109034 0.999979 66.8386 
0.999965 -0.00370558 0.00747474 -1.06386 0.00370023 0.999993 0.000734246 -1.1302 -0.00747745 -0.00070652 0.999972 68.2729 
0.999967 -0.000146619 0.00818023 -1.08669 0.000130847 0.999998 0.0019338 -1.15611 -0.00818054 -0.00193263 0.999965 69.6991 
0.999959 0.0027661 0.00867172 -1.09989 -0.00279558 0.99999 0.00339398 -1.18165 -0.00866229 -0.00341804 0.999957 71.1322 
0.999925 0.00753015 0.0096623 -1.12289 -0.00756566 0.999965 0.00364819 -1.20284 -0.00963453 -0.00372098 0.999947 72.5543 
0.999874 0.0119968 0.0103579 -1.15003 -0.0120314 0.999922 0.00328263 -1.22785 -0.0103178 -0.0034068 0.999941 73.9625 
0.999838 0.0145182 0.0106436 -1.16449 -0.0145486 0.99989 0.00278176 -1.25621 -0.0106021 -0.00293611 0.99994 75.3789 
0.999794 0.0168027 0.011404 -1.18141 -0.0168328 0.999855 0.00255559 -1.27618 -0.0113594 -0.00274699 0.999932 76.7944 
0.999786 0.0170464 0.0116876 -1.1921 -0.0170795 0.99985 0.00273691 -1.29457 -0.0116393 -0.0029359 0.999928 78.2013 
0.999806 0.0158245 0.0117457 -1.20188 -0.0158566 0.999871 0.00265374 -1.31348 -0.0117022 -0.00283943 0.999928 79.6019 
0.999826 0.0144358 0.0118041 -1.21542 -0.0144588 0.999894 0.00187614 -1.34179 -0.0117758 -0.00204644 0.999929 80.9772 
0.999836 0.0139429 0.0115371 -1.21727 -0.0139657 0.999901 0.00190644 -1.36669 -0.0115094 -0.00206721 0.999932 82.3821 
0.999827 0.0145475 0.0115514 -1.24001 -0.0145693 0.999892 0.0018158 -1.38334 -0.0115238 -0.00198374 0.999932 83.7596 
0.999837 0.0142874 0.0110122 -1.24848 -0.0143014 0.999897 0.00119668 -1.40125 -0.010994 -0.00135393 0.999939 85.1464 
0.999843 0.0144244 0.0103047 -1.26145 -0.0144412 0.999895 0.00155398 -1.42748 -0.0102813 -0.0017025 0.999946 86.5472 
0.999858 0.0139401 0.00943257 -1.28304 -0.013959 0.999901 0.00194452 -1.44141 -0.00940457 -0.00207587 0.999954 87.9576 
0.999898 0.0115537 0.00840443 -1.29743 -0.0115814 0.999928 0.0032673 -1.47158 -0.00836612 -0.00336426 0.999959 89.3291 
0.999931 0.00955148 0.0068663 -1.30762 -0.00957583 0.999948 0.00352795 -1.48507 -0.00683229 -0.00359342 0.99997 90.7275 
0.999951 0.00774359 0.00615994 -1.32288 -0.00776568 0.999963 0.00357611 -1.50663 -0.00613206 -0.00362373 0.999975 92.1187 
0.999963 0.00645934 0.00567509 -1.33433 -0.00647709 0.999974 0.00312278 -1.52379 -0.00565482 -0.00315938 0.999979 93.5234 
0.999968 0.00569517 0.00558516 -1.35538 -0.00570886 0.999981 0.00244602 -1.54121 -0.00557116 -0.00247779 0.999981 94.9136 
0.999967 0.0059969 0.0054467 -1.37225 -0.00600791 0.99998 0.0020153 -1.56669 -0.00543455 -0.00204791 0.999983 96.2714 
0.999968 0.00593907 0.00540761 -1.39354 -0.00594557 0.999982 0.00119514 -1.58402 -0.00540045 -0.00122721 0.999985 97.6537 
0.999964 0.00635641 0.00562077 -1.41508 -0.00636045 0.99998 0.000708588 -1.61112 -0.00561619 -0.000744271 0.999984 99.0479 
0.999952 0.00761291 0.00611622 -1.43853 -0.00761883 0.999971 0.000952066 -1.63206 -0.00610884 -0.000998578 0.999981 100.407 
0.999946 0.00813798 0.00640321 -1.45909 -0.0081557 0.999963 0.00275296 -1.66019 -0.00638061 -0.00280499 0.999976 101.771 
0.999935 0.00918906 0.00679492 -1.48993 -0.00921583 0.99995 0.00392556 -1.68155 -0.00675855 -0.00398788 0.999969 103.133 
0.999945 0.00786175 0.00698931 -1.50562 -0.00788129 0.999965 0.00277864 -1.70656 -0.00696727 -0.00283353 0.999972 104.485 
0.999938 0.00847543 0.0072372 -1.52163 -0.00847657 0.999964 0.000133246 -1.7245 -0.00723586 -0.000194542 0.999974 105.858 
0.999946 0.00735051 0.00729148 -1.53665 -0.00734382 0.999973 -0.000938119 -1.74972 -0.00729822 0.000884564 0.999973 107.209 
0.999954 0.00539266 0.00793131 -1.5533 -0.00539374 0.999985 0.000119503 -1.77038 -0.0079306 -0.000162235 0.999969 108.558 
0.999959 0.00313551 0.00845494 -1.56049 -0.00315161 0.999993 0.00189646 -1.78731 -0.00844898 -0.00192299 0.999963 109.918 
0.999952 0.0017714 0.00963342 -1.57926 -0.0017945 0.999996 0.00239373 -1.80883 -0.00962918 -0.00241086 0.999951 111.255 
0.999944 0.000765622 0.0105353 -1.58734 -0.000775324 0.999999 0.000920945 -1.82917 -0.0105347 -0.00092902 0.999944 112.596 
0.999935 0.00274436 0.0110355 -1.58696 -0.002728 0.999995 -0.00149338 -1.85327 -0.0110396 0.00146322 0.999938 113.949 
0.999909 0.00557613 0.0123087 -1.59524 -0.00552765 0.999977 -0.00396588 -1.87165 -0.0123306 0.00389752 0.999916 115.287 
0.999865 0.00855538 0.0139994 -1.61521 -0.00850358 0.999957 -0.00375213 -1.90269 -0.014031 0.00363262 0.999895 116.623 
0.999831 0.00981405 0.0155247 -1.61746 -0.0097835 0.99995 -0.00203981 -1.92283 -0.015544 0.00188762 0.999877 118.004 
0.999812 0.0100002 0.0166184 -1.62103 -0.00999754 0.99995 -0.000239805 -1.94349 -0.01662 7.36583e-05 0.999862 119.365 
0.999804 0.00912504 0.0175868 -1.62762 -0.00913502 0.999958 0.000490173 -1.9736 -0.0175817 -0.000650692 0.999845 120.721 
0.999773 0.00979336 0.0189319 -1.6305 -0.00979094 0.999952 -0.000218112 -1.99491 -0.0189332 3.27426e-05 0.999821 122.053 
0.999742 0.0112686 0.0197094 -1.62601 -0.0112566 0.999936 -0.000716209 -2.01472 -0.0197163 0.000494204 0.999806 123.421 
0.999684 0.0134878 0.0211944 -1.63213 -0.0134661 0.999909 -0.00116036 -2.03499 -0.0212082 0.000874628 0.999775 124.771 
0.999647 0.0140565 0.022547 -1.63059 -0.0140046 0.999899 -0.00245591 -2.05576 -0.0225793 0.00213933 0.999743 126.131 
0.999611 0.0152984 0.0233063 -1.62145 -0.015223 0.999878 -0.00340571 -2.07785 -0.0233556 0.00304964 0.999723 127.519 
0.999583 0.015066 0.0246353 -1.61614 -0.0149781 0.999881 -0.00374771 -2.10355 -0.0246889 0.0033772 0.99969 128.868 
0.999564 0.014382 0.0257947 -1.61679 -0.0143218 0.999894 -0.00251422 -2.12911 -0.0258281 0.00214374 0.999664 130.236 
0.999549 0.0131326 0.0270005 -1.6093 -0.0130837 0.999912 -0.00198547 -2.14835 -0.0270242 0.00163135 0.999633 131.595 
0.999544 0.0127129 0.0273777 -1.60452 -0.0126559 0.999917 -0.00225539 -2.16379 -0.0274042 0.00190792 0.999623 132.968 
0.999565 0.0103984 0.0275906 -1.59855 -0.0103545 0.999945 -0.00173293 -2.19453 -0.0276071 0.00144654 0.999618 134.315 
0.999586 0.008618 0.0274455 -1.58426 -0.00859473 0.999963 -0.000964041 -2.22037 -0.0274528 0.000727797 0.999623 135.669 
0.999602 0.00702281 0.0273097 -1.57837 -0.00699306 0.999975 -0.0011834 -2.24717 -0.0273173 0.000991996 0.999626 137.028 
0.999635 0.00569216 0.0264282 -1.57342 -0.00566391 0.999983 -0.00114209 -2.27413 -0.0264343 0.00099203 0.99965 138.388 
0.999662 0.00450479 0.0256141 -1.56589 -0.00449547 0.99999 -0.000420083 -2.29708 -0.0256158 0.000304835 0.999672 139.736 
0.99969 0.00330615 0.0246804 -1.55706 -0.00329997 0.999995 -0.000289153 -2.32346 -0.0246813 0.00020766 0.999695 141.082 
0.999717 0.00294022 0.0236242 -1.55469 -0.00293671 0.999996 -0.000181561 -2.35099 -0.0236247 0.000112173 0.999721 142.415 
0.999738 0.00261936 0.0227433 -1.55613 -0.0026087 0.999997 -0.000496706 -2.37928 -0.0227445 0.000437287 0.999741 143.769 
0.99975 0.00239088 0.022232 -1.5572 -0.00237851 0.999997 -0.00058082 -2.40555 -0.0222334 0.000527837 0.999753 145.113 
0.999768 0.000168189 0.0215455 -1.55433 -0.000110236 0.999996 -0.00268897 -2.4322 -0.021546 0.00268601 0.999764 146.464 
0.999777 -0.00541754 0.0203941 -1.54858 0.00547831 0.999981 -0.00292281 -2.45822 -0.0203779 0.00303393 0.999788 147.807 
0.999726 -0.0127902 0.0196259 -1.54048 0.0128025 0.999918 -0.000499162 -2.48297 -0.019618 0.000750328 0.999807 149.144 
0.999651 -0.0195432 0.0177564 -1.52634 0.01953 0.999809 0.000921503 -2.50287 -0.017771 -0.000574357 0.999842 150.507 
0.999599 -0.0227471 0.0168917 -1.52167 0.0227876 0.999738 -0.00220645 -2.52933 -0.0168372 0.00259053 0.999855 151.85 
0.999615 -0.0217676 0.01722 -1.52075 0.0218673 0.999745 -0.00562405 -2.55262 -0.0170932 0.00599848 0.999836 153.217 
0.999669 -0.0182678 0.0180948 -1.524 0.0184106 0.999801 -0.00775099 -2.58318 -0.0179496 0.0080816 0.999806 154.577 
0.999654 -0.0183142 0.0188967 -1.52321 0.0184663 0.999798 -0.00790607 -2.61541 -0.0187482 0.00825233 0.99979 155.936 
0.999576 -0.0214862 0.0196377 -1.51149 0.0215753 0.999758 -0.00433299 -2.64757 -0.0195399 0.00475489 0.999798 157.319 
0.99945 -0.0266505 0.0197288 -1.48863 0.0266881 0.999643 -0.00164018 -2.6718 -0.0196781 0.00216584 0.999804 158.692 
0.99935 -0.0299934 0.0200257 -1.48262 0.0300099 0.99955 -0.00052102 -2.69409 -0.0200011 0.00112169 0.999799 160.046 
0.999292 -0.0316299 0.0203986 -1.47619 0.0316444 0.999499 -0.000382921 -2.72141 -0.0203763 0.00102819 0.999792 161.404 
0.999323 -0.0298547 0.0215066 -1.47399 0.0298529 0.999554 0.00040457 -2.74861 -0.0215092 0.000237781 0.999769 162.757 
0.999419 -0.0253908 0.0227237 -1.47173 0.025415 0.999677 -0.000774409 -2.77046 -0.0226967 0.00135152 0.999742 164.119 
0.999472 -0.0219798 0.0239397 -1.47394 0.022049 0.999753 -0.00262764 -2.80311 -0.023876 0.00315414 0.99971 165.476 
0.999507 -0.019372 0.0247028 -1.46778 0.0194537 0.999806 -0.00306912 -2.82944 -0.0246386 0.00354821 0.99969 166.84 
0.999523 -0.0174354 0.0254906 -1.46818 0.0174935 0.999845 -0.00205443 -2.85666 -0.0254509 0.00249941 0.999673 168.207 
0.999559 -0.015802 0.0251589 -1.45603 0.0158629 0.999872 -0.00221964 -2.88563 -0.0251207 0.0026178 0.999681 169.585 
0.999603 -0.0135418 0.024696 -1.44839 0.0136629 0.999895 -0.00474136 -2.91424 -0.0246292 0.00507694 0.999684 170.947 
0.999656 -0.00942396 0.0244929 -1.44794 0.00960901 0.999926 -0.00744649 -2.94547 -0.024421 0.00767932 0.999672 172.303 
0.9997 -0.00386136 0.0241898 -1.442 0.00407614 0.999953 -0.00883447 -2.9777 -0.0241545 0.00893046 0.999668 173.675 
0.999691 0.000772826 0.0248373 -1.44525 -0.000581404 0.99997 -0.00771158 -3.01539 -0.0248426 0.0076948 0.999662 175.066 
0.999656 0.00441973 0.0258683 -1.44843 -0.00426484 0.999973 -0.00603794 -3.04326 -0.0258943 0.00592558 0.999647 176.458 
0.999655 0.00459013 0.0258785 -1.43721 -0.00448856 0.999982 -0.00397992 -3.072 -0.0258963 0.00386243 0.999657 177.849 
0.999678 0.00180328 0.0252935 -1.42877 -0.00171832 0.999993 -0.0033787 -3.0987 -0.0252995 0.00333419 0.999674 179.237 
0.999719 -0.000363064 0.0237091 -1.42465 0.000441887 0.999994 -0.0033176 -3.12596 -0.0237078 0.00332719 0.999713 180.622 
0.999767 -0.00024497 0.0215835 -1.41152 0.000406882 0.999972 -0.00749559 -3.15612 -0.0215811 0.00750267 0.999739 182.018 
0.99979 0.00178232 0.0204274 -1.41111 -0.00154638 0.999932 -0.0115583 -3.19262 -0.0204467 0.0115244 0.999725 183.41 
0.999784 0.00615282 0.0198643 -1.4163 -0.00591696 0.999912 -0.0119085 -3.23603 -0.0199359 0.0117884 0.999732 184.814 
0.999753 0.00943331 0.0201336 -1.42685 -0.00921638 0.999899 -0.0108382 -3.27197 -0.0202339 0.01065 0.999739 186.244 
0.999719 0.01134 0.0208049 -1.4328 -0.0111873 0.99991 -0.007441 -3.30431 -0.0208875 0.0072062 0.999756 187.656 
0.999714 0.0117633 0.0208043 -1.42831 -0.0116461 0.999916 -0.00574205 -3.32514 -0.0208701 0.00549816 0.999767 189.149 
0.999714 0.0113584 0.0210703 -1.42901 -0.0112589 0.999925 -0.00483226 -3.35548 -0.0211236 0.00459369 0.999766 190.595 
0.999739 0.00861369 0.021172 -1.42255 -0.00852868 0.999955 -0.00410009 -3.37859 -0.0212064 0.00391849 0.999767 192.043 
0.999758 0.00601239 0.0211618 -1.41593 -0.00593773 0.999976 -0.00358724 -3.4068 -0.0211829 0.00346076 0.99977 193.483 
0.999771 0.00345483 0.0211443 -1.40894 -0.00338086 0.999988 -0.00353117 -3.43306 -0.0211563 0.00345891 0.99977 194.915 
0.999768 -8.44235e-05 0.0215196 -1.40006 0.000132857 0.999998 -0.00224723 -3.46256 -0.0215194 0.00224961 0.999766 196.354 
0.999747 -0.00406129 0.0221079 -1.39471 0.0040785 0.999991 -0.000731591 -3.48679 -0.0221048 0.000821615 0.999755 197.789 
0.999727 -0.00656826 0.022437 -1.38027 0.00658886 0.999978 -0.000842285 -3.50973 -0.022431 0.000989931 0.999748 199.247 
0.99973 -0.00454235 0.0228084 -1.37254 0.00466324 0.999975 -0.00524781 -3.53503 -0.022784 0.00535279 0.999726 200.69 
0.999726 0.00321035 0.0232024 -1.37184 -0.0029702 0.999942 -0.0103755 -3.56536 -0.0232344 0.0103038 0.999677 202.119 
0.999628 0.0119065 0.0245412 -1.37942 -0.0116579 0.99988 -0.0102475 -3.60247 -0.0246603 0.00995759 0.999646 203.549 
0.999476 0.0195955 0.0257799 -1.38775 -0.0194253 0.999788 -0.00683293 -3.63554 -0.0259084 0.0063286 0.999644 205.009 
0.999431 0.0205493 0.0267355 -1.38344 -0.0204355 0.999781 -0.00452333 -3.6669 -0.0268226 0.00397444 0.999632 206.476 
0.999481 0.0184846 0.0263747 -1.37016 -0.0183844 0.999823 -0.00403529 -3.69279 -0.0264446 0.00354836 0.999644 207.927 
0.999567 0.0151118 0.0252302 -1.35734 -0.0150127 0.999879 -0.00411165 -3.72133 -0.0252893 0.00373114 0.999673 209.387 
0.999619 0.013098 0.0243165 -1.34621 -0.0129935 0.999906 -0.00445118 -3.7535 -0.0243726 0.00413357 0.999694 210.855 
0.999616 0.0137947 0.0240273 -1.34229 -0.0136767 0.999894 -0.00506806 -3.7827 -0.0240947 0.00473754 0.999698 212.324 
0.999598 0.0151456 0.0239844 -1.33356 -0.0150336 0.999875 -0.00483937 -3.81171 -0.0240548 0.00447689 0.999701 213.799 
0.999575 0.016489 0.02406 -1.32914 -0.0164007 0.999858 -0.00385915 -3.8439 -0.0241203 0.00346295 0.999703 215.284 
0.999592 0.015609 0.0239386 -1.32145 -0.0155062 0.99987 -0.00447243 -3.87392 -0.0240053 0.00409945 0.999703 216.757 
0.999596 0.01555 0.0238115 -1.31826 -0.0154275 0.999867 -0.00531499 -3.90554 -0.023891 0.00494553 0.999702 218.228 
0.999604 0.0150768 0.0237764 -1.3136 -0.0149472 0.999873 -0.00561527 -3.93716 -0.0238581 0.00525769 0.999702 219.701 
0.999609 0.0154166 0.0233503 -1.305 -0.0152819 0.999866 -0.00593157 -3.96519 -0.0234387 0.00557245 0.99971 221.188 
0.999588 0.015903 0.0239038 -1.31103 -0.0157648 0.999858 -0.00595668 -4.0011 -0.0239952 0.00557743 0.999697 222.675 
0.999588 0.0160132 0.0238298 -1.30518 -0.0158706 0.999855 -0.00615788 -4.03358 -0.023925 0.00577719 0.999697 224.159 
0.99958 0.0173497 0.0232252 -1.30386 -0.0172071 0.999832 -0.00632024 -4.0688 -0.023331 0.00591798 0.99971 225.638 
0.999582 0.0172681 0.0231823 -1.30401 -0.0171276 0.999834 -0.00624226 -4.1026 -0.0232863 0.00584263 0.999712 227.121 
0.999576 0.0177832 0.0230601 -1.308 -0.0176466 0.999826 -0.00611344 -4.14037 -0.0231649 0.00570395 0.999715 228.615 
0.999599 0.0166404 0.0229238 -1.29871 -0.0165021 0.999845 -0.00620657 -4.17155 -0.0230235 0.00582583 0.999718 230.123 
0.999604 0.015614 0.0234296 -1.29347 -0.0154665 0.99986 -0.00646057 -4.2016 -0.0235273 0.00609568 0.999705 231.633 
0.999615 0.0145042 0.0236504 -1.28754 -0.0143649 0.999879 -0.00604964 -4.2393 -0.0237353 0.00570762 0.999702 233.14 
0.999628 0.0128219 0.0240583 -1.28339 -0.0126974 0.999905 -0.00531814 -4.27256 -0.0241243 0.00501072 0.999696 234.664 
0.999629 0.0129866 0.0239384 -1.27743 -0.0128712 0.999905 -0.00496498 -4.30697 -0.0240006 0.00465506 0.999701 236.19 
0.999615 0.0135744 0.0242181 -1.2728 -0.0134426 0.999894 -0.00559784 -4.33493 -0.0242915 0.00527017 0.999691 237.713 
0.999587 0.0145549 0.024766 -1.27104 -0.0144047 0.999877 -0.00623349 -4.36749 -0.0248538 0.00587421 0.999674 239.233 
0.999562 0.0154522 0.0252297 -1.26467 -0.0153169 0.999867 -0.00554691 -4.40192 -0.0253121 0.00515809 0.999666 240.742 
0.999541 0.0159852 0.0257493 -1.25362 -0.0159001 0.999867 -0.00350693 -4.43801 -0.025802 0.00309594 0.999662 242.256 
0.999514 0.016434 0.0264985 -1.24639 -0.0163492 0.999861 -0.00341266 -4.45893 -0.0265509 0.00297782 0.999643 243.771 
0.99949 0.016697 0.0272076 -1.2393 -0.0165609 0.999849 -0.00521554 -4.48777 -0.0272906 0.00476234 0.999616 245.303 
0.999458 0.0174789 0.0278879 -1.22783 -0.0172905 0.999826 -0.00698043 -4.51379 -0.0280051 0.00649449 0.999587 246.848 
0.999425 0.018383 0.0284974 -1.21508 -0.0182075 0.999814 -0.00640401 -4.54982 -0.0286099 0.0058815 0.999573 248.381 
0.999428 0.0181994 0.0285123 -1.19943 -0.0180489 0.999822 -0.00552714 -4.58389 -0.0286079 0.0050094 0.999578 249.914 
0.999436 0.0181627 0.0282471 -1.18333 -0.0180303 0.999825 -0.00493241 -4.6172 -0.0283318 0.00442037 0.999589 251.471 
0.99943 0.0188893 0.0279865 -1.16742 -0.0187496 0.999811 -0.00524296 -4.64342 -0.0280802 0.00471527 0.999595 253.024 
0.999394 0.0204259 0.0282014 -1.14924 -0.0202932 0.999782 -0.00498201 -4.67609 -0.0282971 0.00440673 0.99959 254.575 
0.999358 0.0218144 0.0284201 -1.13417 -0.0216739 0.999751 -0.0052409 -4.70383 -0.0285274 0.0046216 0.999582 256.142 
0.999327 0.0227544 0.0287872 -1.12328 -0.0226207 0.999732 -0.00495779 -4.73693 -0.0288923 0.00430331 0.999573 257.699 
0.999357 0.0214515 0.0287206 -1.10001 -0.0213073 0.999759 -0.00531774 -4.76254 -0.0288278 0.00470241 0.999573 259.254 
0.999388 0.0198073 0.0288219 -1.08841 -0.0196768 0.999795 -0.00480291 -4.79002 -0.0289112 0.00423289 0.999573 260.803 
0.999429 0.0176541 0.0288263 -1.07009 -0.0175448 0.999838 -0.00403726 -4.82529 -0.0288929 0.00352924 0.999576 262.338 
0.999463 0.0163198 0.0284275 -1.05034 -0.0161927 0.999858 -0.00469406 -4.86099 -0.0285001 0.00423126 0.999585 263.889 
0.999487 0.01505 0.0282826 -1.0299 -0.0148925 0.999872 -0.00576973 -4.89523 -0.0283658 0.00534561 0.999583 265.461 
0.999485 0.013008 0.0293359 -1.01967 -0.0128915 0.999908 -0.00415647 -4.92688 -0.0293873 0.00377618 0.999561 267.022 
0.999489 0.0110905 0.0299711 -1.00241 -0.0110145 0.999936 -0.00269765 -4.95263 -0.0299992 0.0023662 0.999547 268.546 
0.999491 0.0100265 0.0302756 -0.992375 -0.00991996 0.999944 -0.00366671 -4.98129 -0.0303107 0.00336456 0.999535 270.087 
0.999475 0.00942855 0.0309985 -0.975533 -0.00928461 0.999946 -0.00478277 -5.00929 -0.031042 0.00449249 0.999508 271.628 
0.999454 0.0102052 0.031417 -0.950169 -0.010054 0.999937 -0.00496366 -5.04709 -0.0314657 0.00464513 0.999494 273.202 
0.99941 0.0118647 0.0322463 -0.927548 -0.0117099 0.999919 -0.00498461 -5.08214 -0.0323028 0.0046041 0.999468 274.759 
0.999353 0.0137269 0.0332367 -0.915815 -0.0135531 0.999893 -0.00544804 -5.11925 -0.0333079 0.0049941 0.999433 276.305 
0.999294 0.0150286 0.0344298 -0.897491 -0.0148368 0.999873 -0.00581706 -5.15423 -0.0345129 0.00530216 0.99939 277.875 
0.999257 0.0155454 0.0352681 -0.87414 -0.0153435 0.999864 -0.00598838 -5.19239 -0.0353565 0.00544284 0.99936 279.419 
0.999214 0.0159696 0.0362859 -0.85175 -0.015731 0.999853 -0.00684924 -5.22871 -0.03639 0.00627309 0.999318 280.967 
0.999193 0.0149098 0.0373071 -0.82287 -0.0146407 0.999865 -0.00747365 -5.26235 -0.0374135 0.00692145 0.999276 282.558 
0.999165 0.0141984 0.038321 -0.791887 -0.0139379 0.999878 -0.00705543 -5.30214 -0.0384165 0.00651546 0.999241 284.089 
0.999164 0.0130671 0.0387391 -0.755377 -0.0128387 0.999899 -0.00613779 -5.33668 -0.0388155 0.00563534 0.999231 285.684 
0.999158 0.0121059 0.0391936 -0.72394 -0.0118919 0.999913 -0.00568614 -5.37379 -0.039259 0.0052153 0.999216 287.233 
0.999168 0.011469 0.0391368 -0.688251 -0.0111532 0.999904 -0.00827631 -5.408 -0.039228 0.00783296 0.9992 288.793 
0.999175 0.0100143 0.0393594 -0.665791 -0.00961018 0.999899 -0.0104416 -5.44772 -0.03946 0.0100548 0.999171 290.325 
0.99919 0.0104243 0.0388558 -0.634224 -0.0100287 0.999896 -0.0103613 -5.49138 -0.0389598 0.00996327 0.999191 291.856 
0.999249 0.00932309 0.0376007 -0.599955 -0.0089539 0.99991 -0.00997405 -5.53241 -0.0376904 0.00962993 0.999243 293.413 
0.999286 0.00899721 0.0367081 -0.576794 -0.00862473 0.99991 -0.0102916 -5.5774 -0.0367974 0.00996765 0.999273 294.988 
0.999297 0.00935783 0.036297 -0.551991 -0.0089742 0.999902 -0.0107168 -5.61448 -0.0363938 0.0103835 0.999284 296.558 
0.999331 0.00892248 0.0354627 -0.522765 -0.00857947 0.999915 -0.00981145 -5.66244 -0.0355472 0.00950068 0.999323 298.133 
0.999378 0.00753859 0.0344416 -0.500337 -0.00721136 0.999928 -0.00961425 -5.70031 -0.0345116 0.00935994 0.999361 299.74 
0.999402 0.00847706 0.0335268 -0.474937 -0.00820855 0.999933 -0.00813715 -5.74715 -0.0335936 0.00785712 0.999405 301.293 
0.999403 0.0108411 0.0328058 -0.449094 -0.0106163 0.999919 -0.00701975 -5.78175 -0.0328793 0.00666733 0.999437 302.894 
0.999378 0.01054 0.033643 -0.434164 -0.0103054 0.999921 -0.00713804 -5.80869 -0.0337157 0.00678694 0.999408 304.496 
0.999337 0.0114263 0.0345697 -0.417694 -0.0111667 0.999908 -0.00769102 -5.8395 -0.0346544 0.00729993 0.999373 306.12 
0.999339 0.00998109 0.0349552 -0.398888 -0.00971904 0.999923 -0.0076575 -5.87932 -0.035029 0.00731275 0.99936 307.734 
0.999359 0.00789634 0.034931 -0.367461 -0.00760089 0.999934 -0.00858176 -5.91641 -0.0349965 0.00831079 0.999353 309.341 
0.999358 0.00644439 0.03525 -0.340699 -0.00608575 0.999929 -0.0102708 -5.95653 -0.0353137 0.0100497 0.999326 310.98 
0.999383 0.00562206 0.0346726 -0.306206 -0.00523138 0.999922 -0.0113471 -5.99932 -0.0347338 0.0111588 0.999334 312.595 
0.999453 0.00622507 0.0324777 -0.279199 -0.00582767 0.999907 -0.0123151 -6.04123 -0.0325514 0.0121191 0.999397 314.235 
0.999518 0.00699041 0.0302453 -0.256466 -0.00664809 0.999913 -0.0114026 -6.08928 -0.0303224 0.011196 0.999478 315.871 
0.99953 0.00805654 0.0295865 -0.232753 -0.00781917 0.999936 -0.00812831 -6.12504 -0.0296501 0.00789318 0.999529 317.531 
0.999527 0.00630841 0.0301116 -0.212425 -0.00615817 0.999968 -0.00507823 -6.16149 -0.0301428 0.00489044 0.999534 319.159 
0.999542 0.00509232 0.0298184 -0.185859 -0.00496076 0.999978 -0.00448288 -6.19526 -0.0298407 0.00433295 0.999545 320.803 
0.999547 0.00379655 0.0298484 -0.163482 -0.00362375 0.999976 -0.00583989 -6.22407 -0.0298699 0.00572912 0.999537 322.454 
0.999534 0.00255158 0.0304355 -0.150669 -0.00237608 0.99998 -0.00579988 -6.26692 -0.0304497 0.0057249 0.99952 324.104 
0.999505 0.00240707 0.0313723 -0.152002 -0.00223801 0.999983 -0.00542144 -6.30432 -0.0313848 0.00534858 0.999493 325.749 
0.999478 0.00277489 0.0321934 -0.134775 -0.0025939 0.999981 -0.00566099 -6.33916 -0.0322085 0.00557457 0.999466 327.41 
0.999455 0.00389705 0.0327933 -0.121868 -0.0036824 0.999971 -0.00660202 -6.37632 -0.0328181 0.00647771 0.99944 329.063 
0.999428 0.00475282 0.0334717 -0.102992 -0.00451336 0.999964 -0.0072249 -6.41271 -0.0335049 0.00706975 0.999414 330.719 
0.999387 0.00368209 0.034829 -0.095464 -0.00350029 0.99998 -0.00527801 -6.44913 -0.0348477 0.0051529 0.999379 332.35 
0.999381 0.0027082 0.0350801 -0.0746121 -0.00254849 0.999986 -0.00459534 -6.48218 -0.0350921 0.00450314 0.999374 333.973 
0.999378 0.00174787 0.0352176 -0.0440337 -0.00155109 0.999983 -0.00561292 -6.52273 -0.0352269 0.00555485 0.999364 335.628 
0.999311 0.00367957 0.0369204 -0.0628089 -0.00346555 0.999977 -0.00585792 -6.54372 -0.0369412 0.00572598 0.999301 337.158 
0.999314 0.00525712 0.0366511 -0.0337062 -0.00496854 0.999956 -0.00795903 -6.58246 -0.0366914 0.00777151 0.999296 338.786 
0.999306 0.00686058 0.0366237 -0.0200453 -0.00647283 0.999922 -0.0106944 -6.62583 -0.0366942 0.0104499 0.999272 340.4 
0.999307 0.00830753 0.0362882 -0.00348952 -0.00793936 0.999916 -0.0102769 -6.66868 -0.0363706 0.00998167 0.999289 342.026 
0.999328 0.00903046 0.0355225 0.0150126 -0.00880131 0.99994 -0.00660076 -6.71362 -0.03558 0.00628372 0.999347 343.648 
0.999358 0.00952523 0.0345317 0.0348196 -0.009401 0.999949 -0.00375689 -6.75189 -0.0345658 0.00342989 0.999397 345.261 
0.999386 0.010116 0.0335351 0.0586921 -0.0099511 0.999938 -0.00507842 -6.78664 -0.0335844 0.00474163 0.999425 346.864 
0.999442 0.00947902 0.0320378 0.0699646 -0.00927531 0.999936 -0.00649978 -6.82492 -0.0320974 0.00619903 0.999466 348.492 
0.999503 0.00815168 0.0304642 0.0927078 -0.00799843 0.999955 -0.00514764 -6.86394 -0.0305048 0.00490145 0.999523 350.115 
0.999542 0.00642987 0.0295781 0.118645 -0.00630482 0.999971 -0.0043177 -6.90587 -0.0296051 0.00412928 0.999553 351.748 
0.999555 0.00613012 0.0291915 0.132107 -0.00597378 0.999967 -0.00543833 -6.93723 -0.0292239 0.00526157 0.999559 353.368 
0.999566 0.00567045 0.028914 0.147958 -0.00549218 0.999965 -0.00623993 -6.97296 -0.0289484 0.00607846 0.999562 354.995 
0.999566 0.0052419 0.028983 0.167755 -0.00505654 0.999966 -0.00646373 -7.00757 -0.0290159 0.00631442 0.999559 356.624 
0.999568 0.0047158 0.0290023 0.185185 -0.00452877 0.999969 -0.00650959 -7.04546 -0.0290321 0.00637548 0.999558 358.22 
0.999568 0.00428324 0.0290633 0.203775 -0.00407411 0.999965 -0.00724953 -7.0805 -0.0290934 0.00712803 0.999551 359.866 
0.999562 0.00407476 0.029326 0.219515 -0.00384547 0.999962 -0.00786925 -7.12226 -0.029357 0.00775306 0.999539 361.477 
0.999562 0.00346752 0.0293984 0.233775 -0.00324706 0.999966 -0.00754218 -7.16416 -0.0294236 0.00744346 0.999539 363.085 
0.99955 0.00366754 0.0297724 0.249508 -0.00341974 0.999959 -0.00836826 -7.20436 -0.0298019 0.00826273 0.999522 364.68 
0.99956 0.00267771 0.0295289 0.278718 -0.00239545 0.999951 -0.00958833 -7.24891 -0.0295531 0.00951342 0.999518 366.287 
0.999562 0.00105959 0.0295606 0.294288 -0.000829981 0.999969 -0.00777715 -7.2856 -0.029568 0.00774926 0.999533 367.899 
0.999569 -0.00045121 0.0293545 0.319247 0.000658754 0.999975 -0.00705951 -7.32089 -0.0293506 0.00707584 0.999544 369.509 
0.999578 -0.000863436 0.0290494 0.34187 0.00109628 0.999967 -0.00799895 -7.36089 -0.0290416 0.00802746 0.999546 371.111 
0.999569 0.000444805 0.0293716 0.355288 -0.00019285 0.999963 -0.00857901 -7.40087 -0.0293744 0.00856968 0.999532 372.71 
0.999558 0.00206436 0.0296615 0.369443 -0.00183212 0.999968 -0.00785326 -7.43605 -0.0296768 0.00779548 0.999529 374.315 
0.999536 0.0035877 0.0302643 0.376793 -0.00336294 0.999966 -0.00747263 -7.46485 -0.0302902 0.00736742 0.999514 375.916 
0.999525 0.00353309 0.0306065 0.397399 -0.00330193 0.999966 -0.00759862 -7.50675 -0.0306324 0.007494 0.999503 377.536 
0.999526 0.0032149 0.030624 0.417587 -0.00296232 0.999961 -0.00828815 -7.55099 -0.0306495 0.00819355 0.999497 379.144 
0.999515 0.0037063 0.0309179 0.430331 -0.00343042 0.999954 -0.00896983 -7.58131 -0.0309498 0.00885946 0.999482 380.769 
0.999498 0.00396701 0.03143 0.45181 -0.00367704 0.99995 -0.00927689 -7.61986 -0.0314653 0.00915671 0.999463 382.385 
0.999495 0.00508243 0.0313645 0.474549 -0.00480041 0.999947 -0.00905908 -7.66611 -0.0314089 0.00890399 0.999467 384.009 
0.999483 0.00678386 0.0314424 0.504259 -0.00648821 0.999934 -0.00949428 -7.68718 -0.0315047 0.0092854 0.999461 385.673 
0.999473 0.00779005 0.0315127 0.528787 -0.00747793 0.999922 -0.0100089 -7.72799 -0.0315882 0.00976804 0.999453 387.325 
0.999464 0.00838399 0.031651 0.548302 -0.00804795 0.99991 -0.0107282 -7.77022 -0.0317382 0.0104677 0.999441 388.967 
0.999462 0.00892577 0.0315722 0.575129 -0.00858404 0.999903 -0.0109412 -7.81119 -0.0316669 0.0106644 0.999442 390.594 
0.999444 0.0104233 0.0316665 0.599903 -0.0101018 0.999896 -0.0102944 -7.84986 -0.0317705 0.00996883 0.999446 392.207 
0.999414 0.011693 0.0321635 0.614166 -0.0113759 0.999885 -0.0100239 -7.89353 -0.032277 0.00965214 0.999432 393.846 
0.999396 0.0125686 0.0323935 0.637023 -0.0122267 0.999868 -0.0107314 -7.93705 -0.0325241 0.0103288 0.999418 395.479 
0.999384 0.0125534 0.0327806 0.65612 -0.0122142 0.99987 -0.0105268 -7.98254 -0.0329085 0.01012 0.999407 397.112 
0.999392 0.0120415 0.0327129 0.687236 -0.0117147 0.99988 -0.0101634 -8.02112 -0.0328314 0.009774 0.999413 398.767 
0.999391 0.0119458 0.0327915 0.71178 -0.0115899 0.999872 -0.0110205 -8.06792 -0.032919 0.0106338 0.999401 400.39 
0.999386 0.0113303 0.0331503 0.733672 -0.0109371 0.999868 -0.0120178 -8.1137 -0.0332821 0.0116479 0.999378 402.01 
0.999386 0.0109077 0.0332976 0.757059 -0.0105093 0.999871 -0.0121138 -8.16093 -0.0334255 0.0117565 0.999372 403.657 
0.999385 0.0100389 0.0336128 0.779598 -0.00967982 0.999895 -0.0108273 -8.1989 -0.033718 0.0104953 0.999376 405.326 
0.999398 0.00853502 0.0336296 0.808445 -0.00822027 0.999921 -0.00948516 -8.23922 -0.0337079 0.00920304 0.999389 407.003 
0.999407 0.00676438 0.0337556 0.839394 -0.00643658 0.999931 -0.00980894 -8.2892 -0.0338197 0.0095859 0.999382 408.637 
0.999413 0.00557331 0.0337936 0.869909 -0.00522383 0.999932 -0.0104198 -8.33443 -0.0338494 0.0102372 0.999375 410.278 
