1 2.12261e-08 -2.11895e-08 0 2.12261e-08 1 2.10703e-08 0 -2.11895e-08 2.10703e-08 1 0 
0.999996 -0.00199665 -0.00177821 -0.00510584 0.0019955 0.999998 -0.000673641 -0.0124655 0.00177951 0.000670133 0.999998 0.569464 
0.999992 -0.00249243 -0.00300686 -0.0163515 0.00248637 0.999995 -0.0020326 -0.0252686 0.00301186 0.00202515 0.999993 1.14613 
0.999984 -0.00281814 -0.00497618 -0.0289199 0.00280144 0.99999 -0.00336828 -0.03901 0.00498558 0.00335433 0.999982 1.71237 
0.999966 -0.00485422 -0.00663328 -0.045926 0.00481959 0.999975 -0.00523415 -0.0463226 0.00665848 0.00520205 0.999964 2.27558 
0.999938 -0.00728903 -0.00845535 -0.0507803 0.00722896 0.999949 -0.0071173 -0.0587991 0.00850675 0.00705578 0.999939 2.85247 
0.999913 -0.00863467 -0.00993671 -0.062282 0.00855551 0.999932 -0.00798577 -0.0678033 0.0100049 0.0079001 0.999919 3.4326 
0.999895 -0.00892765 -0.0114007 -0.0778434 0.00884334 0.999933 -0.00742809 -0.079305 0.0114663 0.00732653 0.999907 4.0218 
0.999876 -0.00938383 -0.0126392 -0.0946286 0.00928719 0.999927 -0.00768649 -0.0961933 0.0127103 0.0075682 0.999891 4.61189 
0.999871 -0.00858653 -0.0135705 -0.119199 0.00844878 0.999913 -0.0101782 -0.114875 0.0136567 0.0100622 0.999856 5.21205 
0.999868 -0.00670405 -0.0147756 -0.142521 0.0064947 0.999878 -0.0141741 -0.127543 0.0148687 0.0140763 0.99979 5.81683 
0.99986 -0.00537726 -0.0158561 -0.165098 0.00509467 0.999828 -0.0178117 -0.144283 0.0159491 0.0177285 0.999716 6.43089 
0.999854 -0.00350829 -0.0167414 -0.195384 0.00320749 0.999834 -0.0179632 -0.153787 0.0168016 0.0179069 0.999699 7.06005 
0.999839 -0.000991743 -0.0179461 -0.224274 0.000792062 0.999938 -0.0111328 -0.164187 0.017956 0.0111168 0.999777 7.72116 
0.999822 -4.88672e-05 -0.018881 -0.249658 3.47822e-05 1 -0.000748544 -0.175248 0.018881 0.000747797 0.999821 8.38687 
0.999808 0.00108003 -0.0195595 -0.279752 -0.000967235 0.999983 0.0057731 -0.187779 0.0195653 -0.00575304 0.999792 9.07206 
0.999783 0.00337237 -0.0205428 -0.315229 -0.00327323 0.999983 0.00485556 -0.203602 0.0205587 -0.00478723 0.999777 9.7544 
0.99976 0.00549576 -0.0212252 -0.35042 -0.00554513 0.999982 -0.00227018 -0.213881 0.0212123 0.00238737 0.999772 10.4504 
0.999737 0.00517625 -0.0223385 -0.380817 -0.00536688 0.99995 -0.00848413 -0.21196 0.0222934 0.00860183 0.999715 11.1679 
0.999714 0.00289668 -0.0237484 -0.403415 -0.00306146 0.999972 -0.00690712 -0.212478 0.0237277 0.00697789 0.999694 11.9064 
0.999707 0.00159764 -0.0241512 -0.435738 -0.00153963 0.999996 0.00241848 -0.222921 0.0241549 -0.00238054 0.999705 12.6781 
0.999695 0.00149191 -0.0246689 -0.47031 -0.0012491 0.999951 0.00985344 -0.231919 0.0246824 -0.00981958 0.999647 13.4618 
0.999682 0.00055158 -0.0252309 -0.504966 -0.000236964 0.999922 0.0124691 -0.237584 0.0252358 -0.0124591 0.999604 14.2609 
0.999676 -0.00151693 -0.025403 -0.53641 0.00180643 0.999934 0.0113757 -0.235748 0.0253841 -0.0114179 0.999613 15.0729 
0.999691 -0.00187012 -0.0247957 -0.572583 0.0020933 0.999958 0.00897594 -0.236433 0.0247779 -0.00902503 0.999652 15.895 
0.999709 0.000831015 -0.0241295 -0.615898 -0.000702163 0.999986 0.0053463 -0.236605 0.0241335 -0.00532776 0.999695 16.7378 
0.999733 -0.00209699 -0.0230026 -0.653106 0.00209189 0.999998 -0.000247759 -0.242832 0.023003 0.000199617 0.999735 17.6032 
0.999736 -0.0051748 -0.0223801 -0.682713 0.00503214 0.999967 -0.00642776 -0.254562 0.0224126 0.00631349 0.999729 18.4751 
0.999761 -0.00448372 -0.0213805 -0.71906 0.00423251 0.999922 -0.0117826 -0.26524 0.0214316 0.0116894 0.999702 19.373 
0.999769 -0.00340425 -0.0212286 -0.759428 0.00313169 0.999912 -0.0128615 -0.279292 0.0212705 0.0127921 0.999692 20.2876 
0.999757 -0.00344423 -0.0217653 -0.792302 0.00317427 0.999918 -0.0124273 -0.296284 0.0218063 0.0123553 0.999686 21.2217 
0.999755 -0.00174151 -0.0220898 -0.827898 0.00143473 0.999902 -0.013898 -0.319644 0.0221118 0.0138629 0.999659 22.1665 
0.999758 0.00137133 -0.0219398 -0.867413 -0.00172357 0.99987 -0.0160462 -0.343782 0.0219149 0.0160802 0.999631 23.1238 
0.999738 0.0046698 -0.0224071 -0.909826 -0.00504682 0.999846 -0.0168008 -0.367525 0.0223252 0.0169095 0.999608 24.0965 
0.999724 0.00626739 -0.022622 -0.949831 -0.00664814 0.999837 -0.0167972 -0.392182 0.022513 0.016943 0.999603 25.0746 
0.99971 0.00685817 -0.0230739 -0.989912 -0.00725176 0.999829 -0.0170195 -0.420876 0.0229532 0.0171819 0.999589 26.0572 
0.999704 0.00676196 -0.0233839 -1.0281 -0.00715883 0.999831 -0.0169319 -0.44702 0.0232654 0.0170943 0.999583 27.0508 
0.999686 0.00758568 -0.0238836 -1.073 -0.00796263 0.999845 -0.0157294 -0.478024 0.0237605 0.0159147 0.999591 28.0571 
0.999665 0.00804065 -0.0246204 -1.11098 -0.00838325 0.999869 -0.0138454 -0.507299 0.0245058 0.0140472 0.999601 29.0733 
0.999652 0.00873765 -0.0248766 -1.16142 -0.00905543 0.999878 -0.0126918 -0.537089 0.0247626 0.0129127 0.99961 30.086 
0.999652 0.00863684 -0.0249244 -1.20941 -0.0089775 0.999867 -0.0135899 -0.568174 0.0248037 0.0138089 0.999597 31.1094 
0.999626 0.00961762 -0.0255916 -1.25266 -0.00999197 0.999844 -0.0145421 -0.595603 0.0254477 0.0147925 0.999567 32.1446 
0.999622 0.00948086 -0.0258273 -1.30219 -0.00984337 0.999854 -0.013947 -0.620115 0.0256912 0.014196 0.999569 33.1886 
0.999601 0.00903022 -0.0267468 -1.34536 -0.00933082 0.999894 -0.0111368 -0.649885 0.0266434 0.0113819 0.99958 34.2421 
0.999589 0.00943823 -0.0270797 -1.39541 -0.00964698 0.999925 -0.0075901 -0.673873 0.027006 0.00784826 0.999605 35.2964 
0.999571 0.00961319 -0.0276748 -1.4459 -0.00975823 0.999939 -0.0051122 -0.69837 0.0276239 0.00538011 0.999604 36.3652 
0.99956 0.00964839 -0.0280568 -1.49593 -0.00978672 0.999941 -0.00479851 -0.720327 0.0280088 0.00507102 0.999595 37.4366 
0.99954 0.00954182 -0.028795 -1.54453 -0.009735 0.999931 -0.00657763 -0.737814 0.0287302 0.00685497 0.999564 38.5092 
0.99951 0.0100108 -0.0296474 -1.59974 -0.0102345 0.99992 -0.00740237 -0.758344 0.0295708 0.00770222 0.999533 39.5923 
0.999486 0.00987775 -0.0304837 -1.65106 -0.0100758 0.999929 -0.00634992 -0.778981 0.0304188 0.00665385 0.999515 40.682 
0.999458 0.00965685 -0.031477 -1.70128 -0.0097958 0.999943 -0.00426447 -0.803987 0.031434 0.00457055 0.999495 41.7797 
0.99943 0.0101591 -0.0321984 -1.75408 -0.0102257 0.999946 -0.00190577 -0.82379 0.0321773 0.00223397 0.99948 42.874 
0.999411 0.0112723 -0.0324152 -1.81638 -0.0113538 0.999933 -0.00233113 -0.844484 0.0323867 0.00269783 0.999472 43.9608 
0.999389 0.0123534 -0.0326913 -1.87425 -0.0125554 0.999903 -0.00598355 -0.870276 0.0326142 0.00639039 0.999448 45.0403 
0.999374 0.0135502 -0.0326724 -1.93411 -0.0138913 0.999851 -0.0102371 -0.893879 0.0325287 0.0106846 0.999414 46.1253 
0.999368 0.0140452 -0.0326446 -1.99005 -0.0143955 0.999841 -0.0105245 -0.922949 0.0324916 0.0109879 0.999412 47.2111 
0.999359 0.0144756 -0.0327321 -2.04411 -0.0147469 0.999859 -0.00806309 -0.948698 0.0326107 0.00854066 0.999432 48.3018 
0.999362 0.0154202 -0.0322115 -2.10768 -0.0156267 0.999859 -0.00617172 -0.973443 0.0321118 0.00667119 0.999462 49.3798 
0.999383 0.013761 -0.0323291 -2.15715 -0.0139166 0.999893 -0.00459676 -1.00185 0.0322623 0.00504387 0.999467 50.4748 
0.999383 0.0141928 -0.0321297 -2.21038 -0.0143828 0.99988 -0.0056897 -1.02609 0.0320451 0.00614835 0.999468 51.5593 
0.9994 0.0133699 -0.0319592 -2.26249 -0.0136125 0.99988 -0.00738785 -1.05214 0.0318566 0.0078185 0.999462 52.6511 
0.999417 0.0133505 -0.0314111 -2.31743 -0.0136594 0.99986 -0.0096424 -1.07858 0.0312779 0.0100659 0.99946 53.7418 
0.999439 0.0118684 -0.0313092 -2.36754 -0.0122468 0.999854 -0.0119226 -1.11202 0.0311631 0.0122994 0.999439 54.8338 
0.999458 0.0103751 -0.0312371 -2.41858 -0.0108518 0.999827 -0.0151338 -1.14438 0.0310747 0.0154646 0.999397 55.927 
0.999482 0.00871634 -0.0309724 -2.47132 -0.0092423 0.999815 -0.0168806 -1.17704 0.0308195 0.0171581 0.999378 57.0229 
0.999499 0.00689416 -0.0308988 -2.5184 -0.0073579 0.999862 -0.0149212 -1.20691 0.0307916 0.0151411 0.999411 58.111 
0.999507 0.00554048 -0.0309021 -2.5674 -0.00582225 0.999942 -0.00903699 -1.23723 0.0308502 0.0092125 0.999482 59.2072 
0.99951 0.00445614 -0.0309763 -2.61628 -0.00454792 0.999986 -0.00289463 -1.26506 0.0309629 0.00303413 0.999516 60.3118 
0.999513 0.00278706 -0.0310682 -2.66601 -0.00285263 0.999994 -0.00206779 -1.28812 0.0310622 0.00215545 0.999515 61.4107 
0.999514 -0.000803579 -0.0311765 -2.71057 0.000650311 0.999988 -0.00492731 -1.3115 0.03118 0.00490468 0.999502 62.5062 
0.999497 -0.00239232 -0.0316104 -2.75818 0.00212788 0.999963 -0.00839786 -1.32997 0.0316293 0.00832642 0.999465 63.5957 
0.999489 -0.000675163 -0.0319555 -2.81124 0.000280886 0.999924 -0.0123425 -1.36058 0.0319614 0.0123272 0.999413 64.687 
0.999485 -0.000519547 -0.0320901 -2.86194 -1.69267e-05 0.99986 -0.0167165 -1.38855 0.0320942 0.0167085 0.999345 65.7779 
0.999497 0.00250167 -0.0316024 -2.91566 -0.00305598 0.999842 -0.0175051 -1.42005 0.0315536 0.0175929 0.999347 66.881 
0.999499 0.00647293 -0.0309863 -2.97432 -0.00689288 0.999886 -0.0134668 -1.46164 0.0308955 0.0136737 0.999429 67.9887 
0.999484 0.00792797 -0.0311136 -3.03114 -0.00828733 0.9999 -0.0114391 -1.49536 0.0310198 0.0116911 0.99945 69.088 
0.999484 0.00704594 -0.0313427 -3.08004 -0.00738899 0.999914 -0.010844 -1.52167 0.0312636 0.0110701 0.99945 70.1923 
0.99949 0.00547172 -0.0314604 -3.13026 -0.00579188 0.999932 -0.0100961 -1.5519 0.0314029 0.0102732 0.999454 71.296 
0.999479 0.00441657 -0.0319643 -3.17608 -0.00469731 0.999951 -0.00871453 -1.58191 0.0319242 0.00886018 0.999451 72.3928 
0.999475 0.0030198 -0.0322659 -3.23145 -0.00323931 0.999972 -0.00675453 -1.60921 0.0322445 0.00685554 0.999457 73.4898 
0.999443 0.00185076 -0.0333328 -3.27747 -0.00201992 0.999985 -0.00504317 -1.63778 0.0333229 0.00510773 0.999432 74.5881 
0.999414 0.00062281 -0.0342172 -3.32753 -0.000840448 0.99998 -0.00634772 -1.66474 0.0342125 0.0063728 0.999394 75.6803 
0.999381 0.000887179 -0.0351562 -3.38192 -0.00124473 0.999948 -0.010151 -1.6934 0.0351453 0.0101885 0.99933 76.7738 
0.999345 0.00101973 -0.0361786 -3.43666 -0.00146801 0.999922 -0.0123677 -1.72284 0.0361631 0.0124127 0.999269 77.8608 
0.999308 0.00310991 -0.0370781 -3.49481 -0.00350877 0.999937 -0.010698 -1.75471 0.0370424 0.0108208 0.999255 78.9454 
0.999281 0.00388628 -0.0377117 -3.5586 -0.00413547 0.99997 -0.00653304 -1.78165 0.0376851 0.00668434 0.999267 80.0374 
0.999243 0.00563598 -0.0384876 -3.62181 -0.00573719 0.99998 -0.00252081 -1.80725 0.0384726 0.00273976 0.999256 81.1214 
0.999195 0.00646493 -0.0396058 -3.67766 -0.00655199 0.999976 -0.00206975 -1.82993 0.0395915 0.00232762 0.999213 82.2041 
0.999153 0.00640082 -0.0406608 -3.72711 -0.00657675 0.99997 -0.00419547 -1.8516 0.0406327 0.00445937 0.999164 83.2918 
0.999112 0.00620279 -0.0416637 -3.78407 -0.00641731 0.999967 -0.00501793 -1.87429 0.0416311 0.00528088 0.999119 84.3537 
0.99909 0.00554952 -0.0422806 -3.84877 -0.00577006 0.99997 -0.00509684 -1.90222 0.042251 0.00533621 0.999093 85.4108 
0.999073 0.00395542 -0.0428583 -3.91005 -0.0041713 0.999979 -0.00494969 -1.92715 0.0428378 0.00512392 0.999069 86.454 
0.999058 0.00266436 -0.0433076 -3.97757 -0.00281927 0.99999 -0.00351714 -1.95142 0.0432978 0.00363596 0.999056 87.4741 
0.999038 0.00260471 -0.0437702 -4.04508 -0.00264008 0.999996 -0.000751212 -1.97849 0.0437681 0.000866089 0.999041 88.4769 
0.998996 0.00168994 -0.044774 -4.10623 -0.00168434 0.999999 0.000162028 -2.00319 0.0447741 -8.64076e-05 0.998997 89.4523 
0.998905 0.00093514 -0.0467862 -4.17291 -0.000918308 1 0.00038038 -2.02488 0.0467865 -0.000336956 0.998905 90.4187 
0.998746 -0.000271389 -0.05007 -4.22987 0.000246542 1 -0.000503238 -2.05007 0.0500701 0.000490306 0.998746 91.361 
0.99857 -7.41012e-05 -0.0534647 -4.29746 1.02346e-06 0.999999 -0.00136764 -2.07464 0.0534647 0.00136567 0.998569 92.2802 
0.998394 -0.000328613 -0.0566567 -4.36381 0.000266762 0.999999 -0.00109997 -2.09708 0.056657 0.00108313 0.998393 93.1763 
0.99822 0.000805961 -0.0596398 -4.43612 -0.000804659 1 4.5166e-05 -2.12031 0.0596398 2.94745e-06 0.99822 94.048 
0.998035 0.00192379 -0.062637 -4.50664 -0.00185895 0.999998 0.00109278 -2.14239 0.0626389 -0.000974149 0.998036 94.8898 
0.997845 0.00299301 -0.0655532 -4.5779 -0.00282648 0.999993 0.00263247 -2.16026 0.0655606 -0.00244146 0.997846 95.7086 
0.997678 0.00427373 -0.06797 -4.6559 -0.0040421 0.999986 0.00354436 -2.1803 0.0679841 -0.00326135 0.997681 96.4933 
0.997512 0.00676728 -0.0701711 -4.73229 -0.00651573 0.999972 0.00381255 -2.19568 0.0701948 -0.00334581 0.997528 97.2619 
0.997323 0.00855445 -0.0726155 -4.80937 -0.0083872 0.999961 0.00260736 -2.21449 0.072635 -0.00199129 0.997357 97.9939 
0.997139 0.00944419 -0.0750004 -4.87997 -0.00955737 0.999954 -0.00115076 -2.23347 0.074986 0.00186431 0.997183 98.7007 
0.996929 0.0120906 -0.0773669 -4.95132 -0.0125127 0.999909 -0.00497457 -2.24843 0.0772997 0.00592741 0.99699 99.373 
0.996759 0.0139502 -0.0792242 -5.02068 -0.0146112 0.999863 -0.00777071 -2.26337 0.0791049 0.00890313 0.996827 100.032 
0.996681 0.0161223 -0.0797918 -5.09102 -0.0168711 0.99982 -0.00871904 -2.28316 0.0796368 0.0100363 0.996773 100.65 
0.996696 0.0185231 -0.0790798 -5.15015 -0.0192452 0.99978 -0.00837996 -2.29967 0.0789071 0.00987423 0.996833 101.245 
0.996834 0.0224937 -0.0762634 -5.20751 -0.0230914 0.999709 -0.00696574 -2.31731 0.0760845 0.00870476 0.997063 101.816 
0.997187 0.0251018 -0.0706305 -5.26018 -0.0255579 0.999658 -0.0055605 -2.33515 0.0704667 0.00735006 0.997487 102.369 
0.997666 0.0258605 -0.063204 -5.30178 -0.0261557 0.999651 -0.00384855 -2.34562 0.0630824 0.00549276 0.997993 102.895 
0.998236 0.0257246 -0.0535104 -5.33327 -0.0258391 0.999665 -0.00145038 -2.35767 0.0534551 0.00283052 0.998566 103.396 
0.998805 0.0254621 -0.0417185 -5.35354 -0.0254988 0.999675 -0.000347764 -2.36907 0.041696 0.00141116 0.999129 103.879 
0.999291 0.0246706 -0.0284481 -5.36362 -0.0246845 0.999695 -0.000138542 -2.38449 0.028436 0.000840715 0.999595 104.333 
0.999616 0.0243437 -0.0132458 -5.3662 -0.0243585 0.999703 -0.000956125 -2.3965 0.0132186 0.00127845 0.999912 104.769 
0.999731 0.0227644 0.00449442 -5.35346 -0.0227468 0.999734 -0.00391155 -2.41086 -0.0045823 0.00380831 0.999982 105.189 
0.999424 0.0220827 0.0257518 -5.33323 -0.0218685 0.999724 -0.00856646 -2.42382 -0.0259339 0.00799841 0.999632 105.6 
0.998524 0.020312 0.0503741 -5.30141 -0.0196494 0.999714 -0.0136126 -2.43118 -0.0506363 0.0126028 0.998638 106.001 
0.996827 0.0178153 0.0775786 -5.25501 -0.0165966 0.999729 -0.0163259 -2.44409 -0.0778484 0.0149866 0.996853 106.396 
0.994063 0.0147932 0.107798 -5.20015 -0.0130084 0.999767 -0.0172412 -2.46203 -0.108028 0.0157366 0.994023 106.779 
0.989986 0.0124639 0.140616 -5.12477 -0.00987345 0.999769 -0.0191046 -2.47527 -0.140822 0.0175249 0.98988 107.154 
0.984251 0.0100638 0.176492 -5.03583 -0.00653677 0.999767 -0.0205539 -2.49142 -0.176658 0.0190766 0.984088 107.519 
0.976582 0.00695944 0.215033 -4.9291 -0.00249001 0.999775 -0.0210486 -2.50419 -0.215131 0.0200203 0.97638 107.874 
0.966815 0.00476083 0.255433 -4.81436 0.000826349 0.999763 -0.0217613 -2.52007 -0.255476 0.0212503 0.966582 108.219 
0.954651 0.00551358 0.297678 -4.69253 0.00118955 0.99975 -0.0223321 -2.54139 -0.297727 0.0216735 0.954405 108.55 
0.939481 0.00780168 0.342512 -4.55941 5.22389e-05 0.999737 -0.022915 -2.55415 -0.342601 0.0215461 0.939234 108.869 
0.921892 0.00767755 0.387371 -4.40355 0.000691086 0.99977 -0.0214596 -2.5688 -0.387446 0.0200512 0.921674 109.175 
0.901605 0.00705811 0.432504 -4.2355 0.00178452 0.999798 -0.0200358 -2.58309 -0.432558 0.0188362 0.901409 109.474 
0.878495 0.00560907 0.477719 -4.05132 0.00459775 0.999786 -0.0201937 -2.59919 -0.47773 0.0199365 0.878281 109.755 
0.853172 0.00616879 0.521593 -3.85697 0.00622355 0.999739 -0.0220035 -2.61624 -0.521593 0.022019 0.852911 110.024 
0.825234 0.00834922 0.56473 -3.64852 0.00698469 0.999663 -0.024986 -2.63407 -0.564748 0.0245638 0.824898 110.29 
0.794201 0.0131177 0.607514 -3.42839 0.00577972 0.999559 -0.0291386 -2.64995 -0.607628 0.0266532 0.793775 110.548 
0.759831 0.0196161 0.649824 -3.1946 0.00261782 0.999444 -0.0332309 -2.65872 -0.650115 0.026951 0.759358 110.797 
0.721931 0.0242781 0.691539 -2.94131 0.000337766 0.999372 -0.0354378 -2.67512 -0.691965 0.0258172 0.721469 111.038 
0.682001 0.0245906 0.730938 -2.66404 0.00260174 0.999347 -0.036048 -2.69019 -0.731347 0.0264865 0.681491 111.263 
0.640175 0.0220314 0.767913 -2.36427 0.00677466 0.999388 -0.0343201 -2.70472 -0.768199 0.0271732 0.639634 111.478 
0.595434 0.020261 0.803149 -2.05397 0.00819745 0.999477 -0.031291 -2.71608 -0.803363 0.0252155 0.594956 111.676 
0.548344 0.0189519 0.836038 -1.73229 0.00920555 0.999546 -0.0286962 -2.72587 -0.836202 0.0234316 0.54792 111.857 
0.499655 0.0162844 0.866071 -1.38855 0.0112232 0.999618 -0.0252703 -2.7409 -0.866152 0.0223465 0.499281 112.029 
0.448242 0.0126718 0.893822 -1.03497 0.0138077 0.999682 -0.021097 -2.75311 -0.893806 0.0217982 0.447925 112.178 
0.395874 0.0128647 0.918215 -0.68255 0.0112747 0.999758 -0.018868 -2.77041 -0.918236 0.0178219 0.395633 112.309 
0.34418 0.0178369 0.938734 -0.317757 0.00756852 0.999734 -0.0217708 -2.78522 -0.938873 0.0145979 0.343954 112.424 
0.293383 0.0228619 0.955722 0.0582528 0.00705654 0.999635 -0.0260785 -2.79663 -0.955969 0.0143951 0.293114 112.517 
0.24639 0.0249051 0.968851 0.451062 0.00827415 0.999579 -0.0277992 -2.81263 -0.969135 0.0148659 0.246081 112.59 
0.204837 0.0244611 0.97849 0.855906 0.0155002 0.999481 -0.0282306 -2.82987 -0.978673 0.0209494 0.204352 112.644 
0.169499 0.024363 0.985229 1.28329 0.0227866 0.99933 -0.0286319 -2.84279 -0.985267 0.0273031 0.16883 112.688 
0.139031 0.0256519 0.989956 1.72699 0.0273023 0.999185 -0.0297253 -2.85435 -0.989912 0.0311608 0.138217 112.73 
0.110627 0.0245233 0.993559 2.19993 0.0248499 0.999315 -0.0274322 -2.86763 -0.993551 0.0277246 0.109942 112.783 
0.0851243 0.0209955 0.996149 2.68629 0.0186389 0.99957 -0.0226603 -2.8834 -0.996196 0.020496 0.0846964 112.826 
0.0612453 0.017174 0.997975 3.18514 0.0134618 0.999747 -0.0180306 -2.8999 -0.998032 0.0145388 0.0609986 112.857 
0.03856 0.014795 0.999147 3.70277 0.0176511 0.999724 -0.0154847 -2.91816 -0.9991 0.0182332 0.0382882 112.866 
0.0184954 0.0154173 0.99971 4.25057 0.0258579 0.999539 -0.015893 -2.93578 -0.999495 0.0261444 0.0180882 112.862 
0.00104788 0.0177857 0.999841 4.79702 0.0306908 0.99937 -0.0178094 -2.95273 -0.999528 0.0307046 0.000501363 112.855 
-0.0140107 0.0227558 0.999643 5.33749 0.0307325 0.999279 -0.0223167 -2.97661 -0.999429 0.0304089 -0.0146999 112.855 
-0.024732 0.0272737 0.999322 5.93144 0.0281289 0.999251 -0.0265755 -2.99115 -0.999298 0.0274526 -0.0254807 112.847 
-0.0310877 0.0271391 0.999148 6.54835 0.0306248 0.999188 -0.0261873 -3.00482 -0.999047 0.0297846 -0.0318936 112.83 
-0.0339601 0.0239104 0.999137 7.18685 0.0368171 0.999065 -0.0226572 -3.0265 -0.998745 0.0360159 -0.0348086 112.812 
-0.0332453 0.0223358 0.999198 7.84799 0.0382345 0.999047 -0.0210602 -3.04473 -0.998716 0.0375037 -0.0340676 112.791 
-0.0313487 0.0219421 0.999268 8.53698 0.037021 0.999099 -0.0207769 -3.06704 -0.998823 0.0363426 -0.0321328 112.788 
-0.0299848 0.0223594 0.9993 9.23088 0.033462 0.999212 -0.0213533 -3.08913 -0.99899 0.0327983 -0.0307094 112.791 
-0.0287724 0.0237063 0.999305 9.94841 0.0325332 0.999211 -0.0227674 -3.10812 -0.999056 0.0318555 -0.0295209 112.787 
-0.0278248 0.0243149 0.999317 10.6783 0.0324437 0.999199 -0.0234086 -3.1335 -0.999086 0.0317702 -0.0285914 112.782 
-0.0269533 0.0238681 0.999352 11.4301 0.0319114 0.999226 -0.0230044 -3.1601 -0.999127 0.0312706 -0.0276941 112.776 
-0.0263178 0.0224751 0.999401 12.1951 0.0308744 0.999289 -0.0216595 -3.18888 -0.999177 0.0302859 -0.026993 112.777 
-0.0258252 0.0213331 0.999439 12.9748 0.0317405 0.999286 -0.0205097 -3.21153 -0.999162 0.031193 -0.0264839 112.771 
-0.0264416 0.0189802 0.99947 13.7515 0.0322549 0.999315 -0.0181239 -3.23747 -0.99913 0.0317586 -0.0270357 112.763 
-0.0273237 0.0174156 0.999475 14.5517 0.030002 0.999412 -0.0165942 -3.26171 -0.999176 0.0295328 -0.0278302 112.751 
-0.0287821 0.0163523 0.999452 15.3466 0.0289209 0.999461 -0.0155196 -3.28416 -0.999167 0.0284584 -0.0292395 112.75 
-0.029965 0.0138452 0.999455 16.1616 0.0314 0.999424 -0.0129033 -3.30444 -0.999058 0.0309962 -0.0303825 112.738 
-0.0310529 0.0122458 0.999443 16.9814 0.0328435 0.999398 -0.0112248 -3.32531 -0.998978 0.0324767 -0.0314364 112.723 
-0.0325206 0.0115152 0.999405 17.8148 0.0302225 0.999488 -0.0105327 -3.34896 -0.999014 0.029862 -0.0328519 112.709 
-0.0332127 0.0161227 0.999318 18.6443 0.0276877 0.999501 -0.0152054 -3.3735 -0.999065 0.0271638 -0.0336426 112.694 
-0.0340141 0.0209031 0.999203 19.4752 0.0288984 0.999384 -0.0199232 -3.39493 -0.999004 0.0281977 -0.0345972 112.677 
-0.0348657 0.0225281 0.999138 20.3143 0.0292218 0.999341 -0.0215129 -3.4217 -0.998965 0.0284466 -0.035501 112.658 
-0.0364957 0.0204054 0.999126 21.1569 0.0257854 0.999478 -0.0194707 -3.44904 -0.999001 0.0250523 -0.0370028 112.651 
-0.037691 0.0162729 0.999157 22.01 0.0228259 0.999621 -0.0154194 -3.47802 -0.999029 0.0222255 -0.0380481 112.641 
-0.0378199 0.0109001 0.999225 22.8586 0.0213275 0.999722 -0.0100982 -3.50655 -0.999057 0.0209291 -0.0380418 112.623 
-0.038225 0.00536097 0.999255 23.7158 0.0177418 0.999832 -0.00468534 -3.52741 -0.999112 0.0175495 -0.0383137 112.613 
-0.0385011 0.00391583 0.999251 24.5737 0.0152814 0.999878 -0.00332945 -3.55457 -0.999142 0.0151418 -0.0385562 112.607 
-0.037703 0.0108428 0.99923 25.4166 0.017883 0.999788 -0.0101741 -3.58049 -0.999129 0.0174857 -0.0378889 112.589 
-0.0365857 0.0220268 0.999088 26.2472 0.0202453 0.999568 -0.021296 -3.60385 -0.999125 0.0194477 -0.0370159 112.57 
-0.0363304 0.0271983 0.99897 27.0901 0.0217772 0.999414 -0.0264183 -3.62861 -0.999103 0.020795 -0.0369014 112.557 
-0.0350306 0.0214304 0.999156 27.9318 0.0233475 0.999515 -0.0206195 -3.65996 -0.999114 0.0226055 -0.0355139 112.541 
-0.0338899 0.0135849 0.999333 28.7712 0.0264844 0.999569 -0.0126899 -3.69149 -0.999075 0.0260366 -0.0342351 112.519 
-0.033415 0.0106977 0.999384 29.6036 0.0277135 0.999568 -0.00977301 -3.71757 -0.999057 0.0273698 -0.033697 112.503 
-0.0336978 0.0113361 0.999368 30.428 0.0263454 0.999598 -0.0104504 -3.74294 -0.999085 0.0259766 -0.0339829 112.494 
-0.0344601 0.0120769 0.999333 31.2501 0.02304 0.999671 -0.0112865 -3.76786 -0.999141 0.0226357 -0.034727 112.484 
-0.0363691 0.0123779 0.999262 32.065 0.0208631 0.999715 -0.0116241 -3.78915 -0.999121 0.0204249 -0.036617 112.472 
-0.0383762 0.0122733 0.999188 32.8767 0.0203106 0.999728 -0.0114998 -3.81508 -0.999057 0.0198528 -0.0386151 112.454 
-0.0401774 0.0127517 0.999111 33.6964 0.0195972 0.999736 -0.0119715 -3.83979 -0.999 0.0190988 -0.0404167 112.433 
-0.0422465 0.0130351 0.999022 34.504 0.0176675 0.999768 -0.0122977 -3.86417 -0.998951 0.0171306 -0.042467 112.416 
-0.0442608 0.0121794 0.998946 35.3043 0.0156877 0.999811 -0.0114949 -3.88741 -0.998897 0.0151624 -0.0444435 112.4 
-0.0463532 0.0111709 0.998863 36.1075 0.0163632 0.999812 -0.0104222 -3.91212 -0.998791 0.0158614 -0.0465272 112.379 
-0.0478919 0.0114555 0.998787 36.8965 0.0162853 0.99981 -0.0106863 -3.93409 -0.99872 0.0157537 -0.0480693 112.351 
-0.0497572 0.0125322 0.998683 37.6839 0.0163373 0.999798 -0.0117322 -3.95947 -0.998628 0.015732 -0.0499519 112.331 
-0.0504925 0.0125185 0.998646 38.4652 0.0166446 0.999793 -0.0116912 -3.98757 -0.998586 0.0160317 -0.0506904 112.3 
-0.0516508 0.0112844 0.998601 39.2461 0.0182809 0.999779 -0.0103522 -4.0118 -0.998498 0.0177207 -0.0518457 112.272 
-0.0530698 0.0105352 0.998535 40.0254 0.018348 0.999786 -0.00957318 -4.03635 -0.998422 0.0178131 -0.0532517 112.246 
-0.0547262 0.0101762 0.99845 40.7992 0.0170895 0.999811 -0.0092533 -4.06056 -0.998355 0.0165566 -0.0548897 112.227 
-0.0559264 0.00910922 0.998393 41.5556 0.0150924 0.999852 -0.00827706 -4.08384 -0.998321 0.0146052 -0.0560556 112.203 
-0.0566748 0.00789334 0.998362 42.3025 0.0139991 0.999877 -0.00711058 -4.10563 -0.998295 0.0135732 -0.0567783 112.179 
-0.0577475 0.00772117 0.998301 43.0266 0.014196 0.999875 -0.00691212 -4.12754 -0.99823 0.0137728 -0.0578499 112.158 
-0.0579044 0.010068 0.998271 43.7343 0.0143474 0.999854 -0.00925167 -4.15146 -0.998219 0.0137868 -0.0580404 112.131 
-0.0576858 0.0126481 0.998255 44.4338 0.0140778 0.999831 -0.0118545 -4.17644 -0.998236 0.0133694 -0.0578541 112.103 
-0.0578089 0.0143762 0.998224 45.1321 0.01224 0.999831 -0.0136905 -4.19791 -0.998253 0.0114268 -0.0579752 112.079 
-0.0577936 0.0150906 0.998215 45.8265 0.0128541 0.999814 -0.0143705 -4.22314 -0.998246 0.0120006 -0.0579768 112.049 
-0.0573997 0.0151481 0.998236 46.5228 0.0143548 0.999794 -0.0143462 -4.24416 -0.998248 0.013506 -0.0576053 112.015 
-0.0572502 0.0148059 0.99825 47.2137 0.0157479 0.999779 -0.0139254 -4.26472 -0.998236 0.0149231 -0.0574708 111.983 
-0.0575045 0.0149526 0.998233 47.8999 0.0118312 0.999828 -0.0142949 -4.28816 -0.998275 0.0109883 -0.0576715 111.963 
-0.0569151 0.0150238 0.998266 48.5775 0.00967648 0.999848 -0.0144958 -4.31566 -0.998332 0.00883467 -0.0570518 111.937 
-0.0566087 0.013881 0.9983 49.2615 0.0120497 0.99984 -0.0132191 -4.33734 -0.998324 0.0112809 -0.0567669 111.906 
-0.0574583 0.013371 0.998258 49.9354 0.0121299 0.999846 -0.012694 -4.35572 -0.998274 0.0113794 -0.0576116 111.876 
-0.0609662 0.0130033 0.998055 50.6143 0.00945583 0.999878 -0.0124494 -4.37839 -0.998095 0.00867845 -0.0610817 111.851 
-0.0662985 0.0126015 0.99772 51.2996 0.00567748 0.999909 -0.0122518 -4.40322 -0.997784 0.00485226 -0.066364 111.828 
-0.0719511 0.0163244 0.997275 51.9727 0.00923285 0.999834 -0.0157002 -4.42302 -0.997365 0.00807804 -0.0720899 111.786 
-0.0786008 0.019566 0.996714 52.6503 0.0116087 0.999758 -0.0187102 -4.43717 -0.996839 0.0100999 -0.0788088 111.741 
-0.0856901 0.0211393 0.996098 53.3235 0.0112551 0.999732 -0.0202482 -4.45961 -0.996258 0.00947609 -0.085905 111.692 
-0.0918222 0.0202222 0.99557 54.0029 0.0073332 0.99978 -0.0196314 -4.48487 -0.995748 0.00549812 -0.0919504 111.644 
-0.0971055 0.0192661 0.995088 54.6881 0.00741241 0.999799 -0.0186339 -4.50751 -0.995247 0.00556654 -0.0972288 111.59 
-0.101791 0.0199981 0.994605 55.3792 0.00498756 0.999796 -0.019592 -4.5283 -0.994793 0.00296636 -0.10187 111.533 
-0.105642 0.0193036 0.994217 56.0782 0.00292168 0.999813 -0.0191018 -4.55131 -0.9944 0.00088683 -0.105679 111.475 
-0.107865 0.0164254 0.99403 56.7831 0.00370698 0.999863 -0.0161195 -4.56888 -0.994159 0.00194612 -0.107911 111.408 
-0.109689 0.0135264 0.993874 57.4964 0.00608466 0.999898 -0.0129368 -4.58775 -0.993947 0.00462835 -0.10976 111.34 
-0.110826 0.0108174 0.993781 58.218 0.00593996 0.99993 -0.0102218 -4.6071 -0.993822 0.00477017 -0.110882 111.273 
-0.111973 0.0106961 0.993654 58.944 0.00512263 0.999935 -0.0101865 -4.62499 -0.993698 0.0039495 -0.112021 111.207 
-0.112017 0.0145894 0.993599 59.6723 0.00720697 0.999878 -0.013869 -4.64285 -0.99368 0.00560727 -0.112109 111.135 
-0.111733 0.0189242 0.993558 60.4117 0.0131923 0.999759 -0.0175587 -4.66159 -0.993651 0.0111454 -0.111956 111.055 
-0.112281 0.0234113 0.993401 61.1583 0.020449 0.999565 -0.0212452 -4.69004 -0.993466 0.0179287 -0.112711 110.974 
-0.112603 0.0250156 0.993325 61.9043 0.0215865 0.999509 -0.0227242 -4.70937 -0.993406 0.0188836 -0.113087 110.897 
-0.112718 0.022824 0.993365 62.6535 0.0197098 0.999591 -0.0207305 -4.73553 -0.993432 0.0172424 -0.113122 110.826 
-0.112321 0.0177723 0.993513 63.4089 0.0199384 0.999679 -0.0156285 -4.76411 -0.993472 0.0180536 -0.112639 110.753 
-0.111931 0.0157305 0.993592 64.1576 0.0221721 0.999665 -0.0133289 -4.79044 -0.993469 0.0205381 -0.112242 110.673 
-0.112602 0.0153128 0.993522 64.9048 0.0223159 0.999668 -0.0128783 -4.81696 -0.99339 0.0207212 -0.112906 110.599 
-0.114286 0.0163799 0.993313 65.6511 0.021109 0.999678 -0.0140561 -4.83896 -0.993224 0.0193614 -0.114595 110.528 
-0.116119 0.0171092 0.993088 66.3968 0.0204769 0.99968 -0.0148285 -4.8626 -0.993024 0.0186135 -0.116432 110.451 
-0.118039 0.0173076 0.992858 67.1432 0.0217673 0.999653 -0.0148382 -4.88756 -0.99277 0.0198604 -0.118375 110.374 
-0.119867 0.0174586 0.992636 67.8892 0.0219227 0.999648 -0.0149346 -4.91065 -0.992548 0.0199711 -0.120208 110.297 
-0.121729 0.0173434 0.992412 68.6329 0.0223954 0.999641 -0.0147227 -4.93375 -0.992311 0.0204333 -0.122073 110.218 
-0.123255 0.017891 0.992214 69.3847 0.0203432 0.999673 -0.0154983 -4.9545 -0.992167 0.0182745 -0.123578 110.141 
-0.124119 0.01942 0.992077 70.1342 0.020722 0.999641 -0.0169755 -4.9801 -0.992051 0.0184508 -0.124476 110.06 
-0.125052 0.0197343 0.991954 70.9059 0.0194087 0.99966 -0.0174408 -5.00484 -0.99196 0.0170715 -0.125392 109.979 
-0.126366 0.0201671 0.991779 71.6798 0.0194268 0.999652 -0.0178519 -5.02762 -0.991794 0.0170113 -0.126713 109.899 
-0.127596 0.018671 0.99165 72.4638 0.0198472 0.999671 -0.0162682 -5.04797 -0.991628 0.0176057 -0.127925 109.82 
-0.128629 0.0165927 0.991554 73.2533 0.0172936 0.999746 -0.0144863 -5.07007 -0.991542 0.0152842 -0.128884 109.737 
-0.130542 0.0147283 0.991333 74.0502 0.0145981 0.99981 -0.0129319 -5.09109 -0.991335 0.0127834 -0.130732 109.656 
-0.132827 0.0140653 0.991039 74.842 0.0156171 0.999805 -0.0120965 -5.11392 -0.991016 0.0138704 -0.133021 109.566 
-0.134455 0.0143969 0.990815 75.6342 0.0170202 0.999781 -0.0122174 -5.14393 -0.990774 0.0152211 -0.134671 109.47 
-0.136814 0.0158201 0.990471 76.4367 0.0165569 0.999769 -0.0136816 -5.16445 -0.990458 0.0145273 -0.137044 109.38 
-0.138398 0.0197349 0.99018 77.2512 0.0181735 0.999684 -0.0173842 -5.18482 -0.99021 0.0155891 -0.138713 109.284 
-0.138804 0.0235318 0.99004 78.0594 0.0197844 0.999584 -0.0209848 -5.21374 -0.990122 0.0166745 -0.139212 109.181 
-0.139845 0.0275243 0.989791 78.8777 0.0211535 0.999469 -0.0248047 -5.24194 -0.989947 0.0174687 -0.140353 109.081 
-0.139669 0.0285872 0.989786 79.7111 0.0232101 0.999403 -0.0255898 -5.27294 -0.989926 0.0193989 -0.140249 108.978 
-0.138993 0.0280192 0.989897 80.5468 0.0269486 0.999337 -0.0245025 -5.30515 -0.989927 0.0232706 -0.139656 108.871 
-0.138895 0.0260407 0.989965 81.3879 0.0274621 0.999371 -0.0224351 -5.33811 -0.989926 0.0240704 -0.139522 108.768 
-0.138422 0.0247419 0.990064 82.2363 0.026962 0.999412 -0.0212058 -5.36559 -0.990006 0.0237588 -0.139008 108.67 
-0.13677 0.022404 0.99035 83.0855 0.0259436 0.999482 -0.0190277 -5.3955 -0.990263 0.0230909 -0.13728 108.574 
-0.134861 0.019282 0.990677 83.9404 0.0266709 0.999519 -0.0158233 -5.42441 -0.990506 0.0242883 -0.13531 108.471 
-0.133394 0.0160645 0.990933 84.8023 0.0271645 0.999552 -0.0125475 -5.44875 -0.990691 0.0252444 -0.13377 108.374 
-0.131511 0.016082 0.991184 85.6763 0.0254569 0.999593 -0.0128408 -5.47305 -0.990988 0.0235438 -0.131867 108.275 
-0.130154 0.0202921 0.991286 86.5381 0.0267174 0.999499 -0.0169523 -5.50461 -0.991134 0.0242782 -0.130631 108.18 
-0.128182 0.0266387 0.991393 87.3883 0.0269986 0.999362 -0.0233621 -5.53011 -0.991383 0.0237716 -0.12882 108.088 
-0.126733 0.0300979 0.99148 88.2524 0.0250417 0.999318 -0.0271349 -5.56041 -0.991621 0.0213895 -0.1274 107.996 
-0.125358 0.0275796 0.991728 89.1113 0.0235638 0.999414 -0.0248148 -5.59798 -0.991832 0.0202581 -0.125935 107.906 
-0.123977 0.0252004 0.991965 89.9809 0.0246185 0.999448 -0.0223136 -5.6334 -0.99198 0.0216543 -0.124529 107.814 
-0.123177 0.0234365 0.992108 90.8411 0.0253517 0.999469 -0.0204628 -5.66881 -0.992061 0.0226311 -0.123706 107.72 
-0.122247 0.0235254 0.992221 91.7184 0.0249296 0.999476 -0.0206259 -5.69461 -0.992187 0.0222142 -0.122769 107.626 
-0.121689 0.0235147 0.99229 92.5896 0.0245917 0.999484 -0.0206693 -5.73047 -0.992264 0.0218869 -0.122205 107.536 
-0.120673 0.0219646 0.992449 93.4648 0.0274018 0.999448 -0.0187876 -5.75832 -0.992314 0.0249277 -0.121208 107.439 
-0.119246 0.021271 0.992637 94.339 0.0301663 0.999387 -0.0177917 -5.79181 -0.992406 0.0278226 -0.119814 107.34 
-0.11799 0.0227947 0.992753 95.2017 0.0324666 0.999291 -0.0190861 -5.82002 -0.992484 0.0299793 -0.118646 107.243 
-0.1171 0.0249694 0.992806 96.0828 0.032844 0.999234 -0.0212572 -5.85225 -0.992577 0.0301185 -0.117831 107.153 
-0.115855 0.0265977 0.99291 96.9488 0.0304021 0.999268 -0.0232206 -5.88493 -0.992801 0.0274963 -0.116578 107.059 
-0.115 0.0224991 0.993111 97.8159 0.0254235 0.999483 -0.0196994 -5.91974 -0.99304 0.0229829 -0.115513 106.977 
-0.114942 0.0204983 0.993161 98.6783 0.0207659 0.999618 -0.0182282 -5.95415 -0.993155 0.0185287 -0.115323 106.899 
-0.115538 0.0209253 0.993083 99.5371 0.0179633 0.999659 -0.018974 -5.99347 -0.993141 0.0156469 -0.115874 106.812 
-0.116333 0.0257697 0.992876 100.382 0.0147269 0.999598 -0.0242186 -6.0232 -0.993101 0.0118046 -0.116666 106.728 
-0.117149 0.0281731 0.992715 101.226 0.0141884 0.999543 -0.0266925 -6.06029 -0.993013 0.0109581 -0.117495 106.644 
-0.117322 0.0285893 0.992682 102.061 0.0150351 0.999522 -0.0270093 -6.09734 -0.99298 0.0117563 -0.117696 106.557 
-0.117679 0.0279624 0.992658 102.89 0.0166074 0.999519 -0.0261868 -6.13795 -0.992913 0.0134038 -0.118087 106.473 
-0.118009 0.0286071 0.9926 103.716 0.0180358 0.999482 -0.0266611 -6.17636 -0.992849 0.0147561 -0.118464 106.386 
-0.118226 0.0320432 0.99247 104.54 0.0196246 0.999359 -0.0299278 -6.21416 -0.992793 0.0159385 -0.118779 106.297 
-0.118733 0.0332827 0.992368 105.357 0.0193246 0.999326 -0.0312039 -6.25421 -0.992738 0.0154721 -0.119297 106.213 
-0.119588 0.0335242 0.992258 106.168 0.0175726 0.999345 -0.0316458 -6.29409 -0.992668 0.0136521 -0.120099 106.129 
-0.121707 0.0324468 0.992036 106.973 0.0160277 0.9994 -0.0307213 -6.33395 -0.992437 0.0121611 -0.122154 106.047 
-0.12478 0.0336183 0.991615 107.778 0.0160817 0.999363 -0.0318573 -6.37746 -0.992054 0.0119717 -0.125241 105.963 
-0.128039 0.0361725 0.991109 108.574 0.0157597 0.999283 -0.0344348 -6.42122 -0.991644 0.0112105 -0.128517 105.877 
-0.131443 0.037316 0.990621 109.36 0.0137748 0.999264 -0.0358138 -6.46469 -0.991228 0.00893817 -0.13186 105.793 
-0.134917 0.0373367 0.990153 110.146 0.0138908 0.999263 -0.0357874 -6.50699 -0.99076 0.0089257 -0.135336 105.706 
-0.137798 0.0360905 0.989803 110.928 0.0153396 0.999294 -0.034301 -6.54954 -0.990342 0.0104566 -0.138255 105.61 
-0.140121 0.0370116 0.989442 111.702 0.0171531 0.999242 -0.0349489 -6.59222 -0.989986 0.012075 -0.140649 105.508 
-0.142044 0.0412764 0.988999 112.472 0.0124183 0.999126 -0.0399154 -6.63972 -0.989782 0.00661192 -0.142433 105.417 
-0.143734 0.0482295 0.98844 113.24 0.0103532 0.99883 -0.0472309 -6.6885 -0.989562 0.00344483 -0.144065 105.323 
-0.146184 0.0513881 0.987922 114.009 0.0145069 0.998654 -0.0497997 -6.72838 -0.989151 0.00705179 -0.146733 105.216 
-0.148768 0.049525 0.987631 114.782 0.0169025 0.998727 -0.0475353 -6.77375 -0.988728 0.00962175 -0.149415 105.106 
-0.151972 0.0418563 0.987498 115.558 0.0150847 0.999085 -0.0400259 -6.82249 -0.98827 0.00881327 -0.152464 105.004 
-0.154394 0.0396038 0.987215 116.33 0.0138703 0.999185 -0.0379147 -6.87348 -0.987912 0.0078392 -0.154818 104.902 
-0.155842 0.042487 0.986868 117.09 0.0133828 0.999074 -0.0408991 -6.9169 -0.987691 0.00683319 -0.156267 104.79 
-0.158534 0.0458872 0.986287 117.845 0.0108909 0.99894 -0.0447253 -6.95998 -0.987294 0.00365104 -0.158865 104.685 
-0.161132 0.0484313 0.985744 118.588 0.0102906 0.998823 -0.0473918 -7.00711 -0.986879 0.00250756 -0.161441 104.579 
-0.162729 0.0525637 0.98527 119.327 0.0145215 0.998599 -0.0508764 -7.05885 -0.986564 0.0060285 -0.163265 104.463 
-0.164454 0.0572503 0.984722 120.066 0.0148526 0.998345 -0.0555618 -7.10692 -0.986273 0.00548833 -0.165032 104.348 
-0.167154 0.0595529 0.984131 120.807 0.0144082 0.998215 -0.057958 -7.15567 -0.985826 0.00449161 -0.167714 104.237 
-0.169477 0.0574928 0.983856 121.553 0.0155881 0.998329 -0.0556533 -7.20323 -0.985411 0.00590452 -0.17009 104.125 
-0.173407 0.0537589 0.983382 122.296 0.0196443 0.998499 -0.0511212 -7.26106 -0.984654 0.0104531 -0.174202 104.005 
-0.179074 0.0525466 0.982431 123.035 0.0220766 0.998536 -0.0493839 -7.30983 -0.983588 0.0128453 -0.179972 103.88 
-0.185319 0.0509003 0.981359 123.767 0.0208154 0.998637 -0.0478656 -7.36357 -0.982458 0.011557 -0.186125 103.755 
-0.193623 0.0514997 0.979724 124.501 0.0198606 0.998622 -0.048568 -7.4089 -0.980875 0.0100541 -0.194379 103.622 
-0.204196 0.0522473 0.977535 125.226 0.0191914 0.998596 -0.0493641 -7.45291 -0.978742 0.00868032 -0.204913 103.483 
-0.215903 0.053355 0.974956 125.946 0.0198379 0.99854 -0.0502525 -7.49919 -0.976213 0.00849144 -0.216646 103.328 
-0.228688 0.053978 0.972002 126.66 0.0212218 0.998501 -0.0504566 -7.54866 -0.973268 0.00908884 -0.229491 103.172 
-0.240217 0.0541163 0.96921 127.365 0.0244122 0.998466 -0.0496993 -7.59438 -0.970412 0.0117219 -0.24117 102.998 
-0.251232 0.0541776 0.96641 128.069 0.027888 0.998423 -0.0487224 -7.6418 -0.967525 0.0147106 -0.252347 102.817 
-0.261444 0.0540135 0.963706 128.769 0.0317799 0.998373 -0.0473349 -7.68985 -0.964695 0.0182511 -0.262735 102.632 
-0.270318 0.0544865 0.961228 129.463 0.0375693 0.998234 -0.0460188 -7.73728 -0.962038 0.0236729 -0.271888 102.439 
-0.277932 0.0545613 0.95905 130.153 0.0429914 0.998092 -0.0443235 -7.7833 -0.959638 0.0289119 -0.279748 102.241 
-0.284356 0.0548225 0.95715 130.849 0.0432404 0.998081 -0.0443207 -7.82835 -0.957743 0.0287846 -0.286181 102.045 
-0.289067 0.0528391 0.95585 131.534 0.0471145 0.998051 -0.0409236 -7.87148 -0.956149 0.0332047 -0.290993 101.845 
-0.291005 0.050175 0.955405 132.219 0.0533951 0.997919 -0.0361442 -7.91083 -0.95523 0.0404958 -0.293079 101.636 
-0.292103 0.0488203 0.95514 132.891 0.0594224 0.997693 -0.0328226 -7.9464 -0.954539 0.0471691 -0.29433 101.432 
-0.292823 0.0474335 0.954989 133.562 0.0620367 0.997607 -0.0305283 -7.98701 -0.954152 0.050305 -0.295065 101.23 
-0.292352 0.0528157 0.954851 134.222 0.0645854 0.997285 -0.0353883 -8.02436 -0.954128 0.0513236 -0.294969 101.035 
-0.291011 0.0561377 0.955071 134.888 0.0640848 0.997179 -0.039086 -8.05968 -0.954571 0.0498311 -0.293788 100.844 
-0.290361 0.0562308 0.955264 135.548 0.0659075 0.997077 -0.0386588 -8.0933 -0.954645 0.051734 -0.293218 100.655 
-0.288444 0.0545494 0.955942 136.204 0.0669374 0.997082 -0.0366995 -8.13223 -0.955154 0.0534025 -0.291253 100.464 
-0.286454 0.0516826 0.956699 136.859 0.0692969 0.997046 -0.0331134 -8.1741 -0.955585 0.0568108 -0.289189 100.273 
-0.28515 0.0522495 0.957058 137.506 0.0698573 0.99699 -0.0336159 -8.21255 -0.955934 0.0572719 -0.287942 100.089 
-0.282571 0.0547576 0.957682 138.149 0.0710326 0.996823 -0.0360368 -8.24673 -0.956613 0.0578437 -0.285563 99.9084 
-0.278374 0.0565312 0.958808 138.785 0.0722517 0.99667 -0.0377865 -8.28095 -0.957751 0.0587567 -0.281532 99.7341 
-0.272893 0.0556054 0.960436 139.42 0.0732895 0.996629 -0.0368768 -8.31791 -0.959249 0.0603265 -0.276048 99.5631 
-0.267329 0.0538904 0.962097 140.052 0.0747762 0.996584 -0.0350447 -8.35472 -0.9607 0.0625735 -0.270446 99.3949 
-0.262744 0.052044 0.963461 140.676 0.0741545 0.99668 -0.0336158 -8.39067 -0.962012 0.0626126 -0.265731 99.2366 
-0.258446 0.0509372 0.964682 141.297 0.0744941 0.996686 -0.0326695 -8.42921 -0.963149 0.0634198 -0.261384 99.0779 
-0.254619 0.0493983 0.965779 141.924 0.0751333 0.996686 -0.0311709 -8.4641 -0.964118 0.0646255 -0.257487 98.9268 
-0.250732 0.0479586 0.966868 142.538 0.0785749 0.996485 -0.0290513 -8.49359 -0.964863 0.0686875 -0.253619 98.7745 
-0.246942 0.0464566 0.967916 143.145 0.0805348 0.996379 -0.0272761 -8.52254 -0.965678 0.0712153 -0.249789 98.6262 
-0.243571 0.0447889 0.968848 143.751 0.0785602 0.996562 -0.0263198 -8.55842 -0.966696 0.0697022 -0.246252 98.4869 
-0.239828 0.0459761 0.969726 144.35 0.0760983 0.996695 -0.0284344 -8.59014 -0.967828 0.0669752 -0.242534 98.3537 
-0.235147 0.0492099 0.970713 144.938 0.0774623 0.99649 -0.031752 -8.62432 -0.968868 0.0677273 -0.238133 98.2205 
-0.229439 0.0524546 0.971909 145.522 0.0791917 0.996242 -0.0350731 -8.65399 -0.970096 0.0689199 -0.232731 98.0908 
-0.222548 0.0531426 0.973472 146.108 0.0781515 0.996272 -0.0365208 -8.68802 -0.971784 0.0679507 -0.225872 97.9684 
-0.214075 0.051385 0.975465 146.701 0.074829 0.996544 -0.0360734 -8.72259 -0.973947 0.0652707 -0.21718 97.8572 
