1 2.12261e-08 -2.11895e-08 0 2.12261e-08 1 2.10703e-08 0 -2.11895e-08 2.10703e-08 1 0 
0.999997 0.000871528 0.00215811 -0.0289444 -0.000868938 0.999999 -0.00118076 -0.0139698 -0.00215918 0.00117893 0.999997 1.22952 
0.999993 0.00108754 0.00358738 -0.0464175 -0.0010846 0.999999 -0.00081064 -0.02996 -0.0035883 0.000806786 0.999993 2.44179 
0.999989 0.000636848 0.0045945 -0.0639995 -0.000634735 1 -0.000451995 -0.0532069 -0.00459482 0.000449116 0.999989 3.6545 
0.999989 0.000117504 0.00478946 -0.0729487 -0.0001146 1 -0.000597738 -0.0699829 -0.00478958 0.000597224 0.999988 4.85902 
0.999985 8.29896e-05 0.00550267 -0.0856361 -8.1805e-05 1 -0.000207766 -0.0941872 -0.00550273 0.000207355 0.999985 6.06665 
0.99998 0.000583379 0.00627908 -0.101286 -0.000575857 0.999999 -0.00119278 -0.117783 -0.00627982 0.00118918 0.99998 7.27632 
0.999978 0.00019442 0.0066239 -0.109327 -0.000185178 0.999999 -0.00138932 -0.144785 -0.0066242 0.0013881 0.999977 8.48242 
0.99998 -0.000368328 0.00632164 -0.110818 0.000368959 1 -9.19196e-05 -0.162482 -0.00632165 9.42922e-05 0.99998 9.71493 
0.999988 -0.00103795 0.00479485 -0.122796 0.0010345 0.999999 0.000731507 -0.184935 -0.00479565 -0.000726496 0.999988 10.9229 
0.999995 -0.00204115 0.0023022 -0.132431 0.00204128 0.999998 -3.64847e-05 -0.199428 -0.00230217 4.12261e-05 0.999997 12.1287 
0.999998 -0.00165543 0.000640992 -0.164531 0.00165587 0.999998 -0.000627825 -0.219968 -0.000639994 0.000628927 1 13.3212 
0.999999 -0.00141002 -0.00050332 -0.194246 0.00140975 0.999999 -0.000613402 -0.244458 0.000504142 0.000612734 1 14.5357 
0.999998 -0.000372865 -0.00181801 -0.21365 0.000371161 1 -0.000960583 -0.262397 0.00181833 0.000959949 0.999998 15.7412 
0.999996 -0.00116479 -0.00261662 -0.239611 0.00116209 0.999999 -0.00104655 -0.286126 0.00261779 0.00104355 0.999996 16.9476 
0.999995 -0.00152515 -0.00291267 -0.272712 0.00152336 0.999999 -0.000631503 -0.304834 0.00291358 0.000627105 0.999996 18.1629 
0.999992 -0.00208571 -0.00332711 -0.302802 0.00208391 0.999998 -0.000557796 -0.325879 0.00332823 0.000550901 0.999994 19.374 
0.999991 -0.00183567 -0.00374155 -0.339357 0.00182998 0.999997 -0.00153566 -0.347431 0.00374432 0.00152884 0.999992 20.5875 
0.999988 -0.00182399 -0.004644 -0.357007 0.00181281 0.999995 -0.00241939 -0.365644 0.00464835 0.00241099 0.999986 21.8097 
0.999985 -0.000858478 -0.00534954 -0.390958 0.000847959 0.999998 -0.00197627 -0.387418 0.00535118 0.00197174 0.999984 23.0533 
0.999981 -0.00102691 -0.0060815 -0.424693 0.00101383 0.999997 -0.00215996 -0.413262 0.00608366 0.0021538 0.999979 24.2661 
0.999976 -0.00107348 -0.0068838 -0.45929 0.00105374 0.999995 -0.00287694 -0.435977 0.00688681 0.00286965 0.999972 25.4756 
0.999969 -0.00114436 -0.00785126 -0.489747 0.00112636 0.999997 -0.0023017 -0.459855 0.00785383 0.00229282 0.999967 26.6798 
0.999961 -0.00220425 -0.00850694 -0.521188 0.0021989 0.999997 -0.000643443 -0.479026 0.00850829 0.000624754 0.999964 27.8872 
0.999948 -0.00263551 -0.00984055 -0.543493 0.00262815 0.999996 -0.000765128 -0.500929 0.00984248 0.000739268 0.999951 29.1082 
0.999932 -0.00339499 -0.0111836 -0.563883 0.00337599 0.999993 -0.00172072 -0.52226 0.0111893 0.00168289 0.999936 30.3289 
0.999918 -0.00399361 -0.0121921 -0.598427 0.00396259 0.999989 -0.00257064 -0.550818 0.0122022 0.00252216 0.999922 31.5414 
0.999903 -0.00420366 -0.013302 -0.630407 0.00416838 0.999988 -0.00268215 -0.575623 0.0133131 0.00262649 0.999908 32.7403 
0.999893 -0.00488044 -0.0138021 -0.669894 0.0048512 0.999986 -0.0021549 -0.602994 0.0138124 0.00208775 0.999902 33.9359 
0.999882 -0.00500759 -0.0144912 -0.71057 0.00498155 0.999986 -0.00183554 -0.627484 0.0145002 0.00176318 0.999893 35.1471 
0.999872 -0.005453 -0.0150379 -0.752109 0.00542416 0.999983 -0.00196089 -0.651426 0.0150483 0.00187911 0.999885 36.3481 
0.999855 -0.00596979 -0.0159352 -0.781468 0.00594457 0.999981 -0.00163219 -0.690314 0.0159446 0.00153727 0.999872 37.583 
0.999849 -0.00664634 -0.0160734 -0.818734 0.00662812 0.999977 -0.00118961 -0.708873 0.0160809 0.00108294 0.99987 38.8022 
0.999859 -0.00635307 -0.0155161 -0.877022 0.0063487 0.99998 -0.000333781 -0.722859 0.0155178 0.00023527 0.99988 40.0279 
0.99986 -0.00604068 -0.0155899 -0.914189 0.00605134 0.999982 0.000633928 -0.750799 0.0155857 -0.000728137 0.999878 41.2508 
0.999864 -0.00541432 -0.0155548 -0.955598 0.00541711 0.999985 0.000134402 -0.773043 0.0155538 -0.000218603 0.999879 42.4754 
0.999883 -0.00409069 -0.0147186 -1.01216 0.00409382 0.999992 0.000179276 -0.794562 0.0147177 -0.000239468 0.999892 43.7022 
0.999898 -0.00143385 -0.0142322 -1.05191 0.00146098 0.999997 0.00189256 -0.814053 0.0142294 -0.00191311 0.999897 44.9349 
0.999916 -0.00159169 -0.0128489 -1.08857 0.00165394 0.999987 0.00483197 -0.830951 0.012841 -0.00485278 0.999906 46.1467 
0.999938 -0.00112668 -0.011112 -1.12407 0.00121222 0.99997 0.0076909 -0.848398 0.0111029 -0.00770385 0.999909 47.3607 
0.999957 3.70008e-05 -0.00930654 -1.1611 6.35165e-05 0.999942 0.0107957 -0.853498 0.00930635 -0.0107958 0.999898 48.5784 
0.999968 -0.000950335 -0.00796343 -1.19309 0.00104624 0.999927 0.0120419 -0.862808 0.00795137 -0.0120498 0.999896 49.7978 
0.999972 -0.00276983 -0.00689961 -1.21236 0.00284186 0.999941 0.0104457 -0.866763 0.00687023 -0.010465 0.999922 51.0113 
0.999981 -0.00161433 -0.00589458 -1.23864 0.00166453 0.999962 0.00851305 -0.870418 0.00588058 -0.00852266 0.999946 52.2231 
0.999985 -0.00135673 -0.00534447 -1.264 0.00139857 0.999968 0.00782556 -0.877469 0.00533364 -0.00783288 0.999955 53.4433 
0.999984 -0.00199331 -0.00527321 -1.28879 0.00203249 0.99997 0.00742751 -0.893006 0.00525821 -0.00743807 0.999959 54.6535 
0.999978 -0.00275736 -0.00598065 -1.32175 0.00279499 0.999976 0.00628519 -0.906836 0.00596314 -0.00630172 0.999962 55.868 
0.999969 -0.00234899 -0.00746625 -1.35539 0.00239868 0.999975 0.00664765 -0.919203 0.0074504 -0.00666531 0.99995 57.0751 
0.999959 -0.00237208 -0.00874251 -1.39207 0.00244152 0.999966 0.00793649 -0.930104 0.00872334 -0.00795747 0.99993 58.2936 
0.99995 -0.00212091 -0.0097904 -1.42677 0.00220106 0.999964 0.00817929 -0.943087 0.00977266 -0.00820039 0.999919 59.5049 
0.999943 -0.00142536 -0.0106216 -1.46362 0.00150941 0.999968 0.00790518 -0.95676 0.01061 -0.00792071 0.999912 60.7134 
0.999943 -0.00113261 -0.0106165 -1.50858 0.00121444 0.99997 0.00770004 -0.969875 0.0106074 -0.00771246 0.999914 61.9374 
0.999942 -0.00189224 -0.010633 -1.54555 0.00197072 0.999971 0.00737168 -0.986479 0.0106187 -0.00739216 0.999916 63.1467 
0.999934 -0.00315116 -0.0110543 -1.57842 0.0032225 0.999974 0.00643793 -1.00103 0.0110337 -0.00647309 0.999918 64.3569 
0.999927 -0.00296155 -0.011677 -1.61024 0.00305329 0.999965 0.00784286 -1.01653 0.0116533 -0.0078779 0.999901 65.5639 
0.999922 -0.00335799 -0.0120078 -1.64597 0.00347158 0.999949 0.00944797 -1.03421 0.0119755 -0.00948887 0.999883 66.7755 
0.999923 -0.00265336 -0.0120899 -1.68124 0.00274712 0.999966 0.00774154 -1.04692 0.0120689 -0.00777412 0.999897 67.9934 
0.999931 -0.00131891 -0.0117148 -1.72846 0.00139788 0.999976 0.00673172 -1.06229 0.0117056 -0.00674758 0.999909 69.1975 
0.999936 0.00119382 -0.0112753 -1.77357 -0.00111599 0.999976 0.00690274 -1.07362 0.0112832 -0.00688967 0.999913 70.4097 
0.999939 0.00311801 -0.0105601 -1.82124 -0.00304388 0.999971 0.00702478 -1.08678 0.0105816 -0.00699217 0.99992 71.6149 
0.999936 0.00466266 -0.0102785 -1.85964 -0.00458807 0.999963 0.00726469 -1.09807 0.010312 -0.00721703 0.999921 72.8203 
0.999943 0.00545589 -0.00914652 -1.89636 -0.00538134 0.999952 0.00815052 -1.11071 0.00919051 -0.0081008 0.999925 73.9978 
0.99995 0.00718426 -0.00695148 -1.93457 -0.00712341 0.999937 0.00873286 -1.12107 0.00701374 -0.00868286 0.999938 75.1881 
0.999975 0.00563701 -0.0041871 -1.96414 -0.00560954 0.999963 0.00653272 -1.13683 0.00422373 -0.00650903 0.99997 76.3807 
0.999995 0.00283615 -0.00148197 -1.98621 -0.00283347 0.999994 0.00178009 -1.15547 0.00148697 -0.00177584 0.999997 77.5628 
0.999991 0.00426012 0.000676344 -2.00522 -0.00426081 0.99999 0.00108079 -1.16894 -0.000671775 -0.00108362 0.999999 78.7445 
0.99999 0.00289793 0.00351062 -2.02292 -0.00291451 0.999985 0.00473839 -1.18818 -0.00349688 -0.00474853 0.999983 79.9232 
0.99997 0.00341745 0.00691071 -2.03773 -0.0034592 0.999976 0.00604431 -1.20517 -0.00688993 -0.006068 0.999958 81.1023 
0.999927 0.00386851 0.0114582 -2.04957 -0.00391619 0.999984 0.0041458 -1.21876 -0.011442 -0.00419033 0.999926 82.2714 
0.999871 0.00306082 0.0157403 -2.06133 -0.0030841 0.999994 0.00145746 -1.24061 -0.0157358 -0.00150578 0.999875 83.4248 
0.999801 0.00233228 0.0198131 -2.06547 -0.00229156 0.999995 -0.00207563 -1.26076 -0.0198179 0.00202986 0.999802 84.5744 
0.999724 0.00131206 0.0234403 -2.05433 -0.0012466 0.999995 -0.00280547 -1.28743 -0.0234439 0.00277552 0.999721 85.7282 
0.999623 0.0010805 0.0274465 -2.05002 -0.00105246 0.999999 -0.00103443 -1.31409 -0.0274476 0.0010052 0.999623 86.8692 
0.999505 0.00233478 0.0313855 -2.03857 -0.00232056 0.999997 -0.000488278 -1.33731 -0.0313866 0.000415245 0.999507 88.0297 
0.999359 0.00200508 0.0357431 -2.03104 -0.00190328 0.999994 -0.00288058 -1.35526 -0.0357487 0.00281075 0.999357 89.2034 
0.999223 0.00161646 0.0393685 -2.00995 -0.00141404 0.999986 -0.00516805 -1.38116 -0.0393763 0.00510841 0.999211 90.364 
0.999082 0.00205945 0.0427934 -1.98661 -0.00182268 0.999983 -0.00557002 -1.40578 -0.0428041 0.00548695 0.999068 91.5249 
0.99896 0.000521876 0.0455878 -1.95265 -0.000322274 0.99999 -0.00438468 -1.43004 -0.0455897 0.00436547 0.998951 92.6874 
0.998849 -0.000225923 0.0479589 -1.91202 0.000369833 0.999996 -0.00299095 -1.45091 -0.0479581 0.00300529 0.998845 93.8514 
0.998735 -0.00100934 0.0502726 -1.85532 0.00106838 0.999999 -0.0011466 -1.47361 -0.0502714 0.0011989 0.998735 95.0395 
0.998621 -0.00277849 0.0524199 -1.81175 0.00278492 0.999996 -4.88137e-05 -1.49478 -0.0524196 0.000194773 0.998625 96.2082 
0.998475 -0.00326763 0.0551184 -1.77762 0.00339917 0.999992 -0.00229202 -1.5143 -0.0551105 0.00247592 0.998477 97.3943 
0.998326 -0.00433148 0.0576812 -1.73706 0.00471426 0.999968 -0.00650108 -1.52195 -0.0576512 0.00676216 0.998314 98.6 
0.99821 -0.00332203 0.0597159 -1.69105 0.00388044 0.99995 -0.0092368 -1.54732 -0.0596823 0.00945203 0.998173 99.7846 
0.998128 -0.00314321 0.0610732 -1.63664 0.00377397 0.999941 -0.0102146 -1.56937 -0.0610375 0.010426 0.998081 100.967 
0.99809 -0.00251681 0.0617264 -1.5918 0.00313217 0.999946 -0.00987368 -1.59104 -0.0616983 0.0100482 0.998044 102.123 
0.998123 -0.00225566 0.0612005 -1.5485 0.00276804 0.999962 -0.008288 -1.61164 -0.0611795 0.00844189 0.998091 103.348 
0.998188 -0.00308187 0.0600903 -1.50558 0.00349528 0.999971 -0.00677517 -1.64026 -0.0600677 0.00697297 0.99817 104.56 
0.998298 -0.00270242 0.0582534 -1.46206 0.00305089 0.999978 -0.00589319 -1.66937 -0.0582362 0.00606093 0.998284 105.773 
0.998409 -0.00239874 0.0563426 -1.43218 0.00271064 0.999981 -0.00545923 -1.6951 -0.0563285 0.0056033 0.998397 107.016 
0.998575 -0.00185082 0.0533266 -1.38846 0.00214411 0.999983 -0.00544236 -1.72118 -0.0533156 0.00554898 0.998562 108.244 
0.998766 -0.000102789 0.0496685 -1.35464 0.000410081 0.999981 -0.00617582 -1.74269 -0.049667 0.00618861 0.998747 109.469 
0.998951 3.31706e-05 0.045791 -1.32187 0.000220757 0.999985 -0.00553935 -1.77344 -0.0457905 0.00554368 0.998936 110.688 
0.999122 0.000755647 0.0418975 -1.2963 -0.000556329 0.999989 -0.00476769 -1.79635 -0.0419007 0.00474024 0.999111 111.914 
0.99929 0.00101378 0.0376698 -1.26895 -0.00087307 0.999993 -0.00375045 -1.82604 -0.0376734 0.00371494 0.999283 113.148 
0.999435 0.000900101 0.0335932 -1.26426 -0.000799516 0.999995 -0.00300623 -1.85981 -0.0335958 0.00297772 0.999431 114.412 
0.999575 0.00167525 0.0291077 -1.26321 -0.00158644 0.999994 -0.00307227 -1.88552 -0.0291127 0.00302482 0.999572 115.675 
0.999703 0.0025002 0.0242377 -1.26284 -0.00242597 0.999992 -0.00308959 -1.90916 -0.0242453 0.00302991 0.999701 116.92 
0.999809 0.00259873 0.0193885 -1.26534 -0.00253469 0.999991 -0.00332471 -1.93714 -0.019397 0.00327497 0.999807 118.17 
0.999884 0.00372079 0.0147609 -1.27788 -0.00366424 0.999986 -0.00385381 -1.96314 -0.0147751 0.00379931 0.999884 119.421 
0.999921 0.00560682 0.0112491 -1.28684 -0.00556312 0.999977 -0.00390847 -1.98875 -0.0112707 0.00384562 0.999929 120.667 
0.999929 0.00749632 0.00924358 -1.31391 -0.00746083 0.999965 -0.00386252 -2.01185 -0.00927225 0.00379332 0.99995 121.958 
0.999926 0.00878314 0.00843106 -1.33745 -0.0087465 0.999952 -0.00436797 -2.03251 -0.00846906 0.00429394 0.999955 123.204 
0.99991 0.0109455 0.00780353 -1.35737 -0.0109127 0.999932 -0.00422976 -2.05949 -0.00784933 0.00414427 0.999961 124.47 
0.999901 0.0122716 0.00682455 -1.36894 -0.012249 0.999919 -0.00333575 -2.08356 -0.00686498 0.00325187 0.999971 125.725 
0.9999 0.0125477 0.00648684 -1.38822 -0.012529 0.999917 -0.00289972 -2.11018 -0.00652273 0.0028182 0.999975 126.989 
0.999854 0.0162427 0.00532547 -1.40829 -0.0162371 0.999868 -0.00108227 -2.12982 -0.00534239 0.000995683 0.999985 128.253 
0.999848 0.0167638 0.00484769 -1.43234 -0.0167735 0.999857 0.00197272 -2.14475 -0.00481397 -0.00205369 0.999986 129.531 
0.999865 0.0158486 0.00426414 -1.45413 -0.0158557 0.999873 0.00165018 -2.16283 -0.00423749 -0.00171753 0.99999 130.799 
0.999869 0.0157259 0.00378048 -1.47251 -0.0157265 0.999876 0.000114073 -2.18038 -0.00377826 -0.00017347 0.999993 132.083 
0.999908 0.0131073 0.00337935 -1.50241 -0.0131111 0.999913 0.0010921 -2.19982 -0.00336479 -0.00113627 0.999994 133.382 
0.999937 0.0108994 0.00278919 -1.53506 -0.0109079 0.999936 0.00304902 -2.21797 -0.00275582 -0.00307921 0.999992 134.686 
0.999971 0.00737112 0.00211177 -1.54796 -0.00738122 0.999961 0.00483602 -2.23075 -0.00207608 -0.00485142 0.999986 135.973 
0.999985 0.00524426 0.00154921 -1.56473 -0.00525321 0.999969 0.00585577 -2.24448 -0.00151849 -0.00586378 0.999982 137.241 
0.999997 0.00110671 0.00204253 -1.58657 -0.00111464 0.999992 0.00390719 -2.2589 -0.00203823 -0.00390941 0.99999 138.515 
0.999997 -0.00175354 0.00198643 -1.60502 0.00174825 0.999995 0.00268251 -2.27153 -0.00199116 -0.00267899 0.999994 139.789 
0.999993 -0.00317251 0.00216539 -1.62197 0.00316706 0.999992 0.00253208 -2.28973 -0.00217345 -0.00252516 0.999994 141.057 
0.999992 -0.00304626 0.00264412 -1.6429 0.00303874 0.999991 0.00285646 -2.3078 -0.00265284 -0.00284836 0.999992 142.337 
0.999993 -0.00229927 0.00312833 -1.66437 0.00228447 0.999986 0.0047396 -2.32378 -0.00313922 -0.00473238 0.999984 143.624 
0.999992 -0.000389054 0.00405487 -1.68653 0.000364339 0.999981 0.00610456 -2.33829 -0.00405721 -0.00610299 0.999973 144.922 
0.999988 -0.000169838 0.00498146 -1.71806 0.000147303 0.99999 0.00453221 -2.36333 -0.00498222 -0.00453138 0.999977 146.232 
0.999985 0.000135292 0.00548147 -1.73463 -0.000148723 0.999997 0.00245753 -2.37643 -0.00548116 -0.00245827 0.999982 147.514 
0.999981 0.000186848 0.00611085 -1.75577 -0.000186977 1 2.75909e-05 -2.39822 -0.00611088 -2.8691e-05 0.999981 148.804 
0.999979 -0.000976766 0.00646857 -1.77061 0.00100353 0.999991 -0.00412902 -2.41975 -0.00646452 0.00413547 0.999971 150.098 
0.999976 -0.000879125 0.00690988 -1.78832 0.000933151 0.999969 -0.00781305 -2.44782 -0.00690284 0.00781935 0.999946 151.388 
0.999974 -0.00095068 0.00709249 -1.80302 0.00101479 0.999959 -0.00903482 -2.47693 -0.00708365 0.00904183 0.999934 152.677 
0.999973 -0.00122852 0.00722002 -1.82281 0.0012928 0.99996 -0.00889967 -2.51083 -0.00720884 0.00890881 0.999934 153.954 
0.999975 -0.00100883 0.00694388 -1.83978 0.00106753 0.999964 -0.00844827 -2.54529 -0.00693515 0.00845552 0.99994 155.245 
0.999977 -0.000195107 0.00672406 -1.85421 0.00024714 0.99997 -0.00773199 -2.57685 -0.00672239 0.00773351 0.999948 156.532 
0.999979 0.000178277 0.00653479 -1.87088 -0.000130868 0.999974 -0.00724808 -2.60869 -0.00653595 0.00724711 0.999952 157.815 
0.999981 0.000460896 0.0060842 -1.89014 -0.000415484 0.999972 -0.00745599 -2.64687 -0.00608751 0.00745337 0.999954 159.074 
0.999988 0.000552135 0.00495678 -1.89931 -0.000515427 0.999973 -0.00739538 -2.67682 -0.00496077 0.00739278 0.99996 160.357 
0.999992 -7.70652e-05 0.00413095 -1.91675 0.000102329 0.999981 -0.00610564 -2.71185 -0.00413044 0.00610605 0.999973 161.665 
0.999993 0.000732143 0.00373523 -1.94412 -0.000710245 0.999983 -0.00584901 -2.74434 -0.00373949 0.00584635 0.999976 162.933 
0.999994 0.000927943 0.0032052 -1.96827 -0.000906761 0.999978 -0.00659039 -2.7817 -0.00321128 0.00658749 0.999973 164.214 
0.999995 0.00142533 0.00283522 -1.99528 -0.0014036 0.99997 -0.007635 -2.81568 -0.00284606 0.00763102 0.999967 165.491 
0.999996 0.00213413 0.00181976 -2.01097 -0.00211992 0.999968 -0.00774883 -2.84815 -0.00183628 0.00774499 0.999968 166.767 
0.999998 0.00159518 0.000987939 -2.03485 -0.00158667 0.999963 -0.00851334 -2.88579 -0.00100152 0.0085118 0.999963 168.031 
0.999998 0.0019066 0.000261171 -2.05992 -0.00190398 0.999952 -0.00956986 -2.91911 -0.000279446 0.00956939 0.999954 169.313 
0.999999 0.00171469 -0.000136674 -2.1008 -0.00171581 0.999958 -0.00898507 -2.95915 0.000121219 0.00898533 0.99996 170.584 
0.999998 0.00181166 -0.000913328 -2.12628 -0.00181848 0.99997 -0.00757677 -2.99623 0.000899532 0.00757845 0.999971 171.86 
0.999997 0.00171281 -0.00156733 -2.15413 -0.00172414 0.999972 -0.00728104 -3.02913 0.00155477 0.00728377 0.999972 173.143 
0.999996 0.00120429 -0.00255065 -2.17789 -0.00122151 0.999976 -0.00677943 -3.06062 0.00254238 0.00678256 0.999974 174.395 
0.999993 0.0019979 -0.00315107 -2.21238 -0.00201885 0.999976 -0.00667142 -3.0905 0.00313762 0.00667777 0.999973 175.688 
0.999993 0.0017304 -0.00336534 -2.24835 -0.00175489 0.999972 -0.00729957 -3.12771 0.00335257 0.00730546 0.999968 176.963 
0.999988 0.00292604 -0.00387168 -2.28034 -0.00295624 0.999965 -0.00782926 -3.15935 0.00384859 0.00784066 0.999962 178.242 
0.999988 0.00267213 -0.00414344 -2.31712 -0.00270316 0.999968 -0.00751152 -3.1928 0.0041232 0.00752267 0.999963 179.528 
0.999987 0.00282645 -0.00424121 -2.34719 -0.0028636 0.999957 -0.00879031 -3.22313 0.00421614 0.00880238 0.999952 180.819 
0.999989 0.00134322 -0.00448277 -2.37275 -0.00138953 0.999945 -0.0103529 -3.25774 0.00446858 0.0103591 0.999936 182.104 
0.999987 -0.000719142 -0.0050621 -2.38889 0.000668083 0.999949 -0.0100893 -3.28881 0.00506905 0.0100859 0.999936 183.394 
0.999985 -0.000646613 -0.00540292 -2.42125 0.000611478 0.999979 -0.00650988 -3.32067 0.00540697 0.00650653 0.999964 184.661 
0.999984 -0.00145111 -0.00543072 -2.4554 0.00143991 0.999997 -0.00207306 -3.35315 0.00543367 0.00206525 0.999983 185.928 
0.999985 -0.000506067 -0.00553423 -2.48215 0.000491034 0.999996 -0.00272515 -3.38007 0.00553554 0.00272243 0.999981 187.186 
0.999986 0.00157183 -0.00507889 -2.51768 -0.00160235 0.999981 -0.0060203 -3.40533 0.00506929 0.00602839 0.999969 188.427 
0.999984 0.00175642 -0.00544393 -2.55505 -0.00180116 0.999965 -0.00823316 -3.43505 0.00542924 0.00824287 0.999951 189.662 
0.999984 0.000844741 -0.00553283 -2.58555 -0.00088798 0.999969 -0.00782495 -3.47144 0.005526 0.00782978 0.999954 190.913 
0.999987 0.000940131 -0.00501123 -2.62295 -0.000973449 0.999977 -0.00665889 -3.5035 0.00500481 0.00666372 0.999965 192.151 
0.99999 0.00174996 -0.00407669 -2.65792 -0.00176922 0.999987 -0.00473648 -3.5328 0.00406831 0.00474369 0.999981 193.404 
0.999995 0.000809606 -0.00293684 -2.68574 -0.000820956 0.999992 -0.00387994 -3.56408 0.00293363 0.00388238 0.999988 194.632 
0.999999 0.000831661 -0.0015276 -2.71368 -0.000838385 0.99999 -0.00443413 -3.59379 0.00152386 0.00443545 0.999989 195.877 
1 -0.000243797 -3.56468e-05 -2.73959 0.000243624 0.999982 -0.00592097 -3.62477 3.70475e-05 0.00592101 0.999983 197.114 
0.999999 -0.000506362 0.00120736 -2.75677 0.000515289 0.999973 -0.0073696 -3.65879 -0.00120364 0.00737025 0.999972 198.353 
0.999995 -0.00120221 0.00285243 -2.7843 0.00122437 0.999969 -0.00776419 -3.69516 -0.00284305 0.00776769 0.999966 199.583 
0.99999 -0.000663483 0.00452851 -2.80725 0.000695676 0.999975 -0.00710172 -3.72746 -0.00452373 0.00710484 0.999965 200.809 
0.999983 -0.000680095 0.00585805 -2.82522 0.000709514 0.999987 -0.0050142 -3.76791 -0.00585461 0.00501831 0.99997 202.034 
0.999977 0.000237417 0.00676587 -2.83778 -0.0002063 0.999989 -0.00459323 -3.79582 -0.00676693 0.00459177 0.999967 203.245 
0.99997 -0.000140783 0.00772352 -2.85216 0.000177692 0.999989 -0.00477278 -3.82329 -0.00772281 0.00477405 0.999959 204.471 
0.999961 -8.60126e-05 0.00884528 -2.87037 0.000128374 0.999989 -0.0047839 -3.84953 -0.00884481 0.00478489 0.999949 205.688 
0.999953 -0.000239901 0.00973784 -2.87609 0.000285122 0.999989 -0.00463841 -3.87928 -0.00973666 0.00464101 0.999942 206.889 
0.999941 0.000337859 0.0108784 -2.89446 -0.000284409 0.999988 -0.00491067 -3.90665 -0.0108799 0.00490733 0.999929 208.085 
0.99993 6.8168e-05 0.0118264 -2.90355 -1.03824e-05 0.999988 -0.00488253 -3.93442 -0.0118266 0.00488211 0.999918 209.266 
0.999928 -0.00104505 0.0119965 -2.90153 0.00109959 0.999989 -0.00453642 -3.97139 -0.0119917 0.00454932 0.999918 210.455 
0.999928 -0.00117933 0.0119524 -2.90509 0.00122596 0.999992 -0.00389058 -3.99758 -0.0119477 0.003905 0.999921 211.623 
0.999931 -0.00170319 0.0116353 -2.91083 0.00173728 0.999994 -0.002917 -4.02705 -0.0116303 0.00293705 0.999928 212.764 
0.999937 -0.00169457 0.0110656 -2.92074 0.00172466 0.999995 -0.00270595 -4.06057 -0.011061 0.00272491 0.999935 213.876 
0.999944 -0.00134875 0.0104787 -2.92605 0.00138853 0.999992 -0.00378603 -4.08886 -0.0104736 0.00380042 0.999938 214.99 
0.999946 -0.000988963 0.0103103 -2.94451 0.00103217 0.999991 -0.00418209 -4.1239 -0.0103061 0.00419255 0.999938 216.094 
0.999954 -0.0012029 0.00951388 -2.95172 0.00124436 0.99999 -0.00434876 -4.15196 -0.00950859 0.00436044 0.999945 217.166 
0.999966 -0.00163841 0.00804873 -2.96391 0.00167376 0.999989 -0.0043829 -4.18051 -0.0080415 0.00439626 0.999958 218.233 
0.99998 -0.00168773 0.00614649 -2.97459 0.00171019 0.999992 -0.00364357 -4.20725 -0.00614034 0.00365405 0.999975 219.283 
0.999988 -0.00322529 0.00374812 -2.98243 0.00323227 0.999993 -0.00184607 -4.2392 -0.00374219 0.0018582 0.999991 220.348 
0.999996 -0.002519 0.00136489 -2.9954 0.00251945 0.999997 -0.000298215 -4.26404 -0.00136418 0.000301695 0.999999 221.394 
0.999996 -0.00235345 -0.00149754 -3.00461 0.00235306 0.999997 -0.000292125 -4.2873 0.00149819 0.000288643 0.999999 222.415 
0.999988 -0.00230336 -0.00434288 -3.01935 0.00230069 0.999997 -0.000628738 -4.3115 0.00434427 0.000618781 0.99999 223.433 
0.999972 -0.00230162 -0.00711687 -3.03954 0.00229727 0.999997 -0.000625202 -4.33093 0.00711824 0.000608878 0.999975 224.43 
0.999948 -0.00197298 -0.0100545 -3.06718 0.00197362 0.999998 4.93707e-05 -4.35561 0.0100543 -6.91694e-05 0.999949 225.39 
0.999913 -0.00160585 -0.0131091 -3.0937 0.00160543 0.999999 -4.56985e-05 -4.38238 0.0131091 2.46913e-05 0.999914 226.331 
0.999859 -0.00176326 -0.0167228 -3.10482 0.00175748 0.999998 -0.000362811 -4.40638 0.0167234 0.000333413 0.99986 227.282 
0.999785 -0.00173136 -0.0206527 -3.12964 0.00171214 0.999998 -0.000950374 -4.42817 0.0206543 0.000914853 0.999786 228.167 
0.999705 -0.000626223 -0.0242699 -3.16204 0.000597464 0.999999 -0.00119394 -4.45047 0.0242706 0.00117913 0.999705 229.039 
0.999627 -0.000218347 -0.0273276 -3.19866 0.000168604 0.999998 -0.00182408 -4.47138 0.0273279 0.00181883 0.999625 229.883 
0.999557 0.00172616 -0.0297282 -3.24224 -0.00177913 0.999997 -0.00175696 -4.49383 0.0297251 0.00180912 0.999557 230.72 
0.999546 0.00264216 -0.0300259 -3.28832 -0.00268155 0.999996 -0.00127308 -4.51308 0.0300224 0.00135306 0.999548 231.527 
0.999553 0.00288034 -0.029766 -3.32153 -0.00288425 0.999996 -9.00826e-05 -4.5329 0.0297656 0.000175938 0.999557 232.324 
0.999578 0.00315245 -0.0288723 -3.36303 -0.00313726 0.999995 0.000569908 -4.55157 0.0288739 -0.000479045 0.999583 233.091 
0.999587 0.00314004 -0.0285839 -3.3962 -0.00313068 0.999995 0.000370769 -4.57251 0.0285849 -0.000281086 0.999591 233.845 
0.999592 0.00354076 -0.0283534 -3.42432 -0.00359333 0.999992 -0.00180484 -4.58431 0.0283467 0.00190603 0.999596 234.594 
0.999607 0.00328486 -0.0278551 -3.45513 -0.00339738 0.999986 -0.00399474 -4.60077 0.0278416 0.00408785 0.999604 235.325 
0.999635 0.00332681 -0.0268303 -3.48545 -0.00346788 0.99998 -0.00521463 -4.62123 0.0268124 0.00530581 0.999626 236.058 
0.999665 0.00376125 -0.0256182 -3.51276 -0.00390919 0.999976 -0.00572898 -4.63758 0.025596 0.00582725 0.999655 236.793 
0.999707 0.00313368 -0.0239894 -3.53843 -0.00327746 0.999977 -0.00595833 -4.65354 0.0239702 0.00603525 0.999694 237.522 
0.999751 0.00301638 -0.0221315 -3.56439 -0.00314809 0.999978 -0.00592083 -4.67129 0.0221131 0.00598907 0.999738 238.25 
0.999794 0.00312775 -0.0200533 -3.59288 -0.00325089 0.999976 -0.00611345 -4.6902 0.0200337 0.00617742 0.99978 238.974 
0.999833 0.00280068 -0.0180695 -3.61381 -0.00291655 0.999975 -0.00639145 -4.70824 0.0180511 0.00644312 0.999816 239.697 
0.999876 0.00298255 -0.0154887 -3.63063 -0.00307702 0.999977 -0.00608156 -4.72526 0.0154701 0.0061285 0.999862 240.418 
0.999923 0.00184076 -0.0122732 -3.64531 -0.00190836 0.999983 -0.00550195 -4.73808 0.0122628 0.00552499 0.99991 241.142 
0.999955 0.000761372 -0.00944268 -3.66024 -0.000809486 0.999987 -0.00509715 -4.75722 0.00943863 0.0051046 0.999942 241.847 
0.999981 0.00116552 -0.00601635 -3.67778 -0.00119774 0.999985 -0.00536216 -4.77182 0.00600996 0.00536931 0.999968 242.542 
0.999996 0.000926796 -0.00281397 -3.69251 -0.0009427 0.999984 -0.00567083 -4.78726 0.00280863 0.0056735 0.99998 243.24 
1 0.000862084 0.000429233 -3.7071 -0.000859572 0.999983 -0.0057206 -4.80588 -0.0004342 0.00572027 0.999984 243.938 
0.999993 0.00163362 0.00343213 -3.71569 -0.00161023 0.999976 -0.00679319 -4.81693 -0.00344319 0.00678766 0.999971 244.64 
0.999977 0.00146673 0.00664591 -3.72348 -0.00141859 0.999973 -0.00723536 -4.8356 -0.00665638 0.0072258 0.999952 245.346 
0.999955 0.00107808 0.00946516 -3.72875 -0.00102056 0.999981 -0.0060754 -4.85608 -0.00947157 0.00606551 0.999937 246.056 
0.99993 0.000973588 0.0118102 -3.73296 -0.000904351 0.999982 -0.00586277 -4.8703 -0.0118158 0.00585172 0.999913 246.755 
0.999894 0.000888771 0.0145327 -3.73442 -0.00080135 0.999982 -0.00601719 -4.88707 -0.0145379 0.00600494 0.999876 247.464 
0.999853 0.00108801 0.0170939 -3.73678 -0.000954708 0.999969 -0.00780209 -4.90265 -0.0171019 0.00778467 0.999823 248.171 
0.999817 0.00166749 0.0190432 -3.7359 -0.00147628 0.999948 -0.010048 -4.91898 -0.019059 0.0100181 0.999768 248.883 
0.999797 0.000505054 0.020135 -3.73397 -0.000271162 0.999933 -0.0116151 -4.93622 -0.0201395 0.0116073 0.99973 249.595 
0.999795 0.000907846 0.0202381 -3.73033 -0.000661305 0.999926 -0.0121832 -4.95509 -0.0202477 0.0121674 0.999721 250.315 
0.99979 3.65387e-05 0.0205057 -3.72753 0.000219829 0.999922 -0.0124978 -4.9774 -0.0205046 0.0124997 0.999712 251.041 
0.999783 0.000909672 0.0208162 -3.72545 -0.000640591 0.999916 -0.0129275 -4.99802 -0.0208263 0.0129114 0.9997 251.779 
0.99977 0.00176739 0.0213545 -3.72425 -0.00148289 0.99991 -0.013329 -5.01943 -0.0213762 0.0132943 0.999683 252.519 
0.999761 0.000543059 0.0218735 -3.71919 -0.000214447 0.999887 -0.0150209 -5.04411 -0.0218793 0.0150126 0.999648 253.268 
0.999734 -0.00358712 0.0227651 -3.71937 0.00397545 0.999847 -0.0170342 -5.06796 -0.0227005 0.0171203 0.999596 254.003 
0.999685 -0.00669985 0.0242014 -3.72378 0.00713599 0.999813 -0.0179784 -5.08594 -0.0240765 0.0181455 0.999545 254.774 
0.999675 -0.00379099 0.0252186 -3.73335 0.00415499 0.999888 -0.0143951 -5.10008 -0.0251613 0.0144953 0.999578 255.567 
0.999659 -0.000235482 0.0261211 -3.74174 0.000449006 0.999967 -0.00816716 -5.12388 -0.0261184 0.00817614 0.999625 256.348 
0.999627 -0.000934279 0.0273099 -3.73782 0.00106457 0.999988 -0.00475495 -5.14486 -0.0273052 0.00478229 0.999616 257.132 
0.99956 -0.00159357 0.0296325 -3.72437 0.00179092 0.999976 -0.00663326 -5.16633 -0.0296213 0.00668345 0.999539 257.926 
0.99942 -0.000470535 0.0340536 -3.71715 0.000909121 0.999917 -0.0128637 -5.18197 -0.0340448 0.0128872 0.999337 258.716 
0.99928 0.0017514 0.0378906 -3.70859 -0.00112336 0.999862 -0.016589 -5.19885 -0.0379145 0.0165346 0.999144 259.52 
0.999138 0.00336115 0.0413665 -3.69392 -0.00267594 0.999859 -0.0166077 -5.2191 -0.0414165 0.0164827 0.999006 260.34 
0.998995 0.00161661 0.0447836 -3.672 -0.000968848 0.999895 -0.0144812 -5.24149 -0.0448024 0.0144233 0.998892 261.176 
0.998839 -0.00152181 0.0481451 -3.64621 0.00207218 0.999933 -0.0113827 -5.26351 -0.0481246 0.0114693 0.998776 262.02 
0.998695 -0.00389071 0.0509253 -3.61109 0.00438775 0.999944 -0.00965127 -5.28796 -0.0508849 0.00986216 0.998656 262.869 
0.998532 -0.00401183 0.0540138 -3.58014 0.00451252 0.999948 -0.00915013 -5.30967 -0.0539743 0.00938048 0.998498 263.711 
0.998389 -0.00185076 0.0567052 -3.55488 0.00247919 0.999936 -0.0110133 -5.33686 -0.0566812 0.0111362 0.99833 264.544 
0.998267 -0.00111004 0.0588436 -3.51766 0.00189639 0.99991 -0.0133084 -5.36011 -0.0588236 0.013397 0.998179 265.37 
0.998115 -0.000425419 0.06137 -3.47706 0.00126375 0.999906 -0.0136214 -5.37948 -0.0613585 0.0136733 0.998022 266.231 
0.997908 0.000270052 0.0646518 -3.44817 0.000480455 0.999933 -0.0115919 -5.40397 -0.0646507 0.0115988 0.997841 267.086 
0.997674 0.00168447 0.0681507 -3.40762 -0.00101049 0.99995 -0.00992216 -5.42985 -0.068164 0.00983026 0.997626 267.953 
0.997421 0.00212783 0.071745 -3.37521 -0.00140996 0.999949 -0.0100545 -5.45257 -0.0717627 0.00992742 0.997372 268.808 
0.997213 0.00232831 0.0745675 -3.33048 -0.00152615 0.99994 -0.010812 -5.46969 -0.0745883 0.0106681 0.997157 269.667 
0.99699 0.000810873 0.0775307 -3.28052 5.73495e-05 0.999937 -0.011195 -5.49146 -0.077535 0.0111658 0.996927 270.514 
0.996817 -0.00210898 0.0797008 -3.22783 0.00296966 0.999939 -0.0106814 -5.51298 -0.0796734 0.0108841 0.996762 271.382 
0.996715 -0.00290862 0.0809319 -3.18025 0.00379489 0.999935 -0.0107985 -5.53552 -0.0808952 0.0110702 0.996661 272.237 
0.996634 -0.00331102 0.0819158 -3.13272 0.00422643 0.999931 -0.0110037 -5.5547 -0.0818737 0.0113129 0.996579 273.091 
0.996581 -0.00313955 0.0825636 -3.07822 0.0040752 0.999929 -0.0111659 -5.57291 -0.0825228 0.0114642 0.996523 273.946 
0.996578 -0.00291478 0.0826025 -3.02367 0.00379591 0.999938 -0.0105115 -5.5961 -0.0825668 0.0107891 0.996527 274.809 
0.99661 -0.00228516 0.0822359 -2.97139 0.00314109 0.999942 -0.0102798 -5.617 -0.0822077 0.0105033 0.99656 275.678 
0.996673 -0.00241774 0.0814715 -2.92381 0.00333579 0.999932 -0.0111336 -5.64075 -0.0814391 0.0113684 0.996614 276.537 
0.996818 -0.00259205 0.0796711 -2.8698 0.00356404 0.999921 -0.0120596 -5.6667 -0.0796336 0.0123053 0.996748 277.401 
0.996927 -0.00172509 0.0783153 -2.82174 0.00273273 0.999915 -0.0127605 -5.69332 -0.0782867 0.0129354 0.996847 278.26 
0.997066 -0.000505046 0.0765469 -2.77219 0.00153242 0.99991 -0.0133628 -5.71403 -0.0765333 0.0134409 0.996976 279.119 
0.997171 0.00108122 0.0751579 -2.73097 -5.91882e-05 0.999908 -0.0135988 -5.74138 -0.0751657 0.0135559 0.997079 279.972 
0.997296 0.000800408 0.0734881 -2.70136 0.000128324 0.99992 -0.0126317 -5.78036 -0.0734924 0.012607 0.997216 280.8 
0.997482 0.000242533 0.0709223 -2.65968 0.000535404 0.99994 -0.010949 -5.80842 -0.0709208 0.0109595 0.997422 281.659 
0.997757 -0.00130884 0.0669239 -2.62321 0.00188259 0.999962 -0.00851011 -5.83383 -0.0669103 0.00861705 0.997722 282.508 
0.998049 -0.00209388 0.0624048 -2.59102 0.00253467 0.999972 -0.00698431 -5.85568 -0.0623885 0.00712889 0.998027 283.348 
0.998314 -0.00272125 0.0579772 -2.56314 0.00303935 0.999981 -0.00539833 -5.88345 -0.0579615 0.00556549 0.998303 284.186 
0.998572 -0.00284219 0.0533489 -2.53888 0.00310613 0.999983 -0.00486433 -5.90322 -0.0533342 0.00502313 0.998564 285.016 
0.998803 -0.0034492 0.0487864 -2.51403 0.00368105 0.999982 -0.00466235 -5.92055 -0.0487695 0.00483639 0.998798 285.835 
0.999015 -0.00450341 0.0441549 -2.49753 0.00469722 0.99998 -0.00428563 -5.9429 -0.0441348 0.00448885 0.999016 286.637 
0.999179 -0.00495801 0.0402035 -2.48567 0.00515516 0.999975 -0.00480053 -5.96294 -0.0401787 0.00500389 0.99918 287.422 
0.999327 -0.00469062 0.0363833 -2.47591 0.0048699 0.999976 -0.00483944 -5.9836 -0.0363598 0.00501341 0.999326 288.197 
0.999457 -0.00453574 0.0326433 -2.46716 0.00469826 0.999977 -0.0049023 -6.00426 -0.0326204 0.00505304 0.999455 288.963 
0.99957 -0.00502327 0.0288809 -2.45718 0.00516358 0.999975 -0.00478414 -6.0227 -0.0288561 0.00493125 0.999571 289.701 
0.999677 -0.00577545 0.0247357 -2.45439 0.00591166 0.999968 -0.00543541 -6.04264 -0.0247035 0.00557992 0.999679 290.421 
0.999797 -0.00431827 0.0196692 -2.44969 0.00446113 0.999964 -0.00722276 -6.05639 -0.0196374 0.00730908 0.99978 291.125 
0.999909 -0.00278865 0.0132378 -2.45857 0.00290924 0.999954 -0.00909577 -6.07536 -0.0132118 0.00913349 0.999871 291.801 
0.999987 -0.00200115 0.00477243 -2.47433 0.00205248 0.99994 -0.010766 -6.09747 -0.00475064 0.0107757 0.999931 292.489 
0.999982 -0.00197399 -0.00567167 -2.49887 0.00190698 0.999929 -0.0118031 -6.12309 0.00569452 0.0117921 0.999914 293.144 
0.999813 -0.00159396 -0.0192522 -2.53067 0.00136334 0.999927 -0.0119883 -6.14187 0.0192699 0.0119598 0.999743 293.793 
0.999355 -0.000950284 -0.0358993 -2.58441 0.000543624 0.999936 -0.011337 -6.16774 0.0359077 0.0113102 0.999291 294.435 
0.998433 0.00148827 -0.0559443 -2.64984 -0.00208714 0.999941 -0.0106486 -6.18795 0.0559251 0.0107487 0.998377 295.073 
0.996872 0.00296844 -0.0789757 -2.71559 -0.00383074 0.999935 -0.0107699 -6.20677 0.0789386 0.0110388 0.996818 295.679 
0.99449 0.00406389 -0.104751 -2.80321 -0.00524073 0.999926 -0.0109622 -6.22166 0.104698 0.0114508 0.994438 296.284 
0.991108 0.00528518 -0.132957 -2.91207 -0.00675178 0.999921 -0.0105825 -6.23708 0.132891 0.0113861 0.991065 296.888 
0.986439 0.00627541 -0.164008 -3.03027 -0.0079184 0.999925 -0.00936612 -6.2531 0.163936 0.0105378 0.986415 297.459 
0.980134 0.00587635 -0.198251 -3.17112 -0.00756227 0.999941 -0.00774811 -6.26033 0.198194 0.00909346 0.980121 298.042 
0.971999 0.00590987 -0.234909 -3.32501 -0.00752203 0.999954 -0.00596766 -6.27168 0.234863 0.0075676 0.971999 298.6 
0.961981 0.00702012 -0.273027 -3.49847 -0.008293 0.999959 -0.00350846 -6.28031 0.272991 0.00563933 0.962 299.131 
0.949691 0.00833763 -0.313076 -3.68195 -0.00902345 0.999959 -0.000741775 -6.29832 0.313057 0.00352953 0.949728 299.667 
0.935377 0.00863377 -0.353547 -3.88848 -0.00873367 0.999961 0.00131278 -6.30688 0.353544 0.00185986 0.935416 300.163 
0.918568 0.00819397 -0.395177 -4.11632 -0.0077654 0.999966 0.00268389 -6.30442 0.395186 0.000603422 0.918601 300.657 
0.898864 0.00800498 -0.438155 -4.35069 -0.00685197 0.999968 0.00421243 -6.31657 0.438174 -0.000784132 0.89889 301.134 
0.876066 0.00719873 -0.482137 -4.60874 -0.00545773 0.999973 0.00501346 -6.31857 0.482159 -0.0017607 0.876082 301.602 
0.850254 0.0061978 -0.526337 -4.88751 -0.00328298 0.999974 0.00647161 -6.32609 0.526363 -0.00377451 0.850252 302.041 
0.821308 0.00652276 -0.570448 -5.18997 -0.00208882 0.999962 0.00842657 -6.33578 0.570482 -0.00572919 0.82129 302.46 
0.788921 0.0077707 -0.614446 -5.50899 -0.00294197 0.999956 0.00886874 -6.33471 0.614488 -0.005189 0.788909 302.862 
0.753971 0.00702798 -0.656871 -5.87192 -0.00108164 0.999955 0.00945713 -6.347 0.656907 -0.00641985 0.753944 303.219 
0.714886 0.005922 -0.699216 -6.23336 0.00286827 0.999931 0.0114014 -6.34868 0.699235 -0.0101562 0.71482 303.551 
0.671695 0.00521865 -0.74081 -6.62255 0.00885038 0.999847 0.0150681 -6.35132 0.740775 -0.0166775 0.671546 303.848 
0.62364 0.00534743 -0.781694 -7.02113 0.0132106 0.999762 0.0173786 -6.34347 0.7816 -0.0211646 0.62342 304.121 
0.57335 0.00896105 -0.819262 -7.44119 0.0122959 0.999734 0.0195401 -6.34159 0.819218 -0.0212768 0.573087 304.325 
0.520686 0.0152847 -0.853612 -7.87192 0.00720566 0.999725 0.0222963 -6.33847 0.853718 -0.0177601 0.520433 304.502 
0.465094 0.0190142 -0.885057 -8.29296 0.00462584 0.999704 0.0239081 -6.33177 0.885249 -0.0152136 0.464868 304.667 
0.406754 0.0208504 -0.9133 -8.71288 0.00415351 0.999687 0.0246724 -6.32061 0.913528 -0.013829 0.40654 304.826 
0.347709 0.0226124 -0.93733 -9.1223 0.00610078 0.999633 0.0263786 -6.31028 0.937583 -0.0148905 0.347444 304.945 
0.287509 0.0256825 -0.957434 -9.53423 0.0081844 0.999538 0.0292696 -6.30181 0.957743 -0.0162512 0.287166 305.051 
0.226819 0.0294667 -0.973491 -9.95775 0.0103184 0.999413 0.0326555 -6.29682 0.973882 -0.0174517 0.226381 305.118 
0.16269 0.0327012 -0.986135 -10.3835 0.0125676 0.999301 0.0352112 -6.28768 0.986597 -0.0181218 0.162165 305.169 
0.0969903 0.0364965 -0.994616 -10.8295 0.0131079 0.999194 0.0379427 -6.27229 0.995199 -0.0167174 0.0964337 305.186 
0.0305299 0.0423739 -0.998635 -11.2905 0.0149983 0.998969 0.0428466 -6.26584 0.999421 -0.0162859 0.0298629 305.165 
-0.038013 0.0490469 -0.998073 -11.7598 0.0168956 0.998684 0.0484334 -6.24843 0.999134 -0.0150219 -0.0387916 305.124 
-0.105861 0.0555162 -0.99283 -12.2367 0.0190762 0.99837 0.053792 -6.22114 0.994198 -0.0132449 -0.106747 305.031 
-0.173613 0.0618049 -0.982873 -12.7117 0.0214458 0.998029 0.0589698 -6.20217 0.98458 -0.0108405 -0.174597 304.91 
-0.240778 0.0677926 -0.96821 -13.2007 0.0253859 0.997656 0.0635413 -6.17889 0.970248 -0.00927946 -0.241935 304.757 
-0.306225 0.0720213 -0.949231 -13.6923 0.0298985 0.99737 0.0660284 -6.15095 0.95149 -0.008161 -0.307573 304.572 
-0.368417 0.0742377 -0.926692 -14.173 0.0336855 0.997218 0.0664956 -6.12076 0.92905 -0.00671793 -0.369893 304.342 
-0.428121 0.0747368 -0.900626 -14.6525 0.0370075 0.997189 0.0651581 -6.08804 0.902964 -0.00543435 -0.429683 304.08 
-0.483979 0.0744479 -0.871907 -15.1252 0.0392014 0.997219 0.0633877 -6.05061 0.874201 -0.00350155 -0.485552 303.773 
-0.535495 0.0745614 -0.841241 -15.5949 0.0414376 0.997215 0.0620086 -6.01356 0.843521 -0.00165372 -0.537093 303.433 
-0.581708 0.074497 -0.809979 -16.0663 0.0431989 0.997221 0.060694 -5.97635 0.81225 0.000315996 -0.58331 303.055 
-0.622382 0.0749812 -0.779114 -16.5339 0.0442788 0.99718 0.0605963 -5.94078 0.78146 0.00321586 -0.623947 302.641 
-0.659237 0.0786744 -0.747808 -16.9891 0.0489239 0.996892 0.0617504 -5.90447 0.750342 0.00412243 -0.661037 302.196 
-0.695567 0.0854684 -0.71336 -17.4512 0.0572047 0.996335 0.0635942 -5.86536 0.716181 0.0034265 -0.697907 301.72 
-0.730676 0.0907072 -0.676672 -17.9111 0.063463 0.995867 0.0649672 -5.82268 0.679768 0.00452635 -0.733413 301.199 
-0.762887 0.0925286 -0.639876 -18.3442 0.0666456 0.995688 0.0645228 -5.78587 0.643087 0.00657874 -0.765765 300.639 
-0.792349 0.0889372 -0.603551 -18.7542 0.0661832 0.996009 0.0598823 -5.74583 0.606468 0.0075027 -0.795072 300.035 
-0.818748 0.0859705 -0.567681 -19.1443 0.0672466 0.99628 0.0538907 -5.70655 0.570202 0.00594829 -0.821483 299.406 
-0.843121 0.0810428 -0.531581 -19.5277 0.0658791 0.996698 0.0474644 -5.66707 0.533673 0.0049982 -0.845676 298.726 
-0.865282 0.0782567 -0.49514 -19.9097 0.0658515 0.996925 0.0424849 -5.63251 0.496942 0.00415573 -0.867774 298.011 
-0.885144 0.077035 -0.458896 -20.252 0.0654942 0.997009 0.0410394 -5.60456 0.460685 0.00627077 -0.887542 297.265 
-0.903936 0.0737312 -0.421264 -20.5916 0.063096 0.997239 0.0391511 -5.58376 0.422988 0.00881004 -0.906093 296.473 
-0.920717 0.0732813 -0.383289 -20.9016 0.0640185 0.997267 0.0368864 -5.55444 0.384945 0.00942433 -0.922891 295.652 
-0.935982 0.07567 -0.343819 -21.1978 0.06729 0.997074 0.0362584 -5.52832 0.345557 0.0108016 -0.938336 294.787 
-0.949145 0.079185 -0.304719 -21.461 0.0717812 0.996791 0.0354429 -5.50405 0.306548 0.0117673 -0.951783 293.896 
-0.960422 0.0801926 -0.266755 -21.6827 0.0730853 0.996658 0.0364826 -5.4794 0.268789 0.0155429 -0.963074 292.976 
-0.969788 0.0830854 -0.229366 -21.8782 0.0766972 0.996381 0.0366434 -5.45665 0.231581 0.0179446 -0.97265 292.017 
-0.977716 0.0825631 -0.193015 -22.0406 0.0771938 0.996395 0.0351885 -5.43266 0.195224 0.0195049 -0.980565 291.04 
-0.983938 0.081211 -0.15897 -22.1661 0.0772776 0.996534 0.0307808 -5.40898 0.160919 0.0180016 -0.986804 290.043 
