1 2.12261e-08 -2.11895e-08 0 2.12261e-08 1 2.10703e-08 0 -2.11895e-08 2.10703e-08 1 0 
0.999978 0.000577659 -0.00654759 -0.00797193 -0.000575967 1 0.000253802 -0.000265512 0.00654769 -0.000249983 0.999979 0.0961731 
0.999905 0.000921086 -0.0137712 -0.016542 -0.000918174 1 0.000214735 -0.0017664 0.0137713 -0.000202028 0.999905 0.192864 
0.999774 0.00129096 -0.0212351 -0.0304692 -0.00130205 0.999999 -0.000510204 -0.00223443 0.0212344 0.00053778 0.999774 0.296152 
0.999526 0.00181169 -0.0307468 -0.0418341 -0.0018652 0.999997 -0.0017132 -0.00534672 0.0307435 0.00176978 0.999526 0.404428 
0.999111 0.00182961 -0.0421111 -0.0632018 -0.00197338 0.999992 -0.00337376 -0.0040223 0.0421046 0.00345391 0.999107 0.521856 
0.998441 0.00194593 -0.0557867 -0.085609 -0.00218652 0.999989 -0.00425268 -0.00491336 0.0557777 0.00436807 0.998434 0.654306 
0.997385 0.00193203 -0.0722437 -0.111888 -0.00224505 0.999988 -0.00425245 -0.00495315 0.0722346 0.00440356 0.997378 0.798354 
0.995866 0.000401647 -0.0908392 -0.14758 -0.000786387 0.999991 -0.00420008 -0.0061942 0.0908367 0.00425419 0.995857 0.956999 
0.99383 -0.000805604 -0.11091 -0.183892 0.000326049 0.999991 -0.00434225 -0.00816937 0.110912 0.00427934 0.993821 1.12213 
0.991069 -0.000997514 -0.133345 -0.229873 0.00036941 0.999989 -0.00473532 -0.0115638 0.133348 0.00464381 0.991058 1.29867 
0.98753 0.00257656 -0.157408 -0.292451 -0.00358104 0.999975 -0.00609833 -0.0176371 0.157388 0.00658602 0.987515 1.47413 
0.983125 0.00678692 -0.182809 -0.36343 -0.00833659 0.999936 -0.00770999 -0.0225139 0.182745 0.00910394 0.983118 1.65701 
0.977693 0.00978302 -0.209812 -0.442539 -0.0118156 0.999895 -0.0084366 -0.0308462 0.209707 0.0107275 0.977705 1.84758 
0.97085 0.0104506 -0.239461 -0.521647 -0.0128611 0.999881 -0.00850644 -0.035871 0.239343 0.0113383 0.970869 2.04615 
0.962745 0.0124312 -0.270126 -0.619858 -0.0151588 0.999853 -0.00801384 -0.0388369 0.269987 0.0118101 0.962792 2.25239 
0.953132 0.0140128 -0.30223 -0.722988 -0.0170067 0.999829 -0.00727673 -0.0378013 0.302077 0.0120757 0.953207 2.46019 
0.941723 0.0161463 -0.336001 -0.836178 -0.0193013 0.999795 -0.0060519 -0.04068 0.335834 0.0121845 0.941842 2.66855 
0.929022 0.0182384 -0.369575 -0.955912 -0.0219091 0.999744 -0.00573739 -0.0408014 0.369375 0.0134273 0.929183 2.87043 
0.914769 0.0210564 -0.403428 -1.08025 -0.02524 0.999669 -0.00505511 -0.0420752 0.403188 0.0148069 0.914997 3.07224 
0.898356 0.0212264 -0.438755 -1.21417 -0.0258796 0.999654 -0.00462676 -0.0382161 0.438505 0.0155113 0.898595 3.27633 
0.879495 0.0163208 -0.475627 -1.35504 -0.0214697 0.999755 -0.00539451 -0.0367298 0.475423 0.0149561 0.87963 3.48252 
0.857739 0.0113931 -0.513959 -1.51029 -0.0167518 0.999843 -0.00579299 -0.0369346 0.513812 0.0135787 0.857795 3.6929 
0.832044 0.0129535 -0.554558 -1.67952 -0.0173306 0.999846 -0.00264773 -0.0402712 0.554439 0.0118139 0.832141 3.89372 
0.80238 0.0184574 -0.596529 -1.87511 -0.0220933 0.999755 0.00121656 -0.0465414 0.596405 0.0122032 0.802591 4.0786 
0.768865 0.0214348 -0.639052 -2.07938 -0.025282 0.999676 0.00311302 -0.0513259 0.638911 0.0137631 0.769157 4.26199 
0.732004 0.020345 -0.680996 -2.30007 -0.0244181 0.999695 0.00361913 -0.0489706 0.680862 0.0139795 0.732278 4.44252 
0.691236 0.0162064 -0.722448 -2.531 -0.0184078 0.999819 0.00481596 -0.0483072 0.722395 0.00996976 0.691409 4.62375 
0.647678 0.0126761 -0.761809 -2.78471 -0.0131243 0.999899 0.00547975 -0.0469107 0.761801 0.00644912 0.647779 4.79462 
0.602023 0.0123418 -0.798384 -3.06001 -0.0103748 0.999917 0.00763402 -0.0468134 0.798411 0.00368726 0.602101 4.95201 
0.553412 0.0129966 -0.832806 -3.35359 -0.00791812 0.999915 0.0103427 -0.044329 0.83287 0.000870547 0.553468 5.09339 
0.502162 0.0136796 -0.864665 -3.66454 -0.00674656 0.999906 0.0119011 -0.0385844 0.864747 -0.000142724 0.502208 5.21361 
0.449464 0.0152836 -0.893168 -3.98976 -0.00613245 0.999883 0.0140237 -0.0339606 0.893278 -0.000825775 0.449505 5.31087 
0.394806 0.0172163 -0.918603 -4.33692 -0.00534865 0.999851 0.0164402 -0.0269528 0.918749 -0.00157736 0.394839 5.40226 
0.339254 0.0192182 -0.940499 -4.70029 -0.00487963 0.999814 0.01867 -0.0219607 0.940682 -0.00174455 0.339284 5.47845 
0.284209 0.0222185 -0.958505 -5.08793 -0.00331604 0.999748 0.0221913 -0.0170463 0.958757 -0.00312846 0.284211 5.53893 
0.230398 0.0241233 -0.972797 -5.48757 0.000843559 0.999687 0.0249899 -0.0147379 0.973096 -0.00657821 0.230306 5.59281 
0.179289 0.0246728 -0.983487 -5.89463 0.00353193 0.999663 0.0257224 -0.0128763 0.98379 -0.00808531 0.179141 5.62303 
0.131723 0.0255164 -0.990958 -6.31979 0.00126201 0.999664 0.0259083 -0.00583841 0.991286 -0.00466326 0.131646 5.63019 
0.0892453 0.0257019 -0.995678 -6.76052 -0.000460596 0.999668 0.0257636 0.00350511 0.99601 -0.00184063 0.0892275 5.62529 
0.0513522 0.0241332 -0.998389 -7.21946 -0.0021463 0.999708 0.0240547 0.0159504 0.998678 0.000907618 0.051389 5.60831 
0.0166072 0.0213375 -0.999634 -7.68691 -0.00146805 0.999772 0.021316 0.025038 0.999861 0.00111356 0.0166347 5.58702 
-0.0149963 0.0185542 -0.999715 -8.17435 -0.00096825 0.999827 0.0185708 0.0325401 0.999887 0.00124651 -0.0149758 5.54927 
-0.0416806 0.0167256 -0.998991 -8.67304 -0.00153166 0.999858 0.016804 0.0362358 0.99913 0.00223056 -0.0416491 5.50192 
-0.0625912 0.0143555 -0.997936 -9.18354 -0.00186303 0.999893 0.0145005 0.0431512 0.998038 0.00276683 -0.0625578 5.443 
-0.0792323 0.013544 -0.996764 -9.7111 -0.000847059 0.999906 0.013654 0.0526231 0.996856 0.0019262 -0.0792134 5.38365 
-0.0924295 0.0142223 -0.995618 -10.2467 -0.000389554 0.999897 0.0143196 0.052447 0.995719 0.00171144 -0.0924145 5.32071 
-0.102171 0.0151972 -0.994651 -10.8027 -0.00146606 0.99988 0.0154277 0.0557564 0.994766 0.00303451 -0.102136 5.24698 
-0.108816 0.016441 -0.993926 -11.3781 -0.00315242 0.999853 0.0168841 0.0559564 0.994057 0.00497058 -0.108748 5.15978 
-0.113506 0.017399 -0.993385 -11.9662 -0.00248331 0.999839 0.0177958 0.0609943 0.993534 0.00448686 -0.113445 5.07938 
-0.114949 0.0181289 -0.993206 -12.5706 -0.000187728 0.999833 0.0182716 0.0695424 0.993371 0.0022868 -0.114927 4.99909 
-0.114171 0.020311 -0.993253 -13.1928 0.00183843 0.999794 0.0202334 0.0780538 0.993459 0.00048409 -0.114185 4.92079 
-0.112943 0.0227134 -0.993342 -13.8322 0.00144048 0.999741 0.0226959 0.0833596 0.993601 0.00113249 -0.112946 4.83838 
-0.111469 0.0223699 -0.993516 -14.4851 -0.000693001 0.999745 0.0225879 0.0902844 0.993768 0.0032064 -0.111425 4.75434 
-0.11006 0.0196666 -0.99373 -15.1487 -0.00247949 0.999796 0.0200612 0.09815 0.993922 0.00467193 -0.109989 4.66924 
-0.108838 0.0193916 -0.99387 -15.8352 -0.00267229 0.9998 0.0197999 0.110573 0.994056 0.00481092 -0.108764 4.58079 
-0.107429 0.0218898 -0.993972 -16.5342 -0.00206119 0.999751 0.0222398 0.125823 0.994211 0.004438 -0.107357 4.4985 
-0.105615 0.0253184 -0.994085 -17.2496 -0.00275096 0.999665 0.0257528 0.135263 0.994403 0.0054546 -0.10551 4.41072 
-0.103826 0.0275493 -0.994214 -17.988 -0.00310042 0.999603 0.0280224 0.14163 0.994591 0.00599197 -0.103699 4.31547 
-0.102324 0.0266932 -0.994393 -18.7287 -0.00458975 0.999617 0.0273058 0.154583 0.994741 0.00735809 -0.102162 4.22839 
-0.100545 0.0235329 -0.994654 -19.4821 -0.00684624 0.99968 0.0243439 0.16782 0.994909 0.00925734 -0.100352 4.13443 
-0.0991309 0.0229222 -0.99481 -20.2511 -0.00771096 0.999687 0.0238029 0.179129 0.995045 0.0100306 -0.0989231 4.04092 
-0.0977312 0.0251815 -0.994894 -21.0363 -0.00483711 0.999656 0.0257772 0.193617 0.995201 0.0073317 -0.0975758 3.95382 
-0.0967335 0.0276087 -0.994927 -21.8276 -0.00253749 0.999605 0.0279852 0.200025 0.995307 0.00523177 -0.0966252 3.86891 
-0.0956452 0.0292931 -0.994984 -22.6268 -0.00144076 0.999562 0.0295663 0.210761 0.995414 0.00426145 -0.0955611 3.78026 
-0.0951616 0.02463 -0.995157 -23.4273 -0.00091222 0.999691 0.0248295 0.220159 0.995461 0.00327066 -0.0951097 3.69115 
-0.0948637 0.0176567 -0.995334 -24.2329 0.000860604 0.999844 0.0176547 0.225627 0.99549 0.000818243 -0.0948641 3.60093 
-0.0950716 0.0133714 -0.995381 -25.0535 0.00412942 0.999907 0.0130378 0.229578 0.995462 -0.00287078 -0.0951179 3.51238 
-0.0955554 0.0139886 -0.995326 -25.8835 0.00532355 0.999894 0.0135418 0.239093 0.99541 -0.00400463 -0.0956198 3.41852 
-0.0961039 0.0215341 -0.995138 -26.7221 0.00537496 0.999763 0.0211151 0.238766 0.995357 -0.00331955 -0.0961969 3.32734 
-0.0964462 0.0284755 -0.994931 -27.5643 0.00408594 0.999594 0.0282128 0.24572 0.99533 -0.00134417 -0.0965234 3.22979 
-0.0970001 0.0336051 -0.994717 -28.4075 0.00222091 0.999435 0.0335479 0.255725 0.995282 0.00104501 -0.0970199 3.13075 
-0.0975 0.0339488 -0.994656 -29.2479 0.000530237 0.99942 0.0340594 0.264721 0.995235 0.00279342 -0.0974614 3.03196 
-0.0981521 0.0303189 -0.99471 -30.0845 0.000662764 0.999538 0.0304007 0.277899 0.995171 0.00232467 -0.0981268 2.93772 
-0.0985836 0.0276169 -0.994746 -30.9192 0.000348842 0.999616 0.0277175 0.290576 0.995129 0.00238553 -0.0985554 2.83996 
-0.0987768 0.0286923 -0.994696 -31.7568 -0.000744253 0.999582 0.0289071 0.304346 0.995109 0.0035957 -0.0987142 2.73949 
-0.0987202 0.0308896 -0.994636 -32.5937 -0.00109388 0.999514 0.0311497 0.31471 0.995115 0.00416315 -0.0986384 2.63976 
-0.0987485 0.0290591 -0.994688 -33.4258 -0.00161552 0.999568 0.0293621 0.323845 0.995111 0.00450644 -0.0986589 2.54434 
-0.0980948 0.0239049 -0.99489 -34.2578 -0.00254567 0.999702 0.0242715 0.331312 0.995174 0.00491361 -0.0980047 2.43924 
-0.0981456 0.0198204 -0.994975 -35.0911 -0.00391497 0.999786 0.0203024 0.334874 0.995164 0.00588793 -0.098047 2.33674 
-0.0975956 0.0206528 -0.995012 -35.9316 -0.00320073 0.999773 0.0210656 0.340618 0.995221 0.00524071 -0.0975074 2.23137 
-0.0971352 0.0231302 -0.995002 -36.7693 -0.0017868 0.999724 0.0234144 0.345946 0.99527 0.00405227 -0.0970671 2.13299 
-0.0964082 0.0279358 -0.99495 -37.6081 -0.00196609 0.999599 0.0282569 0.350296 0.99534 0.0046804 -0.0963146 2.02663 
-0.0958395 0.0335079 -0.994833 -38.4535 -0.000939105 0.99943 0.0337532 0.360109 0.995396 0.00416918 -0.0957534 1.92571 
-0.096155 0.0365554 -0.994695 -39.2945 -0.00098292 0.999321 0.0368204 0.373105 0.995366 0.00451821 -0.0960539 1.83037 
-0.0958115 0.0363722 -0.994735 -40.1255 -0.000580683 0.99933 0.0365962 0.387831 0.995399 0.004084 -0.0957261 1.73368 
-0.0959844 0.0319411 -0.99487 -40.9482 -0.00035361 0.999484 0.0321234 0.401764 0.995383 0.00343518 -0.0959235 1.63954 
-0.0956003 0.0275874 -0.995037 -41.7789 -0.00134301 0.999611 0.0278433 0.410176 0.995419 0.00399821 -0.0955261 1.54122 
-0.0956875 0.0247093 -0.995105 -42.6112 -0.00502461 0.999667 0.0253058 0.419881 0.995399 0.0074215 -0.0955315 1.43965 
-0.0962191 0.0226621 -0.995102 -43.4413 -0.00847948 0.999686 0.0235864 0.429287 0.995324 0.0107074 -0.0959967 1.33575 
-0.0973553 0.0208938 -0.99503 -44.2766 -0.00598797 0.999749 0.0215787 0.431904 0.995232 0.00805905 -0.0972057 1.2442 
-0.0985678 0.0173656 -0.994979 -45.1022 -0.00239095 0.999841 0.0176873 0.43509 0.995128 0.00412239 -0.0985106 1.15043 
-0.0996715 0.0159054 -0.994893 -45.9225 0.00172718 0.999874 0.015812 0.440354 0.995019 -0.00014231 -0.0996864 1.06133 
-0.101659 0.0192837 -0.994632 -46.7462 0.00202604 0.999814 0.019177 0.442442 0.994817 -6.56111e-05 -0.101679 0.960278 
-0.103721 0.0258578 -0.99427 -47.5748 0.00460579 0.999664 0.0255176 0.440154 0.994596 -0.00193264 -0.103806 0.866948 
-0.106054 0.0294292 -0.993925 -48.3933 0.00656713 0.999561 0.0288953 0.447549 0.994339 -0.00346274 -0.1062 0.771835 
-0.107533 0.0285528 -0.993792 -49.1986 0.00658537 0.999586 0.0280068 0.453243 0.99418 -0.00353281 -0.107676 0.669796 
-0.108705 0.0247159 -0.993767 -50.0011 0.00338134 0.999694 0.0244934 0.454653 0.994068 -0.000697665 -0.108755 0.560416 
-0.10998 0.0209453 -0.993713 -50.7934 -0.00122436 0.999774 0.0212086 0.459823 0.993933 0.00354922 -0.10993 0.448678 
-0.111661 0.0191984 -0.993561 -51.5892 -0.00520362 0.999788 0.0199036 0.465454 0.993733 0.00739261 -0.111538 0.339343 
-0.112819 0.0202174 -0.99341 -52.3851 -0.00672666 0.999755 0.0211104 0.467707 0.993593 0.00906402 -0.112655 0.22845 
-0.113922 0.021801 -0.99325 -53.1699 -0.00671375 0.99972 0.0227131 0.468959 0.993467 0.00925599 -0.113744 0.122858 
-0.114997 0.0211447 -0.993141 -53.9473 -0.0083739 0.999717 0.0222543 0.471609 0.993331 0.0108757 -0.114788 0.0168512 
-0.115656 0.0209317 -0.993069 -54.7232 -0.00904152 0.999714 0.0221248 0.473494 0.993248 0.0115378 -0.115434 -0.0912531 
-0.116325 0.0229218 -0.992947 -55.5012 -0.00748585 0.999685 0.0239543 0.475589 0.993183 0.0102196 -0.116117 -0.195049 
-0.11662 0.0257097 -0.992844 -56.2732 -0.00638564 0.999625 0.0266354 0.482124 0.993156 0.00944621 -0.116412 -0.299602 
-0.117337 0.0297139 -0.992648 -57.05 -0.00644615 0.999508 0.0306813 0.492902 0.993071 0.00999883 -0.117087 -0.397904 
-0.11798 0.0317132 -0.99251 -57.8157 -0.0060104 0.999449 0.0326494 0.500618 0.992998 0.00981739 -0.117724 -0.505243 
-0.118909 0.031876 -0.992393 -58.5672 -0.00573882 0.999446 0.0327902 0.508219 0.992889 0.00959425 -0.11866 -0.606894 
-0.119373 0.0300134 -0.992396 -59.3157 -0.00492601 0.999513 0.0308212 0.51426 0.992837 0.00856782 -0.119167 -0.711747 
-0.120003 0.0265622 -0.992418 -60.0579 -0.00434228 0.999618 0.02728 0.519722 0.992764 0.00758308 -0.119842 -0.809369 
-0.120261 0.0234636 -0.992465 -60.7792 -0.00440303 0.999698 0.0241682 0.52796 0.992733 0.00727637 -0.120121 -0.908203 
-0.11888 0.0210847 -0.992685 -61.4959 -0.00503214 0.999749 0.0218374 0.531032 0.992896 0.00759139 -0.118744 -1.01673 
-0.116862 0.0202901 -0.992941 -62.1942 -0.00707352 0.999749 0.0212617 0.532395 0.993123 0.0095083 -0.116689 -1.11278 
-0.113175 0.0210554 -0.993352 -62.8711 -0.00720618 0.999732 0.0220116 0.534149 0.993549 0.00964947 -0.112993 -1.20025 
-0.10744 0.0225765 -0.993955 -63.5398 -0.006211 0.999707 0.0233785 0.536089 0.994192 0.00868529 -0.107268 -1.28515 
-0.100085 0.0241386 -0.994686 -64.1984 -0.00526762 0.999679 0.0247898 0.537557 0.994965 0.00772075 -0.0999255 -1.36548 
-0.0913977 0.025383 -0.995491 -64.8312 -0.00624929 0.999641 0.0260626 0.53845 0.995795 0.00860321 -0.0912062 -1.43326 
-0.0799278 0.02683 -0.99644 -65.4487 -0.00812557 0.999587 0.0275665 0.541865 0.996768 0.0103 -0.0796767 -1.4899 
-0.0649881 0.0282789 -0.997485 -66.0544 -0.0110375 0.999517 0.0290556 0.545688 0.997825 0.012898 -0.0646446 -1.54038 
-0.0467029 0.0292875 -0.998479 -66.644 -0.0122796 0.999478 0.0298912 0.552417 0.998833 0.0136569 -0.0463189 -1.5718 
-0.0246403 0.0300477 -0.999245 -67.2092 -0.013219 0.999451 0.0303799 0.555828 0.999609 0.0139576 -0.0242296 -1.5829 
0.00077714 0.030395 -0.999538 -67.752 -0.0122825 0.999463 0.0303831 0.558566 0.999924 0.0122532 0.00115005 -1.57616 
0.0299368 0.0300743 -0.999099 -68.2677 -0.0107634 0.999499 0.0297638 0.561914 0.999494 0.00986276 0.0302455 -1.54387 
0.0642227 0.0301084 -0.997481 -68.7563 -0.00957203 0.999517 0.0295535 0.56442 0.99789 0.00764996 0.0644799 -1.49828 
0.101828 0.030401 -0.994337 -69.2279 -0.00873147 0.999522 0.0296654 0.569204 0.994764 0.00566131 0.102045 -1.42762 
0.14287 0.0299421 -0.989288 -69.6845 -0.00844262 0.999543 0.0290332 0.574368 0.989705 0.00420425 0.143058 -1.33947 
0.188155 0.0310063 -0.98165 -70.1265 -0.00722695 0.999518 0.0301855 0.576034 0.982113 0.00141483 0.188289 -1.23098 
0.236978 0.0297287 -0.97106 -70.5543 -0.00378016 0.999552 0.0296785 0.577284 0.971508 -0.00336234 0.236984 -1.09903 
0.287691 0.0251835 -0.957392 -70.9581 0.00411467 0.999613 0.0275305 0.575855 0.957714 -0.0118596 0.287476 -0.946231 
0.339714 0.0201193 -0.940313 -71.3483 0.00934652 0.99965 0.0247656 0.57653 0.940482 -0.0172018 0.339407 -0.772676 
0.392948 0.0153818 -0.919432 -71.7219 0.0144483 0.999633 0.0228985 0.582424 0.919447 -0.0222822 0.392582 -0.581217 
0.445043 0.0148199 -0.895387 -72.0927 0.0143194 0.999617 0.0236624 0.589303 0.895395 -0.0233521 0.444661 -0.372094 
0.494242 0.0136598 -0.869217 -72.4581 0.0157849 0.999571 0.0246837 0.595665 0.869181 -0.0259202 0.493815 -0.136751 
0.540302 0.00976376 -0.841415 -72.8037 0.0233172 0.999375 0.0265695 0.599056 0.841148 -0.0339749 0.539736 0.123969 
0.584993 0.00338146 -0.811032 -73.1294 0.0339049 0.999015 0.0286206 0.602474 0.81033 -0.0442408 0.584302 0.411426 
0.628669 -0.00166452 -0.777671 -73.4384 0.0352332 0.999032 0.0263442 0.605236 0.776874 -0.0439616 0.628119 0.69612 
0.671138 -0.00647631 -0.741304 -73.7393 0.0318112 0.999292 0.02007 0.609427 0.74065 -0.0370515 0.670869 0.990682 
0.712837 -0.0133133 -0.701204 -74.0233 0.0279819 0.999564 0.00946806 0.612911 0.700772 -0.0263701 0.712898 1.30532 
0.753378 -0.0159959 -0.657393 -74.2991 0.0228446 0.999737 0.00185422 0.619496 0.657191 -0.0164148 0.753545 1.64286 
0.79153 -0.0171026 -0.610892 -74.5632 0.0212629 0.999774 -0.00043963 0.620118 0.610761 -0.0126413 0.791714 2.02153 
0.826435 -0.0180448 -0.562743 -74.8011 0.0209718 0.999779 -0.00125985 0.616057 0.562641 -0.0107605 0.826631 2.41942 
0.858102 -0.0168208 -0.513204 -75.0339 0.0177098 0.999838 -0.00315909 0.616438 0.513174 -0.00637789 0.858261 2.83947 
0.885025 -0.0150652 -0.465301 -75.2526 0.0165304 0.999863 -0.000931428 0.60497 0.465251 -0.00686721 0.885152 3.29443 
0.907035 -0.00887838 -0.420962 -75.4605 0.0100004 0.99995 0.000457866 0.597734 0.420937 -0.00462504 0.907078 3.76379 
0.92531 -0.0045801 -0.379185 -75.6619 0.00462272 0.999989 -0.000798129 0.594961 0.379184 -0.0010143 0.925321 4.2585 
0.939385 0.000493962 -0.342863 -75.8488 -0.000258898 1 0.000731265 0.594173 0.342863 -0.000598125 0.939385 4.7832 
0.949868 0.00147065 -0.312647 -76.0232 -0.000596521 0.999996 0.00289141 0.589945 0.312649 -0.00255991 0.949865 5.33913 
0.957548 0.000487288 -0.288275 -76.1893 0.000876741 0.999989 0.00460245 0.5851 0.288274 -0.00465976 0.957537 5.90946 
0.963648 0.000757811 -0.267174 -76.3505 0.0010721 0.999977 0.00670304 0.583733 0.267173 -0.00674576 0.963625 6.49786 
0.968545 0.00336331 -0.248816 -76.5131 -0.00106069 0.999955 0.00938764 0.583438 0.248836 -0.00882839 0.968505 7.10215 
0.972339 0.00811516 -0.233433 -76.6744 -0.00573384 0.999924 0.0108779 0.5842 0.233504 -0.00923852 0.972312 7.72719 
0.975472 0.012111 -0.21979 -76.8353 -0.0096713 0.999879 0.0121727 0.58102 0.219911 -0.00974844 0.975471 8.36646 
0.97842 0.0107409 -0.206345 -76.9846 -0.00842764 0.999891 0.0120861 0.579766 0.206452 -0.0100862 0.978405 9.02299 
0.981227 0.0106669 -0.192562 -77.1228 -0.00852613 0.999892 0.0119423 0.57837 0.192668 -0.0100763 0.981212 9.69079 
0.983964 0.0110268 -0.178026 -77.2525 -0.00891389 0.99988 0.0126638 0.579714 0.178144 -0.0108738 0.983944 10.3763 
0.986379 0.0127182 -0.163999 -77.3772 -0.0107089 0.999857 0.0131295 0.581573 0.164143 -0.0111943 0.986373 11.0779 
0.988406 0.0132389 -0.151255 -77.4977 -0.0118182 0.999877 0.0102873 0.580423 0.151373 -0.00838044 0.988441 11.792 
0.990023 0.0135789 -0.140253 -77.6096 -0.0130074 0.999903 0.00499036 0.574823 0.140307 -0.0031162 0.990103 12.5181 
0.991355 0.0117078 -0.130681 -77.7166 -0.0119614 0.999928 -0.00115655 0.572311 0.130658 0.00270973 0.991424 13.26 
0.992405 0.0114607 -0.122483 -77.8201 -0.0117027 0.999931 -0.00125622 0.567908 0.12246 0.0026801 0.99247 14.0122 
0.993179 0.0133607 -0.115834 -77.9221 -0.012874 0.999905 0.00494814 0.560154 0.115889 -0.00342309 0.993256 14.7743 
0.993698 0.0177009 -0.110683 -78.0287 -0.0163604 0.999782 0.0130072 0.552566 0.110889 -0.0111144 0.993771 15.5403 
0.994158 0.0183343 -0.106366 -78.125 -0.0166326 0.99972 0.0168628 0.545299 0.106645 -0.0149951 0.994184 16.3113 
0.994522 0.0170542 -0.103126 -78.2132 -0.0155127 0.999756 0.0157307 0.546698 0.103369 -0.0140447 0.994544 17.0719 
0.994835 0.0171342 -0.100053 -78.3037 -0.015734 0.999767 0.0147664 0.546084 0.100283 -0.0131158 0.994873 17.8362 
0.995164 0.0156454 -0.0969715 -78.3938 -0.0140669 0.999758 0.0169403 0.547332 0.097213 -0.0154943 0.995143 18.605 
0.995431 0.0133868 -0.0945378 -78.4762 -0.0116119 0.999746 0.0192989 0.54739 0.0947721 -0.0181129 0.995334 19.3706 
0.995725 0.0111301 -0.0916903 -78.5566 -0.00922909 0.999734 0.0211309 0.545309 0.0919011 -0.0201943 0.995563 20.1371 
0.995964 0.0104445 -0.0891449 -78.6349 -0.00891171 0.999806 0.0175748 0.542611 0.0893111 -0.0167094 0.995864 20.8953 
0.996093 0.0134357 -0.0872831 -78.7206 -0.012593 0.999869 0.0101972 0.539921 0.0874086 -0.00905819 0.996131 21.6454 
0.996236 0.014046 -0.0855328 -78.8042 -0.0138784 0.9999 0.00255391 0.533671 0.0855601 -0.0013572 0.996332 22.3943 
0.996327 0.0145495 -0.0843796 -78.8812 -0.0147462 0.99989 -0.00170907 0.526901 0.0843454 0.00294712 0.996432 23.149 
0.996494 0.0160622 -0.0821114 -78.9616 -0.0161019 0.99987 0.00017747 0.512504 0.0821035 0.00114535 0.996623 23.8931 
0.996621 0.0193818 -0.0798215 -79.0416 -0.0191174 0.999809 0.0040749 0.499274 0.0798851 -0.00253511 0.996801 24.6509 
0.996698 0.0230444 -0.0778623 -79.1214 -0.0223761 0.999705 0.00944549 0.483474 0.0780569 -0.007672 0.996919 25.4137 
0.996959 0.0208906 -0.0750761 -79.195 -0.0200961 0.999734 0.0113219 0.477204 0.0752926 -0.00977867 0.997114 26.1698 
0.997083 0.0180691 -0.0741596 -79.2595 -0.0172964 0.999789 0.0110482 0.471673 0.0743435 -0.0097332 0.997185 26.9243 
0.997184 0.0164372 -0.0731771 -79.3248 -0.0156488 0.999813 0.011333 0.461676 0.0733497 -0.0101559 0.997255 27.6721 
0.99726 0.0161712 -0.0721894 -79.392 -0.015529 0.999835 0.00944784 0.456958 0.0723302 -0.00830087 0.997346 28.4185 
0.99734 0.0144594 -0.0714478 -79.4588 -0.0139016 0.999869 0.00829788 0.453229 0.0715584 -0.00728252 0.99741 29.173 
0.997375 0.0129768 -0.071232 -79.521 -0.0124096 0.999888 0.00839936 0.448294 0.0713329 -0.00749332 0.997424 29.9312 
0.997386 0.0160287 -0.0704588 -79.5956 -0.0154088 0.999838 0.00933181 0.445982 0.0705969 -0.00822169 0.997471 30.6998 
0.997387 0.0160516 -0.0704399 -79.6688 -0.0154928 0.999844 0.00847081 0.440343 0.0705648 -0.00735732 0.99748 31.4757 
0.997253 0.0155918 -0.0724168 -79.7352 -0.015023 0.999852 0.0083917 0.435949 0.0725369 -0.00728068 0.997339 32.2486 
0.997136 0.0132798 -0.0744549 -79.8075 -0.012662 0.999881 0.00876348 0.432276 0.0745624 -0.00779559 0.997186 33.0334 
0.996867 0.0149815 -0.0776622 -79.8872 -0.0143613 0.99986 0.00853731 0.429609 0.0777792 -0.00739519 0.996943 33.8178 
0.996592 0.018523 -0.0803779 -79.9764 -0.0179225 0.999806 0.00818532 0.42156 0.0805139 -0.00671681 0.996731 34.6063 
0.99638 0.018873 -0.0828955 -80.0645 -0.0186579 0.99982 0.00336803 0.413692 0.0829441 -0.00180913 0.996553 35.4016 
0.996169 0.0196129 -0.0852246 -80.1563 -0.0196996 0.999806 -0.000177217 0.407606 0.0852046 0.00185547 0.996362 36.2008 
0.996006 0.0187944 -0.0872821 -80.2447 -0.0190311 0.999817 -0.00188002 0.40196 0.0872308 0.00353362 0.996182 37.0151 
0.995789 0.0188791 -0.0897105 -80.3319 -0.0190024 0.999819 -0.000521024 0.391033 0.0896844 0.00222359 0.995968 37.8408 
0.995599 0.0172985 -0.0921059 -80.4187 -0.017325 0.99985 0.000511006 0.376662 0.0921008 0.00108702 0.995749 38.6737 
0.995442 0.0165674 -0.093919 -80.5107 -0.0164307 0.999863 0.00222746 0.369488 0.093943 -0.000674107 0.995577 39.5086 
0.995331 0.0162449 -0.0951485 -80.6086 -0.0157621 0.999859 0.00582358 0.360565 0.0952296 -0.0042966 0.995446 40.3474 
0.995243 0.0155712 -0.0961746 -80.7039 -0.0146297 0.999838 0.0104866 0.352513 0.0963223 -0.00902968 0.995309 41.1921 
0.995274 0.015908 -0.0957914 -80.7983 -0.0147678 0.999812 0.0125995 0.348595 0.0959738 -0.0111253 0.995322 42.0448 
0.995403 0.0188742 -0.0938977 -80.897 -0.0177672 0.999763 0.0126106 0.346179 0.0941134 -0.0108843 0.995502 42.9019 
0.995582 0.0189792 -0.0919567 -80.9963 -0.0180162 0.999774 0.0112912 0.342669 0.0921501 -0.00958453 0.995699 43.7614 
0.995769 0.0168837 -0.0903307 -81.0894 -0.0161348 0.999829 0.00901396 0.339286 0.0904675 -0.00751831 0.995871 44.6301 
0.996003 0.0131847 -0.0883436 -81.1827 -0.0125793 0.999894 0.00740498 0.332956 0.0884318 -0.00626404 0.996063 45.5019 
0.996179 0.0122537 -0.0864772 -81.2726 -0.0116832 0.999907 0.00709984 0.328784 0.086556 -0.00606234 0.996229 46.3707 
0.996297 0.00983568 -0.0854172 -81.3642 -0.00905177 0.999913 0.00955944 0.321383 0.0855038 -0.00875082 0.996299 47.2445 
0.996387 0.00697914 -0.0846395 -81.4468 -0.00597713 0.999909 0.0120856 0.313759 0.0847161 -0.011536 0.996338 48.1177 
0.996449 0.00612408 -0.0839757 -81.537 -0.00508981 0.999909 0.0125244 0.304313 0.0840447 -0.0120525 0.996389 48.9881 
0.996528 0.00763326 -0.0829034 -81.6258 -0.00688727 0.999933 0.00928006 0.294543 0.0829687 -0.00867682 0.996514 49.8545 
0.996576 0.0101465 -0.0820626 -81.7231 -0.00989858 0.999945 0.00342664 0.284929 0.0820928 -0.00260256 0.996621 50.7069 
0.996652 0.0118043 -0.0809078 -81.814 -0.011985 0.999927 -0.00174863 0.268947 0.0808811 0.0027125 0.99672 51.5665 
0.996648 0.0164755 -0.0801393 -81.9063 -0.0171383 0.999824 -0.00758968 0.252299 0.0800001 0.00893772 0.996755 52.4226 
0.996749 0.0164513 -0.0788676 -81.9937 -0.0171726 0.999817 -0.00847694 0.23324 0.0787136 0.00980378 0.996849 53.2709 
0.99681 0.0135947 -0.0786413 -82.0775 -0.013826 0.999902 -0.00239794 0.217589 0.0786009 0.00347764 0.9969 54.124 
0.996757 0.0129081 -0.0794305 -82.1591 -0.0124057 0.9999 0.00681377 0.199692 0.0795105 -0.00580624 0.996817 54.982 
0.996676 0.0121905 -0.0805488 -82.2434 -0.0110591 0.999834 0.0144761 0.185758 0.0807118 -0.0135372 0.996646 55.8425 
0.996511 0.0100564 -0.0828531 -82.3259 -0.00906493 0.999883 0.012334 0.177838 0.0829674 -0.0115398 0.996485 56.6845 
0.996374 0.00510072 -0.0849339 -82.4039 -0.00436451 0.999951 0.00885097 0.172106 0.0849749 -0.00844813 0.996347 57.5206 
0.996155 0.00355795 -0.0875401 -82.4909 -0.00292044 0.999968 0.007409 0.161037 0.0875637 -0.00712481 0.996133 58.3477 
0.995917 0.00583885 -0.0900812 -82.5873 -0.00541965 0.999973 0.00489699 0.148014 0.0901074 -0.00438874 0.995922 59.1732 
0.995613 0.00720998 -0.0932902 -82.686 -0.00708609 0.999974 0.00165878 0.134127 0.0932996 -0.000990392 0.995638 59.9917 
0.995219 0.0079118 -0.0973436 -82.7848 -0.00810942 0.999966 -0.00163499 0.120688 0.0973273 0.00241662 0.99525 60.806 
0.994899 0.00983912 -0.100398 -82.8883 -0.0104509 0.99993 -0.00556962 0.100231 0.100336 0.0065905 0.994932 61.6104 
0.994537 0.014688 -0.103347 -83.0017 -0.0153689 0.999865 -0.00579543 0.0828376 0.103248 0.00735215 0.994628 62.4179 
0.994115 0.0182733 -0.106778 -83.113 -0.0188172 0.999815 -0.00408783 0.0692628 0.106684 0.00607307 0.994275 63.2239 
0.993645 0.0215504 -0.110481 -83.227 -0.0215087 0.999767 0.00156882 0.0540136 0.110489 0.000817499 0.993877 64.0305 
0.993177 0.0220591 -0.11451 -83.3401 -0.0214004 0.999747 0.00697816 0.0402146 0.114635 -0.00447992 0.993398 64.8335 
0.992606 0.0212861 -0.119497 -83.4513 -0.0201603 0.99974 0.0106223 0.0288719 0.119692 -0.00813466 0.992778 65.6275 
0.991821 0.0209239 -0.125911 -83.5685 -0.0195987 0.999739 0.0117541 0.0224723 0.126124 -0.00919025 0.991972 66.4143 
0.991123 0.0192327 -0.131554 -83.6891 -0.0173542 0.999731 0.015411 0.0183182 0.131814 -0.0129911 0.991189 67.1939 
0.99023 0.019581 -0.13806 -83.8143 -0.0176644 0.99973 0.0150939 0.0123969 0.138318 -0.0125077 0.990309 67.9656 
0.989278 0.0244277 -0.143988 -83.9541 -0.0226432 0.999645 0.0140189 0.00701271 0.144279 -0.0106082 0.98948 68.7314 
0.988315 0.0266028 -0.150083 -84.0936 -0.0253698 0.999627 0.0101243 0.00358736 0.150297 -0.00619837 0.988622 69.4985 
0.987424 0.0250332 -0.156101 -84.2326 -0.0241472 0.99968 0.00756954 -0.00405284 0.15624 -0.0037049 0.987712 70.2631 
0.986527 0.0264232 -0.161451 -84.3768 -0.0257626 0.999649 0.00618416 -0.00993185 0.161558 -0.00194138 0.986861 71.0287 
0.985694 0.0280931 -0.166185 -84.5241 -0.0266192 0.999584 0.0110898 -0.0117093 0.166427 -0.00650737 0.986032 71.7942 
0.984641 0.028662 -0.172225 -84.677 -0.0264372 0.999535 0.0151981 -0.0146475 0.172581 -0.0104115 0.98494 72.5462 
0.983558 0.0279381 -0.17842 -84.8323 -0.0252402 0.99953 0.0173732 -0.0245544 0.178822 -0.0125842 0.983801 73.3011 
0.982317 0.0256018 -0.185469 -84.9901 -0.0234869 0.999632 0.0135914 -0.027959 0.185748 -0.00899491 0.982556 74.0447 
0.980776 0.0235354 -0.193712 -85.1562 -0.0227442 0.999721 0.00630771 -0.0285746 0.193806 -0.00178059 0.981038 74.7871 
0.97902 0.0208964 -0.202689 -85.3283 -0.0204383 0.999782 0.00435265 -0.0328282 0.202735 -0.000118674 0.979234 75.5279 
0.976799 0.020151 -0.21321 -85.5119 -0.0190761 0.999793 0.00709792 -0.0390203 0.213309 -0.002866 0.976981 76.2677 
0.974306 0.0203341 -0.224311 -85.7003 -0.0178125 0.999753 0.0132593 -0.0413564 0.224525 -0.00892303 0.974428 77.0036 
0.971468 0.0217751 -0.236169 -85.902 -0.01735 0.999633 0.0207993 -0.0435202 0.236535 -0.0161083 0.971489 77.735 
0.968689 0.0221695 -0.247286 -86.1115 -0.0166751 0.999566 0.0242909 -0.0470553 0.247718 -0.0194068 0.968638 78.4558 
0.965717 0.0259279 -0.258301 -86.3344 -0.0215543 0.999573 0.0197498 -0.0509058 0.258702 -0.0135052 0.965863 79.1666 
0.962488 0.0251183 -0.27016 -86.5575 -0.02312 0.999677 0.0105771 -0.050498 0.270338 -0.00393419 0.962757 79.8666 
0.959081 0.0222525 -0.282256 -86.7877 -0.0215497 0.999752 0.00559434 -0.0483083 0.282311 0.000717172 0.959323 80.5663 
0.955484 0.0208525 -0.294305 -87.0287 -0.0186163 0.999773 0.0103977 -0.0481386 0.294455 -0.00445595 0.955655 81.2759 
0.951984 0.0224175 -0.305327 -87.2842 -0.0178517 0.999683 0.0177376 -0.052495 0.305628 -0.0114353 0.952082 81.9933 
0.948131 0.0223779 -0.317092 -87.5455 -0.0159259 0.99961 0.022925 -0.0524706 0.317481 -0.0166859 0.948118 82.7079 
0.943762 0.0198553 -0.330029 -87.8059 -0.0137576 0.999689 0.0208016 -0.0483599 0.33034 -0.0150913 0.943741 83.4145 
0.93978 0.0175817 -0.341327 -88.0801 -0.012872 0.999788 0.0160584 -0.0471175 0.341537 -0.0106977 0.939808 84.1152 
0.936513 0.0131926 -0.350385 -88.3617 -0.0105306 0.999899 0.00950155 -0.0544435 0.350475 -0.00520851 0.936558 84.8128 
0.933591 0.00919636 -0.358221 -88.642 -0.00865532 0.999958 0.00311373 -0.0524529 0.358235 0.000193616 0.933632 85.5072 
0.930694 0.00909579 -0.365687 -88.9328 -0.0092869 0.999956 0.0012363 -0.0597974 0.365682 0.00224553 0.930737 86.2049 
0.927726 0.0143684 -0.372985 -89.2454 -0.0150838 0.999886 0.00100035 -0.0677728 0.372957 0.00469803 0.927837 86.8918 
0.924464 0.0139526 -0.381014 -89.5522 -0.0139309 0.999899 0.00281494 -0.074601 0.381014 0.0027056 0.924565 87.5937 
0.92111 0.0147591 -0.389022 -89.864 -0.0120431 0.999883 0.00941938 -0.0787051 0.389116 -0.00399122 0.92118 88.2971 
0.918209 0.0166792 -0.395746 -90.187 -0.0106766 0.999792 0.0173656 -0.0789585 0.395953 -0.01172 0.918196 89.0049 
0.915469 0.0264896 -0.401517 -90.5216 -0.0183427 0.999541 0.0241215 -0.0846091 0.401971 -0.0147175 0.915534 89.6949 
0.912639 0.0330819 -0.407426 -90.8583 -0.0268475 0.999419 0.0210114 -0.0858684 0.407884 -0.00823745 0.912996 90.3806 
0.910049 0.0291255 -0.413476 -91.184 -0.0260142 0.999575 0.0131539 -0.0827806 0.413683 -0.00121438 0.91042 91.066 
0.908016 0.0209572 -0.418411 -91.5145 -0.0204369 0.999775 0.00572499 -0.0819623 0.418436 0.00335267 0.90824 91.7573 
0.906129 0.0217037 -0.422445 -91.8498 -0.0217491 0.999752 0.00471266 -0.0804879 0.422443 0.00491756 0.906376 92.447 
0.903711 0.0274024 -0.427266 -92.2027 -0.0255785 0.999623 0.0100089 -0.0885115 0.427379 0.00188372 0.904071 93.1437 
0.901072 0.0296452 -0.432655 -92.5567 -0.026195 0.99956 0.0139339 -0.0894931 0.432878 -0.001222 0.901452 93.8401 
0.898679 0.0257778 -0.437849 -92.9056 -0.0228043 0.999667 0.0120486 -0.100036 0.438014 -0.000842897 0.898968 94.5308 
0.89612 0.0240779 -0.443158 -93.2585 -0.0241349 0.999694 0.00551205 -0.105046 0.443155 0.00575619 0.896427 95.2177 
0.89383 0.0212461 -0.447902 -93.6238 -0.0242303 0.999706 -0.000933129 -0.109656 0.44775 0.0116869 0.894082 95.9002 
0.891416 0.0218422 -0.45266 -93.9941 -0.0258196 0.999663 -0.00260944 -0.115472 0.45245 0.0140136 0.89168 96.5832 
0.889271 0.0246163 -0.456718 -94.3662 -0.0268805 0.999638 0.00154005 -0.129517 0.45659 0.0109073 0.88961 97.2654 
0.887066 0.0263119 -0.460892 -94.7427 -0.0276473 0.99961 0.00385473 -0.142319 0.460814 0.00932307 0.887448 97.9467 
0.884474 0.0267926 -0.46582 -95.1171 -0.027803 0.999602 0.00470322 -0.156074 0.465761 0.00879139 0.884867 98.6245 
0.882107 0.0248339 -0.470393 -95.4936 -0.0260399 0.999653 0.00394407 -0.167345 0.470328 0.00876997 0.882448 99.2987 
0.879841 0.022928 -0.474714 -95.8701 -0.0243827 0.999698 0.00309273 -0.174956 0.474642 0.00885374 0.880135 99.9721 
0.877504 0.0222193 -0.479055 -96.2465 -0.0233885 0.99972 0.00352697 -0.18447 0.478999 0.00810949 0.877778 100.634 
0.875118 0.0237675 -0.483326 -96.6334 -0.0249756 0.99968 0.0039378 -0.193996 0.483265 0.00862536 0.875432 101.29 
0.872741 0.0242705 -0.48758 -97.0201 -0.025722 0.999662 0.00371963 -0.203227 0.487506 0.00929531 0.87307 101.946 
0.8702 0.0211312 -0.492245 -97.4 -0.0244908 0.9997 -0.000379944 -0.215852 0.492089 0.0123861 0.870457 102.594 
0.867684 0.0180005 -0.49679 -97.7809 -0.0235525 0.999711 -0.00491338 -0.231993 0.496558 0.015964 0.867857 103.236 
0.865463 0.0161329 -0.500713 -98.1645 -0.0229955 0.999707 -0.00753654 -0.246209 0.500444 0.0180368 0.865581 103.871 
0.863571 0.0180446 -0.503904 -98.552 -0.0230862 0.999726 -0.00376466 -0.258028 0.503698 0.0148844 0.863751 104.498 
0.861705 0.0222191 -0.506922 -98.9384 -0.0228033 0.999727 0.0050566 -0.270152 0.506896 0.00720223 0.861977 105.122 
0.860092 0.0244235 -0.509553 -99.32 -0.0197856 0.999699 0.0145199 -0.282487 0.509755 -0.00240664 0.860317 105.745 
0.858593 0.024587 -0.512069 -99.6918 -0.0169816 0.999665 0.0195256 -0.294037 0.512377 -0.00806875 0.858723 106.343 
0.856852 0.0216158 -0.515108 -100.058 -0.0139583 0.999727 0.0187333 -0.292405 0.515373 -0.00886159 0.85692 106.94 
0.855044 0.0195459 -0.518187 -100.425 -0.0138009 0.999793 0.0149395 -0.291257 0.518372 -0.00562243 0.855137 107.517 
0.853447 0.0177142 -0.520879 -100.785 -0.0135154 0.999838 0.0118582 -0.29318 0.521005 -0.00308039 0.853548 108.075 
0.85205 0.0160978 -0.523213 -101.141 -0.0125162 0.999868 0.0103805 -0.29295 0.52331 -0.00229603 0.852139 108.622 
0.850776 0.0146901 -0.525323 -101.481 -0.011188 0.999889 0.00984162 -0.294399 0.525409 -0.00249567 0.850846 109.15 
0.849414 0.0150793 -0.527512 -101.816 -0.0109786 0.99988 0.0109044 -0.304506 0.527613 -0.00347095 0.849478 109.658 
0.848251 0.0148776 -0.529386 -102.142 -0.00990819 0.999876 0.0122239 -0.307622 0.529502 -0.00512362 0.848293 110.152 
0.846664 0.0137307 -0.531951 -102.451 -0.00821221 0.999885 0.0127383 -0.315794 0.532065 -0.00641652 0.846679 110.63 
0.845096 0.0119386 -0.534482 -102.742 -0.00599873 0.999899 0.0128497 -0.319414 0.534581 -0.00765295 0.845083 111.088 
0.844106 0.0108897 -0.536067 -103.034 -0.00538181 0.999915 0.0118379 -0.324457 0.53615 -0.00710739 0.844093 111.518 
0.842765 0.0107075 -0.538175 -103.31 -0.00740992 0.999938 0.00829087 -0.331506 0.538231 -0.00299937 0.842792 111.934 
0.841193 0.0080692 -0.540674 -103.578 -0.00705639 0.999967 0.00394529 -0.334635 0.540688 0.000496505 0.841223 112.33 
0.83902 0.00380314 -0.544088 -103.841 -0.00360227 0.999993 0.00143489 -0.332803 0.544089 0.000756106 0.839027 112.711 
0.836329 -0.000440719 -0.548228 -104.089 0.00142035 0.999998 0.00136282 -0.329849 0.548226 -0.00191839 0.836328 113.081 
0.832774 0.000515609 -0.553613 -104.331 0.00113875 0.999996 0.00264427 -0.333598 0.553612 -0.00283245 0.83277 113.432 
0.828707 0.00389799 -0.55967 -104.566 -0.00187932 0.99999 0.00418197 -0.336466 0.55968 -0.00241378 0.828705 113.763 
0.824775 0.00951577 -0.565381 -104.797 -0.00589149 0.999949 0.00823533 -0.337089 0.56543 -0.00346131 0.824789 114.083 
0.820582 0.0150571 -0.571331 -105.016 -0.00776297 0.999854 0.0152009 -0.342746 0.571477 -0.00803835 0.820579 114.376 
0.815538 0.0165425 -0.578467 -105.221 -0.00655961 0.999791 0.0193432 -0.347924 0.578667 -0.0119805 0.815476 114.656 
0.809774 0.0139735 -0.586576 -105.412 -0.00234031 0.999785 0.0205861 -0.351256 0.586737 -0.0152973 0.809633 114.921 
0.802552 0.0113652 -0.596474 -105.6 0.00133317 0.999782 0.0208435 -0.343538 0.596581 -0.0175231 0.802362 115.169 
0.793818 0.0102356 -0.608069 -105.79 0.00404586 0.999747 0.0221104 -0.348357 0.608142 -0.0200117 0.793576 115.393 
0.783316 0.0107263 -0.621531 -105.974 0.00427203 0.999735 0.0226373 -0.347804 0.621609 -0.0203873 0.783063 115.601 
0.770679 0.012232 -0.637106 -106.153 0.00270704 0.999744 0.022469 -0.354627 0.637218 -0.019041 0.770449 115.793 
0.756137 0.0105401 -0.654329 -106.325 0.00285262 0.999808 0.0194016 -0.354104 0.654408 -0.0165367 0.755961 115.972 
0.741031 0.00807359 -0.671422 -106.498 0.00193372 0.999898 0.0141575 -0.356248 0.671468 -0.0117895 0.74094 116.13 
0.725548 0.00441719 -0.688157 -106.66 0.00224221 0.999959 0.00878261 -0.356854 0.688168 -0.00791515 0.725509 116.281 
0.709837 0.00422014 -0.704354 -106.828 -0.00159641 0.999989 0.00438257 -0.353646 0.704365 -0.00198642 0.709836 116.419 
0.69369 0.00717035 -0.720238 -107.003 -0.00882411 0.99996 0.00145625 -0.344282 0.72022 0.00534532 0.693726 116.55 
0.675841 0.00863958 -0.736997 -107.178 -0.0115403 0.999933 0.00113922 -0.337334 0.736957 0.00773525 0.675895 116.686 
0.656693 0.00693869 -0.754126 -107.357 -0.00858087 0.999962 0.00172837 -0.330105 0.754109 0.00533611 0.656727 116.821 
0.636088 0.00585756 -0.771594 -107.537 -0.00553858 0.99998 0.00302543 -0.326772 0.771597 0.00234915 0.636108 116.95 
0.613593 0.00774789 -0.789585 -107.725 -0.00562503 0.999969 0.00544104 -0.328712 0.789603 0.00110291 0.613617 117.067 
0.588964 0.0116736 -0.808075 -107.92 -0.00928783 0.999927 0.0076757 -0.315384 0.808106 0.00298461 0.589029 117.177 
0.563949 0.0150405 -0.825673 -108.12 -0.0114895 0.99988 0.0103663 -0.305039 0.82573 0.00364058 0.564054 117.279 
0.538358 0.0176884 -0.842531 -108.323 -0.0134028 0.999833 0.0124268 -0.300425 0.84261 0.00460225 0.538505 117.37 
0.512246 0.0205297 -0.858593 -108.53 -0.01667 0.999764 0.0139597 -0.297442 0.858677 0.00716207 0.512467 117.455 
0.485217 0.0248794 -0.87404 -108.736 -0.0210741 0.999638 0.0167554 -0.298659 0.87414 0.0102897 0.485566 117.528 
0.457037 0.0275764 -0.88902 -108.947 -0.0233792 0.999546 0.0189857 -0.295949 0.88914 0.0121074 0.457475 117.602 
0.427066 0.0267801 -0.903824 -109.159 -0.0226787 0.999564 0.0189009 -0.293031 0.903936 0.0124257 0.427487 117.669 
0.394234 0.0240813 -0.918695 -109.385 -0.022801 0.999605 0.0164177 -0.299618 0.918727 0.0144748 0.394627 117.737 
0.359252 0.0191806 -0.933044 -109.63 -0.0226109 0.999674 0.0118444 -0.288966 0.932967 0.0168418 0.359568 117.798 
0.32006 0.0162163 -0.947259 -109.891 -0.0228529 0.999695 0.00939242 -0.275305 0.947122 0.0186415 0.320333 117.848 
0.27871 0.0142373 -0.96027 -110.176 -0.0224429 0.999714 0.00830825 -0.260248 0.960113 0.0192357 0.278949 117.886 
0.234503 0.0121241 -0.97204 -110.48 -0.0218474 0.999735 0.00719891 -0.251325 0.97187 0.0195484 0.234706 117.924 
0.1871 0.00864935 -0.982303 -110.798 -0.0210537 0.999767 0.004793 -0.236151 0.982115 0.0197844 0.187239 117.948 
0.137848 0.00643942 -0.990432 -111.126 -0.0209804 0.999774 0.0035801 -0.230205 0.990231 0.0202862 0.137952 117.952 
0.0875655 0.00588167 -0.996141 -111.478 -0.0204734 0.999782 0.00410346 -0.221817 0.995948 0.0200351 0.0876669 117.938 
0.0353032 0.00687474 -0.999353 -111.84 -0.0201221 0.999779 0.00616684 -0.213533 0.999174 0.0198914 0.0354337 117.908 
-0.0180488 0.00954004 -0.999792 -112.211 -0.017003 0.999807 0.00984713 -0.213278 0.999693 0.0171773 -0.0178831 117.863 
-0.0716752 0.0113412 -0.997364 -112.592 -0.013971 0.999826 0.0123732 -0.208226 0.99733 0.0148211 -0.0715042 117.798 
-0.125181 0.012988 -0.992049 -112.988 -0.0105826 0.99984 0.0144254 -0.204441 0.992077 0.0123043 -0.125024 117.707 
-0.177993 0.0146324 -0.983923 -113.392 -0.00795037 0.999835 0.0163073 -0.197778 0.984 0.0107252 -0.177848 117.591 
-0.228951 0.0162647 -0.973302 -113.801 -0.00630631 0.999815 0.0181912 -0.194111 0.973417 0.0103029 -0.228806 117.449 
-0.27828 0.0174297 -0.960342 -114.223 -0.00336083 0.999812 0.0191199 -0.184685 0.960494 0.00854829 -0.278169 117.284 
-0.326453 0.0186595 -0.945029 -114.652 0.00091468 0.999811 0.0194252 -0.1723 0.945213 0.00547703 -0.326408 117.1 
-0.373007 0.0202799 -0.927607 -115.09 0.00559058 0.999792 0.0196099 -0.167164 0.927812 0.00212882 -0.373043 116.889 
-0.417012 0.0221162 -0.908632 -115.527 0.00983439 0.999755 0.0198207 -0.159612 0.908848 -0.000670326 -0.417127 116.65 
