1 2.12261e-08 -2.11895e-08 -3.30812e-15 2.12261e-08 1 2.10703e-08 -8.88178e-16 -2.11895e-08 2.10703e-08 1 -2.45359e-14 
0.999997 0.00231966 0.000187373 -0.0186027 -0.00231996 0.999996 0.00187879 -0.0248332 -0.000183057 -0.00187918 0.999998 0.769802 
0.999988 0.00490556 0.000210832 -0.0344712 -0.00490599 0.999985 0.00230066 -0.0403574 -0.000199585 -0.00230163 0.999997 1.53243 
0.99998 0.00632704 0.000427709 -0.0526985 -0.00632788 0.999978 0.00209233 -0.0589488 -0.000414504 -0.00209496 0.999998 2.2713 
0.999966 0.00818191 0.00039565 -0.0658272 -0.00818253 0.999965 0.00170331 -0.0728152 -0.000381743 -0.00170645 0.999999 3.01282 
0.999968 0.00791203 0.000724647 -0.0786216 -0.00791317 0.999967 0.00164892 -0.0892764 -0.00071162 -0.00165456 0.999998 3.72866 
0.999968 0.00800833 0.000837725 -0.0877303 -0.00801038 0.999965 0.00252966 -0.102083 -0.000817479 -0.00253624 0.999996 4.44114 
0.999961 0.00874089 0.00121532 -0.0979879 -0.00874698 0.999949 0.00513799 -0.111574 -0.00117039 -0.00514838 0.999986 5.1391 
0.999962 0.00837509 0.00246562 -0.10594 -0.00839707 0.999924 0.00906076 -0.120857 -0.00238959 -0.00908108 0.999956 5.80903 
0.999965 0.00758127 0.00356179 -0.109381 -0.00762593 0.99989 0.0127086 -0.132995 -0.00346509 -0.0127352 0.999913 6.44763 
0.999967 0.00679385 0.00440562 -0.111714 -0.00685844 0.999867 0.0148247 -0.138848 -0.00430436 -0.0148544 0.99988 7.06819 
0.99996 0.00713013 0.00542096 -0.118886 -0.00720895 0.999866 0.0146693 -0.147672 -0.00531568 -0.0147078 0.999878 7.66018 
0.999946 0.00823149 0.00630723 -0.121543 -0.00830681 0.999893 0.0120169 -0.153152 -0.00620769 -0.0120686 0.999908 8.22154 
0.999941 0.00828932 0.0070843 -0.123858 -0.00835564 0.999921 0.00938975 -0.161227 -0.00700595 -0.00944834 0.999931 8.75185 
0.999942 0.00649535 0.00855603 -0.120087 -0.00656207 0.999948 0.00779838 -0.163244 -0.00850498 -0.00785404 0.999933 9.26563 
0.999943 0.00276422 0.0103428 -0.116598 -0.00282235 0.99998 0.00561377 -0.171646 -0.0103271 -0.0056426 0.999931 9.74232 
0.999926 0.000994745 0.0121631 -0.110589 -0.00104779 0.99999 0.00435927 -0.178439 -0.0121587 -0.00437165 0.999917 10.1937 
0.999886 0.00508566 0.0142389 -0.114135 -0.00512234 0.999984 0.00254318 -0.190558 -0.0142258 -0.00261578 0.999895 10.6089 
0.999803 0.00966146 0.0173155 -0.120094 -0.00968932 0.999952 0.00152822 -0.197159 -0.0173 -0.00169566 0.999849 10.9934 
0.999737 0.00970543 0.0207769 -0.119474 -0.00976439 0.999949 0.0027406 -0.20756 -0.0207492 -0.00294271 0.99978 11.3456 
0.999699 0.0057145 0.023868 -0.109352 -0.0057896 0.999979 0.00308036 -0.209179 -0.0238499 -0.00321758 0.99971 11.6637 
0.999648 0.000894611 0.0265199 -0.0984102 -0.000975451 0.999995 0.00303712 -0.215177 -0.0265171 -0.00306188 0.999644 11.953 
0.999579 -0.00279487 0.0288716 -0.0872346 0.00266445 0.999986 0.00455616 -0.22312 -0.0288839 -0.00447727 0.999573 12.2113 
0.999501 -0.00309692 0.0314249 -0.0810903 0.00292534 0.999981 0.00550586 -0.227465 -0.0314414 -0.00541114 0.999491 12.4434 
0.999432 -0.00232853 0.0336103 -0.0762975 0.00217686 0.999987 0.0045497 -0.231884 -0.0336205 -0.00447391 0.999425 12.6511 
0.999358 -0.0017751 0.0357744 -0.0765421 0.00166113 0.999993 0.00321645 -0.240857 -0.0357799 -0.00315492 0.999355 12.8298 
0.999262 0.000394094 0.0384048 -0.0758796 -0.000491303 0.999997 0.00252289 -0.246515 -0.0384038 -0.00253986 0.999259 13.002 
0.999195 0.00324896 0.0399927 -0.0738695 -0.00332829 0.999993 0.00191829 -0.25468 -0.0399862 -0.00204981 0.999198 13.1671 
0.99913 0.00465123 0.0414407 -0.070929 -0.00467753 0.999989 0.000538776 -0.259082 -0.0414378 -0.000732106 0.999141 13.3267 
0.999035 0.00435969 0.0437029 -0.0673999 -0.00428857 0.999989 -0.00171991 -0.259018 -0.04371 0.00153087 0.999043 13.475 
0.998973 0.00300121 0.0452139 -0.0613158 -0.0028572 0.999991 -0.00324832 -0.260988 -0.0452232 0.00311584 0.998972 13.6195 
0.998923 0.00221443 0.0463369 -0.0541918 -0.00202802 0.99999 -0.00406872 -0.266499 -0.0463455 0.00397041 0.998918 13.759 
0.998858 0.00296576 0.0476802 -0.0440804 -0.0026973 0.99998 -0.005693 -0.266767 -0.0476961 0.00555794 0.998846 13.8964 
0.998791 0.00391088 0.0490019 -0.0408491 -0.00353633 0.999964 -0.00772708 -0.271614 -0.0490304 0.0075445 0.998769 14.0214 
0.998744 0.003734 0.0499676 -0.0396521 -0.00325468 0.999948 -0.00966978 -0.276458 -0.0500012 0.00949505 0.998704 14.1414 
0.998718 0.00280558 0.0505513 -0.0309525 -0.00220521 0.999926 -0.0119275 -0.280566 -0.0505811 0.0118008 0.99865 14.2664 
0.998736 0.00196852 0.0502318 -0.0291706 -0.00128632 0.999907 -0.013609 -0.286335 -0.0502539 0.0135272 0.998645 14.3893 
0.998852 0.00157234 0.0478788 -0.0203072 -0.000855943 0.999887 -0.0149786 -0.287541 -0.047897 0.0149205 0.998741 14.5193 
0.998979 0.00150816 0.0451512 -0.0250059 -0.000786537 0.999872 -0.0159948 -0.289791 -0.0451696 0.015943 0.998852 14.6433 
0.999162 0.00180988 0.0408938 -0.0241754 -0.00111582 0.999855 -0.0169876 -0.296286 -0.0409187 0.0169278 0.999019 14.7694 
0.999376 0.00188916 0.0352712 -0.0268545 -0.00125057 0.999835 -0.0181174 -0.300311 -0.0352997 0.018062 0.999214 14.8989 
0.999597 0.00178169 0.0283333 -0.0275706 -0.00125112 0.999824 -0.018731 -0.304055 -0.0283617 0.018688 0.999423 15.0292 
0.999774 0.00171107 0.0211914 -0.0343326 -0.00129436 0.999806 -0.0196602 -0.305491 -0.021221 0.0196283 0.999582 15.1599 
0.999913 0.00178031 0.0130973 -0.0402629 -0.00150941 0.999785 -0.0206612 -0.306457 -0.0131313 0.0206397 0.999701 15.2931 
0.999996 0.000582886 0.0028077 -0.0474193 -0.000520935 0.999758 -0.0219999 -0.308524 -0.00281988 0.0219984 0.999754 15.4359 
0.999945 -0.00103425 -0.0104543 -0.0553441 0.000787179 0.999721 -0.0236139 -0.312135 0.0104757 0.0236044 0.999667 15.5878 
0.999646 -0.00166811 -0.0265646 -0.0792939 0.000988789 0.999673 -0.0255668 -0.315357 0.0265985 0.0255315 0.99932 15.7458 
0.998929 -0.00140691 -0.0462395 -0.104643 0.000184024 0.99965 -0.0264413 -0.320084 0.0462605 0.0264045 0.99858 15.9291 
0.997688 -0.000578607 -0.0679537 -0.144061 -0.00120472 0.999656 -0.0261999 -0.323486 0.0679455 0.0262212 0.997344 16.1222 
0.995758 -0.000115214 -0.0920077 -0.185813 -0.00218277 0.999688 -0.0248754 -0.329316 0.0919818 0.0249708 0.995448 16.3412 
0.992902 0.000746145 -0.118931 -0.2428 -0.00355181 0.99972 -0.0233809 -0.337579 0.11888 0.0236374 0.992627 16.5702 
0.988797 0.00173879 -0.149258 -0.3119 -0.00497882 0.99976 -0.021337 -0.342267 0.149185 0.0218411 0.988568 16.8193 
0.983168 0.00189865 -0.182695 -0.392292 -0.00529503 0.999822 -0.0181046 -0.346444 0.182628 0.0187673 0.983003 17.0816 
0.975587 0.00292625 -0.219592 -0.492459 -0.00618983 0.99988 -0.0141756 -0.351094 0.219525 0.0151888 0.975489 17.3574 
0.9657 0.00471228 -0.259619 -0.606098 -0.0072578 0.999935 -0.00884728 -0.355432 0.25956 0.0104281 0.965671 17.644 
0.953373 0.00853873 -0.301673 -0.734612 -0.0101991 0.99994 -0.00392928 -0.361789 0.301621 0.00682291 0.953403 17.9314 
0.93882 0.0117414 -0.344208 -0.879708 -0.0124095 0.999923 0.000261999 -0.364838 0.344185 0.00402553 0.938893 18.2207 
0.921613 0.014284 -0.387847 -1.04341 -0.0129809 0.999898 0.00597968 -0.370844 0.387892 -0.00047632 0.921705 18.5203 
0.901714 0.0175026 -0.431978 -1.23419 -0.0128898 0.999824 0.0136039 -0.373098 0.43214 -0.00669865 0.901782 18.838 
0.879203 0.0213845 -0.475967 -1.44118 -0.0135475 0.99971 0.0198906 -0.37075 0.476254 -0.0110397 0.879238 19.147 
0.853626 0.0262665 -0.520224 -1.67354 -0.0159657 0.999578 0.0242716 -0.36826 0.520642 -0.0124131 0.853685 19.45 
0.824768 0.0293561 -0.564709 -1.9189 -0.0167554 0.999482 0.0274859 -0.36696 0.565223 -0.0132076 0.824832 19.7459 
0.793034 0.0325573 -0.608307 -2.18434 -0.0189466 0.999406 0.0287891 -0.357718 0.608883 -0.0113053 0.793179 20.0321 
0.758155 0.0348977 -0.65114 -2.48255 -0.0192056 0.999329 0.0311967 -0.344982 0.651791 -0.0111464 0.758317 20.3291 
0.720077 0.0387163 -0.692814 -2.80387 -0.0202329 0.999189 0.0348083 -0.333311 0.6936 -0.0110469 0.720276 20.615 
0.679881 0.039519 -0.732257 -3.15225 -0.017771 0.999142 0.0374226 -0.315944 0.733107 -0.0124299 0.68 20.8979 
0.637915 0.0393184 -0.769103 -3.53344 -0.0149344 0.99914 0.0386913 -0.306053 0.769962 -0.0131956 0.637953 21.1731 
0.594314 0.0383474 -0.803319 -3.9354 -0.00943669 0.999126 0.040713 -0.295837 0.804178 -0.0166156 0.594156 21.4282 
0.548734 0.038464 -0.835112 -4.36706 -0.00503859 0.999075 0.0427051 -0.27608 0.835982 -0.0192259 0.54842 21.6771 
0.501507 0.0397669 -0.864239 -4.8206 -0.00344148 0.999027 0.043972 -0.255587 0.865147 -0.0190779 0.501156 21.8921 
0.451377 0.0391292 -0.891475 -5.29404 -0.00248199 0.999089 0.042596 -0.231808 0.89233 -0.0170142 0.451063 22.082 
0.398632 0.0380528 -0.916321 -5.78961 0.00282711 0.999083 0.0427196 -0.214066 0.917107 -0.0196199 0.398159 22.2542 
0.344821 0.0370538 -0.937937 -6.31387 0.00783136 0.999072 0.0423481 -0.19319 0.938636 -0.0219478 0.344211 22.4065 
0.290323 0.0361255 -0.956247 -6.86457 0.0103358 0.999111 0.0408828 -0.171991 0.956873 -0.0217528 0.289691 22.5346 
0.236178 0.0419833 -0.970803 -7.44895 0.0109993 0.998887 0.0458737 -0.14617 0.971648 -0.0215124 0.235453 22.6411 
0.184424 0.046983 -0.981723 -8.05055 0.013578 0.99864 0.0503433 -0.120506 0.982753 -0.0226143 0.183535 22.7127 
0.135831 0.0484362 -0.989547 -8.66993 0.0188663 0.998497 0.0514639 -0.0987765 0.990552 -0.0256595 0.134713 22.7665 
0.0915728 0.0498699 -0.994549 -9.30495 0.0212918 0.998419 0.0520244 -0.0788073 0.995571 -0.0259398 0.0903662 22.7849 
0.0511158 0.0482348 -0.997527 -9.96094 0.0208529 0.998564 0.0493535 -0.0530141 0.998475 -0.0233241 0.0500366 22.7857 
0.0153724 0.0436218 -0.99893 -10.6306 0.0181716 0.998871 0.0438989 -0.01754 0.999717 -0.018827 0.0145623 22.7572 
-0.0133136 0.0435084 -0.998964 -11.3289 0.0160572 0.998933 0.043293 0.0132007 0.999782 -0.0154641 -0.013998 22.7204 
-0.0342853 0.0478502 -0.998266 -12.0343 0.0149486 0.998766 0.0473607 0.0384706 0.9993 -0.0132989 -0.0349583 22.6658 
-0.0473213 0.0537032 -0.997435 -12.7694 0.0164121 0.998461 0.0529797 0.0675469 0.998745 -0.0138629 -0.0481299 22.6151 
-0.0548876 0.0563897 -0.996899 -13.5049 0.0160543 0.998325 0.0555864 0.0965891 0.998364 -0.0129535 -0.055701 22.546 
-0.0587715 0.0537332 -0.996824 -14.2748 0.0172248 0.998456 0.0528056 0.125242 0.998123 -0.0140666 -0.0596063 22.4846 
-0.0578186 0.050028 -0.997073 -15.0561 0.0247734 0.998508 0.0486634 0.161158 0.99802 -0.0218872 -0.0589717 22.4326 
-0.0537567 0.0484446 -0.997378 -15.8672 0.0366618 0.998245 0.0465107 0.204322 0.997881 -0.0340654 -0.0554384 22.3988 
-0.0483592 0.0485224 -0.997651 -16.698 0.0369008 0.998224 0.0467616 0.239504 0.998148 -0.0345527 -0.0500638 22.3503 
-0.0433411 0.0470294 -0.997953 -17.5523 0.0352845 0.99834 0.0455152 0.267908 0.998437 -0.0332395 -0.0449286 22.3008 
-0.0401939 0.0407096 -0.998362 -18.4211 0.0383332 0.998497 0.0391718 0.303884 0.998456 -0.0366959 -0.041694 22.2618 
-0.0379674 0.0297366 -0.998836 -19.295 0.0362707 0.99894 0.028361 0.329323 0.998621 -0.0351517 -0.0390057 22.2117 
-0.0375212 0.021198 -0.999071 -20.1935 0.0285462 0.99939 0.0201327 0.348084 0.998888 -0.0277642 -0.0381035 22.1523 
-0.0389083 0.0183787 -0.999074 -21.1224 0.0230144 0.999582 0.0174917 0.366822 0.998978 -0.0223125 -0.039315 22.0897 
-0.0421449 0.0240376 -0.998822 -22.0791 0.0136051 0.999632 0.023483 0.379617 0.999019 -0.0125994 -0.0424564 22.0125 
-0.0471565 0.0321808 -0.998369 -23.0632 0.00879217 0.999456 0.0318005 0.397202 0.998849 -0.00727819 -0.0474137 21.9325 
-0.0512168 0.0415444 -0.997823 -24.0778 0.00730693 0.999123 0.0412235 0.42876 0.998661 -0.00517965 -0.0514754 21.8423 
-0.0526329 0.0512847 -0.997296 -25.1083 0.00575759 0.998679 0.0510519 0.467286 0.998597 -0.00305497 -0.0528587 21.7652 
-0.0538886 0.0594685 -0.996775 -26.1373 0.00777088 0.99822 0.0591346 0.502214 0.998517 -0.0045591 -0.0542548 21.6938 
-0.0552127 0.0600494 -0.996667 -27.172 0.0089122 0.99818 0.0596468 0.551598 0.998435 -0.0055892 -0.0556473 21.617 
-0.0570595 0.0574818 -0.996715 -28.1957 0.00763193 0.998337 0.0571385 0.59492 0.998342 -0.00434653 -0.0574033 21.5372 
-0.0599183 0.0524659 -0.996824 -29.215 0.0073954 0.998614 0.0521156 0.63515 0.998176 -0.00424919 -0.0602233 21.4556 
-0.0646248 0.0471562 -0.996795 -30.2349 0.00747518 0.998878 0.0467701 0.674585 0.997882 -0.00442867 -0.0649048 21.3696 
-0.0699662 0.0425835 -0.99664 -31.2527 0.00764793 0.999082 0.0421509 0.708587 0.99752 -0.00467305 -0.0702277 21.2775 
-0.0770099 0.0406535 -0.996201 -32.2873 0.00676779 0.999167 0.0402513 0.740149 0.997007 -0.00364228 -0.0772209 21.1726 
-0.0832033 0.0432963 -0.995592 -33.3389 0.00728818 0.999055 0.0428378 0.769046 0.996506 -0.00369176 -0.0834403 21.0477 
-0.0891991 0.0483298 -0.994841 -34.4223 0.00576287 0.99883 0.0480069 0.801122 0.995997 -0.00145093 -0.0893733 20.9169 
-0.0951096 0.0510232 -0.994158 -35.4988 0.00313805 0.998696 0.0509559 0.841623 0.995462 0.00172672 -0.0951457 20.779 
-0.0994953 0.053213 -0.993614 -36.5785 -9.24306e-05 0.998569 0.0534876 0.884197 0.995038 0.00541364 -0.099348 20.639 
-0.101759 0.0546797 -0.993305 -37.6604 -0.00462467 0.998452 0.0554368 0.924385 0.994798 0.0102349 -0.101348 20.495 
-0.103637 0.0555752 -0.993061 -38.7376 -0.00829703 0.998355 0.0567373 0.971714 0.994581 0.0141196 -0.103005 20.3551 
-0.105369 0.055146 -0.992903 -39.8171 -0.00981218 0.998355 0.0564901 1.01443 0.994385 0.0156949 -0.104655 20.2168 
-0.106863 0.0543097 -0.992789 -40.9032 -0.0102923 0.998393 0.0557241 1.06069 0.994221 0.016173 -0.106132 20.0745 
-0.107899 0.05361 -0.992715 -41.9891 -0.0114121 0.998412 0.0551581 1.10299 0.994096 0.0172805 -0.107116 19.9339 
-0.108495 0.0524344 -0.992713 -43.0801 -0.013483 0.998439 0.0542104 1.14977 0.994006 0.0192663 -0.107618 19.7817 
-0.10896 0.0501314 -0.992781 -44.1637 -0.0181191 0.998461 0.0524068 1.18858 0.993881 0.0236986 -0.107884 19.6293 
-0.109203 0.0451094 -0.992995 -45.2562 -0.0235559 0.998572 0.0479532 1.22927 0.99374 0.0286276 -0.107984 19.4752 
-0.108285 0.0444405 -0.993126 -46.3669 -0.0251437 0.998558 0.0474251 1.27176 0.993802 0.0301063 -0.107011 19.3265 
-0.106435 0.0485124 -0.993136 -47.4828 -0.0259392 0.998334 0.0515463 1.31383 0.993981 0.0312475 -0.104999 19.1778 
-0.104148 0.0511732 -0.993245 -48.6016 -0.0259682 0.998195 0.0541511 1.36149 0.994223 0.0314325 -0.102631 19.0279 
-0.102595 0.0514061 -0.993394 -49.6923 -0.024035 0.998244 0.0541394 1.39602 0.994433 0.0294307 -0.101179 18.8962 
-0.100159 0.0504312 -0.993693 -50.8108 -0.0231483 0.998326 0.0529996 1.44477 0.994702 0.0283107 -0.0988241 18.7614 
-0.0954858 0.0508547 -0.994131 -51.95 -0.0279256 0.998164 0.0537433 1.49102 0.995039 0.0328935 -0.0938904 18.6169 
-0.0892239 0.0514606 -0.994681 -53.0827 -0.0331626 0.997957 0.0546048 1.53779 0.995459 0.0378583 -0.087335 18.4792 
-0.0831483 0.0511225 -0.995225 -54.203 -0.0367929 0.997845 0.054331 1.5832 0.995858 0.0411348 -0.0810881 18.355 
-0.0771782 0.0503951 -0.995743 -55.3331 -0.0389227 0.997808 0.0535164 1.62871 0.996257 0.0428873 -0.0750475 18.2403 
-0.0718515 0.0496192 -0.99618 -56.4637 -0.0383552 0.997886 0.0524706 1.67274 0.996678 0.0419788 -0.0697964 18.142 
-0.0671737 0.049558 -0.99651 -57.597 -0.0367366 0.997966 0.0521067 1.7166 0.997065 0.0401086 -0.0652164 18.0559 
-0.0620299 0.0503441 -0.996804 -58.7402 -0.0357376 0.997975 0.0526271 1.75898 0.997434 0.0388879 -0.0601051 17.969 
-0.0566113 0.0519567 -0.997044 -59.8869 -0.0347178 0.997939 0.0539745 1.80329 0.997793 0.0376707 -0.0546908 17.8885 
-0.0510324 0.0533101 -0.997273 -61.0391 -0.0349871 0.997866 0.0551322 1.84694 0.998084 0.0377053 -0.0490583 17.8076 
-0.0461558 0.0524701 -0.997555 -62.1958 -0.0348921 0.997926 0.054104 1.89483 0.998325 0.037304 -0.0442293 17.7408 
-0.04181 0.0478687 -0.997978 -63.3485 -0.0347848 0.998176 0.0493355 1.93792 0.99852 0.0367772 -0.0400686 17.6781 
-0.0373615 0.0427091 -0.998389 -64.4904 -0.0345239 0.998435 0.044003 1.975 0.998705 0.0361123 -0.0358285 17.6147 
-0.0331171 0.042119 -0.998564 -65.6448 -0.0341671 0.99848 0.0432487 2.01285 0.998867 0.0355503 -0.0316276 17.5494 
-0.0295286 0.0443888 -0.998578 -66.7997 -0.0341905 0.998384 0.0453912 2.05005 0.998979 0.0354823 -0.0279632 17.4863 
-0.0275036 0.0437859 -0.998662 -67.9604 -0.0344776 0.998404 0.0447241 2.08823 0.999027 0.0356616 -0.02595 17.4334 
-0.0261795 0.0434504 -0.998713 -69.1324 -0.0364088 0.998351 0.044389 2.1265 0.998994 0.0375241 -0.0245543 17.3716 
-0.0248566 0.044404 -0.998704 -70.3126 -0.0377001 0.998261 0.0453226 2.16108 0.99898 0.0387778 -0.0231393 17.3109 
-0.0234841 0.0439818 -0.998756 -71.4929 -0.0382319 0.998262 0.044859 2.19531 0.998993 0.0392379 -0.0217617 17.2578 
-0.0224209 0.0418646 -0.998872 -72.684 -0.0386026 0.998342 0.0427088 2.23337 0.999003 0.0395167 -0.0207676 17.2049 
-0.0216216 0.0405107 -0.998945 -73.8826 -0.0370076 0.998462 0.0412921 2.26878 0.999081 0.0378614 -0.0200891 17.1538 
-0.0212094 0.0403716 -0.99896 -75.0672 -0.034403 0.998563 0.041086 2.30185 0.999183 0.0352386 -0.01979 17.1115 
-0.0211192 0.041058 -0.998934 -76.2555 -0.0317228 0.998626 0.041716 2.33363 0.999274 0.03257 -0.0197877 17.0695 
-0.0210898 0.0438787 -0.998814 -77.4383 -0.0312966 0.998518 0.0445265 2.36415 0.999288 0.0321986 -0.0196853 17.023 
-0.0211234 0.0477057 -0.998638 -78.6278 -0.0328357 0.998289 0.0483836 2.3935 0.999238 0.0338131 -0.0195208 16.9794 
-0.0204894 0.0474837 -0.998662 -79.8058 -0.0354145 0.99821 0.0481888 2.43117 0.999163 0.0363545 -0.0187711 16.9295 
-0.0200721 0.0453909 -0.998768 -80.9807 -0.036583 0.998267 0.0461034 2.46716 0.999129 0.0374633 -0.0183767 16.8788 
-0.020007 0.0429872 -0.998875 -82.1619 -0.0360036 0.998396 0.0436877 2.50073 0.999151 0.0368372 -0.0184272 16.8384 
-0.0201882 0.042279 -0.998902 -83.3338 -0.0338857 0.998503 0.0429469 2.53133 0.999222 0.0347155 -0.0187253 16.7992 
-0.020637 0.0435515 -0.998838 -84.5113 -0.0327007 0.998487 0.0442118 2.56838 0.999252 0.0335752 -0.0191816 16.763 
-0.0205333 0.0466703 -0.998699 -85.6918 -0.0322769 0.998358 0.047318 2.59702 0.999268 0.0332065 -0.0189932 16.7201 
-0.0201299 0.0490156 -0.998595 -86.8658 -0.0327137 0.99823 0.0496572 2.63102 0.999262 0.0336674 -0.0184908 16.6784 
-0.0201584 0.0492659 -0.998582 -88.0472 -0.0342517 0.998165 0.0499368 2.6666 0.99921 0.0352098 -0.018434 16.6287 
-0.0201566 0.0470478 -0.998689 -89.2156 -0.0338421 0.998288 0.0477119 2.70256 0.999224 0.0347595 -0.0185298 16.5882 
-0.0198203 0.0457901 -0.998754 -90.3865 -0.0319459 0.998412 0.0464084 2.73634 0.999293 0.032826 -0.018326 16.5477 
-0.0201089 0.0470617 -0.99869 -91.5542 -0.0305438 0.998396 0.0476629 2.76345 0.999331 0.0314622 -0.0186392 16.509 
-0.0203337 0.0497954 -0.998552 -92.728 -0.0281727 0.998334 0.0503581 2.80237 0.999396 0.0291559 -0.018897 16.4761 
-0.0205588 0.0525512 -0.998407 -93.8965 -0.0270807 0.998222 0.0530991 2.83925 0.999422 0.0281293 -0.0190991 16.4377 
-0.0198917 0.0542843 -0.998327 -95.0777 -0.0276615 0.998113 0.0548238 2.88271 0.999419 0.0287058 -0.0183526 16.3897 
-0.0197302 0.0561723 -0.998226 -96.2539 -0.0300592 0.997936 0.0567501 2.92438 0.999353 0.0311256 -0.018001 16.3431 
-0.0192764 0.0552218 -0.998288 -97.4199 -0.0323894 0.997915 0.0558266 2.96997 0.999289 0.0334101 -0.0174476 16.2955 
-0.0194335 0.0510728 -0.998506 -98.5836 -0.034721 0.998058 0.0517257 3.01543 0.999208 0.0356744 -0.0176224 16.2511 
-0.0195008 0.0494104 -0.998588 -99.7515 -0.0358329 0.998102 0.0500861 3.05661 0.999168 0.0367591 -0.0176933 16.2137 
-0.0196359 0.0475146 -0.998678 -100.908 -0.035225 0.998217 0.0481853 3.09773 0.999187 0.0361246 -0.0179272 16.1738 
-0.0198389 0.0478764 -0.998656 -102.063 -0.0338811 0.998247 0.0485299 3.13583 0.999229 0.0347984 -0.018182 16.1366 
-0.019351 0.0500894 -0.998557 -103.243 -0.034297 0.998123 0.0507323 3.17883 0.999224 0.0352293 -0.0175968 16.0805 
-0.0197522 0.0520755 -0.998448 -104.408 -0.0329017 0.998068 0.0527066 3.22021 0.999263 0.0338917 -0.0180007 16.045 
-0.020324 0.051147 -0.998484 -105.573 -0.0365967 0.997983 0.0518662 3.2613 0.999123 0.0375954 -0.0184112 15.9963 
-0.020694 0.0520016 -0.998433 -106.745 -0.0405232 0.997782 0.0528077 3.30913 0.998964 0.0415525 -0.0185409 15.9475 
-0.0211602 0.0511347 -0.998468 -107.912 -0.0440975 0.997672 0.0520285 3.34949 0.998803 0.0451309 -0.018856 15.8966 
-0.0214924 0.0472159 -0.998654 -109.09 -0.0449734 0.997827 0.0481447 3.39259 0.998757 0.0459476 -0.0193222 15.8469 
-0.0223743 0.0433187 -0.998811 -110.271 -0.0452473 0.997993 0.0442969 3.4323 0.998725 0.0461846 -0.0203694 15.8007 
-0.0237621 0.0424715 -0.998815 -111.459 -0.0415401 0.998192 0.0434333 3.47028 0.998854 0.0425229 -0.0219549 15.7584 
-0.0243874 0.0419737 -0.998821 -112.658 -0.0370393 0.998394 0.0428601 3.50363 0.999016 0.0380409 -0.0227935 15.714 
-0.025201 0.0440442 -0.998712 -113.863 -0.0363502 0.998328 0.0449446 3.53886 0.999021 0.0374361 -0.0235578 15.6658 
-0.0262141 0.0481924 -0.998494 -115.083 -0.0349139 0.998184 0.0490941 3.57591 0.999047 0.0361483 -0.0244839 15.6156 
-0.0267308 0.0482652 -0.998477 -116.312 -0.033498 0.99823 0.0491501 3.61945 0.999081 0.0347609 -0.0250666 15.5604 
-0.0277569 0.0438961 -0.99865 -117.538 -0.033449 0.998435 0.0448164 3.66335 0.999055 0.0346478 -0.0262452 15.5095 
-0.028349 0.0403299 -0.998784 -118.797 -0.0336789 0.99858 0.0412776 3.70388 0.999031 0.0348082 -0.0269505 15.4432 
-0.0291653 0.0388169 -0.998821 -120.037 -0.0328024 0.99867 0.0397688 3.74091 0.999036 0.0339237 -0.0278533 15.3826 
-0.0300798 0.0401452 -0.998741 -121.28 -0.0349582 0.99854 0.04119 3.7765 0.998936 0.0361532 -0.0286325 15.3214 
-0.0308738 0.0446559 -0.998525 -122.531 -0.0393512 0.998173 0.0458569 3.8143 0.998748 0.040709 -0.0290601 15.2567 
-0.031234 0.0475702 -0.998379 -123.805 -0.045011 0.997787 0.0489501 3.85868 0.998498 0.046467 -0.0290237 15.1831 
-0.0316173 0.0472089 -0.998385 -125.068 -0.0519942 0.997454 0.0488115 3.90302 0.998147 0.0534535 -0.0290822 15.1134 
-0.0319791 0.0450492 -0.998473 -126.331 -0.0548942 0.997397 0.0467588 3.94543 0.99798 0.0563057 -0.0294229 15.0492 
-0.0325063 0.0437052 -0.998516 -127.604 -0.0571631 0.997327 0.0455141 3.9848 0.997836 0.0585578 -0.0299211 14.9772 
-0.0333747 0.0431951 -0.998509 -128.864 -0.0569989 0.997357 0.0450504 4.02045 0.997816 0.0584175 -0.0308244 14.9114 
-0.033961 0.0423633 -0.998525 -130.141 -0.0547098 0.997524 0.0441816 4.05755 0.997925 0.0561296 -0.0315593 14.8477 
-0.0347644 0.0430847 -0.998466 -131.405 -0.054893 0.99748 0.0449534 4.09277 0.997887 0.0563716 -0.0323117 14.7837 
-0.0359596 0.048116 -0.998194 -132.669 -0.0548254 0.997241 0.0500452 4.13324 0.997848 0.056526 -0.0332224 14.7184 
-0.0369194 0.0525609 -0.997935 -133.935 -0.0535563 0.997077 0.0544971 4.17182 0.997882 0.0554577 -0.0339965 14.6531 
-0.0371238 0.0510851 -0.998004 -135.194 -0.0539793 0.997132 0.0530484 4.22059 0.997852 0.0558409 -0.0342598 14.5843 
-0.0367461 0.0496548 -0.99809 -136.451 -0.0536356 0.997227 0.0515866 4.26627 0.997884 0.0554288 -0.033981 14.5197 
-0.0355721 0.0490101 -0.998165 -137.711 -0.0524779 0.997327 0.0508392 4.30963 0.997988 0.0541901 -0.0329051 14.4502 
-0.0345541 0.0483749 -0.998231 -138.967 -0.0528505 0.997342 0.0501612 4.3517 0.998004 0.0544903 -0.0319056 14.3777 
-0.0341642 0.0502987 -0.99815 -140.221 -0.0529476 0.997239 0.052065 4.39709 0.998013 0.0546284 -0.0314067 14.3158 
-0.0336193 0.0538072 -0.997985 -141.492 -0.0535577 0.997018 0.0555592 4.44378 0.997999 0.0553177 -0.0306373 14.2509 
-0.0317633 0.0550656 -0.997977 -142.739 -0.0552033 0.996861 0.056761 4.48606 0.99797 0.0568946 -0.0286238 14.1716 
-0.0310655 0.052092 -0.998159 -143.983 -0.0571784 0.996913 0.0538066 4.53269 0.997881 0.0587447 -0.0279911 14.11 
-0.0310824 0.0491023 -0.99831 -145.23 -0.0559179 0.997143 0.0507859 4.57968 0.997951 0.0574019 -0.0282479 14.0468 
-0.0311219 0.0472767 -0.998397 -146.478 -0.0525814 0.99742 0.0488695 4.62506 0.998132 0.054018 -0.0285558 13.991 
-0.0318711 0.0463021 -0.998419 -147.715 -0.0505118 0.997575 0.0478754 4.67164 0.998215 0.0519578 -0.029455 13.9371 
-0.0320873 0.0463836 -0.998408 -148.958 -0.047777 0.99771 0.0478866 4.71411 0.998343 0.0492376 -0.0297977 13.8766 
-0.0328041 0.0451337 -0.998442 -150.2 -0.0457912 0.997863 0.046612 4.74884 0.998412 0.047249 -0.0306673 13.8246 
-0.0331929 0.0452899 -0.998422 -151.442 -0.0451073 0.997887 0.0467653 4.78861 0.998431 0.0465884 -0.0310799 13.7634 
-0.0338078 0.0481037 -0.99827 -152.688 -0.0424911 0.997869 0.0495234 4.82834 0.998525 0.0440919 -0.0316918 13.7075 
-0.0343237 0.0495703 -0.998181 -153.933 -0.0399945 0.997901 0.0509317 4.87035 0.99861 0.04167 -0.0322691 13.6484 
-0.0346124 0.0482405 -0.998236 -155.163 -0.0375033 0.998068 0.0495327 4.91091 0.998697 0.0391516 -0.0327364 13.5861 
-0.0357269 0.0483911 -0.998189 -156.388 -0.0387759 0.998008 0.0497702 4.95271 0.998609 0.0404838 -0.0337794 13.5231 
-0.0361793 0.0532271 -0.997927 -157.619 -0.0393521 0.99773 0.0546433 4.99309 0.99857 0.0412475 -0.0340025 13.4629 
-0.0357814 0.0596663 -0.997577 -158.858 -0.0445731 0.997127 0.0612381 5.04046 0.998365 0.0466563 -0.0330191 13.3905 
-0.0350571 0.0593245 -0.997623 -160.088 -0.048711 0.996949 0.0609961 5.09606 0.998198 0.0507336 -0.0320604 13.3182 
-0.0335527 0.0553226 -0.997905 -161.321 -0.0522897 0.997002 0.0570307 5.15081 0.998068 0.0540937 -0.0305593 13.244 
-0.0308437 0.0499397 -0.998276 -162.568 -0.0548114 0.997164 0.0515775 5.20057 0.99802 0.0563078 -0.0280189 13.1556 
-0.0302735 0.0479452 -0.998391 -163.799 -0.0568057 0.997152 0.0496081 5.24701 0.997926 0.0582161 -0.0274637 13.0932 
-0.0290886 0.045197 -0.998555 -165.027 -0.0514649 0.997585 0.0466523 5.28365 0.998251 0.0527476 -0.0266922 13.0393 
-0.0287977 0.0409777 -0.998745 -166.247 -0.0484069 0.99793 0.04234 5.32085 0.998413 0.0495655 -0.0267544 12.9814 
-0.0296563 0.0379016 -0.998841 -167.472 -0.0417674 0.998361 0.0391235 5.35303 0.998687 0.0428793 -0.0280246 12.9334 
-0.0311367 0.0407276 -0.998685 -168.716 -0.0395311 0.998338 0.0419459 5.39122 0.998733 0.0407852 -0.029475 12.8816 
-0.0306528 0.0471905 -0.998416 -169.955 -0.0401351 0.998021 0.0484041 5.42369 0.998724 0.0415553 -0.0286981 12.8221 
-0.0293343 0.0500458 -0.998316 -171.194 -0.0416464 0.997817 0.0512446 5.46993 0.998702 0.0430795 -0.0271861 12.7641 
-0.0276019 0.0469628 -0.998515 -172.412 -0.0427226 0.997928 0.0481162 5.50928 0.998706 0.0439873 -0.0255384 12.7039 
-0.0273481 0.0468398 -0.998528 -173.634 -0.0446294 0.997848 0.0480303 5.55213 0.998629 0.0458773 -0.0251988 12.6511 
-0.0264527 0.0480244 -0.998496 -174.852 -0.0426791 0.99788 0.0491255 5.58847 0.998739 0.0439144 -0.024347 12.6 
-0.0261167 0.0461535 -0.998593 -176.056 -0.0426685 0.997972 0.0472408 5.62451 0.998748 0.0438423 -0.0240944 12.5499 
-0.0243124 0.0445169 -0.998713 -177.245 -0.0428162 0.998045 0.0455294 5.66197 0.998787 0.0438681 -0.0223588 12.4966 
-0.0229239 0.0462933 -0.998665 -178.398 -0.0445245 0.997889 0.0472793 5.69307 0.998745 0.045549 -0.0208143 12.448 
-0.0218775 0.0483186 -0.998592 -179.53 -0.0441908 0.997809 0.0492488 5.71776 0.998784 0.0452061 -0.0196943 12.4032 
-0.0215273 0.049806 -0.998527 -180.634 -0.0444235 0.997724 0.0507237 5.74624 0.998781 0.04545 -0.0192657 12.359 
-0.0214443 0.0510074 -0.998468 -181.715 -0.0450325 0.997635 0.051932 5.77365 0.998755 0.0460772 -0.0190965 12.3127 
-0.0218782 0.0520672 -0.998404 -182.771 -0.0446128 0.997597 0.0530027 5.8037 0.998765 0.0457012 -0.0195028 12.2699 
-0.0215542 0.0514021 -0.998445 -183.797 -0.0448763 0.997621 0.0523284 5.83335 0.99876 0.0459345 -0.0191962 12.227 
-0.0203036 0.0513668 -0.998473 -184.791 -0.0459401 0.997577 0.0522549 5.86092 0.998738 0.0469309 -0.0178946 12.1893 
-0.0191418 0.0521481 -0.998456 -185.76 -0.0465586 0.997509 0.0529912 5.89067 0.998732 0.0475011 -0.0166662 12.1531 
-0.0202476 0.0506732 -0.99851 -186.708 -0.0446811 0.997671 0.0515367 5.91606 0.998796 0.045658 -0.0179363 12.1225 
-0.0238888 0.0480311 -0.99856 -187.65 -0.0425074 0.997893 0.0490159 5.9393 0.998811 0.0436172 -0.0217968 12.0886 
-0.0292322 0.0445505 -0.998579 -188.583 -0.0424358 0.99805 0.0457692 5.96419 0.998672 0.0437135 -0.0272846 12.0434 
-0.0344688 0.0413532 -0.99855 -189.511 -0.0436367 0.998128 0.0428421 5.99246 0.998453 0.0450502 -0.0325997 11.9949 
-0.0386039 0.0405732 -0.998431 -190.44 -0.0460634 0.998041 0.0423384 6.01865 0.998192 0.0476256 -0.0366593 11.938 
-0.041623 0.0409572 -0.998294 -191.372 -0.0473471 0.997956 0.0429174 6.049 0.998011 0.0490527 -0.0395988 11.8725 
-0.0439955 0.0426533 -0.998121 -192.304 -0.0459814 0.997943 0.0446725 6.07703 0.997973 0.0478604 -0.0419437 11.8187 
-0.0460806 0.0443788 -0.997951 -193.239 -0.0429561 0.998001 0.0463644 6.10197 0.998014 0.0450047 -0.0440821 11.7681 
-0.0480501 0.0445511 -0.997851 -194.156 -0.0412744 0.998063 0.0465481 6.13202 0.997992 0.0434224 -0.0461182 11.7148 
-0.0495931 0.0435404 -0.99782 -195.061 -0.0412938 0.998106 0.0456052 6.15521 0.997916 0.0434655 -0.0477012 11.659 
-0.0504421 0.0419063 -0.997847 -195.971 -0.0427322 0.998114 0.0440777 6.18711 0.997812 0.0448636 -0.0485562 11.5924 
-0.0504508 0.0410968 -0.997881 -196.88 -0.0461399 0.99799 0.043434 6.21196 0.99766 0.0482334 -0.0484532 11.526 
-0.0500103 0.0392731 -0.997976 -197.785 -0.0488021 0.997937 0.0417172 6.23505 0.997556 0.0507897 -0.0479905 11.463 
-0.0491938 0.036467 -0.998123 -198.692 -0.0488085 0.998052 0.0388699 6.25971 0.997596 0.0506291 -0.047318 11.3986 
-0.0487573 0.033602 -0.998245 -199.603 -0.0485791 0.998171 0.0359723 6.28354 0.997629 0.0502478 -0.0470358 11.336 
-0.0485234 0.0330535 -0.998275 -200.53 -0.0484277 0.998199 0.0354049 6.30697 0.997647 0.0500622 -0.0468353 11.2773 
-0.0477831 0.0357534 -0.998218 -201.464 -0.0463384 0.998204 0.037971 6.32947 0.997782 0.0480702 -0.0460405 11.2149 
-0.0482149 0.0373923 -0.998137 -202.402 -0.0457893 0.998166 0.0396053 6.34725 0.997787 0.0476136 -0.0464142 11.1575 
-0.0475913 0.0337487 -0.998297 -203.344 -0.0406843 0.998534 0.0356963 6.36818 0.998038 0.0423139 -0.0461485 11.1029 
-0.0474371 0.030578 -0.998406 -204.279 -0.0391823 0.998705 0.0324488 6.39213 0.998105 0.0406592 -0.0461775 11.0462 
-0.0471361 0.030661 -0.998418 -205.222 -0.0436469 0.998511 0.0327245 6.4141 0.997934 0.0451204 -0.0457276 10.9761 
-0.0465971 0.0359386 -0.998267 -206.284 -0.0453328 0.998247 0.0380539 6.41953 0.997885 0.0470275 -0.0448862 10.9139 
-0.0445266 0.0354077 -0.998381 -207.247 -0.0426637 0.998393 0.0373109 6.44673 0.998097 0.044256 -0.0429444 10.853 
-0.0424637 0.0365959 -0.998428 -208.219 -0.041527 0.998401 0.038361 6.47947 0.998235 0.0430907 -0.0408761 10.7949 
-0.0408861 0.041226 -0.998313 -209.196 -0.0420612 0.998192 0.0429436 6.50718 0.998278 0.0437461 -0.0390781 10.7349 
-0.0391527 0.0455874 -0.998193 -210.188 -0.039107 0.998124 0.0471182 6.53322 0.998468 0.0408811 -0.0372964 10.6806 
-0.0380147 0.0458962 -0.998223 -211.183 -0.038697 0.998128 0.0473655 6.56869 0.998528 0.0404289 -0.0361675 10.6282 
-0.0358551 0.0464585 -0.998277 -212.19 -0.0418073 0.997975 0.0479461 6.60262 0.998482 0.0434544 -0.0338402 10.5691 
-0.0330893 0.0478036 -0.998309 -213.214 -0.0443463 0.997802 0.0492492 6.64375 0.998468 0.0459009 -0.0308967 10.5161 
-0.0296879 0.0478861 -0.998412 -214.239 -0.0455912 0.997747 0.0492099 6.67959 0.998519 0.0469798 -0.0274379 10.4657 
-0.0268923 0.0452033 -0.998616 -215.262 -0.0486349 0.997735 0.0464731 6.71525 0.998455 0.0498174 -0.024633 10.4169 
-0.0239487 0.0420137 -0.99883 -216.295 -0.0482452 0.997904 0.0431315 6.7484 0.998548 0.0492217 -0.0218715 10.3711 
-0.0224311 0.0413158 -0.998894 -217.342 -0.0474124 0.997978 0.0423425 6.7798 0.998624 0.0483098 -0.0204268 10.3312 
-0.0209995 0.0434603 -0.998834 -218.39 -0.0480452 0.997857 0.0444279 6.81138 0.998624 0.0489222 -0.0188664 10.2896 
-0.0197407 0.0466631 -0.998716 -219.457 -0.0493991 0.997645 0.0475895 6.84673 0.998584 0.0502752 -0.0173891 10.2472 
-0.0182051 0.0462984 -0.998762 -220.52 -0.0494467 0.997663 0.0471488 6.88154 0.998611 0.0502438 -0.0158732 10.2047 
-0.0172476 0.043694 -0.998896 -221.588 -0.0484232 0.997836 0.0444837 6.91553 0.998678 0.0491371 -0.0150945 10.1643 
-0.0172774 0.0409321 -0.999013 -222.664 -0.0454684 0.998096 0.0416809 6.94723 0.998816 0.0461436 -0.0153834 10.1291 
-0.0172093 0.0399101 -0.999055 -223.751 -0.0438212 0.998213 0.0406313 6.97887 0.998891 0.0444791 -0.0154297 10.0932 
-0.0172855 0.0387344 -0.9991 -224.846 -0.0439407 0.998255 0.0394619 7.01283 0.998885 0.0445833 -0.0155533 10.0576 
-0.0169524 0.0385127 -0.999114 -225.946 -0.0437859 0.998271 0.0392232 7.04489 0.998897 0.0444121 -0.0152367 10.0189 
-0.0173172 0.0393295 -0.999076 -227.052 -0.0453724 0.998166 0.0400801 7.07409 0.99882 0.0460246 -0.0155009 9.97779 
-0.0177425 0.0414508 -0.998983 -228.168 -0.0458303 0.998056 0.0422263 7.1069 0.998792 0.0465329 -0.0158083 9.93762 
-0.0192021 0.0431683 -0.998883 -229.286 -0.0457923 0.997981 0.0440096 7.13867 0.998766 0.0465863 -0.0171866 9.90225 
-0.0199603 0.0448332 -0.998795 -230.421 -0.0469955 0.997848 0.0457298 7.17699 0.998696 0.0478517 -0.0178103 9.85965 
-0.0209049 0.0459753 -0.998724 -231.567 -0.0491012 0.99769 0.0469555 7.20779 0.998575 0.0500202 -0.0185992 9.81439 
-0.0222306 0.0447626 -0.99875 -232.724 -0.0510669 0.997642 0.0458496 7.24563 0.998448 0.0520224 -0.0198923 9.76389 
-0.023134 0.0402095 -0.998923 -233.888 -0.0497254 0.997908 0.0413202 7.28299 0.998495 0.0506279 -0.0210862 9.71149 
-0.0239474 0.0341087 -0.999131 -235.066 -0.0468397 0.998282 0.0352024 7.31833 0.998615 0.047642 -0.0223086 9.65589 
-0.0256457 0.0299824 -0.999221 -236.239 -0.0418458 0.998642 0.0310391 7.34252 0.998795 0.0426092 -0.0243562 9.60108 
-0.0277887 0.030561 -0.999147 -237.423 -0.0358068 0.998861 0.0315481 7.36275 0.998972 0.0366529 -0.0266628 9.55097 
-0.0301618 0.0345026 -0.998949 -238.616 -0.0315611 0.998873 0.0354529 7.39066 0.999047 0.0325973 -0.0290388 9.49923 
-0.0321109 0.0369673 -0.9988 -239.827 -0.0290442 0.998859 0.0379033 7.41855 0.999062 0.0302265 -0.0310006 9.43867 
-0.0341091 0.0363315 -0.998758 -241.033 -0.0277197 0.99892 0.037284 7.45029 0.999034 0.028957 -0.0330651 9.37294 
-0.0364117 0.0370316 -0.998651 -242.246 -0.0274737 0.998898 0.0380425 7.47825 0.998959 0.0288218 -0.0353542 9.30894 
-0.0385538 0.0386975 -0.998507 -243.457 -0.0264879 0.998859 0.0397339 7.5039 0.998905 0.0279803 -0.0374848 9.23827 
-0.0406827 0.0382429 -0.99844 -244.677 -0.025508 0.998902 0.0392999 7.536 0.998847 0.0270671 -0.0396625 9.16139 
-0.0432517 0.0369427 -0.998381 -245.905 -0.0255348 0.998949 0.0380699 7.56365 0.998738 0.0271401 -0.0422629 9.08755 
-0.0458334 0.0366177 -0.998278 -247.138 -0.0250835 0.998971 0.0377948 7.5951 0.998634 0.0267726 -0.0448677 9.00932 
-0.0482895 0.0376702 -0.998123 -248.385 -0.0252501 0.998923 0.038922 7.62453 0.998514 0.0270822 -0.0472863 8.92658 
-0.0509247 0.0380514 -0.997977 -249.632 -0.0252254 0.998906 0.039374 7.65283 0.998384 0.0271795 -0.0499091 8.84274 
-0.0534001 0.0389621 -0.997813 -250.891 -0.0263574 0.998835 0.0404126 7.68382 0.998225 0.0284578 -0.052311 8.75035 
-0.0559426 0.0404682 -0.997614 -252.146 -0.0280689 0.99872 0.0420871 7.71895 0.998039 0.0303564 -0.0547351 8.65697 
-0.0574734 0.0410394 -0.997503 -253.401 -0.0293729 0.998653 0.0427791 7.75426 0.997915 0.0317582 -0.0561905 8.56035 
-0.0587215 0.0412239 -0.997423 -254.661 -0.0315487 0.998571 0.0431288 7.79128 0.997776 0.034 -0.057337 8.46183 
-0.0587971 0.04107 -0.997425 -255.93 -0.0317919 0.99857 0.0429913 7.82631 0.997764 0.0342378 -0.0574073 8.36143 
-0.0588125 0.0401118 -0.997463 -257.199 -0.0310335 0.998636 0.0419887 7.85662 0.997787 0.0334242 -0.0574874 8.25809 
-0.0587423 0.0391201 -0.997506 -258.458 -0.0279638 0.998775 0.0408166 7.88834 0.997881 0.0302918 -0.0575764 8.16662 
-0.0592557 0.0389409 -0.997483 -259.722 -0.0265877 0.998823 0.0405727 7.91889 0.997889 0.028925 -0.0581506 8.07132 
-0.0592337 0.039422 -0.997465 -260.989 -0.026799 0.998797 0.0410661 7.95005 0.997884 0.0291637 -0.058106 7.97046 
-0.0591778 0.0393802 -0.99747 -262.247 -0.0257806 0.998828 0.0409633 7.98095 0.997915 0.0281395 -0.0580932 7.87023 
-0.0588826 0.0400289 -0.997462 -263.513 -0.0253389 0.998814 0.0415789 8.01601 0.997943 0.0277229 -0.0577985 7.76681 
-0.0591698 0.0410303 -0.997404 -264.78 -0.022864 0.998837 0.0424457 8.04574 0.997986 0.0253162 -0.0581628 7.67241 
-0.0594164 0.0438028 -0.997272 -266.034 -0.0183731 0.99882 0.0449654 8.07439 0.998064 0.0209947 -0.0585415 7.58254 
-0.0600257 0.0475402 -0.997064 -267.279 -0.0153401 0.998703 0.0485419 8.10775 0.998079 0.0182088 -0.0592186 7.49357 
-0.0601481 0.049916 -0.996941 -268.527 -0.0132841 0.99862 0.0508016 8.14836 0.998101 0.0162991 -0.0594021 7.40072 
-0.0602587 0.0482563 -0.997016 -269.76 -0.0134804 0.9987 0.0491526 8.18699 0.998092 0.0164021 -0.0595299 7.30455 
-0.0604984 0.0467073 -0.997075 -270.977 -0.0157302 0.998736 0.0477396 8.22433 0.998044 0.0185724 -0.0596872 7.20657 
-0.0608603 0.0492029 -0.996933 -272.212 -0.0214895 0.998488 0.0505915 8.26765 0.997915 0.0245026 -0.059711 7.09822 
-0.0609541 0.0550939 -0.996619 -273.446 -0.0267671 0.998026 0.0568088 8.30857 0.997782 0.0301394 -0.0593591 6.99024 
-0.060669 0.0543594 -0.996677 -274.673 -0.0306427 0.997944 0.0562938 8.35333 0.997688 0.0339562 -0.0588785 6.88433 
-0.0604695 0.0478191 -0.997024 -275.892 -0.0304117 0.9983 0.0497248 8.3966 0.997707 0.0333281 -0.0589125 6.78512 
-0.0608035 0.0422366 -0.997256 -277.13 -0.0272475 0.998662 0.0439574 8.43987 0.997778 0.0298455 -0.0595713 6.68629 
-0.0607154 0.0415226 -0.997291 -278.364 -0.0215264 0.998848 0.042898 8.47493 0.997923 0.0240727 -0.0597516 6.59668 
-0.0597887 0.0433388 -0.99727 -279.6 -0.0180359 0.998847 0.0444886 8.50586 0.998048 0.0206466 -0.0589382 6.49862 
-0.0581303 0.0452718 -0.997282 -280.835 -0.0173665 0.998774 0.0463518 8.54259 0.998158 0.0200138 -0.0572728 6.40348 
-0.0564781 0.0474501 -0.997276 -282.093 -0.0188388 0.998642 0.0485819 8.58793 0.998226 0.0215314 -0.0555074 6.29047 
-0.055357 0.0487101 -0.997278 -283.309 -0.0201436 0.998552 0.0498904 8.62659 0.998263 0.0228505 -0.0542956 6.19487 
-0.054687 0.0499249 -0.997255 -284.531 -0.020946 0.998472 0.0511344 8.65992 0.998284 0.0236849 -0.0535577 6.10108 
-0.0542001 0.0494608 -0.997304 -285.755 -0.0203502 0.99851 0.0506266 8.69587 0.998323 0.0230394 -0.0531129 6.01418 
-0.0543966 0.0475993 -0.997384 -286.988 -0.021088 0.998586 0.0488067 8.74147 0.998297 0.0236878 -0.0533159 5.93226 
-0.0542621 0.0464454 -0.997446 -288.211 -0.0209373 0.998645 0.0476403 8.77934 0.998307 0.0234689 -0.0532161 5.84342 
-0.0542928 0.0461861 -0.997456 -289.448 -0.0209533 0.998657 0.0473822 8.81463 0.998305 0.0234726 -0.0532522 5.75243 
-0.0536973 0.0461325 -0.997491 -290.678 -0.0215265 0.998647 0.0473448 8.85149 0.998325 0.0240148 -0.0526316 5.65702 
-0.0538515 0.0462523 -0.997477 -291.911 -0.0220264 0.998629 0.0474948 8.89001 0.998306 0.0245285 -0.0527589 5.57182 
-0.0535371 0.0463831 -0.997488 -293.142 -0.021286 0.998641 0.0475792 8.92745 0.998339 0.0237798 -0.052477 5.48379 
-0.0535006 0.0445284 -0.997575 -294.375 -0.021124 0.998731 0.0457129 8.96638 0.998344 0.0235185 -0.0524921 5.38901 
-0.0535028 0.0420561 -0.997682 -295.601 -0.0209536 0.998845 0.0432288 9.00112 0.998348 0.0232179 -0.0525598 5.29629 
-0.0538577 0.0392927 -0.997775 -296.821 -0.0220429 0.998935 0.0405282 9.03277 0.998305 0.0241767 -0.0529343 5.20125 
-0.0544337 0.0376772 -0.997806 -298.052 -0.0233509 0.998967 0.0389949 9.06446 0.998244 0.0254224 -0.0534976 5.1148 
-0.0549959 0.0378118 -0.99777 -299.291 -0.026452 0.998877 0.0393118 9.09025 0.998136 0.028555 -0.053934 5.01786 
-0.0550646 0.0387987 -0.997729 -300.533 -0.0298091 0.998736 0.040483 9.1208 0.998038 0.0319706 -0.0538384 4.91396 
-0.0554287 0.0397752 -0.99767 -301.775 -0.0334299 0.998572 0.0416685 9.14884 0.997903 0.0356616 -0.0540198 4.81282 
-0.0554882 0.0394982 -0.997678 -303.018 -0.0351688 0.99852 0.0414875 9.18581 0.99784 0.0373892 -0.0540169 4.71088 
-0.056141 0.037094 -0.997734 -304.249 -0.0345057 0.998641 0.0390693 9.21949 0.997826 0.036621 -0.0547848 4.61916 
-0.0569748 0.0352733 -0.997752 -305.489 -0.032016 0.998797 0.0371385 9.24416 0.997862 0.03406 -0.0557769 4.5281 
-0.0582816 0.0351016 -0.997683 -306.724 -0.029325 0.99889 0.0368572 9.27228 0.997869 0.0314051 -0.0571876 4.43793 
-0.0596265 0.0373382 -0.997522 -307.967 -0.0271404 0.99887 0.0390109 9.29692 0.997852 0.0293993 -0.0585457 4.35197 
