1 2.12261e-08 -2.11895e-08 0 2.12261e-08 1 2.10703e-08 0 -2.11895e-08 2.10703e-08 1 0 
0.999998 0.000777295 0.00180649 -0.00887439 -0.000775749 0.999999 -0.000832905 -0.00732818 -0.00180718 0.000831544 0.999998 0.449534 
0.999991 0.0021843 0.00363276 -0.0177035 -0.00217785 0.999996 -0.00176777 -0.0135637 -0.00363665 0.00175988 0.999992 0.912378 
0.99998 0.00335264 0.00542067 -0.0269482 -0.00333948 0.999992 -0.00242766 -0.0196296 -0.00542881 0.00240955 0.999982 1.38994 
0.999969 0.00363021 0.00704466 -0.0342864 -0.00361308 0.999991 -0.00243686 -0.0247271 -0.00705348 0.00241138 0.999972 1.88196 
0.999957 0.00305268 0.00871498 -0.039303 -0.00303305 0.999993 -0.00226004 -0.0323915 -0.00872186 0.00223355 0.99996 2.3821 
0.999941 0.0024424 0.010607 -0.0420262 -0.00243241 0.999997 -0.000951421 -0.0426984 -0.0106094 0.000925606 0.999943 2.89214 
0.99992 0.00247117 0.012393 -0.0477629 -0.00247731 0.999997 0.000483123 -0.0494541 -0.0123918 -0.000513744 0.999923 3.40277 
0.999909 0.00301345 0.0131444 -0.0486809 -0.00303661 0.999994 0.00174568 -0.058535 -0.0131391 -0.00178539 0.999912 3.91991 
0.999895 0.00382084 0.01401 -0.0530033 -0.00384574 0.999991 0.00175403 -0.0680611 -0.0140032 -0.00180768 0.9999 4.43788 
0.999874 0.00491028 0.0151162 -0.0572319 -0.00492907 0.999987 0.00120887 -0.0738841 -0.0151101 -0.00128319 0.999885 4.95177 
0.999863 0.00499669 0.0157647 -0.0577527 -0.00501375 0.999987 0.00104583 -0.081835 -0.0157593 -0.00112468 0.999875 5.47501 
0.999843 0.00624226 0.0165675 -0.0598563 -0.00624978 0.99998 0.000404592 -0.0901666 -0.0165646 -0.00050803 0.999863 6.00329 
0.999822 0.00719875 0.0174271 -0.0605208 -0.00719509 0.999974 -0.000270092 -0.0980689 -0.0174287 0.000144696 0.999848 6.53752 
0.999795 0.0083748 0.0184597 -0.0622717 -0.00836821 0.999965 -0.000432038 -0.10618 -0.0184627 0.000277517 0.99983 7.07423 
0.999773 0.00896366 0.0193211 -0.0636067 -0.00894622 0.99996 -0.000986354 -0.116974 -0.0193292 0.000813321 0.999813 7.61684 
0.999736 0.0101983 0.0205863 -0.0626323 -0.0101729 0.999947 -0.00133647 -0.126157 -0.0205989 0.00112674 0.999787 8.16328 
0.999664 0.0113398 0.0233083 -0.0587232 -0.0113086 0.999935 -0.00146892 -0.134194 -0.0233235 0.00120488 0.999727 8.71421 
0.999556 0.0120781 0.0272569 -0.0535284 -0.0120314 0.999926 -0.0018743 -0.144401 -0.0272776 0.00154556 0.999627 9.27746 
0.999437 0.0121084 0.031276 -0.04466 -0.0120422 0.999925 -0.00230376 -0.154289 -0.0313016 0.00192587 0.999508 9.84451 
0.99928 0.0115596 0.0361278 -0.0308753 -0.0114655 0.99993 -0.0028095 -0.164644 -0.0361578 0.00239329 0.999343 10.4232 
0.999046 0.011978 0.0420008 -0.0125213 -0.011876 0.999926 -0.00267537 -0.175329 -0.0420298 0.00217406 0.999114 11.0061 
0.998753 0.0119872 0.0484726 -0.00177868 -0.0118947 0.999927 -0.00219388 -0.185982 -0.0484954 0.00161461 0.998822 11.5879 
0.998439 0.012087 0.0545375 0.0246065 -0.011947 0.999924 -0.00289119 -0.195463 -0.0545684 0.00223516 0.998508 12.1864 
0.998098 0.0103261 0.0607823 0.0564929 -0.0101127 0.999942 -0.00381668 -0.207561 -0.0608182 0.00319479 0.998144 12.7966 
0.997712 0.00958568 0.066929 0.0920468 -0.00932139 0.999948 -0.00425932 -0.216493 -0.0669663 0.00362574 0.997749 13.4141 
0.99725 0.0122927 0.0730912 0.130089 -0.011869 0.99991 -0.00622792 -0.227099 -0.0731613 0.00534332 0.997306 14.048 
0.996713 0.0160724 0.0794059 0.16396 -0.0153743 0.999838 -0.00939487 -0.238123 -0.079544 0.00814322 0.996798 14.6885 
0.996253 0.0133015 0.0854603 0.208718 -0.0125403 0.999877 -0.00943675 -0.251256 -0.0855754 0.00832973 0.996297 15.3591 
0.995894 0.00599434 0.0903327 0.267806 -0.00538376 0.999961 -0.0070009 -0.253446 -0.0903712 0.00648586 0.995887 16.0341 
0.995462 0.000210642 0.0951608 0.330432 0.000131604 0.999994 -0.00358975 -0.258917 -0.095161 0.00358602 0.995455 16.7313 
0.995066 0.00152547 0.0992043 0.391458 -0.00144893 0.999999 -0.000843154 -0.252714 -0.0992055 0.000695294 0.995067 17.4379 
0.994862 0.000455643 0.101242 0.455489 -0.000346377 0.999999 -0.0010964 -0.257616 -0.101242 0.00105574 0.994861 18.1683 
0.994848 -0.0035389 0.101319 0.523128 0.00384595 0.999989 -0.00283492 -0.262101 -0.101308 0.00321002 0.99485 18.9054 
0.994949 -0.00893485 0.0999836 0.583293 0.00949415 0.999942 -0.00511904 -0.262643 -0.0999321 0.00604248 0.994976 19.6433 
0.995418 -0.0116979 0.0948995 0.648286 0.0122797 0.999909 -0.00554795 -0.274175 -0.094826 0.0066879 0.995471 20.4172 
0.996094 -0.0109757 0.0876103 0.695445 0.0115081 0.999918 -0.00557304 -0.288298 -0.087542 0.00655954 0.996139 21.2043 
0.996865 -0.0107204 0.07839 0.73926 0.0110663 0.999931 -0.00397908 -0.296639 -0.078342 0.00483414 0.996915 22.0174 
0.997579 -0.0108587 0.0686831 0.778308 0.011013 0.999938 -0.00186691 -0.307979 -0.0686586 0.00261884 0.997637 22.8349 
0.998174 -0.00976476 0.0596158 0.804022 0.00971005 0.999952 0.00120809 -0.322582 -0.0596247 -0.000626975 0.998221 23.6618 
0.998627 -0.00954479 0.0515112 0.828125 0.00937886 0.99995 0.00346277 -0.333149 -0.0515417 -0.00297485 0.998666 24.4967 
0.998968 -0.0080163 0.0447104 0.843682 0.00783861 0.999961 0.00414919 -0.341385 -0.044742 -0.0037944 0.998991 25.3357 
0.999215 -0.00691735 0.0389986 0.858828 0.00673679 0.999966 0.00476039 -0.353035 -0.0390303 -0.00449389 0.999228 26.1749 
0.999415 -0.00544598 0.0337667 0.869943 0.00528764 0.999975 0.00477803 -0.363618 -0.0337919 -0.00459665 0.999418 27.0053 
0.999571 -0.0050709 0.0288392 0.872253 0.00493715 0.999977 0.00470847 -0.376827 -0.0288624 -0.00456402 0.999573 27.8407 
0.99969 -0.00445869 0.0244857 0.865907 0.00435826 0.999982 0.00415501 -0.388171 -0.0245038 -0.00404697 0.999692 28.6724 
0.999795 -0.00321771 0.0199875 0.865199 0.00312431 0.999984 0.00470467 -0.399684 -0.0200023 -0.00464122 0.999789 29.5042 
0.999862 -0.00114946 0.0165965 0.859289 0.00105781 0.999984 0.00553209 -0.416278 -0.0166026 -0.00551373 0.999847 30.344 
0.999899 0.00167093 0.0140984 0.849635 -0.00176156 0.999978 0.0064217 -0.430281 -0.0140874 -0.00644584 0.99988 31.1757 
0.999918 0.00278278 0.0124798 0.8395 -0.002863 0.999975 0.00641769 -0.443623 -0.0124617 -0.00645285 0.999902 31.9982 
0.999925 0.00356234 0.0116824 0.832453 -0.00363296 0.999975 0.0060324 -0.455573 -0.0116607 -0.00607435 0.999914 32.8105 
0.999923 0.00572127 0.0110204 0.819833 -0.00577286 0.999973 0.00465901 -0.467681 -0.0109935 -0.00472222 0.999928 33.6199 
0.999918 0.00805053 0.00999615 0.814283 -0.00809563 0.999957 0.00448386 -0.479552 -0.00995966 -0.00456438 0.99994 34.4172 
0.999904 0.0100789 0.00947874 0.80047 -0.0101268 0.999936 0.00502231 -0.491403 -0.00942756 -0.00511778 0.999943 35.2101 
0.999893 0.011738 0.00878408 0.792171 -0.0117875 0.999915 0.00560988 -0.507282 -0.00871753 -0.00571278 0.999946 35.9921 
0.999879 0.0131395 0.00835674 0.779775 -0.013187 0.999897 0.00565225 -0.519499 -0.00828165 -0.00576173 0.999949 36.7583 
0.999854 0.0151779 0.00780599 0.768463 -0.0152219 0.999868 0.00560702 -0.533164 -0.00771991 -0.00572499 0.999954 37.5042 
0.999817 0.0175484 0.00762145 0.757038 -0.0175947 0.999827 0.00605469 -0.545825 -0.00751393 -0.00618764 0.999953 38.2443 
0.999753 0.0207601 0.00794681 0.74416 -0.0208078 0.999766 0.0059648 -0.555543 -0.00782116 -0.00612864 0.999951 38.9679 
0.999652 0.0245894 0.00958218 0.73123 -0.0246475 0.999678 0.00599397 -0.568179 -0.00943175 -0.00622802 0.999936 39.6746 
0.999574 0.0264606 0.012309 0.726373 -0.0265212 0.999637 0.00478606 -0.58088 -0.0121779 -0.00511043 0.999913 40.3771 
0.999489 0.0276503 0.0160105 0.725527 -0.0277155 0.999608 0.00387093 -0.5954 -0.0158972 -0.00431266 0.999864 41.0518 
0.999408 0.0271731 0.021089 0.72737 -0.0272625 0.99962 0.00396565 -0.60503 -0.0209733 -0.0045382 0.99977 41.7352 
0.999252 0.0281574 0.0265266 0.731078 -0.028278 0.999591 0.00418457 -0.616862 -0.0263979 -0.00493152 0.999639 42.4049 
0.999057 0.0285937 0.0326639 0.740856 -0.0287609 0.999575 0.00466146 -0.629989 -0.0325168 -0.00559647 0.999456 43.0518 
0.998806 0.0278239 0.0401513 0.753709 -0.0280511 0.999593 0.00510915 -0.640302 -0.0399928 -0.0062293 0.999181 43.6829 
0.998439 0.027546 0.0485892 0.777184 -0.0278179 0.999601 0.00492787 -0.651369 -0.0484341 -0.00627179 0.998807 44.3044 
0.997865 0.0279637 0.0590202 0.805356 -0.0282985 0.999588 0.00484579 -0.664459 -0.0588604 -0.00650559 0.998245 44.9142 
0.997102 0.0274053 0.0709716 0.841396 -0.0277933 0.999604 0.00448605 -0.672045 -0.0708206 -0.00644554 0.997468 45.5103 
0.996172 0.0261089 0.0834277 0.888701 -0.0265716 0.999637 0.00444151 -0.681566 -0.0832815 -0.00664127 0.996504 46.0951 
0.994999 0.0254861 0.0965804 0.939248 -0.0259835 0.999655 0.00389606 -0.692064 -0.0964478 -0.00638603 0.995318 46.6697 
0.993441 0.0253837 0.111492 0.996402 -0.0259823 0.999655 0.00391955 -0.702734 -0.111354 -0.00679064 0.993758 47.229 
0.991479 0.0249706 0.127852 1.06821 -0.0257169 0.999661 0.0041897 -0.71403 -0.127704 -0.00744191 0.991784 47.7798 
0.989034 0.0273411 0.145134 1.14755 -0.028124 0.999599 0.00334549 -0.722766 -0.144984 -0.00739052 0.989406 48.3188 
0.985795 0.025874 0.165951 1.23946 -0.0266537 0.999642 0.00247311 -0.734203 -0.165827 -0.00686114 0.986131 48.844 
0.981548 0.0290809 0.188991 1.33968 -0.0298964 0.999552 0.00146561 -0.746696 -0.188864 -0.00708869 0.981978 49.3603 
0.976376 0.0280246 0.214255 1.45667 -0.0285378 0.999593 -0.000697862 -0.762724 -0.214187 -0.00543295 0.976778 49.8593 
0.97023 0.0269173 0.240687 1.58671 -0.0268636 0.999633 -0.00350477 -0.774718 -0.240693 -0.00306523 0.970597 50.3402 
0.962855 0.0259166 0.268773 1.72836 -0.0251358 0.999664 -0.00634604 -0.783344 -0.268847 -0.000645483 0.963183 50.8057 
0.954154 0.0236912 0.298379 1.88316 -0.0224638 0.999719 -0.00754249 -0.796121 -0.298474 0.000494001 0.954418 51.2555 
0.943855 0.0262491 0.329315 2.03794 -0.0242825 0.999654 -0.0100839 -0.805017 -0.329466 0.00152122 0.944166 51.687 
0.932266 0.0265345 0.3608 2.20856 -0.024661 0.999648 -0.00979642 -0.822611 -0.360933 0.000235214 0.932592 52.1047 
0.919153 0.0256572 0.393065 2.3873 -0.0242452 0.999669 -0.00855749 -0.838241 -0.393154 -0.00166427 0.919471 52.5063 
0.904109 0.0244613 0.426602 2.58242 -0.0234571 0.999696 -0.00760908 -0.858692 -0.426658 -0.00312738 0.904408 52.8831 
0.886836 0.0239943 0.461462 2.78185 -0.0229054 0.999706 -0.00796134 -0.873278 -0.461517 -0.00350954 0.887124 53.2436 
0.867451 0.0236659 0.496959 2.98705 -0.0220143 0.999716 -0.00918149 -0.884917 -0.497035 -0.00297566 0.867726 53.5824 
0.846151 0.0229616 0.532448 3.2111 -0.020188 0.999735 -0.0110308 -0.898043 -0.53256 -0.00141525 0.846391 53.9072 
0.822756 0.0219259 0.567971 3.44349 -0.0177152 0.999759 -0.0129324 -0.906954 -0.568118 0.000578534 0.822947 54.2115 
0.797285 0.0187812 0.603311 3.69055 -0.0137339 0.999822 -0.012975 -0.923024 -0.603447 0.002059 0.7974 54.5041 
0.769175 0.0151984 0.638857 3.9479 -0.0106581 0.999883 -0.0109549 -0.934936 -0.638949 0.00161727 0.769248 54.7867 
0.739176 0.0109552 0.673423 4.21777 -0.00795048 0.99994 -0.00754016 -0.943192 -0.673465 0.000219496 0.739219 55.0557 
0.706998 0.00728566 0.707178 4.4985 -0.00657777 0.999971 -0.00372598 -0.955835 -0.707185 -0.00201738 0.707026 55.3078 
0.671697 0.00499903 0.740809 4.78531 -0.00770601 0.99997 0.000239296 -0.96582 -0.740786 -0.0058694 0.671715 55.5451 
0.633876 0.00131679 0.773433 5.07883 -0.00576118 0.999979 0.00301921 -0.971624 -0.773413 -0.00636968 0.633871 55.7636 
0.59455 -0.00237631 0.804055 5.3828 -0.00313056 0.999981 0.00527027 -0.982104 -0.804052 -0.00565056 0.594532 55.9553 
0.552338 -0.00444214 0.833608 5.69762 0.000282705 0.999987 0.00514148 -0.986593 -0.83362 -0.00260416 0.552332 56.1296 
0.507377 -0.00357709 0.861717 6.02945 0.00126476 0.999993 0.00340646 -0.996675 -0.861723 -0.000638478 0.507378 56.2984 
0.460333 -0.00107803 0.887746 6.3752 0.000189866 0.999999 0.00111594 -1.00073 -0.887746 -0.000345142 0.460333 56.4578 
0.410792 0.00169695 0.911728 6.74065 -0.00283091 0.999996 -0.000585673 -1.00286 -0.911725 -0.00234042 0.410795 56.6081 
0.360554 0.00443144 0.932728 7.12619 -0.00678869 0.999975 -0.00212665 -1.00231 -0.932714 -0.00556522 0.360575 56.7399 
0.310778 0.00479871 0.95047 7.52335 -0.00903674 0.999957 -0.00209374 -1.00922 -0.950439 -0.00793846 0.310808 56.8446 
0.262328 0.00471125 0.964967 7.93655 -0.00729459 0.999969 -0.00289904 -1.01336 -0.964951 -0.00627853 0.262354 56.9306 
0.217122 0.00407674 0.976136 8.36959 -0.0054067 0.999981 -0.00297367 -1.01658 -0.97613 -0.00463202 0.21714 57.0036 
0.175328 0.0019753 0.984508 8.82099 -0.00544932 0.999985 -0.00103585 -1.02237 -0.984495 -0.00518328 0.175336 57.0647 
0.136582 -0.000142871 0.990629 9.30085 -0.00536051 0.999985 0.000883339 -1.02437 -0.990614 -0.00543092 0.136579 57.1139 
0.100264 -0.0020535 0.994959 9.8005 -0.0060555 0.999978 0.00267413 -1.03073 -0.994942 -0.00629309 0.100249 57.1503 
0.067636 -0.00330967 0.997705 10.3181 -0.00482168 0.999982 0.00364414 -1.03604 -0.997698 -0.00505708 0.0676189 57.1705 
0.0384478 -0.00376164 0.999254 10.8548 -0.0045995 0.999982 0.00394139 -1.03817 -0.99925 -0.0047476 0.0384298 57.1776 
0.0117815 -0.00170175 0.999929 11.4122 -0.00683097 0.999975 0.00178235 -1.04139 -0.999907 -0.00685148 0.0117695 57.1838 
-0.0104293 0.00096259 0.999945 11.9897 -0.010681 0.999942 -0.00107395 -1.04116 -0.999889 -0.0106916 -0.0104184 57.1766 
-0.0300964 0.00175025 0.999546 12.5889 -0.0108082 0.999939 -0.00207633 -1.04666 -0.999489 -0.0108658 -0.0300756 57.1592 
-0.0471184 0.00225972 0.998887 13.2063 -0.00658854 0.999975 -0.00257293 -1.05205 -0.998868 -0.00670244 -0.0471023 57.1222 
-0.0628379 0.00206545 0.998022 13.8396 -0.00461721 0.999987 -0.00236018 -1.05787 -0.998013 -0.00475639 -0.0628275 57.0799 
-0.0783776 0.000870829 0.996923 14.4972 -0.0051384 0.999986 -0.00127744 -1.06568 -0.996911 -0.00522271 -0.0783721 57.0369 
-0.0929398 0.00204575 0.99567 15.1684 -0.00415313 0.999988 -0.00244226 -1.07285 -0.995663 -0.00436213 -0.0929302 56.976 
-0.105232 0.00409001 0.994439 15.8574 -0.00272723 0.999987 -0.00440138 -1.07867 -0.994444 -0.00317523 -0.10522 56.9068 
-0.114551 0.00651508 0.993396 16.5581 0.00411288 0.999973 -0.00608391 -1.088 -0.993409 0.0033888 -0.114574 56.8195 
-0.120268 0.00935242 0.992697 17.2805 0.0115691 0.999901 -0.00801862 -1.0978 -0.992674 0.0105202 -0.120364 56.7288 
-0.122365 0.00944764 0.99244 18.0305 0.016575 0.999835 -0.00747434 -1.11212 -0.992347 0.0155351 -0.122502 56.6362 
-0.121874 0.00791178 0.992514 18.793 0.0176714 0.999827 -0.00580011 -1.12428 -0.992388 0.0168322 -0.121993 56.5502 
-0.119249 0.00709946 0.992839 19.5781 0.0211258 0.999766 -0.00461155 -1.13604 -0.99264 0.0204246 -0.119371 56.4724 
-0.114591 0.00615505 0.993394 20.3655 0.0231574 0.999726 -0.00352296 -1.15027 -0.993143 0.0226007 -0.114703 56.391 
-0.11022 0.00718558 0.993881 21.1664 0.0213368 0.999761 -0.00486182 -1.16204 -0.993678 0.0206703 -0.110347 56.3222 
-0.106119 0.00820398 0.99432 21.968 0.0210213 0.999761 -0.00600533 -1.17334 -0.994131 0.0202646 -0.106266 56.2572 
-0.101565 0.0075725 0.9948 22.7753 0.0257129 0.999657 -0.00498424 -1.18961 -0.994497 0.025073 -0.101725 56.184 
-0.0978431 0.00554844 0.995186 23.5865 0.031505 0.999501 -0.00247499 -1.20548 -0.994703 0.0311112 -0.0979691 56.1113 
-0.0938069 0.00220628 0.995588 24.3988 0.0337868 0.999429 0.00096872 -1.21681 -0.995017 0.0337286 -0.0938278 56.0413 
-0.0892865 -0.00151612 0.996005 25.211 0.0369063 0.999307 0.00482964 -1.23419 -0.995322 0.0371901 -0.0891686 55.983 
-0.083716 -0.00434849 0.99648 26.0236 0.0377037 0.999261 0.00752822 -1.24419 -0.995776 0.0382012 -0.0834902 55.9247 
-0.0796584 -0.0057074 0.996806 26.8346 0.0352495 0.999342 0.00853888 -1.25315 -0.996199 0.0358171 -0.0794048 55.8814 
-0.0759357 -0.00710192 0.997087 27.6451 0.0286281 0.999547 0.00929973 -1.25784 -0.996702 0.0292509 -0.075698 55.8479 
-0.0716616 -0.0106565 0.997372 28.462 0.0226733 0.999667 0.0123101 -1.26228 -0.997171 0.0234959 -0.0713961 55.8172 
-0.067287 -0.0120057 0.997661 29.2714 0.0198033 0.999715 0.0133661 -1.26937 -0.997537 0.0206563 -0.06703 55.7863 
-0.0631034 -0.00825002 0.997973 30.0768 0.0205189 0.999744 0.00956215 -1.28097 -0.997796 0.0210807 -0.062918 55.7508 
-0.0597304 -0.000227389 0.998215 30.8843 0.0212038 0.999774 0.00149656 -1.28555 -0.997989 0.0212553 -0.0597121 55.7178 
-0.0569497 0.00590719 0.99836 31.6979 0.019891 0.999791 -0.00478096 -1.29296 -0.998179 0.0195861 -0.0570553 55.687 
-0.0553309 0.00508537 0.998455 32.5211 0.018844 0.999814 -0.00404798 -1.30539 -0.99829 0.018591 -0.0554164 55.6605 
-0.0538364 0.00148677 0.998549 33.3493 0.0216691 0.999765 -0.000320257 -1.31827 -0.998315 0.0216204 -0.0538559 55.6269 
-0.0531207 0.00125601 0.998587 34.175 0.0221408 0.999755 -7.96406e-05 -1.33492 -0.998343 0.0221053 -0.0531354 55.598 
-0.0531725 0.00386878 0.998578 35.0034 0.0200389 0.999795 -0.00280642 -1.34883 -0.998384 0.0198611 -0.0532392 55.5731 
-0.0532569 0.00512436 0.998568 35.8447 0.0131462 0.999904 -0.00443005 -1.36245 -0.998494 0.0128914 -0.0533191 55.5531 
-0.0540642 0.00428466 0.998528 36.6878 0.0115907 0.999926 -0.00366305 -1.3761 -0.99847 0.0113756 -0.0541099 55.522 
-0.0553616 0.00330305 0.998461 37.5416 0.0118759 0.999926 -0.00264937 -1.39158 -0.998396 0.011711 -0.0553967 55.4908 
-0.0569742 0.00711854 0.99835 38.3961 0.0116404 0.999911 -0.00646533 -1.4102 -0.998308 0.0112528 -0.057052 55.4587 
-0.0584389 0.0114781 0.998225 39.2569 0.01182 0.999872 -0.010805 -1.42115 -0.998221 0.0111676 -0.058567 55.4263 
-0.0589685 0.0142568 0.998158 40.1245 0.013623 0.999816 -0.0134757 -1.44172 -0.998167 0.0128033 -0.0591519 55.388 
-0.0602444 0.0152034 0.998068 41.0096 0.0158658 0.999772 -0.0142716 -1.46641 -0.998058 0.0149754 -0.0604719 55.3502 
-0.0609389 0.01641 0.998007 41.902 0.0164119 0.999746 -0.0154364 -1.49421 -0.998007 0.0154385 -0.0611928 55.3067 
-0.0622141 0.0164216 0.997928 42.8064 0.0156271 0.999758 -0.0154775 -1.51357 -0.997941 0.0146318 -0.0624556 55.269 
-0.0631644 0.0115341 0.997937 43.7159 0.0138628 0.999847 -0.0106787 -1.53859 -0.997907 0.0131597 -0.0633147 55.2279 
-0.0645299 0.0100098 0.997866 44.6446 0.0136186 0.999865 -0.00914912 -1.56485 -0.997823 0.0129991 -0.0646575 55.1821 
-0.0662799 0.0132726 0.997713 45.5696 0.0141783 0.999823 -0.0123588 -1.58871 -0.9977 0.0133267 -0.0664563 55.1464 
-0.0667542 0.0172219 0.997621 46.5047 0.0150736 0.999754 -0.01625 -1.60709 -0.997656 0.013953 -0.0669974 55.0964 
-0.0663775 0.0185344 0.997622 47.4495 0.0180625 0.999686 -0.0173709 -1.63218 -0.997631 0.0168665 -0.0666914 55.0424 
-0.0663737 0.015082 0.997681 48.4117 0.0225878 0.999652 -0.013609 -1.66119 -0.997539 0.0216321 -0.0666913 54.9882 
-0.0667886 0.00962933 0.997721 49.3923 0.0242562 0.999674 -0.0080244 -1.67901 -0.997472 0.023665 -0.0670003 54.9338 
-0.0660438 0.00667911 0.997794 50.3846 0.0252369 0.999669 -0.00502119 -1.70243 -0.997498 0.0248496 -0.0661905 54.8821 
-0.064381 0.00818027 0.997892 51.3724 0.0245374 0.999677 -0.00661179 -1.72124 -0.997624 0.02406 -0.0645609 54.8369 
-0.063509 0.0109869 0.997921 52.3632 0.0242411 0.999661 -0.00946326 -1.74059 -0.997687 0.0235896 -0.0637538 54.7904 
-0.063316 0.0129201 0.99791 53.3606 0.0182427 0.999764 -0.0117866 -1.76739 -0.997827 0.0174583 -0.0635368 54.7564 
-0.0639874 0.012756 0.997869 54.3768 0.0154584 0.999811 -0.0117896 -1.78915 -0.997831 0.0146711 -0.0641725 54.7193 
-0.064229 0.00831591 0.997901 55.4031 0.0160928 0.999844 -0.00729626 -1.80623 -0.997805 0.0155904 -0.0643528 54.6663 
-0.0648994 0.00226784 0.997889 56.4451 0.0140967 0.9999 -0.00135556 -1.83032 -0.997792 0.013979 -0.0649248 54.6185 
-0.0656441 0.0025853 0.99784 57.4787 0.0166013 0.999861 -0.00149836 -1.85223 -0.997705 0.016467 -0.0656779 54.5659 
-0.0658334 0.00598746 0.997813 58.512 0.0199011 0.999791 -0.00468626 -1.86947 -0.997632 0.019549 -0.0659388 54.5091 
-0.0668888 0.00885688 0.997721 59.5591 0.0221869 0.999727 -0.0073872 -1.88876 -0.997514 0.0216422 -0.067067 54.4517 
-0.0689416 0.0059335 0.997603 60.6222 0.0222311 0.999743 -0.00440985 -1.91029 -0.997373 0.0218738 -0.0690558 54.3903 
-0.0715045 0.000578801 0.99744 61.6885 0.0235967 0.999721 0.00111152 -1.93179 -0.997161 0.0236158 -0.0714982 54.3295 
-0.0744815 -0.00238904 0.99722 62.759 0.0250724 0.999677 0.0042676 -1.94772 -0.996907 0.0253205 -0.0743975 54.2637 
-0.0781585 -0.001226 0.99694 63.8301 0.0294741 0.999559 0.00353998 -1.9555 -0.996505 0.0296606 -0.0780879 54.1952 
-0.081537 -0.00233084 0.996668 64.9025 0.0325554 0.999457 0.00500075 -1.96983 -0.996139 0.0328547 -0.0814169 54.1218 
-0.0852403 -0.00437538 0.996351 65.9799 0.0362478 0.999315 0.00748953 -1.98511 -0.995701 0.0367539 -0.0850233 54.0439 
-0.0882365 -0.0038929 0.996092 67.0556 0.0402132 0.999163 0.00746714 -1.99669 -0.995288 0.0407149 -0.0880062 53.9705 
-0.090474 -0.000290794 0.995899 68.1187 0.04388 0.999028 0.00427809 -2.01056 -0.994932 0.0440871 -0.0903733 53.8873 
-0.0923018 0.00448846 0.995721 69.1837 0.0464581 0.99892 -0.000196246 -2.02464 -0.994647 0.0462412 -0.0924107 53.8093 
-0.0936338 0.00737413 0.995579 70.2522 0.0497481 0.998758 -0.00271885 -2.0407 -0.994363 0.0492736 -0.0938843 53.7258 
-0.092927 0.00664771 0.995651 71.3267 0.0490309 0.998795 -0.00209247 -2.06196 -0.994465 0.0486232 -0.093141 53.6423 
-0.0903183 0.0041601 0.995904 72.4054 0.0500086 0.998749 0.000363328 -2.08324 -0.994657 0.0498366 -0.0904133 53.5741 
-0.0854056 0.00110357 0.996346 73.4806 0.0533991 0.998567 0.00347132 -2.09606 -0.994914 0.0535004 -0.0853422 53.4909 
-0.0802931 -0.00195038 0.996769 74.552 0.0531989 0.998564 0.00623928 -2.11103 -0.995351 0.053528 -0.0800741 53.4258 
-0.0753322 -0.00532345 0.997144 75.6313 0.0545179 0.998468 0.00944927 -2.12491 -0.995667 0.055074 -0.0749266 53.3672 
-0.0705394 -0.00647927 0.997488 76.7069 0.0558395 0.998385 0.0104339 -2.13788 -0.995945 0.0564352 -0.0700636 53.3106 
-0.0667459 -0.0023082 0.997767 77.7812 0.0563243 0.998394 0.00607752 -2.15109 -0.996179 0.0566042 -0.0665087 53.2586 
-0.0645203 0.00240499 0.997914 78.853 0.0557668 0.998443 0.00119939 -2.16223 -0.996357 0.0557278 -0.064554 53.2117 
-0.063064 0.00231795 0.998007 79.9261 0.056398 0.998408 0.00124495 -2.17603 -0.996415 0.0563641 -0.0630943 53.1615 
-0.0615924 0.000239969 0.998101 81.0073 0.0570197 0.998368 0.00327867 -2.1943 -0.996471 0.0571134 -0.0615056 53.1119 
-0.0594313 0.00302538 0.998228 82.0806 0.057641 0.998337 0.000406092 -2.2138 -0.996567 0.057563 -0.0595068 53.0624 
-0.0574469 0.00908284 0.998307 83.1621 0.057678 0.998319 -0.00576386 -2.23016 -0.996681 0.0572493 -0.0578742 53.0206 
-0.0555611 0.012466 0.998378 84.259 0.057502 0.998302 -0.00926491 -2.24858 -0.996798 0.0568939 -0.0561836 52.9935 
-0.0533175 0.0116858 0.998509 85.3486 0.0574146 0.998313 -0.00861768 -2.27975 -0.996926 0.0568695 -0.0538985 52.957 
-0.0499765 0.0084709 0.998715 86.4383 0.0549808 0.998471 -0.00571751 -2.30732 -0.997236 0.0546244 -0.0503658 52.9276 
-0.0456505 0.00423802 0.998949 87.5312 0.0544742 0.998514 -0.00174675 -2.33041 -0.997471 0.0543372 -0.0458135 52.9001 
-0.0411472 0.00196234 0.999151 88.6172 0.0528428 0.998603 0.000214954 -2.35005 -0.997755 0.0528067 -0.0411934 52.8747 
-0.0375818 0.00610217 0.999275 89.69 0.0488442 0.998797 -0.00426223 -2.37233 -0.998099 0.0486486 -0.0378346 52.8548 
-0.0357519 0.0155965 0.999239 90.7719 0.0455856 0.998863 -0.0139595 -2.39893 -0.998321 0.0450518 -0.0364222 52.8421 
-0.0350798 0.0234991 0.999108 91.8587 0.0397655 0.998965 -0.0220995 -2.43224 -0.998593 0.0389548 -0.035978 52.8382 
-0.0346402 0.0231218 0.999132 92.9439 0.0392929 0.998991 -0.0217562 -2.46807 -0.998627 0.0385052 -0.0355137 52.824 
-0.0335967 0.0170837 0.999289 94.0554 0.0390846 0.999112 -0.0157666 -2.50648 -0.998671 0.0385271 -0.0342346 52.8017 
-0.0348234 0.0108434 0.999335 95.1614 0.0407547 0.999125 -0.00942089 -2.53821 -0.998562 0.0403995 -0.0352348 52.7799 
-0.0363803 0.00509513 0.999325 96.2563 0.0396808 0.999206 -0.0036499 -2.56265 -0.99855 0.0395212 -0.0365536 52.7492 
-0.0385721 -4.22273e-05 0.999256 97.3612 0.0392336 0.999229 0.00155672 -2.59002 -0.998485 0.0392645 -0.0385407 52.7348 
-0.0403449 0.00100559 0.999185 98.4545 0.0400586 0.999197 0.000611915 -2.60261 -0.998383 0.0400507 -0.0403528 52.7027 
-0.0422276 0.00107508 0.999107 99.537 0.0393491 0.999225 0.000587933 -2.62724 -0.998333 0.0393388 -0.0422372 52.675 
-0.0435729 -0.000315349 0.99905 100.615 0.0408177 0.999164 0.00209566 -2.64892 -0.998216 0.0408703 -0.0435236 52.6398 
-0.0444846 0.0014208 0.999009 101.693 0.0414631 0.99914 0.000425353 -2.67164 -0.998149 0.0414409 -0.0445052 52.6074 
-0.0453456 0.00969379 0.998924 102.781 0.0422336 0.999078 -0.00777807 -2.69696 -0.998078 0.0418354 -0.0457131 52.5872 
-0.0453892 0.0174854 0.998816 103.839 0.0393789 0.999101 -0.0157008 -2.72663 -0.998193 0.0386196 -0.0460369 52.554 
-0.0464184 0.0176737 0.998766 104.901 0.0369357 0.99919 -0.0159646 -2.76144 -0.998239 0.0361491 -0.0470336 52.523 
-0.0485502 0.0117729 0.998751 105.973 0.0324467 0.999421 -0.0102035 -2.79571 -0.998294 0.0319108 -0.0489041 52.4952 
-0.0513538 0.00402319 0.998672 107.035 0.02624 0.999652 -0.00267778 -2.82122 -0.998336 0.0260676 -0.0514415 52.4653 
-0.0534641 -0.00413645 0.998561 108.091 0.0245712 0.999683 0.00545671 -2.84072 -0.998267 0.0248276 -0.0533456 52.4342 
-0.0548779 -0.0107102 0.998436 109.141 0.0281348 0.999529 0.0122684 -2.85791 -0.998097 0.028764 -0.0545507 52.3865 
-0.0564883 -0.010955 0.998343 110.184 0.0272054 0.999552 0.0125076 -2.86766 -0.998033 0.0278669 -0.056165 52.3439 
-0.056979 -0.00339379 0.99837 111.218 0.031111 0.999503 0.00517325 -2.88313 -0.997891 0.031355 -0.0568451 52.2966 
-0.0574249 0.0112523 0.998286 112.244 0.0398518 0.999165 -0.00896978 -2.90444 -0.997554 0.0392684 -0.0578254 52.2435 
-0.0586991 0.0224588 0.998023 113.273 0.0450333 0.998789 -0.0198273 -2.92852 -0.997259 0.0437804 -0.0596394 52.1984 
-0.0590536 0.01929 0.998068 114.307 0.0450447 0.998846 -0.0166398 -2.95772 -0.997238 0.043975 -0.0598544 52.1559 
-0.0590945 0.00884306 0.998213 115.355 0.0477967 0.998839 -0.00601899 -2.98838 -0.997108 0.0473557 -0.0594485 52.1122 
-0.0584404 -0.00107974 0.99829 116.391 0.0482222 0.998829 0.00390331 -3.00848 -0.997126 0.0483679 -0.0583199 52.0636 
-0.0581554 -0.0064323 0.998287 117.419 0.047005 0.998853 0.00917427 -3.02399 -0.9972 0.047458 -0.0577863 52.0212 
-0.058393 -0.0119976 0.998222 118.436 0.0450275 0.998879 0.0146395 -3.03687 -0.997278 0.0458022 -0.0577873 51.9841 
-0.0580276 -0.0153791 0.998197 119.445 0.0422577 0.998947 0.0178472 -3.04453 -0.99742 0.0432171 -0.0573166 51.9472 
-0.05782 -0.0134763 0.998236 120.444 0.0412288 0.999024 0.015875 -3.05604 -0.997475 0.0420739 -0.0572079 51.9051 
-0.0567935 -0.00635104 0.998366 121.449 0.0391068 0.999198 0.00858103 -3.06104 -0.99762 0.0395303 -0.0564996 51.861 
-0.0561833 -0.000499574 0.99842 122.446 0.0392541 0.999226 0.00270893 -3.07386 -0.997649 0.0393443 -0.0561202 51.8149 
-0.0558718 0.00478313 0.998427 123.431 0.0396133 0.999212 -0.00257009 -3.09144 -0.997652 0.0394074 -0.0560172 51.7747 
-0.0554442 0.00933259 0.998418 124.409 0.0411279 0.999129 -0.00705528 -3.11167 -0.997614 0.0406717 -0.0557797 51.7301 
-0.0549233 0.013659 0.998397 125.378 0.0417868 0.999062 -0.0113693 -3.13891 -0.997616 0.0410953 -0.0554425 51.6908 
-0.054904 0.0129496 0.998408 126.343 0.0433661 0.999003 -0.0105725 -3.16485 -0.99755 0.0427166 -0.0554109 51.6516 
-0.0545837 0.00669492 0.998487 127.305 0.0417955 0.999116 -0.00441429 -3.19031 -0.997634 0.0414913 -0.0548153 51.6129 
-0.0549699 -0.00316195 0.998483 128.261 0.0396607 0.999199 0.00534772 -3.21109 -0.9977 0.0398945 -0.0548005 51.5796 
-0.0558723 -0.0111499 0.998376 129.203 0.0345595 0.999317 0.0130945 -3.22941 -0.99784 0.0352349 -0.0554488 51.5491 
-0.0580605 -0.0142694 0.998211 130.129 0.0300001 0.999421 0.0160317 -3.23931 -0.997862 0.0308772 -0.0575988 51.5184 
-0.0598639 -0.0117258 0.998138 131.028 0.0255848 0.999585 0.0132773 -3.25175 -0.997879 0.026332 -0.059539 51.4872 
-0.0610513 -0.0046454 0.998124 131.905 0.0225791 0.999727 0.00603398 -3.26367 -0.997879 0.0229051 -0.0609298 51.455 
-0.0614901 0.00235301 0.998105 132.767 0.0247604 0.999693 -0.000831307 -3.27986 -0.997801 0.0246623 -0.0615295 51.4161 
-0.0603953 0.00802172 0.998142 133.607 0.028994 0.99956 -0.00627871 -3.3013 -0.997753 0.0285609 -0.0606013 51.3761 
-0.0571246 0.0102958 0.998314 134.434 0.0326164 0.999432 -0.00844096 -3.32553 -0.997834 0.0320792 -0.057428 51.3374 
-0.0524731 0.00989971 0.998573 135.246 0.0366107 0.999298 -0.00798303 -3.34785 -0.997951 0.0361395 -0.0527987 51.3057 
-0.0473307 0.00501299 0.998867 136.035 0.0398413 0.999201 -0.00312677 -3.36625 -0.998084 0.0396482 -0.0474926 51.277 
-0.0433212 0.000876273 0.999061 136.803 0.0410642 0.999156 0.000904307 -3.38916 -0.998217 0.0410648 -0.0433206 51.2575 
-0.0390414 0.00111143 0.999237 137.54 0.0420059 0.999117 0.000529969 -3.41116 -0.998354 0.0419946 -0.0390536 51.2417 
-0.0343012 0.00568799 0.999395 138.246 0.0434238 0.999048 -0.00419559 -3.43063 -0.998468 0.0432536 -0.0345155 51.2257 
-0.0298302 0.0096157 0.999509 138.924 0.0435811 0.999015 -0.00831024 -3.44923 -0.998604 0.0433118 -0.0302199 51.2177 
-0.025433 0.0102735 0.999624 139.574 0.0443354 0.998975 -0.00913882 -3.46824 -0.998693 0.0440863 -0.0258624 51.2135 
-0.0211408 0.00992527 0.999727 140.195 0.0410841 0.999115 -0.00905036 -3.48956 -0.998932 0.0408815 -0.0215298 51.2157 
-0.0173877 0.00908078 0.999808 140.788 0.0363697 0.999303 -0.00844365 -3.51091 -0.999187 0.0362159 -0.0177058 51.2243 
-0.0136243 0.00924627 0.999864 141.352 0.0316631 0.99946 -0.00881104 -3.53242 -0.999406 0.0315388 -0.0139097 51.2343 
-0.0107787 0.0125084 0.999864 141.901 0.0298604 0.99948 -0.0121816 -3.5491 -0.999496 0.029725 -0.0111466 51.2418 
-0.00957455 0.0166434 0.999816 142.433 0.0293289 0.999436 -0.0163562 -3.56763 -0.999524 0.0291669 -0.0100573 51.2455 
-0.010059 0.0177688 0.999792 142.962 0.0260418 0.999508 -0.0175017 -3.58707 -0.99961 0.0258603 -0.0105167 51.2533 
-0.0119925 0.0160752 0.999799 143.493 0.0196608 0.999681 -0.0158374 -3.60336 -0.999735 0.0194669 -0.0123047 51.2658 
-0.0142164 0.0118633 0.999829 144.023 0.0140789 0.999833 -0.0116631 -3.61902 -0.9998 0.0139107 -0.0143811 51.2751 
-0.0161592 0.00675272 0.999847 144.553 0.0135035 0.999888 -0.00653472 -3.63375 -0.999778 0.0133958 -0.0162486 51.2725 
-0.0180789 0.00391402 0.999829 145.075 0.0168792 0.999851 -0.00360886 -3.64731 -0.999694 0.0168111 -0.0181423 51.2607 
-0.020334 0.00596167 0.999776 145.587 0.0192779 0.999799 -0.00556968 -3.66476 -0.999607 0.0191604 -0.0204448 51.2496 
-0.0233845 0.00913012 0.999685 146.091 0.018847 0.999785 -0.00869012 -3.68058 -0.999549 0.0186379 -0.0235515 51.2458 
-0.0260467 0.0106917 0.999604 146.587 0.0149692 0.999835 -0.0103041 -3.69356 -0.999549 0.0146949 -0.0262024 51.2475 
-0.0285854 0.0128115 0.999509 147.087 0.0136552 0.99983 -0.0124251 -3.69979 -0.999498 0.0132933 -0.0287555 51.2484 
-0.0305889 0.0140848 0.999433 147.583 0.0151423 0.999793 -0.0136264 -3.71129 -0.999417 0.0147169 -0.0307958 51.2393 
-0.0333608 0.0114894 0.999377 148.084 0.0159663 0.999812 -0.0109614 -3.7279 -0.999316 0.0155907 -0.033538 51.2255 
-0.0362157 0.00610275 0.999325 148.58 0.0150621 0.999871 -0.00556019 -3.74477 -0.999231 0.0148506 -0.036303 51.219 
-0.0389741 0.00286114 0.999236 149.061 0.0144591 0.999893 -0.00229902 -3.75589 -0.999136 0.0143585 -0.0390113 51.2138 
-0.0414238 0.00183392 0.99914 149.553 0.0120286 0.999927 -0.00133663 -3.76688 -0.999069 0.0119629 -0.0414428 51.2005 
-0.0436902 0.000234024 0.999045 150.041 0.0107393 0.999942 0.000235459 -3.77943 -0.998987 0.0107394 -0.0436902 51.1941 
-0.0447502 -0.00134585 0.998997 150.524 0.0100269 0.999948 0.00179633 -3.79117 -0.998948 0.0100972 -0.0447344 51.1787 
-0.045493 -0.00152886 0.998964 151.013 0.00979587 0.99995 0.00197652 -3.80028 -0.998917 0.00987564 -0.0454757 51.165 
-0.0444626 0.000531783 0.999011 151.497 0.0125707 0.999921 2.72548e-05 -3.80133 -0.998932 0.0125595 -0.0444658 51.15 
-0.0394642 0.00338196 0.999215 151.974 0.0148894 0.999885 -0.00279612 -3.80705 -0.99911 0.0147674 -0.0395101 51.1367 
-0.0324518 0.00517164 0.99946 152.443 0.0153365 0.999871 -0.00467576 -3.81877 -0.999356 0.0151764 -0.032527 51.1384 
-0.0226059 0.00508734 0.999732 152.909 0.0130258 0.999904 -0.00479364 -3.82776 -0.99966 0.0129139 -0.02267 51.1512 
-0.00717485 0.00431083 0.999965 153.365 0.0146578 0.999884 -0.00420527 -3.83258 -0.999867 0.0146271 -0.0072372 51.1646 
0.0153084 0.00422638 0.999874 153.814 0.0204714 0.99978 -0.00453936 -3.84335 -0.999673 0.0205383 0.0152185 51.183 
0.0451901 0.00479544 0.998967 154.261 0.0270357 0.999616 -0.00602153 -3.84984 -0.998613 0.0272799 0.0450431 51.2163 
0.0812706 0.00414213 0.996684 154.69 0.0284786 0.999573 -0.00647627 -3.85757 -0.996285 0.0289104 0.081118 51.28 
0.121934 0.00432435 0.992529 155.122 0.024821 0.999665 -0.00740469 -3.86873 -0.992228 0.0255385 0.121785 51.3725 
0.163515 0.00736384 0.986513 155.538 0.0200521 0.999741 -0.0107862 -3.88197 -0.986337 0.0215454 0.163325 51.4875 
0.20532 0.0117524 0.978624 155.949 0.0194984 0.99968 -0.016096 -3.89284 -0.978501 0.0223864 0.205025 51.6085 
0.247325 0.0157205 0.968805 156.353 0.0203476 0.999564 -0.0214141 -3.90581 -0.968719 0.0250091 0.246897 51.747 
0.289969 0.0179812 0.956867 156.747 0.0209822 0.999464 -0.0251401 -3.91655 -0.956806 0.027367 0.289437 51.8952 
0.331292 0.0206463 0.943302 157.131 0.0167394 0.999475 -0.0277546 -3.92276 -0.94338 0.0249852 0.330772 52.0729 
0.371559 0.0238911 0.928102 157.489 0.00919118 0.999525 -0.0294092 -3.94042 -0.928364 0.0194576 0.371163 52.2673 
0.411207 0.0291835 0.911075 157.832 0.000226366 0.999484 -0.0321175 -3.95373 -0.911542 0.0134132 0.410988 52.4763 
0.45037 0.0348871 0.89216 158.183 -0.00448435 0.999312 -0.0368134 -3.97153 -0.892831 0.0125789 0.450216 52.7024 
0.488471 0.0385981 0.871726 158.532 -0.00611535 0.999148 -0.0408133 -3.99025 -0.872559 0.0146052 0.488291 52.9426 
0.52605 0.0380726 0.849601 158.879 -0.00515972 0.999122 -0.0415781 -4.00828 -0.850438 0.0174885 0.525785 53.1973 
0.561825 0.0366577 0.826444 159.221 -0.0071476 0.999196 -0.0394612 -4.02559 -0.827225 0.0162632 0.561635 53.4751 
0.595278 0.0372973 0.802654 159.556 -0.0118346 0.999221 -0.0376542 -4.04842 -0.803433 0.0129156 0.595255 53.7782 
0.626796 0.0413526 0.778086 159.878 -0.0192268 0.999108 -0.0376107 -4.07192 -0.778947 0.0086141 0.627031 54.0986 
0.65668 0.0449597 0.752828 160.204 -0.0248312 0.998969 -0.0379996 -4.09226 -0.75376 0.00625994 0.65712 54.4408 
0.684343 0.0457795 0.727722 160.522 -0.0250281 0.998914 -0.0393034 -4.11391 -0.72873 0.00868357 0.684746 54.7917 
0.709451 0.0436832 0.7034 160.848 -0.020355 0.998931 -0.0415063 -4.13229 -0.704461 0.015129 0.709582 55.1547 
0.732021 0.0450305 0.679792 161.166 -0.0218435 0.998852 -0.0426437 -4.14854 -0.680932 0.0163671 0.732164 55.5394 
0.751486 0.0492943 0.657905 161.475 -0.0289422 0.998708 -0.0417703 -4.16773 -0.659114 0.0123486 0.751942 55.9558 
0.767753 0.0518317 0.638646 161.781 -0.0365779 0.998643 -0.0370761 -4.19375 -0.639701 0.00510499 0.768607 56.3863 
0.780706 0.0503055 0.62287 162.096 -0.0381655 0.998732 -0.0328249 -4.21858 -0.623732 0.00185447 0.781636 56.8263 
0.791536 0.0449633 0.609466 162.42 -0.0340282 0.998985 -0.0295063 -4.24014 -0.610175 0.00261623 0.792263 57.2699 
0.800807 0.03716 0.597769 162.752 -0.0276374 0.999303 -0.0250963 -4.26274 -0.598285 0.0035766 0.801276 57.7293 
0.808264 0.0302399 0.588044 163.096 -0.0226141 0.999538 -0.0203178 -4.28744 -0.588386 0.00312411 0.808574 58.2115 
0.814816 0.0268945 0.579096 163.43 -0.0208372 0.999637 -0.0171064 -4.30711 -0.579345 0.00187186 0.81508 58.7091 
0.82176 0.0242022 0.569319 163.765 -0.018798 0.999705 -0.015365 -4.321 -0.569524 0.00192428 0.821973 59.2229 
0.829124 0.0195446 0.558723 164.107 -0.0132407 0.999795 -0.0153249 -4.33886 -0.558908 0.00530838 0.829213 59.7466 
0.835594 0.0199183 0.548987 164.45 -0.0114925 0.999758 -0.0187807 -4.35818 -0.549228 0.00938383 0.83562 60.2977 
0.841197 0.023764 0.540206 164.786 -0.012937 0.999632 -0.0238291 -4.38119 -0.540574 0.0130563 0.841195 60.8604 
0.845468 0.0290846 0.533233 165.126 -0.0161179 0.999451 -0.0289581 -4.39984 -0.533783 0.0158885 0.845473 61.4383 
0.847596 0.033777 0.529566 165.474 -0.0192256 0.999272 -0.0329643 -4.42098 -0.530293 0.0177592 0.847628 62.0308 
0.847403 0.0387033 0.529537 165.83 -0.0245261 0.999128 -0.0337767 -4.44882 -0.530383 0.0156351 0.847614 62.6495 
0.84576 0.0388132 0.532149 166.204 -0.0269558 0.999185 -0.0300356 -4.47817 -0.532882 0.0110585 0.846118 63.2743 
0.843345 0.0402175 0.535865 166.583 -0.0292743 0.999153 -0.0289159 -4.51168 -0.536575 0.00869903 0.843808 63.9031 
0.840451 0.0415891 0.54029 166.973 -0.0315675 0.999115 -0.0278022 -4.54859 -0.540968 0.0063108 0.84102 64.5498 
0.837435 0.0416673 0.544946 167.38 -0.0326932 0.999123 -0.0261535 -4.5745 -0.545558 0.00408583 0.838063 65.2066 
0.834167 0.0395403 0.550093 167.801 -0.0301334 0.999204 -0.0261274 -4.59895 -0.550688 0.00521852 0.834695 65.8688 
0.830844 0.0364681 0.555309 168.237 -0.0279615 0.999326 -0.0237918 -4.62534 -0.555803 0.00423999 0.831304 66.5408 
0.827037 0.0371158 0.560921 168.679 -0.0292496 0.999308 -0.0229972 -4.65751 -0.561386 0.00261283 0.82755 67.2205 
0.823635 0.0392619 0.56576 169.127 -0.0305308 0.999224 -0.0248959 -4.68529 -0.566298 0.00323198 0.824194 67.8993 
0.820653 0.0400344 0.570023 169.589 -0.029102 0.999176 -0.0282773 -4.71629 -0.570685 0.00661713 0.821142 68.5871 
0.817798 0.0420113 0.57397 170.059 -0.0291349 0.999075 -0.0316148 -4.75275 -0.574768 0.00913193 0.818266 69.2817 
0.815029 0.041558 0.577928 170.541 -0.0287161 0.999096 -0.0313462 -4.78288 -0.578708 0.00895228 0.815486 69.9868 
0.812643 0.0385582 0.581485 171.033 -0.029873 0.999253 -0.0245118 -4.81642 -0.581996 0.00254866 0.813188 70.7058 
0.810254 0.0348941 0.585039 171.526 -0.0295907 0.999389 -0.0186257 -4.85368 -0.585331 -0.00222012 0.810791 71.4223 
0.808413 0.033613 0.587655 172.025 -0.0256408 0.999432 -0.0218929 -4.89289 -0.588057 0.00263062 0.808816 72.1226 
0.806991 0.0390639 0.58927 172.51 -0.0243371 0.999162 -0.0329074 -4.92743 -0.590062 0.0122149 0.807266 72.8153 
0.805564 0.041655 0.591043 173.005 -0.0224415 0.998955 -0.0398167 -4.9656 -0.592084 0.018811 0.805657 73.5088 
0.804775 0.0379087 0.592368 173.507 -0.0180572 0.99906 -0.0394031 -5.01154 -0.593305 0.0210142 0.804704 74.2123 
0.804282 0.0325354 0.593357 174.008 -0.0158104 0.999318 -0.0333647 -5.05663 -0.594038 0.0174534 0.804248 74.9092 
0.80379 0.0283244 0.594238 174.506 -0.0129008 0.999461 -0.0301891 -5.10285 -0.594773 0.0165996 0.803722 75.6057 
0.804167 0.0237803 0.593927 175.008 -0.00867372 0.999563 -0.0282774 -5.14393 -0.59434 0.0175883 0.804022 76.3016 
0.804587 0.0192957 0.593521 175.511 -0.0033065 0.999602 -0.0280152 -5.18522 -0.593826 0.0205782 0.804331 76.993 
0.805266 0.0176308 0.592651 176.002 -0.00101329 0.999597 -0.0283602 -5.22801 -0.592912 0.022237 0.80496 77.6796 
0.806015 0.019895 0.591561 176.489 -0.000388639 0.999453 -0.0330834 -5.26852 -0.591895 0.0264358 0.805581 78.3662 
0.806678 0.0196284 0.590665 176.977 0.00294376 0.999303 -0.037228 -5.30919 -0.590984 0.0317698 0.806057 79.0484 
0.806983 0.0168855 0.590333 177.464 0.00513741 0.999353 -0.0356075 -5.34895 -0.590552 0.0317675 0.806374 79.7335 
0.806761 0.0152493 0.590681 177.947 0.00276003 0.999559 -0.0295746 -5.39053 -0.590871 0.02549 0.806363 80.4224 
0.806171 0.00990002 0.5916 178.429 0.00296434 0.99978 -0.02077 -5.42766 -0.591676 0.0184979 0.805964 81.109 
0.805873 0.00497613 0.592067 178.91 0.0055762 0.999857 -0.0159932 -5.45909 -0.592062 0.01619 0.80573 81.777 
0.805195 0.00182734 0.593008 179.374 0.00872059 0.999851 -0.0149219 -5.49113 -0.592947 0.0171864 0.805058 82.4203 
0.804225 0.00561603 0.594299 179.826 0.00624485 0.99982 -0.0178988 -5.52899 -0.594293 0.018106 0.804045 83.057 
0.803102 0.0131649 0.595697 180.259 0.00337812 0.999639 -0.0266462 -5.56466 -0.595833 0.023412 0.802767 83.6682 
0.801791 0.0174214 0.597351 180.698 0.00367052 0.999413 -0.034074 -5.60001 -0.597594 0.0295128 0.801256 84.2664 
0.799784 0.0169709 0.600048 181.127 0.00723312 0.999255 -0.0379021 -5.63687 -0.600245 0.0346538 0.799065 84.8509 
0.797397 0.0136549 0.6033 181.543 0.0090451 0.999361 -0.0345742 -5.68097 -0.603387 0.0330263 0.796764 85.4144 
