1 2.12261e-08 -2.11895e-08 0 2.12261e-08 1 2.10703e-08 0 -2.11895e-08 2.10703e-08 1 0 
0.999934 -0.0027772 0.0111885 0.0130494 0.00276497 0.999996 0.00111289 -0.00629571 -0.0111916 -0.00108184 0.999937 0.288208 
0.999826 -0.00482343 0.0180101 0.0217964 0.00480725 0.999988 0.000943921 -0.00533026 -0.0180145 -0.000857135 0.999837 0.601771 
0.999779 -0.00771955 0.019541 0.0354959 0.00772824 0.99997 -0.000367197 -0.00976038 -0.0195377 0.000518176 0.999809 0.899978 
0.999813 -0.00919044 0.017023 0.0422116 0.00922132 0.999956 -0.00173421 -0.0126203 -0.0170063 0.0018909 0.999854 1.21583 
0.999881 -0.011941 0.00980789 0.0465157 0.0119723 0.999923 -0.00313203 -0.0156022 -0.00976978 0.00324912 0.999947 1.53742 
0.999901 -0.0137525 -0.00308589 0.0436547 0.0137374 0.999894 -0.00489868 -0.0212494 0.00315289 0.00485584 0.999983 1.86118 
0.999712 -0.0131124 -0.0201095 0.0248627 0.0130194 0.999904 -0.00475037 -0.0313882 0.0201698 0.00448723 0.999787 2.19849 
0.999168 -0.00867785 -0.0398428 -0.00784304 0.00848766 0.999952 -0.00494143 -0.0342423 0.0398837 0.00459919 0.999194 2.55677 
0.998181 -0.00514028 -0.0600667 -0.0498799 0.00478734 0.99997 -0.00601896 -0.0412363 0.0600958 0.0057205 0.998176 2.91692 
0.996741 -0.00516123 -0.0805046 -0.0985828 0.00463593 0.999967 -0.00671112 -0.0426858 0.0805365 0.00631608 0.996732 3.28894 
0.994754 -0.00660753 -0.102086 -0.149292 0.00601561 0.999963 -0.00610538 -0.0464494 0.102123 0.00545928 0.994757 3.67574 
0.992478 -0.00815978 -0.122152 -0.21286 0.00756493 0.999957 -0.00533305 -0.0494813 0.12219 0.00436891 0.992497 4.07139 
0.990083 -0.00704117 -0.140308 -0.288091 0.0064922 0.999969 -0.00437022 -0.0599764 0.140335 0.00341601 0.990098 4.47354 
0.987772 -0.00579821 -0.155798 -0.375979 0.00519484 0.999977 -0.00427988 -0.0597264 0.155819 0.00341824 0.98778 4.88664 
0.985506 -0.00525386 -0.169558 -0.466146 0.00458192 0.99998 -0.00435416 -0.068028 0.169578 0.00351419 0.985511 5.31181 
0.983267 -0.00701869 -0.182038 -0.557691 0.00617794 0.999968 -0.0051854 -0.0755843 0.182068 0.00397406 0.983278 5.75278 
0.981431 -0.0106016 -0.191525 -0.656955 0.00929334 0.999927 -0.00772812 -0.0794928 0.191593 0.00580475 0.981457 6.20063 
0.979942 -0.0098704 -0.199041 -0.770629 0.00808212 0.999919 -0.00979517 -0.0857523 0.199121 0.00799007 0.979942 6.65649 
0.978457 -0.00929864 -0.206243 -0.890749 0.00699912 0.999905 -0.0118765 -0.0904102 0.206334 0.0101772 0.978429 7.13127 
0.97665 -0.0102118 -0.214593 -1.00956 0.00726166 0.999868 -0.0145317 -0.101905 0.214713 0.0126341 0.976596 7.6223 
0.974884 -0.0140608 -0.22227 -1.13258 0.0107288 0.999811 -0.0161917 -0.113945 0.222456 0.0134004 0.974851 8.1204 
0.972953 -0.0202556 -0.230113 -1.26038 0.0167613 0.999713 -0.0171303 -0.129362 0.230394 0.0128101 0.973013 8.63079 
0.970822 -0.0208101 -0.238896 -1.40209 0.016595 0.999669 -0.0196425 -0.143035 0.239226 0.015105 0.970847 9.15104 
0.968759 -0.0170867 -0.247415 -1.56353 0.0114123 0.999638 -0.024351 -0.153705 0.247742 0.0207667 0.968604 9.67902 
0.966566 -0.014242 -0.256021 -1.73586 0.00746251 0.999596 -0.0274325 -0.171391 0.256309 0.0246048 0.966282 10.2296 
0.964292 -0.0167851 -0.264309 -1.89858 0.00949881 0.999539 -0.0288213 -0.196688 0.264671 0.0252816 0.964007 10.7706 
0.961917 -0.0195852 -0.27264 -2.07425 0.0115252 0.999449 -0.031133 -0.216142 0.2731 0.0268052 0.961612 11.3354 
0.959599 -0.0194257 -0.280699 -2.2573 0.0103527 0.999376 -0.0337699 -0.239218 0.281179 0.0294997 0.959202 11.909 
0.957332 -0.0186521 -0.288389 -2.4616 0.00827503 0.999275 -0.0371606 -0.266366 0.288873 0.0331887 0.956792 12.4959 
0.95494 -0.019533 -0.296154 -2.66216 0.0071633 0.999058 -0.0427956 -0.292063 0.296711 0.0387459 0.954181 13.0918 
0.953118 -0.020813 -0.301884 -2.86922 0.0059118 0.998722 -0.0501909 -0.32746 0.302543 0.0460532 0.952023 13.6995 
0.951862 -0.0211313 -0.305798 -3.08604 0.00339504 0.998287 -0.0584161 -0.366333 0.306508 0.0545659 0.950303 14.3114 
0.950739 -0.021054 -0.309277 -3.31663 0.000154107 0.997723 -0.0674461 -0.408252 0.309993 0.064076 0.948577 14.9416 
0.949284 -0.0203402 -0.313762 -3.54501 -0.00383649 0.997082 -0.076245 -0.460277 0.314398 0.0735819 0.946435 15.5785 
0.94803 -0.0199603 -0.317555 -3.78232 -0.00693411 0.996497 -0.0833373 -0.512983 0.318106 0.0812083 0.944571 16.2257 
0.946415 -0.0179924 -0.322452 -4.03158 -0.0116527 0.995894 -0.0897711 -0.579295 0.322743 0.0887182 0.94232 16.8801 
0.944863 -0.0166889 -0.327042 -4.28841 -0.0155212 0.995296 -0.0956326 -0.645588 0.327099 0.0954358 0.940159 17.5406 
0.943205 -0.0147239 -0.331886 -4.55263 -0.0198605 0.994731 -0.100574 -0.723562 0.331618 0.101453 0.937943 18.2182 
0.941499 -0.0115963 -0.336816 -4.82121 -0.0249623 0.994263 -0.104008 -0.79687 0.33609 0.106332 0.935808 18.9002 
0.939786 -0.0110379 -0.341587 -5.10064 -0.0266402 0.994071 -0.105416 -0.876205 0.340725 0.108168 0.93392 19.5967 
0.937652 -0.0101423 -0.347427 -5.39003 -0.0280573 0.994104 -0.104743 -0.957959 0.346441 0.10796 0.931839 20.3038 
0.935377 -0.00977759 -0.353518 -5.68591 -0.028691 0.994225 -0.103412 -1.04161 0.352487 0.106872 0.929694 21.0202 
0.93281 -0.0094912 -0.360244 -5.98775 -0.0292009 0.994375 -0.101811 -1.12448 0.359184 0.10549 0.927286 21.7446 
0.929648 -0.00873954 -0.368345 -6.30253 -0.0297273 0.99468 -0.0986278 -1.20905 0.367247 0.102639 0.924443 22.4801 
0.926264 -0.00645243 -0.376821 -6.62972 -0.0309328 0.995178 -0.0930767 -1.29051 0.375605 0.0978697 0.921598 23.2292 
0.922727 -0.00295186 -0.385444 -6.96146 -0.0333691 0.995605 -0.0875082 -1.37632 0.384008 0.0936081 0.918573 23.9666 
0.919087 0.000813323 -0.394055 -7.30674 -0.03673 0.995821 -0.0836131 -1.45408 0.39234 0.0913213 0.915276 24.7102 
0.915299 0.00169939 -0.402771 -7.66554 -0.0377484 0.995952 -0.0815813 -1.53214 0.401002 0.0898753 0.911658 25.4633 
0.911261 0.00145512 -0.411828 -8.03296 -0.038405 0.995936 -0.0814607 -1.59731 0.410036 0.0900483 0.907613 26.2276 
0.907454 0.00171017 -0.420148 -8.41195 -0.0387809 0.996064 -0.0797063 -1.67605 0.418358 0.0886236 0.903948 26.99 
0.903572 0.00257401 -0.428428 -8.80418 -0.0400415 0.996112 -0.0784645 -1.74253 0.42656 0.0880533 0.900163 27.7597 
0.899956 0.00181357 -0.435976 -9.2148 -0.0388091 0.996355 -0.0759665 -1.81499 0.434249 0.0852864 0.896746 28.5423 
0.89597 0.00231771 -0.444109 -9.62259 -0.038124 0.996697 -0.0717119 -1.88786 0.442476 0.0811829 0.893098 29.3311 
0.892143 0.00420215 -0.451733 -10.0509 -0.0382046 0.997076 -0.0661765 -1.95177 0.450134 0.0762972 0.889695 30.1313 
0.888259 0.00442534 -0.459322 -10.4889 -0.0370818 0.997381 -0.0621014 -2.01907 0.457844 0.0721946 0.886097 30.9343 
0.884461 0.00325463 -0.466602 -10.9353 -0.0355247 0.997543 -0.0603805 -2.08107 0.465259 0.0699801 0.882404 31.7436 
0.881235 0.00243511 -0.472672 -11.3998 -0.034692 0.997623 -0.0595392 -2.13799 0.471404 0.068866 0.879225 32.5599 
0.877997 0.00257017 -0.47866 -11.8707 -0.0342353 0.997762 -0.0574397 -2.19811 0.477441 0.066819 0.876119 33.3786 
0.874963 0.00110878 -0.484188 -12.3498 -0.032388 0.997892 -0.0562423 -2.25936 0.483105 0.0648919 0.873154 34.2112 
0.872302 -0.000198863 -0.488968 -12.8479 -0.0312556 0.997932 -0.0561649 -2.32255 0.487968 0.0642758 0.870492 35.0598 
0.870114 -0.00102419 -0.492849 -13.3589 -0.0309145 0.997915 -0.0566528 -2.38388 0.491879 0.0645306 0.868269 35.9208 
0.868913 -0.00111945 -0.494964 -13.9155 -0.0315515 0.997838 -0.0576457 -2.43442 0.493959 0.065706 0.866999 36.8004 
0.868263 -0.00129259 -0.496103 -14.4377 -0.030758 0.997933 -0.0564318 -2.49628 0.49515 0.0642568 0.866428 37.6697 
0.868085 -0.000853616 -0.496415 -14.9591 -0.0304666 0.998022 -0.0549935 -2.55653 0.49548 0.0628632 0.866342 38.5376 
0.867711 -0.00246293 -0.497064 -15.4858 -0.0283138 0.998119 -0.0543724 -2.62347 0.496263 0.0612533 0.866009 39.4227 
0.866988 -0.00500968 -0.498305 -16.0223 -0.0261053 0.99812 -0.0554545 -2.68204 0.497646 0.0610868 0.865227 40.3253 
0.865955 -0.00732924 -0.500068 -16.5731 -0.0238607 0.998149 -0.0559484 -2.74839 0.499552 0.0603808 0.864177 41.2299 
0.864413 -0.00813737 -0.502717 -17.1304 -0.0220562 0.998293 -0.0540844 -2.80988 0.502299 0.0578393 0.862758 42.1452 
0.862265 -0.00753384 -0.506401 -17.6851 -0.0208171 0.998517 -0.0503011 -2.87549 0.506029 0.0539147 0.86083 43.0566 
0.859386 -0.00812688 -0.511263 -18.262 -0.0183023 0.998744 -0.0466403 -2.93605 0.511 0.0494394 0.858158 43.9826 
0.855392 -0.00861862 -0.51791 -18.8363 -0.0169525 0.99886 -0.0446214 -3.00044 0.517704 0.0469488 0.854271 44.8945 
0.850259 -0.0121174 -0.526225 -19.421 -0.0149946 0.998772 -0.0472267 -3.06145 0.526151 0.0480455 0.849033 45.7904 
0.844427 -0.0156033 -0.535444 -20.0139 -0.0137909 0.998611 -0.0508495 -3.12075 0.535494 0.0503229 0.843039 46.6753 
0.838153 -0.0162787 -0.545192 -20.6164 -0.0133053 0.998647 -0.0502733 -3.18239 0.545272 0.0493907 0.836803 47.5611 
0.832427 -0.0130728 -0.553981 -21.2377 -0.0142343 0.998887 -0.0449605 -3.24579 0.553953 0.0453119 0.831314 48.4437 
0.827353 -0.00832339 -0.561621 -21.8668 -0.0175061 0.999022 -0.040595 -3.30823 0.561409 0.0434182 0.826398 49.3129 
0.823212 -0.00893427 -0.567664 -22.4976 -0.0182195 0.998945 -0.0421436 -3.36407 0.567442 0.0450357 0.822181 50.1854 
0.819917 -0.011218 -0.572372 -23.1355 -0.0187576 0.998745 -0.0464446 -3.42424 0.572175 0.0488171 0.818678 51.0583 
0.816598 -0.0136106 -0.577047 -23.7737 -0.0211208 0.998348 -0.0534364 -3.48684 0.576821 0.0558238 0.814961 51.924 
0.813689 -0.0147004 -0.581115 -24.41 -0.0212841 0.998256 -0.0550553 -3.55529 0.580911 0.0571665 0.811957 52.7605 
0.810196 -0.0131192 -0.586013 -25.0586 -0.0207687 0.998479 -0.0510671 -3.62267 0.585791 0.0535451 0.808691 53.6188 
0.806838 -0.0106809 -0.590676 -25.7078 -0.0204868 0.998729 -0.0460435 -3.68723 0.590417 0.0492508 0.805594 54.4764 
0.8037 -0.00912269 -0.594965 -26.365 -0.0205466 0.998861 -0.0430709 -3.74947 0.59468 0.0468406 0.802597 55.3276 
0.800596 -0.00867593 -0.599142 -27.024 -0.0216346 0.998825 -0.0433726 -3.81259 0.598814 0.0476861 0.799467 56.1677 
0.797029 -0.00993725 -0.603859 -27.6954 -0.0218926 0.998732 -0.0453312 -3.86944 0.603544 0.0493504 0.795801 57.0138 
0.79296 -0.0127183 -0.609141 -28.3631 -0.0209663 0.99862 -0.0481437 -3.92904 0.608913 0.0509475 0.791599 57.8485 
0.788698 -0.0138626 -0.614624 -29.0508 -0.0203717 0.998607 -0.0486646 -3.99125 0.614443 0.0509027 0.787318 58.6883 
0.784291 -0.0142889 -0.620229 -29.7458 -0.0197728 0.998651 -0.0480101 -4.05144 0.620079 0.0499176 0.78295 59.5257 
0.779503 -0.0137604 -0.626247 -30.4436 -0.020231 0.998684 -0.0471259 -4.11607 0.626072 0.0494045 0.778199 60.3541 
0.774177 -0.0151064 -0.632789 -31.1565 -0.0200449 0.998629 -0.0483638 -4.18 0.632651 0.0501264 0.772813 61.1893 
0.768874 -0.0167227 -0.639182 -31.8719 -0.0192395 0.9986 -0.0492693 -4.24318 0.639111 0.0501794 0.767476 62.0078 
0.763309 -0.0182838 -0.645775 -32.6043 -0.0186311 0.998561 -0.0502942 -4.30589 0.645765 0.0504216 0.761869 62.8274 
0.757716 -0.0197828 -0.652285 -33.3315 -0.0179422 0.998531 -0.0511262 -4.3782 0.652338 0.0504426 0.756248 63.6328 
0.751291 -0.02173 -0.659614 -34.0763 -0.017016 0.998488 -0.0522747 -4.44424 0.659752 0.0504975 0.749785 64.452 
0.745148 -0.023558 -0.666483 -34.8565 -0.0155028 0.998494 -0.0526261 -4.51071 0.666719 0.0495466 0.743661 65.2795 
0.738523 -0.0237421 -0.67381 -35.619 -0.0145155 0.998588 -0.0510954 -4.57486 0.674072 0.0475159 0.737136 66.0965 
0.732291 -0.0238966 -0.680573 -36.4101 -0.0142688 0.998626 -0.0504175 -4.6467 0.680843 0.0466313 0.730944 66.9032 
0.725568 -0.0262662 -0.687649 -37.1898 -0.0122232 0.998622 -0.0510417 -4.71598 0.688042 0.0454396 0.724247 67.7028 
0.719766 -0.0278409 -0.693658 -38.0126 -0.0125569 0.99851 -0.0531061 -4.7825 0.694103 0.0469342 0.718344 68.4965 
0.71367 -0.0270624 -0.69996 -38.8192 -0.0140462 0.9985 -0.052926 -4.85015 0.700342 0.0476035 0.712219 69.283 
0.708097 -0.0265061 -0.705617 -39.6353 -0.01423 0.998557 -0.0517903 -4.92499 0.705972 0.0467135 0.706698 70.08 
0.703219 -0.0258832 -0.710502 -40.462 -0.0156739 0.99853 -0.0518892 -4.99491 0.710801 0.0476258 0.701779 70.8629 
0.698808 -0.0265374 -0.714817 -41.3078 -0.0164546 0.998451 -0.0531533 -5.06512 0.71512 0.048906 0.697288 71.639 
0.693542 -0.0282251 -0.719863 -42.1573 -0.0172914 0.998292 -0.0558012 -5.13928 0.720208 0.051148 0.69187 72.4193 
0.688674 -0.0309685 -0.72441 -43.0084 -0.0168824 0.998132 -0.0587197 -5.21097 0.724875 0.0526686 0.686864 73.1933 
0.683505 -0.0312908 -0.729275 -43.8703 -0.0176991 0.998077 -0.0594125 -5.28939 0.729731 0.0535163 0.681637 73.9661 
0.67866 -0.0309503 -0.7338 -44.7345 -0.0169502 0.998186 -0.0577781 -5.36867 0.734257 0.0516498 0.676904 74.7385 
0.673479 -0.0311958 -0.738548 -45.6136 -0.0162619 0.998242 -0.0569943 -5.44391 0.739027 0.0503947 0.671788 75.5049 
0.668726 -0.0324973 -0.742799 -46.5038 -0.0154313 0.998223 -0.0575645 -5.52248 0.743349 0.0499572 0.667036 76.2635 
0.66405 -0.0334693 -0.746938 -47.3992 -0.0147754 0.998215 -0.0578645 -5.60043 0.747542 0.0494613 0.662371 77.0277 
0.659526 -0.0339081 -0.750917 -48.2977 -0.0141578 0.998245 -0.057511 -5.68207 0.751549 0.0485613 0.657888 77.7908 
0.655475 -0.0350981 -0.754401 -49.2175 -0.0127775 0.998261 -0.0575455 -5.75921 0.755109 0.047359 0.653886 78.558 
0.651871 -0.0378356 -0.757385 -50.1417 -0.0101295 0.998231 -0.0585856 -5.84369 0.758262 0.0458623 0.650335 79.3141 
0.647795 -0.0427021 -0.760617 -51.0716 -0.00716904 0.998042 -0.0621371 -5.92396 0.761781 0.045705 0.64622 80.0764 
0.642926 -0.0466879 -0.764504 -51.9939 -0.00299848 0.997979 -0.0634678 -6.00988 0.765923 0.0430975 0.641487 80.8273 
0.636127 -0.0503084 -0.769942 -52.9298 0.00217456 0.997985 -0.0634122 -6.09713 0.771581 0.038664 0.634955 81.582 
0.628129 -0.0537816 -0.776248 -53.8781 0.00608145 0.997917 -0.0642187 -6.18314 0.778086 0.035617 0.627148 82.3198 
0.619379 -0.0547347 -0.783182 -54.8493 0.0083722 0.997971 -0.0631246 -6.26794 0.785048 0.0325411 0.61858 83.0571 
0.610743 -0.0533588 -0.790029 -55.8453 0.00850186 0.998111 -0.0608403 -6.35329 0.791783 0.0304411 0.610044 83.7957 
0.601705 -0.0532943 -0.796938 -56.8434 0.00850295 0.998142 -0.0603297 -6.44385 0.798673 0.0295244 0.60104 84.5255 
0.592375 -0.0545737 -0.803812 -57.8453 0.00702725 0.998015 -0.0625801 -6.52658 0.805632 0.0314223 0.591583 85.2345 
0.582074 -0.056998 -0.811136 -58.8733 0.00773774 0.997883 -0.064568 -6.6158 0.813099 0.031307 0.581283 85.951 
0.572198 -0.0584843 -0.818028 -59.9149 0.0081124 0.997809 -0.0656631 -6.70976 0.820076 0.0309362 0.571418 86.6542 
0.562187 -0.059176 -0.824891 -60.9541 0.0106095 0.997871 -0.0643546 -6.80353 0.826942 0.0274277 0.561617 87.3423 
0.551918 -0.0593403 -0.831785 -61.9989 0.0119416 0.997925 -0.0632693 -6.89722 0.833813 0.0249867 0.551481 88.0166 
0.541714 -0.0600188 -0.838418 -63.063 0.0119102 0.997896 -0.0637399 -6.98817 0.840479 0.0245431 0.541288 88.6764 
0.531571 -0.0610504 -0.844811 -64.1341 0.0107809 0.997806 -0.065323 -7.07958 0.846945 0.025616 0.531063 89.3222 
0.521391 -0.0617869 -0.851078 -65.2151 0.00960405 0.997737 -0.0665505 -7.17102 0.853264 0.0265251 0.520805 89.96 
0.511414 -0.0630138 -0.857021 -66.308 0.00846648 0.997629 -0.0683 -7.26687 0.859293 0.0276737 0.510735 90.5868 
0.50176 -0.0628274 -0.862722 -67.4003 0.00743368 0.997635 -0.068329 -7.36683 0.864975 0.0278716 0.501041 91.1952 
0.493233 -0.060548 -0.867788 -68.5132 0.00577118 0.997781 -0.0663378 -7.46467 0.869878 0.0277119 0.492488 91.7968 
0.484892 -0.0591422 -0.872572 -69.6371 0.00651146 0.997927 -0.0640202 -7.56351 0.87455 0.0253612 0.484272 92.3997 
0.476883 -0.0594282 -0.876956 -70.7605 0.0066988 0.997929 -0.0639833 -7.66133 0.878941 0.0246381 0.476293 92.9887 
0.469271 -0.0623315 -0.880852 -71.8879 0.00815255 0.997769 -0.0662617 -7.75777 0.883017 0.0239135 0.468732 93.5653 
0.462149 -0.0659084 -0.88435 -73.0332 0.0111467 0.997587 -0.0685227 -7.85909 0.886732 0.0218102 0.461769 94.1476 
0.456282 -0.0686227 -0.887185 -74.171 0.0116782 0.997398 -0.0711413 -7.95948 0.889759 0.0220998 0.455896 94.7032 
0.450333 -0.0723196 -0.889927 -75.313 0.0138965 0.997161 -0.0740019 -8.06847 0.892753 0.0209587 0.45006 95.272 
0.445777 -0.0731913 -0.892147 -76.4634 0.0162365 0.997149 -0.0736928 -8.17459 0.894997 0.0183653 0.445694 95.8231 
0.441598 -0.0711671 -0.894386 -77.6048 0.0190654 0.997368 -0.0699481 -8.28621 0.897011 0.0138372 0.441793 96.3611 
0.437746 -0.0690728 -0.896442 -78.7444 0.0216441 0.997565 -0.0662955 -8.39354 0.898838 0.00961798 0.438175 96.8967 
0.434122 -0.0684633 -0.898249 -79.8963 0.0234868 0.997629 -0.0646868 -8.50065 0.900548 0.00698505 0.434701 97.4343 
0.431448 -0.0681686 -0.899559 -81.0419 0.0251762 0.997662 -0.0635279 -8.60587 0.901787 0.0047615 0.432155 97.9565 
0.428727 -0.0676883 -0.900895 -82.1756 0.0273577 0.997705 -0.0619428 -8.70104 0.90302 0.00191025 0.429595 98.477 
0.425952 -0.0672433 -0.902244 -83.3049 0.0293602 0.997736 -0.0604992 -8.79296 0.904269 -0.000720272 0.426962 98.9972 
0.423152 -0.0688685 -0.903438 -84.4392 0.0331191 0.997616 -0.0605354 -8.88677 0.905453 -0.0043054 0.424424 99.5157 
0.4212 -0.0694238 -0.904307 -85.5827 0.0354234 0.997565 -0.060084 -8.97807 0.906276 -0.00672622 0.422634 100.023 
0.418829 -0.0689498 -0.905444 -86.7214 0.0389482 0.99756 -0.0579483 -9.06482 0.907229 -0.010995 0.420493 100.534 
0.417081 -0.0683595 -0.906295 -87.8398 0.0410482 0.997567 -0.0563533 -9.1564 0.907942 -0.0136978 0.418872 101.023 
0.415314 -0.0702864 -0.906959 -88.9467 0.0442205 0.997392 -0.0570453 -9.24099 0.908603 -0.0164144 0.417339 101.513 
0.41391 -0.0713961 -0.907514 -90.0277 0.0456366 0.997294 -0.0576448 -9.33224 0.909173 -0.017556 0.416048 101.992 
0.413232 -0.0725614 -0.90773 -91.0996 0.0456938 0.997217 -0.0589133 -9.42489 0.909479 -0.0171328 0.415397 102.462 
0.413796 -0.073132 -0.907427 -92.162 0.0442556 0.997206 -0.0601865 -9.51327 0.909293 -0.0152538 0.415877 102.921 
0.415832 -0.0729668 -0.90651 -93.21 0.0426697 0.997244 -0.0606968 -9.60367 0.90844 -0.0134408 0.417799 103.384 
0.419612 -0.0734846 -0.904724 -94.253 0.0408838 0.997236 -0.0620368 -9.69332 0.906782 -0.0109572 0.421457 103.854 
0.424671 -0.074176 -0.902304 -95.2749 0.0398895 0.997203 -0.0632033 -9.7837 0.904469 -0.00915184 0.426442 104.313 
0.430137 -0.0744872 -0.899685 -96.3045 0.0397254 0.997187 -0.063567 -9.87173 0.901889 -0.00839774 0.431886 104.791 
0.436851 -0.0734419 -0.896531 -97.3122 0.0389559 0.997271 -0.0627124 -9.95899 0.89869 -0.00752914 0.43852 105.268 
0.444603 -0.0722655 -0.892808 -98.3017 0.0377773 0.997366 -0.0619162 -10.0454 0.894931 -0.00619966 0.446162 105.751 
0.45319 -0.0717568 -0.888521 -99.2963 0.0377592 0.997405 -0.0612912 -10.134 0.890614 -0.00577321 0.454724 106.237 
0.462519 -0.0712559 -0.883742 -100.278 0.0369149 0.997449 -0.0611042 -10.2185 0.885841 -0.00436134 0.463969 106.734 
0.472406 -0.0722235 -0.878417 -101.258 0.0366753 0.997385 -0.0622813 -10.3063 0.880618 -0.00279417 0.473819 107.237 
0.482799 -0.07356 -0.872636 -102.231 0.0346134 0.99729 -0.0649176 -10.3924 0.875047 0.0011373 0.484037 107.751 
0.494363 -0.0741686 -0.866085 -103.176 0.032629 0.997234 -0.066775 -10.4802 0.868643 0.0047517 0.495416 108.269 
0.506606 -0.0725862 -0.859117 -104.121 0.0304113 0.997334 -0.066331 -10.5623 0.861641 0.00747685 0.507463 108.804 
0.519059 -0.070176 -0.851853 -105.045 0.028967 0.997496 -0.0645237 -10.6494 0.854248 0.00881602 0.519792 109.349 
0.531068 -0.0680989 -0.844588 -105.966 0.0288006 0.99764 -0.06233 -10.7356 0.846839 0.00877693 0.531776 109.906 
0.542461 -0.0677694 -0.837343 -106.878 0.0293841 0.997662 -0.0617085 -10.8202 0.839567 0.00886993 0.543184 110.482 
0.553532 -0.0688162 -0.82998 -107.764 0.0304757 0.997587 -0.0623881 -10.9072 0.83227 0.00923958 0.554293 111.058 
0.564138 -0.068977 -0.822795 -108.636 0.0302294 0.997562 -0.0629019 -10.9974 0.825127 0.0106128 0.564847 111.641 
0.57515 -0.0702068 -0.81503 -109.494 0.0324094 0.997484 -0.0630528 -11.0857 0.817406 0.00985031 0.575978 112.224 
0.585816 -0.0693773 -0.807469 -110.331 0.0325431 0.997539 -0.0620982 -11.1744 0.80979 0.0101007 0.586633 112.814 
0.596351 -0.0668101 -0.799939 -111.165 0.0312507 0.997707 -0.0600303 -11.2544 0.802115 0.0108006 0.597072 113.413 
0.606026 -0.0633534 -0.792918 -111.987 0.0311573 0.997949 -0.0559217 -11.3382 0.794834 0.00918487 0.606757 114.027 
0.615967 -0.0611894 -0.785392 -112.791 0.0298244 0.998075 -0.0543687 -11.4175 0.787207 0.0100656 0.616607 114.64 
0.625894 -0.0600877 -0.77759 -113.579 0.0275108 0.998108 -0.0549842 -11.4947 0.779423 0.0130222 0.626363 115.256 
0.635126 -0.060545 -0.770032 -114.356 0.0265218 0.998045 -0.0565976 -11.5647 0.771953 0.015524 0.63549 115.885 
0.644289 -0.0598313 -0.762438 -115.12 0.0264909 0.998083 -0.0559374 -11.6389 0.764323 0.0158423 0.644639 116.518 
0.653402 -0.0577092 -0.754808 -115.865 0.0265468 0.998224 -0.0533393 -11.7148 0.756545 0.0148144 0.653774 117.142 
0.661849 -0.0557851 -0.747558 -116.6 0.0266643 0.998348 -0.0508927 -11.7845 0.749163 0.0137502 0.662243 117.782 
0.669762 -0.0553472 -0.74051 -117.319 0.0272338 0.998378 -0.049989 -11.8509 0.742076 0.0133139 0.670184 118.419 
0.677309 -0.0547625 -0.733658 -118.033 0.0261637 0.998388 -0.0503687 -11.9126 0.735233 0.0149201 0.67765 119.068 
0.684523 -0.0541469 -0.726977 -118.719 0.0260743 0.998418 -0.0498128 -11.9768 0.728525 0.0151427 0.684852 119.697 
0.691624 -0.0517565 -0.720401 -119.404 0.0255833 0.998559 -0.0471792 -12.0315 0.721805 0.0142001 0.691951 120.335 
0.698762 -0.0493574 -0.713649 -120.087 0.0249113 0.998691 -0.0446799 -12.0878 0.71492 0.0134427 0.699077 120.995 
0.705816 -0.0478437 -0.706778 -120.738 0.0241886 0.998763 -0.0434533 -12.1513 0.707982 0.0135741 0.7061 121.642 
0.71318 -0.0472552 -0.699387 -121.384 0.0238812 0.998784 -0.0431324 -12.2041 0.700575 0.014059 0.713441 122.288 
0.721023 -0.0440098 -0.691512 -122.013 0.0208079 0.998906 -0.0418773 -12.2521 0.692598 0.0158056 0.72115 122.934 
0.730197 -0.041047 -0.682003 -122.63 0.0200906 0.999052 -0.0386187 -12.305 0.682942 0.0144974 0.730329 123.576 
0.739886 -0.0371898 -0.671703 -123.232 0.0183528 0.999215 -0.0351072 -12.3548 0.672482 0.0136477 0.739988 124.217 
0.750215 -0.0348268 -0.660277 -123.822 0.0165241 0.999288 -0.0339333 -12.4032 0.660988 0.0145468 0.750256 124.864 
0.760335 -0.034166 -0.648632 -124.394 0.015335 0.999282 -0.0346603 -12.4526 0.64935 0.0164068 0.760313 125.511 
0.770581 -0.0352232 -0.636368 -124.97 0.0157079 0.999218 -0.0362864 -12.4971 0.637149 0.0179656 0.770531 126.169 
0.780511 -0.0347555 -0.624176 -125.502 0.0157838 0.999231 -0.0359024 -12.5379 0.624943 0.0181704 0.780459 126.831 
0.790739 -0.0330734 -0.61126 -126.029 0.0154634 0.9993 -0.0340654 -12.5735 0.611959 0.0174847 0.790697 127.514 
0.800944 -0.031268 -0.597922 -126.555 0.0156939 0.999389 -0.0312399 -12.6107 0.598534 0.0156377 0.800945 128.195 
0.810441 -0.0297198 -0.585066 -127.052 0.0159539 0.999462 -0.0286705 -12.6496 0.585603 0.0139017 0.810479 128.888 
0.81955 -0.0283271 -0.572307 -127.537 0.0167285 0.999534 -0.0255178 -12.6932 0.572764 0.0113393 0.819642 129.57 
0.827509 -0.0276729 -0.560771 -128.027 0.0175475 0.999571 -0.0234328 -12.7184 0.561179 0.0095508 0.82764 130.334 
0.834728 -0.0279844 -0.549951 -128.498 0.0192408 0.99958 -0.0216598 -12.7573 0.550326 0.00749854 0.834916 131.048 
0.84139 -0.0279736 -0.539705 -128.954 0.0195318 0.999581 -0.02136 -12.7833 0.540076 0.00743077 0.841583 131.754 
0.848169 -0.027015 -0.529037 -129.416 0.0185834 0.999601 -0.0212508 -12.8097 0.5294 0.00819301 0.848333 132.484 
0.854851 -0.025379 -0.518253 -129.869 0.0174097 0.999644 -0.0202358 -12.8404 0.518582 0.00827605 0.854988 133.213 
0.861067 -0.0241675 -0.507916 -130.331 0.0164557 0.999671 -0.0196689 -12.87 0.508225 0.00857818 0.861182 133.969 
0.866946 -0.0251057 -0.49777 -130.765 0.0175933 0.99965 -0.0197771 -12.8903 0.498092 0.00838826 0.867084 134.721 
0.872274 -0.0263858 -0.488305 -131.194 0.0187039 0.999613 -0.0206033 -12.9141 0.488659 0.00883852 0.87243 135.456 
0.876601 -0.0268907 -0.480465 -131.641 0.0191166 0.999595 -0.0210677 -12.9414 0.480837 0.00928315 0.876761 136.243 
0.880113 -0.0265731 -0.474019 -132.062 0.0192222 0.999608 -0.0203473 -12.9632 0.474374 0.00879634 0.880279 137.017 
0.883228 -0.0247392 -0.468291 -132.47 0.0190558 0.999676 -0.0168711 -12.9894 0.468557 0.00597745 0.883413 137.789 
0.886309 -0.020506 -0.462641 -132.901 0.0166476 0.999784 -0.0124216 -13.0145 0.462796 0.00330759 0.886459 138.592 
0.889671 -0.0178168 -0.456254 -133.329 0.0150964 0.99984 -0.00960692 -13.0359 0.456352 0.00165926 0.889798 139.406 
0.893084 -0.0150616 -0.449637 -133.756 0.0131312 0.999886 -0.00741176 -13.0518 0.449698 0.000715097 0.893181 140.212 
0.89618 -0.0137629 -0.443477 -134.177 0.0128385 0.999905 -0.00508708 -13.067 0.443505 -0.00113461 0.896271 141.048 
0.899395 -0.0120732 -0.436971 -134.596 0.0124464 0.999921 -0.00200942 -13.0841 0.43696 -0.0036314 0.899474 141.906 
0.902552 -0.011972 -0.430415 -134.999 0.0132932 0.999912 6.22735e-05 -13.0987 0.430376 -0.00577772 0.902631 142.766 
0.906172 -0.0122808 -0.422731 -135.438 0.0141263 0.9999 0.0012332 -13.1125 0.422674 -0.00708908 0.906254 143.663 
0.909919 -0.0132734 -0.414574 -135.876 0.0151783 0.999884 0.00130048 -13.1215 0.414509 -0.0074758 0.910015 144.581 
0.91393 -0.0157685 -0.405565 -136.302 0.0176871 0.999843 0.000983195 -13.129 0.405486 -0.00807181 0.914066 145.5 
0.91796 -0.017013 -0.396309 -136.713 0.0187144 0.999825 0.000426385 -13.1511 0.396232 -0.00780802 0.918117 146.434 
0.922445 -0.0181401 -0.385703 -137.115 0.0190731 0.999817 -0.00140758 -13.1641 0.385658 -0.00605809 0.922622 147.374 
0.927728 -0.0163086 -0.372901 -137.511 0.0168284 0.999857 -0.00186151 -13.1749 0.372877 -0.00454829 0.927869 148.351 
0.933944 -0.0128284 -0.357189 -137.905 0.0135652 0.999908 -0.000442689 -13.1826 0.357162 -0.00443183 0.934032 149.329 
0.940694 -0.00931392 -0.339129 -138.278 0.0109318 0.999936 0.00286054 -13.192 0.33908 -0.00639812 0.940736 150.325 
0.947461 -0.00601793 -0.319814 -138.63 0.00798367 0.999956 0.00483566 -13.2005 0.319771 -0.00713484 0.947468 151.335 
0.954129 -0.00474933 -0.299359 -138.952 0.0067764 0.999961 0.00573352 -13.2034 0.29932 -0.00749905 0.954123 152.357 
0.960591 -0.00314216 -0.277948 -139.291 0.00548432 0.999956 0.00764939 -13.2072 0.277912 -0.00887224 0.960566 153.422 
0.966553 -0.00217052 -0.256456 -139.586 0.00502073 0.999933 0.0104595 -13.2116 0.256416 -0.0113972 0.966499 154.489 
0.972083 8.62512e-05 -0.234637 -139.869 0.00334549 0.999893 0.0142275 -13.2116 0.234613 -0.0146153 0.971979 155.585 
0.977138 0.00249149 -0.212593 -140.126 0.00155851 0.999821 0.0188806 -13.2109 0.212602 -0.0187803 0.976959 156.671 
0.981693 0.00454863 -0.190416 -140.371 -0.000278924 0.999748 0.0224436 -13.2052 0.19047 -0.0219796 0.981447 157.799 
0.985657 0.00602573 -0.168652 -140.583 -0.00223253 0.999741 0.0226717 -13.1936 0.168745 -0.0219699 0.985415 158.917 
0.989178 0.00547964 -0.146618 -140.777 -0.00244502 0.999779 0.0208694 -13.1754 0.1467 -0.020285 0.988973 160.055 
0.992023 0.00547771 -0.12594 -140.94 -0.00292483 0.999787 0.0204462 -13.1845 0.126026 -0.0199147 0.991827 161.254 
0.994345 0.00362278 -0.106134 -141.072 -0.00123969 0.999746 0.0225106 -13.1708 0.106189 -0.0222517 0.994097 162.436 
0.996243 0.00473383 -0.0864762 -141.185 -0.00260688 0.999692 0.0246917 -13.1787 0.0865664 -0.0243734 0.995948 163.711 
0.997767 0.00522152 -0.066591 -141.286 -0.00350294 0.999658 0.0258981 -13.1625 0.0667035 -0.025607 0.997444 164.921 
0.998887 0.00667122 -0.0466913 -141.35 -0.00542736 0.999628 0.0267155 -13.1426 0.0468522 -0.0264323 0.998552 166.153 
0.999634 0.00734276 -0.0260541 -141.415 -0.00662405 0.999598 0.0275634 -13.1238 0.026246 -0.0273807 0.999281 167.411 
0.999939 0.00926797 -0.00602428 -141.43 -0.00909874 0.99958 0.0275313 -13.115 0.00627687 -0.0274748 0.999603 168.715 
0.999855 0.0107459 0.01321 -141.371 -0.0110976 0.999578 0.02685 -13.1135 -0.012916 -0.0269926 0.999552 170.046 
0.999427 0.0105086 0.032165 -141.322 -0.0113103 0.999627 0.024844 -13.1225 -0.031892 -0.0251935 0.999174 171.381 
0.998614 0.0125183 0.0511289 -141.287 -0.0136981 0.999646 0.0227917 -13.1176 -0.0508255 -0.0234604 0.998432 172.709 
0.997408 0.0128387 0.0707989 -141.242 -0.0143801 0.99967 0.0213061 -13.106 -0.070502 -0.0222689 0.997263 174.085 
0.995911 0.0130208 0.0893947 -141.14 -0.0147387 0.999719 0.0185848 -13.0963 -0.0891276 -0.0198263 0.995823 175.42 
0.994087 0.01366 0.107724 -141.008 -0.0152295 0.999789 0.0137606 -13.0994 -0.107513 -0.0153198 0.994086 176.749 
0.991962 0.0156531 0.125564 -140.866 -0.0166999 0.999834 0.00728925 -13.103 -0.125429 -0.00932753 0.992059 178.093 
0.989699 0.0171763 0.142129 -140.631 -0.0177209 0.99984 0.00256733 -13.1182 -0.142062 -0.0050595 0.989845 179.455 
0.986985 0.0195165 0.159624 -140.431 -0.019541 0.999808 -0.00141645 -13.1331 -0.159621 -0.00172116 0.987177 180.863 
0.983908 0.0214159 0.17739 -140.202 -0.0210701 0.999771 -0.00383308 -13.1718 -0.177432 3.38044e-05 0.984133 182.303 
0.980623 0.0206125 0.194819 -139.956 -0.0203672 0.999787 -0.00326204 -13.1919 -0.194845 -0.000769063 0.980834 183.732 
0.97719 0.0193879 0.211479 -139.615 -0.019026 0.999812 -0.00374591 -13.2203 -0.211512 -0.000363094 0.977375 185.242 
0.973549 0.0189305 0.227692 -139.232 -0.01745 0.999812 -0.0085137 -13.27 -0.227811 0.00431532 0.973696 186.728 
0.96958 0.0202063 0.243938 -138.9 -0.0176135 0.999763 -0.0128056 -13.293 -0.244139 0.00811949 0.969706 188.161 
0.96516 0.0224291 0.260696 -138.563 -0.0198451 0.999724 -0.01254 -13.3321 -0.260905 0.00692963 0.96534 189.529 
0.960434 0.0244347 0.277434 -138.126 -0.0217137 0.999681 -0.0128762 -13.368 -0.27766 0.00634267 0.960658 190.987 
0.95524 0.0281154 0.294492 -137.658 -0.0245679 0.999574 -0.0157394 -13.4163 -0.294809 0.00779985 0.955524 192.489 
0.950001 0.0284534 0.310949 -137.099 -0.0236436 0.999536 -0.0192272 -13.481 -0.311352 0.0109139 0.950232 194.064 
0.944098 0.0294487 0.328347 -136.633 -0.0238068 0.999492 -0.0211899 -13.5389 -0.328804 0.0121885 0.944319 195.531 
0.937893 0.0298638 0.345638 -136.076 -0.0222381 0.999414 -0.0260077 -13.612 -0.346212 0.0167062 0.938008 197.077 
0.930796 0.0331133 0.364035 -135.529 -0.0231601 0.99923 -0.0316739 -13.6808 -0.364804 0.0210509 0.930847 198.482 
0.921977 0.0362187 0.385548 -134.892 -0.0248163 0.999096 -0.0345117 -13.7882 -0.38645 0.0222511 0.922042 200.095 
0.911413 0.0393425 0.409608 -134.276 -0.0272628 0.999005 -0.0352913 -13.8832 -0.410589 0.0209979 0.911579 201.586 
0.899678 0.044094 0.434321 -133.546 -0.0308503 0.99882 -0.037499 -13.989 -0.435462 0.0203381 0.899977 203.097 
0.887076 0.0480784 0.459112 -132.874 -0.0331707 0.998629 -0.0404858 -14.0683 -0.46043 0.0206849 0.887455 204.462 
0.87356 0.0518788 0.483944 -132.153 -0.0351351 0.998431 -0.0436099 -14.1523 -0.485447 0.0210925 0.874012 205.904 
0.859697 0.0531724 0.508029 -131.412 -0.0347877 0.998353 -0.045623 -14.2346 -0.509618 0.0215488 0.860131 207.306 
0.845442 0.0545437 0.531275 -130.624 -0.0344938 0.998271 -0.0475966 -14.3368 -0.532953 0.0219145 0.845861 208.615 
0.829869 0.0569072 0.555049 -129.784 -0.0336029 0.998077 -0.0520886 -14.4615 -0.556946 0.0245755 0.830185 210.012 
0.814554 0.0591944 0.57706 -128.911 -0.032077 0.997854 -0.0570805 -14.5725 -0.5792 0.0279848 0.814705 211.318 
0.799566 0.0608696 0.597486 -127.959 -0.0310874 0.997712 -0.0600412 -14.6952 -0.599774 0.0294326 0.799628 212.635 
0.784265 0.0623565 0.617285 -126.959 -0.0296685 0.997568 -0.0630777 -14.8272 -0.619716 0.0311557 0.784207 213.969 
0.769836 0.0623195 0.635192 -125.937 -0.0278995 0.997556 -0.0640579 -14.9791 -0.637632 0.0315925 0.769693 215.224 
0.75489 0.0631284 0.652806 -124.917 -0.026849 0.997497 -0.0654135 -15.13 -0.655302 0.0318528 0.754696 216.533 
0.740404 0.0633278 0.669172 -123.847 -0.0241911 0.997418 -0.0676254 -15.2672 -0.671727 0.0338821 0.740024 217.795 
0.726747 0.0644616 0.683874 -122.768 -0.0217543 0.997248 -0.0708818 -15.4005 -0.686561 0.0366359 0.726149 218.958 
0.712587 0.0662118 0.698452 -121.685 -0.0194106 0.997016 -0.0747116 -15.548 -0.701315 0.0396811 0.711746 220.118 
0.698214 0.0680244 0.712649 -120.562 -0.0180318 0.996831 -0.0774837 -15.6781 -0.715662 0.0412499 0.697228 221.282 
0.683833 0.0689329 0.726375 -119.407 -0.0172583 0.996777 -0.0783464 -15.8213 -0.729434 0.0410399 0.682819 222.391 
0.668392 0.069702 0.740536 -118.237 -0.0174995 0.996798 -0.0780275 -15.9798 -0.743603 0.039194 0.667472 223.488 
0.652394 0.0705773 0.754587 -117.043 -0.0197705 0.996901 -0.0761481 -16.1394 -0.757622 0.03476 0.651767 224.544 
0.635465 0.0716915 0.768794 -115.866 -0.0224148 0.996973 -0.0744421 -16.287 -0.771804 0.030073 0.635149 225.574 
0.618306 0.0737445 0.78247 -114.655 -0.0258858 0.996959 -0.0735042 -16.4443 -0.785511 0.0251932 0.618335 226.588 
0.601485 0.0764352 0.795219 -113.451 -0.0268788 0.996785 -0.0754788 -16.5978 -0.798432 0.0240248 0.601605 227.54 
0.584382 0.079943 0.807531 -112.228 -0.029221 0.996563 -0.0775103 -16.746 -0.810952 0.0216988 0.58471 228.469 
0.565986 0.0801002 0.820514 -111.011 -0.0296075 0.996602 -0.076867 -16.8939 -0.823883 0.0192123 0.566434 229.358 
0.54596 0.0789863 0.83408 -109.792 -0.0300738 0.996752 -0.0747059 -17.0322 -0.837271 0.0157025 0.546562 230.21 
0.525654 0.0773132 0.847178 -108.548 -0.0303151 0.996932 -0.0721698 -17.1689 -0.850158 0.012254 0.526385 231.028 
0.50524 0.0756021 0.859661 -107.292 -0.0306343 0.997099 -0.0696845 -17.3163 -0.862435 0.00887229 0.50609 231.807 
0.484518 0.0746293 0.871592 -106.04 -0.0301369 0.997187 -0.06863 -17.4486 -0.874262 0.00698538 0.485404 232.555 
0.464089 0.0741744 0.882677 -104.755 -0.0294393 0.997229 -0.0683221 -17.5807 -0.885299 0.00572216 0.464987 233.271 
0.4434 0.0734237 0.893311 -103.474 -0.0276151 0.997285 -0.0682626 -17.7108 -0.895898 0.0055988 0.444224 233.975 
0.423471 0.0735343 0.90292 -102.174 -0.0249336 0.997269 -0.0695241 -17.8332 -0.905566 0.00692847 0.424148 234.608 
0.403394 0.0725996 0.912142 -100.891 -0.0217485 0.997327 -0.0697613 -17.9813 -0.914768 0.00830362 0.403895 235.207 
0.383039 0.0704282 0.921044 -99.615 -0.0201379 0.997489 -0.0678987 -18.1215 -0.923513 0.00745998 0.383495 235.776 
0.362698 0.0703847 0.929245 -98.3284 -0.0196191 0.997499 -0.0678969 -18.2422 -0.9317 0.00639509 0.363172 236.318 
0.343125 0.0749847 0.936292 -97.0241 -0.0202954 0.997168 -0.0724223 -18.3729 -0.939071 0.0058475 0.343675 236.839 
0.323428 0.0842582 0.942494 -95.714 -0.0216319 0.996426 -0.0816564 -18.5057 -0.946006 0.00602204 0.324094 237.354 
0.303812 0.0920667 0.948273 -94.4077 -0.0244061 0.995745 -0.0888563 -18.6488 -0.95242 0.00385193 0.304766 237.828 
0.284552 0.0957906 0.953863 -93.1172 -0.0274776 0.995402 -0.0917651 -18.807 -0.958267 -9.78645e-05 0.285876 238.25 
0.264774 0.0972533 0.959394 -91.8364 -0.03015 0.99525 -0.0925671 -18.9562 -0.963839 -0.00441633 0.266449 238.655 
0.244836 0.0976023 0.964639 -90.569 -0.0344131 0.995168 -0.0919568 -19.1029 -0.968954 -0.0106819 0.247012 239.032 
0.225775 0.0980324 0.969234 -89.2906 -0.0360794 0.995083 -0.0922423 -19.2426 -0.973511 -0.0141433 0.228202 239.374 
0.206835 0.0964157 0.973614 -88.0383 -0.0366404 0.995198 -0.0907693 -19.3868 -0.97769 -0.0168993 0.209374 239.679 
0.188194 0.096601 0.97737 -86.7947 -0.0364657 0.995152 -0.091337 -19.5225 -0.981455 -0.0184514 0.190804 239.952 
0.169513 0.0972535 0.980718 -85.5592 -0.0358888 0.995068 -0.0924733 -19.6592 -0.984874 -0.0195214 0.172167 240.211 
0.150277 0.101093 0.983462 -84.3219 -0.0398756 0.994569 -0.0961415 -19.7918 -0.987839 -0.0247683 0.153492 240.452 
0.131752 0.103061 0.985911 -83.0854 -0.0401731 0.994319 -0.0985717 -19.9309 -0.990468 -0.02662 0.135144 240.66 
0.114548 0.10047 0.988324 -81.8217 -0.0409276 0.994505 -0.0963546 -20.0718 -0.992574 -0.0294124 0.118031 240.847 
0.0988049 0.0959327 0.990472 -80.5934 -0.0388797 0.994954 -0.0924884 -20.2078 -0.994347 -0.0293709 0.102036 241.006 
0.0848002 0.091884 0.992152 -79.3984 -0.0387451 0.99529 -0.088863 -20.3363 -0.995644 -0.0309055 0.0879608 241.129 
0.071656 0.0886242 0.993484 -78.2169 -0.0369379 0.995597 -0.0861485 -20.4626 -0.996745 -0.0305241 0.0746141 241.256 
0.0607398 0.0885991 0.994214 -77.0529 -0.0366796 0.995578 -0.0864797 -20.5925 -0.99748 -0.0312146 0.063721 241.363 
0.0520501 0.0910219 0.994488 -75.9008 -0.0373578 0.995318 -0.0891426 -20.7153 -0.997946 -0.032512 0.0552068 241.45 
0.0452716 0.0926467 0.994669 -74.7478 -0.0386224 0.995108 -0.0909296 -20.8428 -0.998228 -0.0343 0.0486283 241.532 
0.03906 0.096712 0.994546 -73.6226 -0.0394579 0.994678 -0.0951752 -20.9732 -0.998458 -0.0355251 0.0426682 241.612 
0.0332723 0.105376 0.993876 -72.5152 -0.039126 0.993801 -0.104058 -21.104 -0.99868 -0.0354241 0.0371889 241.684 
0.0280982 0.107931 0.993761 -71.4089 -0.0408306 0.993448 -0.106743 -21.2337 -0.998771 -0.0375766 0.032321 241.75 
0.0243208 0.0996424 0.994726 -70.3026 -0.0400527 0.994319 -0.0986223 -21.3597 -0.998902 -0.0374428 0.0281736 241.801 
0.0217 0.0898245 0.995721 -69.2009 -0.0390635 0.995271 -0.0889326 -21.483 -0.999001 -0.0369665 0.0251062 241.854 
0.0204569 0.0862423 0.996064 -68.1162 -0.0382705 0.99561 -0.085417 -21.5969 -0.999058 -0.0363725 0.0236676 241.898 
0.0198706 0.0881854 0.995906 -67.0426 -0.0395993 0.99539 -0.0873496 -21.7119 -0.999018 -0.0377014 0.0232711 241.955 
0.0198925 0.0912754 0.995627 -65.9811 -0.0391367 0.995132 -0.090448 -21.8209 -0.999036 -0.0371663 0.0233678 242.004 
0.0217799 0.0937955 0.995353 -64.9223 -0.0415991 0.994812 -0.0928342 -21.9348 -0.998897 -0.0393839 0.0255688 242.049 
0.0233601 0.0943866 0.995262 -63.8831 -0.0436562 0.99468 -0.0933067 -22.048 -0.998774 -0.0412697 0.0273564 242.108 
0.026395 0.0961195 0.99502 -62.8504 -0.0448071 0.99448 -0.0948787 -22.1581 -0.998647 -0.0420797 0.0305562 242.162 
0.0295612 0.0971489 0.994831 -61.8292 -0.047103 0.994295 -0.0956969 -22.2678 -0.998453 -0.0440306 0.0339686 242.229 
0.034044 0.0983103 0.994573 -60.8231 -0.0483999 0.994145 -0.0966111 -22.3786 -0.998248 -0.0448482 0.0386028 242.294 
0.0400168 0.0974994 0.994431 -59.8068 -0.0492445 0.994211 -0.0954962 -22.4871 -0.997985 -0.0451488 0.0445864 242.362 
0.0464524 0.0961959 0.994278 -58.7952 -0.0482055 0.994409 -0.0939564 -22.5986 -0.997757 -0.0435652 0.0508298 242.436 
0.0537197 0.0953061 0.993997 -57.7934 -0.0458161 0.994622 -0.0928898 -22.7107 -0.997504 -0.0405511 0.0577973 242.51 
0.0608276 0.096284 0.993494 -56.8091 -0.0445355 0.994607 -0.0936652 -22.8163 -0.997154 -0.0385484 0.0647876 242.595 
0.0674345 0.0960806 0.993087 -55.8173 -0.0454075 0.994617 -0.0931453 -22.9227 -0.99669 -0.0388124 0.0714343 242.692 
0.0741443 0.0947752 0.992734 -54.8291 -0.046088 0.994736 -0.0915241 -23.0318 -0.996182 -0.0389671 0.078122 242.795 
0.0805504 0.0927478 0.992426 -53.8357 -0.0466294 0.994922 -0.0891964 -23.1349 -0.995659 -0.0390914 0.0844661 242.903 
0.0870102 0.0913319 0.992012 -52.8514 -0.046534 0.995074 -0.0875323 -23.2366 -0.99512 -0.0385461 0.0908316 243.017 
0.0936835 0.0919949 0.991343 -51.8789 -0.046739 0.99503 -0.0879202 -23.338 -0.994504 -0.0380977 0.0975177 243.135 
0.100061 0.0941336 0.990518 -50.9077 -0.0462037 0.99488 -0.0898807 -23.4409 -0.993908 -0.0367721 0.103898 243.261 
0.106129 0.095713 0.989735 -49.9436 -0.0464844 0.994746 -0.091213 -23.5386 -0.993265 -0.036327 0.11002 243.396 
0.112099 0.0977592 0.988877 -48.9878 -0.0484471 0.994503 -0.0928235 -23.6394 -0.992515 -0.0375028 0.116219 243.535 
0.118214 0.0985778 0.988083 -48.0255 -0.0506922 0.994362 -0.0931393 -23.7399 -0.991693 -0.0390777 0.122545 243.678 
0.124482 0.0981583 0.987355 -47.0763 -0.0516395 0.994387 -0.0923469 -23.8418 -0.990877 -0.039491 0.128853 243.832 
0.129845 0.0959458 0.986881 -46.1258 -0.052563 0.994574 -0.0897779 -23.9416 -0.99014 -0.0402162 0.134184 243.992 
0.136033 0.0940308 0.986232 -45.163 -0.0523947 0.994775 -0.0876184 -24.0463 -0.989318 -0.0397543 0.140249 244.154 
0.142341 0.0934179 0.985399 -44.2062 -0.0523035 0.994855 -0.0867591 -24.1418 -0.988435 -0.0391905 0.146495 244.316 
0.149251 0.0945564 0.984268 -43.2619 -0.0519865 0.994791 -0.0876843 -24.2387 -0.987432 -0.0380817 0.153389 244.484 
0.156431 0.09469 0.983139 -42.3309 -0.0494035 0.994898 -0.0879617 -24.3351 -0.986453 -0.0348105 0.160311 244.655 
