1 2.12261e-08 -2.11895e-08 0 2.12261e-08 1 2.10703e-08 0 -2.11895e-08 2.10703e-08 1 0 
0.999872 0.00171517 0.0159366 0.00735001 -0.00169714 0.999998 -0.00114191 0.00265571 -0.0159385 0.00111476 0.999872 0.122404 
0.999293 0.00484579 0.03728 0.0269882 -0.00482149 0.999988 -0.000740611 0.00166218 -0.0372832 0.000560384 0.999305 0.259251 
0.997893 0.006247 0.0645808 0.0548496 -0.00630493 0.99998 0.000693905 0.00248349 -0.0645752 -0.00109958 0.997912 0.412595 
0.995107 0.00607825 0.0986116 0.10536 -0.00639097 0.999976 0.00285616 0.003365 -0.0985918 -0.00347237 0.995122 0.587337 
0.990593 0.0030666 0.136809 0.165674 -0.00377286 0.999981 0.00490371 0.00170035 -0.136791 -0.0053737 0.990585 0.758113 
0.984301 0.000143527 0.176496 0.236698 -0.00105997 0.999986 0.00509838 0.00624411 -0.176493 -0.00520539 0.984288 0.941557 
0.975419 0.000427281 0.220357 0.318683 -0.00187085 0.999978 0.00634259 0.00483492 -0.22035 -0.0065989 0.975399 1.12894 
0.963187 0.000718507 0.268831 0.406043 -0.00328071 0.999953 0.00908197 0.0082775 -0.268812 -0.00962955 0.963145 1.32641 
0.948676 -0.00319912 0.316235 0.49884 -0.00203578 0.999866 0.0162222 0.00610492 -0.316245 -0.0160334 0.948542 1.48929 
0.931576 -0.0123149 0.363339 0.628607 0.00382964 0.999703 0.0240648 0.00459044 -0.363527 -0.0210267 0.931346 1.67787 
0.909935 -0.0177479 0.414372 0.77138 0.00650367 0.999572 0.0285311 -0.00692872 -0.414701 -0.0232665 0.909661 1.8897 
0.884426 -0.0188904 0.466298 0.929168 0.0044747 0.999478 0.0320031 0.00373858 -0.466659 -0.0262178 0.884049 2.08998 
0.855713 -0.0214058 0.517008 1.06444 0.00290236 0.999327 0.0365717 0.00431159 -0.517443 -0.0297943 0.855199 2.26322 
0.822881 -0.0264786 0.567596 1.21107 0.00401029 0.999159 0.0407973 0.00286516 -0.5682 -0.0312951 0.822296 2.43062 
0.786441 -0.0316086 0.616856 1.413 0.00567551 0.999017 0.0439554 0.00537574 -0.61764 -0.0310673 0.785848 2.62298 
0.747711 -0.0358491 0.663056 1.62513 0.00640467 0.998885 0.0467839 0.0022478 -0.663994 -0.0307341 0.747106 2.81062 
0.70695 -0.0388759 0.706194 1.86124 0.00744688 0.998842 0.0475314 0.0139947 -0.707224 -0.0283433 0.706421 3.00996 
0.664159 -0.0407774 0.746479 2.10849 0.00649885 0.998789 0.0487781 0.0180638 -0.747564 -0.0275451 0.663619 3.20474 
0.620698 -0.0408417 0.782986 2.40028 0.00140899 0.998699 0.0509768 0.0246163 -0.784049 -0.0305379 0.619948 3.41207 
0.577954 -0.0415563 0.815011 2.72283 -0.00187728 0.998632 0.0522503 0.0363355 -0.816068 -0.0317282 0.577085 3.62737 
0.537064 -0.042882 0.842451 3.08072 -0.00408282 0.998563 0.0534312 0.0463499 -0.843531 -0.0321355 0.536118 3.83635 
0.497749 -0.0450428 0.866151 3.45824 -0.00512449 0.99848 0.0548694 0.0641013 -0.867306 -0.0317497 0.496762 4.03857 
0.45987 -0.0447686 0.886857 3.86974 -0.0081113 0.998475 0.0546091 0.0801248 -0.887949 -0.0323067 0.458806 4.23323 
0.422927 -0.0439752 0.905096 4.32049 -0.00905758 0.998567 0.052749 0.103223 -0.906119 -0.0305069 0.421922 4.42316 
0.388929 -0.0422888 0.920297 4.79599 -0.00794483 0.998755 0.0492517 0.130104 -0.921234 -0.026467 0.388109 4.60751 
0.359117 -0.0405995 0.932409 5.30616 -0.00568399 0.99894 0.0456857 0.147103 -0.933275 -0.0217063 0.358505 4.78423 
0.333237 -0.0385274 0.942055 5.84809 -0.00443775 0.99909 0.0424297 0.178266 -0.942833 -0.0183198 0.332763 4.97902 
0.313103 -0.0381012 0.948955 6.4124 -0.00321559 0.999147 0.0411774 0.198191 -0.949714 -0.0159442 0.312713 5.15233 
0.29817 -0.0386107 0.953732 7.00203 -0.0021462 0.999152 0.0411205 0.221893 -0.954511 -0.0143078 0.297834 5.34592 
0.286506 -0.0400398 0.957242 7.62664 -0.00127185 0.99911 0.0421718 0.243742 -0.958078 -0.0132999 0.2862 5.54003 
0.275512 -0.0421046 0.960375 8.27371 -0.00235742 0.999008 0.0444747 0.261814 -0.961295 -0.0145173 0.275139 5.7397 
0.26491 -0.0436437 0.963285 8.95035 -0.00359212 0.998924 0.0462462 0.29 -0.964267 -0.0157113 0.264468 5.93484 
0.254847 -0.0454826 0.965911 9.65342 -0.00449388 0.998827 0.0482182 0.314068 -0.966971 -0.016629 0.254344 6.1277 
0.244165 -0.0474463 0.968572 10.385 -0.00576037 0.998714 0.050375 0.342568 -0.969717 -0.0178791 0.243578 6.33449 
0.233877 -0.0487724 0.971042 11.1307 -0.00584696 0.998652 0.0515675 0.378169 -0.972249 -0.0177381 0.233277 6.51931 
0.223551 -0.050044 0.973407 11.8953 -0.00590677 0.998593 0.0526955 0.411204 -0.974674 -0.0175298 0.222941 6.7039 
0.212982 -0.0524863 0.975645 12.6755 -0.00714677 0.998446 0.0552731 0.451429 -0.97703 -0.0187449 0.212276 6.88537 
0.201467 -0.0561898 0.977882 13.4639 -0.00896171 0.998206 0.059204 0.484732 -0.979454 -0.0206911 0.200602 7.0597 
0.189274 -0.0597485 0.980105 14.2713 -0.00958877 0.997987 0.0626904 0.527716 -0.981878 -0.0212637 0.18832 7.22705 
0.176126 -0.0620011 0.982413 15.075 -0.0100691 0.997849 0.0647805 0.562255 -0.984316 -0.0213015 0.175122 7.3846 
0.162297 -0.0624596 0.984763 15.8804 -0.010544 0.997828 0.065026 0.601668 -0.986686 -0.0209368 0.161286 7.52646 
0.14784 -0.0612187 0.987115 16.6873 -0.0114667 0.997909 0.0636056 0.640512 -0.988945 -0.0207225 0.146829 7.65577 
0.131112 -0.0602454 0.989535 17.503 -0.0121341 0.99798 0.0623673 0.677083 -0.991293 -0.0201843 0.130116 7.77453 
0.110944 -0.058833 0.992084 18.3242 -0.0146973 0.99804 0.0608299 0.709999 -0.993718 -0.0213296 0.109862 7.87472 
0.0850151 -0.0576319 0.994712 19.1472 -0.0191079 0.998048 0.0594584 0.742449 -0.996196 -0.0240617 0.0837479 7.96176 
0.0541555 -0.0574149 0.996881 19.9792 -0.0232509 0.998002 0.0587427 0.772705 -0.998262 -0.0263596 0.0527124 8.02243 
0.0207155 -0.0569322 0.998163 20.8192 -0.0264003 0.997998 0.0574707 0.809319 -0.999437 -0.0275423 0.019171 8.04781 
-0.0141303 -0.056264 0.998316 21.6602 -0.0282896 0.998038 0.055848 0.84042 -0.9995 -0.0274528 -0.0156943 8.04448 
-0.0481205 -0.0552115 0.997314 22.5063 -0.0293412 0.998118 0.0538403 0.867596 -0.998411 -0.0266715 -0.0496499 8.00879 
-0.0811302 -0.0530433 0.995291 23.3484 -0.0311569 0.99823 0.0506602 0.897696 -0.996216 -0.0269001 -0.0826392 7.94475 
-0.113895 -0.0503407 0.992217 24.1882 -0.0335362 0.998341 0.0468019 0.920206 -0.992927 -0.0279447 -0.115394 7.85855 
-0.14646 -0.0455754 0.988166 25.0222 -0.0303515 0.998675 0.0415616 0.943824 -0.988751 -0.0239052 -0.147649 7.7361 
-0.178067 -0.0397611 0.983215 25.8511 -0.0249897 0.999044 0.0358754 0.959615 -0.983701 -0.018182 -0.178891 7.5812 
-0.208379 -0.0334574 0.977476 26.6695 -0.0186303 0.999369 0.0302352 0.969531 -0.977871 -0.0119103 -0.20887 7.40123 
-0.237249 -0.0275786 0.971057 27.487 -0.0124127 0.999601 0.0253566 0.976803 -0.97137 -0.00603765 -0.237497 7.19643 
-0.264891 -0.0215898 0.964037 28.2938 -0.0033612 0.999764 0.0214664 0.974521 -0.964273 0.00244593 -0.264901 6.96434 
-0.290745 -0.0104484 0.956743 29.0855 0.00445394 0.999915 0.0122734 0.962838 -0.95679 0.0078297 -0.290674 6.71582 
-0.316008 0.00490842 0.948744 29.8679 0.00852108 0.999961 -0.00233515 0.948654 -0.948718 0.00734638 -0.316038 6.45492 
-0.340756 0.0223013 0.939887 30.6376 0.0100574 0.999748 -0.0200753 0.923342 -0.940098 0.00261208 -0.340895 6.18267 
-0.365694 0.0372407 0.92999 31.3996 0.0102001 0.9993 -0.0360052 0.892313 -0.930679 -0.00368092 -0.365817 5.88482 
-0.389993 0.0476816 0.919583 32.1392 0.0141535 0.998851 -0.0457892 0.849929 -0.920709 -0.00484221 -0.39022 5.58075 
-0.413331 0.0516053 0.909117 32.8913 0.0169756 0.998656 -0.0489699 0.797774 -0.910423 -0.004808 -0.413652 5.23931 
-0.435966 0.0512097 0.898505 33.6323 0.0203287 0.998685 -0.0470556 0.744073 -0.899733 -0.00224921 -0.436434 4.88682 
-0.456008 0.0469029 0.888739 34.3632 0.0236206 0.998896 -0.0405967 0.694953 -0.889662 0.00248007 -0.456613 4.51353 
-0.473471 0.0456923 0.879623 35.0831 0.0312959 0.998896 -0.0350424 0.644362 -0.880253 0.010937 -0.474379 4.1148 
-0.48723 0.046091 0.872057 35.7848 0.0329871 0.998865 -0.0343629 0.600723 -0.872651 0.012024 -0.488197 3.73145 
-0.498205 0.0502851 0.8656 36.4804 0.0371169 0.998639 -0.0366507 0.555703 -0.866265 0.0138688 -0.499393 3.3334 
-0.508063 0.0526041 0.859712 37.171 0.037263 0.998541 -0.0390775 0.513009 -0.860514 0.0121817 -0.509282 2.93337 
-0.518904 0.0518815 0.853257 37.8525 0.0311045 0.998642 -0.0418054 0.464959 -0.854266 0.00484709 -0.519813 2.54062 
-0.530114 0.0503714 0.846429 38.5238 0.030269 0.998722 -0.040477 0.417365 -0.847386 0.00416305 -0.530962 2.14715 
-0.538675 0.0516761 0.840928 39.2083 0.0319786 0.998652 -0.0408839 0.379621 -0.841907 0.00486853 -0.539601 1.71117 
-0.54569 0.0547707 0.836195 39.8923 0.0353036 0.998478 -0.0423615 0.329503 -0.837243 0.00640447 -0.546793 1.26743 
-0.549117 0.0575255 0.833763 40.5734 0.0365464 0.998327 -0.0448101 0.281958 -0.834946 0.00586505 -0.550301 0.830592 
-0.548957 0.0598037 0.833709 41.2808 0.036121 0.998203 -0.0478193 0.238809 -0.83507 0.00386367 -0.55013 0.381228 
-0.545754 0.0598294 0.835807 42.0187 0.03744 0.998193 -0.0470063 0.192137 -0.837109 0.00563881 -0.547007 -0.0893234 
-0.53992 0.0588021 0.83966 42.77 0.0351278 0.998262 -0.0473211 0.150065 -0.840983 0.00394581 -0.541047 -0.555529 
-0.533233 0.0574031 0.844019 43.5373 0.0327344 0.998348 -0.0472184 0.0983071 -0.845335 0.00245002 -0.534231 -1.01025 
-0.526188 0.0570933 0.848449 44.3164 0.0313331 0.998368 -0.0477495 0.0474432 -0.849791 0.00145928 -0.527118 -1.4661 
-0.519993 0.055727 0.852351 45.1097 0.0285267 0.998446 -0.0478754 -0.00476756 -0.853694 -0.000580172 -0.520775 -1.91927 
-0.515827 0.0534001 0.855027 45.9399 0.0237074 0.998563 -0.0480622 -0.0559274 -0.856365 -0.00452128 -0.516352 -2.39745 
-0.51492 0.0506727 0.855739 46.7701 0.0194029 0.998685 -0.047462 -0.108282 -0.857019 -0.00783527 -0.515226 -2.85536 
-0.515128 0.0481481 0.85576 47.6196 0.0166594 0.998795 -0.0461675 -0.168826 -0.856952 -0.00952567 -0.515309 -3.34146 
-0.516408 0.0471194 0.855046 48.4947 0.0151782 0.998832 -0.0458761 -0.22353 -0.856208 -0.0107128 -0.51652 -3.83117 
-0.516984 0.0460919 0.854753 49.3586 0.0154315 0.998889 -0.0445308 -0.289402 -0.855856 -0.00983158 -0.517121 -4.33044 
-0.517627 0.0454982 0.854396 50.2296 0.0150593 0.998915 -0.0440705 -0.346263 -0.855474 -0.00994543 -0.51775 -4.82622 
-0.518168 0.0446651 0.854112 51.1032 0.0148877 0.998955 -0.0432076 -0.40048 -0.855149 -0.00967304 -0.518292 -5.32411 
-0.518801 0.0440324 0.85376 52.0072 0.0137374 0.998973 -0.0431739 -0.459472 -0.854785 -0.0106703 -0.518873 -5.84205 
-0.519365 0.0422969 0.853505 52.9186 0.0114386 0.999029 -0.0425481 -0.519257 -0.854476 -0.0123351 -0.519344 -6.36031 
-0.519436 0.0417172 0.85349 53.8065 0.0112626 0.999055 -0.0419777 -0.579416 -0.854435 -0.0121922 -0.519415 -6.87598 
-0.519296 0.0409059 0.853615 54.6827 0.0101037 0.999078 -0.04173 -0.642829 -0.854535 -0.0130456 -0.519231 -7.37411 
-0.518001 0.0391861 0.854482 55.5663 0.00956211 0.999153 -0.0400239 -0.707944 -0.855326 -0.0125618 -0.517937 -7.88572 
-0.516684 0.0371385 0.85537 56.4552 0.0095701 0.999247 -0.0376046 -0.76481 -0.856123 -0.0112437 -0.51665 -8.38048 
-0.514589 0.0355169 0.856701 57.327 0.00911403 0.999312 -0.0359548 -0.821331 -0.857389 -0.0106939 -0.514559 -8.87667 
-0.512575 0.0352167 0.85792 58.2128 0.00933164 0.999328 -0.0354461 -0.881986 -0.858592 -0.010163 -0.512559 -9.37617 
-0.510818 0.035393 0.85896 59.0959 0.00982696 0.999327 -0.0353327 -0.942429 -0.859632 -0.00960765 -0.510823 -9.87588 
-0.510368 0.0359213 0.859206 59.9672 0.00889281 0.999294 -0.0364957 -0.991939 -0.85991 -0.0109855 -0.510327 -10.3625 
-0.511517 0.0371535 0.85847 60.8546 0.00827619 0.999232 -0.0383141 -1.0551 -0.859233 -0.0124934 -0.511431 -10.862 
-0.514783 0.0388483 0.85644 61.7299 0.00699002 0.99913 -0.0411192 -1.11411 -0.857292 -0.015181 -0.514607 -11.3564 
-0.519636 0.0392234 0.853487 62.6032 0.00580485 0.999085 -0.0423803 -1.17273 -0.854368 -0.017068 -0.519388 -11.8565 
-0.525135 0.0377406 0.850182 63.4838 0.0069079 0.999172 -0.0400876 -1.23604 -0.850991 -0.0151784 -0.524961 -12.3777 
-0.530821 0.0354789 0.846741 64.3625 0.00776868 0.999285 -0.0370003 -1.29335 -0.847448 -0.0130625 -0.530718 -12.9017 
-0.536339 0.0328586 0.843363 65.2267 0.00492563 0.999347 -0.0358034 -1.35345 -0.843988 -0.0150487 -0.53615 -13.4221 
-0.541662 0.0358294 0.839832 66.082 0.00609217 0.999232 -0.0387006 -1.41118 -0.840574 -0.0158462 -0.541465 -13.9436 
-0.546949 0.0372705 0.836336 66.9072 0.00700868 0.999177 -0.0399438 -1.47193 -0.837137 -0.0159856 -0.54676 -14.4584 
-0.551499 0.0384244 0.83329 67.7357 0.00603795 0.999096 -0.0420738 -1.52721 -0.834154 -0.0181723 -0.551232 -14.9844 
-0.555039 0.0386754 0.830925 68.5601 0.00517562 0.99906 -0.043044 -1.58481 -0.831808 -0.0195906 -0.554717 -15.5175 
-0.558359 0.0379824 0.828729 69.3731 0.00572367 0.999104 -0.0419346 -1.64063 -0.829579 -0.0186712 -0.558076 -16.0478 
-0.560693 0.0314968 0.827425 70.1964 0.00648622 0.999413 -0.0336484 -1.6917 -0.827998 -0.0134996 -0.560568 -16.5898 
-0.56269 0.0231148 0.826345 71.0218 0.00677188 0.999704 -0.0233529 -1.74982 -0.82664 -0.00754453 -0.562681 -17.1404 
-0.564111 0.0217588 0.825412 71.8304 0.00785735 0.999749 -0.0209846 -1.79255 -0.825661 -0.0053521 -0.564141 -17.6735 
-0.565368 0.0259605 0.82443 72.6273 0.00732577 0.999623 -0.0264533 -1.83193 -0.824806 -0.00891627 -0.565345 -18.1985 
-0.566527 0.0325362 0.8234 73.4233 0.0090717 0.999406 -0.0332493 -1.87322 -0.823993 -0.011367 -0.566486 -18.731 
-0.567094 0.0362164 0.822857 74.2187 0.0138746 0.999311 -0.0344206 -1.91525 -0.823537 -0.00810285 -0.567205 -19.261 
-0.567332 0.0378389 0.822619 75.0106 0.0172743 0.999271 -0.034051 -1.96321 -0.823308 -0.00510806 -0.567572 -19.7914 
-0.566784 0.0345599 0.823141 75.8048 0.0153564 0.999389 -0.0313859 -2.00422 -0.823723 -0.0051486 -0.566969 -20.325 
-0.565969 0.0301892 0.823874 76.5925 0.0142689 0.999538 -0.0268239 -2.04434 -0.824303 -0.00342572 -0.566139 -20.8498 
-0.565172 0.0231405 0.824648 77.386 0.0105011 0.999727 -0.0208564 -2.08679 -0.824906 -0.00312781 -0.565261 -21.3698 
-0.564912 0.0175234 0.824965 78.1778 0.00191003 0.9998 -0.0199291 -2.12536 -0.825149 -0.00968249 -0.564832 -21.872 
-0.563118 0.0125288 0.826282 78.972 -0.00550457 0.999806 -0.0189113 -2.15629 -0.826358 -0.0151976 -0.562939 -22.3795 
-0.561412 0.0134181 0.827428 79.7568 -0.00235081 0.999839 -0.0178091 -2.19103 -0.827533 -0.0119433 -0.56129 -22.8895 
-0.558488 0.0165605 0.829347 80.5408 0.0017146 0.999822 -0.0188099 -2.23137 -0.829511 -0.00908312 -0.558417 -23.3987 
-0.553159 0.019915 0.832838 81.3239 0.00377208 0.999764 -0.0214012 -2.26376 -0.833067 -0.00869676 -0.553103 -23.9017 
-0.545313 0.0222382 0.837937 82.1121 0.00832733 0.999742 -0.0211131 -2.29543 -0.838191 -0.0045355 -0.545358 -24.4077 
-0.53746 0.0255816 0.842901 82.9074 0.015399 0.999671 -0.0205206 -2.3332 -0.843149 0.00195084 -0.537677 -24.9039 
-0.527893 0.0246984 0.848952 83.712 0.0127505 0.999695 -0.0211554 -2.36679 -0.849215 -0.000343255 -0.528047 -25.3836 
-0.517078 0.0225617 0.855641 84.5171 0.010586 0.999745 -0.0199641 -2.39838 -0.855873 -0.00126523 -0.517185 -25.8425 
-0.505726 0.0194977 0.862474 85.3301 0.0111926 0.999809 -0.0160394 -2.43571 -0.862622 0.00154176 -0.505847 -26.294 
-0.494929 0.0190563 0.868725 86.1437 0.0107137 0.999817 -0.0158281 -2.46699 -0.868868 0.0014735 -0.495042 -26.7327 
-0.483454 0.0183249 0.875178 86.959 0.0108444 0.99983 -0.0149444 -2.49243 -0.875303 0.00226585 -0.48357 -27.1544 
-0.471239 0.0197031 0.881785 87.7793 0.0129373 0.999797 -0.0154261 -2.52545 -0.881911 0.00413851 -0.471398 -27.58 
-0.45971 0.0235342 0.887757 88.6106 0.0131686 0.99972 -0.0196831 -2.56633 -0.887971 0.00264196 -0.459891 -27.9847 
-0.447988 0.0329703 0.893431 89.4312 0.0158924 0.999456 -0.0289141 -2.60093 -0.893898 0.00124557 -0.448268 -28.3851 
-0.435713 0.0378798 0.899288 90.2697 0.0163154 0.999282 -0.0341868 -2.63867 -0.899938 -0.00022343 -0.436019 -28.7676 
-0.424327 0.0345472 0.90485 91.1182 0.0146011 0.999403 -0.03131 -2.68348 -0.905391 -7.38746e-05 -0.424578 -29.1458 
-0.412689 0.0309199 0.910347 91.9622 0.0129457 0.999522 -0.02808 -2.7289 -0.91078 0.000196772 -0.412892 -29.5103 
-0.403249 0.0318458 0.914536 92.7985 0.0104051 0.999489 -0.0302161 -2.77501 -0.915031 -0.00266878 -0.403375 -29.8525 
-0.396648 0.0358945 0.917269 93.6365 0.00517957 0.999307 -0.036865 -2.82486 -0.917956 -0.00987139 -0.396559 -30.1873 
-0.392026 0.0405491 0.91906 94.4626 -0.0012535 0.999004 -0.0446109 -2.87167 -0.919953 -0.0186407 -0.391584 -30.5086 
-0.388524 0.0423886 0.920463 95.3018 -0.00410361 0.998852 -0.0477305 -2.92703 -0.92143 -0.0223217 -0.387904 -30.8407 
-0.384782 0.0420987 0.922047 96.1419 -0.00560358 0.998834 -0.0479431 -2.98322 -0.922991 -0.0236144 -0.384097 -31.172 
-0.379676 0.0422576 0.924154 96.9729 -0.00606251 0.998821 -0.0481624 -3.04088 -0.9251 -0.0238888 -0.378972 -31.4951 
-0.373896 0.0378855 0.926696 97.8111 -0.00919339 0.998965 -0.0445493 -3.09793 -0.927425 -0.0251763 -0.373161 -31.8121 
-0.368796 0.0341927 0.928881 98.6585 -0.00926411 0.999138 -0.040457 -3.15405 -0.929464 -0.0235257 -0.368162 -32.1264 
-0.362969 0.0315525 0.931267 99.5138 -0.0107916 0.999217 -0.0380609 -3.2056 -0.931739 -0.0238648 -0.362344 -32.4359 
-0.357281 0.0296881 0.933525 100.359 -0.0195743 0.999037 -0.039263 -3.25465 -0.933792 -0.032301 -0.356356 -32.73 
-0.35134 0.0298598 0.935772 101.207 -0.0269858 0.998753 -0.0420014 -3.303 -0.935859 -0.0400093 -0.350096 -33.0131 
-0.344597 0.0339933 0.938135 102.047 -0.0256309 0.998631 -0.0456001 -3.35699 -0.938401 -0.0397589 -0.343254 -33.3053 
-0.337659 0.0370619 0.940539 102.889 -0.0238611 0.998566 -0.0479147 -3.41286 -0.940966 -0.0386212 -0.33629 -33.5908 
-0.331652 0.0353418 0.942739 103.752 -0.0252524 0.998607 -0.0463199 -3.463 -0.943064 -0.0391686 -0.330298 -33.8652 
-0.324835 0.0307501 0.945271 104.61 -0.0259774 0.998804 -0.0414185 -3.51598 -0.945414 -0.0380098 -0.323647 -34.1367 
-0.318061 0.0279882 0.947657 105.467 -0.0275984 0.998867 -0.0387634 -3.57062 -0.947668 -0.0384829 -0.316929 -34.4022 
-0.311685 0.0312071 0.949673 106.318 -0.0295165 0.99866 -0.0425043 -3.61991 -0.949727 -0.041279 -0.310347 -34.6618 
-0.305463 0.0340314 0.951596 107.179 -0.0287359 0.998577 -0.0449358 -3.67024 -0.95177 -0.0410712 -0.30405 -34.916 
-0.298622 0.0343968 0.953751 108.033 -0.0313643 0.998457 -0.0458293 -3.72463 -0.953856 -0.0435994 -0.297082 -35.1608 
-0.292154 0.0336931 0.955778 108.896 -0.031503 0.998498 -0.0448286 -3.7835 -0.955852 -0.0432067 -0.290654 -35.3959 
-0.283916 0.0334902 0.958264 109.748 -0.0273081 0.998702 -0.0429943 -3.84176 -0.95846 -0.0383751 -0.282633 -35.6337 
-0.27633 0.0344591 0.960445 110.607 -0.0247293 0.998771 -0.0429491 -3.89745 -0.960744 -0.0356193 -0.275139 -35.8662 
-0.269833 0.0346726 0.962283 111.466 -0.0243411 0.998787 -0.0428133 -3.9521 -0.9626 -0.0349754 -0.268661 -36.0899 
-0.26328 0.0335353 0.964137 112.327 -0.0307718 0.998595 -0.0431368 -4.00138 -0.964229 -0.0410253 -0.261878 -36.2967 
-0.2574 0.0317523 0.965783 113.21 -0.0350219 0.998497 -0.0421618 -4.05284 -0.96567 -0.044676 -0.255901 -36.5003 
-0.253224 0.0318248 0.966884 114.079 -0.0325067 0.998614 -0.0413826 -4.10368 -0.966861 -0.0419093 -0.251839 -36.7039 
-0.248517 0.0320079 0.968098 114.949 -0.0306222 0.998695 -0.0408804 -4.16166 -0.968143 -0.0398048 -0.247213 -36.9087 
-0.243892 0.0335266 0.969223 115.819 -0.0296853 0.998676 -0.0420153 -4.21003 -0.969348 -0.0390188 -0.242574 -37.1098 
-0.237977 0.0324409 0.970729 116.69 -0.0237847 0.998948 -0.0392148 -4.25927 -0.970979 -0.0324207 -0.236955 -37.3113 
-0.23264 0.0314528 0.972054 117.56 -0.0162064 0.999213 -0.0362102 -4.30936 -0.972428 -0.0241775 -0.231947 -37.5122 
-0.227543 0.0302258 0.973299 118.437 -0.0144372 0.999304 -0.0344085 -4.36419 -0.973661 -0.0218811 -0.226948 -37.7056 
-0.223616 0.0319715 0.974153 119.314 -0.016259 0.9992 -0.0365258 -4.40953 -0.974542 -0.0240065 -0.222918 -37.8841 
-0.220091 0.033857 0.974892 120.181 -0.0177857 0.999092 -0.0387127 -4.45469 -0.975317 -0.0258594 -0.219289 -38.0579 
-0.218306 0.0334793 0.975306 121.054 -0.0200894 0.999045 -0.0387909 -4.5023 -0.975674 -0.0280616 -0.217425 -38.2311 
-0.21707 0.0321027 0.975628 121.924 -0.0205002 0.999089 -0.0374358 -4.55375 -0.975941 -0.0281267 -0.216214 -38.4089 
-0.216098 0.0277863 0.975976 122.805 -0.0192319 0.99928 -0.032708 -4.59838 -0.976182 -0.025838 -0.215408 -38.59 
-0.215019 0.0224428 0.976352 123.676 -0.0200236 0.999424 -0.0273829 -4.64631 -0.976405 -0.0254379 -0.214446 -38.7626 
-0.214202 0.0205398 0.976574 124.542 -0.0199897 0.999477 -0.0254061 -4.68707 -0.976585 -0.0249635 -0.213679 -38.9367 
-0.212896 0.0252077 0.97675 125.386 -0.0201148 0.999342 -0.0301751 -4.72993 -0.976868 -0.0260713 -0.212249 -39.1031 
-0.213402 0.0289604 0.976535 126.235 -0.0208028 0.999199 -0.0341785 -4.76903 -0.976743 -0.0276085 -0.212629 -39.2635 
-0.213311 0.0281058 0.97658 127.092 -0.0243738 0.999122 -0.0340784 -4.80987 -0.97668 -0.0310722 -0.212439 -39.4295 
-0.212729 0.0271557 0.976734 127.937 -0.0262232 0.999095 -0.0334886 -4.8567 -0.976759 -0.0327372 -0.211825 -39.5962 
-0.211886 0.0277257 0.976901 128.78 -0.0215451 0.999222 -0.0330322 -4.90581 -0.977057 -0.0280465 -0.211123 -39.7684 
-0.210905 0.0304627 0.977032 129.619 -0.0235985 0.999064 -0.0362437 -4.94297 -0.977222 -0.0307005 -0.209989 -39.9337 
-0.211552 0.0312602 0.976867 130.456 -0.0327645 0.9987 -0.0390544 -4.98835 -0.976817 -0.0402686 -0.210253 -40.0807 
-0.211128 0.0324802 0.976919 131.284 -0.0385894 0.998392 -0.0415339 -5.03974 -0.976696 -0.0464677 -0.209535 -40.2329 
-0.210892 0.0361601 0.97684 132.112 -0.0352219 0.998386 -0.0445618 -5.09073 -0.976875 -0.0438039 -0.209278 -40.3975 
-0.210288 0.0374027 0.976924 132.944 -0.0336738 0.998398 -0.0454733 -5.14314 -0.977059 -0.0424593 -0.208692 -40.5632 
-0.208696 0.0384218 0.977226 133.754 -0.0344322 0.99832 -0.0466044 -5.1974 -0.977374 -0.0433741 -0.207022 -40.7142 
-0.206983 0.0371934 0.977637 134.563 -0.0275152 0.998661 -0.0438187 -5.25453 -0.977958 -0.0359696 -0.205683 -40.8753 
-0.203342 0.0342574 0.978508 135.371 -0.0219949 0.998976 -0.0395447 -5.30605 -0.978861 -0.0295632 -0.20238 -41.0412 
-0.200776 0.0294158 0.979196 136.19 -0.0160423 0.999316 -0.0333096 -5.36308 -0.979506 -0.0223963 -0.200167 -41.2064 
-0.197393 0.0284841 0.979911 136.975 -0.0146221 0.999381 -0.0319955 -5.41548 -0.980215 -0.020644 -0.196854 -41.3491 
-0.192733 0.0335849 0.980676 137.767 -0.0141635 0.999215 -0.0370033 -5.45929 -0.981149 -0.0210216 -0.192106 -41.4902 
-0.185845 0.0371262 0.981878 138.562 -0.012382 0.999118 -0.0401217 -5.50016 -0.982501 -0.019614 -0.185221 -41.6284 
-0.177951 0.0377315 0.983316 139.358 -0.0127981 0.999091 -0.0406529 -5.54106 -0.983956 -0.0198188 -0.177306 -41.7541 
-0.168566 0.0333182 0.985127 140.158 -0.0109073 0.999304 -0.035664 -5.58838 -0.98563 -0.0167568 -0.168085 -41.8736 
-0.156502 0.0319509 0.987161 140.951 -0.00630809 0.999424 -0.0333479 -5.63341 -0.987658 -0.0114461 -0.156211 -41.9884 
-0.142709 0.0345622 0.989161 141.737 -0.00230889 0.999376 -0.0352521 -5.67206 -0.989762 -0.00731467 -0.14254 -42.0897 
-0.1285 0.0360766 0.991053 142.519 -0.00234983 0.999324 -0.0366823 -5.71129 -0.991707 -0.00704248 -0.128328 -42.1788 
-0.114409 0.0359973 0.992781 143.307 0.000222205 0.999344 -0.0362096 -5.75526 -0.993434 -0.00392212 -0.114342 -42.2565 
-0.101037 0.0379439 0.994159 144.086 0.00129763 0.999277 -0.0380073 -5.79902 -0.994882 -0.0025501 -0.101013 -42.3205 
-0.0874597 0.0440772 0.995192 144.848 -0.00167835 0.999013 -0.0443938 -5.85066 -0.996167 -0.00555295 -0.0872994 -42.3651 
-0.0746781 0.0529456 0.995801 145.614 -0.00946357 0.998507 -0.0537991 -5.90088 -0.997163 -0.0134414 -0.0740655 -42.3942 
-0.0608938 0.0608101 0.99629 146.371 -0.0131586 0.998007 -0.0617191 -5.95269 -0.998058 -0.0168681 -0.0599723 -42.4163 
-0.0478688 0.0614185 0.996964 147.136 -0.0138228 0.997971 -0.0621443 -6.00576 -0.998758 -0.0167556 -0.0469228 -42.4349 
-0.0359021 0.0577631 0.997685 147.906 -0.0181604 0.998126 -0.0584421 -6.06099 -0.99919 -0.0202166 -0.0347858 -42.4422 
-0.0252788 0.0555051 0.998138 148.665 -0.0223402 0.998177 -0.056073 -6.12073 -0.999431 -0.0237161 -0.0239928 -42.4368 
-0.0165194 0.0619095 0.997945 149.418 -0.0265667 0.997702 -0.0623341 -6.18221 -0.999511 -0.0275419 -0.0148367 -42.4265 
-0.00966881 0.0696203 0.997527 150.167 -0.0293235 0.997125 -0.0698765 -6.24117 -0.999523 -0.0299266 -0.00759949 -42.4156 
-0.0066986 0.0725886 0.99734 150.916 -0.0327139 0.996812 -0.0727699 -6.29654 -0.999442 -0.0331143 -0.00430259 -42.3998 
-0.00628373 0.0678434 0.997676 151.674 -0.0343605 0.997092 -0.06802 -6.36029 -0.99939 -0.0347081 -0.00393432 -42.392 
-0.00802156 0.0634578 0.997952 152.422 -0.0358398 0.997325 -0.0637059 -6.42833 -0.999325 -0.0362774 -0.00572579 -42.3808 
-0.0105744 0.0607945 0.998094 153.173 -0.0339772 0.997552 -0.0611214 -6.48388 -0.999367 -0.0345588 -0.00848293 -42.3804 
-0.0134977 0.0609664 0.998049 153.915 -0.0321046 0.997598 -0.0613731 -6.53781 -0.999393 -0.0328703 -0.0115079 -42.3795 
-0.0168134 0.0610082 0.997996 154.659 -0.0300783 0.997654 -0.061494 -6.59808 -0.999406 -0.031052 -0.014939 -42.385 
-0.0215836 0.059333 0.998005 155.403 -0.031596 0.997698 -0.0599981 -6.65678 -0.999268 -0.0328279 -0.0196593 -42.383 
-0.0272691 0.0595591 0.997852 156.132 -0.0320538 0.997658 -0.0604234 -6.70991 -0.999114 -0.0336327 -0.0252962 -42.3831 
-0.0329025 0.0574536 0.997806 156.874 -0.0335572 0.99772 -0.0585551 -6.76477 -0.998895 -0.0354101 -0.0308995 -42.4003 
-0.0384809 0.0550353 0.997743 157.61 -0.0310343 0.997935 -0.0562428 -6.82088 -0.998777 -0.0331285 -0.0366934 -42.4221 
-0.0441528 0.0550797 0.997505 158.34 -0.0320193 0.997888 -0.0565181 -6.87327 -0.998512 -0.0344349 -0.0422959 -42.44 
-0.0493559 0.0562525 0.997196 159.065 -0.0335804 0.997755 -0.057946 -6.92561 -0.998217 -0.0363462 -0.0473561 -42.4619 
-0.0537925 0.0587395 0.996823 159.796 -0.0341854 0.997575 -0.0606285 -6.97981 -0.997967 -0.0373381 -0.051654 -42.4798 
-0.0559898 0.061101 0.99656 160.515 -0.03421 0.997422 -0.0630759 -7.0365 -0.997845 -0.037624 -0.0537552 -42.5125 
-0.0575594 0.0624334 0.996388 161.227 -0.0316979 0.997425 -0.0643295 -7.0901 -0.997839 -0.0352862 -0.0554322 -42.543 
-0.0568172 0.0609233 0.996524 161.938 -0.0285272 0.99763 -0.0626174 -7.14514 -0.997977 -0.0319858 -0.0549446 -42.5759 
-0.0524403 0.0573816 0.996974 162.649 -0.0263191 0.997922 -0.0588204 -7.20138 -0.998277 -0.029324 -0.0508211 -42.6075 
-0.0449176 0.057381 0.997341 163.348 -0.0250792 0.99797 -0.0585466 -7.25643 -0.998676 -0.0276423 -0.0433874 -42.626 
-0.0338261 0.0580686 0.997739 164.041 -0.0225625 0.998012 -0.0588494 -7.30978 -0.999173 -0.0245021 -0.0324487 -42.6346 
-0.0195948 0.0585567 0.998092 164.731 -0.020325 0.998054 -0.0589534 -7.35909 -0.999601 -0.0214414 -0.0183666 -42.6341 
-0.00384021 0.0561085 0.998417 165.421 -0.0210423 0.998199 -0.0561772 -7.40888 -0.999771 -0.0212248 -0.00265264 -42.6202 
0.0120292 0.0515515 0.998598 166.105 -0.0260483 0.998347 -0.0512248 -7.45618 -0.999588 -0.0253956 0.0133522 -42.5841 
0.0284504 0.0450745 0.998578 166.789 -0.027455 0.998641 -0.0442951 -7.50068 -0.999218 -0.0261558 0.0296493 -42.5435 
0.0457276 0.0377858 0.998239 167.467 -0.0276732 0.998949 -0.0365449 -7.5399 -0.998571 -0.0259533 0.0467252 -42.4946 
0.0634815 0.0302716 0.997524 168.142 -0.0286368 0.999184 -0.0284995 -7.57602 -0.997572 -0.0267567 0.0642966 -42.4332 
0.0804773 0.0243838 0.996458 168.807 -0.0301275 0.999304 -0.0220202 -7.60936 -0.996301 -0.0282487 0.0811559 -42.3562 
0.098741 0.0220822 0.994868 169.463 -0.0308942 0.99934 -0.0191151 -7.64059 -0.994634 -0.0288482 0.099358 -42.2721 
0.11657 0.0205064 0.992971 170.113 -0.0293298 0.999422 -0.0171964 -7.66497 -0.992749 -0.027119 0.117104 -42.1786 
0.13367 0.0201569 0.990821 170.749 -0.0306394 0.999399 -0.0161979 -7.68397 -0.990552 -0.028193 0.134207 -42.0695 
0.149722 0.0193522 0.988539 171.384 -0.0357368 0.999261 -0.0141495 -7.70257 -0.988082 -0.0332087 0.150303 -41.9469 
0.164516 0.0156891 0.98625 172.018 -0.0377697 0.99924 -0.00959536 -7.7245 -0.985651 -0.0356717 0.164984 -41.8192 
0.17704 0.011844 0.984132 172.645 -0.0340838 0.999402 -0.00589619 -7.74126 -0.983613 -0.0324991 0.177338 -41.6948 
0.187768 0.010631 0.982156 173.262 -0.0316449 0.999488 -0.00476871 -7.75677 -0.981704 -0.0301848 0.188008 -41.5636 
0.198005 0.0144764 0.980094 173.869 -0.0360537 0.999322 -0.00747651 -7.77543 -0.979538 -0.0338556 0.198393 -41.4215 
0.20709 0.0215955 0.978084 174.465 -0.0402046 0.9991 -0.0135469 -7.79398 -0.977496 -0.036518 0.207772 -41.2723 
0.216539 0.0317228 0.975758 175.058 -0.0403343 0.998909 -0.0235245 -7.81181 -0.97544 -0.0342625 0.217583 -41.1292 
0.225227 0.0373254 0.973591 175.652 -0.0343009 0.99895 -0.0303626 -7.82893 -0.973702 -0.0265566 0.226271 -40.9901 
0.231752 0.0353353 0.972133 176.251 -0.0331305 0.999047 -0.0284154 -7.84624 -0.972211 -0.0256219 0.232702 -40.8341 
0.237695 0.0279132 0.970939 176.862 -0.0361094 0.99915 -0.0198843 -7.86471 -0.970669 -0.0303336 0.2385 -40.6635 
0.24217 0.0174198 0.970077 177.476 -0.0409191 0.999133 -0.00772648 -7.88667 -0.969371 -0.0378236 0.242673 -40.4874 
0.244448 0.00921203 0.969619 178.09 -0.040988 0.999159 0.000840725 -7.90826 -0.968796 -0.0399482 0.24462 -40.318 
0.245225 0.00887853 0.969426 178.698 -0.0379177 0.999281 0.000439714 -7.91943 -0.968725 -0.0368662 0.245385 -40.1529 
0.2468 0.0105012 0.96901 179.297 -0.0341467 0.999415 -0.00213376 -7.93478 -0.968465 -0.0325619 0.247014 -40.0001 
0.248353 0.0100956 0.968617 179.905 -0.0309346 0.999518 -0.002486 -7.9391 -0.968176 -0.0293464 0.248546 -39.8335 
0.250158 0.00777963 0.968174 180.517 -0.0323462 0.999477 0.000326518 -7.94628 -0.967665 -0.0313984 0.250278 -39.6603 
0.252991 0.00413077 0.96746 181.131 -0.0324598 0.999464 0.00422089 -7.95273 -0.966924 -0.0324714 0.25299 -39.486 
0.256003 -0.00100154 0.966675 181.749 -0.0323128 0.999432 0.00959289 -7.9603 -0.966136 -0.0336918 0.255825 -39.3099 
0.260428 -0.00373727 0.965486 182.361 -0.0309785 0.999445 0.0122248 -7.96339 -0.964996 -0.033093 0.260168 -39.1303 
0.26689 -0.00591981 0.963709 182.989 -0.029229 0.999471 0.0142342 -7.96143 -0.963284 -0.0319672 0.266576 -38.945 
0.274781 -0.00897549 0.961465 183.615 -0.0277304 0.999467 0.0172555 -7.95968 -0.961107 -0.0314033 0.274385 -38.7511 
0.284478 -0.0110591 0.958619 184.239 -0.0250764 0.999506 0.0189725 -7.96556 -0.958355 -0.0294359 0.28406 -38.5501 
0.295691 -0.00924883 0.955239 184.859 -0.026324 0.999495 0.0178259 -7.97039 -0.954921 -0.0304167 0.295298 -38.3385 
0.307039 -0.00570851 0.95168 185.491 -0.0274659 0.999512 0.0148568 -7.9698 -0.9513 -0.0307003 0.306733 -38.1028 
0.319449 -0.00264734 0.9476 186.121 -0.0284629 0.999518 0.0123877 -7.9692 -0.947176 -0.0309287 0.319219 -37.8844 
0.331427 -0.00244028 0.943478 186.759 -0.0265274 0.999577 0.011904 -7.96325 -0.943108 -0.0289733 0.331222 -37.6485 
0.342745 -0.00552428 0.939412 187.385 -0.0259509 0.999545 0.0153461 -7.96268 -0.93907 -0.0296384 0.342446 -37.3994 
0.353516 -0.00684568 0.935403 188.009 -0.0273206 0.999471 0.0176399 -7.96536 -0.935029 -0.0317918 0.353142 -37.1363 
0.364886 -0.00740344 0.931023 188.641 -0.0287925 0.9994 0.0192316 -7.96305 -0.930607 -0.0338238 0.364454 -36.8627 
0.374416 -0.00865097 0.927221 189.277 -0.0327058 0.999211 0.0225295 -7.95984 -0.926684 -0.0387609 0.373838 -36.579 
0.381583 -0.00787528 0.924301 189.912 -0.0362692 0.999066 0.0234855 -7.95525 -0.923623 -0.0424853 0.380941 -36.2939 
0.386341 -0.011021 0.92229 190.556 -0.0363232 0.998971 0.0271529 -7.95358 -0.92164 -0.0439908 0.385544 -36.013 
0.388756 -0.0148442 0.921221 191.21 -0.0328807 0.99901 0.0299734 -7.94136 -0.920754 -0.0419427 0.387883 -35.7274 
0.389079 -0.0140933 0.921097 191.858 -0.0285666 0.999218 0.0273554 -7.93216 -0.920761 -0.036956 0.388372 -35.4474 
0.387828 -0.0136455 0.921631 192.521 -0.0273732 0.999279 0.026314 -7.92578 -0.921325 -0.0354333 0.387175 -35.1555 
0.387258 -0.012561 0.921886 193.194 -0.0237033 0.999441 0.0235748 -7.9157 -0.921667 -0.0309812 0.386743 -34.8637 
0.387079 -0.0145755 0.921932 193.875 -0.0202813 0.999499 0.0243171 -7.90493 -0.921824 -0.0281106 0.386589 -34.5733 
0.386232 -0.0206258 0.922171 194.569 -0.0170176 0.999421 0.0294812 -7.89746 -0.922245 -0.0270797 0.385657 -34.2742 
0.384941 -0.0230766 0.922653 195.251 -0.0171825 0.999335 0.0321633 -7.88553 -0.922781 -0.0282345 0.384289 -33.976 
0.383516 -0.0256895 0.923177 195.946 -0.0160055 0.999278 0.0344564 -7.87492 -0.923396 -0.0279905 0.382828 -33.6778 
0.382307 -0.0257979 0.923675 196.63 -0.0168835 0.999248 0.0348967 -7.8607 -0.923881 -0.0289361 0.381584 -33.3828 
0.380414 -0.0258736 0.924455 197.314 -0.0186468 0.999191 0.0356385 -7.84745 -0.924629 -0.0307955 0.379623 -33.0859 
0.378786 -0.024845 0.925151 198.009 -0.0195421 0.999202 0.0348349 -7.83797 -0.925278 -0.0312743 0.377998 -32.7892 
0.377382 -0.021488 0.925808 198.695 -0.0186272 0.999352 0.030788 -7.8284 -0.92587 -0.028864 0.376737 -32.4936 
0.377044 -0.0155048 0.926065 199.386 -0.0184613 0.999535 0.0242513 -7.81497 -0.926011 -0.0262402 0.376583 -32.2054 
0.375876 -0.0124334 0.926587 200.078 -0.0209258 0.999541 0.0219011 -7.80192 -0.926434 -0.0276217 0.375443 -31.9136 
0.374383 -0.0152676 0.927149 200.767 -0.0220078 0.999437 0.0253448 -7.79528 -0.927013 -0.0298931 0.373836 -31.62 
0.373361 -0.018305 0.927506 201.456 -0.0234676 0.999299 0.0291687 -7.78661 -0.927389 -0.0326568 0.37267 -31.327 
0.370934 -0.0176276 0.928492 202.149 -0.0273026 0.999181 0.0298771 -7.77977 -0.928258 -0.0364327 0.370149 -31.0384 
0.366142 -0.0175732 0.930393 202.848 -0.029742 0.99909 0.0305754 -7.76912 -0.930083 -0.0388667 0.365287 -30.7427 
0.35955 -0.0188625 0.932935 203.54 -0.0295767 0.999063 0.0315983 -7.75631 -0.932657 -0.0389543 0.358655 -30.4671 
0.350748 -0.019158 0.936274 204.226 -0.0293161 0.999076 0.0314255 -7.74789 -0.936011 -0.0384704 0.349862 -30.2067 
0.340586 -0.018254 0.940036 204.92 -0.0269073 0.999213 0.0291519 -7.74786 -0.939828 -0.0352225 0.339827 -29.9467 
0.329652 -0.0147112 0.943988 205.609 -0.0281064 0.999283 0.0253881 -7.73708 -0.943684 -0.0349013 0.329002 -29.6923 
0.318352 -0.014576 0.947861 206.303 -0.0310848 0.999184 0.0258056 -7.72512 -0.947463 -0.0376793 0.317639 -29.4502 
0.307346 -0.0225044 0.951332 207.015 -0.0264884 0.999131 0.0321928 -7.71239 -0.951229 -0.0350936 0.306483 -29.2163 
0.298893 -0.0309206 0.953786 207.726 -0.0222771 0.998977 0.0393668 -7.69974 -0.954027 -0.033014 0.297898 -28.996 
0.291936 -0.0364403 0.955744 208.435 -0.0218962 0.998757 0.0447687 -7.68467 -0.956187 -0.0339967 0.290775 -28.7723 
0.287774 -0.0372614 0.956973 209.144 -0.0274859 0.99851 0.0471441 -7.66546 -0.957304 -0.0398701 0.286321 -28.5415 
0.285388 -0.0392215 0.957609 209.853 -0.0266336 0.998452 0.0488317 -7.64388 -0.958042 -0.0394405 0.283901 -28.3214 
0.283863 -0.0403603 0.958015 210.569 -0.0254558 0.998444 0.0496062 -7.6231 -0.958527 -0.0384684 0.282394 -28.1003 
0.283206 -0.0385106 0.958286 211.285 -0.025339 0.998544 0.0476171 -7.59944 -0.958724 -0.0377674 0.281818 -27.8748 
0.28272 -0.0362236 0.958518 212.005 -0.0291648 0.9985 0.0463369 -7.57203 -0.958759 -0.0410553 0.281239 -27.6449 
0.283303 -0.0368102 0.958324 212.726 -0.029959 0.998436 0.0472075 -7.54829 -0.958563 -0.0420844 0.281757 -27.4168 
0.284928 -0.0384321 0.957778 213.447 -0.0303707 0.998332 0.0490943 -7.52654 -0.958068 -0.0430767 0.283285 -27.1858 
0.286388 -0.0402032 0.95727 214.171 -0.0291855 0.99829 0.0506575 -7.50672 -0.957669 -0.042446 0.284725 -26.9577 
0.288001 -0.0411933 0.956744 214.898 -0.02588 0.998375 0.0507762 -7.47805 -0.95728 -0.0393841 0.286467 -26.7288 
0.291067 -0.04235 0.955765 215.62 -0.0252998 0.99833 0.0519408 -7.4484 -0.956368 -0.0392989 0.289509 -26.494 
0.29495 -0.0439288 0.954502 216.353 -0.0274007 0.998143 0.0544044 -7.42404 -0.95512 -0.0422006 0.293199 -26.2457 
0.299749 -0.0480106 0.952809 217.094 -0.0286085 0.997831 0.0592793 -7.39389 -0.953589 -0.0450273 0.297725 -25.9893 
0.305014 -0.0519462 0.95093 217.833 -0.0284641 0.997568 0.0636239 -7.3619 -0.951922 -0.0464735 0.302794 -25.737 
0.309328 -0.0517303 0.949547 218.568 -0.0302903 0.997477 0.064209 -7.32628 -0.950473 -0.0486237 0.306981 -25.4801 
0.313803 -0.046985 0.948325 219.304 -0.0355037 0.997496 0.0611694 -7.29536 -0.948824 -0.0528641 0.311349 -25.2166 
0.31869 -0.0409123 0.946976 220.045 -0.0407556 0.997553 0.0568131 -7.25445 -0.946983 -0.0567003 0.316242 -24.9512 
0.323042 -0.0376737 0.945635 220.779 -0.0446885 0.997486 0.0550056 -7.21745 -0.945329 -0.0600281 0.320546 -24.6737 
0.3274 -0.0380643 0.944119 221.516 -0.0464706 0.99733 0.0563247 -7.19101 -0.943743 -0.0623145 0.324757 -24.3987 
0.331303 -0.0356398 0.942851 222.257 -0.0483168 0.997334 0.054677 -7.16065 -0.942287 -0.0636702 0.328698 -24.1191 
0.335322 -0.0329697 0.941527 222.992 -0.0486809 0.997446 0.0522654 -7.13398 -0.940845 -0.0633601 0.33286 -23.8416 
0.339755 -0.032363 0.939957 223.721 -0.0491571 0.997431 0.0521101 -7.10312 -0.939229 -0.0639103 0.337291 -23.5566 
0.344144 -0.0339075 0.938304 224.468 -0.0488014 0.997351 0.0539403 -7.07721 -0.937648 -0.0643538 0.341578 -23.2653 
0.348617 -0.0345079 0.93663 225.207 -0.0448202 0.997565 0.0534352 -7.05241 -0.936193 -0.0606084 0.346221 -22.9791 
0.353015 -0.0341492 0.934994 225.948 -0.0417859 0.997761 0.0522183 -7.02299 -0.934684 -0.0575035 0.350798 -22.6884 
0.357141 -0.0318018 0.933509 226.681 -0.0428939 0.997807 0.0504026 -6.9922 -0.933065 -0.0580426 0.354994 -22.3916 
0.361637 -0.0321723 0.931764 227.423 -0.0474768 0.997472 0.0528679 -6.96367 -0.931109 -0.0633561 0.359196 -22.0792 
0.366308 -0.0323374 0.929931 228.157 -0.050684 0.997219 0.0546422 -6.93545 -0.929112 -0.0671485 0.363651 -21.769 
0.370626 -0.0298459 0.928303 228.887 -0.0481483 0.997522 0.0512947 -6.91382 -0.927534 -0.0637073 0.36827 -21.4676 
0.374827 -0.0228854 0.926812 229.61 -0.0479792 0.997877 0.0440442 -6.8869 -0.925853 -0.0609767 0.372933 -21.163 
0.378151 -0.0165547 0.925596 230.335 -0.0539333 0.997748 0.0398796 -6.8616 -0.924172 -0.065001 0.376406 -20.8411 
0.381311 -0.0172305 0.924286 231.063 -0.0599754 0.997259 0.0433336 -6.83066 -0.922499 -0.071958 0.379233 -20.5149 
0.383674 -0.0274317 0.923061 231.8 -0.059282 0.996765 0.0542629 -6.80553 -0.921564 -0.0755402 0.380807 -20.1903 
0.385628 -0.0398901 0.921792 232.538 -0.0555362 0.99625 0.0663456 -6.7723 -0.920982 -0.0767774 0.381966 -19.8712 
0.387055 -0.0473475 0.92084 233.269 -0.0570069 0.995541 0.0751501 -6.733 -0.920293 -0.0815815 0.38263 -19.542 
0.389067 -0.0490144 0.919905 233.992 -0.0589638 0.995211 0.0779653 -6.69615 -0.919321 -0.0845747 0.384313 -19.2121 
0.391928 -0.0444066 0.918924 234.718 -0.058402 0.995619 0.0730218 -6.65178 -0.91814 -0.0822862 0.387617 -18.8888 
0.395986 -0.0389205 0.917432 235.431 -0.0566671 0.996161 0.0667194 -6.60978 -0.916507 -0.0784081 0.39226 -18.5656 
0.400216 -0.0344436 0.915773 236.147 -0.0564085 0.996473 0.0621307 -6.57048 -0.914683 -0.0765231 0.396861 -18.2328 
0.40447 -0.0323799 0.913978 236.87 -0.055205 0.996686 0.0597404 -6.53333 -0.912884 -0.0746193 0.401342 -17.8997 
0.408266 -0.0301533 0.912365 237.581 -0.0542378 0.996887 0.0572171 -6.49684 -0.91125 -0.0728445 0.40536 -17.563 
0.411942 -0.0314017 0.910669 238.291 -0.0534103 0.996856 0.0585339 -6.46083 -0.909644 -0.0727516 0.408969 -17.2211 
0.415336 -0.036692 0.908928 239.017 -0.0516365 0.996624 0.0638276 -6.4269 -0.908202 -0.0734438 0.412039 -16.8757 
0.418343 -0.0424804 0.907295 239.747 -0.0497635 0.996333 0.0695947 -6.38629 -0.906925 -0.0742646 0.414695 -16.523 
0.420296 -0.0477283 0.906131 240.471 -0.0486588 0.995993 0.0750314 -6.34104 -0.906081 -0.0756267 0.41629 -16.161 
0.422419 -0.0529455 0.904853 241.201 -0.0469427 0.995675 0.0801743 -6.28829 -0.905185 -0.0763434 0.418106 -15.8082 
0.424029 -0.0596817 0.90368 241.941 -0.0452786 0.995181 0.0869705 -6.23502 -0.904516 -0.0777953 0.419283 -15.4506 
0.425683 -0.0600268 0.902879 242.672 -0.0458285 0.995087 0.087764 -6.18033 -0.903711 -0.0787372 0.42084 -15.0925 
0.427479 -0.0486633 0.902715 243.39 -0.0545613 0.995341 0.0794941 -6.13688 -0.902377 -0.0832353 0.422832 -14.7264 
0.428248 -0.0349601 0.902985 244.103 -0.0562461 0.996283 0.0652475 -6.08775 -0.901909 -0.0787315 0.42469 -14.3681 
0.429205 -0.0270252 0.902803 244.82 -0.0563302 0.996806 0.0566194 -6.037 -0.901449 -0.0751564 0.426312 -14.0142 
0.428956 -0.0293416 0.902849 245.55 -0.0563456 0.996657 0.0591609 -5.99638 -0.901566 -0.076249 0.425869 -13.6506 
