1 -4.23778e-08 4.22719e-08 0 -4.23778e-08 1 -4.19404e-08 0 4.22719e-08 -4.19404e-08 1 0 
0.99999 -0.00268698 -0.00346585 -0.00561539 0.00267965 0.999994 -0.00209378 -0.00332914 0.00347154 0.00208439 0.999992 0.678916 
0.999971 -0.00129785 -0.00745776 -0.0239958 0.00127052 0.999992 -0.00365756 -0.0063523 0.00746254 0.0036479 0.999965 1.37323 
0.999933 -0.00130761 -0.0115331 -0.0432861 0.00124856 0.999986 -0.00511826 -0.0102926 0.0115398 0.00510343 0.99992 2.0892 
0.999862 0.000139522 -0.016589 -0.065641 -0.000234827 0.999983 -0.00573816 -0.0151956 0.016588 0.00574118 0.999846 2.82271 
0.999775 -0.00114804 -0.0211893 -0.0881831 0.00102413 0.999982 -0.00585343 -0.0250632 0.0211957 0.00583033 0.999758 3.56867 
0.999667 0.000763283 -0.0257879 -0.120757 -0.000948519 0.999974 -0.00716834 -0.0309905 0.0257818 0.00719033 0.999642 4.33346 
0.999514 0.0036906 -0.0309371 -0.156521 -0.00393361 0.999962 -0.00779495 -0.0398041 0.0309072 0.00791278 0.999491 5.11426 
0.99936 0.00406035 -0.0355241 -0.193684 -0.00428854 0.999971 -0.00634734 -0.0457898 0.0354974 0.00649554 0.999349 5.91343 
0.999197 0.0032433 -0.0399414 -0.236226 -0.00339389 0.999987 -0.00370092 -0.0546784 0.039929 0.00383342 0.999195 6.71364 
0.999043 0.00290045 -0.0436334 -0.277694 -0.0029482 0.999995 -0.00102817 -0.0633521 0.0436302 0.00115574 0.999047 7.53079 
0.998913 0.00421952 -0.0464294 -0.329265 -0.00429729 0.999989 -0.00157355 -0.0723311 0.0464224 0.00177127 0.99892 8.35635 
0.998796 0.00359062 -0.0489312 -0.377603 -0.00368355 0.999991 -0.00180748 -0.0795246 0.0489243 0.00198546 0.9988 9.18852 
0.998726 0.000907413 -0.0504494 -0.43378 -0.00103175 0.999996 -0.00243695 -0.0865205 0.050447 0.00248581 0.998724 10.0205 
0.998633 0.000777441 -0.0522573 -0.496727 -0.000861165 0.999998 -0.00157807 -0.0943699 0.0522561 0.00162083 0.998632 10.8641 
0.998554 -0.000806454 -0.0537446 -0.552996 0.000709005 0.999998 -0.00183069 -0.103682 0.0537461 0.00178985 0.998553 11.723 
0.998461 0.00137348 -0.0554432 -0.616668 -0.00161077 0.99999 -0.00423384 -0.113635 0.055437 0.00431654 0.998453 12.5846 
0.998385 0.00169035 -0.0567767 -0.680237 -0.00207417 0.999975 -0.00670047 -0.125257 0.0567641 0.00680733 0.998364 13.4536 
0.998279 0.00548132 -0.0583802 -0.750044 -0.00597887 0.999947 -0.00834996 -0.136018 0.0583315 0.00868455 0.998259 14.3323 
0.998215 0.00630514 -0.0593895 -0.816074 -0.00678512 0.999946 -0.00788223 -0.150964 0.0593367 0.00827104 0.998204 15.2219 
0.998127 0.00526937 -0.0609513 -0.87831 -0.00566132 0.999964 -0.00625837 -0.165953 0.0609163 0.00659163 0.998121 16.1178 
0.998036 0.00593371 -0.0623529 -0.947089 -0.00624521 0.999969 -0.00480086 -0.178467 0.0623225 0.00518075 0.998043 17.0159 
0.997976 0.00521377 -0.0633811 -1.01604 -0.00552483 0.999973 -0.00473218 -0.1903 0.0633548 0.00507268 0.997978 17.9176 
0.997866 0.00479554 -0.065121 -1.08419 -0.00517025 0.999971 -0.00558537 -0.202809 0.0650924 0.00591006 0.997862 18.83 
0.997796 0.00349583 -0.0662557 -1.15465 -0.00392926 0.999972 -0.0064114 -0.212551 0.0662315 0.00665752 0.997782 19.7462 
0.997758 0.00350246 -0.0668282 -1.22451 -0.00382578 0.999982 -0.00470948 -0.225012 0.0668105 0.0049545 0.997753 20.6673 
0.99775 0.00477339 -0.066874 -1.30156 -0.00487229 0.999987 -0.00131468 -0.238019 0.066867 0.00163747 0.99776 21.5953 
0.997796 0.0057084 -0.0661026 -1.37438 -0.00557075 0.999982 0.00226779 -0.246427 0.0661144 -0.00189464 0.99781 22.5323 
0.99791 0.00448173 -0.0644688 -1.44905 -0.00415031 0.999977 0.00527504 -0.254047 0.0644911 -0.00499654 0.997906 23.4717 
0.998008 0.00447976 -0.0629348 -1.51995 -0.00410184 0.999973 0.00613415 -0.261331 0.0629606 -0.00586387 0.997999 24.4147 
0.99809 0.00455154 -0.061607 -1.58837 -0.00435922 0.999985 0.00325721 -0.26681 0.061621 -0.00298251 0.998095 25.3653 
0.99814 0.0053896 -0.0607299 -1.66051 -0.00549762 0.999984 -0.00161037 -0.272583 0.0607203 0.00194116 0.998153 26.316 
0.998218 0.00463985 -0.0594833 -1.73187 -0.00492573 0.999977 -0.00465892 -0.279856 0.0594604 0.00494353 0.998218 27.2744 
0.998268 0.00200868 -0.0587952 -1.79984 -0.00221832 0.999991 -0.00349915 -0.292341 0.0587877 0.00362343 0.998264 28.2422 
0.998246 -0.000109811 -0.0591976 -1.86409 0.000203538 0.999999 0.00157865 -0.303511 0.0591974 -0.00158802 0.998245 29.2166 
0.998192 -0.00413113 -0.0599618 -1.93257 0.0044488 0.999977 0.00516667 -0.316913 0.0599392 -0.00542417 0.998187 30.196 
0.998057 -0.0114834 -0.0612391 -1.99076 0.011779 0.999921 0.00447003 -0.323707 0.061183 -0.00518277 0.998113 31.179 
0.997959 -0.0134392 -0.0624273 -2.06329 0.0134946 0.999909 0.000466896 -0.33099 0.0624154 -0.00130846 0.998049 32.1533 
0.99788 -0.0132132 -0.0637228 -2.13933 0.0130131 0.999909 -0.00355185 -0.341657 0.063764 0.002715 0.997961 33.1319 
0.997754 -0.0115359 -0.0659819 -2.21646 0.011276 0.999927 -0.00430983 -0.354087 0.0660269 0.00355606 0.997811 34.1175 
0.997701 -0.0116639 -0.0667527 -2.29566 0.0114899 0.999929 -0.00298876 -0.362681 0.066783 0.00221481 0.997765 35.1144 
0.997641 -0.00871768 -0.0680903 -2.38722 0.00870657 0.999962 -0.000458641 -0.371909 0.0680918 -0.00013536 0.997679 36.1147 
0.997572 -0.00888267 -0.0690737 -2.47297 0.00896286 0.999959 0.000852305 -0.383926 0.0690634 -0.00146942 0.997611 37.1155 
0.997513 -0.00759812 -0.070068 -2.56254 0.00785464 0.999963 0.00338751 -0.39317 0.0700398 -0.00392954 0.997536 38.1165 
0.997524 -0.00747186 -0.0699301 -2.64117 0.00792898 0.999949 0.00626273 -0.40252 0.0698798 -0.00680179 0.997532 39.1143 
0.997515 -0.00165382 -0.0704377 -2.73867 0.00227378 0.999959 0.00872343 -0.411254 0.0704205 -0.008862 0.997478 40.1095 
0.997506 -0.00178701 -0.0705628 -2.82462 0.00236502 0.999964 0.00810998 -0.417747 0.0705459 -0.00825672 0.997474 41.1094 
0.997513 -0.00131172 -0.0704651 -2.90591 0.00176152 0.999978 0.00632261 -0.421323 0.0704554 -0.0064311 0.997494 42.1102 
0.997505 0.000893981 -0.0705906 -2.99495 -0.000599603 0.999991 0.00419245 -0.430879 0.0705938 -0.00413975 0.997496 43.1071 
0.997441 0.000716313 -0.0714892 -3.07737 -0.00043381 0.999992 0.00396828 -0.435856 0.0714916 -0.0039272 0.997433 44.102 
0.997333 -0.00124474 -0.0729711 -3.15717 0.00163618 0.999984 0.00530595 -0.446055 0.0729634 -0.00541128 0.99732 45.0982 
0.997276 -0.000678653 -0.0737613 -3.23946 0.00114779 0.999979 0.00631914 -0.455836 0.0737555 -0.00638668 0.997256 46.083 
0.997261 0.00187036 -0.0739398 -3.32754 -0.00167438 0.999995 0.00271358 -0.467587 0.0739446 -0.00258243 0.997259 47.0527 
0.997201 0.00230856 -0.0747339 -3.41769 -0.00241583 0.999996 -0.00134379 -0.478196 0.0747306 0.00152048 0.997203 48.015 
0.997152 0.00308806 -0.0753528 -3.5074 -0.00330513 0.999991 -0.00275509 -0.485472 0.0753437 0.00299621 0.997153 48.9818 
0.997137 0.0018943 -0.0755938 -3.58962 -0.00184804 0.999998 0.000683024 -0.499603 0.075595 -0.000541455 0.997138 49.9653 
0.997123 -3.34931e-05 -0.0757929 -3.6704 0.00031728 0.999993 0.00373328 -0.511246 0.0757923 -0.00374668 0.997117 50.9364 
0.997106 -0.00179317 -0.0760063 -3.75468 0.002134 0.999988 0.00440433 -0.521847 0.0759976 -0.00455387 0.997098 51.899 
0.997081 -0.00488039 -0.0761953 -3.83634 0.00514765 0.999981 0.00331266 -0.533104 0.0761778 -0.00369531 0.997087 52.8574 
0.99703 -0.00778062 -0.0766227 -3.91592 0.00795807 0.999966 0.00201182 -0.544212 0.0766045 -0.0026157 0.997058 53.8134 
0.996922 -0.00933992 -0.0778459 -3.99723 0.00961339 0.999949 0.00314007 -0.552387 0.0778126 -0.00387886 0.99696 54.7684 
0.996784 -0.0127016 -0.0791194 -4.07761 0.0133079 0.999886 0.00714049 -0.558331 0.0790198 -0.00817053 0.996839 55.7242 
0.996718 -0.0135144 -0.0798118 -4.16124 0.0145288 0.999821 0.0121436 -0.563674 0.0796335 -0.0132635 0.996736 56.6749 
0.996693 -0.0118364 -0.0803933 -4.25028 0.0130232 0.999813 0.0142551 -0.564929 0.0802097 -0.0152551 0.996661 57.6243 
0.9966 -0.0107292 -0.0816944 -4.34323 0.0116112 0.999879 0.0103299 -0.570218 0.0815738 -0.0112435 0.996604 58.5635 
0.996503 -0.00937004 -0.0830277 -4.43225 0.0096125 0.999951 0.00252201 -0.575443 0.0830001 -0.00331138 0.996544 59.4784 
0.996439 -0.00767029 -0.083965 -4.5207 0.00750748 0.999969 -0.00225362 -0.586681 0.0839798 0.00161514 0.996466 60.3902 
0.996379 -0.00272447 -0.0849757 -4.61735 0.00259961 0.999995 -0.00157901 -0.597605 0.0849797 0.0013523 0.996382 61.2978 
0.996269 -0.00011861 -0.0863021 -4.71013 0.000189525 1 0.000814441 -0.612069 0.0863021 -0.000827846 0.996269 62.1966 
0.996188 0.00221604 -0.0872088 -4.80119 -0.00201011 0.999995 0.00244993 -0.627056 0.0872139 -0.00226538 0.996187 63.0818 
0.996085 0.00297012 -0.0883525 -4.89136 -0.00279067 0.999994 0.00215541 -0.638441 0.0883584 -0.0019005 0.996087 63.9437 
0.995944 0.00483571 -0.0898467 -4.98453 -0.00459972 0.999985 0.00283426 -0.649085 0.0898592 -0.00240958 0.995951 64.7926 
0.995807 0.0055862 -0.0913087 -5.07313 -0.00529185 0.99998 0.00346632 -0.662116 0.0913263 -0.00296868 0.995817 65.6312 
0.995672 0.00538787 -0.0927752 -5.16106 -0.00505084 0.99998 0.00386812 -0.671282 0.0927942 -0.00338288 0.995679 66.4585 
0.99555 0.0053538 -0.0940812 -5.24544 -0.00491622 0.999976 0.00488305 -0.680078 0.0941052 -0.00439889 0.995552 67.2573 
0.995385 0.0081031 -0.0956224 -5.33455 -0.00742406 0.999945 0.0074558 -0.686236 0.0956777 -0.00671157 0.99539 68.0548 
0.995247 0.00943044 -0.0969271 -5.4262 -0.00834246 0.999898 0.0116247 -0.696157 0.0970269 -0.0107609 0.995224 68.8429 
0.995043 0.0125662 -0.0986474 -5.51662 -0.0113056 0.999847 0.0133288 -0.702622 0.0987999 -0.0121476 0.995033 69.6179 
0.994874 0.0153047 -0.0999612 -5.6092 -0.0144682 0.999854 0.00908898 -0.708955 0.100086 -0.00759622 0.99495 70.3725 
0.994732 0.0152449 -0.101365 -5.69374 -0.0151391 0.999884 0.0018132 -0.717916 0.101381 -0.000269156 0.994848 71.1004 
0.994593 0.0144003 -0.102841 -5.77844 -0.0148926 0.999881 -0.00401987 -0.725462 0.102771 0.00552962 0.99469 71.8115 
0.994539 0.0152794 -0.103242 -5.86201 -0.0159089 0.999859 -0.0052758 -0.732082 0.103147 0.00688938 0.994642 72.5039 
0.994398 0.017913 -0.104166 -5.94823 -0.0182109 0.999832 -0.00190942 -0.742862 0.104115 0.0037956 0.994558 73.1826 
0.994237 0.0180871 -0.105669 -6.02698 -0.0181405 0.999835 0.000456595 -0.761271 0.10566 0.00146284 0.994401 73.8467 
0.994193 0.0150007 -0.106559 -6.10443 -0.0153792 0.999878 -0.00273041 -0.777311 0.106506 0.00435326 0.994302 74.4809 
0.99428 0.00686843 -0.106588 -6.16797 -0.00774621 0.999939 -0.00782279 -0.789256 0.106527 0.0086036 0.994272 75.1007 
0.9944 0.00267074 -0.10565 -6.23418 -0.00403802 0.999911 -0.0127291 -0.800041 0.105606 0.0130844 0.994322 75.7023 
0.994689 0.00515316 -0.102798 -6.29832 -0.00652079 0.999895 -0.0129716 -0.813466 0.10272 0.013573 0.994618 76.289 
0.995069 0.0101391 -0.0986619 -6.37019 -0.0111867 0.999887 -0.0100697 -0.82712 0.0985487 0.0111236 0.99507 76.8596 
0.995521 0.00850941 -0.0941563 -6.42472 -0.00920124 0.999934 -0.00691509 -0.839814 0.0940913 0.00775039 0.995533 77.4203 
0.996057 0.004885 -0.0885835 -6.46704 -0.00513998 0.999983 -0.00264965 -0.853312 0.0885691 0.00309443 0.996065 77.965 
0.996748 0.000523622 -0.0805783 -6.5028 -0.00046057 0.999999 0.000802082 -0.867636 0.0805787 -0.000762449 0.996748 78.492 
0.997548 0.00420263 -0.0698649 -6.54353 -0.00417406 0.999991 0.000556182 -0.875735 0.0698667 -0.000263284 0.997556 79.0082 
0.998458 0.00945402 -0.0546946 -6.57998 -0.0094706 0.999955 -4.2423e-05 -0.882687 0.0546918 0.000560262 0.998503 79.5123 
0.999225 0.0144014 -0.0366224 -6.60193 -0.0143986 0.999896 0.000342682 -0.888601 0.0366236 0.000184809 0.999329 80.0055 
0.999811 0.0129378 -0.0145071 -6.60023 -0.012928 0.999916 0.000777603 -0.892184 0.014516 -0.000589993 0.999894 80.4875 
0.999885 0.00940467 0.0119015 -6.58009 -0.00942873 0.999954 0.00196044 -0.902437 -0.0118824 -0.00207252 0.999927 80.9534 
0.999105 0.00825131 0.0414835 -6.54639 -0.00840457 0.999958 0.00351935 -0.910488 -0.0414526 -0.00386493 0.999133 81.4078 
0.997182 0.0078438 0.0746085 -6.49656 -0.00822665 0.999954 0.00482436 -0.915735 -0.0745672 -0.00542463 0.997201 81.8546 
0.99366 0.00782845 0.112157 -6.42644 -0.00848031 0.99995 0.00533531 -0.921736 -0.11211 -0.00625269 0.993676 82.29 
0.988042 0.00810357 0.153968 -6.33948 -0.00902558 0.999945 0.00528968 -0.926135 -0.153917 -0.00661616 0.988062 82.7167 
0.979982 0.00804293 0.198925 -6.22731 -0.00929002 0.999943 0.00533611 -0.932927 -0.198871 -0.00707738 0.98 83.1295 
0.968719 0.0101977 0.247949 -6.10163 -0.0114073 0.999929 0.00344184 -0.944815 -0.247896 -0.00616269 0.968767 83.522 
0.953521 0.0110549 0.301123 -5.95283 -0.0118136 0.99993 0.000698375 -0.955785 -0.301094 -0.00422333 0.953585 83.8995 
0.934033 0.011395 0.357004 -5.78195 -0.0116645 0.999931 -0.00139851 -0.962641 -0.356995 -0.00285807 0.934102 84.2583 
0.910031 0.011995 0.414365 -5.59247 -0.0117488 0.999926 -0.00314311 -0.969794 -0.414372 -0.00200804 0.910105 84.5974 
0.881265 0.0121789 0.472465 -5.38391 -0.0111584 0.999925 -0.00496253 -0.976969 -0.472491 -0.000898713 0.881335 84.9161 
0.847986 0.0106405 0.529911 -5.15497 -0.00820149 0.999942 -0.00695453 -0.986209 -0.529954 0.00155124 0.848025 85.2134 
0.81116 0.0104004 0.584732 -4.90737 -0.00703722 0.999943 -0.00802344 -0.99623 -0.584782 0.00239335 0.811187 85.4954 
0.77106 0.00905618 0.636697 -4.64472 -0.00619373 0.999958 -0.00672244 -1.00823 -0.636732 0.00123983 0.771084 85.763 
0.727902 0.00868651 0.685626 -4.36715 -0.00760218 0.99996 -0.00459818 -1.01468 -0.685639 -0.00186527 0.72794 86.0162 
0.682213 0.00772732 0.731113 -4.07493 -0.00692955 0.999967 -0.00410298 -1.02252 -0.73112 -0.00226722 0.682244 86.2466 
0.635212 0.00651599 0.77231 -3.76721 -0.00393651 0.999979 -0.00519925 -1.03112 -0.772327 0.000262382 0.635224 86.4518 
0.587831 0.00390127 0.808974 -3.4459 0.00152183 0.999981 -0.00592834 -1.04001 -0.808982 0.00471595 0.587814 86.6369 
0.540507 0.00599496 0.841318 -3.12395 -0.000613746 0.999977 -0.00673133 -1.05041 -0.841339 0.00312195 0.540498 86.8101 
0.492712 0.0089544 0.870146 -2.79743 -0.00463594 0.99996 -0.00766533 -1.06007 -0.87018 -0.000257175 0.492733 86.9692 
0.446825 0.0111638 0.894552 -2.46416 -0.0053378 0.999938 -0.0098129 -1.06795 -0.894606 -0.00039032 0.446856 87.1064 
0.404228 0.00859531 0.914618 -2.1182 0.00185602 0.999946 -0.0102176 -1.07411 -0.914656 0.00582777 0.404191 87.218 
0.364464 0.00106292 0.931217 -1.75624 0.0167932 0.999829 -0.00771393 -1.07598 -0.931066 0.0184495 0.364384 87.3095 
0.328914 -0.00245791 0.944356 -1.39882 0.0208897 0.999771 -0.00467375 -1.07992 -0.944129 0.0212646 0.32889 87.3993 
0.29553 0.00170813 0.955332 -1.04113 0.0181453 0.999808 -0.00740095 -1.08582 -0.955161 0.019522 0.295442 87.4957 
0.26428 0.0095138 0.964399 -0.678186 0.00702739 0.999906 -0.0117899 -1.10086 -0.96442 0.00989303 0.264188 87.5978 
0.235879 0.0140093 0.971681 -0.301252 0.00240589 0.999885 -0.0150001 -1.11624 -0.971779 0.00587596 0.235818 87.6838 
0.210042 0.0156675 0.977567 0.0883504 0.00361926 0.999852 -0.0168024 -1.1317 -0.977686 0.00706726 0.209954 87.7525 
0.186542 0.0170953 0.982298 0.494863 0.0110437 0.999749 -0.0194963 -1.14115 -0.982385 0.0144851 0.186306 87.8089 
0.166412 0.0232934 0.985781 0.902716 0.0178031 0.999487 -0.0266227 -1.14335 -0.985895 0.0219803 0.165912 87.8546 
0.146609 0.030084 0.988737 1.3167 0.020053 0.999242 -0.0333772 -1.14317 -0.988991 0.0247205 0.145894 87.906 
0.128923 0.0310025 0.99117 1.75242 0.0176433 0.999281 -0.0335512 -1.15468 -0.991498 0.021813 0.128284 87.9627 
0.113489 0.0264698 0.993186 2.20385 0.015831 0.99947 -0.0284463 -1.17832 -0.993413 0.0189515 0.11301 88.0118 
0.0989272 0.0232067 0.994824 2.67186 0.0159467 0.999563 -0.0249031 -1.19853 -0.994967 0.0183277 0.0985138 88.0559 
0.0855689 0.0207648 0.996116 3.14923 0.017765 0.999592 -0.0223634 -1.21834 -0.996174 0.0196096 0.0851652 88.093 
0.0738879 0.0199286 0.997067 3.64607 0.0218487 0.999528 -0.021597 -1.23232 -0.997027 0.0233804 0.0734176 88.124 
0.0637193 0.0207007 0.997753 4.15712 0.0248323 0.999442 -0.0223217 -1.2436 -0.997659 0.0261989 0.0631697 88.1515 
0.0558361 0.0212658 0.998213 4.68758 0.0270483 0.999374 -0.0228036 -1.25855 -0.998073 0.0282733 0.0552259 88.1806 
0.0502385 0.0215831 0.998504 5.23903 0.0286663 0.999323 -0.0230432 -1.27377 -0.998326 0.0297811 0.0495858 88.2093 
0.0447315 0.0227035 0.998741 5.80194 0.0301407 0.999256 -0.0240652 -1.28938 -0.998544 0.0311793 0.0440139 88.2352 
0.0386815 0.0234513 0.998976 6.38588 0.0305289 0.99923 -0.0246395 -1.30483 -0.998785 0.0314507 0.0379357 88.2619 
0.0342802 0.0235363 0.999135 6.98715 0.0328998 0.999154 -0.0246657 -1.32199 -0.998871 0.0337169 0.0334769 88.2854 
0.0316372 0.0235321 0.999222 7.60758 0.0344924 0.999102 -0.0246215 -1.33987 -0.998904 0.0352445 0.0307971 88.3035 
0.028562 0.0230744 0.999326 8.24321 0.0351996 0.99909 -0.0240751 -1.35814 -0.998972 0.0358635 0.0277238 88.3253 
0.0264001 0.022468 0.999399 8.89809 0.0376377 0.999016 -0.0234537 -1.37872 -0.998943 0.0382342 0.0255285 88.3419 
0.025679 0.0221316 0.999425 9.57443 0.0422249 0.998839 -0.0232036 -1.3995 -0.998778 0.0427964 0.0247147 88.3623 
0.0268417 0.0218849 0.9994 10.2651 0.0458048 0.998683 -0.0230995 -1.41901 -0.99859 0.0463974 0.0258039 88.3808 
0.0289637 0.0218445 0.999342 10.9716 0.0472282 0.998615 -0.0231975 -1.43852 -0.998464 0.047869 0.0278919 88.4151 
0.0330694 0.0218917 0.999213 11.695 0.0498605 0.998479 -0.0235258 -1.45613 -0.998208 0.0505992 0.0319276 88.4408 
0.0374077 0.0215054 0.999069 12.4388 0.0504085 0.998455 -0.0233797 -1.47599 -0.998028 0.0512361 0.0362659 88.4793 
0.0414816 0.019886 0.998941 13.199 0.0519083 0.998409 -0.022031 -1.49671 -0.99779 0.0527673 0.0403833 88.5184 
0.0455295 0.0184797 0.998792 13.9677 0.0518907 0.998435 -0.0208386 -1.51597 -0.997614 0.0527768 0.0444993 88.5639 
0.0498258 0.0164095 0.998623 14.7579 0.0487419 0.998634 -0.0188417 -1.53824 -0.997568 0.0496136 0.0489579 88.6158 
0.0538174 0.0154544 0.998431 15.5542 0.048012 0.998684 -0.0180463 -1.5573 -0.997396 0.0489078 0.0530046 88.6729 
0.0580371 0.0164883 0.998178 16.3543 0.0451493 0.998797 -0.0191237 -1.58074 -0.997293 0.0461769 0.0572228 88.7325 
0.0611556 0.0206396 0.997915 17.1622 0.0430709 0.9988 -0.0232975 -1.60671 -0.997198 0.0444059 0.0601932 88.7961 
0.0626151 0.0260501 0.997698 17.9718 0.0374893 0.998892 -0.0284342 -1.6346 -0.997333 0.0391834 0.0615692 88.8658 
0.062469 0.0292431 0.997618 18.7865 0.0348339 0.998898 -0.0314619 -1.66364 -0.997439 0.0367163 0.0613815 88.9311 
0.0627644 0.0286914 0.997616 19.6064 0.0325793 0.998995 -0.0307808 -1.6975 -0.997496 0.0344335 0.0617666 88.9956 
0.0625776 0.0271359 0.997671 20.4313 0.0297348 0.999136 -0.0290409 -1.73201 -0.997597 0.0314828 0.0617167 89.0678 
0.0624895 0.0257383 0.997714 21.2536 0.0307468 0.999143 -0.027701 -1.7676 -0.997572 0.0324075 0.0616446 89.1291 
0.0626691 0.0252478 0.997715 22.0751 0.0283116 0.999233 -0.0270647 -1.80068 -0.997633 0.0299431 0.0619062 89.1992 
0.0629169 0.0255326 0.997692 22.8899 0.026687 0.999272 -0.0272561 -1.83578 -0.997662 0.0283403 0.0621898 89.2625 
0.0630328 0.0260827 0.99767 23.7073 0.0237695 0.999336 -0.0276281 -1.87022 -0.997728 0.0254556 0.062371 89.3301 
0.0617664 0.0275871 0.997709 24.5216 0.0209486 0.999362 -0.0289297 -1.90075 -0.997871 0.0226875 0.0611491 89.3955 
0.0590991 0.0271605 0.997882 25.3387 0.0178904 0.99944 -0.0282626 -1.93503 -0.998092 0.0195228 0.0585801 89.4568 
0.0553097 0.0259672 0.998131 26.1517 0.0156969 0.999516 -0.0268731 -1.96811 -0.998346 0.0171539 0.0548753 89.5136 
0.0505146 0.0235417 0.998446 26.9613 0.0139382 0.999608 -0.0242743 -2.00091 -0.998626 0.0151427 0.0501666 89.568 
0.0441943 0.0214585 0.998792 27.7764 0.011774 0.999689 -0.0219988 -2.0335 -0.998953 0.012732 0.0439279 89.6165 
0.0369366 0.0216623 0.999083 28.5827 0.0112542 0.999693 -0.0220917 -2.0652 -0.999254 0.0120599 0.0366815 89.6514 
0.0283346 0.0227105 0.99934 29.3819 0.0112105 0.999672 -0.023036 -2.09307 -0.999536 0.0118558 0.0280707 89.682 
0.0184959 0.0233155 0.999557 30.1848 0.0118376 0.999653 -0.0235369 -2.11851 -0.999759 0.0122677 0.0182135 89.7014 
0.00835041 0.0222436 0.999718 30.9842 0.0132254 0.999663 -0.0223529 -2.14896 -0.999878 0.0134083 0.00805341 89.713 
-0.0022562 0.0212009 0.999773 31.7776 0.0121642 0.999702 -0.021172 -2.179 -0.999923 0.0121137 -0.00251342 89.7163 
-0.0134038 0.020524 0.999699 32.5685 0.0136056 0.9997 -0.0203417 -2.20622 -0.999818 0.0133289 -0.013679 89.7094 
-0.0242972 0.0208085 0.999488 33.3507 0.013637 0.999697 -0.0204814 -2.235 -0.999612 0.0131324 -0.0245736 89.6961 
-0.0354222 0.021271 0.999146 34.1269 0.0140732 0.999685 -0.0207836 -2.26472 -0.999273 0.013325 -0.0357104 89.6732 
-0.0458667 0.0224212 0.998696 34.9018 0.0135297 0.99967 -0.0218218 -2.29257 -0.998856 0.0125112 -0.0461549 89.6401 
-0.0562277 0.0234469 0.998143 35.6717 0.0147516 0.999635 -0.022651 -2.32041 -0.998309 0.0134506 -0.0565531 89.6055 
-0.0658944 0.0241221 0.997535 36.4327 0.0155605 0.999611 -0.0231445 -2.35027 -0.997705 0.0139971 -0.0662442 89.5604 
-0.0755185 0.0244694 0.996844 37.181 0.0164276 0.999594 -0.0232925 -2.38039 -0.997009 0.0146168 -0.0758898 89.5082 
-0.0847712 0.0249671 0.996088 37.9265 0.0173519 0.999571 -0.0235778 -2.40614 -0.996249 0.0152853 -0.0851681 89.4478 
-0.0936256 0.024413 0.995308 38.6697 0.0184694 0.99957 -0.0227802 -2.4338 -0.995436 0.01625 -0.0940363 89.3906 
-0.100933 0.0233265 0.99462 39.3963 0.0205291 0.999561 -0.0213592 -2.46096 -0.994681 0.0182628 -0.101368 89.319 
-0.106115 0.021746 0.994116 40.1202 0.0233672 0.999539 -0.0193704 -2.48608 -0.994079 0.0211743 -0.106574 89.2449 
-0.109911 0.0201795 0.993737 40.8337 0.0261268 0.999507 -0.0174071 -2.51047 -0.993598 0.02405 -0.110384 89.1678 
-0.112379 0.0191303 0.993481 41.5326 0.0277685 0.999485 -0.0161049 -2.53306 -0.993277 0.0257776 -0.112852 89.0878 
-0.113942 0.0182856 0.993319 42.2216 0.0278029 0.999498 -0.0152101 -2.55716 -0.993098 0.0258841 -0.114393 89.0083 
-0.114575 0.0187245 0.993238 42.9101 0.0287287 0.999467 -0.015528 -2.57936 -0.992999 0.0267553 -0.115052 88.9331 
-0.113595 0.0197521 0.993331 43.5732 0.029647 0.999424 -0.016483 -2.60351 -0.993085 0.0275769 -0.114115 88.861 
-0.110381 0.021295 0.993661 44.2196 0.030821 0.999363 -0.0179935 -2.62684 -0.993411 0.0286395 -0.110967 88.7919 
-0.105276 0.0218376 0.994203 44.844 0.0308301 0.99935 -0.0186861 -2.64854 -0.993965 0.0286842 -0.10588 88.7369 
-0.0972875 0.0224648 0.995003 45.444 0.0302413 0.99935 -0.0196061 -2.67247 -0.994797 0.0281828 -0.0979037 88.6897 
-0.086168 0.022425 0.996028 46.0331 0.0289335 0.999381 -0.0199975 -2.69426 -0.99586 0.0270954 -0.0867635 88.6552 
-0.0723733 0.0228733 0.997115 46.6019 0.0282742 0.999382 -0.0208731 -2.7151 -0.996977 0.026682 -0.0729754 88.6289 
-0.0552331 0.0239628 0.998186 47.1501 0.0272605 0.999375 -0.022483 -2.74331 -0.998101 0.0259693 -0.0558519 88.6166 
-0.0336647 0.0263931 0.999085 47.6961 0.0257058 0.999343 -0.0255339 -2.76649 -0.999102 0.0248227 -0.0343211 88.6099 
-0.00913749 0.0292987 0.999529 48.2275 0.0234968 0.999301 -0.0290773 -2.78967 -0.999682 0.0232201 -0.00981953 88.6292 
0.0194399 0.0310449 0.999329 48.7565 0.0218047 0.999267 -0.0314672 -2.8112 -0.999573 0.0224018 0.0187487 88.6611 
0.0529046 0.0306327 0.99813 49.2843 0.0198024 0.999301 -0.0317183 -2.83255 -0.998403 0.0214434 0.052261 88.7108 
0.0914535 0.0279939 0.995416 49.8044 0.0188175 0.999378 -0.0298342 -2.85672 -0.995631 0.0214596 0.0908698 88.7768 
0.134142 0.0240446 0.99067 50.3189 0.0165791 0.999511 -0.0265042 -2.88157 -0.990823 0.0199797 0.133678 88.8661 
0.180169 0.0195751 0.983441 50.8207 0.0139478 0.999651 -0.0224531 -2.90322 -0.983537 0.0177621 0.179833 88.9818 
0.229549 0.0164844 0.973158 51.3168 0.00966585 0.999769 -0.0192153 -2.92146 -0.973249 0.0138172 0.229336 89.1176 
0.281887 0.0148691 0.959332 51.7939 0.00614852 0.999831 -0.0173035 -2.94084 -0.959428 0.0107761 0.281748 89.2831 
0.337717 0.0143391 0.941138 52.2658 0.00506009 0.999842 -0.0170494 -2.95907 -0.941234 0.0105201 0.337591 89.4759 
0.396789 0.0145644 0.917794 52.7152 0.00731852 0.999792 -0.0190298 -2.97576 -0.917881 0.0142677 0.3966 89.6914 
0.456792 0.0176501 0.889398 53.1364 0.00803872 0.99968 -0.0239674 -2.99564 -0.889537 0.0180977 0.456504 89.9442 
0.516377 0.0205275 0.856115 53.5321 0.00937279 0.999517 -0.0296194 -3.01439 -0.85631 0.0233189 0.515936 90.2221 
0.574212 0.0248304 0.81833 53.9025 0.0051118 0.999412 -0.0339119 -3.02974 -0.81869 0.0236557 0.573747 90.5366 
0.629633 0.0278082 0.776395 54.2469 0.00110117 0.999326 -0.036686 -3.04283 -0.776892 0.0239536 0.629178 90.8798 
0.68215 0.0285387 0.730655 54.5644 -0.000496721 0.999256 -0.0385664 -3.06016 -0.731212 0.0259451 0.681657 91.2348 
0.730666 0.0269596 0.682202 54.8524 -0.00134376 0.999275 -0.0380508 -3.07719 -0.682733 0.0268857 0.730173 91.6044 
0.775303 0.023838 0.631139 55.1089 -0.00382568 0.999446 -0.0330495 -3.0949 -0.631578 0.0232088 0.774965 91.9986 
0.81613 0.0189685 0.577557 55.3412 -0.00469914 0.999646 -0.0261909 -3.11185 -0.577849 0.0186611 0.81593 92.4034 
0.85208 0.0166709 0.523146 55.5455 -0.00736202 0.999775 -0.0198687 -3.12633 -0.52336 0.0130783 0.852011 92.8325 
0.882804 0.0132774 0.469554 55.7261 -0.0082475 0.999884 -0.0127676 -3.13776 -0.469669 0.0073986 0.882811 93.2703 
0.907889 0.0139264 0.418979 55.8765 -0.0119664 0.999902 -0.0073059 -3.15298 -0.41904 0.00161923 0.907966 93.7169 
0.927639 0.0160049 0.373134 56.01 -0.0156477 0.99987 -0.00398642 -3.16341 -0.373149 -0.00214079 0.927769 94.1788 
0.942523 0.022032 0.333414 56.1199 -0.0229141 0.999737 -0.00128714 -3.17387 -0.333354 -0.0064268 0.94278 94.6378 
0.954082 0.0263249 0.298385 56.2205 -0.0268202 0.999637 -0.00243568 -3.17604 -0.298341 -0.005679 0.954442 95.105 
0.963157 0.0283085 0.267445 56.3235 -0.0287562 0.999584 -0.00224395 -3.1812 -0.267397 -0.0055295 0.96357 95.577 
0.96915 0.0225566 0.245438 56.4283 -0.0227698 0.999739 -0.00196994 -3.18785 -0.245418 -0.00367947 0.96941 96.0528 
0.973026 0.0195792 0.229864 56.5296 -0.0198041 0.999803 -0.00132939 -3.1976 -0.229845 -0.00325878 0.973222 96.5408 
0.975834 0.0237313 0.217222 56.6173 -0.0239471 0.999712 -0.0016393 -3.20325 -0.217198 -0.00360224 0.976121 97.0348 
0.977823 0.0288266 0.20744 56.7048 -0.0291949 0.999573 -0.00128709 -3.20236 -0.207388 -0.0047977 0.978247 97.5397 
0.978798 0.0365852 0.201535 56.7865 -0.0368108 0.999319 -0.00262999 -3.2056 -0.201494 -0.0048445 0.979478 98.0553 
0.979156 0.0425678 0.198597 56.8733 -0.0421541 0.999091 -0.00631286 -3.21342 -0.198685 -0.00219046 0.980061 98.5751 
0.979236 0.0440415 0.19788 56.9708 -0.0431746 0.99903 -0.00869611 -3.22546 -0.19807 -2.78955e-05 0.980188 99.108 
0.978819 0.0424408 0.200281 57.0785 -0.0408048 0.999091 -0.0122921 -3.23469 -0.20062 0.00385929 0.979661 99.65 
0.978089 0.0409728 0.204117 57.1927 -0.0379492 0.999104 -0.0187076 -3.24359 -0.2047 0.0105516 0.978768 100.196 
0.977237 0.0410558 0.20814 57.3107 -0.0369701 0.99904 -0.0234837 -3.25055 -0.208905 0.015254 0.977817 100.76 
0.976068 0.0457341 0.212601 57.4235 -0.0417441 0.998858 -0.0232214 -3.26199 -0.213421 0.0137908 0.976863 101.337 
0.974645 0.0487741 0.218378 57.5401 -0.0456657 0.998771 -0.0192624 -3.27689 -0.219049 0.00880157 0.975674 101.937 
0.973675 0.0459634 0.22326 57.6715 -0.0437784 0.998933 -0.0147297 -3.29153 -0.223699 0.0045679 0.974648 102.543 
0.972992 0.0413513 0.227104 57.8135 -0.0403329 0.999145 -0.00912542 -3.30588 -0.227287 -0.000280863 0.973828 103.162 
0.972248 0.0387556 0.23072 57.9599 -0.0387483 0.999238 -0.00456479 -3.31639 -0.230721 -0.00450198 0.973009 103.788 
0.971735 0.0339578 0.233617 58.1114 -0.0339785 0.999415 -0.00393779 -3.32692 -0.233614 -0.00411155 0.972321 104.424 
0.971791 0.0303381 0.233884 58.264 -0.029514 0.99954 -0.00702413 -3.33759 -0.233989 -7.69287e-05 0.972239 105.07 
0.971914 0.0293025 0.233506 58.4138 -0.0267627 0.999543 -0.0140387 -3.35136 -0.233811 0.0073951 0.972254 105.722 
0.972036 0.0316514 0.232689 58.5591 -0.0275927 0.999405 -0.0206779 -3.36425 -0.233205 0.0136791 0.972331 106.384 
0.972573 0.0345297 0.230021 58.704 -0.0296891 0.999259 -0.0244735 -3.37671 -0.230695 0.0169731 0.972878 107.066 
0.973201 0.0325774 0.227635 58.8554 -0.0286911 0.999381 -0.0203619 -3.39146 -0.228158 0.013285 0.973533 107.765 
0.973657 0.0284612 0.226234 59.0151 -0.0262487 0.999574 -0.0127828 -3.40944 -0.226502 0.0065076 0.973989 108.479 
0.974239 0.0284509 0.223715 59.165 -0.027613 0.999595 -0.00687415 -3.43043 -0.22382 0.000519566 0.97463 109.204 
0.974507 0.0317374 0.222102 59.3107 -0.0308243 0.999496 -0.00757761 -3.44529 -0.22223 0.000538241 0.974994 109.938 
0.974824 0.0373834 0.219821 59.4592 -0.0355322 0.999292 -0.012371 -3.45508 -0.220128 0.00424872 0.975462 110.677 
0.975679 0.0382187 0.215849 59.6128 -0.035214 0.999222 -0.0177509 -3.4667 -0.216359 0.00971823 0.976265 111.426 
0.976624 0.0367787 0.211784 59.7689 -0.0331916 0.999239 -0.0204694 -3.48448 -0.212376 0.0129614 0.977102 112.183 
0.977567 0.0341776 0.207834 59.9258 -0.0309016 0.999342 -0.0189904 -3.50391 -0.208346 0.012142 0.97798 112.956 
0.978458 0.0301152 0.204235 60.0856 -0.0272299 0.999486 -0.0169241 -3.52499 -0.20464 0.0109981 0.978775 113.74 
0.97886 0.029168 0.20244 60.2391 -0.0268463 0.999539 -0.0142062 -3.54529 -0.202761 0.00847107 0.979192 114.537 
0.979245 0.0258789 0.201019 60.4001 -0.0239826 0.999642 -0.0118639 -3.56117 -0.201254 0.00679666 0.979515 115.344 
0.979454 0.0207355 0.200598 60.5608 -0.0190034 0.999764 -0.0105571 -3.57836 -0.200769 0.00652807 0.979617 116.145 
0.979582 0.0213548 0.199909 60.7128 -0.0199549 0.99976 -0.00901598 -3.59569 -0.200054 0.00484265 0.979773 116.963 
0.979397 0.0267638 0.200162 60.8637 -0.025079 0.999625 -0.0109488 -3.61306 -0.20038 0.0057033 0.979702 117.789 
0.979148 0.0322178 0.200576 61.0151 -0.0299325 0.999448 -0.0144171 -3.62914 -0.20093 0.00811267 0.979572 118.618 
0.978649 0.0411218 0.201381 61.1652 -0.0386646 0.999122 -0.0161224 -3.64576 -0.201867 0.00799173 0.97938 119.448 
0.977764 0.047064 0.204357 61.3158 -0.0448354 0.998874 -0.0155252 -3.66585 -0.204858 0.00601745 0.978773 120.288 
0.977042 0.0494983 0.207219 61.474 -0.047723 0.998768 -0.0135609 -3.68934 -0.207635 0.00336043 0.978201 121.134 
0.976477 0.0498986 0.20977 61.6395 -0.0479363 0.998746 -0.0144322 -3.70889 -0.210227 0.00403702 0.977644 121.984 
0.976143 0.0484403 0.211656 61.8095 -0.0458651 0.998802 -0.0170629 -3.73011 -0.212229 0.00694812 0.977195 122.832 
0.976129 0.0421964 0.213054 61.9894 -0.0397594 0.999086 -0.0157126 -3.75314 -0.213522 0.00686657 0.976914 123.677 
0.976399 0.0354359 0.213046 62.1742 -0.0325335 0.999324 -0.0171152 -3.77709 -0.213509 0.00978003 0.976892 124.515 
0.97617 0.0346286 0.214225 62.3507 -0.031676 0.99935 -0.0172018 -3.80354 -0.214681 0.010006 0.976633 125.366 
0.975644 0.0372771 0.216168 62.5229 -0.0349878 0.999284 -0.0144095 -3.82253 -0.216551 0.00649522 0.97625 126.215 
0.97526 0.0392134 0.217554 62.6902 -0.0382092 0.999231 -0.00882272 -3.84304 -0.217732 0.00029182 0.976008 127.055 
0.974933 0.0427017 0.218361 62.8592 -0.042741 0.999076 -0.00454644 -3.86512 -0.218353 -0.00490056 0.975857 127.895 
0.974701 0.041828 0.219564 63.0317 -0.0404023 0.999123 -0.0109819 -3.88859 -0.21983 0.00183314 0.975536 128.724 
0.974951 0.0375768 0.219222 63.2115 -0.0328376 0.999142 -0.0252237 -3.91294 -0.219982 0.0173931 0.975349 129.537 
0.975164 0.0352181 0.218668 63.3892 -0.0284062 0.999011 -0.034219 -3.93939 -0.219656 0.0271576 0.975199 130.346 
0.975425 0.0324126 0.217936 63.5636 -0.0275709 0.999302 -0.0252219 -3.96293 -0.218601 0.0185933 0.975637 131.174 
0.975853 0.0258086 0.216897 63.7436 -0.0254534 0.999666 -0.00443162 -3.98918 -0.216939 -0.00119625 0.976184 132.016 
0.976169 0.0222669 0.215866 63.92 -0.0251794 0.999625 0.0107508 -4.01367 -0.215546 -0.01593 0.976364 132.854 
0.976191 0.0266704 0.215269 64.0822 -0.0284038 0.999584 0.0049617 -4.02782 -0.215047 -0.0109581 0.976542 133.67 
0.976411 0.0347318 0.21311 64.2396 -0.0331529 0.99939 -0.01098 -4.0384 -0.213361 0.00365574 0.976966 134.478 
0.976646 0.0350666 0.211974 64.4034 -0.0317774 0.999316 -0.0189058 -4.05141 -0.212492 0.0117282 0.977092 135.29 
0.977219 0.0308972 0.20997 64.569 -0.027378 0.999432 -0.0196479 -4.07565 -0.210458 0.0134516 0.97751 136.108 
0.977823 0.0303866 0.207217 64.73 -0.0272548 0.999467 -0.0179528 -4.10553 -0.207652 0.011907 0.97813 136.932 
0.978582 0.03006 0.203653 64.8836 -0.0266732 0.999457 -0.0193555 -4.12619 -0.204124 0.0135088 0.978852 137.746 
0.979601 0.0310335 0.19854 65.0361 -0.0274217 0.999405 -0.0209163 -4.15009 -0.199071 0.0150452 0.979869 138.555 
0.980001 0.0360658 0.195697 65.1775 -0.0325709 0.999248 -0.0210495 -4.18032 -0.196309 0.0142544 0.980438 139.369 
0.980142 0.0421631 0.193764 65.3076 -0.0387668 0.999021 -0.0212885 -4.20667 -0.194471 0.0133541 0.980817 140.178 
0.980487 0.0434105 0.191732 65.4518 -0.0404603 0.998995 -0.0192778 -4.23191 -0.192376 0.011144 0.981258 140.988 
0.980824 0.0410161 0.190531 65.5983 -0.038966 0.999135 -0.0144958 -4.25732 -0.19096 0.00679357 0.981574 141.793 
0.981259 0.0392395 0.188655 65.7432 -0.0372087 0.999205 -0.0142963 -4.2843 -0.189066 0.0070087 0.981939 142.594 
0.98183 0.0376082 0.185999 65.8858 -0.0349849 0.999237 -0.0173679 -4.30892 -0.18651 0.0105451 0.982396 143.39 
0.982918 0.0326217 0.181128 66.0277 -0.0293021 0.99935 -0.0209742 -4.33534 -0.181695 0.0153084 0.983236 144.18 
0.9842 0.029678 0.174556 66.1614 -0.0262295 0.999413 -0.0220304 -4.35642 -0.175107 0.0171038 0.984401 144.97 
0.985348 0.0276709 0.168294 66.2823 -0.0252224 0.999543 -0.0166698 -4.38354 -0.168678 0.0121807 0.985596 145.772 
0.986475 0.0249655 0.162 66.4037 -0.0239569 0.999679 -0.00817724 -4.40385 -0.162152 0.00418555 0.986757 146.578 
0.987105 0.0219893 0.158554 66.5198 -0.0224314 0.999748 0.000998929 -4.41778 -0.158492 -0.00454273 0.98735 147.389 
0.987584 0.0285004 0.154485 66.62 -0.0294027 0.999561 0.00355807 -4.4302 -0.154316 -0.00805626 0.987989 148.202 
0.988227 0.031347 0.149748 66.721 -0.0315185 0.999502 -0.00122917 -4.44112 -0.149711 -0.00350518 0.988723 148.999 
0.98936 0.0317439 0.141983 66.8248 -0.0304298 0.999472 -0.0114183 -4.45488 -0.142271 0.00697623 0.989803 149.793 
0.990367 0.0285312 0.135498 66.9266 -0.0264816 0.999506 -0.0169059 -4.46456 -0.135914 0.0131548 0.990633 150.592 
0.991284 0.027491 0.128843 67.0192 -0.0256529 0.999544 -0.0159047 -4.481 -0.129221 0.0124608 0.991537 151.404 
0.992029 0.0341203 0.121302 67.0945 -0.0328447 0.999382 -0.0125014 -4.50335 -0.121653 0.00841759 0.992537 152.221 
0.992767 0.0396794 0.113305 67.1622 -0.0383126 0.999165 -0.0142169 -4.52363 -0.113775 0.00977302 0.993458 153.032 
0.993767 0.0422497 0.103161 67.2264 -0.0403905 0.998983 -0.0200476 -4.54299 -0.103903 0.0157558 0.994463 153.839 
0.99468 0.0408031 0.0945837 67.2932 -0.0388408 0.998992 -0.0224979 -4.56238 -0.0954063 0.0187045 0.995263 154.656 
0.995396 0.0409608 0.0866518 67.3473 -0.0393931 0.999029 -0.019727 -4.58461 -0.0873756 0.0162226 0.996043 155.48 
0.99591 0.0439201 0.078957 67.3911 -0.0430594 0.998993 -0.0125724 -4.60773 -0.0794296 0.00912103 0.996799 156.305 
0.996385 0.047151 0.0706672 67.4289 -0.0467824 0.998881 -0.00686372 -4.62712 -0.0709117 0.00353285 0.997476 157.133 
0.996928 0.0462592 0.063205 67.4652 -0.0461233 0.998929 -0.00360868 -4.64121 -0.0633042 0.000682288 0.997994 157.959 
0.997269 0.0471041 0.056879 67.4978 -0.0470958 0.998889 -0.00148927 -4.65455 -0.0568859 -0.00119364 0.99838 158.787 
0.997543 0.0462832 0.0525832 67.5309 -0.0461777 0.998928 -0.00322132 -4.66992 -0.0526758 0.000785153 0.998611 159.608 
0.997554 0.0509324 0.047878 67.5516 -0.0505818 0.998684 -0.00850765 -4.68681 -0.0482482 0.006065 0.998817 160.424 
0.997414 0.0568418 0.0439887 67.5643 -0.0562195 0.998302 -0.0152599 -4.70232 -0.0447813 0.0127474 0.998915 161.238 
0.997509 0.0576015 0.0407166 67.5842 -0.0569236 0.998223 -0.0176186 -4.72196 -0.041659 0.0152569 0.999015 162.064 
0.99754 0.0591452 0.0376285 67.5991 -0.0587481 0.998206 -0.0115773 -4.73796 -0.0382456 0.00933814 0.999225 162.895 
0.99748 0.0613585 0.0356164 67.611 -0.0613538 0.998115 -0.0012279 -4.75238 -0.0356245 -0.000960473 0.999365 163.731 
0.997496 0.0627851 0.0325513 67.6211 -0.0630152 0.997994 0.00608853 -4.76688 -0.0321036 -0.00812459 0.999451 164.562 
0.997866 0.0593241 0.0272829 67.6344 -0.0594268 0.998228 0.00296597 -4.77913 -0.0270585 -0.00458106 0.999623 165.385 
0.998677 0.0467568 0.0214208 67.6549 -0.0466236 0.99889 -0.00668081 -4.78975 -0.0217094 0.00567317 0.999748 166.195 
0.998915 0.0443949 0.0140952 67.6593 -0.0442356 0.998956 -0.011429 -4.79594 -0.0145878 0.010793 0.999835 167.016 
0.998809 0.0482491 0.00730149 67.6453 -0.0481739 0.998787 -0.0101521 -4.80752 -0.00778238 0.00978823 0.999922 167.85 
0.998937 0.0460969 -5.10814e-07 67.6301 -0.0460966 0.998929 -0.00406421 -4.82319 -0.000186751 0.00405983 0.999992 168.686 
0.999139 0.0407685 -0.00764481 67.6188 -0.0407724 0.999168 -0.000340803 -4.83413 0.00762464 0.000652124 0.999971 169.524 
0.999395 0.0321379 -0.0133184 67.602 -0.0320899 0.999478 0.00380123 -4.83855 0.0134337 -0.00337162 0.999904 170.362 
0.999425 0.0276789 -0.0195771 67.5764 -0.0276102 0.999612 0.00377378 -4.84724 0.019674 -0.00323116 0.999801 171.2 
0.999365 0.0244023 -0.0259611 67.5413 -0.0244877 0.999696 -0.00297607 -4.86053 0.0258807 0.00360983 0.999658 172.034 
0.999324 0.0149683 -0.0335612 67.5102 -0.0154199 0.999793 -0.0132338 -4.86987 0.0333563 0.0137423 0.999349 172.865 
0.999194 0.00497627 -0.0398245 67.4809 -0.00566599 0.999836 -0.0172228 -4.88333 0.0397323 0.0174345 0.999058 173.694 
0.998884 0.00860919 -0.0464327 67.4298 -0.00907205 0.999911 -0.00976495 -4.89811 0.0463446 0.0101752 0.998874 174.532 
0.998475 0.0194799 -0.0516576 67.3594 -0.0193434 0.999808 0.00314278 -4.91074 0.051709 -0.00213884 0.99866 175.384 
0.998106 0.0246495 -0.0563688 67.2922 -0.0240647 0.999649 0.0110321 -4.92495 0.056621 -0.00965481 0.998349 176.232 
0.9979 0.0240079 -0.0601546 67.2292 -0.0235559 0.999689 0.0082127 -4.93487 0.0603332 -0.00677855 0.998155 177.07 
0.997738 0.0256083 -0.0621603 67.1589 -0.0258349 0.999662 -0.00284272 -4.93907 0.0620666 0.00444211 0.998062 177.903 
0.997222 0.0361424 -0.065136 67.0764 -0.0370117 0.99924 -0.0121866 -4.94907 0.0646462 0.0145634 0.997802 178.737 
0.997123 0.0344573 -0.0675175 67.0072 -0.0355859 0.999245 -0.0155828 -4.96668 0.0669297 0.0179406 0.997596 179.582 
0.997111 0.0291565 -0.0701355 66.953 -0.0299688 0.999495 -0.010557 -4.98242 0.0697923 0.0126283 0.997482 180.437 
0.997122 0.0294051 -0.0698746 66.8852 -0.0296035 0.99956 -0.00180465 -4.9967 0.0697909 0.0038679 0.997554 181.297 
0.997085 0.0312514 -0.0696089 66.8067 -0.0310721 0.99951 0.00365868 -5.00949 0.0696892 -0.0014852 0.997568 182.156 
0.996951 0.0310164 -0.0715932 66.7371 -0.0308889 0.999519 0.00288767 -5.02159 0.0716484 -0.000667516 0.99743 183.011 
0.996886 0.0274974 -0.0739122 66.6642 -0.0280418 0.999587 -0.00633633 -5.03547 0.0737075 0.00838914 0.997245 183.858 
0.996935 0.0163816 -0.0765023 66.6048 -0.0177801 0.999686 -0.0176336 -5.05268 0.0761895 0.0189397 0.996913 184.704 
0.996895 0.00575242 -0.0785352 66.545 -0.00748691 0.999734 -0.021808 -5.06766 0.0783889 0.0223282 0.996673 185.55 
0.996791 0.00831018 -0.0796148 66.4653 -0.00972126 0.999802 -0.0173516 -5.08851 0.0794549 0.0180698 0.996675 186.404 
0.996635 0.0143328 -0.0807031 66.3771 -0.014937 0.999865 -0.00688651 -5.11039 0.0805936 0.00806872 0.996714 187.257 
0.996477 0.015304 -0.0824541 66.2953 -0.0156165 0.999873 -0.00314537 -5.13367 0.0823955 0.00442185 0.99659 188.106 
0.996435 0.0142459 -0.0831548 66.2126 -0.0148669 0.999866 -0.00685252 -5.15197 0.0830461 0.00806426 0.996513 188.951 
0.996459 0.0141593 -0.0828781 66.1312 -0.015297 0.999797 -0.0131083 -5.16586 0.0826758 0.0143296 0.996473 189.785 
0.996312 0.020826 -0.0832435 66.0388 -0.022034 0.999664 -0.0136185 -5.18293 0.082932 0.0154024 0.996436 190.624 
0.996215 0.0235458 -0.0836708 65.9534 -0.0245071 0.999645 -0.0104786 -5.20522 0.0833944 0.0124893 0.996438 191.46 
0.996059 0.0273067 -0.0843866 65.867 -0.0280275 0.99958 -0.00736818 -5.22625 0.0841501 0.0097042 0.996406 192.294 
0.995955 0.0308964 -0.0843793 65.7814 -0.0313906 0.999497 -0.00453439 -5.24358 0.0841968 0.00716468 0.996423 193.121 
