1 -4.23778e-08 4.22719e-08 0 -4.23778e-08 1 -4.19404e-08 0 4.22719e-08 -4.19404e-08 1 0 
0.999056 -0.000647979 0.0434412 0.0390656 0.000754071 0.999997 -0.00242785 -0.0220477 -0.0434394 0.00245823 0.999053 1.01864 
0.996087 -0.00489255 0.0882366 0.139799 0.00553304 0.99996 -0.00701676 -0.0521716 -0.0881986 0.00747744 0.996075 2.03891 
0.991064 -0.0046108 0.133306 0.282671 0.00608859 0.999924 -0.0106808 -0.0988748 -0.133247 0.0113969 0.991017 3.0753 
0.983888 -0.00261768 0.178769 0.505749 0.00501501 0.999903 -0.0129602 -0.139937 -0.178717 0.0136478 0.983806 4.14681 
0.974439 -0.00508322 0.224596 0.757298 0.00808978 0.999889 -0.0124687 -0.195374 -0.224508 0.0139669 0.974372 5.22103 
0.962778 -0.00584752 0.270228 0.995451 0.00986727 0.99986 -0.0135196 -0.229216 -0.270111 0.0156828 0.962701 6.30391 
0.949434 -0.00857427 0.31385 1.30918 0.0142372 0.999774 -0.0157561 -0.263702 -0.313644 0.0194276 0.949342 7.25945 
0.934397 -0.010371 0.356081 1.71275 0.017695 0.999693 -0.0173175 -0.294014 -0.355793 0.0224822 0.934294 8.2606 
0.917109 -0.0102902 0.398504 2.11189 0.0190121 0.999658 -0.0179411 -0.327402 -0.398183 0.0240302 0.916991 9.22088 
0.89761 -0.0109394 0.440655 2.5811 0.0202139 0.999662 -0.0163588 -0.366677 -0.440327 0.0235911 0.897527 10.1829 
0.875779 -0.0104604 0.482598 3.05605 0.0204279 0.999673 -0.015403 -0.398559 -0.482279 0.023348 0.875706 11.0608 
0.851918 -0.0108046 0.523564 3.55349 0.021266 0.999676 -0.0139731 -0.438913 -0.523244 0.023038 0.851872 11.8922 
0.826338 -0.0112482 0.563061 4.10111 0.0229327 0.999643 -0.0136861 -0.479954 -0.562707 0.0242219 0.826302 12.7282 
0.79896 -0.0130769 0.601242 4.70255 0.0262921 0.999567 -0.013198 -0.5091 -0.600809 0.0263525 0.798958 13.5432 
0.770039 -0.0115676 0.637892 5.34314 0.0265109 0.999552 -0.0138772 -0.537434 -0.637446 0.027597 0.770001 14.3509 
0.739465 -0.0149281 0.67303 6.01921 0.0314326 0.999429 -0.0123678 -0.564568 -0.672461 0.0303006 0.739512 15.1024 
0.707353 -0.0145644 0.706711 6.70113 0.0318251 0.99943 -0.0112572 -0.608597 -0.706144 0.0304539 0.707413 15.8007 
0.673153 -0.0133784 0.739382 7.47705 0.0330584 0.999381 -0.0120146 -0.634103 -0.738764 0.0325304 0.673179 16.525 
0.637764 -0.0147989 0.770089 8.28365 0.0377195 0.999216 -0.0120362 -0.65749 -0.769307 0.0367236 0.637822 17.2039 
0.600997 -0.0128808 0.799147 9.08487 0.0376803 0.999215 -0.0122321 -0.679169 -0.798362 0.0374635 0.601011 17.8307 
0.563301 -0.0119595 0.826165 9.92367 0.0406809 0.999084 -0.0132747 -0.707471 -0.82525 0.0410868 0.563271 18.4106 
0.524225 -0.0102581 0.851518 10.7671 0.0451594 0.998855 -0.0157689 -0.733424 -0.850381 0.0467204 0.524089 18.9378 
0.485985 -0.00958878 0.873915 11.6241 0.0473512 0.99876 -0.0153736 -0.75507 -0.872683 0.0488522 0.485836 19.4059 
0.447721 -0.0115216 0.894099 12.5965 0.0526113 0.998524 -0.0134781 -0.778951 -0.892624 0.0530741 0.447667 19.8811 
0.410917 -0.0122723 0.91159 13.4925 0.0563995 0.998336 -0.0119831 -0.806645 -0.909927 0.0563373 0.410925 20.2788 
0.376002 -0.010031 0.926565 14.4201 0.0581144 0.998228 -0.0127762 -0.828688 -0.924795 0.0586506 0.375919 20.6535 
0.342657 -0.0109041 0.939397 15.3664 0.0584608 0.998242 -0.00973723 -0.8502 -0.93764 0.0582544 0.342692 21.0053 
0.30993 -0.0126897 0.950675 16.3787 0.0612905 0.998098 -0.00665878 -0.863011 -0.948782 0.0603311 0.310118 21.3079 
0.277432 -0.0125378 0.960663 17.4426 0.0619227 0.998069 -0.00485692 -0.870295 -0.958748 0.0608343 0.277673 21.5888 
0.245664 -0.00975322 0.969306 18.4699 0.0600502 0.998182 -0.0051756 -0.885467 -0.967493 0.0594784 0.245803 21.8478 
0.214717 -0.00807694 0.976643 19.4605 0.0596594 0.998207 -0.00486106 -0.897515 -0.974852 0.0593096 0.214814 22.0728 
0.184566 -0.00785404 0.982789 20.597 0.0619499 0.998072 -0.00365799 -0.901696 -0.980866 0.0615588 0.184697 22.2897 
0.153987 -0.00834398 0.988038 21.6435 0.0637613 0.997964 -0.00150954 -0.917061 -0.986013 0.063231 0.154205 22.4584 
0.123676 -0.00920149 0.99228 22.7461 0.0622003 0.998062 0.00150247 -0.937183 -0.990371 0.0615343 0.124009 22.5996 
0.0942797 -0.00962344 0.995499 23.8181 0.0624744 0.99804 0.00373122 -0.944064 -0.993583 0.0618414 0.0946961 22.711 
0.0668695 -0.00929817 0.997718 24.9804 0.0650839 0.997867 0.0049374 -0.942012 -0.995637 0.0646052 0.067332 22.812 
0.0415791 -0.00880321 0.999096 26.2069 0.0693411 0.997575 0.00590398 -0.933844 -0.996726 0.0690329 0.0420888 22.871 
0.0191564 -0.00865921 0.999779 27.387 0.0738049 0.997246 0.00722305 -0.940736 -0.997089 0.0736502 0.0197427 22.8808 
-0.00141854 -0.00902893 0.999958 28.5969 0.0794427 0.996798 0.00911301 -0.939201 -0.996838 0.0794523 -0.000696716 22.8877 
-0.0193157 -0.00974285 0.999766 29.8797 0.0837179 0.996425 0.0113277 -0.934985 -0.996302 0.0839171 -0.018431 22.8868 
-0.0349918 -0.00961519 0.999341 31.1462 0.0867714 0.996148 0.0126227 -0.919652 -0.995613 0.0871559 -0.0340227 22.8578 
-0.0493965 -0.0105439 0.998724 32.3647 0.0889869 0.995921 0.0149155 -0.909458 -0.994807 0.0896101 -0.0482567 22.8114 
-0.0631873 -0.0117891 0.997932 33.5941 0.0887895 0.995899 0.017387 -0.903759 -0.994044 0.0897045 -0.0618814 22.7659 
-0.0756253 -0.011612 0.997069 34.8405 0.0883766 0.995919 0.0183017 -0.889766 -0.993212 0.0895017 -0.0742905 22.6862 
-0.0871729 -0.00888886 0.996153 36.1147 0.0881812 0.995966 0.0166038 -0.878734 -0.992283 0.0892894 -0.0860374 22.6089 
-0.0977527 -0.00542579 0.995196 37.4183 0.0889922 0.995931 0.0141709 -0.859739 -0.991224 0.0899499 -0.0968721 22.5256 
-0.107371 -0.00313558 0.994214 38.7033 0.0902234 0.995838 0.0128843 -0.860223 -0.990117 0.0910847 -0.106641 22.4143 
-0.114568 -0.0021614 0.993413 40.0828 0.0900244 0.99586 0.0125489 -0.851825 -0.989328 0.0908691 -0.113899 22.237 
-0.12081 -0.00146072 0.992674 41.4451 0.0897902 0.995884 0.012393 -0.844612 -0.988606 0.0906296 -0.120182 22.1239 
-0.125836 -0.000249536 0.992051 42.8551 0.0907006 0.995809 0.0117552 -0.840306 -0.987896 0.0914589 -0.125286 21.9484 
-0.130622 0.00134755 0.991431 44.1721 0.0900281 0.995884 0.0105076 -0.832062 -0.987336 0.0906292 -0.130206 21.7915 
-0.134575 0.00209764 0.990901 45.5324 0.0902611 0.995866 0.0101502 -0.823374 -0.986784 0.0908058 -0.134208 21.6219 
-0.137995 0.000822708 0.990432 46.9681 0.0902433 0.99585 0.0117462 -0.821448 -0.986313 0.0910008 -0.137497 21.4609 
-0.14031 -0.00122002 0.990107 48.4639 0.0910199 0.995749 0.0141255 -0.811558 -0.985915 0.0921014 -0.139602 21.2652 
-0.142819 -0.00238983 0.989746 49.9608 0.0909936 0.99573 0.0155345 -0.788915 -0.985557 0.0922792 -0.141992 21.0869 
-0.145322 -0.00166369 0.989383 51.4782 0.0938689 0.995464 0.0154614 -0.770738 -0.984921 0.0951192 -0.144507 20.8952 
-0.146427 -0.00189588 0.98922 53.0189 0.0936375 0.995481 0.0157683 -0.755698 -0.98478 0.0949369 -0.145588 20.6892 
-0.147433 -0.000883634 0.989072 54.549 0.0954357 0.995321 0.015115 -0.754562 -0.984457 0.0966212 -0.146659 20.5036 
-0.147437 -0.000682036 0.989071 56.0955 0.0957659 0.995291 0.0149617 -0.735425 -0.984424 0.0969252 -0.146677 20.2946 
-0.14666 0.000727835 0.989187 57.6357 0.096096 0.99528 0.0135151 -0.727219 -0.984508 0.097039 -0.146038 20.0725 
-0.1457 0.000212191 0.989329 59.1566 0.0964018 0.995244 0.0139838 -0.72183 -0.984621 0.0974105 -0.145028 19.8667 
-0.144541 -0.000772732 0.989498 60.7509 0.0955439 0.995316 0.0147338 -0.703536 -0.984875 0.0966702 -0.143791 19.6648 
-0.143595 9.98699e-05 0.989636 62.3594 0.0966075 0.995225 0.0139171 -0.683853 -0.98491 0.0976048 -0.142919 19.4543 
-0.142702 0.000727884 0.989765 63.9916 0.0963596 0.995259 0.0131609 -0.660354 -0.985064 0.0972515 -0.142095 19.2395 
-0.141809 0.00122454 0.989893 65.6267 0.0975029 0.995154 0.0127368 -0.644422 -0.98508 0.0983237 -0.141241 19.025 
-0.141003 0.00104351 0.990008 67.3543 0.0971606 0.995186 0.0127892 -0.633283 -0.98523 0.0979932 -0.140426 18.8124 
-0.140382 -0.000572763 0.990097 69.0552 0.0988963 0.994991 0.0145977 -0.617999 -0.985146 0.0999662 -0.139623 18.5977 
-0.139763 -0.00259001 0.990181 70.7473 0.101127 0.99473 0.0168758 -0.619991 -0.985007 0.102493 -0.138765 18.3861 
-0.139087 -0.00160658 0.990279 72.4857 0.102865 0.994566 0.0160611 -0.604163 -0.984923 0.104099 -0.138166 18.1647 
-0.138821 -0.000112391 0.990317 74.1521 0.105624 0.994294 0.0149189 -0.619605 -0.984669 0.106672 -0.138017 17.9874 
-0.138417 -0.000688479 0.990374 75.8755 0.104764 0.994379 0.0153333 -0.608153 -0.984817 0.105878 -0.137567 17.7823 
-0.13823 -0.00092083 0.9904 77.6109 0.104957 0.994355 0.0155732 -0.594207 -0.984823 0.106102 -0.137353 17.5561 
-0.137952 -0.00204161 0.990437 79.3778 0.105142 0.994317 0.0166941 -0.580368 -0.984842 0.106439 -0.136954 17.3295 
-0.137362 -0.00176797 0.990519 81.1592 0.106798 0.994142 0.0165848 -0.563865 -0.984746 0.108064 -0.136369 17.0755 
-0.137185 -0.00197387 0.990543 82.9204 0.107438 0.994069 0.0168605 -0.537552 -0.984702 0.108735 -0.136159 16.8405 
-0.137065 -0.00101574 0.990561 84.7318 0.108032 0.994019 0.0159677 -0.519397 -0.984653 0.109201 -0.136135 16.6113 
-0.137594 -0.000142322 0.990489 86.5415 0.107827 0.994055 0.0151215 -0.504086 -0.984602 0.108882 -0.13676 16.3825 
-0.138495 0.000691008 0.990363 88.3866 0.107304 0.994123 0.0143119 -0.482792 -0.984533 0.108252 -0.137755 16.1451 
-0.139784 0.00121444 0.990181 90.2216 0.10671 0.994194 0.0138449 -0.471923 -0.984415 0.107597 -0.139102 15.9031 
-0.140487 0.000489114 0.990082 92.0851 0.105891 0.994271 0.014534 -0.45101 -0.984404 0.106882 -0.139734 15.6566 
-0.141486 0.000288256 0.98994 93.9483 0.105753 0.994282 0.0148249 -0.429694 -0.984275 0.106786 -0.140707 15.4129 
-0.141803 -0.000451806 0.989895 95.8124 0.103676 0.994493 0.0153055 -0.404519 -0.984451 0.104799 -0.140975 15.1707 
-0.143251 0.000334332 0.989686 97.639 0.10346 0.994526 0.0146391 -0.392778 -0.984264 0.10449 -0.142501 14.9192 
-0.145776 0.00131603 0.989317 99.5304 0.102592 0.994628 0.0137938 -0.372075 -0.983984 0.103507 -0.145127 14.6696 
-0.14973 0.00229059 0.988724 101.396 0.103492 0.99454 0.0133684 -0.355776 -0.983296 0.104326 -0.149149 14.4017 
-0.153963 0.00130677 0.988076 103.274 0.10185 0.994693 0.0145549 -0.344223 -0.982813 0.102877 -0.153279 14.1282 
-0.158756 0.000638545 0.987317 105.191 0.100741 0.994791 0.0155553 -0.329527 -0.982165 0.101933 -0.157994 13.845 
-0.163524 0.00138479 0.986538 107.088 0.0994636 0.994927 0.01509 -0.319202 -0.981512 0.100592 -0.162833 13.5687 
-0.167762 0.00313007 0.985822 108.965 0.100293 0.994861 0.0139085 -0.312576 -0.980713 0.101204 -0.167214 13.2685 
-0.172286 0.00481908 0.985035 110.9 0.0995906 0.994949 0.0125511 -0.302412 -0.979999 0.100263 -0.171896 12.9547 
-0.17713 0.00515746 0.984174 112.825 0.0985766 0.995051 0.0125271 -0.296621 -0.979238 0.0992354 -0.176761 12.6335 
-0.181546 0.0048853 0.98337 114.742 0.0970528 0.995195 0.0129734 -0.288553 -0.978581 0.0977941 -0.181148 12.3011 
-0.186659 0.00422018 0.982416 116.732 0.0952414 0.995358 0.01382 -0.276678 -0.977797 0.0961462 -0.186195 11.9412 
-0.192189 0.00374297 0.981351 118.715 0.094512 0.995415 0.0147126 -0.263597 -0.976796 0.0955771 -0.191661 11.5806 
-0.197467 0.00358063 0.980303 120.711 0.0945411 0.995402 0.015408 -0.245328 -0.97574 0.0957215 -0.196897 11.2064 
-0.202721 0.00518495 0.979223 122.694 0.0952679 0.995347 0.0144522 -0.231588 -0.974591 0.0962183 -0.202272 10.822 
-0.208185 0.00620366 0.97807 124.672 0.0953965 0.995341 0.0139921 -0.221968 -0.973426 0.0962174 -0.207807 10.4259 
-0.213877 0.00610739 0.976841 126.657 0.0956219 0.995309 0.0147133 -0.205127 -0.972169 0.0965543 -0.213458 10.0182 
-0.219229 0.00604024 0.975655 128.648 0.0946393 0.995397 0.0151028 -0.189021 -0.971073 0.0956462 -0.218791 9.6008 
-0.224181 0.0066317 0.974525 130.627 0.0940871 0.995453 0.0148697 -0.180962 -0.969995 0.0950237 -0.223785 9.17579 
-0.229216 0.00724131 0.973349 132.62 0.0934844 0.995513 0.0146085 -0.15962 -0.968876 0.0943414 -0.228864 8.73201 
-0.233773 0.00670477 0.972268 134.609 0.0950067 0.995348 0.0159795 -0.146563 -0.967638 0.0961076 -0.233323 8.28186 
-0.23686 0.00667701 0.971521 136.694 0.0971379 0.995128 0.0168432 -0.118347 -0.966676 0.0983609 -0.236354 7.75046 
-0.240066 0.00741839 0.970728 138.715 0.098728 0.994972 0.0168122 -0.102269 -0.965723 0.0998741 -0.239592 7.26523 
-0.24297 0.00810288 0.97 140.735 0.0990715 0.994943 0.0165046 -0.0837422 -0.964961 0.100109 -0.242545 6.77436 
-0.246052 0.00777712 0.969225 142.743 0.0976798 0.995076 0.0168128 -0.0622681 -0.964322 0.0988106 -0.2456 6.28659 
-0.249631 0.00823892 0.968306 144.777 0.0962107 0.995227 0.0163352 -0.0426951 -0.96355 0.0972392 -0.249232 5.7836 
-0.2539 0.00922685 0.967186 146.836 0.0956057 0.995297 0.0156028 -0.0242293 -0.962494 0.09643 -0.253588 5.29167 
-0.258311 0.00852142 0.966024 148.907 0.0936227 0.995475 0.0162531 -0.0123433 -0.961514 0.0946401 -0.25794 4.78061 
-0.262837 0.00902288 0.964798 150.969 0.0946689 0.995372 0.0164815 -0.00347097 -0.960184 0.0956684 -0.262475 4.27051 
-0.267654 0.00963013 0.963467 153.028 0.0943243 0.995409 0.0162541 0.00143123 -0.958887 0.0952288 -0.267333 3.77537 
-0.271927 0.00976336 0.962268 155.018 0.093864 0.995449 0.0164249 0.0180793 -0.957729 0.0947887 -0.271606 3.24396 
-0.276188 0.00898881 0.961061 157.03 0.0935674 0.995458 0.0175786 0.0282088 -0.956538 0.094779 -0.275775 2.71137 
-0.280381 0.00889659 0.959848 159.061 0.0941332 0.995392 0.0182711 0.0252942 -0.955262 0.0954764 -0.279926 2.16951 
-0.284462 0.0094593 0.95864 161.1 0.0952053 0.995287 0.0184298 0.037804 -0.953948 0.0965103 -0.284022 1.60841 
-0.288339 0.0106061 0.95747 163.14 0.0952073 0.995301 0.0176461 0.0488327 -0.952783 0.0962462 -0.287994 1.05428 
-0.292004 0.0119838 0.956342 165.163 0.0950728 0.995333 0.0165565 0.053124 -0.95168 0.0957567 -0.29178 0.48085 
-0.295379 0.0131357 0.95529 167.185 0.0958535 0.995268 0.0159528 0.064706 -0.950559 0.09628 -0.29524 -0.105938 
-0.298629 0.0138081 0.954269 169.227 0.0960427 0.995254 0.0156543 0.066378 -0.949524 0.0963254 -0.298538 -0.707908 
-0.302091 0.0136393 0.953181 171.297 0.0958921 0.995261 0.0161496 0.0766384 -0.948444 0.0962812 -0.301967 -1.33104 
-0.306039 0.0138467 0.951918 173.397 0.0958575 0.995261 0.0163407 0.0909885 -0.947181 0.0962494 -0.305916 -1.96865 
-0.309983 0.0144419 0.950632 175.4 0.0975201 0.995094 0.0166821 0.0918931 -0.945727 0.0978769 -0.309871 -2.5772 
-0.313306 0.0144247 0.949543 177.413 0.0992268 0.994909 0.0176264 0.0900926 -0.944454 0.0997426 -0.313142 -3.2015 
-0.316073 0.0139111 0.948633 179.422 0.100051 0.994806 0.0187474 0.0985946 -0.943445 0.100837 -0.315823 -3.83261 
-0.31875 0.0138473 0.947738 181.509 0.100372 0.994764 0.0192235 0.137004 -0.942509 0.101254 -0.318471 -4.4989 
-0.321463 0.0142056 0.946815 183.587 0.0993999 0.994869 0.0188216 0.145267 -0.941691 0.100164 -0.321226 -5.17641 
-0.324074 0.0160963 0.945895 185.655 0.0983761 0.995008 0.0167726 0.162151 -0.940903 0.098489 -0.324039 -5.86075 
-0.327415 0.017933 0.94471 187.706 0.0980135 0.995071 0.0150802 0.161955 -0.939783 0.0975319 -0.327558 -6.52512 
-0.330394 0.0187244 0.943657 189.802 0.0970891 0.995174 0.0142462 0.165919 -0.938836 0.0963257 -0.330617 -7.22875 
-0.333701 0.0189839 0.942488 191.751 0.0951346 0.995371 0.0136346 0.142228 -0.937866 0.0942131 -0.333963 -7.8878 
-0.337429 0.0189969 0.941159 193.8 0.0956989 0.995309 0.0142205 0.143318 -0.936474 0.0948663 -0.337665 -8.59432 
-0.34096 0.0181572 0.939902 195.793 0.0949098 0.99537 0.0152008 0.14233 -0.935274 0.0943888 -0.341105 -9.27509 
-0.344572 0.0175028 0.938596 197.907 0.0951274 0.995331 0.0163618 0.138657 -0.933927 0.0949241 -0.344628 -10.0009 
-0.348871 0.0174155 0.937009 199.998 0.0950537 0.995329 0.0168912 0.150925 -0.932338 0.094959 -0.348897 -10.7181 
-0.352648 0.0175169 0.935592 202.109 0.0941671 0.995414 0.016857 0.160973 -0.931006 0.0940466 -0.35268 -11.4695 
-0.356328 0.0179557 0.934188 204.263 0.0931465 0.995517 0.0163944 0.168402 -0.929706 0.0928582 -0.356403 -12.24 
-0.359645 0.0185598 0.932904 206.421 0.0933959 0.995497 0.0162 0.176652 -0.928403 0.0929557 -0.359759 -13.0248 
-0.36251 0.0192669 0.931781 208.515 0.0942113 0.995422 0.0160701 0.175052 -0.927206 0.0936099 -0.362666 -13.8043 
-0.365135 0.0187697 0.930765 210.606 0.0950178 0.995327 0.0172033 0.17705 -0.926093 0.0947208 -0.365212 -14.5888 
-0.367631 0.0181929 0.929793 212.777 0.0963873 0.995169 0.0186385 0.190509 -0.924963 0.0964724 -0.367609 -15.4229 
-0.370708 0.0185773 0.928564 214.821 0.0969639 0.99511 0.0188019 0.188394 -0.923674 0.0970072 -0.370696 -16.1893 
-0.373473 0.0194603 0.927437 216.942 0.097052 0.995113 0.0182018 0.196321 -0.92255 0.0968075 -0.373537 -17.0119 
-0.37595 0.0195837 0.926433 219.059 0.0964184 0.995176 0.0180901 0.212923 -0.92161 0.0961262 -0.376025 -17.8477 
-0.37883 0.0207913 0.925233 221.154 0.0961201 0.995225 0.0169915 0.208446 -0.920461 0.0953703 -0.379019 -18.6721 
-0.381867 0.0216682 0.923963 223.25 0.0957371 0.995274 0.0162268 0.209765 -0.919245 0.0946541 -0.382137 -19.497 
-0.38466 0.0211983 0.922815 225.209 0.0935927 0.99548 0.0161449 0.184542 -0.918301 0.092579 -0.384905 -20.2462 
-0.387966 0.0218625 0.921414 227.252 0.0943453 0.995409 0.0161064 0.159402 -0.916832 0.0931798 -0.388248 -21.0465 
-0.390406 0.0213198 0.920396 229.338 0.0956905 0.995257 0.0175352 0.15999 -0.915656 0.094919 -0.390594 -21.9002 
-0.393637 0.0203076 0.919042 231.289 0.0963719 0.995158 0.0192876 0.148346 -0.914201 0.0961621 -0.393688 -22.6608 
-0.396776 0.0198993 0.917699 233.216 0.0955602 0.995228 0.0197358 0.14668 -0.912928 0.0955262 -0.396785 -23.4492 
-0.399792 0.0199118 0.91639 235.283 0.0938985 0.995394 0.0193364 0.148226 -0.911784 0.0937781 -0.39982 -24.3083 
-0.403513 0.0190156 0.914776 237.347 0.0921128 0.995549 0.0199368 0.149732 -0.910325 0.0923073 -0.403468 -25.1754 
-0.40689 0.0182729 0.913294 239.452 0.0913382 0.995603 0.0207731 0.162044 -0.908899 0.091871 -0.40677 -26.0727 
-0.410518 0.0184178 0.911666 241.589 0.0905814 0.995674 0.0206732 0.173735 -0.907342 0.0910667 -0.410411 -26.9849 
-0.414526 0.0179234 0.909861 243.711 0.0897947 0.995733 0.0212947 0.18276 -0.905597 0.0905279 -0.414366 -27.8915 
-0.418273 0.0172724 0.908157 245.793 0.088892 0.995798 0.022002 0.184524 -0.903961 0.0899308 -0.418051 -28.8195 
-0.422417 0.0170315 0.906241 247.794 0.0878781 0.995883 0.0222455 0.19294 -0.902131 0.0890356 -0.422175 -29.6886 
-0.426479 0.0176677 0.904325 249.88 0.0882636 0.99585 0.0221692 0.199751 -0.90018 0.0892737 -0.426269 -30.6119 
-0.42995 0.0183756 0.902666 252.006 0.0888846 0.995797 0.0220653 0.228081 -0.898467 0.0897201 -0.429776 -31.5764 
-0.43389 0.0181349 0.900783 254.096 0.0882363 0.995846 0.0224529 0.249645 -0.896635 0.0892239 -0.433688 -32.517 
-0.437404 0.0184733 0.899075 256.224 0.0871107 0.995957 0.0219157 0.248611 -0.895036 0.0879051 -0.437245 -33.5043 
-0.441302 0.0187691 0.897162 258.304 0.0878064 0.995887 0.0223562 0.266653 -0.893053 0.0886424 -0.441134 -34.461 
-0.444974 0.019392 0.895333 260.395 0.0886544 0.995808 0.0224923 0.294716 -0.891144 0.0893837 -0.444828 -35.4302 
-0.448521 0.0204684 0.893538 262.434 0.0902411 0.995666 0.0224896 0.312531 -0.889205 0.0907209 -0.448424 -36.3993 
-0.452199 0.0225654 0.891631 264.558 0.092013 0.995526 0.0214704 0.335391 -0.887158 0.0917506 -0.452252 -37.4092 
-0.455164 0.0232463 0.890104 266.673 0.093125 0.995419 0.0216236 0.364387 -0.885524 0.0927333 -0.455244 -38.4239 
-0.458122 0.0253723 0.888527 268.761 0.0948529 0.99528 0.0204852 0.388549 -0.883814 0.0936641 -0.458367 -39.4371 
-0.460768 0.02757 0.887092 270.845 0.096225 0.995177 0.0190514 0.391298 -0.882289 0.0941388 -0.461199 -40.4661 
-0.463462 0.0282697 0.885666 272.916 0.0973347 0.995067 0.0191727 0.413772 -0.880755 0.0950919 -0.463927 -41.5252 
-0.466297 0.0292693 0.884144 275.119 0.0977035 0.995042 0.0185881 0.440286 -0.879216 0.0950515 -0.466845 -42.6572 
-0.469562 0.0293353 0.882412 277.242 0.0974579 0.995062 0.0187803 0.461632 -0.877504 0.0948166 -0.470102 -43.7368 
-0.473503 0.0308692 0.880251 279.348 0.0987741 0.994943 0.0182409 0.479203 -0.875236 0.0955832 -0.474157 -44.769 
-0.476859 0.0310803 0.87843 281.451 0.0977626 0.995049 0.0178642 0.497074 -0.873526 0.0943963 -0.477536 -45.849 
-0.479578 0.0306592 0.876963 283.603 0.0957773 0.995247 0.0175824 0.516493 -0.872256 0.0924253 -0.480236 -46.9842 
-0.482439 0.0312005 0.875374 285.666 0.097694 0.995047 0.0183754 0.523351 -0.870464 0.0943838 -0.483098 -48.0498 
-0.484498 0.0311744 0.874237 287.711 0.0992127 0.994875 0.0195069 0.532771 -0.869148 0.0961864 -0.485108 -49.1395 
-0.486915 0.0315474 0.872879 289.816 0.100707 0.99471 0.0202261 0.547766 -0.867624 0.0977531 -0.487516 -50.25 
-0.488988 0.0314638 0.871723 291.972 0.100902 0.994681 0.0206986 0.565303 -0.866435 0.0980801 -0.489562 -51.3819 
-0.491136 0.0304285 0.870551 294.199 0.0998167 0.994773 0.0215427 0.603406 -0.865345 0.097476 -0.491605 -52.606 
-0.494093 0.0308815 0.86886 296.309 0.101829 0.994546 0.0225582 0.628756 -0.863425 0.0996212 -0.494543 -53.7345 
-0.49625 0.0307981 0.867633 298.381 0.10218 0.994497 0.0231413 0.65886 -0.862146 0.100139 -0.496665 -54.8774 
-0.498199 0.0320093 0.866471 300.509 0.102253 0.994514 0.0220534 0.691896 -0.861012 0.0995863 -0.498739 -56.0324 
-0.500596 0.0341302 0.865008 302.652 0.101381 0.994658 0.0194254 0.715954 -0.859724 0.0974198 -0.501382 -57.2204 
-0.504421 0.0335432 0.862806 304.745 0.100194 0.994769 0.019903 0.728542 -0.857625 0.0964879 -0.505143 -58.3444 
-0.509258 0.0321505 0.860013 306.926 0.0979277 0.994976 0.0207921 0.782891 -0.855024 0.0948077 -0.509848 -59.5385 
-0.513844 0.0294242 0.857379 309.122 0.0950556 0.99521 0.0228142 0.823246 -0.852601 0.0932217 -0.51418 -60.8178 
-0.518497 0.0278606 0.854625 311.368 0.0933669 0.995338 0.0241974 0.858347 -0.849966 0.09234 -0.518681 -62.13 
-0.522838 0.0279967 0.851972 313.629 0.0937435 0.995287 0.0248223 0.905168 -0.847262 0.0928449 -0.522998 -63.4695 
-0.52745 0.0299563 0.849058 315.917 0.0969669 0.99497 0.0251331 0.953216 -0.844035 0.095587 -0.527701 -64.7953 
-0.531736 0.0310082 0.846342 318.161 0.0980134 0.994868 0.0251295 0.997231 -0.841219 0.0963152 -0.532047 -66.1263 
-0.535346 0.0304169 0.844085 320.334 0.0975166 0.994894 0.0259968 1.03613 -0.838984 0.0962296 -0.535579 -67.47 
-0.539269 0.0293161 0.841623 322.561 0.0975306 0.994843 0.0278394 1.0946 -0.836467 0.097097 -0.539347 -68.8442 
-0.543063 0.0271392 0.839253 324.696 0.0951315 0.995031 0.029381 1.12572 -0.834286 0.0957952 -0.542946 -70.191 
-0.546413 0.0271577 0.837075 326.949 0.0937352 0.995178 0.0288998 1.19736 -0.832254 0.0942547 -0.546324 -71.6464 
-0.550351 0.0268558 0.834501 329.142 0.0939558 0.995126 0.0299385 1.23427 -0.82963 0.0948829 -0.550192 -73.0452 
-0.55399 0.0267622 0.832093 331.371 0.0947564 0.995015 0.0310845 1.2848 -0.827113 0.0960666 -0.553764 -74.482 
-0.558043 0.0263423 0.829393 333.555 0.0950547 0.994946 0.0323556 1.33646 -0.824349 0.0968936 -0.557727 -75.9197 
-0.561713 0.024985 0.826955 335.709 0.0933738 0.995072 0.0333602 1.37665 -0.822046 0.0959548 -0.561278 -77.3411 
-0.565194 0.0239845 0.824609 337.89 0.0925635 0.995109 0.0345001 1.43141 -0.819749 0.0958279 -0.564649 -78.7916 
-0.567899 0.0235058 0.822762 339.998 0.0924382 0.99509 0.0353749 1.49208 -0.817891 0.096144 -0.567284 -80.2025 
-0.570846 0.0225742 0.820747 342.13 0.0900684 0.995311 0.0352688 1.5488 -0.816102 0.0940565 -0.570202 -81.6287 
-0.574369 0.021191 0.818322 344.265 0.0850885 0.995795 0.0339356 1.60726 -0.814162 0.0891214 -0.573757 -83.0124 
-0.577921 0.020599 0.815832 346.379 0.0818898 0.996099 0.0328587 1.65732 -0.811973 0.0857981 -0.577354 -84.4295 
-0.580631 0.0176618 0.813975 348.541 0.0792033 0.996248 0.0348811 1.71823 -0.810305 0.0847226 -0.579852 -85.9166 
-0.584069 0.0170156 0.811526 350.746 0.0791996 0.996204 0.0361134 1.79078 -0.807831 0.0853652 -0.5832 -87.4486 
-0.586202 0.0175733 0.809974 352.945 0.0791843 0.996221 0.0356939 1.86617 -0.806286 0.0850611 -0.585379 -89.0179 
-0.589149 0.0167108 0.807851 355.107 0.0775668 0.996338 0.0359581 1.92054 -0.804293 0.0838472 -0.588288 -90.5411 
-0.592484 0.0129491 0.805478 357.302 0.0750943 0.996405 0.0392183 1.98375 -0.802075 0.083723 -0.591326 -92.0827 
-0.596279 0.0106463 0.802707 359.451 0.0722616 0.996565 0.0404609 2.06253 -0.799518 0.0821309 -0.595 -93.5514 
-0.599219 0.00987398 0.800524 361.624 0.0708798 0.996652 0.0407628 2.13766 -0.797441 0.0811669 -0.597913 -95.1231 
-0.60193 0.0108217 0.798475 363.684 0.0714536 0.996627 0.0403579 2.22382 -0.795346 0.0813465 -0.600673 -96.6176 
-0.604837 0.0104835 0.79628 365.791 0.0717545 0.996563 0.0413827 2.28607 -0.79311 0.0821665 -0.603511 -98.1403 
-0.607797 0.0104296 0.794024 367.913 0.0718742 0.996532 0.0419275 2.37223 -0.790833 0.0825533 -0.606438 -99.6755 
-0.610702 0.0089381 0.79181 370.071 0.0687986 0.996754 0.0418109 2.42907 -0.788866 0.0800094 -0.609335 -101.244 
-0.61282 0.00518564 0.790206 372.233 0.0583956 0.997541 0.0387406 2.5039 -0.788062 0.0698856 -0.611616 -102.869 
-0.615975 0.00793426 0.787726 374.307 0.0509254 0.998259 0.0297671 2.55698 -0.786118 0.058451 -0.615307 -104.425 
-0.618134 0.0178395 0.78587 376.361 0.0608769 0.997826 0.0252323 2.58847 -0.783712 0.0634383 -0.617876 -106.001 
-0.619321 0.0191338 0.784905 378.476 0.0686213 0.997196 0.029836 2.62376 -0.782134 0.0723392 -0.618897 -107.592 
-0.620956 0.00989883 0.783783 380.569 0.0677427 0.996857 0.0410796 2.68938 -0.780913 0.0786042 -0.619675 -109.219 
-0.624115 -0.000449683 0.781332 382.707 0.0615202 0.996867 0.049715 2.77835 -0.778906 0.0790956 -0.622132 -110.847 
-0.627412 -0.00636472 0.778661 384.738 0.0555036 0.997058 0.0528722 2.87334 -0.776707 0.0763912 -0.625212 -112.397 
-0.629685 -0.00667625 0.776822 386.806 0.0547443 0.997096 0.0529446 2.98357 -0.774919 0.075865 -0.627491 -114.013 
-0.632157 -0.0014162 0.774839 388.905 0.0598957 0.996917 0.0506883 3.07785 -0.772522 0.0784525 -0.630123 -115.678 
-0.634505 0.00497996 0.772902 390.935 0.0644375 0.996839 0.0464763 3.15696 -0.770228 0.0792934 -0.63282 -117.23 
-0.637006 0.00784685 0.770819 393.01 0.0655952 0.996873 0.0440599 3.23853 -0.768063 0.0786284 -0.635529 -118.9 
-0.640003 0.00785687 0.768332 395.137 0.0653195 0.996884 0.0442155 3.33129 -0.765591 0.0784851 -0.638522 -120.627 
-0.642513 0.00742271 0.766239 397.164 0.0664569 0.996725 0.0460704 3.40562 -0.763388 0.0805227 -0.640902 -122.274 
-0.644417 0.00637953 0.764647 399.332 0.0665569 0.996638 0.0477766 3.51293 -0.761772 0.0816807 -0.642675 -124.121 
-0.646025 0.00675382 0.763287 401.393 0.0668861 0.996615 0.0477921 3.61195 -0.76038 0.0819282 -0.64429 -125.824 
-0.647538 0.00695566 0.762001 403.295 0.0669368 0.996612 0.0477846 3.70883 -0.759088 0.0819483 -0.64581 -127.397 
-0.648937 0.0074341 0.760806 405.392 0.0675638 0.996565 0.0478913 3.81108 -0.757836 0.0824814 -0.64721 -129.091 
-0.650238 0.00665292 0.759701 407.248 0.0686656 0.996384 0.050046 3.86901 -0.756621 0.0847072 -0.648343 -130.634 
-0.651728 0.00601078 0.758429 409.244 0.0702802 0.996145 0.0524979 3.95897 -0.75519 0.0875169 -0.649638 -132.234 
-0.653462 0.00556766 0.756938 411.143 0.0717834 0.995922 0.0546448 4.04235 -0.753548 0.090044 -0.651197 -133.751 
-0.654914 0.00599879 0.755679 412.955 0.0711267 0.996019 0.0537357 4.1211 -0.752348 0.0889412 -0.652734 -135.271 
-0.656694 0.00603496 0.754133 414.891 0.0669146 0.99649 0.0502944 4.21551 -0.751182 0.0834906 -0.654793 -136.855 
-0.657867 0.00532722 0.753116 416.927 0.0639224 0.996762 0.0487872 4.3138 -0.750417 0.0802364 -0.656077 -138.596 
-0.658854 0.00457923 0.752257 418.887 0.0636625 0.996734 0.0496904 4.39461 -0.749572 0.0806293 -0.656994 -140.246 
-0.659521 0.00316789 0.75168 420.943 0.0613574 0.996881 0.0496334 4.49829 -0.749178 0.0788554 -0.657658 -142.012 
-0.66066 0.00240856 0.750681 422.918 0.0588809 0.99708 0.0486208 4.59008 -0.748372 0.0763226 -0.658873 -143.689 
-0.661548 0.00163717 0.749901 424.893 0.0574452 0.99717 0.0485 4.67747 -0.747699 0.0751633 -0.65977 -145.389 
-0.662018 0.000267575 0.749487 426.923 0.0579359 0.997026 0.0508184 4.78285 -0.747245 0.077065 -0.660065 -147.144 
-0.661471 -0.000727613 0.74997 428.89 0.0605481 0.996683 0.0543701 4.89272 -0.747523 0.0813736 -0.659233 -148.849 
-0.661388 -0.00246154 0.75004 430.969 0.0641822 0.996141 0.0598653 5.0043 -0.747293 0.0877334 -0.658677 -150.576 
-0.660054 -0.00335898 0.75121 432.93 0.0680145 0.995616 0.064213 5.12643 -0.748132 0.0934773 -0.656932 -152.27 
-0.658258 -0.00585458 0.752769 434.926 0.0620967 0.99614 0.0620477 5.25682 -0.750227 0.0875879 -0.655353 -153.972 
-0.657543 -0.00669446 0.753387 436.936 0.0544258 0.996926 0.0563604 5.38612 -0.751448 0.0780631 -0.655158 -155.646 
-0.655869 -0.00907026 0.75482 438.92 0.0494795 0.997261 0.0549766 5.48914 -0.753252 0.0734056 -0.653623 -157.341 
-0.653107 -0.00973342 0.757203 440.918 0.0475371 0.997418 0.0538231 5.57915 -0.755772 0.0711475 -0.650958 -159.026 
-0.649891 -0.00928284 0.759971 442.928 0.0491978 0.997314 0.0542535 5.69685 -0.758433 0.0726477 -0.647689 -160.731 
-0.647089 -0.00940739 0.762356 444.934 0.0498832 0.997259 0.0546469 5.79932 -0.760781 0.0733901 -0.644846 -162.368 
-0.644049 -0.00810967 0.764941 446.971 0.0483837 0.99751 0.0513123 5.91835 -0.763453 0.0700583 -0.642053 -164.074 
-0.642939 -0.0125995 0.765814 449.009 0.0417209 0.997804 0.051443 6.01423 -0.76478 0.0650251 -0.641001 -165.7 
-0.6417 -0.0183264 0.766737 451.075 0.033801 0.998067 0.0521445 6.1152 -0.76621 0.0593776 -0.63984 -167.365 
-0.641141 -0.0218751 0.767111 452.891 0.0265589 0.998362 0.0506671 6.19619 -0.766963 0.0528584 -0.63951 -168.868 
-0.64016 -0.0236229 0.767878 454.901 0.0235227 0.998456 0.0503266 6.2793 -0.767881 0.0502796 -0.638616 -170.517 
-0.639391 -0.0231159 0.768534 456.939 0.0262745 0.998307 0.0518864 6.37508 -0.768433 0.0533686 -0.637701 -172.15 
-0.637832 -0.0242361 0.769794 459.035 0.0277645 0.998131 0.0544299 6.48529 -0.769675 0.0560901 -0.635967 -173.837 
-0.636034 -0.0263757 0.77121 461.113 0.0263673 0.998089 0.0558807 6.60031 -0.77121 0.0558768 -0.634123 -175.519 
-0.634901 -0.0262619 0.772147 463.318 0.0246989 0.998221 0.0542597 6.72611 -0.772199 0.0535207 -0.633123 -177.319 
-0.633346 -0.0253232 0.773454 465.531 0.0238688 0.99835 0.0522314 6.84756 -0.773501 0.051542 -0.631696 -179.143 
-0.632697 -0.0237242 0.774036 467.617 0.0247784 0.998399 0.0508547 6.95361 -0.774003 0.051355 -0.631096 -180.772 
-0.631528 -0.0229284 0.775014 469.757 0.0271228 0.998298 0.0516354 7.06883 -0.774878 0.0536297 -0.629831 -182.457 
-0.630704 -0.0231466 0.775678 471.878 0.0288316 0.998166 0.0532287 7.17826 -0.775488 0.0559356 -0.62888 -184.129 
-0.629691 -0.0232324 0.776498 473.912 0.0290332 0.998151 0.0534083 7.28355 -0.776303 0.056175 -0.627852 -185.749 
-0.628852 -0.0243699 0.777143 475.646 0.0282164 0.998135 0.0541321 7.34402 -0.777013 0.0559692 -0.626991 -187.011 
-0.628704 -0.0246972 0.777253 477.492 0.0286059 0.998085 0.0548528 7.42872 -0.777119 0.0567202 -0.626793 -188.366 
-0.62793 -0.0256128 0.777848 479.564 0.0281818 0.998054 0.0556138 7.54301 -0.777759 0.0568428 -0.625987 -189.98 
-0.625916 -0.0246479 0.7795 481.058 0.0277712 0.998162 0.0538614 7.73061 -0.779396 0.0553604 -0.624081 -191.559 
-0.623735 -0.0237861 0.781273 482.676 0.026988 0.998285 0.0519391 7.93227 -0.781169 0.0534812 -0.622024 -193.318 
-0.62155 -0.0229189 0.783039 484.299 0.0261993 0.998405 0.0500186 8.1291 -0.782936 0.0516042 -0.619958 -195.073 
-0.620545 -0.0242422 0.783796 485.899 0.0254949 0.99837 0.0510635 8.23086 -0.783756 0.05167 -0.618916 -196.46 
-0.61904 -0.0248751 0.784965 487.751 0.0261522 0.998291 0.0522594 8.3664 -0.784924 0.0528792 -0.617332 -198.074 
-0.618641 -0.0256712 0.785254 489.187 0.025452 0.998287 0.0526872 8.37623 -0.785261 0.0525807 -0.616928 -199.308 
-0.618367 -0.0255202 0.785475 491.067 0.0254349 0.998299 0.0524585 8.43726 -0.785477 0.0524171 -0.616666 -200.822 
-0.618428 -0.0247217 0.785452 493.009 0.0264579 0.998283 0.0522522 8.49841 -0.785395 0.0530957 -0.616713 -202.366 
-0.617391 -0.0263291 0.786216 494.585 0.0258254 0.998223 0.0537087 8.55387 -0.786233 0.0534637 -0.615613 -203.924 
-0.615908 -0.0279299 0.787323 496.376 0.0258079 0.99812 0.0555968 8.49363 -0.787395 0.0545617 -0.614029 -205.627 
-0.614423 -0.0295327 0.788423 498.169 0.025794 0.998013 0.0574848 8.43804 -0.788555 0.0556566 -0.612441 -207.327 
-0.614394 -0.0295948 0.788444 500.137 0.024916 0.99807 0.056879 8.54442 -0.788606 0.054591 -0.612471 -208.796 
-0.613821 -0.0290522 0.78891 502.026 0.0249487 0.99811 0.0561676 8.62154 -0.789051 0.0541592 -0.611936 -210.279 
-0.613065 -0.028898 0.789503 503.77 0.0254244 0.998091 0.0562754 8.65367 -0.789623 0.0545731 -0.611161 -211.682 
-0.61262 -0.0294048 0.78983 505.411 0.0251972 0.998073 0.0567013 8.70112 -0.789976 0.0546378 -0.610699 -212.768 
-0.611446 -0.0297528 0.790726 506.899 0.0249747 0.998069 0.0568667 8.71946 -0.790892 0.0545191 -0.609523 -213.732 
-0.610272 -0.0301006 0.79162 508.389 0.0247524 0.998065 0.0570324 8.73813 -0.791805 0.0543998 -0.608346 -214.693 
-0.609371 -0.030819 0.792286 510.444 0.0244696 0.998037 0.0576428 8.86261 -0.792508 0.0545128 -0.607421 -216.257 
-0.609387 -0.0318927 0.792231 512.469 0.0242324 0.997975 0.0588148 8.96976 -0.792503 0.0550386 -0.60738 -217.783 
-0.607893 -0.0329145 0.793336 514.666 0.024702 0.997873 0.0603284 9.11528 -0.793634 0.0562702 -0.605787 -219.49 
-0.606165 -0.0332114 0.794645 516.943 0.0264163 0.997736 0.0618499 9.28033 -0.7949 0.0584828 -0.603915 -221.288 
-0.604434 -0.033513 0.79595 519.224 0.0281337 0.997594 0.0633674 9.44988 -0.796158 0.0606945 -0.602036 -223.082 
-0.603748 -0.0343698 0.796434 520.865 0.0278823 0.997548 0.0641853 9.57115 -0.796688 0.0609581 -0.601309 -224.48 
-0.603426 -0.0349268 0.796654 522.764 0.0275565 0.99753 0.0646062 9.68795 -0.796943 0.0609381 -0.600973 -225.924 
-0.602927 -0.0355167 0.797005 524.776 0.0268251 0.997541 0.064746 9.81563 -0.797345 0.0604169 -0.600492 -227.446 
-0.603104 -0.0350626 0.796891 526.484 0.026952 0.997567 0.06429 9.90033 -0.797207 0.0602514 -0.600692 -228.772 
-0.602762 -0.0360611 0.797105 528.488 0.0267356 0.997504 0.0653443 10.0386 -0.797473 0.0606982 -0.600294 -230.289 
-0.602774 -0.0376302 0.797024 530.516 0.0264056 0.997399 0.0670606 10.1713 -0.797475 0.0614683 -0.600212 -231.813 
-0.603349 -0.0389145 0.796527 532.694 0.0250441 0.997391 0.067698 10.3192 -0.797084 0.0607938 -0.600801 -233.394 
-0.604641 -0.0404843 0.795469 535.434 0.022608 0.997433 0.0679474 10.5697 -0.796177 0.0590678 -0.602173 -235.257 
-0.605927 -0.0420569 0.794408 538.171 0.0201714 0.997468 0.0681927 10.8213 -0.795264 0.0573441 -0.603545 -237.125 
-0.605657 -0.0417582 0.794629 539.996 0.0203713 0.997481 0.0679449 10.9504 -0.795465 0.057339 -0.603281 -238.528 
-0.605008 -0.0433705 0.795037 541.965 0.0212061 0.997283 0.0705407 11.0822 -0.795937 0.0595374 -0.602445 -240.013 
-0.60476 -0.0445133 0.795163 544.056 0.021786 0.997138 0.0723892 11.2324 -0.79611 0.0611016 -0.602059 -241.568 
-0.604992 -0.0435901 0.795037 546.12 0.0226272 0.997156 0.0718901 11.3795 -0.79591 0.0614824 -0.602285 -243.075 
-0.604937 -0.043 0.795111 548.201 0.0229214 0.997187 0.0713673 11.5364 -0.795943 0.0613979 -0.60225 -244.607 
-0.605743 -0.0419432 0.794554 550.232 0.0237005 0.997215 0.0707098 11.7144 -0.795307 0.0616633 -0.603062 -245.849 
-0.606138 -0.0418838 0.794256 552.165 0.0246543 0.997143 0.0713976 11.834 -0.794977 0.0628586 -0.603374 -247.123 
-0.605966 -0.0429685 0.794329 554.219 0.024867 0.997029 0.0729035 11.9818 -0.795102 0.0639297 -0.603097 -248.625 
-0.606148 -0.0444165 0.79411 556.27 0.0250626 0.996877 0.0748881 12.1326 -0.794957 0.0652957 -0.603142 -250.14 
-0.606331 -0.0458641 0.793889 558.321 0.0252576 0.996721 0.0768724 12.2885 -0.794811 0.0666618 -0.603184 -251.654 
-0.605484 -0.0454449 0.794559 559.992 0.0265151 0.996662 0.0772097 12.3983 -0.795416 0.0678171 -0.602258 -252.987 
-0.603924 -0.0447081 0.795787 561.489 0.0296314 0.996476 0.0784702 12.5127 -0.796491 0.0709703 -0.600471 -254.28 
-0.603543 -0.0459772 0.796003 563.251 0.0283104 0.996471 0.0790215 12.6052 -0.796827 0.0702281 -0.600112 -255.636 
-0.602838 -0.0473064 0.79646 564.968 0.0269172 0.996467 0.0795595 12.7423 -0.797409 0.0693999 -0.599435 -256.961 
-0.601677 -0.0478055 0.797307 566.666 0.0268397 0.996433 0.079999 12.91 -0.798288 0.0695331 -0.598248 -258.277 
-0.60113 -0.0467296 0.797783 568.949 0.0283375 0.996415 0.0797165 13.0818 -0.798648 0.0705273 -0.597651 -259.943 
-0.600657 -0.0457387 0.798197 570.801 0.0295539 0.99641 0.0793365 13.2181 -0.798961 0.0712438 -0.597148 -261.302 
-0.599882 -0.0464978 0.798736 572.933 0.0296993 0.996328 0.0803057 13.3865 -0.799537 0.0718959 -0.596298 -262.857 
-0.599245 -0.0475997 0.799149 575.051 0.0293812 0.996251 0.0813713 13.5581 -0.800026 0.0722414 -0.5956 -264.388 
-0.599549 -0.0465786 0.798981 576.871 0.0295734 0.996334 0.0802753 13.6652 -0.799791 0.0717575 -0.595974 -265.53 
-0.599459 -0.0470055 0.799024 578.339 0.028897 0.996352 0.0802937 13.7401 -0.799884 0.0712222 -0.595914 -266.399 
-0.599474 -0.0468167 0.799024 579.61 0.0291784 0.996346 0.0802696 13.8116 -0.799862 0.0714338 -0.595917 -267.125 
-0.599489 -0.0466279 0.799024 580.88 0.0294598 0.99634 0.0802455 13.883 -0.799841 0.0716454 -0.595921 -267.852 
-0.599504 -0.0464391 0.799023 582.151 0.0297413 0.996333 0.0802214 13.9544 -0.799819 0.071857 -0.595924 -268.578 
-0.599519 -0.0462503 0.799023 583.422 0.0300227 0.996327 0.0801973 14.0256 -0.799797 0.0720686 -0.595928 -269.305 
-0.599534 -0.0460614 0.799023 584.693 0.0303041 0.99632 0.0801732 14.0968 -0.799776 0.0722802 -0.595932 -270.032 
-0.599548 -0.0458726 0.799023 585.964 0.0305856 0.996313 0.0801491 14.1678 -0.799754 0.0724918 -0.595935 -270.758 
-0.599563 -0.0456837 0.799022 587.235 0.030867 0.996307 0.080125 14.2388 -0.799732 0.0727034 -0.595939 -271.485 
-0.599578 -0.0454949 0.799022 588.505 0.0311484 0.9963 0.0801009 14.3097 -0.79971 0.072915 -0.595942 -272.211 
-0.599592 -0.045306 0.799022 589.776 0.0314298 0.996293 0.0800768 14.3806 -0.799688 0.0731266 -0.595946 -272.938 
-0.599607 -0.0451172 0.799022 591.047 0.0317113 0.996286 0.0800527 14.4513 -0.799666 0.0733382 -0.595949 -273.665 
-0.599621 -0.0449283 0.799022 592.318 0.0319927 0.996279 0.0800286 14.522 -0.799644 0.0735497 -0.595953 -274.391 
-0.599504 -0.0437595 0.799174 593.997 0.0323732 0.996361 0.0788415 14.6292 -0.799717 0.0731376 -0.595906 -275.65 
-0.599131 -0.0437137 0.799457 595.603 0.0329914 0.996312 0.079202 14.7424 -0.799971 0.0738276 -0.595479 -276.912 
-0.598129 -0.0432343 0.800233 597.092 0.034084 0.996268 0.0793012 14.8634 -0.800675 0.0747075 -0.594423 -278.166 
-0.598054 -0.0445745 0.800216 599.104 0.0337437 0.996166 0.0807084 15.0154 -0.800745 0.0752702 -0.594257 -279.567 
-0.598061 -0.0449362 0.80019 601.258 0.0337238 0.996132 0.0811446 15.2029 -0.800741 0.0755148 -0.594232 -281.121 
-0.597899 -0.0444443 0.800338 603.42 0.0336416 0.99619 0.0804524 15.3881 -0.800865 0.0750271 -0.594126 -282.696 
-0.597666 -0.0438111 0.800548 605.537 0.0334628 0.996273 0.0795047 15.5643 -0.801047 0.0743058 -0.593972 -284.201 
-0.597655 -0.0409033 0.800709 607.588 0.0367166 0.996254 0.0782978 15.7061 -0.800912 0.0761944 -0.593914 -285.613 
-0.596818 -0.041323 0.801311 609.663 0.0369026 0.996202 0.0788585 15.8671 -0.801527 0.0766347 -0.593027 -287.137 
-0.595504 -0.0429742 0.802202 611.738 0.0356367 0.996172 0.0798196 16.021 -0.802562 0.0761208 -0.591693 -288.659 
-0.595517 -0.0433557 0.802172 613.815 0.0351087 0.996184 0.0799056 16.1699 -0.802575 0.0757483 -0.591722 -290.103 
-0.595138 -0.0426279 0.802492 615.793 0.0345993 0.996307 0.0785824 16.3256 -0.802878 0.074533 -0.591465 -291.563 
-0.59424 -0.0428705 0.803144 617.699 0.0348902 0.996264 0.0789938 16.4705 -0.803531 0.0749632 -0.590524 -292.97 
-0.59424 -0.0430271 0.803136 619.712 0.035553 0.996187 0.0796751 16.6095 -0.803501 0.0759 -0.590444 -294.307 
-0.593943 -0.0430877 0.803352 621.859 0.035857 0.996155 0.0799389 16.7827 -0.803707 0.076285 -0.590114 -295.826 
-0.592447 -0.0422444 0.804501 623.995 0.0361672 0.996223 0.0789458 16.9531 -0.804797 0.0758678 -0.588681 -297.86 
-0.591926 -0.0403477 0.804981 626.261 0.0374622 0.996289 0.0774836 17.153 -0.805121 0.0760209 -0.588219 -299.694 
-0.591404 -0.037654 0.805495 628.422 0.0404292 0.996268 0.0762556 17.3729 -0.805361 0.0776635 -0.587675 -301.539 
