1 -4.23778e-08 4.22719e-08 0 -4.23778e-08 1 -4.19404e-08 0 4.22719e-08 -4.19404e-08 1 0 
0.999996 -0.00231708 -0.00143478 -0.0151623 0.00232112 0.999993 0.00288466 -0.0149095 0.00142817 -0.00288806 0.999995 1.56064 
0.999991 -0.00300872 -0.00288346 -0.037921 0.00301972 0.999988 0.00385028 -0.03915 0.00287193 -0.00385903 0.999988 3.08817 
0.999989 -0.00196605 -0.00427142 -0.0705996 0.00198094 0.999992 0.00350532 -0.0513118 0.00426458 -0.00351383 0.999985 4.59494 
0.999983 -0.00122582 -0.00560894 -0.106069 0.00124495 0.999993 0.0034227 -0.0679099 0.00560479 -0.00342971 0.999978 6.09971 
0.999973 -0.00130457 -0.00717138 -0.132202 0.0013305 0.999992 0.00362297 -0.0834841 0.00716669 -0.0036325 0.999968 7.60707 
0.999962 -0.00129826 -0.00862152 -0.170691 0.00133243 0.999991 0.00396856 -0.101056 0.00861638 -0.00397998 0.999955 9.11718 
0.99994 -0.00335711 -0.010466 -0.203834 0.00339207 0.999989 0.00333313 -0.12045 0.0104548 -0.00336851 0.99994 10.6316 
0.999918 -0.00492695 -0.0117813 -0.249603 0.00496857 0.999981 0.00351347 -0.134079 0.0117639 -0.0035718 0.999924 12.1346 
0.999905 -0.0044842 -0.0130384 -0.291019 0.00452841 0.999984 0.00336991 -0.148571 0.0130232 -0.00342872 0.999909 13.6356 
0.999889 -0.00418247 -0.0143 -0.327722 0.00423268 0.999985 0.00348915 -0.166312 0.0142853 -0.00354937 0.999892 15.1262 
0.999885 -0.00265357 -0.014923 -0.373273 0.00271346 0.999988 0.00399984 -0.182718 0.0149123 -0.00403996 0.999881 16.6248 
0.999878 -0.00118614 -0.0155888 -0.416311 0.00125947 0.999988 0.00470022 -0.196307 0.0155831 -0.00471936 0.999867 18.0992 
0.999869 -0.000444596 -0.0162051 -0.462856 0.000535333 0.999984 0.0056006 -0.214442 0.0162024 -0.00560862 0.999853 19.5495 
0.999858 -0.000851456 -0.0168018 -0.502515 0.000943139 0.999985 0.00545452 -0.227362 0.016797 -0.00546968 0.999844 21.0365 
0.999844 -2.0913e-05 -0.017647 -0.54045 0.000116053 0.999985 0.00539501 -0.236462 0.0176467 -0.0053963 0.99983 22.5166 
0.999837 0.000903989 -0.0180137 -0.580384 -0.000798968 0.999983 0.0058411 -0.245174 0.0180187 -0.00582585 0.999821 23.9816 
0.999833 0.00180735 -0.0181685 -0.624252 -0.00167725 0.999973 0.00717782 -0.258648 0.0181811 -0.00714624 0.999809 25.431 
0.999831 0.00143707 -0.0183306 -0.664126 -0.00132955 0.999982 0.00588093 -0.273976 0.0183388 -0.00585565 0.999815 26.8886 
0.999828 0.00167446 -0.0184668 -0.71158 -0.00160245 0.999991 0.00391842 -0.289416 0.0184732 -0.00388824 0.999822 28.3348 
0.999836 -0.000279572 -0.0181125 -0.763327 0.000345149 0.999993 0.00362217 -0.297908 0.0181115 -0.00362791 0.999829 29.751 
0.999838 -0.00103317 -0.017948 -0.807641 0.00114785 0.999979 0.00638541 -0.312123 0.0179411 -0.00640506 0.999818 31.1927 
0.999833 -0.00231935 -0.0181338 -0.848947 0.0024575 0.999968 0.00760422 -0.325917 0.0181157 -0.0076476 0.999807 32.6142 
0.999836 -0.00300743 -0.0178414 -0.900078 0.00313341 0.99997 0.00704173 -0.338215 0.0178198 -0.00709657 0.999816 34.0313 
0.999839 -0.00305876 -0.017656 -0.938201 0.00315187 0.999981 0.00525275 -0.349994 0.0176397 -0.00530764 0.99983 35.4214 
0.999853 -0.00206171 -0.0170318 -0.987189 0.00213683 0.999988 0.00439868 -0.362263 0.0170226 -0.00443451 0.999845 36.8011 
0.999868 -0.00131235 -0.0161802 -1.03419 0.00136847 0.999993 0.0034635 -0.37987 0.0161756 -0.00348527 0.999863 38.1598 
0.999891 -0.000572934 -0.014715 -1.08462 0.000639931 0.999989 0.00455438 -0.399468 0.0147124 -0.00456338 0.999881 39.5157 
0.999911 -0.000284164 -0.0133688 -1.1159 0.000371567 0.999978 0.00654205 -0.411354 0.0133668 -0.00654651 0.999889 40.8625 
0.999932 -0.00073859 -0.0116413 -1.15175 0.000826924 0.999971 0.00759217 -0.428218 0.0116354 -0.00760136 0.999903 42.1813 
0.999956 -9.28666e-05 -0.00942364 -1.17825 0.000169877 0.999966 0.00818045 -0.438726 0.00942265 -0.00818177 0.999922 43.4668 
0.999981 -0.000501847 -0.00607326 -1.20505 0.00054831 0.99997 0.00766517 -0.454794 0.00606932 -0.00766844 0.999952 44.7412 
0.999996 -0.000947436 -0.00250694 -1.22759 0.000961907 0.999983 0.00581121 -0.468884 0.00250148 -0.00581368 0.99998 45.9854 
0.999999 -0.00103726 0.000927393 -1.24632 0.00103348 0.999991 0.00397034 -0.481432 -0.000931419 -0.00396946 0.999992 47.2332 
0.999987 -0.000725281 0.00505081 -1.26074 0.000701956 0.999989 0.00460143 -0.495936 -0.00505401 -0.00459791 0.999977 48.4583 
0.999945 -0.000288883 0.0104653 -1.26762 0.000243218 0.99999 0.0043563 -0.508563 -0.0104664 -0.0043536 0.999936 49.6692 
0.999857 0.00145797 0.0168186 -1.2644 -0.00151526 0.999993 0.00338934 -0.521093 -0.0168134 -0.00341443 0.999853 50.8651 
0.9997 0.00288704 0.0243165 -1.25862 -0.00297067 0.99999 0.00340057 -0.534157 -0.0243063 -0.00347187 0.999698 52.0619 
0.999461 0.00382197 0.032592 -1.23911 -0.003967 0.999982 0.00438376 -0.549311 -0.0325746 -0.00451078 0.999459 53.2432 
0.999069 0.00594595 0.0427202 -1.20337 -0.00616401 0.999969 0.00497244 -0.562973 -0.0426892 -0.00523122 0.999075 54.4206 
0.99842 0.00830367 0.0555763 -1.16029 -0.00859612 0.99995 0.00502355 -0.576902 -0.0555318 -0.00549343 0.998442 55.5868 
0.997473 0.0104659 0.0702734 -1.0993 -0.0108717 0.999926 0.00539387 -0.587928 -0.0702117 -0.00614432 0.997513 56.7379 
0.996175 0.0126802 0.0864561 -1.02459 -0.0132887 0.999891 0.0064653 -0.600372 -0.0863646 -0.00758953 0.996235 57.8698 
0.994466 0.01286 0.104266 -0.924086 -0.0136907 0.99988 0.00725395 -0.612537 -0.10416 -0.00864135 0.994523 58.9991 
0.992277 0.0125185 0.123406 -0.809163 -0.0134 0.99989 0.00631548 -0.624118 -0.123313 -0.00792043 0.992336 60.0915 
0.989585 0.0114762 0.143493 -0.66714 -0.0123706 0.999909 0.00534229 -0.635465 -0.143419 -0.00706182 0.989637 61.1825 
0.986327 0.00873852 0.164569 -0.504352 -0.00971159 0.99994 0.00510863 -0.647071 -0.164514 -0.00663708 0.986352 62.2483 
0.98254 0.00362022 0.186017 -0.313817 -0.00508232 0.99996 0.00738333 -0.660577 -0.185982 -0.00819989 0.982519 63.3103 
0.977933 -0.00203813 0.208911 -0.0934315 0.000191518 0.999961 0.00885865 -0.671577 -0.20892 -0.00862322 0.977895 64.3507 
0.97254 -0.00686109 0.232634 0.14789 0.00504093 0.999952 0.00841737 -0.680956 -0.23268 -0.00701362 0.972528 65.3769 
0.966168 -0.0129897 0.257585 0.410462 0.0116401 0.999909 0.00676358 -0.689618 -0.25765 -0.00353652 0.966232 66.3709 
0.958763 -0.0165893 0.283723 0.696535 0.0151216 0.999858 0.0073621 -0.697381 -0.283805 -0.00276824 0.958878 67.3491 
0.950253 -0.0192722 0.310881 1.00468 0.0171004 0.999807 0.00971011 -0.705503 -0.311008 -0.00391095 0.950399 68.3134 
0.94079 -0.0237339 0.338159 1.34365 0.0207013 0.999707 0.0125719 -0.710459 -0.338358 -0.00482722 0.941005 69.2557 
0.929934 -0.0267647 0.366751 1.69846 0.0238909 0.999638 0.0123735 -0.718148 -0.36695 -0.00274459 0.930237 70.1749 
0.918036 -0.0263476 0.395621 2.0748 0.0250102 0.999651 0.00853853 -0.725945 -0.395707 0.0020558 0.918374 71.0674 
0.905093 -0.0275435 0.42432 2.48129 0.0289298 0.999576 0.00317586 -0.730394 -0.424228 0.00940101 0.905506 71.9404 
0.891012 -0.0294393 0.453025 2.90974 0.0325545 0.999469 0.000920741 -0.738332 -0.452812 0.0139276 0.891497 72.7959 
0.875479 -0.0300807 0.48232 3.3667 0.0319728 0.999479 0.00429882 -0.751119 -0.482198 0.0116575 0.875985 73.6418 
0.857897 -0.0289483 0.513006 3.84837 0.0276868 0.999565 0.0101037 -0.761704 -0.513076 0.00553553 0.858325 74.4687 
0.838376 -0.0290558 0.544317 4.3545 0.0256729 0.999575 0.0138152 -0.771141 -0.544487 0.00239178 0.838766 75.2745 
0.817423 -0.0228889 0.575582 4.88241 0.021633 0.999725 0.00903303 -0.776999 -0.575631 0.00506768 0.817694 76.0512 
0.795547 -0.0159154 0.605683 5.43288 0.0185082 0.999827 0.00196202 -0.779389 -0.605609 0.00964916 0.795704 76.7934 
0.77325 -0.0134653 0.633958 6.01414 0.0174912 0.999847 -9.77883e-05 -0.785305 -0.63386 0.0111643 0.773367 77.5137 
0.750164 -0.0160105 0.661058 6.62392 0.0185573 0.999823 0.00315639 -0.798136 -0.660991 0.00989963 0.750328 78.2067 
0.725784 -0.0162868 0.68773 7.24207 0.0187625 0.999816 0.00387674 -0.812452 -0.687667 0.0100898 0.725956 78.8698 
0.700698 -0.0145493 0.713309 7.88785 0.0195654 0.999808 0.00117339 -0.82379 -0.713189 0.013134 0.700848 79.506 
0.674642 -0.0121648 0.738045 8.54489 0.0195202 0.999808 -0.0013641 -0.830501 -0.737887 0.015327 0.67475 80.1141 
0.647684 -0.00959942 0.761849 9.22223 0.017542 0.999843 -0.00231519 -0.842854 -0.761707 0.0148638 0.647751 80.7034 
0.619756 -0.00827738 0.784751 9.92272 0.0176449 0.999838 -0.00338913 -0.857188 -0.784596 0.0159473 0.619802 81.2682 
0.591162 -0.0016377 0.806551 10.6488 0.0161485 0.999821 -0.009806 -0.873251 -0.806391 0.0188215 0.591083 81.809 
0.561282 0.00767791 0.827589 11.3886 0.0149295 0.9997 -0.0194002 -0.892062 -0.82749 0.0232444 0.561 82.323 
0.530592 0.0161183 0.847474 12.1568 0.013436 0.999534 -0.0274225 -0.915723 -0.847521 0.0259368 0.530127 82.8126 
0.49888 0.0210959 0.866414 12.9499 0.0110223 0.999468 -0.0306823 -0.943303 -0.866601 0.0248566 0.498382 83.2813 
0.466599 0.0206176 0.884229 13.7626 0.00907563 0.999564 -0.0280961 -0.976649 -0.884422 0.0211345 0.466209 83.7212 
0.433103 0.0192809 0.901138 14.5982 0.00396569 0.999721 -0.0232962 -1.02087 -0.901336 0.0136633 0.432905 84.15 
0.398944 0.0204372 0.916747 15.4478 -0.000182772 0.999753 -0.0222082 -1.05501 -0.916975 0.00869226 0.398849 84.5316 
0.363924 0.0236242 0.931129 16.3118 -0.00751997 0.99972 -0.0224255 -1.08401 -0.931398 0.0011591 0.364 84.8889 
0.328226 0.025531 0.944254 17.1967 -0.0125763 0.999664 -0.0226577 -1.11287 -0.944515 -0.00443838 0.328437 85.2174 
0.292266 0.0248676 0.956014 18.096 -0.0151284 0.999657 -0.0213779 -1.14154 -0.956217 -0.00821496 0.292542 85.5072 
0.256127 0.0244762 0.966333 19.0158 -0.0160151 0.99965 -0.0210754 -1.17062 -0.96651 -0.010078 0.256429 85.7636 
0.22029 0.024079 0.975137 19.946 -0.0154661 0.999656 -0.0211906 -1.19841 -0.975312 -0.0104134 0.220587 85.9812 
0.184888 0.0227885 0.982495 20.8865 -0.0133406 0.999697 -0.0206771 -1.22478 -0.982669 -0.00928419 0.185136 86.1654 
0.150524 0.0217958 0.988366 21.8512 -0.00524617 0.99976 -0.0212482 -1.25291 -0.988592 -0.00198679 0.150602 86.3094 
0.117119 0.0251834 0.992798 22.8256 -0.0028737 0.999683 -0.0250191 -1.28458 -0.993114 7.72154e-05 0.117155 86.4225 
0.0844903 0.0302162 0.995966 23.7991 -0.00213576 0.999543 -0.0301437 -1.31733 -0.996422 0.000419696 0.0845162 86.5094 
0.0554798 0.0338675 0.997885 24.7599 0.00477492 0.999404 -0.0341846 -1.35458 -0.998448 0.00666137 0.055285 86.5637 
0.0299508 0.0320923 0.999036 25.747 0.00678815 0.999455 -0.0323094 -1.39102 -0.999528 0.00774929 0.0297167 86.5993 
0.00747996 0.0290543 0.99955 26.7304 0.00848002 0.99954 -0.0291176 -1.43013 -0.999936 0.008694 0.00723013 86.618 
-0.0113165 0.0265172 0.999584 27.7165 0.00880367 0.999612 -0.0264183 -1.46857 -0.999897 0.00850105 -0.0115455 86.6132 
-0.0277005 0.0296477 0.999176 28.7066 0.0107021 0.999511 -0.029361 -1.50355 -0.999559 0.00988002 -0.0280043 86.5901 
-0.0424856 0.0339945 0.998518 29.6931 0.0138746 0.999345 -0.0334324 -1.54242 -0.999001 0.0124337 -0.0429294 86.556 
-0.0545248 0.0389278 0.997753 30.682 0.0187126 0.999104 -0.037958 -1.58624 -0.998337 0.0166009 -0.0552044 86.5047 
-0.062978 0.0422747 0.997119 31.6679 0.0253115 0.998849 -0.0407495 -1.63516 -0.997694 0.0226723 -0.0639755 86.4391 
-0.0688863 0.0476397 0.996486 32.6709 0.0292073 0.998527 -0.0457182 -1.68505 -0.997197 0.0259554 -0.0701763 86.3702 
-0.0724155 0.0524012 0.995997 33.6717 0.0313337 0.998245 -0.0502414 -1.7385 -0.996882 0.02757 -0.0739303 86.3023 
-0.0750088 0.0563161 0.995591 34.6749 0.0336209 0.997979 -0.0539182 -1.79915 -0.996616 0.0294283 -0.0767506 86.2289 
-0.0777394 0.0594071 0.995202 35.6777 0.0339919 0.997801 -0.0569071 -1.85721 -0.996394 0.0294049 -0.0795878 86.162 
-0.0799226 0.0628761 0.994816 36.6915 0.035193 0.997564 -0.0602225 -1.92529 -0.99618 0.0301974 -0.0819408 86.0843 
-0.0817678 0.0666354 0.994421 37.7052 0.0366926 0.997287 -0.0638104 -1.99235 -0.995976 0.0312703 -0.083991 86.0093 
-0.084068 0.0678257 0.994149 38.7235 0.0389977 0.99714 -0.0647321 -2.06813 -0.995697 0.0333277 -0.0864727 85.9288 
-0.0860834 0.0667505 0.994049 39.7394 0.0391766 0.997208 -0.06357 -2.13754 -0.995517 0.0334711 -0.0884581 85.85 
-0.0882662 0.0663975 0.993881 40.7698 0.0384253 0.99726 -0.0632107 -2.20985 -0.995355 0.0326109 -0.0905757 85.7641 
-0.0905358 0.0676988 0.993589 41.7851 0.0388176 0.997168 -0.0644057 -2.28572 -0.995136 0.0327377 -0.0929074 85.6855 
-0.0930657 0.0699459 0.9932 42.8089 0.0374999 0.997068 -0.0667046 -2.3568 -0.994953 0.031037 -0.0954158 85.6064 
-0.0958196 0.0723055 0.992769 43.8482 0.0355104 0.996972 -0.0691843 -2.43216 -0.994765 0.0286245 -0.0980971 85.5182 
-0.0982543 0.0760131 0.992254 44.9015 0.0330138 0.996779 -0.0730907 -2.50862 -0.994614 0.0255767 -0.100447 85.4302 
-0.100543 0.080183 0.991696 45.9365 0.0297714 0.996543 -0.0775566 -2.59337 -0.994487 0.0217264 -0.102583 85.3394 
-0.103184 0.0825579 0.99123 46.9782 0.0274684 0.996406 -0.0801297 -2.68181 -0.994283 0.0189594 -0.105081 85.2463 
-0.105967 0.0809876 0.991066 48.0145 0.0254733 0.996572 -0.0787139 -2.7699 -0.994043 0.0169047 -0.107666 85.1527 
-0.108747 0.0768875 0.991091 49.062 0.0223164 0.996942 -0.0748927 -2.85615 -0.993819 0.0139732 -0.11013 85.0545 
-0.11119 0.0753801 0.990936 50.1149 0.0222629 0.997058 -0.0733478 -2.9408 -0.99355 0.0139055 -0.112541 84.9512 
-0.113277 0.0757243 0.990674 51.1525 0.021516 0.997044 -0.0737511 -3.03138 -0.99333 0.0129611 -0.114571 84.8472 
-0.114583 0.0783509 0.990319 52.1978 0.022899 0.996828 -0.0762165 -3.11719 -0.99315 0.0139442 -0.116014 84.739 
-0.115314 0.081112 0.990012 53.256 0.0232683 0.996608 -0.0789422 -3.20426 -0.993056 0.0139327 -0.11681 84.6258 
-0.115648 0.081693 0.989925 54.3141 0.022016 0.996578 -0.0796701 -3.29558 -0.993046 0.0125805 -0.11705 84.5157 
-0.115529 0.0803408 0.99005 55.3755 0.0190474 0.996719 -0.0786595 -3.38634 -0.993121 0.00977042 -0.11668 84.4123 
-0.115487 0.07974 0.990103 56.4463 0.0153321 0.996797 -0.0784908 -3.47588 -0.993191 0.00611571 -0.116339 84.3003 
-0.115694 0.0809909 0.989977 57.5195 0.0114288 0.996713 -0.0802064 -3.56708 -0.993219 0.0020348 -0.11624 84.1963 
-0.115907 0.0812233 0.989933 58.5951 0.00735681 0.996694 -0.0809167 -3.65667 -0.993233 -0.00209608 -0.116122 84.0893 
-0.116066 0.0806002 0.989966 59.6742 0.00420265 0.996733 -0.0806586 -3.7521 -0.993233 -0.0052012 -0.116025 83.9841 
-0.116578 0.075437 0.990312 60.7731 0.00460988 0.997142 -0.0754146 -3.84316 -0.993171 -0.0042265 -0.116593 83.8783 
-0.117033 0.0667654 0.990881 61.8731 0.00786381 0.997769 -0.0663008 -3.92701 -0.993097 3.2746e-05 -0.117297 83.7646 
-0.116657 0.0612076 0.991284 62.9813 0.0135864 0.998104 -0.0600299 -4.01156 -0.993079 0.00646506 -0.117268 83.6368 
-0.115814 0.0634524 0.991242 64.0788 0.0218902 0.997878 -0.0613197 -4.08572 -0.99303 0.0145968 -0.116957 83.5094 
-0.114647 0.0691942 0.990993 65.178 0.0272603 0.997415 -0.0664889 -4.15906 -0.993032 0.0193921 -0.116237 83.3852 
-0.113575 0.0746435 0.990721 66.2818 0.0309524 0.996955 -0.0715649 -4.2425 -0.993047 0.0225372 -0.11554 83.2611 
-0.112943 0.0787397 0.990477 67.3922 0.0317886 0.996631 -0.0756042 -4.33529 -0.993093 0.0229469 -0.115065 83.1413 
-0.112556 0.0763333 0.990709 68.5323 0.0292656 0.996867 -0.0734829 -4.42021 -0.993214 0.0207227 -0.114438 83.0207 
-0.112343 0.0716069 0.991086 69.6708 0.0282294 0.997227 -0.0688508 -4.51059 -0.993268 0.0202428 -0.114053 82.9039 
-0.112237 0.069355 0.991258 70.7996 0.0258481 0.997427 -0.06686 -4.59801 -0.993345 0.018118 -0.113741 82.7926 
-0.112144 0.0702272 0.991207 71.9269 0.0240636 0.997399 -0.0679435 -4.67782 -0.9934 0.0162326 -0.113543 82.6831 
-0.111783 0.0753716 0.99087 73.0617 0.0251134 0.997015 -0.073006 -4.76369 -0.993415 0.0167233 -0.113342 82.5636 
-0.111015 0.0778464 0.990765 74.199 0.024799 0.996834 -0.0755446 -4.85555 -0.993509 0.0161834 -0.112594 82.447 
-0.11071 0.0768605 0.990876 75.344 0.0250579 0.996904 -0.0745285 -4.94428 -0.993537 0.0165783 -0.112293 82.3342 
-0.109778 0.0699999 0.991488 76.5001 0.0268346 0.997362 -0.0674435 -5.03384 -0.993594 0.0192023 -0.111367 82.211 
-0.109993 0.0683261 0.991581 77.6588 0.0261415 0.997488 -0.0658334 -5.12443 -0.993588 0.0186802 -0.111503 82.0853 
-0.109573 0.0713988 0.991411 78.8028 0.0235414 0.997323 -0.0692228 -5.20668 -0.9937 0.0157543 -0.11096 81.9786 
-0.109147 0.0742943 0.991245 79.976 0.0231423 0.997123 -0.0721867 -5.29706 -0.993756 0.0150608 -0.110552 81.8631 
-0.108954 0.0736695 0.991313 81.1357 0.022387 0.997179 -0.0716449 -5.38769 -0.993795 0.0143866 -0.110296 81.7409 
-0.108713 0.0700853 0.991599 82.3121 0.021829 0.997439 -0.0681049 -5.47888 -0.993833 0.0142417 -0.109965 81.6255 
-0.107714 0.0689773 0.991786 83.5059 0.0225382 0.997503 -0.0669273 -5.56359 -0.993926 0.0151441 -0.109 81.5066 
-0.106591 0.0693826 0.991879 84.6928 0.0238836 0.997453 -0.067206 -5.65237 -0.994016 0.0165261 -0.107977 81.3891 
-0.105696 0.0694903 0.991967 85.8832 0.0264658 0.997398 -0.0670509 -5.73952 -0.994046 0.0191662 -0.10726 81.2756 
-0.10458 0.0690348 0.992117 87.0805 0.0262421 0.997432 -0.0666385 -5.82389 -0.99417 0.0190662 -0.106123 81.1612 
-0.10319 0.0699353 0.9922 88.2861 0.0275088 0.997344 -0.067437 -5.90546 -0.994281 0.0203354 -0.10484 81.0488 
-0.102225 0.0680921 0.992428 89.4994 0.0275196 0.997466 -0.0656032 -5.99393 -0.994381 0.020605 -0.10384 80.9411 
-0.101016 0.067371 0.992601 90.7205 0.025998 0.997543 -0.0650607 -6.07985 -0.994545 0.0192335 -0.102519 80.8303 
-0.0995652 0.0666029 0.992799 91.9368 0.0273313 0.997564 -0.0641817 -6.1664 -0.994656 0.0207442 -0.101143 80.7193 
-0.0977757 0.0674964 0.992917 93.1608 0.0252474 0.997545 -0.0653249 -6.25257 -0.994888 0.0186814 -0.0992397 80.6142 
-0.0964517 0.0701308 0.992864 94.386 0.0256683 0.997358 -0.0679548 -6.34 -0.995007 0.0189308 -0.097997 80.513 
-0.0953468 0.068987 0.993051 95.6175 0.0236871 0.99747 -0.0670198 -6.42764 -0.995162 0.0171324 -0.0967397 80.4116 
-0.0949292 0.0674398 0.993197 96.847 0.0199997 0.99763 -0.0658293 -6.51992 -0.995283 0.0136145 -0.0960531 80.3119 
-0.0948557 0.0685872 0.993125 98.0817 0.0176412 0.997583 -0.0672102 -6.60562 -0.995335 0.0111446 -0.0958364 80.2121 
-0.0951323 0.0682356 0.993123 99.3297 0.0147394 0.997635 -0.0671338 -6.69064 -0.995355 0.00825145 -0.095913 80.1107 
-0.0961113 0.0658202 0.993192 100.577 0.0120746 0.997815 -0.0649582 -6.77967 -0.995297 0.00574921 -0.0966961 80.0101 
-0.0975582 0.0643612 0.993146 101.837 0.00970072 0.997921 -0.0637178 -6.87051 -0.995182 0.00341805 -0.0979797 79.9081 
-0.0988401 0.0637399 0.99306 103.106 0.00806008 0.997965 -0.0632526 -6.95805 -0.995071 0.00175225 -0.0991527 79.7991 
-0.100385 0.0639512 0.992891 104.361 0.00813358 0.997951 -0.0634549 -7.04709 -0.994915 0.00170582 -0.1007 79.6896 
-0.101993 0.0628808 0.992796 105.612 0.00773285 0.99802 -0.0624173 -7.12435 -0.994755 0.00131102 -0.102277 79.5662 
-0.104996 0.0582988 0.992762 106.877 0.0053829 0.998299 -0.0580547 -7.2112 -0.994458 -0.00075159 -0.105132 79.4484 
-0.109344 0.0580968 0.992305 108.129 0.00489403 0.99831 -0.0579092 -7.2978 -0.993992 -0.00147567 -0.109444 79.3306 
-0.115082 0.0640834 0.991287 109.359 0.000121623 0.997918 -0.064498 -7.38075 -0.993356 -0.00730199 -0.11485 79.2154 
-0.121772 0.0673411 0.990271 110.59 0.00106303 0.997704 -0.0677159 -7.46451 -0.992557 -0.00719321 -0.121564 79.0788 
-0.130748 0.0633024 0.989392 111.844 0.00262115 0.997978 -0.0635054 -7.55848 -0.991412 -0.00570988 -0.13065 78.9301 
-0.141433 0.0609885 0.988067 113.099 0.00468771 0.99813 -0.0609387 -7.65243 -0.989937 -0.00398697 -0.141455 78.7636 
-0.154475 0.0619151 0.986055 114.329 0.00529551 0.998072 -0.0618401 -7.73814 -0.987982 -0.00433108 -0.154505 78.5864 
-0.168419 0.0620456 0.983761 115.545 0.00772451 0.998069 -0.0616257 -7.82399 -0.985685 -0.00277988 -0.168573 78.3905 
-0.182677 0.0597592 0.981355 116.756 0.00862078 0.99821 -0.0591809 -7.91333 -0.983135 -0.00235095 -0.182865 78.178 
-0.198293 0.062287 0.978162 117.955 0.0127614 0.998058 -0.0609671 -7.99893 -0.98006 0.000393381 -0.198703 77.9493 
-0.213343 0.0654759 0.974781 119.133 0.0130712 0.997854 -0.0641649 -8.08489 -0.97689 -0.000947527 -0.213741 77.7051 
-0.228405 0.0691841 0.971105 120.302 0.0130693 0.9976 -0.0679978 -8.1777 -0.973478 -0.00283938 -0.228761 77.4489 
-0.244506 0.0669786 0.967332 121.481 0.00948708 0.997729 -0.0666854 -8.27129 -0.969601 -0.0071278 -0.244586 77.1736 
-0.260179 0.0614207 0.963605 122.662 0.00385317 0.998033 -0.0625748 -8.35949 -0.965553 -0.0125677 -0.259904 76.8776 
-0.27588 0.057553 0.959467 123.835 3.12736e-05 0.998206 -0.0598678 -8.4443 -0.961192 -0.0164863 -0.275387 76.5679 
-0.290961 0.0591407 0.954905 124.998 -0.00168373 0.998054 -0.0623262 -8.52769 -0.956733 -0.0197423 -0.290295 76.2392 
-0.305246 0.0612392 0.950302 126.162 -0.00185999 0.99789 -0.0649034 -8.61061 -0.952272 -0.021579 -0.304488 75.8818 
-0.319015 0.0633214 0.945632 127.309 -0.000373138 0.997757 -0.0669377 -8.70222 -0.947749 -0.021707 -0.318276 75.5109 
-0.332975 0.0633313 0.940806 128.443 0.00204573 0.997788 -0.0664431 -8.79332 -0.942933 -0.0201992 -0.332368 75.1198 
-0.347133 0.0614036 0.935804 129.583 0.00188998 0.997898 -0.064777 -8.88231 -0.937814 -0.0207175 -0.346519 74.7164 
-0.361637 0.060176 0.930375 130.71 0.00170545 0.997956 -0.0638842 -8.97146 -0.932318 -0.0215161 -0.361 74.298 
-0.376324 0.0616835 0.924432 131.824 0.000287708 0.997789 -0.0664612 -9.05703 -0.926488 -0.024745 -0.37551 73.8636 
-0.391264 0.0640631 0.918046 132.925 0.00119083 0.997608 -0.0691077 -9.14061 -0.920278 -0.0259461 -0.390404 73.4159 
-0.405891 0.0657459 0.911553 134.03 0.00232517 0.99748 -0.0709081 -9.23132 -0.913918 -0.0266614 -0.405021 72.9442 
-0.420482 0.0684427 0.904715 135.117 0.00500622 0.99731 -0.073121 -9.32446 -0.907287 -0.0262169 -0.419694 72.4535 
-0.435236 0.0718151 0.897448 136.207 0.00476756 0.996983 -0.077468 -9.42304 -0.900304 -0.0294382 -0.434265 71.9431 
-0.450391 0.074089 0.889752 137.29 0.00584796 0.996774 -0.0800405 -9.5204 -0.892812 -0.0308463 -0.449371 71.4114 
-0.465503 0.0717983 0.882129 138.382 0.00499695 0.996901 -0.078503 -9.61852 -0.885032 -0.0321354 -0.46442 70.8562 
-0.481631 0.0672783 0.873788 139.466 0.00173597 0.99712 -0.0758176 -9.72202 -0.876372 -0.0349993 -0.480361 70.2896 
-0.497718 0.0673617 0.864719 140.545 0.00149735 0.997045 -0.0768081 -9.82587 -0.867338 -0.036934 -0.496348 69.6937 
-0.513921 0.0666449 0.855245 141.613 0.000113049 0.996983 -0.077622 -9.91998 -0.857838 -0.0397948 -0.512378 69.0821 
-0.529703 0.0658602 0.845622 142.667 -0.000256728 0.996968 -0.0778085 -10.0182 -0.848183 -0.0414324 -0.52808 68.4488 
-0.545544 0.0652547 0.835538 143.712 -0.00159241 0.996882 -0.0788953 -10.1254 -0.838081 -0.0443713 -0.543739 67.8002 
-0.560927 0.064621 0.825339 144.748 -0.00203534 0.996838 -0.079432 -10.2268 -0.827863 -0.0462354 -0.559022 67.1237 
-0.57657 0.0618013 0.814707 145.786 -0.00263741 0.996989 -0.0774952 -10.3318 -0.817044 -0.0468301 -0.574671 66.4284 
-0.592036 0.0582006 0.803807 146.816 -0.00281561 0.997233 -0.0742797 -10.4349 -0.805906 -0.0462394 -0.590234 65.7083 
-0.607265 0.0566012 0.792481 147.824 -0.00187172 0.997354 -0.0726682 -10.5359 -0.794497 -0.0456121 -0.605552 64.9679 
-0.622223 0.0549484 0.780909 148.825 -0.00273341 0.997375 -0.072358 -10.6338 -0.782835 -0.0471574 -0.62044 64.2017 
-0.636934 0.0561742 0.768868 149.813 -0.00388808 0.997095 -0.0760696 -10.7366 -0.770908 -0.0514408 -0.634866 63.4038 
-0.65227 0.0555666 0.755947 150.791 -0.00631999 0.996876 -0.0787296 -10.8363 -0.75796 -0.0561306 -0.649882 62.5909 
-0.668646 0.0526946 0.741711 151.79 -0.00774834 0.996938 -0.0778121 -10.9338 -0.743541 -0.0577758 -0.66619 61.7636 
-0.685223 0.0450149 0.726941 152.753 -0.0117866 0.997272 -0.072865 -11.0365 -0.728238 -0.0584969 -0.682823 60.9028 
-0.70223 0.0425391 0.710678 153.681 -0.0126852 0.997307 -0.0722303 -11.1388 -0.711837 -0.0597373 -0.699799 60.025 
-0.719925 0.039773 0.692911 154.602 -0.0147313 0.997256 -0.072548 -11.2354 -0.693895 -0.0624366 -0.717364 59.1202 
-0.737534 0.0357023 0.674366 155.493 -0.0183658 0.997172 -0.0728784 -11.3371 -0.67506 -0.0661355 -0.734792 58.1927 
-0.754434 0.0336328 0.655514 156.355 -0.0181828 0.997232 -0.0720923 -11.4402 -0.656124 -0.0663079 -0.751734 57.2451 
-0.770563 0.0359483 0.636349 157.195 -0.0157471 0.99703 -0.0753921 -11.5445 -0.637169 -0.0681149 -0.767708 56.2702 
-0.785769 0.0355844 0.617496 158.008 -0.0122859 0.997249 -0.0731023 -11.6494 -0.618398 -0.065028 -0.78317 55.2666 
-0.800507 0.0365717 0.598207 158.808 -0.00866123 0.997326 -0.0725624 -11.7571 -0.599261 -0.0632679 -0.79805 54.2339 
-0.815108 0.0379101 0.578067 159.574 -0.00687947 0.997153 -0.0750945 -11.8617 -0.579268 -0.0651869 -0.812526 53.189 
-0.829137 0.0392621 0.557665 160.32 -0.00616581 0.996828 -0.0793485 -11.9716 -0.559011 -0.0692292 -0.826265 52.1451 
-0.8425 0.0394992 0.537247 161.035 -0.00381036 0.996846 -0.0792651 -12.0805 -0.538683 -0.068828 -0.839692 51.0843 
-0.854362 0.0376428 0.518313 161.723 -0.00255044 0.997057 -0.0766159 -12.1889 -0.519672 -0.0667797 -0.851752 49.9948 
-0.865192 0.0391149 0.499913 162.381 -0.000225199 0.996922 -0.0783923 -12.2967 -0.501441 -0.067937 -0.86252 48.9067 
-0.874805 0.0416362 0.482682 163.017 0.0022305 0.996636 -0.0819275 -12.404 -0.484469 -0.070594 -0.871955 47.8016 
-0.884154 0.039451 0.465527 163.651 0.000607746 0.996525 -0.0832962 -12.5202 -0.467195 -0.0733637 -0.881105 46.6787 
-0.892613 0.036539 0.449341 164.263 -0.00074027 0.99659 -0.0825102 -12.6417 -0.450824 -0.0739822 -0.889542 45.5317 
-0.900278 0.0343458 0.433957 164.886 -0.0018552 0.996571 -0.082723 -12.7624 -0.43531 -0.0752788 -0.897128 44.3669 
-0.907122 0.0321027 0.419641 165.466 -0.00265729 0.99663 -0.0819867 -12.8859 -0.420859 -0.0754871 -0.90398 43.1799 
-0.913603 0.0294142 0.405542 166.028 -0.00392424 0.996696 -0.0811314 -13.0053 -0.406589 -0.0757133 -0.910469 42.0072 
-0.919382 0.0243277 0.392614 166.563 -0.00665091 0.996982 -0.0773509 -13.1217 -0.393311 -0.0737262 -0.916445 40.8111 
-0.924532 0.0209261 0.380528 167.076 -0.00788141 0.997228 -0.0739886 -13.2303 -0.381022 -0.0714039 -0.921805 39.6264 
-0.929101 0.0210172 0.369228 167.579 -0.00560438 0.997469 -0.0708805 -13.332 -0.369783 -0.0679244 -0.926632 38.4417 
-0.932275 0.0252915 0.360864 168.049 -0.00110223 0.99735 -0.0727479 -13.4308 -0.361748 -0.0682188 -0.929777 37.254 
-0.934667 0.0303521 0.354226 168.517 0.00427204 0.997236 -0.0741766 -13.5368 -0.355499 -0.0678171 -0.932213 36.0662 
-0.936471 0.0336629 0.349126 168.973 0.00732481 0.997044 -0.0764879 -13.6431 -0.350668 -0.0690714 -0.933949 34.8622 
-0.938263 0.0309967 0.344532 169.433 0.0053051 0.997149 -0.0752639 -13.7506 -0.345883 -0.0687895 -0.935753 33.6581 
-0.940172 0.0235836 0.339884 169.898 -0.000876848 0.99743 -0.0716344 -13.8554 -0.3407 -0.0676467 -0.937735 32.4551 
-0.942031 0.0175552 0.335065 170.359 -0.00628008 0.997533 -0.0699206 -13.9577 -0.335466 -0.0679716 -0.939597 31.244 
-0.943768 0.0110036 0.330424 170.815 -0.0133542 0.997361 -0.0713564 -14.0574 -0.330338 -0.0717565 -0.941131 30.0414 
-0.945103 0.00857774 0.326658 171.256 -0.0165699 0.997111 -0.0741239 -14.1582 -0.326351 -0.0754674 -0.942231 28.8481 
-0.94592 0.00879417 0.32428 171.697 -0.01693 0.996932 -0.0764206 -14.2638 -0.323957 -0.0777779 -0.942869 27.6408 
-0.946251 0.00950313 0.323294 172.133 -0.01668 0.996804 -0.0781215 -14.3745 -0.323004 -0.079315 -0.943068 26.4397 
-0.946138 0.012118 0.323536 172.563 -0.014603 0.996685 -0.0800352 -14.4825 -0.323434 -0.0804489 -0.942825 25.2254 
-0.945783 0.0127235 0.32455 172.998 -0.0146981 0.996532 -0.0818997 -14.5934 -0.324466 -0.0822295 -0.942316 24.0135 
-0.945333 0.0135962 0.325823 173.432 -0.014568 0.996372 -0.0838446 -14.7069 -0.325782 -0.0840076 -0.941705 22.7886 
-0.944719 0.0151405 0.32753 173.87 -0.0129066 0.996442 -0.0832893 -14.8234 -0.327626 -0.0829123 -0.941163 21.5827 
-0.943991 0.0140248 0.329672 174.309 -0.014562 0.996352 -0.0840837 -14.9377 -0.329649 -0.084175 -0.940344 20.3934 
-0.942725 0.0130929 0.333313 174.751 -0.0158347 0.996346 -0.0839238 -15.054 -0.333194 -0.084395 -0.939074 19.2121 
-0.941025 0.011672 0.338134 175.195 -0.0170317 0.996503 -0.0817972 -15.165 -0.337907 -0.0827322 -0.937536 18.0174 
-0.938915 0.00917874 0.344027 175.656 -0.0191558 0.996701 -0.078872 -15.2826 -0.343616 -0.0806442 -0.935641 16.8102 
-0.936476 0.00661673 0.350668 176.119 -0.0214377 0.996873 -0.0760604 -15.391 -0.350075 -0.0787463 -0.933406 15.6346 
-0.933901 0.0088309 0.357423 176.584 -0.0194437 0.996961 -0.075436 -15.5057 -0.357003 -0.0773993 -0.930891 14.4838 
-0.930864 0.00868497 0.365263 177.064 -0.0204374 0.996914 -0.0757882 -15.6088 -0.364794 -0.0780135 -0.927814 13.336 
-0.927199 0.0115177 0.374392 177.544 -0.0190887 0.996775 -0.0779386 -15.7128 -0.374082 -0.0794112 -0.923989 12.1964 
-0.922857 0.012616 0.384935 178.038 -0.0185092 0.996856 -0.077046 -15.8183 -0.384697 -0.0782273 -0.919722 11.0437 
-0.917978 0.0141151 0.39638 178.551 -0.0185084 0.996753 -0.0783582 -15.9293 -0.396199 -0.0792674 -0.914737 9.8993 
-0.91221 0.0168161 0.409377 179.081 -0.017197 0.996705 -0.079262 -16.0386 -0.409361 -0.0793437 -0.908916 8.74089 
-0.906192 0.0191139 0.422433 179.632 -0.0158706 0.996737 -0.0791448 -16.1497 -0.422568 -0.0784247 -0.902932 7.59202 
-0.900088 0.0177208 0.435348 180.199 -0.0175892 0.99688 -0.0769439 -16.2568 -0.435354 -0.0769137 -0.896968 6.46569 
-0.893123 0.0208611 0.449328 180.775 -0.0154051 0.996919 -0.0769047 -16.3694 -0.449548 -0.0756073 -0.89005 5.30974 
-0.886284 0.0232202 0.46256 181.378 -0.0133966 0.997039 -0.0757193 -16.477 -0.462948 -0.0733055 -0.883349 4.18353 
-0.878901 0.0248687 0.476356 181.985 -0.0111112 0.997302 -0.0725661 -16.5937 -0.476875 -0.0690713 -0.876253 3.08434 
-0.871405 0.0266295 0.48984 182.612 -0.00872784 0.997526 -0.0697556 -16.6928 -0.490486 -0.0650607 -0.869017 2.01056 
-0.86314 0.0295532 0.504098 183.238 -0.00548766 0.997678 -0.0678861 -16.7959 -0.504934 -0.0613615 -0.860974 0.938188 
-0.854883 0.032891 0.517777 183.898 -0.00187129 0.997786 -0.0664726 -16.8906 -0.518817 -0.0577952 -0.852929 -0.0799531 
-0.844821 0.0345611 0.533932 184.566 -0.000527264 0.997857 -0.065425 -16.9892 -0.535049 -0.0555539 -0.842992 -1.10841 
-0.833977 0.0374595 0.550526 185.245 0.00213034 0.997904 -0.0646734 -17.0806 -0.551795 -0.0527633 -0.832309 -2.12785 
-0.822359 0.0397339 0.567579 185.944 0.00412163 0.997948 -0.0638906 -17.1722 -0.568953 -0.0502017 -0.820836 -3.1474 
-0.810662 0.0413227 0.584055 186.67 0.00507656 0.997965 -0.0635613 -17.2645 -0.585493 -0.0485617 -0.809222 -4.13956 
-0.797795 0.0442958 0.6013 187.423 0.00768994 0.997964 -0.0633139 -17.3498 -0.60288 -0.0458875 -0.796511 -5.1244 
-0.784001 0.0454102 0.619097 188.185 0.00933557 0.99807 -0.0613854 -17.436 -0.62069 -0.0423466 -0.782912 -6.08208 
-0.769411 0.0466985 0.637045 188.964 0.010993 0.998144 -0.0598919 -17.5215 -0.63866 -0.0390784 -0.768496 -6.99264 
-0.753194 0.0491767 0.655957 189.782 0.012233 0.998076 -0.0607789 -17.6104 -0.657684 -0.037754 -0.752347 -7.9094 
-0.736309 0.0520545 0.67464 190.609 0.0127555 0.997927 -0.0630776 -17.6909 -0.676525 -0.0378392 -0.735447 -8.79388 
-0.719747 0.0522792 0.692265 191.447 0.0121339 0.997955 -0.0627491 -17.7886 -0.69413 -0.0367636 -0.71891 -9.61233 
-0.70041 0.0527118 0.711791 192.292 0.0116616 0.997981 -0.0624306 -17.8744 -0.713645 -0.0354264 -0.699611 -10.4475 
-0.680008 0.0521279 0.731349 193.162 0.0099686 0.998035 -0.0618675 -17.9628 -0.733137 -0.0347798 -0.679191 -11.258 
-0.660017 0.052735 0.749397 194.058 0.00813449 0.997976 -0.0630632 -18.0444 -0.751206 -0.0355268 -0.659111 -12.0245 
-0.639134 0.0524873 0.767302 194.972 0.00572349 0.997965 -0.0634984 -18.1284 -0.769074 -0.0361923 -0.638134 -12.7738 
-0.618152 0.0526357 0.784294 195.904 0.00454252 0.997978 -0.0633963 -18.2118 -0.786045 -0.0356259 -0.617141 -13.4932 
-0.595586 0.0527481 0.801557 196.854 0.00397523 0.998023 -0.0627232 -18.2905 -0.803281 -0.0341707 -0.594619 -14.1897 
-0.571901 0.0533429 0.818586 197.817 0.00328706 0.998024 -0.0627395 -18.3726 -0.820316 -0.03319 -0.570946 -14.8514 
-0.546692 0.0565522 0.835422 198.802 0.00492099 0.997916 -0.0643318 -18.4547 -0.837319 -0.0310585 -0.545831 -15.491 
-0.520242 0.0571461 0.852105 199.801 0.00441594 0.997925 -0.0642294 -18.5372 -0.854008 -0.029652 -0.519415 -16.0909 
-0.493307 0.0557504 0.868067 200.822 0.00369981 0.998069 -0.0619971 -18.6285 -0.869847 -0.0273719 -0.492561 -16.6537 
-0.465062 0.05381 0.883641 201.856 0.00258506 0.998229 -0.0594275 -18.7127 -0.885274 -0.0253532 -0.464378 -17.1981 
-0.435839 0.0552937 0.898324 202.919 0.00201125 0.998168 -0.0604636 -18.7853 -0.900022 -0.0245456 -0.435152 -17.6965 
-0.404861 0.0580726 0.912532 203.976 0.00155374 0.998023 -0.0628239 -18.8589 -0.914377 -0.0240171 -0.404151 -18.1635 
-0.373464 0.0600535 0.925699 205.066 0.00301374 0.997976 -0.0635266 -18.9316 -0.92764 -0.0209351 -0.372889 -18.5828 
-0.341194 0.061076 0.938006 206.143 0.00310178 0.997955 -0.0638512 -19.0033 -0.939988 -0.0188762 -0.340686 -18.9883 
-0.308453 0.0610489 0.949278 207.246 0.00191907 0.997976 -0.0635571 -19.0814 -0.951238 -0.0177826 -0.307946 -19.3384 
-0.274503 0.0606899 0.959669 208.359 0.00166449 0.998035 -0.0626401 -19.1532 -0.961585 -0.0155975 -0.274064 -19.6568 
-0.240238 0.0588287 0.96893 209.477 0.00113046 0.998178 -0.0603244 -19.2351 -0.970713 -0.0133969 -0.239867 -19.9309 
-0.20589 0.0578318 0.976865 210.601 0.0016631 0.998271 -0.0587487 -19.3116 -0.978574 -0.0104711 -0.205631 -20.1602 
-0.170596 0.0574406 0.983665 211.746 0.00184381 0.998316 -0.0579764 -19.393 -0.985339 -0.00807682 -0.170414 -20.3602 
-0.135345 0.056813 0.989168 212.89 0.00235113 0.99837 -0.0570199 -19.4732 -0.990796 -0.00539166 -0.135257 -20.5122 
-0.0999337 0.0565907 0.993383 214.022 0.00247437 0.998392 -0.0566272 -19.5536 -0.994991 -0.00320096 -0.0999131 -20.6232 
-0.0652207 0.0566688 0.99626 215.13 0.00166153 0.998391 -0.0566813 -19.6361 -0.997869 -0.00204147 -0.06521 -20.6833 
-0.031448 0.0566386 0.997899 216.254 0.000130142 0.998393 -0.0566626 -19.7037 -0.999505 -0.00165205 -0.0314048 -20.701 
0.00245766 0.0555354 0.998454 217.421 -0.000887258 0.998456 -0.0555334 -19.7843 -0.999997 -0.0007494 0.00250314 -20.6974 
0.0351758 0.05643 0.997787 218.562 -0.00265215 0.998406 -0.0563717 -19.8536 -0.999378 -0.000663364 0.0352694 -20.6454 
0.0675951 0.0561667 0.996131 219.705 -0.00192341 0.99842 -0.0561653 -19.9281 -0.997711 0.00188053 0.0675963 -20.556 
0.0994728 0.0540755 0.99357 220.851 -0.00152262 0.998529 -0.054193 -20.004 -0.995039 0.0038779 0.0994088 -20.4362 
0.130532 0.0530037 0.990026 221.994 -0.000371666 0.998572 -0.0534123 -20.0758 -0.991444 0.00660407 0.130366 -20.2837 
0.160753 0.0530434 0.985568 223.128 0.000792196 0.998547 -0.0538713 -20.1476 -0.986994 0.00944074 0.160478 -20.0958 
0.190859 0.0527165 0.980201 224.273 0.00279622 0.998524 -0.0542465 -20.2184 -0.981613 0.0130943 0.19043 -19.8665 
0.220981 0.0526819 0.973854 225.422 0.00415189 0.99848 -0.0549563 -20.282 -0.975269 0.0161876 0.220426 -19.6031 
0.250964 0.0512068 0.966641 226.565 0.0061536 0.998495 -0.054492 -20.3551 -0.967977 0.0196238 0.250271 -19.3044 
0.281074 0.0497165 0.958397 227.698 0.00837525 0.998492 -0.0542527 -20.427 -0.95965 0.0232758 0.280234 -18.971 
0.310747 0.0489398 0.949232 228.82 0.011176 0.998416 -0.0551344 -20.5004 -0.950427 0.0277415 0.309708 -18.6061 
0.339736 0.0477381 0.939308 229.932 0.0124073 0.998397 -0.0552288 -20.5775 -0.940439 0.0304175 0.338599 -18.2046 
0.367301 0.045999 0.928964 230.973 0.012923 0.998427 -0.0545482 -20.6487 -0.930012 0.0320406 0.366129 -17.7802 
0.395324 0.0450285 0.917437 232.046 0.01286 0.998428 -0.0545451 -20.7257 -0.918452 0.0333612 0.394123 -17.3068 
0.423812 0.0457573 0.904593 233.116 0.0143519 0.998258 -0.0572193 -20.8038 -0.905636 0.0372329 0.422418 -16.8073 
0.452031 0.0470446 0.890761 234.164 0.0155832 0.998039 -0.0606185 -20.8776 -0.891866 0.0412823 0.450412 -16.2728 
0.479506 0.0452014 0.876374 235.214 0.0167994 0.998017 -0.0606673 -20.9604 -0.877378 0.0438129 0.477796 -15.7013 
0.506473 0.0423183 0.861217 236.221 0.0180173 0.998057 -0.0596383 -21.04 -0.862068 0.0457219 0.504726 -15.1176 
0.531731 0.0403769 0.84595 237.22 0.0171245 0.998146 -0.058405 -21.1237 -0.84674 0.0455422 0.530053 -14.4851 
0.554879 0.0405171 0.830944 238.209 0.0155602 0.998133 -0.0590601 -21.2053 -0.831786 0.0457008 0.553212 -13.8134 
0.57593 0.0404543 0.816497 239.185 0.0143166 0.998122 -0.0595518 -21.2841 -0.817373 0.0459872 0.57427 -13.1156 
0.595399 0.0394048 0.802464 240.149 0.0133543 0.998173 -0.0589236 -21.3591 -0.803319 0.0457993 0.593785 -12.381 
0.613678 0.0366961 0.788703 241.096 0.0133922 0.998292 -0.056868 -21.4411 -0.789443 0.0454611 0.612138 -11.6235 
0.631109 0.0334422 0.774973 242.05 0.0146967 0.998375 -0.0550512 -21.5187 -0.775555 0.0461328 0.629592 -10.8443 
0.647227 0.0312497 0.761656 242.968 0.0152452 0.998429 -0.0539191 -21.5928 -0.762144 0.0465095 0.645734 -10.05 
0.662914 0.0294327 0.748116 243.883 0.0166213 0.998402 -0.0540079 -21.6661 -0.748511 0.0482373 0.661366 -9.23061 
0.677971 0.0288099 0.734524 244.763 0.0163577 0.998393 -0.0542579 -21.7446 -0.734907 0.0488004 0.67641 -8.39272 
0.692889 0.0279303 0.720503 245.645 0.0166029 0.998366 -0.0546683 -21.8136 -0.720853 0.0498415 0.691294 -7.52813 
0.707547 0.0255624 0.706204 246.511 0.0162859 0.99849 -0.0524594 -21.8848 -0.706479 0.0486186 0.706062 -6.64747 
0.721831 0.023187 0.691681 247.356 0.0163591 0.998588 -0.0505477 -21.9573 -0.691876 0.0478021 0.720432 -5.74125 
0.735845 0.0216549 0.676804 248.188 0.0166626 0.998607 -0.0500676 -22.0259 -0.676945 0.0481192 0.734459 -4.82329 
0.749261 0.0214983 0.661926 248.989 0.0173583 0.998492 -0.0520781 -22.0942 -0.662047 0.05051 0.747758 -3.89264 
0.76175 0.02033 0.647551 249.784 0.0180704 0.998452 -0.0526039 -22.1696 -0.647618 0.0517725 0.760204 -2.94131 
0.773321 0.0197103 0.633708 250.563 0.0174294 0.998478 -0.0523252 -22.2401 -0.633775 0.0515093 0.771801 -1.9592 
0.784495 0.0171716 0.619897 251.341 0.0179002 0.998573 -0.0503144 -22.3119 -0.619876 0.0505676 0.783068 -0.961717 
0.79532 0.0145179 0.606016 252.099 0.0194526 0.998587 -0.0494516 -22.3828 -0.605878 0.0511183 0.793913 0.0455183 
0.80531 0.0142855 0.592682 252.837 0.0191278 0.998563 -0.0500587 -22.4524 -0.592545 0.0516494 0.80388 1.07048 
0.814128 0.0116349 0.580569 253.543 0.0229902 0.998369 -0.052247 -22.5243 -0.58023 0.0558831 0.812533 2.10052 
0.82265 0.0091757 0.568474 254.262 0.0243818 0.99838 -0.0513984 -22.5941 -0.568025 0.0561432 0.821094 3.15501 
0.830302 0.00611611 0.55728 254.969 0.0269034 0.998334 -0.0510408 -22.668 -0.556663 0.0573719 0.828755 4.22767 
0.837288 0.00453304 0.546743 255.67 0.028146 0.998282 -0.05138 -22.7403 -0.546037 0.0584084 0.835723 5.32244 
0.842732 0.00358572 0.538321 256.353 0.028306 0.998299 -0.0509623 -22.8133 -0.537588 0.0581852 0.841197 6.41583 
0.846872 0.00216261 0.531792 257.044 0.0282726 0.998394 -0.0490841 -22.8874 -0.531045 0.056603 0.845451 7.5305 
0.849843 0.00116778 0.527034 257.722 0.0283051 0.998453 -0.0478546 -22.9591 -0.526275 0.0555867 0.848496 8.64411 
0.852439 -0.00037052 0.522826 258.398 0.0295362 0.998437 -0.0474498 -23.0312 -0.521991 0.0558903 0.851118 9.77406 
0.855006 -0.00140441 0.518617 259.096 0.0301154 0.998443 -0.0469455 -23.1032 -0.517743 0.055757 0.853717 10.9318 
0.857272 -0.00363029 0.51485 259.775 0.0311683 0.998507 -0.0448577 -23.1761 -0.513919 0.0545022 0.856106 12.0797 
0.859447 -0.00531209 0.511196 260.449 0.032604 0.99848 -0.0444399 -23.2404 -0.510183 0.0548607 0.858314 13.2291 
0.861786 -0.00695419 0.507223 261.133 0.0343426 0.998412 -0.0446606 -23.3164 -0.506107 0.0559072 0.860657 14.3936 
0.864041 -0.00851999 0.503349 261.785 0.0355642 0.998392 -0.0441498 -23.3861 -0.502163 0.0560483 0.862955 15.5391 
0.866332 -0.0086387 0.499394 262.443 0.035212 0.998419 -0.0438138 -23.4571 -0.498225 0.0555419 0.865267 16.6989 
0.868474 -0.00907632 0.495651 263.107 0.0352132 0.998436 -0.0434171 -23.5306 -0.494481 0.05516 0.867436 17.8766 
0.870474 -0.00880513 0.492136 263.755 0.0345549 0.998466 -0.0432556 -23.6002 -0.491 0.0546585 0.869443 19.0479 
0.871743 -0.00798103 0.489899 264.395 0.0334267 0.998506 -0.043214 -23.674 -0.488823 0.0540471 0.870707 20.2152 
