1 2.12261e-08 -2.11895e-08 0 2.12261e-08 1 2.10703e-08 0 -2.11895e-08 2.10703e-08 1 0 
1 -0.00043632 0.000314588 -0.0363596 0.000435894 0.999999 0.00148966 -0.0160268 -0.00031528 -0.00148948 0.999999 1.35681 
0.999999 -0.00137942 -6.9216e-05 -0.0550569 0.00137957 0.999998 0.00152235 -0.0339102 6.70735e-05 -0.0015224 0.999999 2.73373 
0.999996 -0.00288193 -3.97391e-05 -0.0773001 0.00288199 0.999996 0.000349947 -0.0501832 3.86881e-05 -0.000350018 1 4.07229 
0.999995 -0.00326132 0.000257598 -0.102255 0.00326123 0.999995 0.000482639 -0.0714621 -0.000259213 -0.000481754 1 5.41207 
0.999993 -0.0037531 0.000642587 -0.128413 0.00375228 0.999992 0.00133773 -0.0904371 -0.000647645 -0.00133527 0.999999 6.76075 
0.999985 -0.00536345 0.00109583 -0.14824 0.00536065 0.999982 0.00257637 -0.110717 -0.00110967 -0.00257042 0.999996 8.10895 
0.999987 -0.00509976 0.00092953 -0.171183 0.00509695 0.999982 0.00304479 -0.127944 -0.000945084 -0.00303997 0.999995 9.46183 
0.999991 -0.00418832 0.000577781 -0.197836 0.00418766 0.999991 0.00122362 -0.14758 -0.000582943 -0.00122115 0.999999 10.8507 
0.999998 -0.00137968 0.0011327 -0.235188 0.00138087 0.999999 -0.00101097 -0.167766 -0.00113134 0.00101258 0.999999 12.1904 
0.999996 0.00240084 0.00166 -0.268238 -0.00239715 0.999995 -0.002194 -0.186763 -0.0016653 0.00219006 0.999996 13.5439 
0.999987 0.00474271 0.00180193 -0.295104 -0.00473844 0.999986 -0.00234297 -0.20992 -0.00181306 0.00233444 0.999996 14.9026 
0.999982 0.00553198 0.00239908 -0.324362 -0.00552908 0.999984 -0.00119545 -0.23682 -0.0024057 0.00118221 0.999996 16.2578 
0.99999 0.00295234 0.00323266 -0.347938 -0.00295776 0.999994 0.00168523 -0.258633 -0.00322771 -0.00169474 0.999993 17.6131 
0.999994 -0.00120071 0.00328412 -0.362879 0.00118949 0.999993 0.00342862 -0.278788 -0.00328826 -0.00342465 0.999989 18.972 
0.999989 -0.00337803 0.0032258 -0.380785 0.00337415 0.999994 0.00121867 -0.299286 -0.00322993 -0.00120774 0.999994 20.3349 
0.999984 -0.00448593 0.00333727 -0.40538 0.00448888 0.99999 -0.000863876 -0.316169 -0.0033334 0.000878886 0.999994 21.6957 
0.999989 -0.00201992 0.00416015 -0.432536 0.00203009 0.999995 -0.00243125 -0.33919 -0.00415526 0.00243971 0.999988 23.06 
0.999987 0.000668286 0.00503465 -0.456517 -0.000665969 1 -0.000453524 -0.359372 -0.00503499 0.000450208 0.999987 24.4308 
0.999984 0.00114129 0.0056038 -0.48137 -0.00115851 0.999995 0.00307823 -0.379975 -0.0056003 -0.00308463 0.99998 25.7921 
0.99998 -0.00103048 0.00628459 -0.497184 0.00100004 0.999988 0.00485149 -0.392104 -0.00628955 -0.00484506 0.999969 27.1674 
0.999971 -0.00498109 0.00582942 -0.505762 0.00496283 0.999983 0.00314994 -0.410197 -0.00584505 -0.00312087 0.999978 28.5436 
0.999968 -0.00562631 0.00572134 -0.518383 0.00562064 0.999984 0.00101342 -0.435 -0.00572699 -0.000981191 0.999983 29.9278 
0.999962 -0.00569864 0.00659232 -0.532185 0.00570807 0.999983 -0.00140584 -0.4568 -0.00658424 0.00144346 0.999977 31.3114 
0.99997 -0.002382 0.00734483 -0.555339 0.00239861 0.999995 -0.00224716 -0.481623 -0.00733948 0.00226475 0.999971 32.6788 
0.999969 -0.00145143 0.00771286 -0.574097 0.00148396 0.99999 -0.00420784 -0.50942 -0.00770672 0.0042192 0.999961 34.0713 
0.999968 -0.000660705 0.00793251 -0.594247 0.000688299 0.999994 -0.00347104 -0.539161 -0.00793021 0.00347643 0.999963 35.4788 
0.999967 -0.000350627 0.00808972 -0.616765 0.000370531 0.999997 -0.00245378 -0.563166 -0.00808888 0.00245674 0.999964 36.8686 
0.999968 0.000908748 0.00798695 -0.639212 -0.000901413 0.999999 -0.000916602 -0.58833 -0.00798782 0.000909415 0.999968 38.2639 
0.999959 0.00377221 0.0082836 -0.665471 -0.00376897 0.999993 -0.000401828 -0.617256 -0.0082851 0.000370632 0.999966 39.6743 
0.999942 0.0061525 0.00887306 -0.689354 -0.00614484 0.999981 -0.000886237 -0.639182 -0.00887838 0.000831704 0.99996 41.0877 
0.999922 0.00857953 0.00906572 -0.712751 -0.00857504 0.999963 -0.000529131 -0.663211 -0.00906996 0.000451393 0.999959 42.5133 
0.999917 0.00924879 0.00901968 -0.733852 -0.00924527 0.999957 -0.000426783 -0.684953 -0.00902329 0.0003434 0.999959 43.9392 
0.999924 0.00845947 0.00898252 -0.759429 -0.00845478 0.999964 -0.000555647 -0.707237 -0.00898694 0.000479702 0.99996 45.3764 
0.999932 0.00791175 0.00852111 -0.776998 -0.00790296 0.999968 -0.00105956 -0.727483 -0.00852926 0.000992191 0.999963 46.8108 
0.99994 0.00740675 0.00802788 -0.796574 -0.00739911 0.999972 -0.000975931 -0.749582 -0.00803492 0.000916515 0.999967 48.2274 
0.999943 0.00778928 0.00735837 -0.82312 -0.00778998 0.99997 7.22909e-05 -0.767073 -0.00735763 -0.000129566 0.999973 49.64 
0.999947 0.00810755 0.00635463 -0.842877 -0.00810633 0.999967 -0.000210415 -0.79178 -0.00635617 0.000158933 0.99998 51.0664 
0.999946 0.0089202 0.00540584 -0.864496 -0.00892106 0.99996 0.000142076 -0.812418 -0.0054044 -0.000190253 0.999985 52.5015 
0.99995 0.00894575 0.00445882 -0.885395 -0.00895021 0.999959 0.000990948 -0.833161 -0.00444982 -0.00103076 0.99999 53.9472 
0.999968 0.00707896 0.00385079 -0.903535 -0.00708648 0.999973 0.00195508 -0.854384 -0.00383689 -0.00198226 0.999991 55.3889 
0.999977 0.00581964 0.00352948 -0.920936 -0.0058276 0.999981 0.00226248 -0.881558 -0.00351628 -0.00228296 0.999991 56.8436 
0.999989 0.00343188 0.00313874 -0.939553 -0.00343685 0.999993 0.00159186 -0.90058 -0.0031333 -0.00160259 0.999994 58.2724 
0.999992 0.00232676 0.00312991 -0.959184 -0.00233284 0.999995 0.00195152 -0.923177 -0.0031254 -0.00195876 0.999993 59.7075 
0.999993 0.000766285 0.00368997 -0.981209 -0.000776371 0.999996 0.00274424 -0.945142 -0.00368789 -0.00274705 0.999989 61.164 
0.999991 8.81581e-05 0.00427834 -1.00027 -0.000102149 0.999995 0.00327995 -0.965403 -0.00427807 -0.00328031 0.999986 62.5989 
0.999987 -0.00148006 0.00495026 -1.01635 0.00146594 0.999995 0.00286263 -0.990165 -0.00495451 -0.00285529 0.999984 64.0155 
0.999981 -0.00302391 0.0053024 -1.03092 0.00301325 0.999993 0.00202482 -1.01061 -0.00530853 -0.00200876 0.999984 65.4531 
0.99998 -0.00209583 0.00600279 -1.04642 0.00208652 0.999997 0.00156348 -1.03454 -0.00600609 -0.00155088 0.999981 66.8819 
0.999977 -0.000777102 0.00668896 -1.05992 0.000768678 0.999999 0.00126823 -1.05891 -0.00668998 -0.00126302 0.999977 68.3159 
0.999968 0.00300117 0.00746819 -1.09009 -0.00301903 0.999993 0.00238725 -1.08249 -0.00746101 -0.00240967 0.999969 69.7327 
0.999941 0.00660906 0.0086241 -1.11287 -0.00664026 0.999972 0.00359909 -1.1026 -0.00860011 -0.00365611 0.999956 71.1501 
0.999893 0.0109754 0.00964449 -1.14234 -0.0110106 0.999933 0.00360644 -1.112 -0.0096043 -0.0037122 0.999947 72.5671 
0.999834 0.014891 0.0104934 -1.17015 -0.0149261 0.999883 0.00328116 -1.12916 -0.0104434 -0.0034372 0.99994 73.9839 
0.999765 0.0184287 0.0114301 -1.19638 -0.0184593 0.999826 0.0025769 -1.15272 -0.0113807 -0.00278724 0.999931 75.3845 
0.999734 0.0196569 0.012056 -1.20894 -0.0196878 0.999803 0.00245569 -1.16969 -0.0120054 -0.00269235 0.999924 76.8281 
0.999715 0.0202478 0.0126711 -1.23257 -0.0202848 0.99979 0.00279979 -1.195 -0.0126118 -0.00305598 0.999916 78.2498 
0.999727 0.0195809 0.0127537 -1.24173 -0.0196111 0.999805 0.00224499 -1.20932 -0.0127073 -0.00249445 0.999916 79.6882 
0.999753 0.018145 0.0128461 -1.2559 -0.0181665 0.999834 0.00156352 -1.2346 -0.0128157 -0.00179647 0.999916 81.0787 
0.999758 0.0180475 0.0125838 -1.26847 -0.0180666 0.999836 0.00140515 -1.2604 -0.0125564 -0.00163211 0.99992 82.4946 
0.999768 0.0176486 0.0123582 -1.28398 -0.01767 0.999843 0.00162997 -1.28268 -0.0123275 -0.00184792 0.999922 83.9167 
0.999774 0.0175436 0.0120501 -1.2997 -0.0175556 0.999846 0.000896391 -1.29657 -0.0120326 -0.00110769 0.999927 85.3205 
0.999781 0.0174384 0.0116076 -1.32638 -0.0174533 0.999847 0.00119477 -1.31444 -0.011585 -0.00139706 0.999932 86.7161 
0.999808 0.0164669 0.0106268 -1.34097 -0.0164883 0.999862 0.00193258 -1.32601 -0.0105936 -0.00210739 0.999942 88.127 
0.99985 0.0141941 0.00991062 -1.35667 -0.0142244 0.999894 0.00300025 -1.34857 -0.00986703 -0.00314073 0.999946 89.5203 
0.999886 0.0121825 0.00890516 -1.38027 -0.0122131 0.99992 0.0033992 -1.37166 -0.00886308 -0.00350753 0.999955 90.9188 
0.999912 0.0103362 0.0083352 -1.3941 -0.0103659 0.99994 0.00352455 -1.39639 -0.00829831 -0.0036106 0.999959 92.3154 
0.999932 0.00868549 0.00784823 -1.40715 -0.00870926 0.999958 0.00300468 -1.41213 -0.00782184 -0.00307278 0.999965 93.7162 
0.999939 0.00769904 0.00791431 -1.42803 -0.00772025 0.999967 0.0026586 -1.43703 -0.00789362 -0.00271949 0.999965 95.0722 
0.99993 0.00871329 0.00798238 -1.44889 -0.00872817 0.99996 0.00183667 -1.45487 -0.0079661 -0.00190617 0.999966 96.4317 
0.999934 0.00808094 0.00813912 -1.4665 -0.00809193 0.999966 0.0013243 -1.47546 -0.00812819 -0.00139004 0.999966 97.7919 
0.999923 0.00911621 0.00839421 -1.48381 -0.00912126 0.999958 0.00056795 -1.49935 -0.00838873 -0.00064443 0.999965 99.1624 
0.999903 0.0106796 0.00896283 -1.50407 -0.0106867 0.999943 0.000746828 -1.52333 -0.00895439 -0.000842497 0.99996 100.513 
0.999889 0.0114594 0.00952067 -1.52564 -0.0114811 0.999932 0.00223058 -1.54791 -0.0094945 -0.0023396 0.999952 101.868 
0.999876 0.0122387 0.00990991 -1.55023 -0.012274 0.999919 0.00350995 -1.56837 -0.00986619 -0.00363111 0.999945 103.236 
0.999875 0.0117284 0.0105965 -1.57879 -0.0117495 0.999929 0.00193849 -1.58593 -0.010573 -0.00206271 0.999942 104.594 
0.999872 0.0117308 0.0108784 -1.5966 -0.0117273 0.999931 -0.000383427 -1.61024 -0.0108822 0.000255846 0.999941 105.942 
0.99988 0.011029 0.0108996 -1.61166 -0.0110118 0.999938 -0.0016365 -1.63887 -0.010917 0.00151632 0.999939 107.304 
0.9999 0.00861006 0.0112088 -1.62632 -0.00860596 0.999963 -0.00040946 -1.66037 -0.011212 0.000312998 0.999937 108.653 
0.99991 0.00609607 0.0119405 -1.63434 -0.00611602 0.99998 0.00163829 -1.68542 -0.0119303 -0.00171113 0.999927 110.011 
0.999905 0.00454486 0.0129927 -1.64278 -0.00457232 0.999987 0.00208799 -1.70395 -0.0129831 -0.00214715 0.999913 111.355 
0.999896 0.0040044 0.0138639 -1.64859 -0.00401292 0.999992 0.000589391 -1.72528 -0.0138615 -0.000644923 0.999904 112.693 
0.999878 0.00542996 0.0146434 -1.65935 -0.00540918 0.999984 -0.00145555 -1.75777 -0.0146511 0.0013762 0.999892 114.037 
0.999843 0.00766057 0.0159742 -1.66762 -0.00760251 0.999964 -0.00368944 -1.78235 -0.0160019 0.00356746 0.999866 115.39 
0.999787 0.0108707 0.0175474 -1.68293 -0.0108099 0.999935 -0.00355152 -1.81187 -0.0175849 0.00336112 0.99984 116.74 
0.999744 0.0121516 0.0191074 -1.68143 -0.0121199 0.999925 -0.00177454 -1.8345 -0.0191276 0.00154255 0.999816 118.105 
0.999723 0.0121889 0.0201275 -1.67879 -0.0122003 0.999926 0.000447267 -1.86017 -0.0201206 -0.000692664 0.999797 119.45 
0.999709 0.0115371 0.0211758 -1.68442 -0.0115653 0.999932 0.00120939 -1.89228 -0.0211604 -0.0014539 0.999775 120.775 
0.999676 0.0121835 0.0223401 -1.67917 -0.0121988 0.999925 0.00055014 -1.91307 -0.0223318 -0.000822443 0.99975 122.123 
0.999618 0.014437 0.0235756 -1.67992 -0.0144371 0.999896 -0.000162816 -1.93388 -0.0235755 -0.000177569 0.999722 123.476 
0.999554 0.0166237 0.0248113 -1.66952 -0.0166122 0.999862 -0.000666114 -1.95427 -0.024819 0.000253687 0.999692 124.847 
0.999509 0.0172213 0.0261916 -1.67208 -0.0171835 0.999851 -0.00166527 -1.9742 -0.0262164 0.00121443 0.999656 126.204 
0.999459 0.0185301 0.0271667 -1.66651 -0.0184619 0.999826 -0.00275774 -1.99308 -0.0272131 0.00225474 0.999627 127.563 
0.999447 0.017396 0.0283526 -1.65752 -0.0173187 0.999846 -0.0029673 -2.01487 -0.0283999 0.00247467 0.999594 128.936 
0.999422 0.0169518 0.0294557 -1.64636 -0.016902 0.999855 -0.0019349 -2.04328 -0.0294843 0.00143596 0.999564 130.303 
0.999405 0.0159316 0.0306087 -1.63931 -0.0159046 0.999873 -0.00112416 -2.06554 -0.0306228 0.000636712 0.999531 131.676 
0.999399 0.0151182 0.0312023 -1.62539 -0.0151039 0.999886 -0.000692199 -2.08745 -0.0312092 0.000220549 0.999513 133.044 
0.999428 0.0127389 0.0313433 -1.61019 -0.0127295 0.999919 -0.000497926 -2.11252 -0.0313471 9.86962e-05 0.999509 134.405 
0.999443 0.0113495 0.0313966 -1.59844 -0.0113532 0.999936 -5.96064e-05 -2.13088 -0.0313953 -0.000296837 0.999507 135.758 
0.999477 0.00960062 0.0308901 -1.57978 -0.00959776 0.999954 -0.000239647 -2.15563 -0.030891 -5.69132e-05 0.999523 137.115 
0.999515 0.00827738 0.0300167 -1.56712 -0.00826857 0.999966 -0.000416303 -2.17769 -0.0300192 0.000167947 0.999549 138.476 
0.999551 0.00682586 0.0291631 -1.56038 -0.00684748 0.999976 0.000642879 -2.20236 -0.029158 -0.000842242 0.999575 139.831 
0.999585 0.00566033 0.0282493 -1.55073 -0.00567687 0.999984 0.00050681 -2.21828 -0.028246 -0.000666926 0.999601 141.197 
0.999614 0.00550315 0.0272409 -1.54182 -0.0055203 0.999985 0.000555873 -2.24087 -0.0272374 -0.000705994 0.999629 142.563 
0.999637 0.00561275 0.0263352 -1.5381 -0.00561179 0.999984 -0.000108573 -2.25955 -0.0263354 -3.92131e-05 0.999653 143.907 
0.999669 0.00552314 0.0251323 -1.52517 -0.00550976 0.999985 -0.000599597 -2.28 -0.0251353 0.000460967 0.999684 145.273 
0.999699 0.00332349 0.0243042 -1.51558 -0.00325843 0.999991 -0.00271448 -2.31029 -0.0243131 0.00263451 0.999701 146.622 
0.999727 -0.00220629 0.0232468 -1.50185 0.0022753 0.999993 -0.00294081 -2.33816 -0.0232402 0.00299295 0.999725 147.984 
0.999699 -0.0100123 0.0223921 -1.48659 0.0100259 0.99995 -0.000497132 -2.3614 -0.022386 0.000721526 0.999749 149.332 
0.999648 -0.0164574 0.0207983 -1.47194 0.0164419 0.999864 0.000916313 -2.38099 -0.0208106 -0.000573985 0.999783 150.683 
0.999613 -0.019433 0.0198982 -1.46038 0.0194867 0.999807 -0.00250292 -2.40164 -0.0198458 0.00288975 0.999799 152.042 
0.999618 -0.0187923 0.020259 -1.45575 0.0189141 0.999804 -0.00583641 -2.42615 -0.0201454 0.0062174 0.999778 153.4 
0.999651 -0.0157239 0.0212351 -1.45407 0.0158935 0.999843 -0.00784326 -2.46171 -0.0211085 0.00817806 0.999744 154.756 
0.999633 -0.015675 0.0221033 -1.45128 0.0158531 0.999843 -0.00790282 -2.494 -0.021976 0.00825037 0.999724 156.107 
0.999554 -0.0192502 0.022847 -1.44324 0.0193532 0.999804 -0.00429688 -2.52495 -0.0227598 0.00473717 0.99973 157.475 
0.999426 -0.024588 0.0232914 -1.42192 0.0246268 0.999696 -0.00137777 -2.55652 -0.0232505 0.00195061 0.999728 158.838 
0.999301 -0.0289091 0.0236905 -1.41094 0.0289108 0.999582 0.000272983 -2.58812 -0.0236885 0.00041216 0.999719 160.19 
0.999247 -0.0306952 0.0237303 -1.39762 0.0306948 0.999529 0.000385538 -2.61529 -0.023731 0.00034319 0.999718 161.544 
0.999255 -0.0289405 0.025551 -1.39883 0.0289203 0.999581 0.00116133 -2.64147 -0.0255739 -0.000421478 0.999673 162.893 
0.99933 -0.0246987 0.0270275 -1.39072 0.0247085 0.999695 -2.67819e-05 -2.66221 -0.0270187 0.000694615 0.999635 164.258 
0.999387 -0.0210855 0.0279525 -1.37905 0.0211541 0.999774 -0.00215969 -2.68951 -0.0279007 0.00274972 0.999607 165.619 
0.999424 -0.0180755 0.0287196 -1.3658 0.0181608 0.999831 -0.00271115 -2.71555 -0.0286658 0.0032312 0.999584 166.981 
0.999443 -0.0159605 0.0293134 -1.3518 0.0160133 0.999871 -0.00156779 -2.74156 -0.0292847 0.00203636 0.999569 168.352 
0.999479 -0.0140808 0.0290312 -1.33035 0.0141494 0.999898 -0.00215934 -2.76537 -0.0289978 0.00256903 0.999576 169.728 
0.999518 -0.0119092 0.0286602 -1.31487 0.0120447 0.999917 -0.00455949 -2.79429 -0.0286035 0.00490254 0.999579 171.097 
0.999565 -0.00809823 0.0283452 -1.31216 0.00831203 0.999938 -0.00743147 -2.82352 -0.0282833 0.00766388 0.999571 172.489 
0.999591 -0.00284387 0.0284696 -1.3087 0.0030956 0.999957 -0.00880072 -2.85696 -0.0284434 0.00888529 0.999556 173.865 
0.99958 0.00216563 0.0289087 -1.30384 -0.00194838 0.99997 -0.0075397 -2.89395 -0.0289242 0.00748025 0.999554 175.253 
0.999553 0.00466362 0.0295482 -1.29759 -0.00449343 0.999973 -0.00582182 -2.92146 -0.0295746 0.00568648 0.999546 176.665 
0.999547 0.00572242 0.0295443 -1.28077 -0.00561363 0.999977 -0.00376267 -2.94621 -0.0295652 0.00359516 0.999556 178.078 
0.999583 0.0028507 0.0287378 -1.25776 -0.00276357 0.999992 -0.00306944 -2.96889 -0.0287464 0.00298878 0.999582 179.478 
0.999641 0.000866268 0.0267777 -1.23894 -0.000787205 0.999995 -0.00296136 -2.99521 -0.0267802 0.00293926 0.999637 180.859 
0.999686 0.000774735 0.0250411 -1.23226 -0.000595842 0.999974 -0.00714893 -3.02568 -0.025046 0.00713181 0.999661 182.243 
0.999714 0.00300435 0.0237313 -1.2275 -0.0027306 0.99993 -0.0115577 -3.05719 -0.0237644 0.0114897 0.999652 183.632 
0.999702 0.00752772 0.0232047 -1.22756 -0.00724728 0.9999 -0.0121439 -3.09774 -0.0232938 0.0119721 0.999657 185.01 
0.999684 0.0102623 0.022969 -1.22628 -0.0100061 0.999887 -0.0112401 -3.13011 -0.0230818 0.0110068 0.999673 186.483 
0.999659 0.0116043 0.0234104 -1.24516 -0.0114274 0.999905 -0.00767302 -3.16485 -0.0234973 0.00740292 0.999697 187.94 
0.999641 0.0122917 0.023798 -1.24963 -0.0121566 0.999909 -0.00581086 -3.19515 -0.0238674 0.00551951 0.9997 189.38 
0.999651 0.011507 0.0237831 -1.23598 -0.0113965 0.999924 -0.0047739 -3.22401 -0.0238362 0.00450123 0.999706 190.839 
0.999664 0.00998528 0.0239323 -1.22351 -0.00988404 0.999942 -0.00434297 -3.24686 -0.0239743 0.004105 0.999704 192.282 
0.99969 0.00688827 0.0239378 -1.20547 -0.00680048 0.99997 -0.00374515 -3.27477 -0.0239629 0.00358125 0.999706 193.71 
0.999701 0.00406991 0.0241233 -1.1954 -0.00398414 0.999986 -0.00360072 -3.30283 -0.0241376 0.00350357 0.999703 195.148 
0.999699 0.00113997 0.0245144 -1.17798 -0.00107653 0.999996 -0.00259909 -3.33029 -0.0245173 0.00257196 0.999696 196.599 
0.999683 -0.00314438 0.0249997 -1.15965 0.00317301 0.999994 -0.00110399 -3.35432 -0.0249961 0.00118301 0.999687 198.055 
0.999664 -0.00576769 0.025275 -1.13496 0.00579821 0.999983 -0.00113283 -3.37832 -0.025268 0.00127904 0.99968 199.512 
0.999665 -0.00372611 0.0256326 -1.12215 0.0038722 0.999977 -0.00565031 -3.4048 -0.025611 0.00574771 0.999656 200.949 
0.999658 0.0033699 0.0259236 -1.11784 -0.00309168 0.999937 -0.0107636 -3.43709 -0.0259583 0.0106798 0.999606 202.393 
0.999543 0.0124437 0.0275376 -1.12566 -0.012145 0.999866 -0.0109857 -3.46913 -0.0276706 0.0106463 0.99956 203.842 
0.999383 0.0203979 0.0286055 -1.1287 -0.0201881 0.999767 -0.00760413 -3.50288 -0.028754 0.00702199 0.999562 205.286 
0.999331 0.0215205 0.0295825 -1.11783 -0.0213658 0.999756 -0.00553241 -3.53088 -0.0296944 0.00489669 0.999547 206.759 
0.999386 0.0195324 0.0291009 -1.10092 -0.019392 0.999799 -0.00509493 -3.55859 -0.0291946 0.00452752 0.999564 208.217 
0.999469 0.0165635 0.02805 -1.08342 -0.0164242 0.999852 -0.00518701 -3.58599 -0.0281318 0.00472359 0.999593 209.677 
0.999518 0.014673 0.0273544 -1.07131 -0.0145217 0.999878 -0.00571857 -3.61815 -0.027435 0.00531862 0.999609 211.135 
0.999521 0.0150946 0.0270042 -1.06291 -0.0149328 0.999869 -0.00618042 -3.65189 -0.027094 0.00577425 0.999616 212.594 
0.999503 0.0164756 0.0268691 -1.05317 -0.0163188 0.999849 -0.00604249 -3.68446 -0.0269646 0.00560105 0.999621 214.056 
0.99948 0.0175536 0.0270426 -1.04705 -0.0174223 0.999835 -0.00508063 -3.71546 -0.0271274 0.00460689 0.999621 215.53 
0.999495 0.0169211 0.0269025 -1.03706 -0.0167799 0.999844 -0.00546528 -3.74901 -0.0269909 0.00501113 0.999623 216.985 
0.999507 0.0165848 0.0266547 -1.02345 -0.0164184 0.999844 -0.00644904 -3.78025 -0.0267576 0.00600828 0.999624 218.462 
0.99953 0.0154652 0.0264573 -1.01271 -0.0152938 0.999861 -0.00666438 -3.8113 -0.0265567 0.00625666 0.999628 219.944 
0.999522 0.0161464 0.0263675 -1.00863 -0.0159741 0.99985 -0.0067273 -3.84547 -0.0264722 0.00630293 0.99963 221.433 
0.999523 0.0163161 0.0262247 -0.995894 -0.0161387 0.999846 -0.00696061 -3.87788 -0.0263343 0.0065341 0.999632 222.921 
0.999528 0.0160044 0.0262159 -0.991041 -0.0158218 0.999849 -0.00715652 -3.90862 -0.0263265 0.00673841 0.999631 224.416 
0.999516 0.0173618 0.0258123 -0.980764 -0.0171762 0.999825 -0.00739273 -3.94545 -0.0259362 0.00694583 0.99964 225.909 
0.999537 0.0165354 0.0255563 -0.97073 -0.016351 0.999839 -0.00740929 -3.97977 -0.0256748 0.00698803 0.999646 227.406 
0.999527 0.0171035 0.0255571 -0.964004 -0.0169216 0.99983 -0.00731425 -4.01711 -0.0256779 0.00687837 0.999647 228.917 
0.999539 0.016274 0.0256186 -0.953789 -0.0160885 0.999843 -0.00742963 -4.04799 -0.0257356 0.00701409 0.999644 230.419 
0.999554 0.0148537 0.0259199 -0.946078 -0.0146639 0.999864 -0.00749691 -4.08391 -0.0260277 0.00711352 0.999636 231.926 
0.999565 0.0134248 0.0262667 -0.942225 -0.013242 0.999887 -0.00712062 -4.12075 -0.0263594 0.00676974 0.99963 233.444 
0.999569 0.0122432 0.0266815 -0.931374 -0.0120766 0.999907 -0.00639473 -4.15575 -0.0267574 0.00606979 0.999624 234.97 
0.999573 0.0117138 0.02677 -0.924361 -0.01156 0.999916 -0.00589004 -4.19288 -0.0268368 0.00557811 0.999624 236.487 
0.999558 0.012143 0.0271242 -0.920927 -0.0119797 0.999909 -0.00617454 -4.22601 -0.0271967 0.00584692 0.999613 238.027 
0.99954 0.0128206 0.0274724 -0.911501 -0.0126337 0.999896 -0.00696575 -4.25369 -0.0275589 0.00661551 0.999598 239.54 
0.999513 0.0137449 0.0280016 -0.899605 -0.0135756 0.999889 -0.00622661 -4.29035 -0.0280841 0.00584348 0.999589 241.049 
0.999493 0.0138984 0.0286468 -0.885689 -0.013788 0.999897 -0.00404634 -4.32506 -0.0287001 0.00364935 0.999581 242.555 
0.999478 0.0137354 0.0292427 -0.874045 -0.0136392 0.999901 -0.00348419 -4.35733 -0.0292877 0.00308356 0.999566 244.075 
0.999454 0.0143279 0.0297807 -0.858621 -0.0141761 0.999886 -0.00530036 -4.38787 -0.0298533 0.00487533 0.999542 245.582 
0.999438 0.0144869 0.0302472 -0.843176 -0.0143002 0.999877 -0.0063775 -4.42618 -0.030336 0.00594141 0.999522 247.102 
0.999413 0.0153205 0.0306304 -0.826341 -0.0151434 0.999867 -0.00600423 -4.46169 -0.0307183 0.00553691 0.999513 248.635 
0.999414 0.0147494 0.0308835 -0.819376 -0.0146103 0.999882 -0.00472324 -4.4993 -0.0309496 0.0042693 0.999512 250.162 
0.999414 0.0153381 0.0306159 -0.797672 -0.0152155 0.999875 -0.00423163 -4.52911 -0.0306771 0.00376335 0.999522 251.7 
0.999431 0.0148677 0.0302918 -0.779852 -0.0147487 0.999883 -0.00414558 -4.55989 -0.0303499 0.00369649 0.999533 253.228 
0.999394 0.0164484 0.0306674 -0.767574 -0.0163346 0.999859 -0.00395764 -4.59182 -0.0307282 0.00345435 0.999522 254.781 
0.999363 0.0180866 0.0307535 -0.744925 -0.0179648 0.99983 -0.00423357 -4.62141 -0.0308249 0.00367843 0.999518 256.357 
0.99935 0.0183549 0.0310144 -0.733373 -0.0182376 0.999825 -0.00405645 -4.64985 -0.0310835 0.00348823 0.999511 257.901 
0.99937 0.0171488 0.0310586 -0.71556 -0.0170363 0.999847 -0.00388353 -4.6793 -0.0311205 0.003352 0.99951 259.438 
0.999398 0.0152764 0.0311474 -0.692929 -0.0151871 0.99988 -0.00309739 -4.70925 -0.031191 0.00262252 0.99951 260.988 
0.999425 0.0129448 0.0313555 -0.66644 -0.0128764 0.999914 -0.0023824 -4.73918 -0.0313837 0.00197732 0.999505 262.536 
0.999446 0.0117014 0.0311646 -0.642883 -0.0116093 0.999928 -0.00313302 -4.77078 -0.0311991 0.00276953 0.999509 264.096 
0.999459 0.0109679 0.0309958 -0.619684 -0.0108486 0.999933 -0.00401468 -4.80568 -0.0310378 0.00367629 0.999511 265.644 
0.999462 0.00901329 0.0315477 -0.604366 -0.00895388 0.999958 -0.00202241 -4.83727 -0.0315646 0.00173889 0.9995 267.183 
0.999454 0.00717455 0.0322452 -0.588043 -0.00716045 0.999974 -0.000551626 -4.8643 -0.0322483 0.000320476 0.99948 268.725 
0.999448 0.00684192 0.0325107 -0.576253 -0.00679367 0.999976 -0.00159307 -4.89098 -0.0325208 0.00137137 0.99947 270.243 
0.999434 0.00627666 0.0330598 -0.547818 -0.00619191 0.999977 -0.00266377 -4.91479 -0.0330758 0.0024576 0.99945 271.831 
0.999401 0.00722566 0.0338414 -0.527461 -0.00712914 0.99997 -0.00297078 -4.94404 -0.0338619 0.00272778 0.999423 273.375 
0.999338 0.0092259 0.0351915 -0.507348 -0.00912243 0.999954 -0.00309851 -4.97629 -0.0352185 0.00277546 0.999376 274.915 
0.999305 0.00999889 0.0359075 -0.477935 -0.00987957 0.999945 -0.00349784 -4.99505 -0.0359406 0.0031407 0.999349 276.523 
0.999258 0.0109773 0.0369323 -0.45083 -0.0108427 0.999934 -0.00383945 -5.02481 -0.0369721 0.0034362 0.99931 278.071 
0.99923 0.01133 0.0375699 -0.410125 -0.0111859 0.999929 -0.00404236 -5.05591 -0.0376131 0.00361903 0.999286 279.589 
0.999188 0.0119036 0.0384888 -0.389246 -0.0117299 0.99992 -0.00473555 -5.08994 -0.0385421 0.00428027 0.999248 281.152 
0.999158 0.0111049 0.0395096 -0.360824 -0.0108975 0.999926 -0.00545809 -5.11818 -0.0395673 0.00502298 0.999204 282.755 
0.999117 0.0107799 0.0406202 -0.325431 -0.0105777 0.999931 -0.00518738 -5.15479 -0.0406733 0.00475317 0.999161 284.324 
0.999103 0.00952839 0.0412623 -0.279814 -0.00936425 0.999948 -0.00416845 -5.19386 -0.0412999 0.00377836 0.99914 285.85 
0.999094 0.00835676 0.0417309 -0.242373 -0.00820504 0.999959 -0.00380453 -5.22797 -0.041761 0.00345872 0.999122 287.435 
0.999102 0.00774504 0.041649 -0.199517 -0.00748364 0.999951 -0.00642754 -5.26028 -0.0416968 0.00611013 0.999112 289.017 
0.999129 0.0063231 0.0412547 -0.153938 -0.00596793 0.999944 -0.00872566 -5.2902 -0.0413076 0.0084719 0.999111 290.61 
0.999147 0.0061315 0.0408394 -0.12119 -0.00577889 0.999945 -0.00874546 -5.32733 -0.0408909 0.00850203 0.999127 292.148 
0.999202 0.00514928 0.0396084 -0.0855675 -0.0048038 0.99995 -0.00881138 -5.3599 -0.0396518 0.00861412 0.999176 293.678 
0.999239 0.00452236 0.0387385 -0.0529549 -0.00417046 0.999949 -0.00915888 -5.40219 -0.038778 0.0089904 0.999207 295.254 
0.999262 0.00437702 0.0381658 -0.0185711 -0.00401979 0.999947 -0.00943068 -5.43746 -0.0382052 0.00927035 0.999227 296.876 
0.999277 0.00381021 0.0378309 -0.00570145 -0.00347844 0.999955 -0.00883082 -5.47504 -0.0378629 0.00869288 0.999245 298.454 
0.999322 0.0033225 0.0366566 0.030331 -0.00300589 0.999958 -0.00868761 -5.5112 -0.036684 0.00857158 0.99929 300.032 
0.999365 0.00249533 0.0355552 0.0587599 -0.00223667 0.999971 -0.00731177 -5.54637 -0.0355725 0.00722765 0.999341 301.617 
0.999379 0.00415926 0.0349924 0.0841174 -0.0039476 0.999974 -0.00611448 -5.57926 -0.035017 0.00597258 0.999369 303.218 
0.999348 0.00449095 0.0358351 0.0973906 -0.00427406 0.999972 -0.00612577 -5.60582 -0.0358617 0.00596865 0.999339 304.846 
0.99931 0.00461087 0.0368597 0.116327 -0.00438132 0.999971 -0.00630475 -5.6436 -0.0368877 0.00613894 0.999301 306.419 
0.999297 0.00313503 0.037351 0.140633 -0.0028981 0.999975 -0.0063947 -5.68122 -0.0373701 0.006282 0.999282 308.046 
0.999292 0.00112427 0.0376164 0.165574 -0.000849559 0.999973 -0.00731711 -5.71496 -0.0376237 0.00728001 0.999266 309.635 
0.999275 -0.000389204 0.0380664 0.198329 0.000741083 0.999957 -0.00922901 -5.75125 -0.0380612 0.00925058 0.999233 311.257 
0.999286 -0.000638203 0.037768 0.232839 0.00102508 0.999947 -0.0102239 -5.79203 -0.0377595 0.0102553 0.999234 312.857 
0.999371 -0.000222101 0.0354648 0.26371 0.000614994 0.999939 -0.0110666 -5.83815 -0.0354602 0.0110815 0.99931 314.47 
0.99944 0.000970899 0.0334565 0.285329 -0.000620305 0.999945 -0.0104866 -5.87824 -0.0334648 0.01046 0.999385 316.099 
0.999448 0.00225761 0.0331398 0.304378 -0.00202006 0.999972 -0.00719874 -5.91739 -0.0331551 0.00712787 0.999425 317.73 
0.99943 0.000703039 0.0337582 0.330493 -0.000561092 0.999991 -0.00421283 -5.95153 -0.0337609 0.00419152 0.999421 319.362 
0.999429 -0.000163806 0.033803 0.358343 0.000282359 0.999994 -0.00350114 -5.98312 -0.0338022 0.00350873 0.999422 320.993 
0.999413 -0.00117401 0.034231 0.382871 0.00134019 0.999987 -0.00483084 -6.01373 -0.034225 0.00487393 0.999402 322.636 
0.999393 -0.00206662 0.0347629 0.407531 0.00223834 0.999986 -0.00490036 -6.04525 -0.0347524 0.00497524 0.999384 324.281 
0.999356 -0.00204954 0.0358128 0.412496 0.00221537 0.999987 -0.00459009 -6.08175 -0.035803 0.00466652 0.999348 325.926 
0.99933 -0.00229541 0.0365153 0.437833 0.00246513 0.999986 -0.00460235 -6.11603 -0.0365043 0.00468933 0.999323 327.571 
0.999312 -0.000909017 0.037069 0.461093 0.00112046 0.999983 -0.00568249 -6.14979 -0.0370633 0.00572016 0.999297 329.212 
0.999283 -0.000278183 0.0378716 0.491681 0.000508739 0.999981 -0.00607719 -6.18851 -0.0378692 0.00609213 0.999264 330.849 
0.999238 -0.00179043 0.0389989 0.513348 0.0019523 0.99999 -0.00411184 -6.22505 -0.0389912 0.00418489 0.999231 332.519 
0.999219 -0.00301974 0.0393901 0.539335 0.00314901 0.99999 -0.00321925 -6.26164 -0.03938 0.00334082 0.999219 334.17 
0.999206 -0.004054 0.0396275 0.571245 0.0042327 0.999981 -0.00442561 -6.29254 -0.0396089 0.00458987 0.999205 335.811 
0.999199 -0.00255503 0.0399265 0.597424 0.00273164 0.999987 -0.00436827 -6.32763 -0.0399149 0.00447388 0.999193 337.452 
0.9992 -0.000957295 0.0399938 0.61993 0.00121226 0.999979 -0.00635027 -6.36467 -0.0399869 0.00639372 0.99918 339.084 
0.999217 0.00045153 0.03956 0.647885 -8.67457e-05 0.999958 -0.00922117 -6.40245 -0.0395625 0.00921056 0.999175 340.723 
0.999236 0.00204441 0.0390244 0.678078 -0.00170108 0.99996 -0.0088279 -6.44344 -0.0390409 0.00875481 0.999199 342.326 
0.999264 0.00231276 0.0383035 0.696411 -0.00211279 0.999984 -0.00525909 -6.48111 -0.0383151 0.00517433 0.999252 343.951 
0.999277 0.0031867 0.0378906 0.700822 -0.00308952 0.999992 -0.00262184 -6.5074 -0.0378987 0.00250292 0.999278 345.612 
0.999294 0.00368699 0.0373868 0.699077 -0.00353878 0.999986 -0.00402834 -6.53653 -0.0374012 0.00389324 0.999293 347.282 
0.999355 0.00301002 0.0357905 0.716588 -0.00281556 0.999981 -0.00548134 -6.57051 -0.0358064 0.00537707 0.999344 348.932 
0.999407 0.00180281 0.0343862 0.73462 -0.00165243 0.999989 -0.0043998 -6.60166 -0.0343938 0.00434041 0.999399 350.574 
0.999436 0.000496292 0.0335686 0.761238 -0.000360492 0.999992 -0.0040501 -6.63713 -0.0335704 0.00403576 0.999428 352.186 
0.999446 0.000211739 0.0332834 0.783437 -5.52335e-05 0.999989 -0.00470177 -6.67513 -0.0332841 0.00469737 0.999435 353.796 
0.999449 -0.000845721 0.033184 0.803972 0.0010302 0.999984 -0.00554125 -6.70783 -0.0331788 0.00557242 0.999434 355.421 
0.999444 -0.000952677 0.0333294 0.826168 0.00114565 0.999983 -0.00576993 -6.74397 -0.0333234 0.00580495 0.999428 357.035 
0.999439 -0.00146948 0.0334691 0.849752 0.00166679 0.999981 -0.00586696 -6.77933 -0.0334599 0.0059195 0.999423 358.653 
0.999441 -0.00218367 0.0333755 0.874698 0.00240441 0.999976 -0.00657402 -6.81383 -0.0333604 0.00665063 0.999421 360.266 
0.999431 -0.0023469 0.0336534 0.890083 0.00259001 0.999971 -0.00718093 -6.85242 -0.0336356 0.00726405 0.999408 361.882 
0.999411 -0.00296178 0.0341902 0.906523 0.00319871 0.999971 -0.00687595 -6.89357 -0.0341689 0.0069813 0.999392 363.508 
0.999408 -0.00258616 0.0343142 0.933704 0.0028477 0.999967 -0.00757401 -6.93382 -0.0342936 0.00766729 0.999382 365.123 
0.999405 -0.00406266 0.0342445 0.964726 0.00436449 0.999952 -0.00874272 -6.97758 -0.0342073 0.00888702 0.999375 366.707 
0.999393 -0.00570931 0.034363 0.989227 0.00595531 0.999957 -0.00705965 -7.01484 -0.0343213 0.00726005 0.999385 368.293 
0.999383 -0.00698761 0.0344192 1.01354 0.00720312 0.999955 -0.00613998 -7.05207 -0.0343748 0.00638416 0.999389 369.885 
0.99937 -0.00752506 0.0346731 1.0334 0.00778282 0.999943 -0.00730389 -7.08502 -0.0346162 0.00756919 0.999372 371.499 
0.999377 -0.00661473 0.0346756 1.06414 0.00689475 0.999945 -0.007961 -7.12572 -0.034621 0.00819516 0.999367 373.101 
0.999377 -0.00482693 0.0349592 1.08994 0.00507655 0.999962 -0.00705405 -7.16559 -0.0349239 0.00722717 0.999364 374.718 
0.999361 -0.00334802 0.0355921 1.11519 0.00358125 0.999973 -0.00648998 -7.20069 -0.0355694 0.00661333 0.999345 376.348 
0.999347 -0.00334702 0.0359669 1.14253 0.00358959 0.999971 -0.00668069 -7.24441 -0.0359436 0.00680548 0.999331 377.968 
0.999339 -0.00375992 0.03617 1.1655 0.00403711 0.999963 -0.00759229 -7.28471 -0.0361402 0.00773333 0.999317 379.579 
0.999344 -0.00351706 0.0360498 1.19898 0.00380422 0.999962 -0.00789879 -7.32119 -0.0360207 0.00803079 0.999319 381.201 
0.999328 -0.00334085 0.0364967 1.23119 0.00363769 0.999961 -0.00806874 -7.36002 -0.0364684 0.00819613 0.999301 382.818 
0.999326 -0.00199406 0.0366644 1.26536 0.00228506 0.999966 -0.00789552 -7.39817 -0.0366474 0.00797402 0.999296 384.442 
0.999321 -0.000410061 0.0368547 1.2964 0.000690343 0.999971 -0.00759147 -7.43489 -0.0368506 0.0076118 0.999292 386.081 
0.999316 0.00075968 0.0369789 1.3337 -0.000450254 0.999965 -0.00837407 -7.47308 -0.036984 0.00835173 0.999281 387.73 
0.999297 0.00178202 0.0374395 1.35973 -0.00144355 0.999958 -0.00906439 -7.51248 -0.0374541 0.00900402 0.999258 389.347 
0.999289 0.00276498 0.0376007 1.3936 -0.00242279 0.999955 -0.00914203 -7.55243 -0.0376244 0.00904448 0.999251 390.974 
0.999277 0.00391235 0.0378161 1.42428 -0.00360572 0.99996 -0.00817211 -7.59558 -0.0378466 0.00802989 0.999251 392.596 
0.999254 0.00474062 0.0383266 1.45386 -0.00444342 0.999959 -0.00783466 -7.63724 -0.0383623 0.00765855 0.999235 394.214 
0.999243 0.00543826 0.0385327 1.48447 -0.00512227 0.999953 -0.00829335 -7.67999 -0.038576 0.00808973 0.999223 395.855 
0.999233 0.0058536 0.0387217 1.52029 -0.00554695 0.999952 -0.00802097 -7.72492 -0.0387668 0.00780007 0.999218 397.467 
0.999217 0.00593334 0.0391271 1.5517 -0.00564378 0.999956 -0.00750549 -7.76495 -0.03917 0.00727883 0.999206 399.095 
0.999231 0.00544569 0.038823 1.59179 -0.00512517 0.999952 -0.00834964 -7.80821 -0.0388666 0.00814429 0.999211 400.727 
0.999234 0.00539643 0.0387527 1.62876 -0.0050421 0.999945 -0.00923425 -7.85133 -0.0388005 0.00903183 0.999206 402.385 
0.999233 0.00443747 0.0389071 1.66237 -0.0041009 0.999954 -0.00872489 -7.90258 -0.038944 0.00855868 0.999205 404.016 
0.999217 0.00417616 0.039349 1.69131 -0.00387799 0.999963 -0.00764967 -7.93754 -0.0393796 0.00749113 0.999196 405.694 
0.999205 0.00253091 0.039789 1.72286 -0.00226982 0.999976 -0.00660447 -7.96479 -0.0398048 0.00650895 0.999186 407.343 
0.99918 0.000802535 0.0404716 1.75195 -0.000512139 0.999974 -0.00718412 -8.00236 -0.0404763 0.00715754 0.999155 409 
0.999194 -0.000897381 0.0401434 1.80018 0.00122246 0.999967 -0.00807296 -8.04178 -0.0401349 0.00811557 0.999161 410.634 
