1 2.12261e-08 -2.11895e-08 0 2.12261e-08 1 2.10703e-08 0 -2.11895e-08 2.10703e-08 1 0 
0.999997 -0.00179569 -0.00148804 -0.0111576 0.00179445 0.999998 -0.000860555 -0.00862532 0.00148954 0.000857925 0.999999 0.585741 
0.999994 -0.00227521 -0.00250424 -0.028939 0.00226967 0.999995 -0.00223026 -0.0199513 0.00250926 0.0022246 0.999994 1.16314 
0.999987 -0.00245093 -0.00437148 -0.0422698 0.00243478 0.99999 -0.00370486 -0.0307008 0.00438047 0.00369421 0.999984 1.73548 
0.999969 -0.00467436 -0.00632626 -0.0546831 0.00464019 0.999975 -0.00541165 -0.0405665 0.00635135 0.00538217 0.999965 2.30305 
0.999944 -0.00708224 -0.00785119 -0.0683263 0.00702402 0.999948 -0.00742409 -0.0505831 0.00790332 0.00736857 0.999942 2.87521 
0.999924 -0.00825421 -0.0092071 -0.0852214 0.00817899 0.999933 -0.00818181 -0.0616786 0.00927398 0.00810592 0.999924 3.45532 
0.999909 -0.00852938 -0.01048 -0.107206 0.00845099 0.999936 -0.00750629 -0.0749423 0.0105433 0.00741708 0.999917 4.04327 
0.999895 -0.00886052 -0.01146 -0.127844 0.00876881 0.999929 -0.00803129 -0.0883494 0.0115303 0.00792999 0.999902 4.63859 
0.99989 -0.00809347 -0.0124201 -0.151285 0.00796016 0.999911 -0.0107484 -0.106031 0.012506 0.0106483 0.999865 5.23649 
0.999889 -0.00630753 -0.0135244 -0.178472 0.00610902 0.999874 -0.0146722 -0.120643 0.0136152 0.014588 0.999801 5.84225 
0.99988 -0.00483548 -0.0146955 -0.204283 0.00456189 0.999817 -0.0185973 -0.129593 0.0147827 0.0185281 0.999719 6.45833 
0.999871 -0.00314131 -0.0157252 -0.232908 0.00285155 0.999826 -0.0184177 -0.145367 0.0157803 0.0183706 0.999707 7.09136 
0.999858 -0.000611021 -0.0168574 -0.26272 0.000412059 0.99993 -0.0118062 -0.152919 0.0168634 0.0117976 0.999788 7.73925 
0.999847 0.000374147 -0.0174798 -0.294788 -0.000397837 0.999999 -0.00135419 -0.165471 0.0174792 0.00136098 0.999846 8.41135 
0.999835 0.00108445 -0.0181573 -0.325076 -0.000986509 0.999985 0.00539972 -0.182109 0.0181629 -0.00538087 0.999821 9.09198 
0.99981 0.00323783 -0.0192364 -0.360032 -0.00315214 0.999985 0.00448077 -0.198552 0.0192506 -0.00441924 0.999805 9.77641 
0.999791 0.0052143 -0.0197861 -0.400148 -0.00527027 0.999982 -0.00278001 -0.207596 0.0197712 0.00288374 0.9998 10.4755 
0.999767 0.00498419 -0.0210213 -0.428937 -0.00517228 0.999947 -0.00890474 -0.204267 0.0209757 0.00901143 0.999739 11.1926 
0.999754 0.00276547 -0.0220298 -0.45932 -0.0029295 0.999968 -0.00741898 -0.204682 0.0220085 0.00748173 0.99973 11.9329 
0.999748 0.00156901 -0.0224155 -0.491143 -0.00152345 0.999997 0.0020476 -0.217625 0.0224186 -0.00201289 0.999747 12.6983 
0.99974 0.00125826 -0.0227536 -0.524741 -0.00104696 0.999956 0.00929386 -0.223311 0.0227643 -0.00926758 0.999698 13.4862 
0.999727 6.1939e-05 -0.0233707 -0.558202 0.000214768 0.99993 0.0118354 -0.226956 0.0233698 -0.0118372 0.999657 14.2868 
0.999722 -0.00175186 -0.0235344 -0.587841 0.00200871 0.999939 0.0108928 -0.230394 0.0235138 -0.010937 0.999664 15.0973 
0.999735 -0.0019546 -0.0229468 -0.623317 0.00214407 0.999964 0.00823345 -0.228724 0.0229298 -0.00828042 0.999703 15.92 
0.999745 0.000278018 -0.0225751 -0.658784 -0.000172829 0.999989 0.00465949 -0.227687 0.0225761 -0.00465436 0.999734 16.7639 
0.999761 -0.00307649 -0.0216565 -0.690299 0.00306314 0.999995 -0.000651377 -0.237697 0.0216584 0.000584927 0.999765 17.6239 
0.999763 -0.00586606 -0.0209903 -0.71733 0.00572304 0.99996 -0.00686944 -0.248943 0.0210297 0.00674772 0.999756 18.4939 
0.999795 -0.00496239 -0.0196132 -0.76088 0.00472121 0.999913 -0.0123258 -0.259509 0.0196726 0.0122307 0.999732 19.3936 
0.999804 -0.00351749 -0.0194945 -0.796106 0.00325886 0.999906 -0.013285 -0.274766 0.0195393 0.0132189 0.999722 20.3007 
0.999799 -0.00318029 -0.0197872 -0.830836 0.00293268 0.999917 -0.0125323 -0.300402 0.0198254 0.0124718 0.999726 21.228 
0.9998 -0.00172733 -0.0199432 -0.865639 0.00144777 0.999901 -0.0140258 -0.321934 0.0199654 0.0139942 0.999703 22.1666 
0.999803 0.000913576 -0.0198162 -0.904407 -0.00123011 0.999872 -0.0159695 -0.345937 0.019799 0.0159907 0.999676 23.1147 
0.999789 0.0044941 -0.0200693 -0.947733 -0.00483529 0.999844 -0.0169871 -0.367985 0.0199897 0.0170806 0.999654 24.0827 
0.999776 0.00603176 -0.0202744 -0.985681 -0.00637384 0.999838 -0.0168526 -0.397825 0.0201694 0.0169781 0.999652 25.0604 
0.999765 0.00681022 -0.0205778 -1.026 -0.00715715 0.999833 -0.0168353 -0.429187 0.0204597 0.0169787 0.999647 26.0505 
0.999761 0.00682941 -0.0207532 -1.06429 -0.00717623 0.999835 -0.0166853 -0.457651 0.0206358 0.0168303 0.999645 27.0461 
0.999746 0.00767832 -0.0212047 -1.1067 -0.00801093 0.999846 -0.0156475 -0.486057 0.0210813 0.0158135 0.999653 28.0522 
0.999733 0.0084528 -0.0215017 -1.14689 -0.00874898 0.999868 -0.0137201 -0.51469 0.0213829 0.0139046 0.999675 29.0662 
0.999724 0.0089028 -0.0217622 -1.19191 -0.00917776 0.999879 -0.0125696 -0.541617 0.0216476 0.0127659 0.999684 30.0911 
0.999721 0.0087073 -0.0219468 -1.23352 -0.00900577 0.999868 -0.0135395 -0.570075 0.0218259 0.0137334 0.999667 31.1207 
0.999703 0.00999196 -0.0222312 -1.27724 -0.0103162 0.999841 -0.0145187 -0.597655 0.0220825 0.0147438 0.999647 32.1506 
0.99969 0.00976709 -0.0228958 -1.3159 -0.010078 0.999858 -0.0135043 -0.625307 0.0227606 0.0137309 0.999647 33.1925 
0.999682 0.00876197 -0.0236661 -1.35423 -0.0090184 0.999902 -0.0107523 -0.654803 0.0235695 0.0109623 0.999662 34.2501 
0.999669 0.00936098 -0.0239595 -1.4013 -0.00953537 0.999929 -0.00717638 -0.679261 0.0238906 0.00740251 0.999687 35.3057 
0.999653 0.00955081 -0.0245635 -1.44827 -0.00967098 0.999942 -0.00477998 -0.704507 0.0245164 0.00501591 0.999687 36.3713 
0.999644 0.00967042 -0.0248823 -1.4966 -0.00978572 0.999942 -0.00451793 -0.723856 0.0248371 0.00475985 0.99968 37.444 
0.999634 0.00911123 -0.0254762 -1.54227 -0.00926624 0.999939 -0.00597443 -0.74399 0.0254202 0.00620836 0.999658 38.5253 
0.999613 0.00944503 -0.0261509 -1.59208 -0.0096171 0.999933 -0.00646337 -0.765624 0.0260881 0.00671241 0.999637 39.6109 
0.999601 0.00940374 -0.0266324 -1.6439 -0.00954652 0.999941 -0.00524063 -0.790619 0.0265815 0.00549283 0.999632 40.6988 
0.999577 0.0092308 -0.0275719 -1.69049 -0.00931749 0.999952 -0.00301885 -0.816315 0.0275427 0.00327452 0.999615 41.7891 
0.999562 0.00926463 -0.0281036 -1.74113 -0.00928397 0.999957 -0.000559158 -0.837514 0.0280972 0.000819868 0.999605 42.8729 
0.999542 0.0106171 -0.0283493 -1.79625 -0.0106412 0.999943 -0.000702733 -0.861409 0.0283402 0.00100412 0.999598 43.9576 
0.999519 0.0117614 -0.028706 -1.84791 -0.0118985 0.999919 -0.00461282 -0.882514 0.0286493 0.0049522 0.999577 45.0346 
0.999503 0.013134 -0.0286507 -1.89769 -0.0133847 0.999874 -0.00857533 -0.904319 0.0285345 0.00895459 0.999553 46.1199 
0.999501 0.0135322 -0.0285437 -1.94973 -0.0137919 0.999865 -0.00892437 -0.929551 0.028419 0.00931363 0.999553 47.2031 
0.999495 0.0142625 -0.028382 -2.00157 -0.0144454 0.999876 -0.00625173 -0.954933 0.0282893 0.00665861 0.999578 48.2915 
0.999489 0.0150734 -0.028186 -2.05362 -0.0151971 0.999876 -0.0041815 -0.980375 0.0281195 0.00460776 0.999594 49.3809 
0.999516 0.0132015 -0.0281667 -2.09989 -0.0132891 0.999907 -0.00292522 -1.00227 0.0281254 0.00329816 0.999599 50.4659 
0.999527 0.0131323 -0.0278059 -2.15055 -0.0132468 0.999905 -0.00394023 -1.02285 0.0277515 0.00430675 0.999606 51.5675 
0.999541 0.0123448 -0.0276529 -2.19695 -0.0125105 0.999905 -0.00582872 -1.04575 0.0275783 0.00617204 0.999601 52.6617 
0.999544 0.0124289 -0.0275097 -2.24227 -0.0126485 0.999889 -0.00782683 -1.07277 0.0274094 0.00817126 0.999591 53.7609 
0.999565 0.0108817 -0.0274206 -2.29108 -0.0111679 0.999885 -0.0103067 -1.09867 0.0273052 0.0106085 0.999571 54.8598 
0.999582 0.00932165 -0.0273637 -2.33668 -0.0096948 0.999861 -0.0135376 -1.12994 0.0272337 0.0137972 0.999534 55.946 
0.999598 0.00792176 -0.0272391 -2.38379 -0.0083365 0.999851 -0.0151479 -1.16352 0.0271149 0.0153689 0.999514 57.0281 
0.999614 0.00638483 -0.0270577 -2.43314 -0.00673538 0.999894 -0.0128859 -1.19504 0.0269725 0.0130632 0.999551 58.1288 
0.999621 0.00486135 -0.0271038 -2.47476 -0.00505045 0.999963 -0.00691456 -1.22397 0.0270692 0.00704886 0.999609 59.2249 
0.999628 0.00319828 -0.0270943 -2.51817 -0.00322425 0.999994 -0.000916328 -1.24843 0.0270911 0.00100339 0.999633 60.3194 
0.999629 0.0014133 -0.0271865 -2.56292 -0.00141731 0.999999 -0.000129578 -1.26878 0.0271863 0.000168105 0.99963 61.4215 
0.999637 -0.00156767 -0.0269051 -2.61186 0.00148137 0.999994 -0.00322883 -1.28656 0.0269099 0.00318785 0.999633 62.5228 
0.999629 -0.00299549 -0.0270845 -2.66567 0.00282288 0.999976 -0.00641054 -1.30553 0.027103 0.00633175 0.999613 63.6255 
0.999631 -0.00101258 -0.0271593 -2.71864 0.000728912 0.999945 -0.0104541 -1.33425 0.0271684 0.0104305 0.999576 64.7373 
0.999636 -0.00075731 -0.0269585 -2.77465 0.000358376 0.99989 -0.0148014 -1.36217 0.0269667 0.0147864 0.999527 65.8376 
0.999648 0.00230679 -0.0264424 -2.82954 -0.00271701 0.999876 -0.0154901 -1.39136 0.0264033 0.0155565 0.99953 66.944 
0.999655 0.00661644 -0.0254252 -2.88585 -0.00691715 0.999907 -0.011759 -1.42561 0.025345 0.0119309 0.999608 68.048 
0.999642 0.00818989 -0.0254872 -2.93487 -0.00843639 0.999919 -0.00958072 -1.45863 0.0254066 0.00979234 0.999629 69.1499 
0.999645 0.00738773 -0.0256162 -2.97966 -0.00761832 0.999931 -0.00891767 -1.48425 0.0255485 0.0091097 0.999632 70.2561 
0.999656 0.00569747 -0.0255958 -3.028 -0.0059034 0.999951 -0.00797884 -1.51285 0.025549 0.00812724 0.999641 71.3599 
0.999651 0.00450311 -0.0260514 -3.07693 -0.00467292 0.999968 -0.00646256 -1.53938 0.0260214 0.00658208 0.99964 72.4511 
0.999643 0.00272342 -0.026565 -3.11995 -0.00284313 0.999986 -0.00447097 -1.56393 0.0265524 0.00454495 0.999637 73.5482 
0.999624 0.001592 -0.0273696 -3.16873 -0.00166902 0.999995 -0.00279305 -1.58791 0.027365 0.00283772 0.999622 74.6535 
0.999599 0.000671459 -0.0283234 -3.21497 -0.000781967 0.999992 -0.00389224 -1.61552 0.0283205 0.00391287 0.999591 75.7531 
0.999585 0.000831417 -0.0288004 -3.27627 -0.00104998 0.999971 -0.007576 -1.6436 0.0287933 0.00760314 0.999557 76.8458 
0.999557 0.00150221 -0.0297425 -3.32329 -0.00178906 0.999952 -0.00962166 -1.67012 0.0297266 0.00967064 0.999511 77.9281 
0.999528 0.00319844 -0.0305519 -3.377 -0.00344386 0.999962 -0.00798505 -1.69878 0.0305252 0.00808654 0.999501 79.0135 
0.999512 0.00412158 -0.0309503 -3.44078 -0.00424131 0.999984 -0.00380517 -1.72242 0.0309341 0.00393463 0.999514 80.1078 
0.999487 0.00568093 -0.031513 -3.50177 -0.00567792 0.999984 0.000183651 -1.74376 0.0315135 -4.58565e-06 0.999503 81.196 
0.999452 0.00643535 -0.0324671 -3.5491 -0.00641646 0.999979 0.000684544 -1.76308 0.0324708 -0.000475802 0.999473 82.2934 
0.999433 0.00634522 -0.0330673 -3.60351 -0.00639161 0.999979 -0.00129861 -1.78561 0.0330584 0.00150927 0.999452 83.3683 
0.999414 0.00656884 -0.0335943 -3.6576 -0.00664221 0.999976 -0.00207408 -1.80649 0.0335798 0.00229605 0.999433 84.4349 
0.999396 0.00562035 -0.0342941 -3.70881 -0.00570199 0.999981 -0.0022844 -1.82861 0.0342806 0.0024786 0.999409 85.502 
0.999371 0.00471747 -0.0351493 -3.76054 -0.00479016 0.999987 -0.00198507 -1.85296 0.0351394 0.00215224 0.99938 86.5431 
0.999363 0.00327055 -0.035529 -3.81511 -0.00329384 0.999994 -0.000598117 -1.87344 0.0355268 0.000714806 0.999369 87.5669 
0.99934 0.00336892 -0.0361706 -3.87121 -0.00329603 0.999992 0.00207343 -1.89487 0.0361773 -0.0019528 0.999344 88.5736 
0.999314 0.00268381 -0.0369473 -3.92808 -0.00258388 0.999993 0.00275096 -1.91267 0.0369544 -0.00265356 0.999313 89.556 
0.999228 0.00186808 -0.0392435 -3.98146 -0.00175227 0.999994 0.00298406 -1.93306 0.0392488 -0.00291295 0.999225 90.5173 
0.999106 0.000943455 -0.0422746 -4.03936 -0.000846779 0.999997 0.00230371 -1.95468 0.0422766 -0.00226581 0.999103 91.4563 
0.998973 0.000998993 -0.045297 -4.10593 -0.000942258 0.999999 0.00127293 -1.97312 0.0452982 -0.0012289 0.998973 92.3675 
0.998826 0.00103393 -0.0484306 -4.16422 -0.000960016 0.999998 0.00154851 -1.99245 0.0484321 -0.00150016 0.998825 93.2623 
0.998675 0.00211214 -0.0514099 -4.22917 -0.00197314 0.999994 0.00275363 -2.01161 0.0514154 -0.0026485 0.998674 94.1293 
0.998502 0.00231029 -0.0546645 -4.28787 -0.00210732 0.999991 0.00376956 -2.02165 0.0546726 -0.00364867 0.998498 94.9705 
0.998345 0.00322682 -0.0574158 -4.35772 -0.00293344 0.999982 0.0051925 -2.0372 0.0574315 -0.00501543 0.998337 95.8048 
0.998179 0.0046002 -0.0601534 -4.42099 -0.00425763 0.999974 0.00582123 -2.04818 0.0601785 -0.00555447 0.998172 96.6 
0.998007 0.00684418 -0.0627311 -4.48691 -0.00645518 0.999959 0.00640098 -2.06677 0.0627722 -0.00598324 0.99801 97.3656 
0.997831 0.00876304 -0.0652485 -4.55497 -0.00844323 0.999951 0.00517481 -2.08454 0.0652906 -0.00461263 0.997856 98.1062 
0.997659 0.0100882 -0.0676378 -4.62697 -0.0100147 0.999949 0.00142373 -2.09943 0.0676486 -0.00074298 0.997709 98.8168 
0.997461 0.0127531 -0.0700695 -4.69369 -0.0129432 0.999914 -0.00225951 -2.1156 0.0700346 0.00316074 0.99754 99.4973 
0.997316 0.0144981 -0.0717629 -4.7616 -0.0149021 0.999876 -0.00509728 -2.12792 0.0716801 0.00615306 0.997409 100.145 
0.997227 0.0165741 -0.0725462 -4.82296 -0.0170653 0.999835 -0.0061576 -2.14192 0.0724322 0.0073786 0.997346 100.769 
0.997255 0.0189647 -0.0715792 -4.88109 -0.01943 0.999794 -0.00580968 -2.15824 0.0714543 0.00718456 0.997418 101.369 
0.99738 0.0226807 -0.0686879 -4.93338 -0.0230343 0.999725 -0.00436005 -2.17297 0.0685701 0.00593084 0.997629 101.945 
0.997691 0.0252935 -0.0630348 -4.98219 -0.0255267 0.99967 -0.00289837 -2.19001 0.0629407 0.00450079 0.998007 102.495 
0.998111 0.0261246 -0.0556127 -5.01839 -0.026231 0.999655 -0.00118449 -2.19993 0.0555625 0.00264107 0.998452 103.021 
0.998605 0.0259149 -0.0459955 -5.04249 -0.0258835 0.999664 0.00127697 -2.21111 0.0460131 -8.46229e-05 0.998941 103.53 
0.999087 0.025635 -0.0341886 -5.06053 -0.025566 0.99967 0.00245251 -2.2222 0.0342402 -0.00157616 0.999412 104.007 
0.999479 0.0246552 -0.020809 -5.06839 -0.0246059 0.999694 0.00262097 -2.2348 0.0208673 -0.00210754 0.99978 104.46 
0.999681 0.0245797 -0.00574054 -5.06421 -0.0245691 0.999696 0.00189633 -2.24865 0.00578536 -0.00175464 0.999982 104.897 
0.999657 0.0231268 0.012307 -5.05448 -0.0231136 0.999732 -0.00120537 -2.26067 -0.0123316 0.000920543 0.999924 105.317 
0.999186 0.0225373 0.03347 -5.02998 -0.0223568 0.999734 -0.00575746 -2.27412 -0.0335909 0.00500453 0.999423 105.728 
0.998116 0.0205572 0.0578146 -4.99238 -0.0199829 0.999745 -0.0104927 -2.28434 -0.0580156 0.00931764 0.998272 106.126 
0.99623 0.018133 0.0848381 -4.93826 -0.0170895 0.999769 -0.0130099 -2.2976 -0.0850544 0.011511 0.99631 106.518 
0.99327 0.0153944 0.114792 -4.87407 -0.0138551 0.999803 -0.0141957 -2.31018 -0.114988 0.0125097 0.993288 106.901 
0.989015 0.0132909 0.147213 -4.79449 -0.0110412 0.99981 -0.0160884 -2.32238 -0.147399 0.0142863 0.988974 107.272 
0.983071 0.011005 0.182894 -4.70476 -0.00792634 0.999815 -0.0175553 -2.33608 -0.183054 0.0158085 0.982976 107.628 
0.97514 0.00769484 0.221458 -4.5978 -0.00383012 0.999833 -0.0178752 -2.35085 -0.221559 0.0165826 0.975006 107.981 
0.965138 0.005771 0.261677 -4.47764 -0.000875876 0.999823 -0.0188193 -2.3643 -0.261739 0.0179341 0.964972 108.323 
0.952763 0.00678078 0.303639 -4.35299 -0.000788333 0.999803 -0.0198535 -2.37882 -0.303714 0.0186764 0.95258 108.651 
0.937387 0.0088404 0.348177 -4.21583 -0.00191888 0.999794 -0.020219 -2.39467 -0.348284 0.018285 0.937211 108.967 
0.919478 0.00888512 0.393041 -4.05889 -0.00155819 0.999819 -0.0189566 -2.40687 -0.393139 0.0168178 0.919325 109.276 
0.899049 0.00808569 0.437773 -3.88857 -0.000464264 0.999847 -0.0175137 -2.42129 -0.437847 0.0155424 0.898915 109.567 
0.875587 0.0069783 0.483009 -3.70376 0.00191755 0.999838 -0.0179212 -2.43523 -0.483056 0.0166178 0.875432 109.852 
0.850033 0.00745613 0.526677 -3.50705 0.00346929 0.999799 -0.0197533 -2.45245 -0.526718 0.0186181 0.849836 110.121 
0.821975 0.00963082 0.569443 -3.29601 0.00417304 0.999728 -0.0229317 -2.46926 -0.569509 0.0212256 0.821711 110.383 
0.790683 0.0145318 0.612054 -3.07697 0.00279415 0.999622 -0.0273432 -2.48307 -0.61222 0.02333 0.790343 110.636 
0.756214 0.0208893 0.653991 -2.83893 -0.000292706 0.999501 -0.0315867 -2.49042 -0.654325 0.0236949 0.755843 110.887 
0.718188 0.0256353 0.695376 -2.5839 -0.00251993 0.99941 -0.034241 -2.50256 -0.695844 0.0228392 0.71783 111.127 
0.678099 0.0259955 0.73451 -2.30618 -0.000464419 0.999389 -0.0349411 -2.51776 -0.73497 0.0233524 0.677697 111.35 
0.636125 0.0234185 0.771231 -2.00807 0.00373605 0.999434 -0.0334294 -2.53077 -0.771577 0.0241466 0.635677 111.558 
0.591347 0.0215884 0.806128 -1.69576 0.00500855 0.999524 -0.0304416 -2.54328 -0.806402 0.0220391 0.590958 111.754 
0.544004 0.0202937 0.838837 -1.3713 0.00520838 0.999607 -0.0275609 -2.55636 -0.839067 0.0193622 0.543684 111.94 
0.495185 0.0176063 0.868609 -1.04123 0.00640199 0.999694 -0.0239129 -2.57643 -0.868764 0.0174022 0.49492 112.1 
0.443672 0.013885 0.896082 -0.687726 0.0088622 0.999763 -0.0198794 -2.59119 -0.896146 0.0167612 0.443444 112.245 
0.391211 0.0140082 0.920195 -0.330803 0.00604615 0.999823 -0.0177908 -2.61018 -0.920281 0.0125236 0.391057 112.378 
0.339523 0.0188657 0.940408 0.0312735 0.00224644 0.99978 -0.0208677 -2.6265 -0.940595 0.00919766 0.339406 112.488 
0.28855 0.0241518 0.95716 0.412749 0.00118518 0.999672 -0.0255817 -2.63848 -0.957464 0.00851602 0.288427 112.58 
0.241228 0.0261937 0.970115 0.805851 0.00268472 0.999614 -0.0276577 -2.65397 -0.970465 0.0092763 0.241064 112.659 
0.199633 0.0257077 0.979533 1.21722 0.00958612 0.999557 -0.0281868 -2.67159 -0.979824 0.015017 0.199298 112.713 
0.164337 0.0256933 0.98607 1.64736 0.0173322 0.999431 -0.0289299 -2.68375 -0.986252 0.021845 0.163798 112.755 
0.133975 0.0269431 0.990618 2.09471 0.0215996 0.999314 -0.0301007 -2.69542 -0.990749 0.0254297 0.133301 112.793 
0.105716 0.0255079 0.994069 2.56419 0.019614 0.999423 -0.0277311 -2.71069 -0.994203 0.0224293 0.105154 112.837 
0.0802732 0.0220168 0.99653 3.05085 0.0131889 0.999645 -0.023148 -2.72672 -0.996686 0.0150013 0.0799543 112.878 
0.0563019 0.0181465 0.998249 3.55237 0.00818069 0.999793 -0.018636 -2.74277 -0.99838 0.00921561 0.0561418 112.909 
0.0336949 0.0157243 0.999309 4.07246 0.0124179 0.999792 -0.0161506 -2.75958 -0.999355 0.0129535 0.0334926 112.915 
0.013607 0.0162978 0.999775 4.60984 0.0204695 0.999653 -0.0165744 -2.77781 -0.999698 0.0206904 0.0132686 112.906 
-0.00373584 0.0187806 0.999817 5.16313 0.0255236 0.9995 -0.0186793 -2.79386 -0.999667 0.0254492 -0.00421332 112.893 
-0.0180888 0.0242617 0.999542 5.73643 0.0260114 0.999379 -0.0237869 -2.80565 -0.999498 0.0255692 -0.0187087 112.884 
-0.0290771 0.0290006 0.999156 6.33497 0.0232155 0.999329 -0.02833 -2.81853 -0.999308 0.0223721 -0.0297308 112.88 
-0.0356411 0.0288229 0.998949 6.96178 0.0254197 0.999287 -0.0279257 -2.83548 -0.999041 0.0243977 -0.0363484 112.866 
-0.0382523 0.0255909 0.99894 7.60456 0.0315786 0.999204 -0.0243884 -2.85887 -0.998769 0.0306123 -0.03903 112.841 
-0.0378146 0.0241123 0.998994 8.26877 0.0336707 0.999172 -0.022842 -2.87549 -0.998717 0.032773 -0.0385952 112.826 
-0.0359926 0.0237386 0.99907 8.94814 0.0321205 0.999229 -0.0225852 -2.89837 -0.998836 0.0312777 -0.0367274 112.82 
-0.0346473 0.0240699 0.99911 9.64361 0.0286565 0.999323 -0.0230812 -2.92128 -0.998989 0.0278313 -0.0353136 112.817 
-0.0334596 0.0253593 0.999118 10.3567 0.0278577 0.999313 -0.0244313 -2.94171 -0.999052 0.0270157 -0.0341431 112.809 
-0.0323598 0.0261426 0.999134 11.085 0.0276491 0.999299 -0.0252514 -2.96665 -0.999094 0.026808 -0.0330599 112.796 
-0.0314893 0.0256394 0.999175 11.8362 0.0273165 0.99932 -0.0247822 -2.99179 -0.999131 0.0265136 -0.0321683 112.787 
-0.0308922 0.0244519 0.999224 12.5972 0.0263145 0.999374 -0.023642 -3.01685 -0.999176 0.0255637 -0.0315163 112.781 
-0.0303202 0.0229807 0.999276 13.3703 0.0271845 0.999385 -0.0221583 -3.04696 -0.999171 0.026493 -0.0309263 112.768 
-0.0308383 0.0207862 0.999308 14.1617 0.0277491 0.999416 -0.0199321 -3.0728 -0.999139 0.0271153 -0.0313971 112.756 
-0.0318809 0.0190134 0.999311 14.9545 0.0253792 0.999512 -0.0182075 -3.10073 -0.999169 0.0247812 -0.0323479 112.746 
-0.0331467 0.0178992 0.99929 15.7514 0.0244062 0.999556 -0.0170944 -3.12638 -0.999152 0.0238222 -0.0335688 112.737 
-0.0342294 0.0154188 0.999295 16.5561 0.0269109 0.999533 -0.0145006 -3.14792 -0.999052 0.0263956 -0.0346283 112.719 
-0.0351384 0.0139465 0.999285 17.3947 0.0284045 0.999513 -0.0129508 -3.16686 -0.998979 0.0279291 -0.0355174 112.692 
-0.0367607 0.0130403 0.999239 18.2274 0.0257062 0.999596 -0.0120992 -3.19359 -0.998993 0.0252419 -0.0370811 112.676 
-0.0375292 0.0176842 0.999139 19.053 0.0229565 0.999595 -0.01683 -3.21699 -0.999032 0.0223052 -0.03792 112.66 
-0.0383816 0.0223342 0.999014 19.889 0.0240751 0.999481 -0.0214197 -3.2405 -0.998973 0.0232292 -0.0388994 112.643 
-0.0393126 0.0239753 0.998939 20.7324 0.0244261 0.999436 -0.0230259 -3.26877 -0.998928 0.0234949 -0.039876 112.621 
-0.040842 0.0216612 0.998931 21.5835 0.0207721 0.999567 -0.0208257 -3.30038 -0.99895 0.0198993 -0.0412743 112.607 
-0.0418133 0.0172903 0.998976 22.431 0.0178886 0.999703 -0.0165541 -3.33183 -0.998965 0.0171781 -0.0421101 112.59 
-0.0419737 0.0118471 0.999049 23.281 0.0164938 0.999802 -0.0111631 -3.36198 -0.998983 0.0160095 -0.0421608 112.571 
-0.042012 0.00613581 0.999098 24.1369 0.0130653 0.999899 -0.00559129 -3.38504 -0.999032 0.0128187 -0.0420879 112.549 
-0.0420219 0.00494768 0.999104 24.9902 0.010463 0.999935 -0.00451168 -3.40839 -0.999062 0.0102641 -0.042071 112.536 
-0.0408882 0.0118067 0.999094 25.8279 0.0135132 0.999845 -0.0112625 -3.43559 -0.999072 0.0130405 -0.0410414 112.512 
-0.0395742 0.0228674 0.998955 26.6602 0.0157954 0.999628 -0.022257 -3.46053 -0.999092 0.014898 -0.0399207 112.486 
-0.0389509 0.0281695 0.998844 27.4993 0.0175535 0.999468 -0.0275025 -3.48144 -0.999087 0.016462 -0.0394246 112.469 
-0.0375956 0.0224646 0.999041 28.3467 0.0193354 0.999577 -0.021749 -3.51775 -0.999106 0.0184992 -0.0380141 112.451 
-0.0363879 0.0146364 0.999231 29.1929 0.0224581 0.999652 -0.0138247 -3.55004 -0.999085 0.0219378 -0.036704 112.428 
-0.0358137 0.0117315 0.99929 30.0256 0.0236784 0.99966 -0.0108872 -3.57688 -0.999078 0.0232717 -0.0360793 112.409 
-0.0358451 0.0124198 0.99928 30.8507 0.0227292 0.999674 -0.0116094 -3.6015 -0.999099 0.0222967 -0.0361157 112.394 
-0.0365264 0.0134601 0.999242 31.6716 0.0198397 0.999722 -0.0127413 -3.62451 -0.999136 0.0193593 -0.0367832 112.38 
-0.0384063 0.0136522 0.999169 32.4924 0.0179652 0.999755 -0.0129696 -3.65054 -0.999101 0.0174522 -0.0386421 112.363 
-0.0403543 0.0135446 0.999094 33.3075 0.0177701 0.99976 -0.0128359 -3.67694 -0.999027 0.017236 -0.0405853 112.344 
-0.042291 0.0138415 0.999009 34.1262 0.0168127 0.999772 -0.0131403 -3.70477 -0.998964 0.0162404 -0.0425141 112.322 
-0.0443109 0.0143318 0.998915 34.9353 0.0152429 0.99979 -0.0136681 -3.72665 -0.998902 0.0146207 -0.04452 112.304 
-0.0462766 0.0133011 0.99884 35.7385 0.0136251 0.999827 -0.0126829 -3.7553 -0.998836 0.0130224 -0.0464498 112.283 
-0.0482163 0.0120534 0.998764 36.5355 0.0140947 0.999836 -0.0113858 -3.78236 -0.998738 0.0135283 -0.0483782 112.257 
-0.0498721 0.0123277 0.99868 37.3274 0.0143285 0.99983 -0.0116264 -3.80736 -0.998653 0.0137298 -0.0500403 112.231 
-0.0516838 0.0133588 0.998574 38.1178 0.014384 0.999817 -0.0126309 -3.83124 -0.99856 0.0137107 -0.0518665 112.205 
-0.0526262 0.0135841 0.998522 38.8987 0.0147912 0.999808 -0.0128221 -3.85501 -0.998505 0.0140946 -0.052817 112.18 
-0.0536372 0.0124501 0.998483 39.6802 0.0167853 0.999792 -0.0115647 -3.88025 -0.998419 0.0161395 -0.0538351 112.148 
-0.0551843 0.0116822 0.998408 40.4609 0.016852 0.9998 -0.010767 -3.9053 -0.998334 0.016231 -0.0553701 112.12 
-0.0564349 0.0114032 0.998341 41.2286 0.0157798 0.99982 -0.0105281 -3.92826 -0.998282 0.0151595 -0.0566047 112.093 
-0.0576826 0.0106246 0.998278 41.9859 0.0142646 0.99985 -0.00981702 -3.94917 -0.998233 0.0136738 -0.0578255 112.069 
-0.0583822 0.00943536 0.99825 42.7307 0.0130763 0.999877 -0.00868594 -3.97038 -0.998209 0.0125463 -0.0584984 112.04 
-0.0592159 0.00924903 0.998202 43.453 0.0132796 0.999876 -0.00847672 -3.99115 -0.998157 0.0127538 -0.0593314 112.014 
-0.0592407 0.0117909 0.998174 44.1621 0.0136929 0.999846 -0.0109979 -4.01474 -0.99815 0.0130163 -0.0593931 111.983 
-0.0592291 0.0145474 0.998138 44.8687 0.0137932 0.99981 -0.0137532 -4.03819 -0.998149 0.0129529 -0.0594185 111.954 
-0.0593128 0.0160364 0.998111 45.5745 0.0116405 0.999814 -0.015372 -4.06273 -0.998172 0.0107068 -0.0594884 111.928 
-0.0595844 0.0169732 0.998079 46.2869 0.0123631 0.999791 -0.0162642 -4.0847 -0.998147 0.0113702 -0.0597818 111.903 
-0.059464 0.0166766 0.998091 46.9786 0.0135517 0.999782 -0.0158975 -4.11047 -0.998139 0.0125805 -0.059677 111.87 
-0.0597126 0.0162667 0.998083 47.6741 0.0144453 0.999777 -0.0154301 -4.13268 -0.998111 0.0134963 -0.0599343 111.841 
-0.0601913 0.0164112 0.998052 48.3668 0.010529 0.99982 -0.0158052 -4.15459 -0.998131 0.00955719 -0.0603532 111.824 
-0.0596877 0.0165359 0.99808 49.052 0.00815281 0.999838 -0.0160774 -4.18241 -0.998184 0.00717753 -0.0598128 111.793 
-0.0595189 0.0151389 0.998112 49.7389 0.0102231 0.999842 -0.0145555 -4.20574 -0.998175 0.00933745 -0.0596642 111.764 
-0.0607198 0.0147916 0.998045 50.423 0.0107261 0.999842 -0.0141656 -4.22493 -0.998097 0.00984495 -0.0608689 111.739 
-0.0642494 0.0143837 0.99783 51.1008 0.00784465 0.999873 -0.013908 -4.24648 -0.997903 0.00693405 -0.0643541 111.713 
-0.069362 0.0138138 0.997496 51.7742 0.0037376 0.999901 -0.0135872 -4.27355 -0.997585 0.0027858 -0.0694068 111.684 
-0.0751525 0.0177918 0.997013 52.4497 0.00781274 0.999821 -0.0172529 -4.294 -0.997141 0.0064928 -0.075278 111.642 
-0.0819086 0.0205934 0.996427 53.124 0.0099598 0.999754 -0.0198433 -4.31457 -0.99659 0.00829887 -0.0820936 111.595 
-0.0892557 0.0223871 0.995757 53.8023 0.00916858 0.999724 -0.0216544 -4.3353 -0.995967 0.00719689 -0.0894363 111.545 
-0.0955589 0.0215746 0.99519 54.4884 0.00558449 0.999761 -0.0211375 -4.35913 -0.995408 0.00353775 -0.0956566 111.498 
-0.100904 0.0202846 0.994689 55.177 0.00510533 0.99979 -0.0198706 -4.38662 -0.994883 0.00307318 -0.100987 111.441 
-0.1054 0.0209721 0.994209 55.8677 0.00296748 0.99978 -0.020775 -4.40769 -0.994425 0.000760608 -0.105439 111.381 
-0.109382 0.0203023 0.993792 56.5665 0.000770863 0.999793 -0.02034 -4.43065 -0.994 -0.00145875 -0.109375 111.321 
-0.111923 0.0169208 0.993573 57.2784 0.00131721 0.999857 -0.0168794 -4.45544 -0.993716 -0.000580461 -0.11193 111.252 
-0.113471 0.0137902 0.993446 57.9902 0.00327627 0.999903 -0.0135055 -4.47666 -0.993536 0.00172231 -0.113505 111.179 
-0.114817 0.0109507 0.993326 58.7132 0.00322049 0.999938 -0.0106513 -4.49959 -0.993382 0.00197605 -0.114845 111.108 
-0.115979 0.0109138 0.993192 59.4388 0.00257736 0.99994 -0.0106869 -4.51659 -0.993248 0.00132036 -0.116 111.036 
-0.116111 0.0146178 0.993129 60.1732 0.00435387 0.99989 -0.0142083 -4.53656 -0.993227 0.00267422 -0.116162 110.959 
-0.1161 0.0185553 0.993064 60.911 0.010286 0.999794 -0.0174785 -4.55919 -0.993184 0.0081854 -0.116267 110.877 
-0.116306 0.0232853 0.99294 61.6527 0.0175334 0.999618 -0.0213881 -4.58417 -0.993059 0.0149221 -0.11667 110.787 
-0.11691 0.0246322 0.992837 62.4008 0.0185095 0.999573 -0.0226197 -4.6078 -0.99297 0.0157324 -0.117316 110.71 
-0.117136 0.0223883 0.992864 63.1545 0.0164248 0.999653 -0.0206036 -4.633 -0.99298 0.0138941 -0.117463 110.64 
-0.116871 0.0175664 0.992992 63.906 0.0167839 0.999736 -0.0157102 -4.66016 -0.993005 0.0148302 -0.117135 110.561 
-0.116746 0.0154581 0.993042 64.6559 0.018886 0.999733 -0.0133419 -4.68561 -0.992982 0.017197 -0.117006 110.48 
-0.117584 0.0150418 0.992949 65.4072 0.0191704 0.999733 -0.0128744 -4.71121 -0.992878 0.0175214 -0.117841 110.401 
-0.119249 0.0160073 0.992735 66.151 0.0177635 0.999744 -0.0139865 -4.73427 -0.992706 0.0159665 -0.119502 110.328 
-0.121288 0.0167925 0.992475 66.9 0.0172606 0.999741 -0.014806 -4.75695 -0.992467 0.0153349 -0.121547 110.248 
-0.123429 0.0170728 0.992207 67.6465 0.0184052 0.999719 -0.0149125 -4.77961 -0.992183 0.0164211 -0.123708 110.169 
-0.12499 0.0172591 0.992008 68.3885 0.0188916 0.999709 -0.0150128 -4.80189 -0.991978 0.0168642 -0.125279 110.084 
-0.12696 0.0168295 0.991765 69.1383 0.0185351 0.999722 -0.0145918 -4.82477 -0.991735 0.0165299 -0.127236 109.999 
-0.128445 0.0172318 0.991567 69.8876 0.0165317 0.999747 -0.0152324 -4.84822 -0.991579 0.0144358 -0.128697 109.916 
-0.129496 0.0187954 0.991402 70.6548 0.0167059 0.99972 -0.016771 -4.87162 -0.991439 0.0143904 -0.129773 109.83 
-0.130228 0.0191801 0.991299 71.4276 0.0158454 0.999725 -0.0172615 -4.89953 -0.991357 0.0134596 -0.130496 109.739 
-0.131582 0.0195559 0.991112 72.2045 0.0158637 0.999719 -0.0176195 -4.92265 -0.991178 0.0134043 -0.131855 109.656 
-0.132702 0.0178501 0.990995 72.985 0.0163086 0.999742 -0.0158238 -4.94735 -0.991022 0.0140619 -0.132959 109.569 
-0.13388 0.0157672 0.990872 73.7736 0.0140208 0.999804 -0.0140149 -4.96797 -0.990898 0.0120165 -0.134075 109.483 
-0.135484 0.0136351 0.990686 74.5656 0.0110587 0.999864 -0.0122491 -4.99126 -0.990718 0.00929613 -0.135616 109.393 
-0.137903 0.013377 0.990355 75.3689 0.012552 0.999852 -0.0117574 -5.01032 -0.990366 0.0108096 -0.138051 109.301 
-0.139318 0.0138207 0.990151 76.1649 0.0136925 0.999834 -0.0120293 -5.03487 -0.990153 0.0118818 -0.139485 109.194 
-0.141642 0.015181 0.989802 76.9723 0.0131609 0.999823 -0.0134513 -5.05495 -0.989831 0.0111214 -0.141816 109.098 
-0.143054 0.0188358 0.989536 77.78 0.0147317 0.999749 -0.0169005 -5.07782 -0.989605 0.0121598 -0.143296 108.995 
-0.143557 0.0227684 0.98938 78.5934 0.0166509 0.999649 -0.0205887 -5.10507 -0.989502 0.0135184 -0.143885 108.889 
-0.144623 0.0268817 0.989122 79.4143 0.0179472 0.999538 -0.0245406 -5.1317 -0.989324 0.0142028 -0.145039 108.784 
-0.144244 0.0279373 0.989148 80.2413 0.0202915 0.999475 -0.0252699 -5.16192 -0.989334 0.0164262 -0.144735 108.675 
-0.143848 0.0273688 0.989221 81.0798 0.0240328 0.999419 -0.0241561 -5.19343 -0.989308 0.0202989 -0.144422 108.57 
-0.14387 0.0254815 0.989269 81.9274 0.0246186 0.999451 -0.0221635 -5.22588 -0.98929 0.0211658 -0.144418 108.465 
-0.143228 0.0240216 0.989398 82.7776 0.0240404 0.999495 -0.0207866 -5.25402 -0.989398 0.0208083 -0.143733 108.362 
-0.141444 0.0215859 0.989711 83.6306 0.0232029 0.99956 -0.0184847 -5.28447 -0.989674 0.0203496 -0.141883 108.259 
-0.139813 0.0185587 0.990004 84.4912 0.0239018 0.999596 -0.0153629 -5.31006 -0.98989 0.021515 -0.1402 108.155 
-0.138174 0.0152817 0.99029 85.3486 0.0245137 0.999627 -0.0120054 -5.33519 -0.990105 0.0226169 -0.138497 108.05 
-0.136697 0.0149575 0.9905 86.213 0.0225181 0.999675 -0.0119884 -5.36365 -0.990357 0.0206654 -0.136989 107.957 
-0.135487 0.0191329 0.990594 87.0726 0.023421 0.999596 -0.0161033 -5.39217 -0.990502 0.0210189 -0.135881 107.857 
-0.133573 0.0253441 0.990715 87.9228 0.024097 0.99946 -0.0223189 -5.4196 -0.990746 0.0208921 -0.134111 107.758 
-0.13221 0.0287388 0.990805 88.7708 0.0217654 0.999423 -0.0260844 -5.45068 -0.990983 0.0181166 -0.132759 107.666 
-0.130844 0.0263476 0.991053 89.6338 0.0203609 0.999507 -0.0238842 -5.48402 -0.991194 0.0170536 -0.131316 107.571 
-0.12973 0.0237595 0.991265 90.4976 0.020622 0.999561 -0.0212594 -5.5185 -0.991335 0.0176838 -0.130163 107.477 
-0.129019 0.0221823 0.991394 91.3635 0.021747 0.999573 -0.0195352 -5.5501 -0.991404 0.0190395 -0.129446 107.378 
-0.128225 0.0217874 0.991506 92.233 0.020836 0.999597 -0.0192705 -5.58347 -0.991526 0.0181881 -0.128628 107.281 
-0.127731 0.0217378 0.991571 93.1036 0.0201918 0.99961 -0.019313 -5.61576 -0.991603 0.0175547 -0.12812 107.188 
-0.126813 0.0198843 0.991727 93.9725 0.0231842 0.999585 -0.0170773 -5.64908 -0.991656 0.0208267 -0.127221 107.086 
-0.125373 0.0191683 0.991925 94.8382 0.0257897 0.999538 -0.0160558 -5.68014 -0.991774 0.0235685 -0.125809 106.981 
-0.124336 0.0204632 0.992029 95.7094 0.0280356 0.999461 -0.0171026 -5.71056 -0.991844 0.0256856 -0.124843 106.877 
-0.123192 0.022524 0.992127 96.5742 0.0287017 0.999405 -0.0191253 -5.74319 -0.991968 0.0261196 -0.123765 106.778 
-0.122425 0.0242064 0.992183 97.4393 0.0258803 0.99944 -0.0211901 -5.77076 -0.99214 0.0230837 -0.122983 106.691 
-0.121633 0.0200073 0.992374 98.3027 0.0211471 0.999622 -0.0175614 -5.80231 -0.99235 0.0188498 -0.12201 106.603 
-0.121386 0.0179209 0.992444 99.1689 0.0166317 0.999733 -0.0160183 -5.837 -0.992466 0.0145617 -0.121651 106.512 
-0.122393 0.0182743 0.992313 100.024 0.0132297 0.999772 -0.0167798 -5.87024 -0.992394 0.0110742 -0.122607 106.427 
-0.123589 0.0229641 0.992068 100.871 0.0100161 0.99971 -0.0218932 -5.89968 -0.992283 0.00723091 -0.123783 106.344 
-0.124295 0.0253819 0.991921 101.71 0.00922425 0.999659 -0.024424 -5.93284 -0.992202 0.00611393 -0.124487 106.254 
-0.124623 0.0257495 0.99187 102.546 0.0101567 0.999644 -0.0246752 -5.96897 -0.992152 0.00699909 -0.12484 106.162 
-0.124864 0.0250281 0.991858 103.378 0.0116511 0.99965 -0.0237579 -6.0078 -0.992106 0.00858968 -0.125112 106.067 
-0.125103 0.0258901 0.991806 104.206 0.0129493 0.999617 -0.0244606 -6.04127 -0.992059 0.00978312 -0.125391 105.971 
-0.125709 0.0291812 0.991638 105.035 0.0142505 0.999517 -0.0276065 -6.0753 -0.991965 0.010661 -0.126064 105.885 
-0.126198 0.0307123 0.99153 105.85 0.0139013 0.999477 -0.0291891 -6.11054 -0.991908 0.0100999 -0.126559 105.795 
-0.127297 0.0310836 0.991378 106.666 0.0123383 0.999481 -0.0297534 -6.14749 -0.991788 0.00844438 -0.127614 105.71 
-0.129453 0.0301415 0.991127 107.472 0.0108122 0.999521 -0.0289845 -6.18396 -0.991527 0.00696413 -0.129717 105.622 
-0.132458 0.0312458 0.990696 108.272 0.0107711 0.999489 -0.030083 -6.22518 -0.99113 0.00668616 -0.132727 105.529 
-0.135891 0.033934 0.990143 109.067 0.010589 0.999406 -0.0327982 -6.26195 -0.990667 0.00602766 -0.136169 105.439 
-0.139129 0.0354316 0.98964 109.86 0.00897221 0.999364 -0.0345183 -6.29916 -0.990234 0.00407677 -0.139358 105.346 
-0.142406 0.0355675 0.989169 110.647 0.00957685 0.999357 -0.034555 -6.33785 -0.989762 0.00455227 -0.142655 105.249 
-0.145199 0.034044 0.988817 111.431 0.0108157 0.999403 -0.0328203 -6.38142 -0.989343 0.00592928 -0.14548 105.146 
-0.147614 0.0349733 0.988427 112.209 0.0123692 0.999362 -0.0335129 -6.42073 -0.988968 0.00727903 -0.147952 105.041 
-0.149512 0.0393767 0.987976 112.984 0.00776967 0.999223 -0.0386492 -6.46456 -0.988729 0.00189774 -0.149702 104.944 
-0.151224 0.0462702 0.987416 113.753 0.00545452 0.998928 -0.0459742 -6.51039 -0.988485 -0.00156651 -0.151314 104.847 
-0.153764 0.049222 0.986881 114.517 0.00982758 0.998785 -0.0482845 -6.55237 -0.988059 0.00227425 -0.154061 104.734 
-0.156148 0.0474746 0.986592 115.29 0.0120924 0.998861 -0.0461511 -6.59425 -0.98766 0.00472384 -0.156544 104.616 
-0.159288 0.0396982 0.986434 116.063 0.01049 0.999203 -0.0385181 -6.64319 -0.987176 0.00421226 -0.159577 104.51 
-0.161554 0.037591 0.986148 116.831 0.00966878 0.999287 -0.0365078 -6.69108 -0.986817 0.00363687 -0.161802 104.401 
-0.162992 0.0404334 0.985799 117.593 0.00941225 0.999178 -0.0394259 -6.73609 -0.986583 0.00285248 -0.163239 104.284 
-0.165644 0.0439909 0.985204 118.347 0.00696218 0.999032 -0.0434377 -6.77575 -0.986161 -0.000336023 -0.165789 104.17 
-0.168091 0.046482 0.984675 119.092 0.0064241 0.998918 -0.0460576 -6.821 -0.985751 -0.00141622 -0.168207 104.056 
-0.169973 0.0506898 0.984144 119.839 0.0105812 0.998713 -0.0496126 -6.87196 -0.985392 0.00198056 -0.170291 103.938 
-0.171927 0.0552819 0.983557 120.585 0.010998 0.99847 -0.0541976 -6.91904 -0.985048 0.00149917 -0.172272 103.825 
-0.174778 0.0575768 0.982923 121.332 0.0101959 0.998341 -0.056667 -6.9667 -0.984555 0.000117641 -0.175075 103.708 
-0.177339 0.055184 0.982602 122.079 0.0111891 0.998475 -0.054056 -7.01689 -0.984086 0.0014082 -0.177686 103.592 
-0.181206 0.051609 0.98209 122.815 0.0153032 0.998649 -0.0496556 -7.07079 -0.983326 0.00603126 -0.181751 103.463 
-0.186767 0.0503072 0.981115 123.552 0.017749 0.998698 -0.0478299 -7.11735 -0.982244 0.0084808 -0.187417 103.332 
-0.193015 0.0492578 0.979959 124.289 0.0167665 0.998759 -0.0469004 -7.16224 -0.981053 0.00737796 -0.193601 103.204 
-0.201486 0.0493073 0.97825 125.02 0.015689 0.998767 -0.04711 -7.21291 -0.979366 0.00585577 -0.202011 103.069 
-0.21232 0.0499984 0.97592 125.75 0.0151437 0.998739 -0.0478727 -7.25669 -0.977083 0.00461473 -0.21281 102.926 
-0.22414 0.0507933 0.973232 126.472 0.0156951 0.9987 -0.0485077 -7.30574 -0.974431 0.00440244 -0.224646 102.768 
-0.23655 0.0517055 0.970243 127.189 0.0168898 0.998651 -0.0491015 -7.3506 -0.971472 0.00477222 -0.237105 102.601 
-0.248352 0.0518457 0.967282 127.897 0.0202673 0.998626 -0.048322 -7.3948 -0.968458 0.00760332 -0.249061 102.427 
-0.259423 0.051797 0.964374 128.6 0.0235974 0.998603 -0.0472875 -7.44232 -0.965476 0.0104892 -0.260283 102.24 
-0.269446 0.0518738 0.961617 129.305 0.0277418 0.998552 -0.0460929 -7.48589 -0.962616 0.0142575 -0.270495 102.045 
-0.278208 0.0525714 0.959081 129.996 0.0335501 0.998424 -0.0449958 -7.53083 -0.959935 0.0196591 -0.279533 101.843 
-0.285808 0.0526172 0.956841 130.686 0.0388176 0.998308 -0.0433027 -7.5765 -0.957501 0.0247661 -0.287366 101.637 
-0.292038 0.0527432 0.954951 131.375 0.039273 0.998297 -0.043127 -7.62139 -0.9556 0.024909 -0.293613 101.434 
-0.296998 0.0509046 0.95352 132.066 0.042535 0.998292 -0.0400461 -7.65991 -0.95393 0.0286644 -0.298656 101.23 
-0.298987 0.0481986 0.953039 132.75 0.0483795 0.998205 -0.0353052 -7.69757 -0.95303 0.0355517 -0.300782 101.015 
-0.299878 0.0469352 0.952822 133.43 0.0546314 0.997995 -0.0319664 -7.7326 -0.952412 0.042468 -0.30184 100.799 
-0.30073 0.0453408 0.952631 134.103 0.05697 0.99794 -0.0295127 -7.77342 -0.952006 0.0453961 -0.302693 100.594 
-0.300385 0.0507278 0.952468 134.765 0.0596559 0.997629 -0.034319 -7.81036 -0.951951 0.0465114 -0.302699 100.392 
-0.299156 0.0541296 0.952668 135.427 0.0595858 0.997501 -0.0379658 -7.84358 -0.952342 0.0454077 -0.301634 100.194 
-0.298307 0.0540412 0.952939 136.088 0.0616758 0.997401 -0.0372557 -7.87947 -0.952475 0.0476596 -0.300864 99.9948 
-0.29647 0.0526249 0.953591 136.745 0.0628663 0.997391 -0.0354969 -7.91321 -0.952971 0.049425 -0.299004 99.7984 
-0.294516 0.0499001 0.954343 137.394 0.0651545 0.997361 -0.0320423 -7.95422 -0.953423 0.0527428 -0.29699 99.6026 
-0.293137 0.0504732 0.954737 138.044 0.0659981 0.997292 -0.0324592 -7.99284 -0.95379 0.0534958 -0.295675 99.4137 
-0.29078 0.052953 0.955324 138.682 0.0668462 0.997152 -0.034925 -8.02543 -0.954452 0.0537042 -0.293491 99.2304 
-0.286126 0.0545475 0.956638 139.316 0.0686365 0.99698 -0.0363189 -8.06115 -0.955731 0.0552685 -0.289006 99.0442 
-0.280656 0.0538283 0.958298 139.952 0.0699863 0.996916 -0.0355006 -8.09574 -0.957253 0.0571042 -0.283558 98.8666 
-0.27512 0.0520047 0.960002 140.584 0.071334 0.996888 -0.0335597 -8.13131 -0.95876 0.0592478 -0.277974 98.6947 
-0.270524 0.050056 0.961411 141.204 0.0712458 0.99695 -0.0318591 -8.16759 -0.960073 0.0598778 -0.273265 98.5305 
-0.266459 0.0492934 0.962585 141.823 0.0715779 0.996946 -0.031239 -8.20217 -0.961185 0.0605759 -0.269174 98.3707 
-0.262788 0.0476831 0.963675 142.444 0.0716697 0.996984 -0.0297874 -8.23646 -0.962188 0.0612385 -0.265413 98.2161 
-0.258977 0.0463569 0.964771 143.059 0.0750415 0.996794 -0.0277519 -8.26453 -0.962964 0.0652107 -0.261625 98.0583 
-0.255223 0.0449145 0.965839 143.668 0.0769786 0.996694 -0.0260077 -8.29224 -0.963813 0.0677112 -0.257836 97.9035 
-0.251935 0.0433686 0.966772 144.271 0.0752534 0.996848 -0.0251072 -8.32602 -0.964814 0.0664275 -0.254405 97.7584 
-0.248485 0.0442076 0.967626 144.866 0.0720367 0.997035 -0.0270522 -8.35825 -0.965953 0.0629825 -0.250933 97.6247 
-0.244024 0.0479491 0.968583 145.46 0.0735419 0.996816 -0.0308186 -8.38481 -0.966977 0.063711 -0.246774 97.4901 
-0.23832 0.0511111 0.969841 146.042 0.0750118 0.9966 -0.0340885 -8.41328 -0.968286 0.0646256 -0.241343 97.3563 
-0.231682 0.0520159 0.9714 146.63 0.074139 0.996609 -0.0356834 -8.44319 -0.969962 0.0637514 -0.234753 97.2292 
-0.22328 0.0504829 0.973446 147.225 0.0706173 0.996872 -0.0355002 -8.47475 -0.972193 0.0608156 -0.226147 97.1115 
