1 2.12261e-08 -2.11895e-08 0 2.12261e-08 1 2.10703e-08 0 -2.11895e-08 2.10703e-08 1 0 
0.999998 0.000745929 0.00180552 -0.021767 -0.000744188 0.999999 -0.000941239 -0.0241454 -0.00180626 0.000939936 0.999998 1.22609 
0.999994 0.000911308 0.00336108 -0.0497811 -0.000909442 0.999999 -0.000544018 -0.0413866 -0.00336161 0.000541 0.999994 2.4415 
0.999991 0.000264931 0.00414377 -0.0588703 -0.000263703 1 -0.000286685 -0.0613209 -0.00414388 0.000285632 0.999991 3.65091 
0.999989 8.18797e-05 0.00476011 -0.0729079 -8.14796e-05 1 -7.53027e-05 -0.0813475 -0.00476016 7.49561e-05 0.999989 4.85403 
0.999985 -0.000269585 0.00552235 -0.084792 0.000268954 1 0.000122711 -0.104345 -0.00552243 -0.000121182 0.999985 6.05762 
0.999981 0.000208157 0.00623218 -0.0987394 -0.000202504 1 -0.000900963 -0.123015 -0.00623241 0.000899726 0.99998 7.27293 
0.999978 -1.71473e-05 0.00659469 -0.0939683 2.60452e-05 0.999999 -0.0013427 -0.141204 -0.0065947 0.00134288 0.999977 8.49933 
0.999978 -0.000700526 0.00662462 -0.108086 0.000699151 1 0.000216245 -0.164452 -0.00662481 -0.000211567 0.999978 9.71302 
0.999985 -0.00119945 0.00536924 -0.122308 0.00119323 0.999999 0.00117047 -0.18555 -0.00537068 -0.001164 0.999985 10.9169 
0.999993 -0.00241606 0.00302404 -0.142627 0.00241404 0.999997 0.000685218 -0.20621 -0.00302573 -0.000677871 0.999995 12.1172 
0.999997 -0.00205192 0.00103429 -0.168077 0.00205173 0.999998 0.000227674 -0.225249 -0.0010348 -0.000225509 0.999999 13.3207 
0.999998 -0.00203693 -0.000261469 -0.19278 0.002037 0.999998 0.000134306 -0.248279 0.000261153 -0.000134796 1 14.5366 
0.999999 -0.000645586 -0.00111927 -0.216827 0.000645503 1 -0.000112944 -0.267031 0.0011193 0.000112264 0.999999 15.7572 
0.999998 -0.00106286 -0.00152063 -0.243168 0.00106268 0.999999 -0.000151126 -0.287536 0.00152075 0.000149552 0.999999 16.9685 
0.999996 -0.00197004 -0.00197316 -0.276003 0.00197098 0.999998 0.000452281 -0.311289 0.00197222 -0.000456126 0.999998 18.1842 
0.999994 -0.00237774 -0.00247865 -0.29733 0.00237969 0.999997 0.00076489 -0.33427 0.00247678 -0.000770741 0.999997 19.4028 
0.999993 -0.00197509 -0.00303712 -0.323647 0.00197467 0.999998 -0.000157545 -0.353062 0.00303739 0.000151589 0.999995 20.6138 
0.99999 -0.00253587 -0.00370724 -0.347985 0.00253265 0.999996 -0.000884076 -0.373767 0.00370942 0.00087472 0.999993 21.8138 
0.999988 -0.00184963 -0.00451369 -0.376404 0.00184783 0.999998 -0.000411365 -0.394453 0.0045144 0.000403062 0.99999 23.0338 
0.999985 -0.00163888 -0.0052349 -0.403716 0.00163611 0.999999 -0.000542599 -0.41885 0.00523574 0.000534068 0.999986 24.242 
0.99998 -0.00183179 -0.00612978 -0.430607 0.00182489 0.999998 -0.00113845 -0.44268 0.00613181 0.00112729 0.999981 25.4464 
0.999975 -0.00153453 -0.00694467 -0.46143 0.00153064 0.999999 -0.000572701 -0.461764 0.00694549 0.000562099 0.999976 26.6565 
0.999967 -0.00274842 -0.00770361 -0.487399 0.00275855 0.999995 0.00129893 -0.483767 0.00769997 -0.0013201 0.99997 27.8655 
0.999955 -0.00322495 -0.00889701 -0.515463 0.00323793 0.999994 0.00144004 -0.505449 0.00889227 -0.00146874 0.999959 29.0664 
0.999943 -0.00398619 -0.00987879 -0.544109 0.00399196 0.999992 0.000560478 -0.523614 0.00987643 -0.000599839 0.999951 30.2806 
0.999926 -0.00439213 -0.0113645 -0.551005 0.00438475 0.99999 -0.000677453 -0.537397 0.0113673 0.000627614 0.999935 31.5265 
0.999918 -0.00362741 -0.0122724 -0.582718 0.0036185 0.999993 -0.000751002 -0.556946 0.012275 0.000706575 0.999924 32.7219 
0.999911 -0.00439566 -0.0126339 -0.626157 0.00439581 0.99999 -1.98293e-05 -0.583617 0.0126338 -3.56662e-05 0.99992 33.93 
0.999903 -0.00444036 -0.0132323 -0.664324 0.00444595 0.99999 0.000389867 -0.603914 0.0132304 -0.000448616 0.999912 35.1508 
0.999894 -0.00507615 -0.0136531 -0.706501 0.00508263 0.999987 0.000437148 -0.629125 0.0136507 -0.000506452 0.999907 36.3528 
0.999885 -0.00557462 -0.0141196 -0.749645 0.00558063 0.999984 0.000383118 -0.649612 0.0141172 -0.000461828 0.9999 37.5585 
0.999874 -0.00669505 -0.0143782 -0.783677 0.00671111 0.999977 0.00106625 -0.673346 0.0143707 -0.00116257 0.999896 38.7738 
0.999877 -0.0064575 -0.0142933 -0.822588 0.00649022 0.999976 0.00224069 -0.69189 0.0142785 -0.00233314 0.999895 39.9914 
0.99988 -0.00621001 -0.014202 -0.86187 0.00625449 0.999976 0.00308642 -0.712715 0.0141825 -0.00317483 0.999894 41.2173 
0.999883 -0.00565515 -0.0142251 -0.89794 0.00569351 0.99998 0.00265398 -0.732169 0.0142098 -0.00273461 0.999895 42.4472 
0.999895 -0.00466375 -0.0137549 -0.941146 0.00469837 0.999986 0.00248323 -0.747783 0.0137431 -0.00254755 0.999902 43.6761 
0.999911 -0.00211929 -0.0131937 -0.981559 0.00217495 0.999989 0.00420232 -0.763326 0.0131846 -0.0042306 0.999904 44.8996 
0.999926 -0.00249333 -0.0118707 -1.01077 0.00258053 0.99997 0.00733304 -0.783563 0.011852 -0.00736309 0.999903 46.1179 
0.999944 -0.00196422 -0.0104004 -1.04071 0.00207149 0.999945 0.0103087 -0.7982 0.0103795 -0.0103297 0.999893 47.3371 
0.99996 -0.00187463 -0.00877714 -1.07561 0.00199241 0.999908 0.0134249 -0.803787 0.00875112 -0.0134418 0.999871 48.5554 
0.999967 -0.0026798 -0.0076459 -1.10028 0.00279243 0.999887 0.0147522 -0.810694 0.00760547 -0.0147731 0.999862 49.7758 
0.99997 -0.00472215 -0.00622441 -1.12203 0.00480355 0.999902 0.0131216 -0.81321 0.00616179 -0.013151 0.999895 50.9947 
0.999978 -0.00387051 -0.00532036 -1.14611 0.00393158 0.999926 0.0115089 -0.817109 0.00527538 -0.0115295 0.99992 52.2081 
0.999984 -0.00347272 -0.00442407 -1.17365 0.00352069 0.999935 0.0108713 -0.822518 0.00438599 -0.0108867 0.999931 53.4213 
0.999983 -0.00395192 -0.00441059 -1.2005 0.00399804 0.999937 0.0104887 -0.832171 0.00436882 -0.0105061 0.999935 54.6209 
0.999975 -0.00482796 -0.00519076 -1.22848 0.00487709 0.999943 0.00948466 -0.841921 0.00514463 -0.0095097 0.999942 55.839 
0.999966 -0.00483373 -0.00667043 -1.26139 0.00489992 0.999939 0.00993634 -0.852436 0.00662195 -0.00996865 0.999928 57.0557 
0.999956 -0.0049517 -0.00792311 -1.29535 0.00503949 0.999926 0.0110942 -0.860218 0.00786755 -0.0111336 0.999907 58.2734 
0.999943 -0.00534276 -0.00921797 -1.32208 0.00544842 0.999919 0.0114713 -0.871582 0.0091559 -0.0115208 0.999892 59.5006 
0.99994 -0.00464187 -0.00997405 -1.36042 0.0047528 0.999927 0.0111231 -0.88009 0.00992164 -0.0111697 0.999888 60.7103 
0.999935 -0.00439701 -0.0105514 -1.39644 0.00451493 0.999927 0.0111743 -0.891659 0.0105014 -0.0112211 0.999882 61.9266 
0.999928 -0.00525743 -0.010775 -1.42816 0.00537249 0.999929 0.0106733 -0.902815 0.010718 -0.0107304 0.999885 63.1419 
0.999917 -0.00649995 -0.0111714 -1.45774 0.00660937 0.99993 0.00978125 -0.914348 0.011107 -0.00985422 0.99989 64.3632 
0.999913 -0.00661477 -0.0114272 -1.49539 0.00674254 0.999915 0.0111751 -0.924806 0.0113523 -0.0112512 0.999872 65.5687 
0.999908 -0.00670671 -0.0118284 -1.52542 0.00685635 0.999896 0.0126527 -0.933872 0.0117423 -0.0127326 0.99985 66.7842 
0.99991 -0.00606402 -0.011953 -1.56456 0.00619635 0.99992 0.011062 -0.942701 0.011885 -0.0111351 0.999867 67.9922 
0.999922 -0.00443101 -0.0116771 -1.60733 0.00454554 0.999942 0.00979624 -0.949251 0.011633 -0.00984851 0.999884 69.1976 
0.999933 -0.00222654 -0.0113203 -1.65213 0.00234178 0.999946 0.0101735 -0.961945 0.0112969 -0.0101993 0.999884 70.4127 
0.999939 -0.000381917 -0.0109989 -1.69385 0.000495648 0.999947 0.0103355 -0.97203 0.0109944 -0.0103402 0.999886 71.6125 
0.999939 0.00107948 -0.0109799 -1.72868 -0.000960404 0.999941 0.010841 -0.980245 0.0109909 -0.0108297 0.999881 72.8128 
0.999952 0.00148091 -0.0096734 -1.76375 -0.00136581 0.999928 0.0118895 -0.990289 0.00969027 -0.0118757 0.999883 74.0063 
0.999964 0.00344953 -0.0077541 -1.79457 -0.00335263 0.999917 0.0124701 -0.994964 0.00779642 -0.0124436 0.999892 75.2036 
0.999986 0.00193771 -0.0049169 -1.82367 -0.0018863 0.999944 0.0104312 -1.00672 0.00493679 -0.0104217 0.999934 76.3971 
0.999997 -0.00081745 -0.00218389 -1.84464 0.000829406 0.999985 0.00545998 -1.01621 0.00217935 -0.00546173 0.999983 77.5763 
1 -0.000137324 8.14044e-05 -1.86247 0.000136951 0.999987 0.00507294 -1.02935 -8.21424e-05 -0.00507289 0.999987 78.7617 
0.999995 -0.00138588 0.00284186 -1.87945 0.00136151 0.999962 0.00857338 -1.04288 -0.00285368 -0.00856942 0.999959 79.9418 
0.999978 -0.00108562 0.00654964 -1.89916 0.0010222 0.999953 0.00968396 -1.04523 -0.00655989 -0.00967701 0.999932 81.1013 
0.999941 -0.00090675 0.0108155 -1.9113 0.000820233 0.999968 0.00800502 -1.0554 -0.0108224 -0.00799564 0.99991 82.2654 
0.999891 -0.0013588 0.0146903 -1.92651 0.00128476 0.999986 0.00505102 -1.0747 -0.014697 -0.00503155 0.999879 83.4447 
0.999826 -0.00292634 0.0184396 -1.92773 0.00289115 0.999994 0.00193679 -1.09376 -0.0184452 -0.0018831 0.999828 84.5962 
0.999751 -0.00369685 0.0220219 -1.92442 0.00367448 0.999993 0.00105816 -1.11522 -0.0220257 -0.000976931 0.999757 85.7743 
0.999659 -0.00360498 0.0258716 -1.92246 0.00353204 0.99999 0.002866 -1.13482 -0.0258817 -0.0027736 0.999661 86.9598 
0.999554 -0.00248299 0.0297676 -1.91307 0.00238451 0.999992 0.00334463 -1.15496 -0.0297757 -0.00327212 0.999551 88.1277 
0.999422 -0.00304539 0.0338602 -1.89863 0.00300033 0.999995 0.00138284 -1.17553 -0.0338642 -0.00128041 0.999426 89.288 
0.999298 -0.00317829 0.0373357 -1.87958 0.00321088 0.999995 -0.000811749 -1.1968 -0.037333 0.000931101 0.999302 90.4485 
0.999182 -0.0033916 0.0402899 -1.84863 0.00343254 0.999994 -0.000945965 -1.22103 -0.0402865 0.00108353 0.999188 91.6081 
0.999048 -0.00430778 0.0434057 -1.82308 0.00430185 0.999991 0.000231017 -1.23627 -0.0434063 -4.40312e-05 0.999058 92.7852 
0.998928 -0.00452543 0.0460611 -1.78872 0.00445463 0.999989 0.00164049 -1.25226 -0.0460681 -0.00143351 0.998937 93.9598 
0.998798 -0.00548485 0.0487092 -1.74991 0.00532301 0.99998 0.00345257 -1.27045 -0.0487271 -0.0031891 0.998807 95.1337 
0.998673 -0.00706098 0.051019 -1.70508 0.00683967 0.999966 0.00451175 -1.28693 -0.0510492 -0.00415677 0.998688 96.2771 
0.99855 -0.00808308 0.0532278 -1.65964 0.00797866 0.999966 0.00217484 -1.30077 -0.0532436 -0.00174696 0.99858 97.4458 
0.998417 -0.00952231 0.0554332 -1.61543 0.00961103 0.999953 -0.00133343 -1.32139 -0.0554179 0.00186413 0.998462 98.6208 
0.998308 -0.00917848 0.0574257 -1.57058 0.00943345 0.999947 -0.00416974 -1.34523 -0.0573844 0.00470445 0.998341 99.7886 
0.998202 -0.0088804 0.0592736 -1.53093 0.00918959 0.999946 -0.00494495 -1.37045 -0.0592265 0.00548081 0.99823 100.971 
0.998174 -0.00884146 0.0597499 -1.48827 0.00912067 0.999949 -0.00440109 -1.39181 -0.059708 0.00493806 0.998204 102.164 
0.998202 -0.00867281 0.0593059 -1.45118 0.00884119 0.999958 -0.00257661 -1.41442 -0.0592811 0.00309635 0.998237 103.366 
0.998271 -0.00930256 0.0580423 -1.40789 0.00938564 0.999955 -0.00115824 -1.43878 -0.0580289 0.00170104 0.998313 104.571 
0.998373 -0.00881109 0.0563409 -1.36872 0.00884874 0.999961 -0.000418024 -1.45595 -0.056335 0.00091593 0.998412 105.803 
0.998515 -0.00846745 0.0538124 -1.32027 0.00847984 0.999964 -1.18127e-06 -1.47392 -0.0538105 0.000457541 0.998551 107.028 
0.99866 -0.00778877 0.0511575 -1.29484 0.00779598 0.99997 5.94507e-05 -1.49601 -0.0511564 0.000339492 0.998691 108.243 
0.998848 -0.00636165 0.0475719 -1.26696 0.00639089 0.99998 -0.000461716 -1.51464 -0.047568 0.000765252 0.998868 109.467 
0.999018 -0.00607939 0.0438862 -1.24353 0.00608768 0.999982 -5.42979e-05 -1.53695 -0.0438851 0.000321451 0.999037 110.692 
0.999182 -0.00553879 0.0400673 -1.22218 0.0055028 0.999984 0.00100947 -1.56182 -0.0400723 -0.000788123 0.999197 111.931 
0.999334 -0.00506297 0.0361459 -1.2124 0.00499796 0.999986 0.00188977 -1.58254 -0.036155 -0.00170781 0.999345 113.164 
0.999481 -0.00519296 0.0318016 -1.20047 0.00511387 0.999984 0.00256922 -1.60403 -0.0318144 -0.00240521 0.999491 114.428 
0.999623 -0.0046014 0.0270854 -1.18616 0.0045344 0.999987 0.00253618 -1.61797 -0.0270968 -0.00241236 0.99963 115.673 
0.999747 -0.00388989 0.0221498 -1.18226 0.00383856 0.99999 0.00236103 -1.63412 -0.0221588 -0.00227537 0.999752 116.91 
0.999844 -0.00328679 0.0173802 -1.18552 0.00325335 0.999993 0.00195494 -1.64942 -0.0173865 -0.00189805 0.999847 118.17 
0.999915 -0.00229715 0.0128312 -1.19711 0.00228048 0.999997 0.00131724 -1.66711 -0.0128342 -0.00128782 0.999917 119.424 
0.999955 -0.000315249 0.00950527 -1.21894 0.000304872 0.999999 0.00109762 -1.68128 -0.00950565 -0.00109463 0.999954 120.662 
0.999972 0.0015543 0.00737349 -1.23463 -0.00156414 0.999998 0.00133415 -1.70517 -0.00737144 -0.0013456 0.999972 121.909 
0.999976 0.00267721 0.00634483 -1.25189 -0.00268344 0.999996 0.000979055 -1.72314 -0.00634222 -0.000996016 0.999979 123.152 
0.999976 0.00460071 0.00524025 -1.27088 -0.00460628 0.999989 0.00105935 -1.73832 -0.00523536 -0.00108342 0.999986 124.403 
0.999972 0.00625374 0.004214 -1.29292 -0.00626151 0.999979 0.00184142 -1.75407 -0.00420243 -0.00186771 0.999989 125.662 
0.999974 0.00607727 0.00377403 -1.31306 -0.00608559 0.999979 0.00220939 -1.76915 -0.00376056 -0.00223226 0.99999 126.926 
0.999944 0.0100909 0.00323752 -1.35169 -0.010104 0.999941 0.00406128 -1.78229 -0.00319639 -0.00409372 0.999987 128.17 
0.999935 0.0111373 0.00252071 -1.37129 -0.0111554 0.999911 0.00731164 -1.79765 -0.0024391 -0.00733924 0.99997 129.435 
0.999947 0.010092 0.00220966 -1.39961 -0.010107 0.999925 0.00692451 -1.80806 -0.00213965 -0.00694644 0.999974 130.72 
0.999948 0.0100015 0.00192594 -1.429 -0.0100119 0.999935 0.00546029 -1.81971 -0.00187125 -0.00547924 0.999983 131.998 
0.999974 0.00711193 0.00091849 -1.44725 -0.00711783 0.999953 0.00663885 -1.83215 -0.000871275 -0.00664518 0.999978 133.28 
0.999987 0.00507342 -0.00022773 -1.46799 -0.0050713 0.999952 0.00834586 -1.83634 0.000270018 -0.00834455 0.999965 134.547 
0.999999 0.00158972 -0.000567867 -1.49002 -0.0015837 0.999945 0.0103602 -1.84827 0.000584263 -0.0103593 0.999946 135.829 
0.999999 -0.000347943 -0.000985259 -1.51248 0.000359206 0.999935 0.0114119 -1.85765 0.000981182 -0.0114122 0.999934 137.103 
0.999988 -0.00477164 -0.000915828 -1.52717 0.00478025 0.999943 0.00959658 -1.86626 0.000869941 -0.00960081 0.999954 138.382 
0.999974 -0.00718972 -0.000987444 -1.54869 0.00719798 0.999937 0.00858174 -1.87396 0.000925639 -0.00858858 0.999963 139.656 
0.999963 -0.00859565 -0.000747074 -1.56865 0.00860163 0.999928 0.00833537 -1.88538 0.000675331 -0.00834144 0.999965 140.933 
0.999962 -0.00872634 -0.000247312 -1.58893 0.00872818 0.999925 0.00860848 -1.89445 0.000172131 -0.00861027 0.999963 142.216 
0.999968 -0.00794404 0.000314875 -1.6129 0.00794034 0.999913 0.0104897 -1.90223 -0.000398221 -0.0104868 0.999945 143.504 
0.999982 -0.00594651 0.00124595 -1.64258 0.00593101 0.999909 0.0121245 -1.91784 -0.00131797 -0.0121169 0.999926 144.788 
0.999981 -0.00581189 0.00206039 -1.66916 0.00578971 0.999927 0.0106343 -1.93516 -0.00212209 -0.0106221 0.999941 146.086 
0.999984 -0.0051086 0.00251472 -1.69117 0.00508645 0.999949 0.00875499 -1.94567 -0.00255936 -0.00874201 0.999959 147.375 
0.999982 -0.00517143 0.00306942 -1.71029 0.00515174 0.999966 0.00640192 -1.96034 -0.00310246 -0.00638595 0.999975 148.658 
0.999973 -0.00644058 0.00342455 -1.7311 0.00643288 0.999977 0.00226753 -1.97654 -0.00343912 -0.0022454 0.999992 149.945 
0.999972 -0.00658551 0.00369411 -1.74603 0.00659033 0.999978 -0.0012825 -1.99579 -0.00368563 0.00130685 0.999992 151.233 
0.999969 -0.00681759 0.00391895 -1.76446 0.00682614 0.999974 -0.00216127 -2.01886 -0.00390416 0.002188 0.99999 152.518 
0.999968 -0.0070413 0.00375748 -1.77889 0.0070481 0.999974 -0.00178833 -2.04786 -0.00374483 0.0018148 0.999991 153.798 
0.999976 -0.006054 0.00349012 -1.7882 0.00605831 0.999981 -0.00121096 -2.07422 -0.00348276 0.00123212 0.999993 155.072 
0.99998 -0.0053463 0.00345078 -1.81615 0.00534684 0.999986 -0.000133827 -2.0991 -0.00345006 0.000152318 0.999994 156.373 
0.999984 -0.00484636 0.00299726 -1.8335 0.00484513 0.999988 0.000432404 -2.12512 -0.00299937 -0.000417833 0.999995 157.646 
0.999986 -0.00470168 0.00253762 -1.852 0.00470163 0.999989 4.24149e-05 -2.14789 -0.00253783 -3.04412e-05 0.999997 158.916 
0.999989 -0.00436197 0.00154037 -1.86595 0.00436166 0.999991 0.000234833 -2.16849 -0.00154142 -0.000228069 0.999999 160.203 
0.999988 -0.00493191 0.000834863 -1.88346 0.00493079 0.999987 0.00139239 -2.18845 -0.000841761 -0.00138822 0.999999 161.495 
0.999992 -0.00402833 0.000278862 -1.91116 0.00402787 0.99999 0.00178174 -2.21235 -0.000286079 -0.00178056 0.999998 162.776 
0.999993 -0.00368886 -0.000225377 -1.93861 0.00368913 0.999993 0.000991627 -2.2389 0.000221675 -0.000992409 1 164.062 
0.999993 -0.00366818 -0.00104867 -1.96242 0.00366796 0.999993 -0.000255827 -2.25937 0.00104956 0.000252021 0.999999 165.324 
0.999995 -0.00281192 -0.00178235 -1.98813 0.0028115 0.999996 -0.000257535 -2.28259 0.00178303 0.000252565 0.999998 166.598 
0.999993 -0.00264711 -0.00264553 -2.00621 0.00264417 0.999996 -0.00112697 -2.3017 0.00264846 0.00112001 0.999996 167.895 
0.999993 -0.00211947 -0.0032291 -2.03647 0.00211275 0.999996 -0.00209673 -2.3275 0.00323349 0.00208993 0.999993 169.179 
0.999991 -0.00216053 -0.00371844 -2.06978 0.00215383 0.999996 -0.00181483 -2.35282 0.0037223 0.00180685 0.999991 170.467 
0.999988 -0.00213744 -0.00444169 -2.09922 0.00213611 0.999998 -0.000313462 -2.38181 0.0044423 0.000304013 0.99999 171.752 
0.999984 -0.00202487 -0.00523054 -2.12914 0.00202494 0.999998 1.0737e-06 -2.40373 0.00523049 -1.16229e-05 0.999986 173.03 
0.999981 -0.00193479 -0.00592788 -2.16165 0.00193654 0.999998 0.000281112 -2.42397 0.00592728 -0.000292543 0.999982 174.318 
0.999978 -0.00140781 -0.00647922 -2.1991 0.00141179 0.999999 0.000603179 -2.44586 0.00647832 -0.00061227 0.999979 175.598 
0.999975 -0.00111308 -0.00703391 -2.23167 0.00111143 0.999999 -0.000244876 -2.46753 0.00703413 0.000237095 0.999975 176.87 
0.999972 -0.000160266 -0.0075158 -2.26761 0.000154615 1 -0.000758092 -2.48841 0.00751587 0.000756951 0.999972 178.145 
0.999968 -3.72295e-05 -0.00799379 -2.29851 3.45381e-05 1 -0.000342114 -2.51072 0.00799376 0.000341869 0.999968 179.427 
0.999967 -0.000276017 -0.0081694 -2.32885 0.000264482 0.999999 -0.00141818 -2.53713 0.00816974 0.00141602 0.999966 180.715 
0.999965 -0.00158731 -0.00816007 -2.3625 0.00156308 0.999994 -0.00298052 -2.5599 0.00816471 0.00296771 0.999962 181.991 
0.999955 -0.00468245 -0.00827513 -2.39263 0.00465933 0.999985 -0.00281627 -2.58374 0.00828815 0.00277762 0.999962 183.265 
0.999952 -0.00451829 -0.00866693 -2.42592 0.00452765 0.999989 0.00105581 -2.60985 0.00866203 -0.00109496 0.999962 184.54 
0.999944 -0.00568692 -0.00890287 -2.45566 0.00573661 0.999968 0.00556087 -2.63405 0.00887092 -0.00561159 0.999945 185.81 
0.999953 -0.00436146 -0.00869006 -2.49453 0.00440391 0.999979 0.00486639 -2.65032 0.0086686 -0.00490439 0.99995 187.058 
0.999961 -0.00264458 -0.00837246 -2.53184 0.002659 0.999995 0.00170597 -2.66782 0.00836786 -0.00172813 0.999964 188.306 
0.99996 -0.00195298 -0.00867773 -2.56888 0.00195155 0.999998 -0.000178184 -2.68596 0.00867802 0.000161285 0.999962 189.55 
0.999959 -0.00199268 -0.00887283 -2.59963 0.00199162 0.999998 -0.000133197 -2.70494 0.00887304 0.000115562 0.999961 190.806 
0.99996 -0.00229827 -0.00862304 -2.63549 0.00230844 0.999997 0.00116536 -2.72839 0.00862029 -0.00118518 0.999962 192.056 
0.999964 -0.00187979 -0.00831502 -2.6659 0.00190539 0.999994 0.00306685 -2.74577 0.00830916 -0.00308254 0.999961 193.327 
0.99997 -0.00247631 -0.00728459 -2.70355 0.00250565 0.999989 0.00401592 -2.76915 0.00727452 -0.00403401 0.999965 194.585 
0.999981 -0.00237616 -0.00562707 -2.73962 0.00239608 0.999991 0.00352823 -2.79244 0.0056186 -0.0035416 0.999978 195.838 
0.999984 -0.0035121 -0.00436666 -2.76518 0.00352126 0.999992 0.00208229 -2.81515 0.00435927 -0.00209759 0.999988 197.081 
0.999987 -0.00377964 -0.00330311 -2.79122 0.00378205 0.999993 0.000710583 -2.83656 0.00330036 -0.000723024 0.999994 198.306 
0.999988 -0.00458848 -0.00187962 -2.81128 0.00458876 0.99999 0.000117723 -2.85653 0.00187902 -0.000126305 0.999998 199.557 
0.999994 -0.00351746 -0.000755317 -2.82945 0.00351813 0.999994 0.000823576 -2.87452 0.000752372 -0.000826186 0.999999 200.788 
0.999991 -0.00409103 0.000781436 -2.85496 0.00408896 0.999988 0.00268739 -2.89808 -0.000792464 -0.00268413 0.999996 202.023 
0.999994 -0.00301789 0.00172394 -2.87319 0.00301244 0.99999 0.00318081 -2.91895 -0.00173357 -0.00317556 0.999993 203.261 
0.999991 -0.00322788 0.00276187 -2.88893 0.0032189 0.99999 0.00326395 -2.94046 -0.00277242 -0.00325499 0.999991 204.492 
0.999989 -0.00293443 0.00358337 -2.90265 0.00292237 0.99999 0.00337782 -2.95989 -0.00359329 -0.00336727 0.999988 205.705 
0.999985 -0.0031503 0.00448 -2.91638 0.00313409 0.999989 0.0036286 -2.9812 -0.00449142 -0.00361446 0.999983 206.908 
0.999982 -0.00273236 0.00536784 -2.93308 0.00271342 0.99999 0.00353978 -3.00009 -0.0053775 -0.00352511 0.999979 208.108 
0.999977 -0.00285181 0.00621458 -2.95267 0.0028292 0.999989 0.00365093 -3.02082 -0.00622496 -0.00363322 0.999974 209.312 
0.99997 -0.00399414 0.00658887 -2.96306 0.00397029 0.999986 0.00363609 -3.04091 -0.00660334 -0.00360978 0.999972 210.501 
0.999969 -0.00425831 0.00663654 -2.96848 0.00422905 0.999981 0.00442292 -3.05876 -0.00665529 -0.00439467 0.999968 211.675 
0.999968 -0.00469362 0.00648709 -2.98539 0.00465904 0.999975 0.00534119 -3.07278 -0.00651204 -0.00531076 0.999965 212.834 
0.999973 -0.00492613 0.00553285 -2.998 0.00489708 0.999974 0.00526024 -3.0934 -0.00555866 -0.00523296 0.999971 213.94 
0.999977 -0.00452206 0.00513387 -3.01354 0.00449999 0.999981 0.00431045 -3.11229 -0.0051533 -0.00428721 0.999978 215.058 
0.99998 -0.00433026 0.0046708 -3.0308 0.00431307 0.999984 0.00369217 -3.13481 -0.00468675 -0.00367191 0.999982 216.161 
0.999982 -0.00454574 0.00380415 -3.0383 0.00453276 0.999984 0.00342517 -3.15249 -0.00381971 -0.00340782 0.999987 217.25 
0.999985 -0.00502663 0.00231898 -3.05303 0.00501846 0.999981 0.00353371 -3.1737 -0.00233674 -0.00352198 0.999991 218.318 
0.999984 -0.00564053 0.00045026 -3.06168 0.00563865 0.999975 0.00416509 -3.18935 -0.000473785 -0.00416244 0.999991 219.396 
0.999976 -0.00668076 -0.00177945 -3.07606 0.0066907 0.999962 0.0056165 -3.20179 0.00174181 -0.00562823 0.999983 220.466 
0.999967 -0.00678485 -0.00458688 -3.08538 0.0068185 0.99995 0.0073528 -3.22109 0.00453672 -0.00738379 0.999962 221.512 
0.999954 -0.00658322 -0.00696033 -3.10967 0.00663462 0.999951 0.00738117 -3.23675 0.00691136 -0.00742697 0.999949 222.55 
0.999931 -0.00652274 -0.009785 -3.13237 0.00659181 0.999954 0.00703856 -3.25313 0.00973859 -0.00710253 0.999927 223.559 
0.999898 -0.00644884 -0.0127677 -3.15621 0.0065421 0.999952 0.00727269 -3.26861 0.0127201 -0.00735543 0.999892 224.556 
0.999861 -0.00592736 -0.0155544 -3.19061 0.00604951 0.999951 0.00781494 -3.28587 0.0155073 -0.00790791 0.999849 225.518 
0.99981 -0.0056756 -0.0186463 -3.22174 0.00581809 0.999954 0.00759374 -3.30158 0.0186023 -0.00770074 0.999797 226.461 
0.99974 -0.0059015 -0.0220208 -3.2532 0.00606107 0.999956 0.00718468 -3.31728 0.0219774 -0.00731624 0.999732 227.374 
0.999647 -0.00620164 -0.0258291 -3.28377 0.0063757 0.999958 0.00666059 -3.3342 0.0257867 -0.00682288 0.999644 228.263 
0.999552 -0.00531584 -0.0294684 -3.31824 0.00550868 0.999964 0.00646552 -3.35106 0.0294329 -0.00662491 0.999545 229.133 
0.999462 -0.00500017 -0.0324222 -3.36284 0.00518961 0.99997 0.00576016 -3.36728 0.0323923 -0.00592528 0.999458 229.973 
0.999368 -0.00337518 -0.0353894 -3.39756 0.00358262 0.999977 0.00579863 -3.38248 0.035369 -0.00592171 0.999357 230.81 
0.999349 -0.00247496 -0.035982 -3.44337 0.00270679 0.999976 0.00639452 -3.39618 0.0359653 -0.00648771 0.999332 231.616 
0.99937 -0.00230539 -0.0354116 -3.48865 0.00256714 0.99997 0.00734675 -3.40768 0.0353936 -0.00743299 0.999346 232.403 
0.999388 -0.00197462 -0.0349395 -3.53023 0.00226592 0.999963 0.00829868 -3.42227 0.0349217 -0.00837272 0.999355 233.169 
0.999392 -0.00223599 -0.0348006 -3.56508 0.00250936 0.999966 0.00781235 -3.43406 0.0347819 -0.00789488 0.999364 233.921 
0.999403 -0.00172757 -0.0344968 -3.60424 0.00193039 0.999981 0.00584585 -3.44487 0.034486 -0.00590891 0.999388 234.655 
0.999428 -0.00182797 -0.0337827 -3.63875 0.0019567 0.999991 0.00377666 -3.45691 0.0337755 -0.00384056 0.999422 235.385 
0.999468 -0.00181387 -0.0325795 -3.67687 0.00189355 0.999995 0.00241384 -3.46944 0.032575 -0.0024742 0.999466 236.111 
0.999504 -0.00140722 -0.0314548 -3.70841 0.00147274 0.999997 0.00205854 -3.48385 0.0314517 -0.0021038 0.999503 236.843 
0.999553 -0.00193041 -0.0298214 -3.73836 0.00198806 0.999996 0.00190199 -3.49442 0.0298176 -0.00196039 0.999553 237.57 
0.999606 -0.00195551 -0.0279909 -3.76883 0.00200927 0.999996 0.00189101 -3.50408 0.0279871 -0.00194647 0.999606 238.298 
0.999659 -0.00183664 -0.0260503 -3.79576 0.00188116 0.999997 0.00168277 -3.51526 0.0260471 -0.00173115 0.999659 239.024 
0.999711 -0.00205765 -0.0239636 -3.82427 0.00209195 0.999997 0.00140456 -3.52752 0.0239606 -0.00145424 0.999712 239.743 
0.999777 -0.00184023 -0.0210574 -3.85252 0.0018748 0.999997 0.00162023 -3.5378 0.0210543 -0.00165931 0.999777 240.472 
0.999831 -0.00288501 -0.0181369 -3.86711 0.00292827 0.999993 0.00235707 -3.55028 0.0181299 -0.00240974 0.999833 241.198 
0.999878 -0.00396331 -0.0151148 -3.89197 0.00400689 0.999988 0.00285152 -3.56549 0.0151033 -0.0029117 0.999882 241.926 
0.999921 -0.00420912 -0.0118255 -3.91712 0.00424492 0.999987 0.00300055 -3.57881 0.0118126 -0.00305047 0.999926 242.64 
0.99995 -0.00453798 -0.00895369 -3.93061 0.00456138 0.999986 0.00258965 -3.58925 0.00894177 -0.00263031 0.999957 243.343 
0.999972 -0.00460647 -0.00588039 -3.94704 0.00462044 0.999987 0.00235653 -3.59954 0.00586941 -0.00238359 0.99998 244.042 
0.999989 -0.00362073 -0.00286856 -3.96209 0.00362442 0.999993 0.00126893 -3.60808 0.0028639 -0.00127927 0.999995 244.745 
0.999994 -0.00354859 8.66375e-05 -3.96999 0.00354857 0.999994 0.000696641 -3.61894 -8.91514e-05 -0.000696287 1 245.458 
0.99999 -0.00346738 0.00300014 -3.97939 0.00346262 0.999993 0.00160439 -3.62906 -0.00300573 -0.00159395 0.999994 246.162 
0.999978 -0.0033093 0.00573542 -3.98917 0.0032964 0.999992 0.00226587 -3.64068 -0.00574292 -0.00224687 0.999981 246.869 
0.99996 -0.00337632 0.00827012 -3.99457 0.00335845 0.999992 0.00217895 -3.65186 -0.00827745 -0.00215105 0.999963 247.577 
0.999938 -0.00287412 0.010746 -4.00145 0.00287067 0.999996 0.000340468 -3.66106 -0.010747 -0.000309557 0.999942 248.279 
0.999921 -0.00293528 0.0122576 -4.00263 0.00295869 0.999994 -0.00188867 -3.67352 -0.012252 0.00192482 0.999923 248.99 
0.9999 -0.00493391 0.0132363 -4.00317 0.00497812 0.999982 -0.00330637 -3.68722 -0.0132198 0.00337198 0.999907 249.704 
0.9999 -0.00484454 0.0133062 -4.00329 0.00489316 0.999982 -0.00362073 -3.70019 -0.0132884 0.00368552 0.999905 250.427 
0.999892 -0.0055816 0.0136256 -4.00471 0.00563857 0.999976 -0.00414361 -3.71379 -0.0136022 0.00422003 0.999899 251.151 
0.999898 -0.0045987 0.0135463 -4.00502 0.00465957 0.999979 -0.00446161 -3.73017 -0.0135256 0.00452431 0.999898 251.886 
0.999892 -0.00380317 0.014189 -4.01783 0.00387189 0.999981 -0.00481583 -3.75216 -0.0141704 0.00487029 0.999888 252.633 
0.999881 -0.00460738 0.0147188 -4.02794 0.00470691 0.999966 -0.00673151 -3.76586 -0.0146874 0.00680003 0.999869 253.402 
0.999843 -0.00830932 0.0156236 -4.04185 0.00844752 0.999926 -0.00879759 -3.78651 -0.0155494 0.00892824 0.999839 254.184 
0.999799 -0.0114237 0.0165023 -4.03729 0.0115812 0.999888 -0.00947781 -3.80269 -0.0163922 0.00966706 0.999819 254.961 
0.999808 -0.00904046 0.0173711 -4.04963 0.00913941 0.999942 -0.00562315 -3.81762 -0.0173193 0.00578088 0.999833 255.746 
0.999825 -0.00494613 0.0180361 -4.05972 0.00493847 0.999988 0.000471364 -3.83056 -0.0180382 -0.000382169 0.999837 256.534 
0.999805 -0.00582802 0.0188821 -4.05828 0.0057502 0.999975 0.00417535 -3.84806 -0.018906 -0.00406592 0.999813 257.326 
0.999751 -0.00687722 0.0212294 -4.05198 0.00683201 0.999974 0.00220336 -3.85918 -0.0212441 -0.00205773 0.999772 258.117 
0.999661 -0.00572116 0.0254195 -4.04864 0.00582439 0.999975 -0.00398717 -3.86937 -0.0253961 0.00413391 0.999669 258.908 
0.99957 -0.00372337 0.0290749 -4.04 0.00394593 0.999963 -0.00759947 -3.88151 -0.0290456 0.00771098 0.999548 259.721 
0.999467 -0.00209247 0.0325668 -4.03452 0.00233277 0.99997 -0.00734112 -3.89614 -0.0325505 0.00741322 0.999443 260.541 
0.999344 -0.00364781 0.0360204 -4.0194 0.00382995 0.99998 -0.00498785 -3.91325 -0.0360016 0.00512257 0.999339 261.377 
0.999212 -0.00661807 0.0391478 -3.99912 0.00669076 0.999976 -0.00172517 -3.92766 -0.0391355 0.00198578 0.999232 262.217 
0.999075 -0.00873786 0.0420978 -3.97566 0.00875313 0.999962 -0.000177495 -3.93967 -0.0420947 0.00054586 0.999114 263.056 
0.998941 -0.00788725 0.0453272 -3.95422 0.0078867 0.999969 0.000191766 -3.94988 -0.0453273 0.000165961 0.998972 263.896 
0.998821 -0.00621713 0.0481535 -3.94033 0.00630936 0.999979 -0.00176267 -3.96904 -0.0481415 0.00206445 0.998838 264.731 
0.998712 -0.00572598 0.0504205 -3.91191 0.00592972 0.999975 -0.00389115 -3.98777 -0.050397 0.00418516 0.998721 265.57 
0.99857 -0.00555311 0.0531637 -3.88797 0.00577004 0.999976 -0.00392712 -4.0032 -0.0531406 0.0042283 0.998578 266.411 
0.99841 -0.004634 0.0561814 -3.85864 0.00474391 0.999987 -0.00182246 -4.0218 -0.0561723 0.00208612 0.998419 267.263 
0.998218 -0.00341614 0.0595823 -3.83184 0.00342698 0.999994 -7.89494e-05 -4.0423 -0.0595817 0.000283037 0.998223 268.118 
0.998039 -0.00277274 0.0625404 -3.79105 0.00278484 0.999996 -0.000105675 -4.05841 -0.0625399 0.000279673 0.998042 268.972 
0.997837 -0.00265194 0.0656854 -3.7585 0.00269871 0.999996 -0.000622705 -4.07105 -0.0656836 0.000798665 0.99784 269.819 
0.997631 -0.00415387 0.0686628 -3.71835 0.00423279 0.999991 -0.00100337 -4.08356 -0.068658 0.00129167 0.997639 270.669 
0.997465 -0.00710071 0.0708103 -3.67754 0.00713706 0.999975 -0.000259666 -4.0976 -0.0708067 0.000764425 0.99749 271.527 
0.997381 -0.00797796 0.0718924 -3.63223 0.00803854 0.999968 -0.00055265 -4.10826 -0.0718857 0.00112915 0.997412 272.38 
0.997319 -0.00887319 0.0726365 -3.58684 0.00892841 0.99996 -0.000434887 -4.12448 -0.0726298 0.00108229 0.997358 273.237 
0.997268 -0.00864836 0.0733662 -3.54708 0.00869804 0.999962 -0.000357029 -4.13693 -0.0733604 0.000994236 0.997305 274.093 
0.997277 -0.00800955 0.0733166 -3.49948 0.00802814 0.999968 4.17941e-05 -4.14577 -0.0733146 0.000546956 0.997309 274.961 
0.997306 -0.00757413 0.0729667 -3.45789 0.00756638 0.999971 0.000383281 -4.15949 -0.0729676 0.000169886 0.997334 275.821 
0.997398 -0.00779257 0.0716738 -3.40883 0.00784289 0.999969 -0.000420087 -4.17637 -0.0716684 0.000981164 0.997428 276.68 
0.997514 -0.00754548 0.0700656 -3.36818 0.00765694 0.99997 -0.00132176 -4.18951 -0.0700536 0.001855 0.997542 277.539 
0.997623 -0.00636349 0.0686162 -3.3282 0.00653205 0.999976 -0.00223179 -4.20114 -0.0686004 0.00267473 0.997641 278.411 
0.997723 -0.00562748 0.0672082 -3.29082 0.00581164 0.99998 -0.00254418 -4.21784 -0.0671925 0.00292902 0.997736 279.267 
0.997845 -0.00433135 0.0654657 -3.25317 0.0045184 0.999986 -0.00270867 -4.23681 -0.0654531 0.00299867 0.997851 280.115 
0.997967 -0.00405784 0.0636026 -3.22447 0.00421077 0.999989 -0.00226996 -4.25172 -0.0635927 0.0025332 0.997973 280.971 
0.998126 -0.00423228 0.0610417 -3.19527 0.00429088 0.99999 -0.000828237 -4.26889 -0.0610376 0.00108865 0.998135 281.83 
0.998351 -0.00549851 0.05715 -3.16454 0.00542412 0.999984 0.0014574 -4.28417 -0.0571571 -0.00114497 0.998365 282.685 
0.998593 -0.00684979 0.052583 -3.13695 0.00669061 0.999973 0.00320354 -4.3008 -0.0526036 -0.00284718 0.998611 283.533 
0.998821 -0.0071361 0.0480108 -3.118 0.0069286 0.999966 0.00448797 -4.31348 -0.0480412 -0.00415 0.998837 284.369 
0.99903 -0.00748103 0.0434006 -3.0989 0.00726851 0.999961 0.00505345 -4.32515 -0.0434367 -0.00473304 0.999045 285.197 
0.999213 -0.0081905 0.0388219 -3.08293 0.00798608 0.999953 0.00541881 -4.33806 -0.0388645 -0.00510447 0.999231 286.012 
0.999374 -0.00913311 0.0341852 -3.07325 0.00894609 0.999944 0.005621 -4.34978 -0.0342346 -0.00531161 0.9994 286.818 
0.999503 -0.00931627 0.0301056 -3.06286 0.00915939 0.999944 0.00534614 -4.36332 -0.0301537 -0.0050677 0.999532 287.606 
0.999608 -0.00867454 0.0266332 -3.06229 0.00853885 0.99995 0.00520587 -4.37359 -0.026677 -0.00497637 0.999632 288.38 
0.9997 -0.00858459 0.022932 -3.06627 0.00846959 0.999951 0.00510914 -4.3834 -0.0229747 -0.00491335 0.999724 289.137 
0.99977 -0.00869802 0.0195929 -3.07541 0.00859645 0.999949 0.00526422 -4.40201 -0.0196377 -0.00509454 0.999794 289.871 
0.999834 -0.00960608 0.0154902 -3.08163 0.00953697 0.999944 0.00453252 -4.4153 -0.0155329 -0.00438399 0.99987 290.6 
0.999911 -0.00825668 0.010489 -3.08308 0.00822431 0.999961 0.00312955 -4.43053 -0.0105145 -0.00304297 0.99994 291.301 
0.99997 -0.00649884 0.00424859 -3.10456 0.00649408 0.999978 0.00114249 -4.44475 -0.00425596 -0.00111482 0.99999 292.001 
0.999974 -0.00595165 -0.00397267 -3.13118 0.00595015 0.999982 -0.000400525 -4.46105 0.00397494 0.000376919 0.999992 292.671 
0.99988 -0.00576046 -0.0143611 -3.16422 0.00573792 0.999982 -0.00161315 -4.47352 0.0143701 0.0015306 0.999896 293.319 
0.999596 -0.00549445 -0.0278763 -3.19905 0.00544368 0.999983 -0.00189833 -4.48737 0.0278862 0.00174585 0.99961 293.963 
0.998993 -0.00430111 -0.0446699 -3.24852 0.00424575 0.99999 -0.00133497 -4.50389 0.0446751 0.00114401 0.999001 294.597 
0.997921 -0.00185317 -0.064423 -3.32385 0.00180725 0.999998 -0.00077164 -4.51429 0.0644243 0.000653651 0.997922 295.229 
0.996187 -0.000419706 -0.0872477 -3.40039 0.00033445 0.999999 -0.000992256 -4.52614 0.087248 0.000959336 0.996186 295.846 
0.993622 0.000980853 -0.112758 -3.49582 -0.00112168 0.999999 -0.00118587 -4.53662 0.112756 0.00130483 0.993622 296.457 
0.990024 0.00222686 -0.140883 -3.60124 -0.00234977 0.999997 -0.000706381 -4.55556 0.140881 0.00103042 0.990026 297.031 
0.985076 0.00325539 -0.172088 -3.71967 -0.00324113 0.999995 0.000363619 -4.56404 0.172088 0.000199612 0.985082 297.61 
0.978455 0.00290478 -0.206439 -3.85436 -0.00254024 0.999995 0.00203072 -4.56887 0.206443 -0.00146252 0.978457 298.179 
0.970016 0.0028984 -0.243025 -4.00989 -0.00208632 0.999991 0.00359869 -4.57573 0.243034 -0.00298371 0.970013 298.731 
0.959675 0.00410971 -0.281082 -4.18517 -0.00256859 0.99998 0.0058509 -4.58282 0.2811 -0.00489293 0.959666 299.261 
0.94711 0.00548585 -0.320863 -4.37543 -0.00296347 0.999961 0.00834895 -4.59598 0.320896 -0.00695646 0.947089 299.788 
0.932357 0.0059625 -0.361491 -4.58683 -0.00236659 0.999943 0.0103893 -4.60881 0.361532 -0.00883095 0.932318 300.292 
0.915174 0.00576555 -0.403018 -4.80788 -0.00111133 0.99993 0.0117813 -4.60774 0.403057 -0.010334 0.915116 300.782 
0.895127 0.00527796 -0.44578 -5.04857 0.00048505 0.999918 0.0128128 -4.61143 0.445811 -0.0116852 0.895051 301.261 
0.871982 0.00474924 -0.489516 -5.30889 0.00221453 0.999904 0.0136457 -4.62096 0.489534 -0.0129828 0.871888 301.724 
0.845678 0.00396247 -0.533678 -5.58397 0.00451249 0.999884 0.0145745 -4.62289 0.533674 -0.0147335 0.845562 302.169 
0.816169 0.00424468 -0.577798 -5.88046 0.00608335 0.999855 0.0159382 -4.6252 0.577782 -0.0165232 0.816024 302.599 
0.783742 0.00567378 -0.621061 -6.21291 0.00573232 0.99985 0.0163681 -4.63029 0.62106 -0.0163884 0.783592 302.991 
0.748548 0.00460516 -0.663065 -6.56818 0.00793717 0.999842 0.0159046 -4.62407 0.663034 -0.0171681 0.748393 303.335 
0.709972 0.00374295 -0.70422 -6.93917 0.0121818 0.999771 0.0175951 -4.62813 0.704124 -0.0210707 0.709764 303.632 
0.667002 0.00289233 -0.745051 -7.31707 0.0182557 0.999629 0.0202239 -4.61886 0.744832 -0.0270907 0.666701 303.902 
0.619515 0.00347655 -0.784977 -7.71728 0.0225797 0.999498 0.0222468 -4.61868 0.78466 -0.0315067 0.619125 304.148 
0.569304 0.0072576 -0.822095 -8.1454 0.021802 0.999476 0.0239215 -4.61428 0.821838 -0.0315419 0.568848 304.348 
0.516143 0.0135593 -0.856395 -8.56383 0.0171466 0.999511 0.0261594 -4.61304 0.856331 -0.0281862 0.515658 304.535 
0.460947 0.0174195 -0.887257 -8.98642 0.0144597 0.999527 0.0271358 -4.60562 0.88731 -0.0253376 0.460477 304.687 
0.403222 0.019525 -0.914894 -9.39795 0.0139621 0.999525 0.0274847 -4.59799 0.914996 -0.0238562 0.402758 304.825 
0.344094 0.0215611 -0.938688 -9.80696 0.0156258 0.999466 0.0286851 -4.59065 0.938805 -0.0245381 0.343574 304.945 
0.283896 0.0250029 -0.958529 -10.218 0.0178606 0.999349 0.0313576 -4.59032 0.958689 -0.0260221 0.283264 305.05 
0.222671 0.0288982 -0.974465 -10.6339 0.0200068 0.999215 0.0342038 -4.58432 0.974688 -0.0271121 0.221918 305.128 
0.158622 0.0318308 -0.986826 -11.0631 0.0225909 0.999102 0.035858 -4.56975 0.987081 -0.0279811 0.15776 305.178 
0.0931969 0.0356859 -0.995008 -11.5022 0.023085 0.999011 0.0379917 -4.55867 0.99538 -0.0265104 0.092281 305.187 
0.0266027 0.0411249 -0.9988 -11.9557 0.0249706 0.998814 0.0417906 -4.54362 0.999334 -0.0260524 0.0255442 305.171 
-0.041393 0.0476778 -0.998005 -12.42 0.026956 0.998551 0.0465859 -4.525 0.998779 -0.0249738 -0.0426182 305.119 
-0.109552 0.0541932 -0.992503 -12.8942 0.0291143 0.998259 0.0512939 -4.50393 0.993555 -0.0232766 -0.110939 305.033 
-0.177345 0.0601666 -0.982308 -13.373 0.0312665 0.99797 0.0554811 -4.48205 0.983652 -0.020874 -0.178866 304.91 
-0.244052 0.0660868 -0.967508 -13.8534 0.0349236 0.997627 0.0593348 -4.46221 0.969133 -0.019308 -0.245781 304.754 
-0.308615 0.0702092 -0.948592 -14.3358 0.0388409 0.997371 0.061183 -4.43659 0.950394 -0.0179622 -0.31053 304.556 
-0.370566 0.0723372 -0.925985 -14.8117 0.042187 0.997245 0.0610213 -4.40766 0.927847 -0.0164521 -0.372597 304.325 
-0.429773 0.0729249 -0.899987 -15.2829 0.0453493 0.997219 0.0591477 -4.37941 0.901798 -0.0153937 -0.431885 304.059 
-0.485439 0.0727134 -0.871242 -15.7526 0.0474308 0.997258 0.0568032 -4.34581 0.872983 -0.0137491 -0.487557 303.75 
-0.536811 0.0726831 -0.840566 -16.2222 0.0490945 0.997285 0.0548812 -4.31295 0.842273 -0.0118063 -0.538922 303.409 
-0.582972 0.0726671 -0.809236 -16.691 0.0504345 0.997308 0.0532225 -4.28039 0.810925 -0.0097861 -0.585068 303.03 
-0.623287 0.0732395 -0.778556 -17.1484 0.0511985 0.99729 0.0528281 -4.25012 0.780316 -0.00693387 -0.625347 302.617 
-0.660018 0.0770705 -0.747286 -17.5998 0.0554468 0.997008 0.0538536 -4.2232 0.749201 -0.00589026 -0.662316 302.175 
-0.696136 0.0841445 -0.712962 -18.0563 0.0635365 0.996432 0.0555629 -4.19203 0.715093 -0.00661973 -0.698998 301.698 
-0.731044 0.0897513 -0.676402 -18.5095 0.069525 0.99595 0.0570104 -4.15944 0.678779 -0.00534974 -0.734323 301.178 
-0.763195 0.0914033 -0.639671 -18.9371 0.072184 0.995809 0.0561692 -4.12939 0.642123 -0.0033059 -0.766594 300.623 
-0.792762 0.0880626 -0.603136 -19.3558 0.0714597 0.996112 0.0515136 -4.10018 0.605328 -0.00226192 -0.795973 300.023 
-0.819278 0.0854071 -0.567 -19.755 0.0722896 0.99634 0.0456248 -4.07244 0.568821 -0.00360881 -0.822453 299.387 
-0.843426 0.0802626 -0.531216 -20.1298 0.0702878 0.996764 0.0390054 -4.03995 0.532628 -0.00443978 -0.846338 298.711 
-0.865435 0.0781183 -0.494893 -20.5083 0.0705006 0.99693 0.0340775 -4.0184 0.496036 -0.00539836 -0.868285 297.998 
-0.88549 0.0765077 -0.458316 -20.8641 0.0693335 0.997064 0.0324863 -3.99727 0.459456 -0.00301039 -0.888195 297.245 
-0.904284 0.0730079 -0.420644 -21.208 0.0664993 0.997331 0.0301415 -3.97804 0.421722 -0.000716009 -0.906725 296.449 
-0.921078 0.0727749 -0.382517 -21.5198 0.0672298 0.997348 0.0278628 -3.96012 0.383531 -5.27142e-05 -0.923528 295.629 
-0.936269 0.0748642 -0.343214 -21.8077 0.0698435 0.997193 0.0269856 -3.94128 0.34427 0.00129454 -0.93887 294.773 
-0.949361 0.0783419 -0.304263 -22.0653 0.0739045 0.996924 0.0260921 -3.92571 0.305371 0.00228438 -0.952231 293.888 
-0.960656 0.0796088 -0.266087 -22.2891 0.0751097 0.996808 0.0270594 -3.90788 0.267392 0.00600906 -0.963569 292.97 
-0.970073 0.0822354 -0.228466 -22.4889 0.078121 0.996578 0.0270103 -3.89109 0.229905 0.00835395 -0.973177 292.018 
-0.977963 0.0818275 -0.192074 -22.6482 0.0783204 0.996595 0.0257944 -3.88067 0.193531 0.0101826 -0.981041 291.05 
-0.984201 0.080214 -0.15784 -22.779 0.077866 0.996742 0.0210142 -3.85817 0.159012 0.00839182 -0.987241 290.048 
