1 2.12261e-08 -2.11895e-08 0 2.12261e-08 1 2.10703e-08 0 -2.11895e-08 2.10703e-08 1 0 
0.999978 0.000591542 -0.00658595 -0.00787424 -0.000590401 1 0.000168791 0.000985596 0.00658601 -0.000164857 0.999978 0.0943859 
0.999906 0.0010997 -0.0136488 -0.0194806 -0.00109695 0.999999 0.000206533 -0.00190718 0.0136489 -0.000191499 0.999907 0.191816 
0.999776 0.00137423 -0.0211335 -0.0326724 -0.00138451 0.999999 -0.000473985 -0.00251865 0.0211328 0.00050318 0.999777 0.292436 
0.999533 0.00195027 -0.0304933 -0.047046 -0.00200819 0.999996 -0.00187022 -0.00193988 0.0304895 0.00193063 0.999533 0.400922 
0.99912 0.00208928 -0.0418885 -0.0671766 -0.00223208 0.999992 -0.0033636 -0.00401344 0.0418811 0.00345418 0.999117 0.518776 
0.998456 0.00198775 -0.0555172 -0.0903522 -0.00222929 0.999988 -0.0042899 -0.00383999 0.055508 0.00440708 0.998449 0.650891 
0.997407 0.00186378 -0.0719481 -0.117167 -0.00217156 0.999989 -0.00420038 -0.00530119 0.0719394 0.00434577 0.9974 0.794665 
0.995893 0.000567163 -0.0905395 -0.151398 -0.000943537 0.999991 -0.00411472 -0.0066619 0.0905363 0.00418329 0.995884 0.951328 
0.99386 -0.000707194 -0.11064 -0.188723 0.000224804 0.99999 -0.00437276 -0.00806086 0.110642 0.00432108 0.993851 1.11784 
0.991137 -0.000675185 -0.132845 -0.236682 6.40722e-05 0.999989 -0.0046047 -0.0121145 0.132847 0.00455542 0.991126 1.29308 
0.987591 0.00293659 -0.157022 -0.297397 -0.00392477 0.999974 -0.00598382 -0.0173924 0.157001 0.00652589 0.987577 1.47388 
0.983223 0.00732035 -0.182262 -0.370894 -0.0088449 0.999932 -0.00755337 -0.0216545 0.182195 0.00903878 0.983221 1.65976 
0.977811 0.0102142 -0.209239 -0.448827 -0.0122416 0.99989 -0.00839679 -0.0283287 0.20913 0.0107719 0.977828 1.84992 
0.971083 0.0110111 -0.23849 -0.535192 -0.0134408 0.999873 -0.00856413 -0.0312614 0.238366 0.011522 0.971107 2.0512 
0.963003 0.0128598 -0.269183 -0.630339 -0.0156089 0.999846 -0.00807489 -0.0341122 0.269038 0.0119778 0.963055 2.2539 
0.953476 0.0147027 -0.301111 -0.7375 -0.0176365 0.99982 -0.0070273 -0.035983 0.300954 0.012011 0.953563 2.45869 
0.942171 0.0168093 -0.334711 -0.853338 -0.0199623 0.999783 -0.00598212 -0.0358075 0.334538 0.0123178 0.942302 2.67083 
0.929525 0.0189897 -0.368269 -0.971038 -0.0226253 0.999729 -0.00555649 -0.037664 0.368064 0.0134971 0.929703 2.87106 
0.915426 0.0215916 -0.401908 -1.10058 -0.0257173 0.999657 -0.00487202 -0.036673 0.401665 0.014796 0.915667 3.07199 
0.899112 0.0218881 -0.43717 -1.23668 -0.0264531 0.999641 -0.00435558 -0.0328835 0.436918 0.0154807 0.899368 3.27792 
0.880314 0.0171817 -0.474081 -1.37521 -0.0222206 0.99974 -0.00502834 -0.0306517 0.473871 0.0149609 0.880467 3.48299 
0.858637 0.012162 -0.512439 -1.52429 -0.0173694 0.999835 -0.00537443 -0.0322727 0.512289 0.0135155 0.858707 3.6855 
0.833082 0.0136573 -0.552981 -1.69331 -0.0178254 0.999839 -0.00216085 -0.0354168 0.552862 0.0116573 0.833191 3.88217 
0.803479 0.0193099 -0.59502 -1.88723 -0.0228068 0.999739 0.00164702 -0.039205 0.594896 0.0122472 0.80371 4.0677 
0.770222 0.0221763 -0.63739 -2.09345 -0.0258875 0.999659 0.0034981 -0.0421492 0.63725 0.0138061 0.770534 4.25014 
0.733474 0.0212429 -0.679385 -2.31387 -0.0249759 0.999679 0.00429342 -0.0420086 0.679258 0.0138192 0.733769 4.4317 
0.693088 0.0170054 -0.720653 -2.54697 -0.0188329 0.999808 0.00548015 -0.0414152 0.720607 0.00977383 0.693275 4.61433 
0.649835 0.0133283 -0.759959 -2.80091 -0.013455 0.999891 0.00603103 -0.0378793 0.759956 0.00630611 0.649944 4.784 
0.604614 0.0128354 -0.796415 -3.07814 -0.0104643 0.999912 0.00817085 -0.0375742 0.79645 0.00339373 0.604695 4.94279 
0.556073 0.0134982 -0.831024 -3.36979 -0.00799701 0.999909 0.0108902 -0.0352984 0.831095 0.000590035 0.55613 5.08614 
0.505046 0.0141293 -0.862977 -3.67333 -0.00643043 0.9999 0.0126077 -0.0306893 0.863068 -0.000818124 0.505087 5.20449 
0.452081 0.0155681 -0.891841 -3.99014 -0.00521799 0.999877 0.0148089 -0.0279424 0.891962 -0.00204117 0.452106 5.31063 
0.397489 0.0176119 -0.917438 -4.32688 -0.00362863 0.999838 0.0176216 -0.0248229 0.9176 -0.0036753 0.397489 5.40324 
0.341977 0.0196807 -0.939502 -4.68413 -0.0029506 0.999798 0.0198698 -0.0223242 0.939704 -0.00402288 0.341966 5.48125 
0.286965 0.02274 -0.957671 -5.06617 -0.000841686 0.999724 0.0234864 -0.018769 0.957941 -0.00593367 0.286905 5.54735 
0.233123 0.0247359 -0.972133 -5.46881 0.00392598 0.999644 0.0263774 -0.0167366 0.972439 -0.00996571 0.232943 5.6045 
0.182335 0.0251405 -0.982915 -5.88133 0.0061417 0.999624 0.0267072 -0.00964825 0.983217 -0.0109064 0.182112 5.63527 
0.134941 0.0259678 -0.990513 -6.31337 0.00408669 0.999633 0.0267636 -0.00181002 0.990845 -0.00765939 0.134786 5.64396 
0.0924979 0.0262735 -0.995366 -6.75766 0.00222074 0.999644 0.0265928 0.006997 0.99571 -0.00467019 0.0924066 5.64111 
0.0545261 0.0247744 -0.998205 -7.21296 0.000699984 0.999691 0.0248495 0.0172933 0.998512 -0.00205363 0.0544919 5.62876 
0.0199923 0.0221001 -0.999556 -7.67965 0.00170791 0.999753 0.0221386 0.0243141 0.999799 -0.00214971 0.0199497 5.60628 
-0.0115353 0.019371 -0.999746 -8.17508 0.00229385 0.99981 0.0193458 0.0291878 0.999931 -0.00207007 -0.0115776 5.5746 
-0.0381557 0.017613 -0.999117 -8.67257 0.00176045 0.999844 0.0175586 0.0326223 0.99927 -0.00108889 -0.0381807 5.52702 
-0.0589955 0.0152088 -0.998142 -9.18318 0.00132197 0.999884 0.0151572 0.040469 0.998257 -0.000425266 -0.0590088 5.47052 
-0.0753365 0.0143735 -0.997055 -9.70921 0.00188077 0.999896 0.0142724 0.052186 0.997156 -0.000799961 -0.0753558 5.4078 
-0.0884444 0.0149041 -0.99597 -10.2575 0.00274802 0.999888 0.0147187 0.0572885 0.996077 -0.00143512 -0.0884754 5.34243 
-0.0981079 0.0159691 -0.995048 -10.8195 0.00146098 0.999873 0.0159025 0.058537 0.995175 0.000106453 -0.0981188 5.26896 
-0.104941 0.0172203 -0.994329 -11.3957 6.45435e-05 0.99985 0.0173091 0.0597885 0.994478 0.0017523 -0.104927 5.18872 
-0.109615 0.0181742 -0.993808 -11.9874 0.000294468 0.999833 0.0182519 0.0658426 0.993974 0.00170808 -0.109602 5.11209 
-0.111135 0.0187734 -0.993628 -12.5948 0.00263451 0.999824 0.0185958 0.0768323 0.993802 -0.000551031 -0.111165 5.03677 
-0.110323 0.021018 -0.993674 -13.2194 0.00465885 0.999776 0.0206299 0.0839244 0.993885 -0.00235338 -0.110397 4.96013 
-0.108984 0.0233634 -0.993769 -13.8609 0.00423103 0.999726 0.0230394 0.0923814 0.994035 -0.00169369 -0.109053 4.8777 
-0.107469 0.023204 -0.993938 -14.513 0.00215761 0.999731 0.023106 0.0989844 0.994206 0.000338694 -0.10749 4.7954 
-0.106077 0.020606 -0.994144 -15.1775 0.00042147 0.999786 0.020678 0.106797 0.994358 0.00177449 -0.106063 4.71336 
-0.10485 0.0203041 -0.994281 -15.8623 0.000534487 0.999793 0.0203602 0.121023 0.994488 0.00160338 -0.104839 4.62905 
-0.103044 0.0229746 -0.994411 -16.5657 0.000991574 0.999735 0.0229949 0.134116 0.994676 0.00138348 -0.103039 4.54278 
-0.101159 0.0263651 -0.994521 -17.2845 0.000146686 0.999649 0.0264861 0.145771 0.99487 0.00253347 -0.101127 4.45557 
-0.0992848 0.0285009 -0.994651 -18.0156 -0.00015587 0.999589 0.0286579 0.15317 0.995059 0.00300037 -0.0992396 4.36533 
-0.097582 0.0276366 -0.994844 -18.7564 -0.00170727 0.999608 0.0279364 0.167324 0.995226 0.0044246 -0.0974966 4.27783 
-0.0958927 0.0246234 -0.995087 -19.5078 -0.00420009 0.999675 0.0251417 0.17768 0.995383 0.0065904 -0.0957581 4.18932 
-0.0944299 0.0241348 -0.995239 -20.2763 -0.00497212 0.999682 0.0247143 0.188113 0.995519 0.00728226 -0.0942799 4.10126 
-0.0929044 0.0265265 -0.995322 -21.066 -0.00212328 0.999638 0.0268398 0.202275 0.995673 0.00460692 -0.0928144 4.01429 
-0.0920019 0.028702 -0.995345 -21.8594 6.41154e-05 0.999585 0.0288183 0.213037 0.995759 0.00258756 -0.0919655 3.93268 
-0.0906975 0.0304229 -0.995414 -22.6576 0.00128472 0.999536 0.0304318 0.223176 0.995878 0.0014813 -0.0906945 3.84497 
-0.0901193 0.0258886 -0.995594 -23.4571 0.00141053 0.999664 0.0258667 0.231938 0.99593 0.000926815 -0.0901256 3.75859 
-0.0899163 0.0190228 -0.995768 -24.2611 0.00280978 0.999818 0.0188465 0.23792 0.995945 -0.00110324 -0.0899535 3.67433 
-0.0900415 0.0145496 -0.995832 -25.078 0.00591229 0.999884 0.0140742 0.245444 0.995921 -0.00462034 -0.090117 3.58941 
-0.0907236 0.0152366 -0.99576 -25.9062 0.00719459 0.999867 0.0146439 0.255093 0.99585 -0.0058355 -0.0908212 3.50374 
-0.090831 0.0227292 -0.995607 -26.7498 0.00657736 0.999731 0.0222232 0.257974 0.995845 -0.00452986 -0.0909561 3.41049 
-0.0912087 0.0297438 -0.995388 -27.598 0.00527259 0.999554 0.0293852 0.267299 0.995818 -0.00256805 -0.0913249 3.31653 
-0.091643 0.0350229 -0.995176 -28.4436 0.00323099 0.999387 0.0348735 0.276972 0.995787 -1.9446e-05 -0.0916999 3.22145 
-0.0921687 0.0353117 -0.995117 -29.2845 0.00181184 0.999375 0.0352949 0.288861 0.995742 0.00145014 -0.0921751 3.12809 
-0.092622 0.0318032 -0.995193 -30.1192 0.00187625 0.999494 0.031766 0.302192 0.9957 0.00107504 -0.0926348 3.03678 
-0.0930733 0.0290459 -0.995236 -30.9589 0.00185638 0.999578 0.028999 0.317267 0.995658 0.000851539 -0.093088 2.94094 
-0.0933159 0.0301397 -0.99518 -31.797 0.000577741 0.999543 0.0302176 0.332523 0.995636 0.00224487 -0.0932907 2.84716 
-0.0931977 0.0324532 -0.995119 -32.6381 1.89608e-05 0.999469 0.0325933 0.341731 0.995648 0.00301879 -0.0931488 2.7502 
-0.093168 0.030808 -0.995174 -33.4709 -0.000857716 0.999518 0.0310228 0.349452 0.99565 0.00374395 -0.0930967 2.65701 
-0.0927398 0.025601 -0.995361 -34.3029 -0.00140149 0.999665 0.0258423 0.361608 0.995689 0.00379164 -0.0926728 2.5613 
-0.092502 0.0213748 -0.995483 -35.1339 -0.00252109 0.999761 0.0217009 0.37256 0.995709 0.00451712 -0.0924261 2.46445 
-0.0919313 0.0220614 -0.995521 -35.9749 -0.00204825 0.999748 0.0223442 0.379294 0.995763 0.00409325 -0.091863 2.36586 
-0.0913378 0.024574 -0.995517 -36.8162 -0.000931474 0.999693 0.0247625 0.384444 0.99582 0.00318909 -0.0912869 2.27071 
-0.0909297 0.0293882 -0.995424 -37.6604 -0.000648178 0.999563 0.0295696 0.393811 0.995857 0.003334 -0.0908708 2.17837 
-0.0904115 0.0349892 -0.99529 -38.5047 0.000359716 0.999384 0.0351004 0.405656 0.995904 0.0028155 -0.0903683 2.08575 
-0.0905432 0.0381383 -0.995162 -39.3447 0.000277644 0.999267 0.0382703 0.41971 0.995893 0.00318886 -0.0904875 1.99236 
-0.0901701 0.0379196 -0.995204 -40.1764 0.000519721 0.999277 0.0380277 0.43582 0.995926 0.00291177 -0.0901246 1.9008 
-0.0901932 0.0334179 -0.995364 -41.0049 0.000631442 0.999439 0.0334975 0.45272 0.995924 0.00239277 -0.0901637 1.80962 
-0.0898287 0.0290531 -0.995533 -41.8296 -0.000287061 0.999574 0.0291969 0.465954 0.995957 0.00290854 -0.089782 1.71748 
-0.0898146 0.0262112 -0.995614 -42.66 -0.00423073 0.999635 0.0266987 0.475192 0.99595 0.00661015 -0.0896709 1.62021 
-0.0903622 0.0243943 -0.99561 -43.4925 -0.00743595 0.999656 0.0251683 0.484128 0.995881 0.00967761 -0.0901497 1.5221 
-0.0911212 0.0226244 -0.995583 -44.3248 -0.00500471 0.999719 0.0231764 0.487681 0.995827 0.0070945 -0.0909823 1.42993 
-0.0923633 0.0190507 -0.995543 -45.1518 -0.00140958 0.999813 0.0192632 0.493652 0.995724 0.00318255 -0.0923192 1.34302 
-0.0932008 0.0176868 -0.99549 -45.9713 0.00296655 0.999843 0.0174864 0.497709 0.995643 -0.00132338 -0.0932387 1.25472 
-0.0954583 0.021189 -0.995208 -46.7997 0.00357866 0.999774 0.0209429 0.502482 0.995427 -0.00156229 -0.0955126 1.16407 
-0.097218 0.0275606 -0.994881 -47.6304 0.00620708 0.999614 0.0270852 0.504555 0.995244 -0.0035421 -0.0973516 1.07031 
-0.0992392 0.0312474 -0.994573 -48.4513 0.0078217 0.9995 0.0306217 0.510086 0.995033 -0.00474034 -0.099434 0.977054 
-0.100858 0.0303487 -0.994438 -49.2595 0.00787461 0.999528 0.0297054 0.517884 0.99487 -0.00483474 -0.101049 0.881943 
-0.10184 0.0263747 -0.994451 -50.0591 0.00463634 0.99965 0.0260378 0.522836 0.99479 -0.00195888 -0.101927 0.778123 
-0.103116 0.022624 -0.994412 -50.8546 5.25469e-05 0.999741 0.0227398 0.529524 0.994669 0.00229262 -0.10309 0.67333 
-0.104621 0.0209941 -0.994291 -51.6482 -0.00423283 0.999759 0.021555 0.534427 0.994503 0.0064638 -0.104507 0.568622 
-0.105779 0.022048 -0.994145 -52.4406 -0.00546339 0.999726 0.0227531 0.538068 0.994375 0.00783824 -0.105629 0.467102 
-0.106908 0.0235998 -0.993989 -53.2274 -0.00516365 0.999692 0.0242905 0.540988 0.994256 0.00772951 -0.106753 0.369082 
-0.108004 0.0230607 -0.993883 -54.006 -0.00701808 0.999688 0.023958 0.544307 0.994126 0.00956275 -0.107808 0.268009 
-0.108707 0.0230865 -0.993806 -54.7818 -0.00779168 0.99968 0.0240752 0.545416 0.994043 0.0103606 -0.108492 0.167515 
-0.109256 0.0249526 -0.9937 -55.5608 -0.00577024 0.999652 0.0257365 0.551665 0.993997 0.00854578 -0.109074 0.0678792 
-0.10966 0.0277876 -0.993581 -56.334 -0.00488972 0.999582 0.0284951 0.558445 0.993957 0.00798315 -0.109479 -0.0297222 
-0.109828 0.031978 -0.993436 -57.1014 -0.00495998 0.999452 0.03272 0.565515 0.993938 0.00852105 -0.10961 -0.131932 
-0.110553 0.0340871 -0.993286 -57.8636 -0.00505526 0.99938 0.0348589 0.574289 0.993857 0.00887512 -0.110312 -0.229265 
-0.111184 0.0340544 -0.993216 -58.6296 -0.00426602 0.999387 0.0347435 0.584844 0.993791 0.00810005 -0.110971 -0.334592 
-0.111826 0.0321629 -0.993207 -59.3745 -0.00341567 0.999458 0.0327499 0.59208 0.993722 0.00705479 -0.111655 -0.428358 
-0.112259 0.0286115 -0.993267 -60.1184 -0.00287317 0.999572 0.0291178 0.599126 0.993675 0.0061226 -0.112129 -0.526074 
-0.112293 0.0257844 -0.993341 -60.8426 -0.00312627 0.999649 0.0263016 0.606751 0.99367 0.00605898 -0.112173 -0.620451 
-0.111248 0.0233944 -0.993517 -61.5556 -0.0035424 0.999707 0.0239368 0.613042 0.993786 0.0061824 -0.111133 -0.715452 
-0.109164 0.02257 -0.993767 -62.2554 -0.00566726 0.999712 0.0233276 0.616031 0.994008 0.00817852 -0.109005 -0.80739 
-0.105243 0.0234441 -0.99417 -62.9402 -0.00591032 0.99969 0.0241999 0.61866 0.994429 0.00842277 -0.105072 -0.89329 
-0.0996289 0.0250197 -0.99471 -63.6083 -0.00508224 0.999658 0.0256532 0.621804 0.995012 0.00761119 -0.0994677 -0.96751 
-0.0924796 0.0265545 -0.99536 -64.262 -0.00407838 0.999626 0.0270472 0.624794 0.995706 0.00656081 -0.0923367 -1.03791 
-0.0837971 0.0279425 -0.996091 -64.8998 -0.00484509 0.999584 0.0284481 0.62637 0.996471 0.00721006 -0.0836268 -1.10118 
-0.0721487 0.0295165 -0.996957 -65.5198 -0.00701575 0.999522 0.0301001 0.63031 0.997369 0.00916613 -0.0719072 -1.15516 
-0.0573674 0.0310089 -0.997871 -66.1261 -0.00981279 0.999452 0.0316221 0.636192 0.998305 0.011606 -0.0570317 -1.19775 
-0.0391079 0.032182 -0.998717 -66.7163 -0.0113843 0.999402 0.0326499 0.643593 0.99917 0.0126466 -0.0387182 -1.22352 
-0.0169888 0.0328199 -0.999317 -67.2815 -0.012141 0.999381 0.0330284 0.650745 0.999782 0.0126938 -0.0165798 -1.23053 
0.0082427 0.0332252 -0.999414 -67.821 -0.0115375 0.999385 0.033129 0.655209 0.9999 0.0112577 0.00862096 -1.21336 
0.0376193 0.0328032 -0.998754 -68.3393 -0.0100485 0.999423 0.0324467 0.661152 0.999242 0.00881541 0.0379272 -1.1809 
0.0718273 0.0327952 -0.996878 -68.8337 -0.00888044 0.999441 0.0322397 0.668427 0.997378 0.00653707 0.0720784 -1.12962 
0.10944 0.0331198 -0.993442 -69.3083 -0.00818376 0.999441 0.0324183 0.673722 0.99396 0.00458227 0.10965 -1.0556 
0.150324 0.0327369 -0.988095 -69.7665 -0.00794292 0.999459 0.031905 0.680592 0.988605 0.00305231 0.150503 -0.963091 
0.195707 0.0336607 -0.980085 -70.2085 -0.00694927 0.999433 0.0329376 0.686256 0.980638 0.000364819 0.19583 -0.854069 
0.24447 0.0326631 -0.969107 -70.6334 -0.00365137 0.999456 0.0327649 0.682506 0.96965 -0.00447143 0.244457 -0.719537 
0.29504 0.0279739 -0.955075 -71.0385 0.00393209 0.999527 0.0304906 0.68549 0.955477 -0.0127513 0.29479 -0.561814 
0.34688 0.0229088 -0.93763 -71.4288 0.00904995 0.999573 0.0277703 0.686575 0.937866 -0.0181184 0.346525 -0.382035 
0.399777 0.0182072 -0.916432 -71.8045 0.014008 0.999565 0.0259696 0.693486 0.916505 -0.0232194 0.399348 -0.18385 
0.45166 0.0178185 -0.892012 -72.1758 0.0134233 0.999552 0.0267635 0.701259 0.892089 -0.0240617 0.451219 0.0273892 
0.500708 0.0168387 -0.865453 -72.5364 0.014544 0.999506 0.0278613 0.706534 0.865494 -0.0265374 0.500215 0.262857 
0.546227 0.0125824 -0.837543 -72.8806 0.0220367 0.999325 0.0293847 0.715581 0.837348 -0.0345073 0.545581 0.53149 
0.590558 0.00636486 -0.80697 -73.1954 0.0322791 0.998982 0.0315019 0.716713 0.806349 -0.0446519 0.589752 0.819054 
0.633879 0.00163198 -0.77343 -73.5037 0.0330546 0.999027 0.0291985 0.718994 0.772725 -0.0440737 0.633209 1.10777 
0.675878 -0.00279978 -0.737008 -73.7837 0.0293682 0.999301 0.0231361 0.720508 0.736428 -0.0372817 0.675488 1.3914 
0.717244 -0.0095706 -0.696757 -74.0608 0.0253124 0.999604 0.0123262 0.728041 0.696363 -0.0264774 0.717201 1.70326 
0.757398 -0.0122594 -0.652838 -74.334 0.0200936 0.999788 0.00453726 0.733913 0.652644 -0.0165544 0.757484 2.04511 
0.795271 -0.013471 -0.606104 -74.5978 0.0184088 0.999829 0.00193247 0.737417 0.605974 -0.0126944 0.795383 2.42447 
0.829989 -0.0149373 -0.55758 -74.8441 0.0182794 0.999833 0.000424737 0.741875 0.55748 -0.0105447 0.830123 2.82718 
0.861272 -0.0135761 -0.507963 -75.075 0.014871 0.999888 -0.00150917 0.741032 0.507926 -0.00625408 0.861378 3.24687 
0.88781 -0.0119108 -0.460056 -75.2879 0.013616 0.999907 0.000388359 0.733794 0.460009 -0.00660886 0.88789 3.69861 
0.9096 -0.00543959 -0.41545 -75.4981 0.00669477 0.999976 0.00156472 0.730939 0.415432 -0.00420456 0.909615 4.17614 
0.927538 -0.00131766 -0.373728 -75.6929 0.00145664 0.999999 8.93392e-05 0.731565 0.373727 -0.000627202 0.927538 4.67623 
0.941337 0.00400985 -0.337445 -75.8752 -0.00366291 0.999992 0.00166473 0.728707 0.337449 -0.000330994 0.941344 5.20182 
0.951669 0.00471172 -0.307089 -76.0492 -0.00375074 0.999986 0.00371929 0.724633 0.307103 -0.00238767 0.951673 5.75473 
0.959193 0.00403398 -0.282723 -76.2096 -0.00262581 0.999982 0.00535937 0.719492 0.28274 -0.00439825 0.959187 6.32495 
0.965158 0.00410866 -0.261636 -76.3664 -0.00226766 0.999971 0.0073379 0.719509 0.261658 -0.00648889 0.965139 6.90931 
0.969945 0.00669544 -0.243234 -76.5246 -0.00438361 0.99994 0.0100444 0.718222 0.243286 -0.00867625 0.969916 7.51488 
0.973673 0.0114528 -0.227661 -76.6893 -0.00910449 0.999894 0.0113624 0.72381 0.227767 -0.00899045 0.973674 8.14424 
0.976623 0.0151523 -0.214425 -76.8393 -0.0127542 0.99984 0.0125631 0.724064 0.214581 -0.00953454 0.97666 8.77952 
0.9794 0.0135918 -0.201473 -76.9734 -0.0113003 0.999858 0.0125196 0.720797 0.201614 -0.00998499 0.979414 9.43631 
0.982123 0.0133493 -0.187768 -77.1067 -0.0112815 0.999863 0.0120769 0.722184 0.187903 -0.00974261 0.982139 10.109 
0.984765 0.0136687 -0.173355 -77.2314 -0.0116379 0.999851 0.0127257 0.726007 0.173503 -0.0105143 0.984777 10.7988 
0.987127 0.0151707 -0.159218 -77.3555 -0.0132273 0.999825 0.0132585 0.7266 0.159391 -0.0109818 0.987154 11.5019 
0.989104 0.0154107 -0.146408 -77.4713 -0.0140073 0.999846 0.0106113 0.721675 0.146549 -0.0084449 0.989167 12.2098 
0.990648 0.0159177 -0.135511 -77.5803 -0.0153475 0.999868 0.00525127 0.717613 0.135577 -0.00312236 0.990762 12.9339 
0.991939 0.014189 -0.12592 -77.6839 -0.0144171 0.999896 -0.00090089 0.71721 0.125894 0.00270908 0.99204 13.6725 
0.992943 0.0140336 -0.117763 -77.7812 -0.0142584 0.999898 -0.00106749 0.713917 0.117736 0.00273911 0.993041 14.4174 
0.99368 0.0161154 -0.111091 -77.8804 -0.0156434 0.999865 0.00511873 0.706895 0.111158 -0.0033485 0.993797 15.1783 
0.994152 0.0206893 -0.105986 -77.9852 -0.0193858 0.999723 0.0133139 0.694336 0.106232 -0.0111814 0.994279 15.9539 
0.994589 0.0212223 -0.101702 -78.0786 -0.0195769 0.999661 0.0171497 0.688123 0.102032 -0.0150658 0.994667 16.7206 
0.994954 0.0200427 -0.0983111 -78.1653 -0.0185481 0.999699 0.0160922 0.687512 0.0986039 -0.0141875 0.995026 17.4853 
0.995247 0.0199209 -0.0953233 -78.2487 -0.0185621 0.999713 0.0151199 0.687755 0.0955971 -0.0132786 0.995332 18.2466 
0.995548 0.0184527 -0.0924364 -78.3278 -0.016923 0.999707 0.0173049 0.686889 0.0927286 -0.0156635 0.995568 19.0093 
0.995803 0.0166058 -0.0900079 -78.403 -0.0148759 0.999692 0.0198558 0.684704 0.0903099 -0.0184334 0.995743 19.7687 
0.996089 0.0144661 -0.0871656 -78.4794 -0.0126305 0.999688 0.0215736 0.684272 0.0874504 -0.0203882 0.99596 20.5372 
0.996321 0.0136891 -0.0845949 -78.5546 -0.0121917 0.99976 0.0181914 0.678417 0.0848235 -0.0170931 0.996249 21.2915 
0.996424 0.0164051 -0.0828906 -78.6347 -0.0155591 0.99982 0.0108417 0.675779 0.0830535 -0.00951313 0.9965 22.0426 
0.996538 0.01678 -0.0814336 -78.708 -0.0165671 0.999857 0.00329001 0.668907 0.0814772 -0.00192946 0.996673 22.7888 
0.996622 0.0175023 -0.0802333 -78.78 -0.0176249 0.999844 -0.000820721 0.661097 0.0802064 0.00223209 0.996776 23.5406 
0.996751 0.0186541 -0.0783554 -78.8529 -0.0186425 0.999826 0.000879343 0.650791 0.0783581 0.000584298 0.996925 24.2962 
0.996861 0.0220409 -0.0760415 -78.9276 -0.0217315 0.999752 0.00489366 0.637711 0.0761305 -0.00322576 0.997093 25.0491 
0.996944 0.0254656 -0.0738552 -79.0065 -0.0247975 0.999643 0.00994811 0.626672 0.0740821 -0.00808624 0.997219 25.8135 
0.997191 0.0228836 -0.0713131 -79.0728 -0.0220998 0.999687 0.01176 0.622225 0.0715598 -0.010151 0.997385 26.5701 
0.997329 0.0201058 -0.0702156 -79.1347 -0.019338 0.999746 0.0115977 0.616757 0.0704309 -0.0102089 0.997464 27.3202 
0.997427 0.0181552 -0.0693485 -79.1945 -0.0173766 0.999779 0.0118129 0.606959 0.0695477 -0.0105774 0.997523 28.0709 
0.997508 0.0174667 -0.0683555 -79.2592 -0.0168254 0.999809 0.009945 0.603778 0.0685161 -0.00877006 0.997612 28.8195 
0.997592 0.0154048 -0.0676249 -79.3213 -0.0148483 0.999852 0.00872412 0.599411 0.0677492 -0.00769896 0.997673 29.5765 
0.997649 0.0144475 -0.0669922 -79.3835 -0.0138856 0.999865 0.00884479 0.594553 0.0671109 -0.00789372 0.997714 30.3363 
0.99765 0.017443 -0.0662529 -79.4538 -0.016835 0.999811 0.00972315 0.591971 0.0664099 -0.00858489 0.997756 31.1067 
0.997655 0.0173604 -0.0662103 -79.5208 -0.0168142 0.99982 0.00879697 0.587499 0.066351 -0.00766302 0.997767 31.8803 
0.997553 0.0170611 -0.0678079 -79.5881 -0.0165037 0.999825 0.00877043 0.580905 0.0679456 -0.00762984 0.99766 32.6592 
0.997454 0.0144671 -0.069837 -79.6568 -0.0138551 0.999861 0.00923833 0.577457 0.069961 -0.00824716 0.997516 33.4387 
0.997219 0.0161925 -0.0727448 -79.7347 -0.0155712 0.999837 0.00909939 0.572456 0.0728803 -0.00794132 0.997309 34.226 
0.996942 0.0200093 -0.0755414 -79.817 -0.0194058 0.999774 0.00871403 0.568751 0.0756986 -0.00722139 0.997105 35.0126 
0.996741 0.0203278 -0.0780695 -79.9008 -0.0200922 0.999791 0.00380213 0.562559 0.0781304 -0.00222111 0.996941 35.8048 
0.996516 0.0209996 -0.0807139 -79.9779 -0.0210493 0.999778 0.00023513 0.558352 0.0807009 0.0014647 0.996737 36.6018 
0.996382 0.0200845 -0.0825762 -80.0652 -0.0202598 0.999794 -0.00128551 0.549175 0.0825334 0.00295388 0.996584 37.4148 
0.996196 0.0202189 -0.0847645 -80.1512 -0.0202645 0.999795 0.000321827 0.537145 0.0847535 0.00139715 0.996401 38.2383 
0.996026 0.0189078 -0.0870325 -80.2354 -0.0188761 0.999821 0.00118696 0.525032 0.0870394 0.000460638 0.996205 39.0683 
0.995885 0.0181975 -0.0887839 -80.3249 -0.0180054 0.999834 0.00296302 0.517419 0.088823 -0.00135219 0.996047 39.899 
0.995785 0.0180568 -0.0899261 -80.418 -0.0175402 0.999825 0.00653082 0.510664 0.0900282 -0.00492592 0.995927 40.7421 
0.995712 0.0180383 -0.090737 -80.5123 -0.0170857 0.999791 0.0112643 0.504834 0.0909212 -0.00966562 0.995811 41.5956 
0.995772 0.017911 -0.0900919 -80.6054 -0.0167535 0.999767 0.0135872 0.498906 0.0903143 -0.0120203 0.995841 42.4482 
0.995889 0.0209469 -0.0881249 -80.7006 -0.0198287 0.999712 0.0135452 0.498382 0.0883831 -0.0117421 0.996017 43.3065 
0.996041 0.0210145 -0.0863776 -80.7902 -0.0200332 0.999725 0.0122119 0.497311 0.0866104 -0.010433 0.996188 44.1702 
0.996215 0.0183965 -0.0849543 -80.8775 -0.0176035 0.999794 0.0100731 0.493658 0.0851221 -0.0085394 0.996334 45.0394 
0.996431 0.0147284 -0.0831128 -80.9615 -0.0140685 0.999865 0.00851992 0.48975 0.083227 -0.0073202 0.996504 45.9128 
0.996605 0.0135112 -0.0812111 -81.0468 -0.0128908 0.999884 0.00815854 0.487246 0.0813118 -0.00708392 0.996664 46.7832 
0.996695 0.0111098 -0.0804683 -81.1291 -0.0102799 0.99989 0.0107195 0.480094 0.0805784 -0.00985686 0.9967 47.6616 
0.996784 0.00861411 -0.0796751 -81.2085 -0.00758253 0.999884 0.0132403 0.474655 0.0797799 -0.0125935 0.996733 48.5355 
0.996857 0.00823964 -0.078787 -81.2943 -0.00719664 0.999883 0.0135126 0.468961 0.0788891 -0.0129031 0.9968 49.3997 
0.996931 0.00955803 -0.0777019 -81.3819 -0.00878689 0.999909 0.0102597 0.462992 0.0777928 -0.00954539 0.996924 50.2622 
0.996954 0.0121004 -0.0770484 -81.4702 -0.0117935 0.999921 0.00443556 0.454942 0.0770959 -0.00351333 0.997018 51.1201 
0.997009 0.013752 -0.0760477 -81.5537 -0.013869 0.999903 -0.0010105 0.442791 0.0760264 0.00206223 0.997104 51.9732 
0.996984 0.018269 -0.0754261 -81.6391 -0.0188405 0.999799 -0.00687274 0.427148 0.0752854 0.00827313 0.997128 52.8265 
0.997067 0.0181613 -0.0743429 -81.7194 -0.0187863 0.999794 -0.00771684 0.40855 0.0741873 0.00909088 0.997203 53.6783 
0.997115 0.015067 -0.0743936 -81.7938 -0.0152433 0.999882 -0.0018031 0.396823 0.0743576 0.00293194 0.997227 54.5353 
0.997091 0.0141351 -0.0748939 -81.876 -0.0136237 0.99988 0.00733464 0.381335 0.0749886 -0.00629293 0.997165 55.3949 
0.997007 0.0131332 -0.0761817 -81.955 -0.012007 0.999812 0.0152219 0.366768 0.0763673 -0.0142616 0.996978 56.2495 
0.996846 0.0112724 -0.0785582 -82.0348 -0.0102991 0.999865 0.0127824 0.363551 0.0786916 -0.011933 0.996828 57.0925 
0.996743 0.00587181 -0.0804254 -82.1107 -0.00514508 0.999944 0.00923983 0.359603 0.0804751 -0.0087959 0.996718 57.9316 
0.996564 0.00460663 -0.0826932 -82.1996 -0.00397436 0.999962 0.00780848 0.350223 0.082726 -0.00745295 0.996545 58.7639 
0.996315 0.00679434 -0.0855045 -82.2883 -0.00635257 0.999965 0.00543725 0.33761 0.0855384 -0.004874 0.996323 59.5916 
0.996018 0.00848325 -0.0887511 -82.3822 -0.00833078 0.999963 0.00208775 0.325472 0.0887655 -0.00134003 0.996052 60.4131 
0.995654 0.00911268 -0.0926778 -82.476 -0.00927714 0.999956 -0.00134429 0.314203 0.0926615 0.00219828 0.995695 61.2282 
0.995344 0.0109035 -0.0957721 -82.5749 -0.0114581 0.999921 -0.00524237 0.297471 0.0957073 0.00631537 0.99539 62.0395 
0.994975 0.0156556 -0.0988914 -82.6812 -0.0162454 0.999855 -0.00516179 0.277441 0.0987962 0.00674242 0.995085 62.8467 
0.994571 0.0192505 -0.102264 -82.7895 -0.0197205 0.999799 -0.00358756 0.265098 0.102174 0.00558481 0.994751 63.6546 
0.994123 0.0223476 -0.105925 -82.8991 -0.0222209 0.99975 0.00237528 0.24808 0.105951 -7.53112e-06 0.994371 64.4578 
0.993674 0.0222157 -0.110088 -83.0068 -0.0214522 0.999737 0.0081148 0.231332 0.11024 -0.00570179 0.993889 65.2561 
0.993127 0.021706 -0.115013 -83.1149 -0.0205062 0.999722 0.0116047 0.22511 0.115233 -0.00916637 0.993296 66.0506 
0.992387 0.0220556 -0.121167 -83.2315 -0.0206864 0.999707 0.0125462 0.221623 0.121408 -0.0099441 0.992553 66.828 
0.991697 0.0200446 -0.127023 -83.3464 -0.0181359 0.999705 0.0161645 0.216171 0.127309 -0.0137265 0.991768 67.6069 
0.990836 0.0203418 -0.13353 -83.4656 -0.0183578 0.999702 0.0160721 0.208669 0.133817 -0.0134735 0.990915 68.374 
0.989903 0.0249577 -0.139533 -83.5975 -0.0230577 0.999618 0.0152164 0.202247 0.13986 -0.0118454 0.990101 69.1383 
0.988979 0.0269949 -0.145577 -83.7357 -0.0256048 0.999607 0.0114148 0.198633 0.145828 -0.00756153 0.989281 69.9045 
0.988131 0.0255326 -0.15148 -83.8705 -0.0245206 0.999663 0.00854506 0.19497 0.151647 -0.00472921 0.988423 70.673 
0.987286 0.0265913 -0.156713 -84.0114 -0.025762 0.999641 0.00732037 0.188612 0.156852 -0.00319 0.987617 71.4399 
0.986506 0.0287433 -0.161184 -84.1595 -0.0271484 0.999558 0.012089 0.188776 0.16146 -0.00754999 0.98685 72.2058 
0.985449 0.0293281 -0.167422 -84.3059 -0.0269594 0.999502 0.0164036 0.18401 0.16782 -0.0116513 0.985749 72.9665 
0.984396 0.0287474 -0.173605 -84.4565 -0.0259304 0.999493 0.0184733 0.179512 0.174048 -0.0136834 0.984642 73.7254 
0.983212 0.0263211 -0.18056 -84.6128 -0.0240833 0.999604 0.0145747 0.178509 0.180872 -0.00998153 0.983456 74.476 
0.981676 0.0244055 -0.188989 -84.7711 -0.0234125 0.999698 0.00748552 0.177781 0.189115 -0.00292361 0.981951 75.2162 
0.979956 0.0220457 -0.197992 -84.9374 -0.0213777 0.999756 0.00551063 0.173862 0.198065 -0.00116751 0.980188 75.9523 
0.977757 0.0217645 -0.20861 -85.1148 -0.0204347 0.999755 0.00852751 0.166336 0.208744 -0.0040749 0.977962 76.6928 
0.975395 0.0217031 -0.219392 -85.3026 -0.0189826 0.999715 0.0145009 0.168104 0.219644 -0.00997948 0.975529 77.4313 
0.972646 0.0233601 -0.231116 -85.5 -0.0187269 0.999578 0.0222209 0.166576 0.231537 -0.0172849 0.972672 78.1618 
0.969941 0.0239457 -0.242161 -85.7047 -0.0182546 0.999503 0.0257181 0.164037 0.242656 -0.0205245 0.969895 78.8892 
0.966977 0.0270907 -0.253422 -85.9182 -0.0224865 0.999526 0.0210477 0.163017 0.253872 -0.0146541 0.967127 79.5988 
0.963798 0.0263147 -0.265331 -86.136 -0.0239632 0.99964 0.0120965 0.160019 0.265553 -0.00530038 0.964082 80.2989 
0.960395 0.0238628 -0.277618 -86.3612 -0.0227874 0.999715 0.00709989 0.164973 0.277708 -0.000492462 0.960665 81.0043 
0.956838 0.0227964 -0.289728 -86.5948 -0.0202127 0.999725 0.0119072 0.168225 0.28992 -0.00553706 0.957035 81.7196 
0.953341 0.0240175 -0.300938 -86.8445 -0.019077 0.999631 0.0193454 0.164396 0.301292 -0.0127017 0.953447 82.437 
0.949493 0.0240899 -0.312864 -87.0996 -0.0172018 0.999546 0.0247582 0.165572 0.313318 -0.0181259 0.949475 83.1483 
0.945332 0.0218321 -0.325377 -87.3622 -0.0152785 0.999626 0.0226834 0.171612 0.325751 -0.016472 0.945312 83.8531 
0.941397 0.0197435 -0.336723 -87.6302 -0.0144893 0.999731 0.0181096 0.174312 0.33699 -0.0121694 0.94143 84.5547 
0.938225 0.0156189 -0.345673 -87.9061 -0.0124483 0.999858 0.0113904 0.170183 0.345801 -0.00638364 0.938286 85.2512 
0.935332 0.0115091 -0.353584 -88.1839 -0.0102513 0.999933 0.00542987 0.169393 0.353623 -0.00145399 0.935387 85.9529 
0.932606 0.0112171 -0.360723 -88.4744 -0.0107202 0.999937 0.00337816 0.165158 0.360738 0.000716592 0.932667 86.6531 
0.929495 0.0162056 -0.368479 -88.7776 -0.0161652 0.999864 0.00319667 0.158001 0.368481 0.00298529 0.92963 87.3481 
0.926372 0.0161973 -0.376261 -89.0815 -0.0152433 0.999869 0.00551275 0.148695 0.3763 0.000628629 0.926498 88.0477 
0.923073 0.0170487 -0.384247 -89.3876 -0.0134883 0.999838 0.0119589 0.149137 0.384388 -0.00585607 0.923153 88.7519 
0.920183 0.0186906 -0.391043 -89.7013 -0.0117421 0.999728 0.0201529 0.148748 0.391313 -0.0139527 0.920152 89.4595 
0.917474 0.0285847 -0.396768 -90.0338 -0.0195305 0.999449 0.0268425 0.145536 0.397317 -0.0168781 0.917526 90.1545 
0.914784 0.0354425 -0.402386 -90.3683 -0.0282818 0.999318 0.0237249 0.146779 0.402952 -0.0103229 0.915163 90.8353 
0.912384 0.0320387 -0.408081 -90.6938 -0.0279182 0.999481 0.0160507 0.150644 0.408383 -0.00325143 0.912805 91.5156 
0.910357 0.0243535 -0.413108 -91.0188 -0.0228435 0.999702 0.00859464 0.154815 0.413194 0.00161269 0.910642 92.2046 
0.908745 0.0248313 -0.416613 -91.3599 -0.0237762 0.999688 0.00772189 0.159209 0.416674 0.00288827 0.909051 92.8925 
0.906383 0.0306525 -0.421344 -91.7066 -0.0279042 0.99953 0.0126884 0.158225 0.421535 0.000256783 0.906812 93.5874 
0.903715 0.0329487 -0.426866 -92.0503 -0.0282456 0.999451 0.0173463 0.150608 0.427203 -0.00361897 0.904149 94.2846 
0.901317 0.0292447 -0.432171 -92.3918 -0.0250556 0.999568 0.015385 0.145547 0.432434 -0.00303845 0.90166 94.977 
0.898921 0.0272775 -0.437262 -92.7439 -0.0259517 0.999623 0.00900752 0.14253 0.437342 0.00325071 0.899289 95.6617 
0.896722 0.0247406 -0.441903 -93.1026 -0.0263242 0.99965 0.00254887 0.138534 0.441811 0.00934719 0.897059 96.3453 
0.894437 0.0254921 -0.446467 -93.4708 -0.0279036 0.99961 0.0011739 0.132784 0.446323 0.0114081 0.894799 97.0308 
0.892303 0.0282376 -0.450552 -93.838 -0.0288941 0.999568 0.00542232 0.122638 0.450511 0.00817999 0.892734 97.7233 
0.89024 0.0298423 -0.454513 -94.2114 -0.0296245 0.999532 0.00760242 0.115161 0.454527 0.00669678 0.890708 98.4067 
0.887847 0.0309091 -0.4591 -94.5838 -0.0304286 0.999501 0.00844648 0.10464 0.459132 0.00647062 0.888345 99.0866 
0.885499 0.0290452 -0.463732 -94.9539 -0.0288198 0.999556 0.00757402 0.0978126 0.463746 0.00665794 0.885943 99.7645 
0.883481 0.0271783 -0.467679 -95.3284 -0.0270957 0.999609 0.00690467 0.091335 0.467683 0.00657198 0.883872 100.434 
0.881248 0.0266374 -0.471903 -95.7033 -0.0261965 0.999629 0.00750546 0.0844226 0.471928 0.00574809 0.881618 101.104 
0.878867 0.0279638 -0.476247 -96.0824 -0.0274698 0.999591 0.00800014 0.0774381 0.476276 0.00605138 0.879275 101.763 
0.876593 0.0283529 -0.480396 -96.4634 -0.0279262 0.999578 0.00803702 0.0685177 0.480421 0.0063705 0.877015 102.419 
0.874137 0.0254691 -0.485011 -96.8389 -0.0270187 0.999628 0.00379686 0.0620551 0.484927 0.00978546 0.8745 103.07 
0.871794 0.0222168 -0.489369 -97.2129 -0.0257539 0.999668 -0.000495958 0.0485535 0.489196 0.0130356 0.872077 103.708 
0.869739 0.020708 -0.493077 -97.5931 -0.0256769 0.999665 -0.00330821 0.040154 0.492843 0.015538 0.86998 104.345 
0.867764 0.0224851 -0.496467 -97.9745 -0.0256702 0.99967 0.000406771 0.0322894 0.496312 0.0123915 0.868056 104.981 
0.865901 0.026553 -0.49951 -98.3579 -0.0253169 0.999637 0.00925194 0.0226523 0.499574 0.0046348 0.866259 105.612 
0.864371 0.0286445 -0.502038 -98.7353 -0.0222044 0.999577 0.0188022 0.0139873 0.502364 -0.00510455 0.864641 106.239 
0.862806 0.0279145 -0.504764 -99.1056 -0.0186448 0.999552 0.0234072 0.0114967 0.505192 -0.0107846 0.86294 106.852 
0.861256 0.0249744 -0.507557 -99.4716 -0.0156302 0.999621 0.0226641 0.0154236 0.50793 -0.0115863 0.86132 107.447 
0.859468 0.0228876 -0.510678 -99.8296 -0.0152277 0.9997 0.0191765 0.0140305 0.510963 -0.00870508 0.859558 108.025 
0.857824 0.0209832 -0.513516 -100.182 -0.0147654 0.99976 0.0161864 0.0156016 0.513732 -0.00630273 0.857927 108.587 
0.856351 0.01913 -0.516039 -100.526 -0.013211 0.999798 0.0151401 0.0109187 0.516225 -0.00614782 0.856431 109.131 
0.855091 0.0176003 -0.518178 -100.861 -0.0117374 0.999825 0.0145909 0.0114971 0.518344 -0.00639441 0.855148 109.666 
0.853646 0.0181107 -0.520539 -101.188 -0.0115823 0.999808 0.0157913 0.00371919 0.520725 -0.00745109 0.853692 110.181 
0.852442 0.0178163 -0.522519 -101.506 -0.0102992 0.999798 0.0172877 -0.000652553 0.522721 -0.00935523 0.852453 110.678 
0.851018 0.016361 -0.524882 -101.814 -0.00818675 0.999806 0.0178911 -0.00417111 0.525074 -0.0109285 0.850987 111.156 
0.849591 0.0147091 -0.527238 -102.107 -0.00620218 0.999821 0.0178992 -0.00503119 0.527406 -0.0119369 0.849529 111.618 
0.848455 0.0135463 -0.529095 -102.392 -0.00548259 0.999844 0.0168069 -0.00790792 0.52924 -0.011359 0.848396 112.056 
0.847177 0.0134929 -0.53114 -102.666 -0.00752866 0.999882 0.0133923 -0.0139754 0.531258 -0.00734684 0.847179 112.466 
0.845818 0.011088 -0.533356 -102.938 -0.00722675 0.99993 0.00932706 -0.0199617 0.533423 -0.00403452 0.845839 112.862 
0.843577 0.00732247 -0.536959 -103.191 -0.00400617 0.999965 0.0073426 -0.0255346 0.536994 -0.00404285 0.843577 113.245 
0.840772 0.00319144 -0.541381 -103.427 0.00114599 0.99997 0.00767451 -0.0282893 0.541389 -0.00707288 0.840743 113.614 
0.837272 0.00407452 -0.546771 -103.664 0.000951858 0.99996 0.00890921 -0.028228 0.546785 -0.00797983 0.837235 113.963 
0.833249 0.00766402 -0.552845 -103.896 -0.00218935 0.999942 0.0105622 -0.0313828 0.552894 -0.00759054 0.833217 114.295 
0.82945 0.0136792 -0.558414 -104.12 -0.00629858 0.999866 0.0151375 -0.0361626 0.558546 -0.00903856 0.829424 114.606 
0.825271 0.0187441 -0.564425 -104.334 -0.00773112 0.99973 0.0218962 -0.0379293 0.564683 -0.0137066 0.825194 114.902 
0.820264 0.0202247 -0.571627 -104.534 -0.00671826 0.999646 0.0257279 -0.0356064 0.571945 -0.0172633 0.82011 115.186 
0.814781 0.0173605 -0.579509 -104.726 -0.00216755 0.999636 0.0268988 -0.0359436 0.579765 -0.0206605 0.814522 115.448 
0.807688 0.0154662 -0.589407 -104.907 0.00120041 0.999611 0.027875 -0.0363886 0.589609 -0.0232218 0.807355 115.691 
0.799013 0.0138545 -0.601154 -105.092 0.00447438 0.99957 0.0289835 -0.0365888 0.601297 -0.0258479 0.798607 115.919 
0.78854 0.0145723 -0.614811 -105.266 0.00487021 0.99954 0.0299375 -0.0394577 0.614965 -0.0266011 0.788106 116.127 
0.776245 0.016158 -0.630225 -105.444 0.00318116 0.999558 0.0295453 -0.0419633 0.630424 -0.0249392 0.77585 116.316 
0.762181 0.0149267 -0.647191 -105.617 0.00337802 0.999629 0.0270334 -0.0470004 0.647355 -0.0227906 0.761848 116.49 
0.747149 0.0120952 -0.664547 -105.784 0.00285712 0.999767 0.0214086 -0.0437258 0.664651 -0.0178941 0.74694 116.653 
0.731933 0.00839299 -0.681325 -105.944 0.00337691 0.999867 0.0159447 -0.0435567 0.681369 -0.0139712 0.731807 116.802 
0.716425 0.00832847 -0.697615 -106.111 -0.000514254 0.999935 0.0114096 -0.0358024 0.697664 -0.0078153 0.716382 116.941 
0.70061 0.0118497 -0.713446 -106.287 -0.00766867 0.999929 0.00907718 -0.0341985 0.713503 -0.000888332 0.700651 117.071 
0.68318 0.0132445 -0.73013 -106.464 -0.0101267 0.999911 0.00866273 -0.0255309 0.73018 0.00147569 0.683253 117.205 
0.664229 0.0119391 -0.747434 -106.637 -0.00706391 0.999928 0.00969467 -0.0205937 0.747496 -0.00115963 0.664266 117.34 
0.643846 0.0109278 -0.765077 -106.815 -0.00387307 0.999932 0.011023 -0.0173551 0.765146 -0.00413384 0.643844 117.473 
0.621328 0.0126892 -0.783448 -106.998 -0.00377847 0.999906 0.0131985 -0.013858 0.783542 -0.00524029 0.621317 117.593 
0.597131 0.0170818 -0.801962 -107.193 -0.00721963 0.999847 0.0159211 -0.00816387 0.802111 -0.00371706 0.597163 117.7 
0.572246 0.0209029 -0.819816 -107.388 -0.00915164 0.999776 0.0191033 -0.00204883 0.820031 -0.00342909 0.572308 117.804 
0.546657 0.0236785 -0.837022 -107.59 -0.0108284 0.999716 0.021209 0.002268 0.837287 -0.00253034 0.546759 117.903 
0.520538 0.0266643 -0.853422 -107.79 -0.0137987 0.999644 0.0228164 0.00564261 0.853727 -0.000100586 0.520721 117.99 
0.493912 0.030923 -0.868962 -108 -0.0180276 0.999517 0.0253222 0.0090902 0.869325 0.00315835 0.494231 118.066 
0.465808 0.0336758 -0.884245 -108.205 -0.0200612 0.999421 0.0274942 0.0119579 0.884658 0.00493204 0.466214 118.14 
0.436252 0.0329678 -0.899221 -108.419 -0.0189661 0.999444 0.027441 0.0145046 0.899625 0.00508361 0.436634 118.209 
0.403976 0.0297353 -0.914286 -108.641 -0.0185418 0.999532 0.0243151 0.0167917 0.914582 0.00712986 0.404339 118.273 
0.369482 0.0252834 -0.928894 -108.886 -0.0178939 0.999638 0.0200914 0.0236597 0.929066 0.00919821 0.3698 118.333 
0.330521 0.0228417 -0.943522 -109.148 -0.0176459 0.999682 0.0180198 0.0323741 0.943634 0.0106934 0.330819 118.386 
0.289095 0.0219763 -0.957048 -109.433 -0.0166896 0.9997 0.0179143 0.0356868 0.957155 0.0107938 0.289375 118.435 
0.245822 0.0200898 -0.969107 -109.736 -0.016084 0.999732 0.0166448 0.0449894 0.969182 0.0114955 0.246079 118.468 
0.198729 0.0171702 -0.979904 -110.053 -0.0149008 0.999784 0.0144965 0.0558158 0.979941 0.0117206 0.198942 118.493 
0.149823 0.0153462 -0.988594 -110.381 -0.0138262 0.999814 0.013425 0.0611134 0.988616 0.0116572 0.150007 118.5 
0.0999295 0.0150525 -0.994881 -110.729 -0.0130367 0.99982 0.0138178 0.0683435 0.994909 0.0115892 0.100108 118.489 
0.047957 0.0166539 -0.998711 -111.087 -0.0118129 0.999801 0.0161048 0.0713591 0.99878 0.0110254 0.0481442 118.463 
-0.00526286 0.0188975 -0.999808 -111.464 -0.00829333 0.999786 0.0189407 0.0790431 0.999952 0.00839146 -0.00510501 118.423 
-0.0591773 0.0208727 -0.998029 -111.85 -0.0046853 0.999765 0.0211868 0.0863301 0.998237 0.00592988 -0.0590655 118.366 
-0.112689 0.0228634 -0.993367 -112.238 -0.000264621 0.999735 0.02304 0.0888444 0.99363 0.00285925 -0.112653 118.282 
-0.16533 0.0246331 -0.985931 -112.639 0.00287977 0.999696 0.0244941 0.0963148 0.986234 0.0012104 -0.165351 118.17 
-0.216704 0.0259336 -0.975893 -113.051 0.0048128 0.999663 0.0254966 0.107265 0.976226 0.000828468 -0.216756 118.037 
-0.266206 0.0270684 -0.963536 -113.469 0.00809876 0.999633 0.0258449 0.120235 0.963882 -0.000923353 -0.266327 117.882 
-0.314418 0.0287239 -0.94885 -113.896 0.0131017 0.999578 0.0259181 0.129031 0.949194 -0.00428239 -0.314662 117.704 
-0.360804 0.0305163 -0.932142 -114.328 0.0182514 0.999504 0.025657 0.134053 0.932463 -0.0077557 -0.361182 117.496 
-0.404877 0.0324787 -0.913794 -114.765 0.0230212 0.999414 0.0253218 0.142803 0.914081 -0.0107844 -0.405387 117.264 
