1 2.12261e-08 -2.11895e-08 -2.56479e-15 2.12261e-08 1 2.10703e-08 -8.88178e-16 -2.11895e-08 2.10703e-08 1 -2.2593e-14 
0.999997 0.00252478 2.08181e-06 -0.0118993 -0.00252474 0.999996 0.001409 -0.0146545 1.43315e-06 -0.00140896 0.999999 0.789916 
0.999987 0.00516618 7.99273e-06 -0.0253515 -0.00516614 0.999985 0.00189747 -0.0324907 1.76754e-06 -0.00189745 0.999998 1.55893 
0.999979 0.00647098 0.000361843 -0.038246 -0.0064715 0.999978 0.00158556 -0.0493432 -0.000351617 -0.00158783 0.999999 2.30784 
0.999963 0.00855377 0.000596281 -0.0582706 -0.00855446 0.999963 0.00124936 -0.061409 -0.000585615 -0.00125437 0.999999 3.04718 
0.999963 0.00857826 0.000971871 -0.0704336 -0.00857929 0.999963 0.00109636 -0.0763966 -0.000962472 -0.00110461 0.999999 3.76999 
0.999962 0.00862622 0.0011802 -0.0794079 -0.00862858 0.999961 0.0020461 -0.090867 -0.00116254 -0.00205616 0.999997 4.47425 
0.999955 0.0094052 0.00154876 -0.0881151 -0.00941233 0.999945 0.00468748 -0.10094 -0.00150463 -0.0047018 0.999988 5.16437 
0.999954 0.00918802 0.00275235 -0.0913742 -0.00921157 0.99992 0.00868553 -0.108951 -0.00267237 -0.00871045 0.999959 5.84354 
0.999956 0.00855096 0.00388902 -0.0948378 -0.00859775 0.999889 0.0121876 -0.117526 -0.00378442 -0.0122205 0.999918 6.49093 
0.999959 0.00775164 0.00469558 -0.0962956 -0.00781826 0.999867 0.0143489 -0.124655 -0.00458377 -0.014385 0.999886 7.11008 
0.999951 0.00810873 0.00570027 -0.100002 -0.00818899 0.999866 0.0142097 -0.134371 -0.00558433 -0.0142556 0.999883 7.7042 
0.999938 0.00895516 0.00664236 -0.103197 -0.00903118 0.999893 0.0115105 -0.141181 -0.00653861 -0.0115697 0.999912 8.26585 
0.999931 0.00908617 0.00744757 -0.105351 -0.00915116 0.99992 0.00874499 -0.146461 -0.00736756 -0.00881249 0.999934 8.80071 
0.999934 0.00741799 0.00873723 -0.0986535 -0.00748104 0.999946 0.00720999 -0.149221 -0.00868332 -0.00727484 0.999936 9.31262 
0.999939 0.00361994 0.010461 -0.0914392 -0.00367104 0.999981 0.00487396 -0.155814 -0.0104432 -0.00491202 0.999933 9.79574 
0.999924 0.00166328 0.0122565 -0.0863121 -0.00170832 0.999992 0.00366914 -0.162665 -0.0122503 -0.00368975 0.999918 10.2455 
0.99988 0.00592812 0.0143364 -0.0926874 -0.00595268 0.999981 0.00167406 -0.173944 -0.0143262 -0.00175915 0.999896 10.6596 
0.999797 0.0103338 0.0173239 -0.0967344 -0.0103499 0.999946 0.00084046 -0.182795 -0.0173143 -0.00101955 0.99985 11.044 
0.99973 0.010678 0.0206517 -0.0930099 -0.0107201 0.999941 0.00193125 -0.191324 -0.0206299 -0.00215208 0.999785 11.4019 
0.999697 0.00655897 0.023731 -0.0815774 -0.00661803 0.999975 0.00241283 -0.1942 -0.0237146 -0.00256911 0.999716 11.7258 
0.999656 0.00168558 0.026179 -0.0668951 -0.00174521 0.999996 0.00225654 -0.19848 -0.0261752 -0.00230141 0.999655 12.0151 
0.999589 -0.0018675 0.0286129 -0.0574345 0.00176568 0.999992 0.00358471 -0.20454 -0.0286194 -0.00353267 0.999584 12.2768 
0.999508 -0.00210578 0.0312839 -0.0536937 0.00196296 0.999988 0.00459653 -0.209531 -0.0312932 -0.00453282 0.9995 12.5068 
0.999443 -0.00129919 0.0333357 -0.0483049 0.00118151 0.999993 0.00355108 -0.2123 -0.0333401 -0.00350967 0.999438 12.7135 
0.999362 -0.000285372 0.0357187 -0.0485767 0.000211435 0.999998 0.00207494 -0.216367 -0.0357192 -0.00206602 0.99936 12.8967 
0.999266 0.0018723 0.0382531 -0.0447953 -0.00191998 0.999997 0.00121066 -0.220956 -0.0382508 -0.00128317 0.999267 13.0732 
0.999203 0.00455961 0.0396665 -0.0393418 -0.00459241 0.999989 0.000736993 -0.229616 -0.0396627 -0.000918529 0.999213 13.2431 
0.999137 0.00583654 0.0411137 -0.0370854 -0.00581678 0.999983 -0.000598973 -0.23671 -0.0411165 0.000359348 0.999154 13.3995 
0.99906 0.00502548 0.043062 -0.0306412 -0.0049321 0.999985 -0.00227351 -0.242142 -0.0430728 0.00205903 0.99907 13.551 
0.999007 0.0034894 0.0444171 -0.0205709 -0.00333038 0.999988 -0.00365272 -0.245816 -0.0444293 0.00350121 0.999006 13.6964 
0.998955 0.00272236 0.0456198 -0.0128513 -0.00251647 0.999986 -0.00456914 -0.250448 -0.0456316 0.0044496 0.998948 13.8364 
0.998894 0.00322202 0.0469051 -0.00469609 -0.00294476 0.999978 -0.00597791 -0.253078 -0.0469233 0.00583321 0.998882 13.968 
0.998824 0.00425195 0.0482892 -0.00273617 -0.00386746 0.99996 -0.00805187 -0.256059 -0.0483216 0.00785569 0.998801 14.0929 
0.998791 0.00434117 0.0489658 0.00523231 -0.00384632 0.999941 -0.0101947 -0.259449 -0.0490072 0.00999408 0.998748 14.2199 
0.998762 0.00341809 0.0496289 0.0127536 -0.00279981 0.999918 -0.0125213 -0.262887 -0.0496677 0.0123669 0.998689 14.3435 
0.998792 0.00235262 0.0490801 0.0196005 -0.00165365 0.999897 -0.0142763 -0.268105 -0.0491087 0.014178 0.998693 14.4694 
0.998895 0.00190288 0.0469661 0.025228 -0.00118547 0.999882 -0.0152972 -0.272331 -0.0469897 0.0152246 0.998779 14.5981 
0.999035 0.00203971 0.0438654 0.0274016 -0.00132547 0.999866 -0.0163046 -0.273639 -0.0438928 0.0162307 0.998904 14.728 
0.999206 0.00225384 0.0397702 0.0262748 -0.00156082 0.999847 -0.017447 -0.279617 -0.0398035 0.0173711 0.999057 14.8552 
0.999415 0.00257791 0.0340899 0.0211458 -0.00195213 0.999829 -0.0183762 -0.285462 -0.0341315 0.0182989 0.99925 14.98 
0.99962 0.00238021 0.0274548 0.0172555 -0.00185575 0.999816 -0.0191107 -0.287262 -0.0274953 0.0190526 0.99944 15.1096 
0.999796 0.00232377 0.0200641 0.0211177 -0.00192488 0.999801 -0.0198753 -0.2888 -0.0201063 0.0198326 0.999601 15.2489 
0.999925 0.00221022 0.0120747 0.0102459 -0.00195811 0.999781 -0.020848 -0.291456 -0.0121181 0.0208228 0.99971 15.3824 
0.999998 0.000985573 0.0019379 0.00131508 -0.000942474 0.999755 -0.0220944 -0.294235 -0.00195924 0.0220926 0.999754 15.5235 
0.999938 -0.000735299 -0.0111305 -0.0100983 0.000470962 0.999718 -0.0237368 -0.297601 0.0111447 0.0237302 0.999656 15.6725 
0.999627 -0.00126428 -0.0272671 -0.0341466 0.000565046 0.999671 -0.0256378 -0.301484 0.0272905 0.0256128 0.999299 15.8326 
0.998909 -0.000877118 -0.0466891 -0.0614659 -0.00036592 0.999646 -0.0266095 -0.30568 0.0466958 0.0265976 0.998555 16.0093 
0.99766 -0.000315333 -0.06837 -0.101682 -0.00147223 0.999658 -0.0260941 -0.312775 0.0683549 0.0261337 0.997319 16.203 
0.995744 0.000341498 -0.0921638 -0.146705 -0.00263024 0.999691 -0.0247135 -0.318719 0.0921269 0.0248507 0.995437 16.416 
0.992897 0.00118527 -0.118973 -0.203529 -0.00398468 0.999721 -0.023295 -0.325742 0.118912 0.0236037 0.992624 16.6453 
0.988822 0.00204266 -0.149087 -0.277939 -0.00526609 0.999761 -0.0212299 -0.333189 0.149008 0.0217777 0.988596 16.8897 
0.983222 0.00218659 -0.1824 -0.356591 -0.00552929 0.999826 -0.0178199 -0.339109 0.182329 0.0185295 0.983063 17.1488 
0.97566 0.00292927 -0.219272 -0.456129 -0.00612842 0.999884 -0.0139113 -0.342397 0.219205 0.0149166 0.975565 17.4207 
0.965813 0.00473097 -0.259197 -0.569163 -0.00723144 0.999936 -0.00869448 -0.345873 0.25914 0.0102717 0.965785 17.7028 
0.953549 0.00869439 -0.301114 -0.700276 -0.0103357 0.999939 -0.00385829 -0.350008 0.301062 0.00679135 0.95358 17.9933 
0.938963 0.0122953 -0.343798 -0.841901 -0.0128889 0.999917 0.000558698 -0.354294 0.343776 0.00390661 0.939043 18.2854 
0.921783 0.0146162 -0.38743 -1.01065 -0.0133007 0.999893 0.00607651 -0.354903 0.387477 -0.000448099 0.921879 18.592 
0.901822 0.0178555 -0.431739 -1.1862 -0.01316 0.999817 0.0138607 -0.360724 0.431907 -0.0068181 0.901892 18.8952 
0.879273 0.021872 -0.475815 -1.38673 -0.013858 0.999697 0.0203448 -0.360798 0.476116 -0.0112947 0.87931 19.1979 
0.853542 0.0267923 -0.520334 -1.61089 -0.0163095 0.999562 0.0247144 -0.358437 0.520768 -0.0126083 0.853605 19.4988 
0.82461 0.0300189 -0.564905 -1.85396 -0.0171281 0.999458 0.0281085 -0.360875 0.565443 -0.0135028 0.824677 19.7961 
0.792905 0.033248 -0.608438 -2.12594 -0.0192803 0.999379 0.0294851 -0.352201 0.60904 -0.0116479 0.793054 20.0824 
0.758081 0.0356575 -0.651185 -2.41616 -0.0194927 0.999297 0.0320268 -0.342034 0.651869 -0.0115855 0.758243 20.3698 
0.720233 0.0392684 -0.69262 -2.73859 -0.0203352 0.999163 0.035502 -0.326568 0.693434 -0.0114851 0.720428 20.6498 
0.680414 0.0403627 -0.731716 -3.08834 -0.0179408 0.9991 0.0384291 -0.313087 0.732609 -0.0130201 0.680525 20.9255 
0.638998 0.0402153 -0.768157 -3.46196 -0.0152242 0.999098 0.0396413 -0.300166 0.769058 -0.0136361 0.639034 21.1874 
0.595627 0.0390695 -0.802311 -3.86219 -0.0098956 0.999098 0.0413059 -0.285223 0.8032 -0.0166635 0.595476 21.4424 
0.550499 0.0393849 -0.833906 -4.28306 -0.00518691 0.999029 0.0437594 -0.272818 0.83482 -0.019764 0.550169 21.6773 
0.503327 0.040573 -0.863143 -4.73326 -0.00326898 0.998979 0.0450518 -0.25219 0.86409 -0.0198542 0.502946 21.8931 
0.453492 0.040069 -0.890359 -5.20884 -0.00243522 0.999041 0.0437197 -0.227719 0.891257 -0.0176583 0.453155 22.0829 
0.400904 0.0389439 -0.915292 -5.70322 0.00269342 0.999042 0.043687 -0.206747 0.916116 -0.0199795 0.400415 22.257 
0.347195 0.0382425 -0.937013 -6.22328 0.00775287 0.999017 0.0436457 -0.188825 0.937761 -0.0224181 0.346557 22.4094 
0.293173 0.0370331 -0.955342 -6.7673 0.0100339 0.999075 0.0418075 -0.162305 0.956007 -0.0218425 0.29253 22.532 
0.23967 0.0427891 -0.969911 -7.34154 0.0106649 0.998852 0.0467012 -0.135358 0.970796 -0.0215368 0.238938 22.6312 
0.188089 0.0477975 -0.980988 -7.94252 0.0131249 0.998604 0.0511723 -0.108992 0.982064 -0.0225003 0.187199 22.7035 
0.139592 0.0490724 -0.988992 -8.55797 0.0182556 0.998474 0.0521196 -0.0828331 0.990041 -0.0253301 0.138484 22.7572 
0.0951703 0.0505994 -0.994174 -9.19092 0.020628 0.998393 0.0527888 -0.064562 0.995247 -0.0255317 0.0939736 22.7852 
0.0547815 0.0488379 -0.997303 -9.83607 0.0200316 0.998548 0.0499992 -0.0385028 0.998297 -0.0227166 0.0537237 22.7833 
0.0190667 0.0443012 -0.998836 -10.4965 0.0174277 0.998851 0.0446346 -0.00472892 0.999666 -0.0182585 0.0182728 22.7592 
-0.00955876 0.0441337 -0.99898 -11.1839 0.0152723 0.998916 0.0439847 0.0269927 0.999838 -0.0148362 -0.0102224 22.7229 
-0.0305062 0.0483864 -0.998363 -11.899 0.0140844 0.998749 0.0479748 0.0547895 0.999435 -0.0125978 -0.0311496 22.6753 
-0.0433928 0.0542858 -0.997582 -12.6311 0.0156218 0.998437 0.0536528 0.0859063 0.998936 -0.0132559 -0.044173 22.6221 
-0.0512683 0.0569238 -0.997061 -13.3879 0.0151615 0.998304 0.0562152 0.115602 0.99857 -0.0122349 -0.0520444 22.5588 
-0.0551268 0.0541927 -0.997008 -14.1649 0.016324 0.998442 0.053368 0.146155 0.998346 -0.0133331 -0.0559255 22.5003 
-0.0543427 0.0505465 -0.997242 -14.9383 0.0238243 0.998499 0.049312 0.178616 0.998238 -0.0210788 -0.0554654 22.4481 
-0.0502113 0.0491089 -0.997531 -15.7457 0.035652 0.998242 0.0473493 0.219715 0.998102 -0.0331864 -0.0518738 22.4168 
-0.0448769 0.049194 -0.997781 -16.5839 0.0361498 0.998213 0.0475894 0.256761 0.998338 -0.0339339 -0.046575 22.3717 
-0.0398733 0.047618 -0.998069 -17.4413 0.0342348 0.998343 0.0462633 0.286278 0.998618 -0.032324 -0.0414374 22.3215 
-0.036773 0.0413302 -0.998469 -18.3065 0.0379139 0.998483 0.0399345 0.319759 0.998604 -0.0363873 -0.0382842 22.2858 
-0.0344468 0.0305835 -0.998939 -19.1771 0.0357024 0.998931 0.0293522 0.345917 0.998769 -0.0346533 -0.0355019 22.2363 
-0.0337611 0.022202 -0.999183 -20.0748 0.0280533 0.99938 0.0212585 0.363612 0.999036 -0.0273127 -0.0343631 22.1733 
-0.0351548 0.0191627 -0.999198 -21 0.0223375 0.999581 0.0183841 0.387431 0.999132 -0.0216733 -0.0355682 22.1159 
-0.0385585 0.0249951 -0.998944 -21.9489 0.0131801 0.999613 0.0245031 0.40126 0.999169 -0.0122214 -0.0388731 22.0436 
-0.0436338 0.0329926 -0.998503 -22.9372 0.00837287 0.999432 0.0326574 0.422007 0.999013 -0.00693533 -0.0438852 21.9695 
-0.0485784 0.0424327 -0.997918 -23.95 0.0070124 0.999087 0.042141 0.454098 0.998795 -0.00495061 -0.0488317 21.9034 
-0.0504256 0.0521554 -0.997365 -24.9825 0.00608865 0.998633 0.0519138 0.496829 0.998709 -0.00345478 -0.0506742 21.8383 
-0.0514028 0.0600439 -0.996871 -26.0186 0.00790777 0.998184 0.0597152 0.538121 0.998647 -0.00481346 -0.0517843 21.7627 
-0.0529057 0.0607898 -0.996748 -27.0437 0.00904595 0.998134 0.0603942 0.586225 0.998559 -0.00582129 -0.0533568 21.691 
-0.0546598 0.0580307 -0.996817 -28.0555 0.00780814 0.998304 0.0576891 0.632386 0.998475 -0.00462997 -0.0550202 21.616 
-0.0574268 0.0529447 -0.996945 -29.0706 0.00752918 0.998587 0.0525982 0.676638 0.998321 -0.00448559 -0.0577443 21.536 
-0.0619768 0.047917 -0.996927 -30.0868 0.00783907 0.998839 0.0475216 0.710977 0.998047 -0.0048697 -0.0622805 21.4517 
-0.0675988 0.0433627 -0.99677 -31.1055 0.00801599 0.999046 0.0429181 0.746143 0.99768 -0.00508885 -0.067882 21.368 
-0.0744481 0.0413942 -0.996365 -32.1347 0.00705717 0.999135 0.040982 0.778333 0.9972 -0.00398045 -0.0746758 21.2633 
-0.0812405 0.0439014 -0.995727 -33.1904 0.00763522 0.999028 0.043424 0.812097 0.996665 -0.00407477 -0.0814966 21.1583 
-0.0876168 0.0487029 -0.994963 -34.2623 0.00634386 0.998811 0.0483326 0.848123 0.996134 -0.00207712 -0.0878216 21.042 
-0.0940712 0.0515194 -0.994232 -35.3284 0.00406003 0.998672 0.0513653 0.880244 0.995557 0.000795422 -0.0941554 20.9271 
-0.0989018 0.0538079 -0.993641 -36.409 0.000897839 0.998541 0.0539839 0.919456 0.995097 0.00444701 -0.0988058 20.7967 
-0.101485 0.0550556 -0.993313 -37.4886 -0.00356548 0.998441 0.0557041 0.963 0.994831 0.00919479 -0.10113 20.6545 
-0.103421 0.056227 -0.993047 -38.5724 -0.00735072 0.99833 0.0572917 1.00717 0.994611 0.0132248 -0.102835 20.5208 
-0.105026 0.0557599 -0.992905 -39.6618 -0.00890445 0.998334 0.0570067 1.05294 0.99443 0.0148285 -0.104355 20.3821 
-0.106367 0.0549423 -0.992808 -40.7492 -0.0089937 0.998378 0.0562141 1.09863 0.994286 0.0149084 -0.1057 20.2411 
-0.107473 0.0543368 -0.992722 -41.8267 -0.0102926 0.998391 0.0557614 1.13994 0.994155 0.0162106 -0.106741 20.1032 
-0.108365 0.0534822 -0.992672 -42.9252 -0.0122455 0.998404 0.0551278 1.18286 0.994036 0.0181297 -0.107537 19.96 
-0.109018 0.0509072 -0.992735 -44.013 -0.0169293 0.998448 0.0530592 1.22502 0.993896 0.0225908 -0.107987 19.813 
-0.109093 0.045786 -0.992977 -45.1053 -0.0224504 0.99857 0.0485104 1.26774 0.993778 0.0275849 -0.107909 19.6585 
-0.108351 0.0450312 -0.993092 -46.2032 -0.0237776 0.99857 0.0478739 1.31279 0.993828 0.0288006 -0.107125 19.516 
-0.106938 0.0492311 -0.993046 -47.3126 -0.0246473 0.998335 0.0521475 1.35363 0.99396 0.0300525 -0.105547 19.3759 
-0.10512 0.0524646 -0.993075 -48.4283 -0.0247937 0.998159 0.0553577 1.39409 0.99415 0.0304412 -0.103626 19.2375 
-0.103482 0.0521379 -0.993264 -49.5514 -0.0228586 0.998237 0.0547804 1.44512 0.994369 0.0283734 -0.102108 19.1002 
-0.10136 0.0513831 -0.993522 -50.6682 -0.0222925 0.998297 0.0539043 1.48885 0.9946 0.0276118 -0.100042 18.9713 
-0.0971314 0.0519745 -0.993914 -51.8036 -0.0268222 0.998136 0.0548166 1.53389 0.99491 0.0319834 -0.0955563 18.8294 
-0.0917078 0.0528213 -0.994384 -52.9298 -0.0313559 0.997944 0.0559022 1.57719 0.995292 0.0363065 -0.0898629 18.7022 
-0.0860126 0.052309 -0.99492 -54.0571 -0.0350442 0.997844 0.0554923 1.62332 0.995678 0.0396392 -0.083994 18.5781 
-0.080501 0.0515233 -0.995422 -55.1911 -0.0362039 0.997853 0.054577 1.67089 0.996097 0.0404317 -0.0784628 18.4666 
-0.0746947 0.0508224 -0.995911 -56.3225 -0.0355316 0.997931 0.0535904 1.71555 0.996573 0.0393893 -0.0727343 18.3591 
-0.0695511 0.0508182 -0.996283 -57.4544 -0.033566 0.998017 0.0532499 1.75751 0.997014 0.0371448 -0.0677074 18.2647 
-0.0640928 0.0516111 -0.996608 -58.5907 -0.0325505 0.998022 0.0537777 1.80026 0.997413 0.0358869 -0.0622861 18.1734 
-0.0588533 0.0532222 -0.996847 -59.7421 -0.031285 0.997989 0.0551302 1.84702 0.997776 0.034431 -0.0570698 18.0913 
-0.0534275 0.0541597 -0.997102 -60.9052 -0.0321782 0.997916 0.0559281 1.9 0.998053 0.0350731 -0.0515735 18.0127 
-0.0486053 0.0533423 -0.997393 -62.0542 -0.0313628 0.997999 0.0549031 1.94643 0.998326 0.0339497 -0.0468351 17.9419 
-0.043571 0.0488485 -0.997855 -63.1975 -0.0318195 0.998229 0.0502562 1.99252 0.998544 0.0339411 -0.0419395 17.8678 
-0.0391791 0.0436482 -0.998278 -64.3396 -0.0313221 0.998501 0.0448872 2.03071 0.998741 0.0330269 -0.0377532 17.803 
-0.0352929 0.0428421 -0.998458 -65.503 -0.031256 0.998545 0.0439507 2.07511 0.998888 0.032759 -0.0339024 17.7363 
-0.0321807 0.0453685 -0.998452 -66.6673 -0.0305544 0.998458 0.0463536 2.10792 0.999015 0.0319988 -0.0307449 17.68 
-0.0300246 0.0448548 -0.998542 -67.8295 -0.0306032 0.998483 0.0457723 2.14693 0.999081 0.0319329 -0.0286063 17.6238 
-0.0289267 0.0445434 -0.998589 -69.0093 -0.0324596 0.998438 0.0454769 2.18817 0.999054 0.0337293 -0.0274357 17.5628 
-0.0279783 0.0454715 -0.998574 -70.1904 -0.0335488 0.998359 0.0464017 2.2243 0.999045 0.0347992 -0.0264069 17.5047 
-0.0267678 0.0450646 -0.998625 -71.3689 -0.0341357 0.99836 0.0459676 2.2616 0.999059 0.0353193 -0.0251855 17.4488 
-0.0255526 0.0427314 -0.99876 -72.5515 -0.0346008 0.99845 0.0436034 2.30234 0.999075 0.0356721 -0.0240344 17.3923 
-0.0250168 0.0413324 -0.998832 -73.731 -0.0326917 0.998577 0.0421407 2.33803 0.999152 0.0337078 -0.0236299 17.3437 
-0.0247587 0.0413695 -0.998837 -74.9155 -0.0297781 0.99867 0.0421006 2.36982 0.99925 0.0307859 -0.0234939 17.3 
-0.024722 0.0424932 -0.998791 -76.0957 -0.0273063 0.998695 0.043165 2.39873 0.999321 0.0283404 -0.0235294 17.2574 
-0.0245686 0.0450974 -0.99868 -77.2808 -0.0273603 0.998577 0.0457659 2.43538 0.999324 0.0284486 -0.0232997 17.2065 
-0.0242387 0.0486169 -0.998523 -78.4704 -0.0296848 0.998341 0.0493287 2.46989 0.999265 0.0308366 -0.0227553 17.1564 
-0.0235591 0.0486378 -0.998539 -79.6452 -0.0319961 0.998267 0.0493795 2.50607 0.99921 0.0331127 -0.0219621 17.1023 
-0.0233511 0.0466621 -0.998638 -80.8105 -0.0327923 0.998337 0.0474148 2.54234 0.999189 0.0338549 -0.0217821 17.0512 
-0.0232784 0.0441915 -0.998752 -82.0062 -0.0330111 0.998444 0.0449473 2.58 0.999184 0.0340163 -0.0217833 17.0079 
-0.023383 0.0437005 -0.998771 -83.1783 -0.0305858 0.998545 0.0444067 2.61304 0.999259 0.0315866 -0.0220124 16.9636 
-0.0234441 0.0452957 -0.998699 -84.3619 -0.0287396 0.99853 0.0459627 2.64729 0.999312 0.0297798 -0.0221079 16.9183 
-0.0232569 0.048102 -0.998572 -85.5408 -0.0284822 0.998405 0.0487573 2.68343 0.999324 0.0295755 -0.0218498 16.8735 
-0.022749 0.0503879 -0.998471 -86.7123 -0.028516 0.99829 0.0510284 2.72086 0.999334 0.0296333 -0.0212732 16.8253 
-0.022686 0.0505701 -0.998463 -87.8805 -0.0302709 0.998227 0.051246 2.75917 0.999284 0.031387 -0.021115 16.7774 
-0.0224559 0.0484743 -0.998572 -89.0432 -0.0296138 0.998353 0.0491297 2.79541 0.999309 0.0306748 -0.0209834 16.7341 
-0.0222877 0.0471489 -0.998639 -90.2133 -0.0280234 0.998465 0.0477661 2.83552 0.999359 0.0290499 -0.0209322 16.6922 
-0.0224365 0.0481428 -0.998588 -91.3889 -0.0261584 0.99847 0.0487248 2.87289 0.999406 0.0272147 -0.0211429 16.6498 
-0.0224003 0.0511089 -0.998442 -92.5747 -0.0238657 0.998381 0.0516412 2.91301 0.999464 0.0249854 -0.0211442 16.6079 
-0.0224797 0.0537064 -0.998304 -93.7564 -0.0225271 0.998275 0.0542121 2.95507 0.999494 0.0237076 -0.0212311 16.5646 
-0.0220423 0.0553626 -0.998223 -94.9327 -0.0230342 0.998172 0.0558684 3.00094 0.999492 0.0242248 -0.0207268 16.5186 
-0.0217888 0.0571534 -0.998128 -96.1023 -0.0254863 0.998008 0.057703 3.04615 0.999438 0.0266959 -0.0202888 16.4695 
-0.0216616 0.0561903 -0.998185 -97.271 -0.0272685 0.998015 0.0567725 3.092 0.999393 0.0284488 -0.0200864 16.4255 
-0.02194 0.0522385 -0.998394 -98.4299 -0.0294291 0.998168 0.0528734 3.13567 0.999326 0.0305419 -0.0203625 16.3778 
-0.0218441 0.0503754 -0.998491 -99.5966 -0.0301652 0.998242 0.0510227 3.18014 0.999306 0.0312343 -0.0202862 16.3351 
-0.0219639 0.0489449 -0.99856 -100.759 -0.0302398 0.998311 0.0495978 3.21842 0.999301 0.0312857 -0.0204468 16.2955 
-0.0220508 0.0493343 -0.998539 -101.911 -0.0289422 0.998332 0.0499632 3.25878 0.999338 0.0300017 -0.0205861 16.2554 
-0.0221644 0.0513813 -0.998433 -103.076 -0.0288878 0.998229 0.0520121 3.3018 0.999337 0.0299954 -0.0206408 16.2036 
-0.0223026 0.0534874 -0.998319 -104.242 -0.027489 0.998158 0.0540928 3.34421 0.999373 0.0286493 -0.0207912 16.1634 
-0.0229266 0.0523966 -0.998363 -105.403 -0.0310947 0.998105 0.0530971 3.38899 0.999254 0.0322612 -0.0212539 16.1116 
-0.0232125 0.0534844 -0.998299 -106.567 -0.035232 0.997904 0.0542825 3.43632 0.99911 0.0364321 -0.0212795 16.0558 
-0.0236087 0.0525111 -0.998341 -107.737 -0.0385605 0.997829 0.053396 3.48139 0.998977 0.0397572 -0.0215326 16.0019 
-0.0237412 0.0483835 -0.998547 -108.931 -0.0388713 0.998028 0.0492826 3.53202 0.998962 0.0399849 -0.0218136 15.9438 
-0.0244672 0.0443218 -0.998718 -110.107 -0.0390697 0.998211 0.0452565 3.5753 0.998937 0.040127 -0.0226918 15.8951 
-0.0256429 0.0434403 -0.998727 -111.293 -0.0353654 0.998391 0.0443337 3.61501 0.999045 0.0364572 -0.0240653 15.8468 
-0.0265 0.0430745 -0.99872 -112.505 -0.0310053 0.998555 0.0438901 3.65076 0.999168 0.0321288 -0.0251261 15.8082 
-0.0270688 0.0448166 -0.998628 -113.727 -0.0299927 0.998508 0.0456242 3.69279 0.999184 0.0311866 -0.0256842 15.7536 
-0.0279738 0.0487932 -0.998417 -114.958 -0.0290057 0.998348 0.0496025 3.73191 0.999188 0.0303474 -0.0265123 15.6971 
-0.0287197 0.0488154 -0.998395 -116.201 -0.0273587 0.998394 0.0496024 3.77916 0.999213 0.0287394 -0.0273381 15.6462 
-0.0297152 0.0443858 -0.998572 -117.431 -0.0275419 0.998598 0.0452065 3.82878 0.999179 0.0288459 -0.028451 15.5918 
-0.0303971 0.0405449 -0.998715 -118.68 -0.027737 0.998758 0.0413909 3.87198 0.999153 0.0289596 -0.0292348 15.5279 
-0.0311448 0.0392634 -0.998743 -119.924 -0.0269 0.998833 0.0401058 3.90682 0.999153 0.0281153 -0.0300523 15.4643 
-0.0319298 0.040307 -0.998677 -121.182 -0.0286551 0.998739 0.0412256 3.94674 0.999079 0.0299335 -0.0307346 15.4023 
-0.0324298 0.0447451 -0.998472 -122.449 -0.0332853 0.998395 0.0458227 3.98593 0.99892 0.0347205 -0.0308884 15.3327 
-0.0327205 0.0477649 -0.998323 -123.71 -0.0385469 0.998054 0.0490155 4.02701 0.998721 0.0400861 -0.0308157 15.26 
-0.0330166 0.0473319 -0.998333 -124.968 -0.0459366 0.997751 0.0488235 4.07168 0.998399 0.047472 -0.0307681 15.1868 
-0.0330241 0.04531 -0.998427 -126.237 -0.0491622 0.997689 0.0469026 4.11254 0.998245 0.0506338 -0.0307203 15.1148 
-0.034096 0.0440814 -0.998446 -127.505 -0.0511201 0.997642 0.0457916 4.1522 0.99811 0.052602 -0.0317622 15.0547 
-0.0352384 0.0434981 -0.998432 -128.768 -0.0510539 0.99767 0.0452668 4.1885 0.998074 0.052569 -0.0329356 14.9974 
-0.035753 0.0423792 -0.998462 -130.059 -0.0483759 0.997856 0.0440857 4.23203 0.998189 0.0498777 -0.0336262 14.9329 
-0.0358792 0.0430495 -0.998429 -131.333 -0.0485008 0.99782 0.0447661 4.27211 0.998179 0.0500308 -0.033713 14.8552 
-0.0368654 0.0482184 -0.998156 -132.608 -0.0481316 0.99759 0.0499687 4.31165 0.99816 0.049885 -0.0344558 14.7887 
-0.0375915 0.0523451 -0.997921 -133.884 -0.0466339 0.997447 0.0540769 4.35735 0.998205 0.0485698 -0.0350545 14.7179 
-0.0379639 0.0509178 -0.997981 -135.148 -0.0471389 0.997498 0.0526863 4.40703 0.998167 0.049044 -0.0354687 14.6541 
-0.0373367 0.0492731 -0.998087 -136.412 -0.0467031 0.997606 0.0509965 4.45946 0.998211 0.0485179 -0.0349461 14.5851 
-0.0362668 0.0488593 -0.998147 -137.665 -0.0460029 0.997664 0.0505072 4.49957 0.998283 0.0477494 -0.0339344 14.5161 
-0.0355403 0.048147 -0.998208 -138.915 -0.0460081 0.997701 0.0497607 4.54127 0.998309 0.0476941 -0.0332434 14.4497 
-0.0351405 0.050169 -0.998122 -140.178 -0.045902 0.997604 0.051759 4.58667 0.998328 0.0476347 -0.0327534 14.3879 
-0.0345202 0.0536594 -0.997962 -141.44 -0.0469626 0.997367 0.0552519 4.63563 0.9983 0.0487743 -0.0319093 14.3241 
-0.0335432 0.0546949 -0.99794 -142.704 -0.0484725 0.997237 0.0562857 4.68336 0.998261 0.0502607 -0.0307993 14.2646 
-0.0326739 0.0519173 -0.998117 -143.953 -0.0505292 0.997287 0.0535283 4.73053 0.998188 0.0521831 -0.0299619 14.1966 
-0.0326195 0.048888 -0.998272 -145.199 -0.0495742 0.997495 0.0504698 4.77943 0.998238 0.0511348 -0.0301142 14.1305 
-0.0327095 0.0473703 -0.998342 -146.446 -0.0465842 0.997718 0.0488671 4.82137 0.998379 0.0481054 -0.0304282 14.0718 
-0.0331925 0.0467773 -0.998354 -147.686 -0.0449804 0.997822 0.0482479 4.86439 0.998436 0.0465079 -0.0310161 14.0135 
-0.0337138 0.0472192 -0.998315 -148.938 -0.0422832 0.997922 0.0486285 4.90323 0.998537 0.0438514 -0.0316472 13.9582 
-0.0338448 0.0458453 -0.998375 -150.196 -0.0403532 0.99807 0.0471993 4.94277 0.998612 0.0418851 -0.0319295 13.892 
-0.0343782 0.0461449 -0.998343 -151.445 -0.0396359 0.998085 0.0474978 4.98195 0.998623 0.0412031 -0.0324834 13.8369 
-0.0351033 0.0490289 -0.99818 -152.699 -0.036939 0.99805 0.0503216 5.02143 0.998701 0.0386382 -0.0332238 13.7833 
-0.0354694 0.0502803 -0.998105 -153.939 -0.0341841 0.998088 0.0514943 5.06506 0.998786 0.0359459 -0.0336828 13.7233 
-0.0358591 0.0491451 -0.998148 -155.174 -0.0321539 0.998216 0.0503036 5.10566 0.998839 0.0338983 -0.034215 13.6652 
-0.0367029 0.049377 -0.998106 -156.405 -0.0334785 0.998157 0.0506106 5.14788 0.998765 0.0352727 -0.0349821 13.5959 
-0.0369636 0.0540691 -0.997853 -157.651 -0.0339927 0.997889 0.0553303 5.19342 0.998738 0.035965 -0.0350476 13.5322 
-0.0365322 0.0600931 -0.997524 -158.896 -0.0388779 0.997349 0.0615064 5.24868 0.998576 0.0410287 -0.034099 13.462 
-0.0354814 0.0600142 -0.997567 -160.129 -0.0435308 0.997155 0.0615378 5.30585 0.998422 0.0456084 -0.032768 13.3844 
-0.0343622 0.0560736 -0.997835 -161.363 -0.0471068 0.997224 0.0576614 5.3583 0.998299 0.0489862 -0.0316253 13.3133 
-0.0325996 0.050448 -0.998195 -162.597 -0.0492029 0.997433 0.0520165 5.41218 0.998257 0.0508098 -0.0300338 13.2427 
-0.0318518 0.0486385 -0.998308 -163.825 -0.0517515 0.997395 0.0502452 5.45817 0.998152 0.0532644 -0.0292517 13.1743 
-0.0304244 0.0457353 -0.99849 -165.052 -0.0464121 0.997811 0.0471184 5.49753 0.998459 0.0477756 -0.0282351 13.115 
-0.0301924 0.0412981 -0.998691 -166.271 -0.0432194 0.998158 0.0425827 5.53866 0.998609 0.0444485 -0.0283519 13.0554 
-0.0309398 0.0383084 -0.998787 -167.504 -0.0367808 0.998545 0.0394385 5.57079 0.998844 0.0379564 -0.0294858 13.0104 
-0.0320021 0.0409805 -0.998647 -168.747 -0.0345923 0.998515 0.0420836 5.61159 0.998889 0.0358923 -0.0305369 12.9524 
-0.0315479 0.0474804 -0.998374 -169.99 -0.0347713 0.998214 0.0485716 5.64399 0.998897 0.0362471 -0.0298406 12.895 
-0.030157 0.050411 -0.998273 -171.234 -0.0364602 0.998007 0.051499 5.68985 0.99888 0.0379503 -0.0282589 12.8377 
-0.0287476 0.0470769 -0.998478 -172.482 -0.0373879 0.998141 0.0481375 5.73337 0.998887 0.0387148 -0.026934 12.7901 
-0.0282134 0.0469675 -0.998498 -173.707 -0.0396073 0.998059 0.048066 5.77601 0.998817 0.040904 -0.0262984 12.7323 
-0.027341 0.0482266 -0.998462 -174.925 -0.0375994 0.998079 0.0492377 5.81299 0.998919 0.0388878 -0.0254752 12.682 
-0.0270019 0.0462713 -0.998564 -176.125 -0.037793 0.998167 0.0472748 5.849 0.998921 0.0390153 -0.0252037 12.6306 
-0.0255477 0.0448588 -0.998667 -177.317 -0.0376799 0.99824 0.0458035 5.88328 0.998963 0.0387999 -0.0238124 12.585 
-0.0238453 0.0465386 -0.998632 -178.471 -0.0388127 0.99812 0.0474415 5.9147 0.998962 0.0398909 -0.0219942 12.5329 
-0.0223904 0.0482655 -0.998584 -179.617 -0.0387385 0.998042 0.0491079 5.94545 0.998999 0.0397832 -0.0204768 12.4845 
-0.0221387 0.0496934 -0.998519 -180.716 -0.0394379 0.997943 0.0505391 5.97246 0.998977 0.0404984 -0.0201333 12.4417 
-0.0221327 0.0511119 -0.998448 -181.799 -0.0398646 0.997853 0.0519652 5.99902 0.99896 0.0409528 -0.0200477 12.3984 
-0.0223115 0.0519807 -0.998399 -182.88 -0.0389196 0.997845 0.0528216 6.03395 0.998993 0.0400359 -0.0202404 12.3499 
-0.0220362 0.0512533 -0.998443 -183.895 -0.0392533 0.997871 0.0520903 6.05969 0.998986 0.0403401 -0.0199774 12.3116 
-0.0204609 0.0510447 -0.998487 -184.898 -0.0400531 0.997852 0.051833 6.09068 0.998988 0.0410531 -0.0183725 12.2651 
-0.0192548 0.0516712 -0.998479 -185.864 -0.0402691 0.997813 0.0524133 6.12031 0.999003 0.041217 -0.0171319 12.2326 
-0.0203445 0.0502055 -0.998532 -186.817 -0.0385616 0.997956 0.0509623 6.14522 0.999049 0.0395418 -0.0183669 12.1998 
-0.0237362 0.0473593 -0.998596 -187.751 -0.0361343 0.998184 0.0481986 6.16825 0.999065 0.0372276 -0.0219818 12.1653 
-0.0291037 0.0438561 -0.998614 -188.69 -0.0357253 0.998353 0.0448858 6.19361 0.998938 0.0369822 -0.0274889 12.1245 
-0.0346526 0.0404807 -0.998579 -189.629 -0.0372104 0.998434 0.0417661 6.22445 0.998706 0.0386049 -0.0330921 12.0805 
-0.0392784 0.039122 -0.998462 -190.561 -0.0390433 0.99841 0.0406559 6.25729 0.998465 0.0405802 -0.0376885 12.0393 
-0.042013 0.0396132 -0.998332 -191.488 -0.0408973 0.998308 0.0413333 6.2811 0.99828 0.0425657 -0.0403218 11.9781 
-0.0448478 0.0414151 -0.998135 -192.416 -0.0394816 0.998286 0.0431953 6.30437 0.998213 0.0413452 -0.0431358 11.9322 
-0.0462505 0.0431622 -0.997997 -193.35 -0.0364859 0.998326 0.0448673 6.32636 0.998263 0.038488 -0.0445982 11.8716 
-0.0479432 0.0435796 -0.997899 -194.287 -0.0351415 0.998356 0.0452879 6.35596 0.998232 0.037239 -0.0463329 11.8191 
-0.0489369 0.0424757 -0.997898 -195.207 -0.0354839 0.998391 0.0442368 6.38117 0.998171 0.0375742 -0.0473509 11.7554 
-0.0500434 0.0411382 -0.997899 -196.115 -0.0374779 0.99837 0.0430371 6.40641 0.998044 0.039553 -0.0484201 11.6942 
-0.0501628 0.0402767 -0.997929 -197.022 -0.0411217 0.998256 0.042357 6.4309 0.997894 0.0431613 -0.0484191 11.6278 
-0.0494799 0.0382759 -0.998041 -197.929 -0.043924 0.998215 0.0404602 6.45756 0.997809 0.0458399 -0.0477104 11.5633 
-0.0485331 0.0357368 -0.998182 -198.84 -0.0443084 0.998299 0.0378953 6.47795 0.997838 0.0460671 -0.0468671 11.5011 
-0.0482329 0.0329812 -0.998291 -199.753 -0.0441792 0.998406 0.0351196 6.501 0.997859 0.0457977 -0.046699 11.4417 
-0.0477533 0.0326795 -0.998324 -200.679 -0.0444118 0.998407 0.0348066 6.52213 0.997871 0.0459996 -0.0462259 11.38 
-0.0473548 0.0351553 -0.998259 -201.612 -0.0418796 0.998432 0.037148 6.54818 0.998 0.0435659 -0.0458082 11.3249 
-0.0473921 0.0365236 -0.998208 -202.551 -0.0414074 0.9984 0.0384965 6.56908 0.998018 0.0431577 -0.0458039 11.2624 
-0.0468854 0.0329079 -0.998358 -203.495 -0.0363332 0.99874 0.0346268 6.58945 0.998239 0.0378971 -0.0456306 11.2102 
-0.0468113 0.029558 -0.998466 -204.436 -0.0347018 0.998911 0.0311981 6.61497 0.998301 0.036109 -0.0457346 11.1546 
-0.0463482 0.0295931 -0.998487 -205.378 -0.0392827 0.998734 0.0314238 6.63803 0.998153 0.0406797 -0.0451271 11.0856 
-0.0449633 0.0337258 -0.998419 -206.341 -0.0405635 0.998544 0.0355568 6.65235 0.998165 0.0420982 -0.0435298 11.0219 
-0.0429819 0.0331476 -0.998526 -207.299 -0.0383881 0.998657 0.0348044 6.67682 0.998338 0.0398275 -0.0416516 10.9634 
-0.0407001 0.0342091 -0.998586 -208.27 -0.0369615 0.998678 0.0357188 6.70601 0.998488 0.0383631 -0.0393818 10.906 
-0.0394447 0.0389497 -0.998462 -209.262 -0.0378436 0.998465 0.0404448 6.73423 0.998505 0.0393808 -0.0379102 10.8515 
-0.0376414 0.0432848 -0.998353 -210.264 -0.0352733 0.998381 0.0446159 6.76001 0.998669 0.0368947 -0.0360536 10.795 
-0.0364992 0.0436484 -0.99838 -211.263 -0.0349543 0.998379 0.0449262 6.79369 0.998722 0.0365374 -0.0349143 10.742 
-0.0344521 0.0441567 -0.99843 -212.268 -0.0382324 0.998234 0.0454672 6.82849 0.998675 0.0397389 -0.032703 10.6844 
-0.0317857 0.0457372 -0.998448 -213.288 -0.0407954 0.998061 0.0470182 6.86423 0.998662 0.0422267 -0.0298581 10.6322 
-0.0280805 0.0458697 -0.998553 -214.311 -0.0422291 0.998 0.0470319 6.89893 0.998713 0.0434887 -0.0260873 10.579 
-0.0253829 0.0431938 -0.998744 -215.334 -0.0451163 0.997999 0.0443082 6.93251 0.998659 0.0461844 -0.0233834 10.5342 
-0.0222563 0.0399359 -0.998954 -216.363 -0.0452806 0.998136 0.040912 6.96469 0.998726 0.0461438 -0.0204065 10.4887 
-0.0208025 0.0392677 -0.999012 -217.399 -0.0449848 0.99818 0.0401717 6.9938 0.998771 0.0457761 -0.0189981 10.4505 
-0.0192314 0.0412868 -0.998962 -218.453 -0.0455705 0.998072 0.0421273 7.02712 0.998776 0.0463335 -0.0173128 10.4066 
-0.0176875 0.0445658 -0.99885 -219.52 -0.0477213 0.99783 0.0453653 7.05947 0.998704 0.0484689 -0.0155224 10.3623 
-0.0160069 0.0442677 -0.998892 -220.588 -0.0478355 0.997842 0.0449877 7.0926 0.998727 0.0485026 -0.0138548 10.3202 
-0.0150994 0.0416013 -0.99902 -221.655 -0.0464813 0.998025 0.0422623 7.12466 0.998805 0.0470739 -0.0131359 10.287 
-0.0152476 0.0387002 -0.999135 -222.735 -0.0437403 0.998268 0.0393342 7.1569 0.998927 0.0443023 -0.0135285 10.2561 
-0.0154494 0.0376403 -0.999172 -223.826 -0.0420416 0.998383 0.0382606 7.18576 0.998996 0.042598 -0.013842 10.225 
-0.0152533 0.0366186 -0.999213 -224.928 -0.0426189 0.998397 0.0372393 7.21774 0.998975 0.0431534 -0.0136682 10.1895 
-0.0150017 0.0366683 -0.999215 -226.028 -0.0427251 0.998391 0.0372795 7.2459 0.998974 0.0432509 -0.0134109 10.1551 
-0.0152875 0.0374744 -0.999181 -227.143 -0.0448144 0.998268 0.0381258 7.27579 0.998878 0.0453606 -0.0135816 10.12 
-0.015805 0.0396103 -0.99909 -228.263 -0.0454467 0.998154 0.0402921 7.3081 0.998842 0.0460422 -0.0139757 10.0852 
-0.0163806 0.0412504 -0.999015 -229.404 -0.0456166 0.998077 0.0419596 7.34168 0.998825 0.0462591 -0.0144674 10.0393 
-0.0171762 0.0429396 -0.99893 -230.554 -0.046705 0.997952 0.0437007 7.37975 0.998761 0.0474056 -0.0151355 10.0006 
-0.0180454 0.0438326 -0.998876 -231.698 -0.0492312 0.997788 0.0446742 7.41643 0.998624 0.0499821 -0.0158476 9.95412 
-0.0192503 0.0425625 -0.998908 -232.847 -0.0516758 0.997716 0.0435076 7.4527 0.998478 0.052457 -0.0170069 9.90631 
-0.0203738 0.0381996 -0.999062 -234.002 -0.0499345 0.997984 0.0391767 7.48366 0.998545 0.0506859 -0.0184252 9.8587 
-0.0219559 0.032089 -0.999244 -235.188 -0.0470335 0.998345 0.0330936 7.51529 0.998652 0.0477246 -0.0204103 9.8239 
-0.0242331 0.0277484 -0.999321 -236.366 -0.042188 0.998696 0.0287541 7.54088 0.998816 0.0428562 -0.0230308 9.78117 
-0.0266942 0.0281932 -0.999246 -237.558 -0.0360193 0.998926 0.0291464 7.56189 0.998995 0.0367702 -0.02565 9.73947 
-0.0290248 0.032406 -0.999053 -238.752 -0.0311549 0.998959 0.0333081 7.58221 0.999093 0.0320922 -0.027985 9.69123 
-0.0310077 0.034978 -0.998907 -239.961 -0.0292452 0.998928 0.0358865 7.60729 0.999091 0.030326 -0.0299515 9.62745 
-0.0329506 0.0345712 -0.998859 -241.158 -0.0276437 0.998988 0.0354876 7.63262 0.999075 0.0287815 -0.0319616 9.56328 
-0.03507 0.0352491 -0.998763 -242.369 -0.0277452 0.998958 0.0362302 7.66271 0.999 0.0289815 -0.0340555 9.4958 
-0.0370984 0.0368289 -0.998633 -243.592 -0.0266969 0.998927 0.0378316 7.69122 0.998955 0.0280639 -0.0360754 9.42488 
-0.0394241 0.0363895 -0.99856 -244.814 -0.0257956 0.998967 0.0374227 7.72111 0.99889 0.0272338 -0.0384447 9.35421 
-0.0416168 0.0351044 -0.998517 -246.046 -0.025819 0.999011 0.0361978 7.74863 0.9988 0.0272872 -0.0406693 9.27827 
-0.0438955 0.0348092 -0.99843 -247.279 -0.0257645 0.999021 0.0359626 7.77687 0.998704 0.0273027 -0.0429557 9.20075 
-0.0460482 0.0357675 -0.998299 -248.524 -0.0262344 0.998971 0.0370017 7.80644 0.998595 0.0278937 -0.0450624 9.11643 
-0.0483623 0.0360412 -0.998179 -249.775 -0.0264577 0.998952 0.037351 7.83676 0.998479 0.028216 -0.0473581 9.03455 
-0.0508042 0.0368864 -0.998027 -251.036 -0.0278012 0.998878 0.0383331 7.86916 0.998322 0.0296939 -0.0497217 8.9466 
-0.0529931 0.0386902 -0.997845 -252.309 -0.029835 0.998742 0.0403094 7.90123 0.998149 0.0319068 -0.0517721 8.85457 
-0.0545483 0.0396584 -0.997723 -253.563 -0.0314146 0.998648 0.0414127 7.93007 0.998017 0.0336021 -0.0532287 8.76028 
-0.0555473 0.0397743 -0.997664 -254.834 -0.0340428 0.99855 0.0417051 7.96612 0.997876 0.0362799 -0.0541127 8.66483 
-0.055475 0.0399114 -0.997662 -256.103 -0.0344806 0.998528 0.0418634 7.99824 0.997865 0.0367224 -0.0540172 8.56947 
-0.0555605 0.0387471 -0.997703 -257.381 -0.0334939 0.998612 0.0406476 8.03187 0.997893 0.0356755 -0.0541856 8.47625 
-0.0553783 0.0380374 -0.997741 -258.649 -0.0307453 0.998735 0.0397818 8.06017 0.997992 0.0328789 -0.0541388 8.38988 
-0.0556687 0.0378455 -0.997732 -259.913 -0.029811 0.998773 0.0395483 8.09122 0.998004 0.031945 -0.0544722 8.29701 
-0.055839 0.03827 -0.997706 -261.169 -0.0295024 0.998766 0.0399618 8.12112 0.998004 0.0316662 -0.054641 8.20738 
-0.0554848 0.0382815 -0.997725 -262.436 -0.0286326 0.998793 0.0399147 8.15129 0.998049 0.0307822 -0.0543217 8.10802 
-0.0552238 0.0390017 -0.997712 -263.71 -0.0283574 0.998773 0.0406127 8.18284 0.998071 0.0305354 -0.05405 8.01453 
-0.0555722 0.0400584 -0.997651 -264.984 -0.0256145 0.998809 0.0415317 8.21277 0.998126 0.0278624 -0.0544799 7.93152 
-0.0557279 0.0426997 -0.997533 -266.239 -0.0213094 0.998807 0.0439447 8.24381 0.998219 0.0237058 -0.0547515 7.84789 
-0.0561297 0.0463845 -0.997345 -267.491 -0.0179402 0.998712 0.0474578 8.27715 0.998262 0.0205564 -0.0552252 7.76182 
-0.0562525 0.0488497 -0.997221 -268.745 -0.0155564 0.998638 0.0497966 8.31382 0.998295 0.0183144 -0.0554159 7.6786 
-0.0559694 0.047234 -0.997315 -269.976 -0.0161172 0.998707 0.0482045 8.3505 0.998302 0.018772 -0.0551358 7.58396 
-0.0559021 0.0456336 -0.997393 -271.2 -0.0185287 0.998736 0.0467336 8.38849 0.998264 0.0210929 -0.0549858 7.48725 
-0.0565285 0.0484046 -0.997227 -272.441 -0.0240879 0.998467 0.0498302 8.43065 0.99811 0.026838 -0.0552759 7.38931 
-0.0565167 0.0541913 -0.99693 -273.683 -0.0293401 0.998004 0.055913 8.47235 0.99797 0.0324101 -0.0548139 7.28968 
-0.0562986 0.0533839 -0.996986 -274.908 -0.0334401 0.997908 0.0553216 8.52012 0.997854 0.0364539 -0.0543957 7.19174 
-0.056027 0.0467387 -0.997335 -276.123 -0.033071 0.998269 0.0486403 8.56197 0.997881 0.035708 -0.0543843 7.09674 
-0.0566242 0.0413362 -0.99754 -277.349 -0.0301999 0.998614 0.043095 8.60396 0.997939 0.0325658 -0.0552974 7.01118 
-0.0564786 0.0405873 -0.997579 -278.573 -0.0243009 0.998822 0.0420137 8.63824 0.998108 0.0266149 -0.0554258 6.92278 
-0.0557085 0.0423896 -0.997547 -279.801 -0.02088 0.99883 0.0436102 8.66896 0.998229 0.0232583 -0.0547582 6.83754 
-0.053676 0.0441789 -0.997581 -281.051 -0.0201119 0.99877 0.0453138 8.71214 0.998356 0.0224956 -0.0527215 6.72935 
-0.0527865 0.0463418 -0.99753 -282.292 -0.0213518 0.998642 0.0475233 8.75154 0.998378 0.0238077 -0.0517253 6.64393 
-0.0518306 0.0477284 -0.997515 -283.52 -0.0220251 0.99856 0.0489228 8.78509 0.998413 0.0245061 -0.0507047 6.55362 
-0.0510924 0.0488023 -0.997501 -284.748 -0.0230655 0.998481 0.0500317 8.82274 0.998428 0.0255641 -0.0498891 6.46695 
-0.0504966 0.0481419 -0.997563 -285.976 -0.0226473 0.998526 0.0493347 8.86222 0.998467 0.0250834 -0.0493318 6.38719 
-0.0504992 0.0463643 -0.997647 -287.205 -0.022787 0.998608 0.0475624 8.89986 0.998464 0.0251353 -0.0493724 6.30964 
-0.0501311 0.0451794 -0.99772 -288.431 -0.0230188 0.998659 0.0463785 8.94139 0.998477 0.0252914 -0.0490238 6.22392 
-0.0499472 0.0449272 -0.997741 -289.664 -0.0231458 0.998667 0.0461277 8.97361 0.998484 0.0253975 -0.0488408 6.13941 
-0.0497253 0.0447855 -0.997758 -290.887 -0.0232962 0.99867 0.0459875 9.00701 0.998491 0.0255308 -0.0486159 6.055 
-0.0497398 0.0451648 -0.997741 -292.121 -0.0238698 0.998638 0.0463954 9.04207 0.998477 0.0261236 -0.048594 5.97328 
-0.0495357 0.0452997 -0.997745 -293.355 -0.0232957 0.998647 0.0464972 9.08112 0.998501 0.0255465 -0.0484134 5.89549 
-0.049928 0.0437338 -0.997795 -294.589 -0.0224872 0.998738 0.0449004 9.11224 0.9985 0.0246794 -0.0488816 5.81889 
-0.0499044 0.0410007 -0.997912 -295.823 -0.0222292 0.998864 0.0421514 9.15161 0.998507 0.0242863 -0.0489363 5.73176 
-0.0502524 0.0380559 -0.998011 -297.051 -0.0229604 0.998966 0.0392484 9.18155 0.998473 0.0248871 -0.0493266 5.64737 
-0.0506639 0.0365469 -0.998047 -298.278 -0.0245682 0.998982 0.0378283 9.21188 0.998414 0.0264367 -0.0497145 5.5614 
-0.0508961 0.0365099 -0.998036 -299.512 -0.0277866 0.998893 0.0379583 9.24276 0.998317 0.029664 -0.0498252 5.46402 
-0.0512222 0.0374888 -0.997983 -300.762 -0.0311237 0.99875 0.039115 9.2711 0.998202 0.0330646 -0.0499914 5.37379 
-0.0514979 0.0384704 -0.997932 -302.018 -0.0346655 0.998587 0.0402845 9.29834 0.998071 0.0366684 -0.0500915 5.27873 
-0.0517749 0.0382159 -0.997927 -303.261 -0.03611 0.998542 0.0401129 9.33187 0.998006 0.0381121 -0.0503195 5.18824 
-0.0521028 0.0360947 -0.997989 -304.503 -0.0359178 0.998632 0.0379931 9.36222 0.997996 0.0378252 -0.0507351 5.09788 
-0.0528873 0.0340148 -0.998021 -305.757 -0.0334237 0.998799 0.0358125 9.38985 0.998041 0.0352516 -0.051687 5.01536 
-0.0541788 0.0337244 -0.997962 -307.015 -0.0304958 0.998907 0.035412 9.41677 0.998066 0.0323523 -0.0530911 4.9366 
-0.0554355 0.0358112 -0.99782 -308.275 -0.0279848 0.998908 0.037405 9.4412 0.99807 0.0299974 -0.0543728 4.85842 
