1 2.12261e-08 -2.11895e-08 0 2.12261e-08 1 2.10703e-08 0 -2.11895e-08 2.10703e-08 1 0 
0.999933 -0.00290752 0.0111845 0.0146055 0.00289412 0.999995 0.00121723 -0.00745363 -0.011188 -0.00118474 0.999937 0.285013 
0.999834 -0.00503655 0.0175152 0.0284968 0.00501382 0.999987 0.0013437 -0.0120607 -0.0175218 -0.00125562 0.999846 0.577771 
0.999782 -0.00800786 0.0193018 0.0394642 0.00801016 0.999968 -3.92837e-05 -0.0135295 -0.0193009 0.000193927 0.999814 0.884877 
0.999817 -0.00944256 0.0166317 0.0459033 0.00946703 0.999954 -0.00139078 -0.019734 -0.0166178 0.00154802 0.999861 1.18565 
0.999882 -0.0119758 0.00958024 0.0476177 0.0120018 0.999924 -0.00265944 -0.023762 -0.00954771 0.00277415 0.999951 1.51077 
0.999899 -0.0138987 -0.00305896 0.0415156 0.0138843 0.999893 -0.00469501 -0.0260081 0.00312385 0.0046521 0.999984 1.83885 
0.999718 -0.0132424 -0.0197262 0.0199513 0.0131476 0.999901 -0.00492934 -0.032574 0.0197895 0.00466864 0.999793 2.1874 
0.99918 -0.00880841 -0.0395199 -0.0145269 0.00861371 0.99995 -0.00509504 -0.0368942 0.0395628 0.00475049 0.999206 2.54011 
0.998209 -0.00538972 -0.0595815 -0.0586901 0.00502117 0.999967 -0.00633442 -0.0418245 0.0596137 0.00602395 0.998203 2.9009 
0.996781 -0.00520977 -0.0800014 -0.106076 0.00469432 0.999967 -0.00663023 -0.0474691 0.0800332 0.00623338 0.996773 3.27505 
0.994843 -0.00667755 -0.101212 -0.160594 0.00610627 0.999964 -0.00595357 -0.0513142 0.101248 0.00530489 0.994847 3.65998 
0.992632 -0.00795158 -0.120905 -0.227804 0.00735417 0.999958 -0.00538695 -0.0542938 0.120942 0.00445816 0.99265 4.04665 
0.990309 -0.006754 -0.138718 -0.306057 0.00616155 0.99997 -0.00470023 -0.0608727 0.138745 0.00380001 0.990321 4.44519 
0.98799 -0.00556497 -0.154417 -0.390292 0.00498468 0.999979 -0.00414511 -0.0655888 0.154437 0.00332565 0.987997 4.85858 
0.985725 -0.00492831 -0.168294 -0.478834 0.0042417 0.999981 -0.00443933 -0.0707089 0.168313 0.00366215 0.985727 5.28467 
0.983556 -0.00656479 -0.180487 -0.573945 0.00567333 0.999969 -0.00545515 -0.0765959 0.180517 0.00434153 0.983562 5.71691 
0.981671 -0.0100727 -0.190316 -0.669243 0.00873828 0.999931 -0.00784962 -0.0815549 0.190382 0.00604275 0.981691 6.16919 
0.980106 -0.00935746 -0.198252 -0.777892 0.00758025 0.999924 -0.00972163 -0.0882333 0.198328 0.00802547 0.980103 6.62724 
0.978549 -0.00915261 -0.20581 -0.891806 0.00697106 0.999912 -0.0113227 -0.096214 0.205895 0.00964512 0.978527 7.09727 
0.976869 -0.00984395 -0.213612 -1.01518 0.00698558 0.999876 -0.014132 -0.106787 0.213725 0.0123129 0.976816 7.57471 
0.975117 -0.0135344 -0.221277 -1.13892 0.0102663 0.999821 -0.0159129 -0.116245 0.221453 0.0132453 0.975081 8.07746 
0.973234 -0.0195552 -0.228982 -1.26402 0.0160128 0.999722 -0.0173184 -0.126798 0.229257 0.0131882 0.973277 8.59063 
0.971128 -0.0200078 -0.237721 -1.40573 0.0157631 0.999681 -0.019744 -0.141335 0.23804 0.0154268 0.971133 9.11312 
0.969062 -0.0160219 -0.246297 -1.56773 0.0104061 0.999656 -0.0240858 -0.155247 0.246598 0.0207777 0.968895 9.64335 
0.966866 -0.0130967 -0.254947 -1.73678 0.00639173 0.999612 -0.0271105 -0.172928 0.255204 0.0245827 0.966575 10.1838 
0.964577 -0.0154974 -0.263345 -1.90109 0.00818202 0.99955 -0.0288531 -0.193931 0.263673 0.0256764 0.96427 10.7408 
0.962216 -0.0182169 -0.271676 -2.07201 0.0101635 0.999467 -0.0310213 -0.216376 0.272096 0.0270881 0.961889 11.2993 
0.95995 -0.017838 -0.279603 -2.25691 0.00877021 0.999395 -0.0336487 -0.238223 0.280034 0.029849 0.959526 11.8719 
0.957631 -0.0167153 -0.287514 -2.45725 0.0062788 0.999289 -0.0371833 -0.263027 0.287931 0.0338026 0.957054 12.459 
0.955377 -0.0176586 -0.294863 -2.66117 0.00536728 0.999085 -0.0424426 -0.291402 0.295342 0.0389661 0.954597 13.0506 
0.953598 -0.0189081 -0.30049 -2.87193 0.00402711 0.998738 -0.0500651 -0.324526 0.301057 0.0465319 0.95247 13.6599 
0.952273 -0.0196748 -0.304615 -3.08745 0.00209154 0.998318 -0.0579423 -0.366944 0.305242 0.0545398 0.950712 14.2752 
0.950992 -0.0196517 -0.308591 -3.31166 -0.00107419 0.997763 -0.0668499 -0.406587 0.309214 0.0639053 0.948843 14.9023 
0.949735 -0.0186247 -0.312501 -3.54532 -0.00545248 0.997093 -0.0759968 -0.452641 0.313008 0.0738808 0.946873 15.525 
0.94839 -0.0185186 -0.316564 -3.78295 -0.00816088 0.996537 -0.0827453 -0.510613 0.317 0.0810583 0.944955 16.1721 
0.946807 -0.016647 -0.321372 -4.03152 -0.0128052 0.995921 -0.0893146 -0.574211 0.321548 0.088679 0.942732 16.8234 
0.945185 -0.0160475 -0.32614 -4.28571 -0.0158912 0.995348 -0.0950298 -0.643232 0.326147 0.0950036 0.940533 17.4852 
0.943551 -0.0136236 -0.330947 -4.54713 -0.0208355 0.994734 -0.100352 -0.717835 0.330571 0.101583 0.938298 18.1559 
0.941816 -0.0108538 -0.335953 -4.81676 -0.0255141 0.994287 -0.10365 -0.792356 0.335158 0.106191 0.936158 18.8381 
0.940088 -0.00951253 -0.3408 -5.09521 -0.0280755 0.994056 -0.105192 -0.870303 0.339775 0.108458 0.934232 19.532 
0.937866 -0.0095394 -0.346865 -5.37425 -0.0283663 0.994169 -0.104039 -0.959043 0.345835 0.107414 0.932127 20.2219 
0.935579 -0.00900052 -0.353002 -5.66673 -0.0290486 0.994325 -0.102342 -1.04529 0.351919 0.106003 0.930009 20.9352 
0.933058 -0.00925924 -0.359606 -5.96674 -0.0288465 0.994523 -0.100454 -1.13094 0.358566 0.104103 0.927681 21.6502 
0.92986 -0.00832506 -0.36782 -6.27676 -0.0296397 0.994799 -0.097446 -1.21099 0.366718 0.101513 0.924777 22.3898 
0.926587 -0.00640286 -0.376027 -6.60286 -0.0302789 0.995339 -0.0915599 -1.29299 0.374861 0.0962239 0.922074 23.1274 
0.923024 -0.00307465 -0.384731 -6.93995 -0.0327468 0.995712 -0.0865218 -1.37052 0.383347 0.0924605 0.918965 23.8777 
0.91945 0.000660669 -0.393206 -7.28455 -0.0359404 0.995954 -0.0823676 -1.44999 0.39156 0.0898649 0.915754 24.6177 
0.915635 0.00145146 -0.402008 -7.64272 -0.0369498 0.996064 -0.0805628 -1.52477 0.400309 0.0886203 0.912085 25.3756 
0.911602 0.00152405 -0.41107 -8.00372 -0.0377646 0.996075 -0.0800551 -1.59477 0.409335 0.0885023 0.908082 26.1308 
0.907838 0.00159562 -0.419318 -8.3855 -0.0381206 0.996166 -0.0787419 -1.66668 0.417584 0.0874696 0.904418 26.8982 
0.903903 0.00262193 -0.42773 -8.77178 -0.0393228 0.996256 -0.0769922 -1.73897 0.425927 0.0864131 0.900622 27.6634 
0.900118 0.00216602 -0.435642 -9.17082 -0.0385405 0.996463 -0.0746775 -1.81098 0.433939 0.0840084 0.897017 28.4359 
0.896279 0.00249488 -0.443485 -9.58264 -0.0377684 0.996781 -0.0707221 -1.87732 0.441881 0.0801365 0.893487 29.2253 
0.892521 0.00429073 -0.450985 -10.0075 -0.0376854 0.997167 -0.0650941 -1.94106 0.449428 0.0750935 0.890155 30.0134 
0.888785 0.00483078 -0.4583 -10.4411 -0.0367882 0.99747 -0.0608297 -2.01033 0.456846 0.0709246 0.886714 30.8068 
0.885054 0.003791 -0.465472 -10.8817 -0.0353561 0.997626 -0.0591015 -2.07071 0.464143 0.0687654 0.883087 31.6125 
0.881792 0.00280105 -0.471631 -11.3405 -0.0342011 0.99773 -0.058019 -2.12881 0.470397 0.067291 0.879885 32.4317 
0.878708 0.0030606 -0.47735 -11.8111 -0.0339785 0.997844 -0.0561499 -2.1851 0.476149 0.0655591 0.876917 33.2432 
0.875682 0.00206023 -0.482884 -12.2948 -0.0326165 0.99796 -0.0548904 -2.24267 0.481785 0.0638166 0.873963 34.0792 
0.873273 0.000862869 -0.48723 -12.8213 -0.0315562 0.997999 -0.0547915 -2.30598 0.486208 0.0632231 0.871553 34.9368 
0.871286 0.000341469 -0.490776 -13.3182 -0.0314872 0.997978 -0.0552056 -2.3714 0.489765 0.063553 0.869535 35.7641 
0.870125 -3.97396e-05 -0.492832 -13.8896 -0.0317126 0.997923 -0.0560711 -2.41396 0.49181 0.0644179 0.868316 36.6756 
0.869669 -0.000201297 -0.493635 -14.4021 -0.0310458 0.997998 -0.0551025 -2.47632 0.492658 0.0632463 0.867922 37.5244 
0.86956 0.000342025 -0.493827 -14.9223 -0.0306931 0.998104 -0.0533551 -2.53998 0.492872 0.0615526 0.867922 38.3887 
0.869433 -0.000599545 -0.494051 -15.4597 -0.0292765 0.998179 -0.0527321 -2.60565 0.493184 0.0603112 0.867832 39.2692 
0.868769 -0.00302513 -0.495209 -15.9889 -0.0269228 0.998214 -0.0533298 -2.67353 0.494486 0.0596637 0.867136 40.1497 
0.867785 -0.00540673 -0.49691 -16.5288 -0.0244995 0.998259 -0.0536469 -2.7395 0.496335 0.0587281 0.866142 41.0354 
0.866526 -0.00509524 -0.499107 -17.0993 -0.0240309 0.998362 -0.0519134 -2.79944 0.498554 0.0569783 0.864984 41.9436 
0.864559 -0.0045442 -0.502511 -17.6661 -0.0226309 0.998593 -0.0479662 -2.86289 0.502022 0.0528419 0.863239 42.8642 
0.86194 -0.00467114 -0.506988 -18.2073 -0.020345 0.998834 -0.0437918 -2.93157 0.506601 0.0480606 0.86084 43.7256 
0.857867 -0.0046757 -0.513851 -18.7717 -0.0197294 0.998922 -0.0420276 -2.98761 0.513493 0.0461922 0.85685 44.6398 
0.852648 -0.00858312 -0.522415 -19.3308 -0.0168731 0.998891 -0.0439506 -3.05225 0.522213 0.0462892 0.851558 45.5175 
0.846692 -0.0117681 -0.531954 -19.9116 -0.01587 0.998752 -0.0473545 -3.1112 0.531847 0.0485368 0.845448 46.4035 
0.840466 -0.0125047 -0.54172 -20.5057 -0.0151928 0.998797 -0.0466269 -3.17073 0.541651 0.0474186 0.839265 47.2857 
0.834692 -0.00910306 -0.550642 -21.1176 -0.0164533 0.999005 -0.0414561 -3.23116 0.550472 0.043663 0.833711 48.1742 
0.82957 -0.00462125 -0.558384 -21.7485 -0.0195292 0.999114 -0.0372826 -3.28361 0.558061 0.0418333 0.828745 49.069 
0.825509 -0.00464303 -0.56437 -22.3736 -0.0208553 0.999032 -0.0387242 -3.3386 0.564004 0.0437373 0.824613 49.9368 
0.822282 -0.00648777 -0.569044 -23.0122 -0.0218061 0.998841 -0.0428984 -3.39466 0.568663 0.0476832 0.821187 50.8058 
0.819321 -0.00855385 -0.573272 -23.6399 -0.024519 0.998451 -0.0499407 -3.45381 0.572811 0.0549735 0.817842 51.655 
0.816247 -0.00972087 -0.577622 -24.2752 -0.0246071 0.998366 -0.0515744 -3.51719 0.577179 0.0563111 0.814674 52.5125 
0.81275 -0.00819118 -0.582554 -24.9195 -0.0239417 0.998587 -0.0474432 -3.58258 0.58212 0.0525069 0.811406 53.384 
0.809644 -0.005547 -0.586895 -25.5681 -0.0238915 0.998815 -0.0423995 -3.63873 0.586434 0.0483503 0.808552 54.2382 
0.806639 -0.00405497 -0.591031 -26.2215 -0.0237843 0.998944 -0.0393145 -3.69852 0.590566 0.0457699 0.80569 55.0885 
0.803504 -0.00359937 -0.595289 -26.8844 -0.0248832 0.998905 -0.0396265 -3.75396 0.59478 0.0466528 0.802534 55.9411 
0.800136 -0.00478416 -0.5998 -27.5547 -0.0251267 0.998823 -0.0414861 -3.80906 0.599293 0.0482656 0.799074 56.7919 
0.796166 -0.00762462 -0.60503 -28.2189 -0.0238807 0.998746 -0.0440112 -3.86751 0.604606 0.0494888 0.794985 57.6316 
0.792059 -0.00870013 -0.610383 -28.8986 -0.0231786 0.998749 -0.0443134 -3.92602 0.610004 0.0492467 0.790866 58.4708 
0.78765 -0.00905376 -0.616056 -29.5873 -0.0225281 0.9988 -0.0434817 -3.98254 0.615711 0.048127 0.786501 59.3113 
0.782709 -0.00881973 -0.622325 -30.2815 -0.0225947 0.998838 -0.0425736 -4.04618 0.621977 0.0473841 0.7816 60.142 
0.777425 -0.0100653 -0.628895 -30.9817 -0.0224236 0.998793 -0.043705 -4.10451 0.628576 0.0480795 0.776261 60.9738 
0.772065 -0.0113155 -0.635443 -31.7009 -0.0220684 0.998761 -0.0445984 -4.16369 0.63516 0.0484561 0.770859 61.8094 
0.766628 -0.0124329 -0.641972 -32.4203 -0.0219771 0.998719 -0.0455866 -4.2224 0.641716 0.0490567 0.765372 62.6278 
0.761103 -0.0137539 -0.648486 -33.1557 -0.0216366 0.99868 -0.0465755 -4.28528 0.64827 0.0494798 0.759801 63.4452 
0.755085 -0.0157018 -0.655438 -33.8898 -0.0206413 0.998648 -0.0477032 -4.34598 0.655301 0.0495491 0.753741 64.2602 
0.749018 -0.0170752 -0.66233 -34.6576 -0.0193433 0.998678 -0.0476216 -4.41368 0.662267 0.0484811 0.747698 65.0819 
0.742703 -0.0172183 -0.6694 -35.4362 -0.0183554 0.99877 -0.0460558 -4.47516 0.66937 0.0464929 0.741473 65.9157 
0.736418 -0.0174233 -0.676303 -36.2294 -0.0181851 0.998797 -0.0455333 -4.53733 0.676283 0.0458302 0.735215 66.7347 
0.729882 -0.0196328 -0.683291 -37.0192 -0.0162546 0.998806 -0.0460613 -4.60093 0.68338 0.044726 0.728692 67.5497 
0.723882 -0.0203007 -0.689626 -37.8016 -0.0175299 0.998703 -0.0477998 -4.66939 0.689701 0.0466905 0.722587 68.3235 
0.717711 -0.0198729 -0.696057 -38.6055 -0.0184532 0.998699 -0.0475409 -4.73139 0.696096 0.0469652 0.716411 69.1214 
0.712585 -0.0189291 -0.70133 -39.4515 -0.019298 0.998729 -0.0465638 -4.79734 0.70132 0.046715 0.711314 69.9284 
0.707578 -0.0184999 -0.706393 -40.2696 -0.0202211 0.998718 -0.0464108 -4.86274 0.706346 0.0471234 0.706297 70.7163 
0.702646 -0.0196581 -0.711268 -41.0921 -0.0199865 0.998679 -0.0473458 -4.92974 0.711259 0.0474832 0.701325 71.503 
0.697545 -0.0212459 -0.716226 -41.936 -0.0211348 0.998515 -0.0502032 -4.9931 0.71623 0.0501563 0.69606 72.2813 
0.69286 -0.0236595 -0.720684 -42.7979 -0.0209042 0.998382 -0.0528733 -5.05772 0.720769 0.0516992 0.691244 73.0565 
0.68792 -0.0240823 -0.725387 -43.6576 -0.0215997 0.998327 -0.0536278 -5.12753 0.725465 0.0525598 0.686249 73.8299 
0.683069 -0.023854 -0.729965 -44.5275 -0.0209812 0.998413 -0.0522598 -5.19601 0.730053 0.0510126 0.681484 74.6152 
0.678045 -0.0233303 -0.73465 -45.4088 -0.0211519 0.998463 -0.0512304 -5.27071 0.734716 0.0502759 0.676509 75.3937 
0.673004 -0.0244079 -0.739236 -46.2892 -0.0205356 0.998453 -0.0516624 -5.34686 0.739354 0.0499497 0.671462 76.1639 
0.668382 -0.0252847 -0.743389 -47.1837 -0.0196169 0.998475 -0.0515985 -5.42148 0.74356 0.0490705 0.666866 76.9293 
0.664054 -0.0258568 -0.747237 -48.0806 -0.0188866 0.998503 -0.0513355 -5.49322 0.747446 0.0482023 0.662572 77.6927 
0.660057 -0.0268655 -0.750735 -48.9944 -0.017557 0.998536 -0.0511695 -5.56753 0.751011 0.0469555 0.658618 78.4635 
0.656204 -0.0294753 -0.754008 -49.9057 -0.0153037 0.998511 -0.052352 -5.64083 0.754428 0.0458927 0.654776 79.2239 
0.652243 -0.0339471 -0.757249 -50.8362 -0.0122905 0.998392 -0.0553436 -5.71888 0.75791 0.0454045 0.650777 79.988 
0.647423 -0.0379228 -0.761187 -51.7588 -0.00818188 0.998358 -0.0566978 -5.79723 0.762087 0.0429355 0.64605 80.7538 
0.640862 -0.0411913 -0.76655 -52.6956 -0.00372424 0.998381 -0.0567626 -5.87597 0.767647 0.0392319 0.639671 81.5119 
0.632445 -0.0450973 -0.773291 -53.6363 0.00130556 0.998364 -0.0571556 -5.95664 0.774604 0.0351382 0.63147 82.2684 
0.623505 -0.0461212 -0.780458 -54.5943 0.0040807 0.998437 -0.0557426 -6.03636 0.781809 0.031571 0.622719 83.0087 
0.614909 -0.044565 -0.787338 -55.5783 0.00433331 0.998578 -0.0531373 -6.11624 0.788587 0.0292628 0.614227 83.7466 
0.605989 -0.0442847 -0.79424 -56.5681 0.00372019 0.998596 -0.0528407 -6.19524 0.795465 0.0290662 0.605303 84.4697 
0.596618 -0.0456966 -0.801223 -57.5779 0.00293905 0.998495 -0.0547592 -6.26864 0.80252 0.0303155 0.595855 85.1864 
0.586477 -0.0479936 -0.808543 -58.591 0.00358001 0.998387 -0.0566657 -6.34721 0.809958 0.0303386 0.585703 85.9009 
0.576804 -0.0497517 -0.815366 -59.6166 0.00422448 0.998312 -0.0579262 -6.42855 0.816872 0.0299676 0.576041 86.5943 
0.566797 -0.0507269 -0.822295 -60.6644 0.00734512 0.998374 -0.0565263 -6.50781 0.823825 0.0259991 0.566248 87.2948 
0.556674 -0.0506867 -0.829184 -61.7119 0.00849964 0.998432 -0.0553263 -6.59349 0.830688 0.023751 0.556232 87.9777 
0.546446 -0.0512898 -0.835922 -62.7742 0.00856982 0.998413 -0.0556577 -6.67513 0.83745 0.0232503 0.546019 88.648 
0.536195 -0.0524253 -0.842465 -63.8548 0.00780912 0.998335 -0.0571546 -6.75422 0.844058 0.0240672 0.535712 89.3107 
0.526404 -0.0527734 -0.848595 -64.9347 0.00619515 0.998283 -0.0582394 -6.83908 0.850212 0.0254003 0.525827 89.946 
0.516557 -0.0539992 -0.854549 -66.0275 0.00545981 0.998197 -0.059776 -6.92575 0.856236 0.0262121 0.51592 90.5784 
0.507011 -0.0537328 -0.860263 -67.1227 0.00441779 0.998204 -0.059745 -7.0131 0.861929 0.0264909 0.506337 91.1964 
0.498293 -0.0517859 -0.865461 -68.2325 0.00365496 0.998331 -0.057632 -7.09897 0.867001 0.0255545 0.497651 91.8081 
0.490264 -0.0502164 -0.870126 -69.3371 0.00463187 0.998475 -0.0550139 -7.18824 0.871562 0.0229411 0.489749 92.4101 
0.482398 -0.0505776 -0.874491 -70.4564 0.00505076 0.998476 -0.0549623 -7.27502 0.875938 0.0220969 0.481918 93.0047 
0.47448 -0.0536903 -0.878628 -71.5927 0.00675992 0.998331 -0.0573546 -7.36011 0.880241 0.0212742 0.474051 93.6138 
0.467682 -0.0572277 -0.882042 -72.7285 0.009308 0.998165 -0.0598265 -7.44428 0.883848 0.0197698 0.467357 94.1916 
0.461694 -0.0601697 -0.884996 -73.8632 0.0105479 0.997999 -0.0623499 -7.53801 0.886976 0.0194518 0.461405 94.757 
0.456124 -0.0636274 -0.887639 -75.0064 0.012616 0.997803 -0.0650413 -7.63766 0.889827 0.0184685 0.455925 95.3277 
0.451556 -0.0647331 -0.889891 -76.1509 0.015603 0.997785 -0.0646641 -7.73671 0.892106 0.0153146 0.451566 95.8816 
0.447275 -0.0624019 -0.892217 -77.301 0.0174052 0.997982 -0.0610738 -7.83407 0.894227 0.0117876 0.447458 96.4448 
0.443258 -0.0605073 -0.894349 -78.4545 0.0207519 0.998145 -0.0572445 -7.93087 0.896154 0.00681469 0.443692 97.0022 
0.439859 -0.0600577 -0.896056 -79.5953 0.0225385 0.998185 -0.0558391 -8.02208 0.897784 0.00436561 0.440415 97.5444 
0.436948 -0.0597881 -0.897498 -80.7346 0.0238022 0.998208 -0.0549089 -8.1111 0.899172 0.0026299 0.437588 98.0773 
0.434224 -0.0595167 -0.898837 -81.8802 0.0263965 0.998227 -0.0533458 -8.19213 0.900418 -0.000562133 0.435025 98.6147 
0.431835 -0.0588945 -0.900028 -83.0255 0.0282799 0.998259 -0.0517537 -8.27582 0.901509 -0.00310362 0.432749 99.1448 
0.429323 -0.0599707 -0.901158 -84.1601 0.0311258 0.998183 -0.0515988 -8.36262 0.902615 -0.0058967 0.430409 99.6741 
0.426936 -0.060652 -0.902245 -85.2987 0.0340814 0.998119 -0.0509698 -8.44049 0.903639 -0.00898888 0.4282 100.199 
0.424617 -0.0596586 -0.903405 -86.4142 0.0371121 0.998135 -0.048471 -8.52364 0.904612 -0.0129456 0.426039 100.709 
0.422562 -0.0591008 -0.904405 -87.5288 0.0390626 0.998132 -0.0469746 -8.59868 0.905492 -0.0154787 0.424081 101.21 
0.420585 -0.0602152 -0.905253 -88.6185 0.0410552 0.998036 -0.0473124 -8.67879 0.906324 -0.0172664 0.422231 101.715 
0.419469 -0.0615608 -0.90568 -89.7128 0.0427415 0.997931 -0.0480354 -8.75569 0.906763 -0.0185608 0.421232 102.203 
0.417995 -0.0632199 -0.906247 -90.7767 0.0431799 0.997831 -0.0496927 -8.8293 0.907422 -0.0183603 0.419818 102.699 
0.41816 -0.0638849 -0.906124 -91.8394 0.042271 0.997812 -0.0508419 -8.90998 0.907389 -0.0170427 0.419946 103.177 
0.419879 -0.0639123 -0.905327 -92.8802 0.0403819 0.997845 -0.0517152 -8.98548 0.906681 -0.0148446 0.421555 103.649 
0.424238 -0.0641156 -0.903278 -93.9205 0.0388361 0.997861 -0.0525893 -9.0681 0.904718 -0.0127694 0.42582 104.115 
0.429089 -0.064805 -0.900934 -94.9439 0.0373635 0.997843 -0.0539805 -9.14536 0.902489 -0.0104995 0.430585 104.584 
0.434968 -0.0651137 -0.898089 -95.9642 0.0374034 0.997828 -0.0542296 -9.22418 0.899669 -0.0100034 0.436458 105.056 
0.441539 -0.0641476 -0.894946 -96.962 0.0365028 0.9979 -0.0535177 -9.29992 0.896499 -0.00903781 0.442953 105.533 
0.449495 -0.0630094 -0.891058 -97.9632 0.0350814 0.997985 -0.0528738 -9.37511 0.892594 -0.00749296 0.4508 106.017 
0.458116 -0.0629825 -0.886658 -98.9524 0.0351216 0.99799 -0.0527443 -9.4479 0.888198 -0.00697782 0.459407 106.513 
0.467323 -0.0623667 -0.881884 -99.9196 0.0342016 0.998037 -0.0524571 -9.52448 0.883425 -0.00564734 0.468539 107.014 
0.476739 -0.0637255 -0.876732 -100.893 0.0340053 0.997959 -0.0540459 -9.59711 0.878387 -0.00404767 0.477933 107.525 
0.486705 -0.065686 -0.871094 -101.863 0.0327083 0.99784 -0.0569684 -9.66837 0.872954 -0.000765171 0.487802 108.049 
0.49839 -0.0665356 -0.864396 -102.82 0.0311027 0.997781 -0.0588696 -9.74727 0.866395 0.00245507 0.499354 108.57 
0.510505 -0.0650412 -0.857412 -103.763 0.0292864 0.997872 -0.0582591 -9.82501 0.859376 0.0046311 0.511323 109.11 
0.52307 -0.062764 -0.849976 -104.696 0.0278196 0.998011 -0.0565752 -9.90061 0.851836 0.00594688 0.523776 109.666 
0.535259 -0.0603956 -0.842526 -105.615 0.0268093 0.998153 -0.0545196 -9.97481 0.844262 0.00659468 0.53589 110.229 
0.547098 -0.0599993 -0.834915 -106.535 0.0270456 0.998174 -0.0540092 -10.0494 0.836631 0.00696766 0.547722 110.808 
0.558183 -0.0607165 -0.827494 -107.429 0.0276715 0.998126 -0.0545709 -10.1259 0.829257 0.00756256 0.558817 111.403 
0.569053 -0.0615724 -0.819993 -108.299 0.0280517 0.998066 -0.0554766 -10.2074 0.821823 0.00856697 0.569679 111.991 
0.579909 -0.0632849 -0.812219 -109.155 0.0300828 0.997962 -0.0562787 -10.2818 0.814126 0.00820271 0.580631 112.581 
0.590506 -0.0629203 -0.804577 -110.006 0.0304244 0.997983 -0.0557158 -10.3583 0.80646 0.00842176 0.591229 113.188 
0.60107 -0.0602941 -0.796919 -110.84 0.0292219 0.998141 -0.0534781 -10.4335 0.798662 0.00885662 0.601714 113.794 
0.610536 -0.0574289 -0.789904 -111.656 0.0295658 0.998325 -0.0497297 -10.5072 0.791437 0.00700771 0.611211 114.419 
0.620153 -0.0558986 -0.782487 -112.476 0.0284868 0.998405 -0.0487462 -10.5774 0.783964 0.00793964 0.620756 115.064 
0.630059 -0.0552665 -0.774578 -113.266 0.0265858 0.998415 -0.049612 -10.649 0.776092 0.0106658 0.63053 115.686 
0.639303 -0.0552312 -0.766969 -114.035 0.0252114 0.998386 -0.0508813 -10.7138 0.768542 0.0131922 0.639664 116.315 
0.648139 -0.0551148 -0.759525 -114.791 0.025402 0.998387 -0.0507711 -10.7771 0.761098 0.0136133 0.648494 116.957 
0.656781 -0.0533482 -0.752192 -115.517 0.0255417 0.998496 -0.0485151 -10.841 0.753648 0.0126516 0.657156 117.582 
0.66499 -0.0516539 -0.745064 -116.244 0.0257827 0.998599 -0.0462192 -10.903 0.746407 0.0115256 0.665389 118.228 
0.672701 -0.0514309 -0.738125 -116.962 0.0263821 0.998614 -0.0455375 -10.9644 0.739444 0.0111598 0.673126 118.884 
0.679883 -0.0515724 -0.731505 -117.671 0.0262413 0.998596 -0.0460134 -11.024 0.732851 0.0120882 0.680282 119.544 
0.686914 -0.0509176 -0.724953 -118.369 0.0259776 0.998625 -0.0455247 -11.0801 0.726274 0.0124391 0.687292 120.201 
0.69336 -0.0484612 -0.71896 -119.047 0.0253635 0.998759 -0.0428606 -11.135 0.720145 0.0114825 0.693729 120.86 
0.700645 -0.0462438 -0.71201 -119.71 0.0249775 0.998876 -0.0402964 -11.1848 0.713072 0.0104493 0.701012 121.499 
0.707533 -0.0448334 -0.705257 -120.365 0.0240939 0.998936 -0.039331 -11.2389 0.706269 0.0108357 0.70786 122.157 
0.714802 -0.0441275 -0.697934 -121.019 0.0235548 0.99896 -0.0390361 -11.2923 0.698931 0.0114635 0.715098 122.811 
0.722374 -0.0415383 -0.690254 -121.64 0.0213991 0.999059 -0.0377268 -11.3441 0.691172 0.0124821 0.722583 123.449 
0.731426 -0.0389301 -0.680809 -122.25 0.0208281 0.999179 -0.0347585 -11.3924 0.681603 0.0112434 0.731636 124.084 
0.741088 -0.0351993 -0.670485 -122.852 0.0192396 0.999328 -0.0311975 -11.4405 0.671132 0.0102203 0.741267 124.727 
0.751299 -0.0329574 -0.659138 -123.439 0.0173663 0.999394 -0.030176 -11.4853 0.659733 0.0112244 0.751416 125.379 
0.761358 -0.0322366 -0.64753 -124.012 0.0160843 0.999395 -0.0308421 -11.5292 0.648132 0.0130669 0.761416 126.039 
0.77125 -0.032995 -0.635677 -124.598 0.0159907 0.999345 -0.0324702 -11.5789 0.636332 0.0148778 0.771272 126.741 
0.780968 -0.0322638 -0.623737 -125.128 0.0157946 0.999366 -0.0319178 -11.6196 0.624371 0.0150751 0.780982 127.407 
0.791089 -0.0306586 -0.610933 -125.664 0.0154396 0.999426 -0.0301621 -11.6635 0.611506 0.0144284 0.791108 128.099 
0.801279 -0.0285358 -0.597611 -126.191 0.0154077 0.999515 -0.027068 -11.7003 0.598093 0.0124813 0.80133 128.782 
0.810814 -0.0272263 -0.584671 -126.686 0.0157868 0.999571 -0.0246541 -11.7384 0.585091 0.0107598 0.810896 129.473 
0.819885 -0.0256389 -0.571954 -127.17 0.0162365 0.999636 -0.0215358 -11.772 0.572298 0.00837039 0.820003 130.164 
0.827993 -0.0248902 -0.560186 -127.673 0.0168953 0.999668 -0.0194449 -11.8011 0.560484 0.00663582 0.828139 130.898 
0.835031 -0.0253234 -0.54962 -128.127 0.0185358 0.999668 -0.017898 -11.8292 0.549891 0.00475782 0.835223 131.598 
0.841573 -0.0251736 -0.539557 -128.581 0.0187799 0.999673 -0.0173489 -11.8578 0.539818 0.00446755 0.84177 132.305 
0.848289 -0.0245092 -0.528967 -129.031 0.0180671 0.999686 -0.0173459 -11.8795 0.529226 0.00515751 0.848465 133.013 
0.854827 -0.0224698 -0.518426 -129.462 0.0164337 0.999733 -0.0162333 -11.9093 0.518652 0.00535707 0.854969 133.729 
0.860989 -0.0213194 -0.508177 -129.895 0.0156033 0.999758 -0.0155064 -11.9367 0.508385 0.00542158 0.861113 134.472 
0.866709 -0.0219353 -0.498332 -130.32 0.0164471 0.999746 -0.0154011 -11.9622 0.498543 0.00515221 0.86685 135.216 
0.871603 -0.0234523 -0.489651 -130.745 0.017714 0.999709 -0.0163501 -11.9842 0.489892 0.00557719 0.871766 135.969 
0.875688 -0.0241664 -0.482273 -131.165 0.0183764 0.999691 -0.0167269 -12.0097 0.482528 0.0057851 0.875862 136.743 
0.879148 -0.0233635 -0.475975 -131.595 0.0179491 0.999712 -0.0159186 -12.0326 0.47621 0.00545153 0.879315 137.524 
0.882202 -0.0218405 -0.470364 -132.016 0.0181056 0.999758 -0.0124637 -12.0579 0.470522 0.00247939 0.882385 138.316 
0.885514 -0.01738 -0.464287 -132.447 0.0154257 0.999849 -0.00800743 -12.0807 0.464356 -7.11886e-05 0.885649 139.101 
0.888877 -0.0147742 -0.457909 -132.879 0.0139911 0.999889 -0.00510207 -12.1047 0.457933 -0.00187147 0.888985 139.919 
0.892106 -0.0120704 -0.451666 -133.307 0.0120763 0.999923 -0.00286977 -12.1163 0.451665 -0.00289424 0.892183 140.752 
0.895432 -0.0104919 -0.445075 -133.753 0.0114138 0.999935 -0.00060882 -12.1281 0.445052 -0.0045348 0.895493 141.609 
0.898626 -0.0091243 -0.438621 -134.194 0.0112874 0.999934 0.00232422 -12.1386 0.43857 -0.00703946 0.898669 142.49 
0.902072 -0.00909747 -0.43149 -134.619 0.0121998 0.999916 0.00442284 -12.1456 0.431413 -0.00925378 0.902107 143.36 
0.90569 -0.00931017 -0.423838 -135.062 0.012916 0.999901 0.00563558 -12.1574 0.423744 -0.0105783 0.90572 144.269 
0.909351 -0.00935602 -0.415925 -135.487 0.0131555 0.999894 0.0062702 -12.1761 0.415822 -0.0111735 0.909377 145.186 
0.913273 -0.0118953 -0.407175 -135.912 0.0156831 0.999859 0.00596625 -12.1809 0.407046 -0.0118345 0.913331 146.113 
0.917234 -0.0135114 -0.39812 -136.323 0.0168923 0.999845 0.0049855 -12.1869 0.397991 -0.011298 0.91732 147.057 
0.921813 -0.0144236 -0.387365 -136.736 0.0169562 0.999851 0.00312102 -12.198 0.387263 -0.00944521 0.921921 148.016 
0.927134 -0.0126826 -0.374515 -137.144 0.0147452 0.999888 0.00264237 -12.2055 0.374439 -0.00797209 0.927217 148.986 
0.933417 -0.0098743 -0.358659 -137.544 0.0119803 0.999922 0.00364986 -12.2034 0.358595 -0.00770363 0.933462 149.967 
0.940183 -0.00619973 -0.340613 -137.917 0.00909178 0.999935 0.00689512 -12.2122 0.340548 -0.00957941 0.940178 150.957 
0.946896 -0.00349674 -0.321522 -138.257 0.00659113 0.999942 0.0085361 -12.2103 0.321473 -0.0102019 0.946864 151.952 
0.953612 -0.00211364 -0.301032 -138.611 0.0052643 0.99994 0.00965529 -12.2149 0.300993 -0.0107921 0.953565 152.999 
0.959995 -0.000630802 -0.280015 -138.929 0.00401213 0.999926 0.0115024 -12.2161 0.279987 -0.0121656 0.959927 154.045 
0.966016 0.000237561 -0.258484 -139.239 0.00356159 0.999892 0.0142293 -12.2111 0.258459 -0.0146663 0.965911 155.122 
0.971624 0.00248174 -0.236519 -139.56 0.00179429 0.999839 0.0178619 -12.1998 0.236525 -0.0177794 0.971463 156.28 
0.976749 0.00454562 -0.214339 -139.834 0.000206725 0.999755 0.0221443 -12.1871 0.214387 -0.0216736 0.976508 157.391 
0.981325 0.00662778 -0.192244 -140.072 -0.00173084 0.99967 0.025629 -12.176 0.192351 -0.0248176 0.981012 158.512 
0.985369 0.00848107 -0.170223 -140.294 -0.00412672 0.999656 0.0259176 -12.1678 0.170384 -0.0248359 0.985065 159.662 
0.988881 0.0075825 -0.148516 -140.492 -0.00403934 0.9997 0.0241439 -12.1543 0.148655 -0.0232755 0.988615 160.857 
0.991801 0.00779891 -0.127557 -140.66 -0.0048495 0.999714 0.0234163 -12.1377 0.127703 -0.0226057 0.991555 162.038 
0.99416 0.00650676 -0.107719 -140.791 -0.00376851 0.999665 0.0256039 -12.1269 0.10785 -0.0250484 0.993852 163.198 
0.996089 0.00695398 -0.0880769 -140.915 -0.00455108 0.999613 0.0274528 -12.1067 0.0882336 -0.0269446 0.995735 164.409 
0.997654 0.00743463 -0.0680537 -141.001 -0.00548091 0.999569 0.0288498 -12.1167 0.0682388 -0.028409 0.997264 165.661 
0.998806 0.00907036 -0.0480061 -141.069 -0.00764263 0.999526 0.0298402 -12.1096 0.0482539 -0.0294376 0.998401 166.922 
0.999577 0.00955119 -0.0274781 -141.132 -0.00870484 0.999489 0.0307558 -12.0926 0.0277577 -0.0305035 0.999149 168.223 
0.999904 0.0116332 -0.00750391 -141.149 -0.011398 0.999465 0.030656 -12.0842 0.00785648 -0.0305675 0.999502 169.507 
0.999842 0.0126457 0.0124781 -141.16 -0.0130116 0.999474 0.0296918 -12.0642 -0.0120961 -0.0298495 0.999481 170.871 
0.999411 0.0125395 0.0319314 -141.132 -0.0134281 0.999524 0.0277694 -12.0571 -0.031568 -0.0281817 0.999104 172.222 
0.998601 0.0144967 0.0508549 -141.092 -0.0158076 0.999551 0.02547 -12.0423 -0.0504628 -0.0262382 0.998381 173.529 
0.997428 0.0145131 0.0701861 -141.048 -0.0162156 0.999586 0.0237491 -12.0118 -0.0698124 -0.0248261 0.997251 174.87 
0.99593 0.0146442 0.0889324 -140.956 -0.0165822 0.99964 0.0210936 -12.0035 -0.0885915 -0.0224824 0.995814 176.27 
0.994086 0.0156469 0.107463 -140.833 -0.0175014 0.999713 0.016336 -12.0234 -0.107176 -0.0181201 0.994075 177.637 
0.991969 0.0172882 0.125291 -140.681 -0.0186637 0.999778 0.00981295 -12.0198 -0.125093 -0.0120725 0.992072 179.019 
0.98964 0.0193126 0.142266 -140.45 -0.0202601 0.999781 0.00521478 -12.0412 -0.142135 -0.00804305 0.989815 180.443 
0.986897 0.0217054 0.159882 -140.257 -0.0222039 0.999753 0.0013318 -12.0546 -0.159814 -0.00486431 0.987135 181.872 
0.983943 0.0236265 0.176911 -139.964 -0.0238027 0.999716 -0.00112623 -12.0934 -0.176888 -0.00310279 0.984226 183.297 
0.980592 0.0229015 0.194719 -139.729 -0.0232877 0.999729 -0.000306043 -12.1585 -0.194673 -0.00423441 0.980859 184.822 
0.977093 0.021844 0.211689 -139.422 -0.0221631 0.999754 -0.000865419 -12.1868 -0.211656 -0.00384605 0.977337 186.313 
0.973334 0.0217825 0.228355 -139.121 -0.0210457 0.999763 -0.00566108 -12.2083 -0.228424 0.000704251 0.973561 187.709 
0.969359 0.0226369 0.244602 -138.803 -0.0208401 0.999734 -0.00993171 -12.2247 -0.244762 0.00452991 0.969573 189.095 
0.965164 0.0242621 0.26052 -138.448 -0.0224933 0.999699 -0.00976939 -12.2639 -0.260679 0.00356916 0.965419 190.431 
0.960506 0.0266616 0.27698 -137.907 -0.0248551 0.999641 -0.0100314 -12.3146 -0.277148 0.00275089 0.960823 191.99 
0.9553 0.0302944 0.294083 -137.397 -0.0277454 0.999533 -0.0128368 -12.3666 -0.294334 0.00410356 0.955694 193.513 
0.949854 0.0308559 0.311167 -136.912 -0.0271121 0.999499 -0.0163509 -12.4295 -0.311516 0.00709456 0.950215 195.023 
0.94399 0.0315959 0.328459 -136.427 -0.0270218 0.999464 -0.0184821 -12.4851 -0.328867 0.0085714 0.944337 196.495 
0.937622 0.0315843 0.346218 -135.927 -0.0251394 0.999417 -0.0230914 -12.5833 -0.346746 0.0129474 0.93787 198.041 
0.930269 0.0345883 0.365243 -135.342 -0.0258426 0.999251 -0.0288076 -12.6664 -0.365966 0.01736 0.930466 199.61 
0.92135 0.0380341 0.386869 -134.761 -0.0277266 0.999097 -0.0321914 -12.7271 -0.387744 0.018933 0.921573 201.125 
0.911017 0.0411273 0.410313 -134.058 -0.030095 0.998992 -0.033313 -12.8157 -0.411269 0.0180004 0.911336 202.674 
0.898919 0.0462302 0.43567 -133.377 -0.0339022 0.998775 -0.0360324 -12.882 -0.436802 0.0176201 0.899385 204.208 
0.885753 0.0504726 0.461404 -132.691 -0.036564 0.998568 -0.0390409 -12.9889 -0.462714 0.0177099 0.886331 205.745 
0.872039 0.0544241 0.486402 -131.939 -0.0387781 0.998357 -0.0421845 -13.0781 -0.487899 0.0179248 0.872716 207.234 
0.85791 0.0553445 0.51081 -131.161 -0.0381296 0.998298 -0.0441229 -13.1932 -0.512383 0.0183765 0.85856 208.713 
0.843317 0.0571409 0.534371 -130.285 -0.038298 0.998193 -0.0462979 -13.3035 -0.536051 0.0185784 0.843981 210.181 
0.828081 0.0590033 0.557494 -129.365 -0.0367732 0.998021 -0.0510054 -13.4264 -0.559401 0.0217358 0.828612 211.651 
0.812776 0.0611219 0.579362 -128.493 -0.0349788 0.997807 -0.056196 -13.5293 -0.581526 0.0254093 0.813131 212.97 
0.797606 0.0631108 0.599869 -127.522 -0.0342564 0.997646 -0.0594114 -13.653 -0.602206 0.0268375 0.79789 214.329 
0.781965 0.0644517 0.619982 -126.506 -0.0327664 0.997515 -0.0623716 -13.8082 -0.622461 0.0284578 0.782133 215.752 
0.767518 0.0644431 0.63778 -125.498 -0.0309768 0.9975 -0.063512 -13.9524 -0.640278 0.0289903 0.767596 216.975 
0.753186 0.065126 0.654576 -124.452 -0.0298802 0.997447 -0.0648577 -14.094 -0.657129 0.0292911 0.753209 218.209 
0.739189 0.0651077 0.670344 -123.375 -0.0270019 0.997381 -0.0670963 -14.2377 -0.672957 0.0314963 0.739011 219.424 
0.725043 0.0665495 0.685481 -122.29 -0.025053 0.99721 -0.0703146 -14.3767 -0.688248 0.0338077 0.724687 220.627 
0.710871 0.0685867 0.699971 -121.205 -0.0229347 0.996965 -0.0743958 -14.5101 -0.702949 0.0368322 0.710286 221.781 
0.696801 0.0702489 0.713816 -120.065 -0.0216936 0.996801 -0.0769218 -14.6595 -0.716936 0.038114 0.696096 222.919 
0.682102 0.0710508 0.727797 -118.901 -0.0209427 0.996758 -0.0776801 -14.8056 -0.730957 0.0377438 0.681379 224.063 
0.666558 0.072178 0.74195 -117.77 -0.0217118 0.996759 -0.0774605 -14.9482 -0.745137 0.0355229 0.665965 225.12 
0.650255 0.0735351 0.756149 -116.574 -0.0241782 0.996804 -0.0761463 -15.0899 -0.759331 0.0312322 0.649955 226.191 
0.633638 0.0742321 0.77006 -115.398 -0.0261998 0.996874 -0.0745381 -15.2289 -0.773186 0.0270548 0.633602 227.196 
0.616766 0.0760803 0.783461 -114.198 -0.0291594 0.996843 -0.0738461 -15.3764 -0.786606 0.0227006 0.617038 228.186 
0.59955 0.0790675 0.796422 -112.983 -0.029984 0.996629 -0.0763714 -15.5168 -0.799776 0.0219086 0.599899 229.16 
0.582406 0.0825613 0.808695 -111.748 -0.0325651 0.9964 -0.0782717 -15.676 -0.812246 0.0192507 0.582998 230.084 
0.563891 0.0825927 0.821709 -110.525 -0.0327229 0.99644 -0.0776995 -15.8251 -0.825201 0.0169254 0.564586 230.972 
0.543828 0.0819289 0.835188 -109.265 -0.0339893 0.996557 -0.0756266 -15.9674 -0.838508 0.0127404 0.54474 231.85 
0.523472 0.0800113 0.848278 -108.014 -0.0341986 0.996752 -0.0729117 -16.1128 -0.851356 0.00915736 0.524508 232.666 
0.502875 0.0787269 0.860766 -106.719 -0.0347166 0.99688 -0.0708939 -16.2518 -0.863661 0.00576793 0.504039 233.459 
0.48216 0.0775673 0.872643 -105.452 -0.0343525 0.996981 -0.0696386 -16.3929 -0.87541 0.00359941 0.483368 234.208 
0.46125 0.0771721 0.883908 -104.185 -0.0336962 0.997015 -0.0694635 -16.5227 -0.88663 0.00225569 0.462474 234.931 
0.440956 0.0761728 0.894291 -102.936 -0.0314515 0.997092 -0.0694209 -16.6572 -0.896978 0.00248476 0.442069 235.597 
0.420763 0.0765524 0.903935 -101.646 -0.0291123 0.997059 -0.0708877 -16.7781 -0.906704 0.00351122 0.421754 236.239 
0.400811 0.0758907 0.913012 -100.316 -0.0253881 0.997101 -0.0717349 -16.9022 -0.915809 0.00557247 0.401576 236.848 
0.380682 0.0737525 0.92176 -99.0338 -0.023696 0.997265 -0.0700074 -17.0381 -0.924402 0.00480853 0.381388 237.407 
0.360503 0.0734242 0.929864 -97.6904 -0.0231599 0.997294 -0.0697696 -17.1811 -0.932471 0.00361662 0.361228 237.97 
0.341022 0.0783042 0.936789 -96.3475 -0.0240537 0.996925 -0.0745746 -17.315 -0.939748 0.00289831 0.341857 238.487 
0.322169 0.0873401 0.942645 -95.0543 -0.0249817 0.996173 -0.0837617 -17.4544 -0.946353 0.00343647 0.323117 238.962 
0.303388 0.0948265 0.948137 -93.7569 -0.0270285 0.995492 -0.0909139 -17.6062 -0.952484 0.00195552 0.304583 239.411 
0.284018 0.0991081 0.953683 -92.4588 -0.029739 0.995076 -0.094553 -17.7473 -0.958358 -0.00150686 0.285566 239.845 
0.264464 0.100603 0.959134 -91.1392 -0.0324606 0.994909 -0.0954051 -17.8979 -0.963849 -0.00590283 0.266383 240.249 
0.244524 0.100916 0.964378 -89.8512 -0.0365416 0.994822 -0.0948363 -18.0491 -0.968954 -0.0120501 0.246946 240.627 
0.22571 0.101143 0.96893 -88.606 -0.0383233 0.994748 -0.0949104 -18.1959 -0.97344 -0.0157103 0.228401 240.95 
0.206939 0.0998283 0.973248 -87.3424 -0.03862 0.994839 -0.0938313 -18.3329 -0.977591 -0.0181695 0.209726 241.258 
0.188156 0.0998891 0.977046 -86.0956 -0.0388281 0.994793 -0.0942261 -18.4725 -0.981371 -0.0202076 0.191055 241.548 
0.169883 0.100369 0.98034 -84.8485 -0.0384212 0.994718 -0.0951833 -18.6261 -0.984715 -0.0214957 0.172842 241.797 
0.151078 0.10401 0.983035 -83.6172 -0.0421209 0.994223 -0.0987199 -18.7632 -0.987624 -0.0264919 0.154586 242.027 
0.132864 0.105903 0.98546 -82.3694 -0.0423604 0.993973 -0.101107 -18.9068 -0.990229 -0.028311 0.136549 242.232 
0.115919 0.103196 0.987883 -81.1252 -0.0425952 0.99419 -0.0988568 -19.0497 -0.992345 -0.0306198 0.119641 242.41 
0.10027 0.09874 0.990049 -79.8999 -0.0402841 0.994651 -0.095119 -19.1914 -0.994144 -0.0303456 0.103712 242.57 
0.0865062 0.0946297 0.991747 -78.6802 -0.0399635 0.995007 -0.0914549 -19.3293 -0.995449 -0.0317223 0.089856 242.693 
0.0739511 0.090807 0.993119 -77.4903 -0.0376506 0.99539 -0.088211 -19.4716 -0.996551 -0.0308682 0.0770292 242.806 
0.0631794 0.0910322 0.993842 -76.3237 -0.0374731 0.995345 -0.0887877 -19.599 -0.997298 -0.0316328 0.0662966 242.914 
0.0544869 0.0932651 0.994149 -75.1662 -0.0378458 0.995106 -0.0912805 -19.7261 -0.997797 -0.0326508 0.0577499 243.008 
0.0474369 0.0951446 0.994333 -74.0248 -0.0390835 0.994868 -0.0933312 -19.8489 -0.998109 -0.0344347 0.050912 243.094 
0.0415592 0.0991924 0.9942 -72.9014 -0.0396528 0.99444 -0.0975587 -19.9809 -0.998349 -0.0353684 0.0452614 243.167 
0.0362821 0.10779 0.993511 -71.8012 -0.0391965 0.993554 -0.106364 -20.1136 -0.998573 -0.035083 0.0402733 243.23 
0.0313334 0.110531 0.993379 -70.695 -0.0410089 0.993172 -0.109214 -20.2427 -0.998667 -0.0373153 0.0356521 243.296 
0.0273575 0.101974 0.994411 -69.5985 -0.039925 0.994101 -0.100844 -20.3758 -0.998828 -0.036943 0.0312674 243.357 
0.0248475 0.0921375 0.995436 -68.5035 -0.0386268 0.995089 -0.0911411 -20.5026 -0.998945 -0.0361859 0.0282845 243.411 
0.0234655 0.0885452 0.995796 -67.4195 -0.0382633 0.99542 -0.0876101 -20.6182 -0.998992 -0.0360467 0.0267461 243.461 
0.0234915 0.0904029 0.995628 -66.3471 -0.0391436 0.995223 -0.0894424 -20.7348 -0.998957 -0.0368713 0.026918 243.513 
0.0237495 0.0934139 0.995344 -65.2849 -0.0384725 0.994973 -0.092461 -20.8487 -0.998977 -0.0360975 0.027224 243.562 
0.0250654 0.0960371 0.995062 -64.2346 -0.0412831 0.994625 -0.094955 -20.9631 -0.998833 -0.0386991 0.0288954 243.62 
0.026799 0.0968856 0.994935 -63.199 -0.0434489 0.994464 -0.0956695 -21.0776 -0.998696 -0.0406649 0.0308602 243.677 
0.0297845 0.0984334 0.994698 -62.1848 -0.0439671 0.994305 -0.0970779 -21.1914 -0.998589 -0.0408425 0.0339427 243.736 
0.0334323 0.0993518 0.994491 -61.1621 -0.0461445 0.994139 -0.0977654 -21.3064 -0.998375 -0.0426218 0.0378209 243.796 
0.0379736 0.100422 0.99422 -60.1471 -0.0474998 0.993994 -0.0985852 -21.4205 -0.998149 -0.0434816 0.0425156 243.865 
0.0442499 0.0994912 0.994054 -59.1344 -0.0486795 0.994061 -0.097325 -21.5327 -0.997834 -0.0440834 0.0488302 243.936 
0.0508105 0.0980429 0.993884 -58.1157 -0.0475863 0.994277 -0.0956489 -21.648 -0.997574 -0.0424353 0.0551852 244.007 
0.0576506 0.0973612 0.993578 -57.1124 -0.0460192 0.994435 -0.0947749 -21.7571 -0.997276 -0.0402598 0.0618103 244.095 
0.0647159 0.0981107 0.993069 -56.1294 -0.0448153 0.994437 -0.0953253 -21.8666 -0.996897 -0.0383356 0.0687528 244.185 
0.0713374 0.0980219 0.992624 -55.1466 -0.0454329 0.994446 -0.0949366 -21.9698 -0.996417 -0.0383253 0.0753946 244.282 
0.0777933 0.0969736 0.992242 -54.1562 -0.0467113 0.99452 -0.0935339 -22.0776 -0.995875 -0.0390727 0.0818968 244.388 
0.0842673 0.0949257 0.991911 -53.1701 -0.0476102 0.994699 -0.0911477 -22.1816 -0.995305 -0.0395443 0.08834 244.502 
0.0906597 0.0933409 0.991498 -52.1906 -0.0474939 0.99487 -0.0893156 -22.2855 -0.994749 -0.0389928 0.0946278 244.619 
0.0974395 0.0938215 0.990809 -51.2118 -0.0474785 0.994851 -0.089535 -22.3885 -0.994108 -0.0383179 0.101392 244.739 
0.103937 0.0960854 0.989932 -50.2436 -0.0471129 0.994681 -0.0915997 -22.4871 -0.993467 -0.037118 0.107911 244.868 
0.11025 0.0974592 0.989114 -49.2757 -0.047071 0.994576 -0.0927507 -22.5886 -0.992789 -0.0363328 0.11424 245.002 
0.116314 0.0994031 0.988226 -48.318 -0.0489824 0.994343 -0.0942531 -22.6916 -0.992004 -0.0374427 0.120525 245.145 
0.12238 0.100181 0.987414 -47.3578 -0.0512077 0.994205 -0.0945231 -22.794 -0.991161 -0.0389954 0.126801 245.295 
0.128936 0.0996841 0.98663 -46.3995 -0.0515644 0.994263 -0.0937167 -22.8978 -0.990311 -0.0387916 0.133336 245.454 
0.134876 0.0974611 0.986058 -45.4412 -0.0526294 0.994451 -0.0910918 -22.9998 -0.989464 -0.0396095 0.139257 245.616 
0.141263 0.0960069 0.985306 -44.4772 -0.0525112 0.994612 -0.0893852 -23.0981 -0.988579 -0.0391128 0.145543 245.778 
0.147533 0.0953678 0.984449 -43.5289 -0.0526381 0.994687 -0.0884711 -23.1977 -0.987655 -0.0387671 0.151769 245.947 
0.154633 0.0963095 0.983267 -42.583 -0.0519798 0.994652 -0.08925 -23.2981 -0.986604 -0.037309 0.158812 246.116 
0.161687 0.0965687 0.982106 -41.6454 -0.0498402 0.99473 -0.0896046 -23.3954 -0.985583 -0.0344604 0.165648 246.294 
