1 2.12261e-08 -2.11895e-08 0 2.12261e-08 1 2.10703e-08 0 -2.11895e-08 2.10703e-08 1 0 
0.999872 0.00163838 0.0159107 0.0096978 -0.00162345 0.999998 -0.000948608 -0.00184001 -0.0159123 0.000922699 0.999873 0.122287 
0.999293 0.00463254 0.0373111 0.0267274 -0.00461331 0.999989 -0.000600181 -0.00464365 -0.0373135 0.00042767 0.999304 0.25924 
0.997901 0.00616705 0.0644574 0.057873 -0.00622505 0.99998 0.000699685 -0.00313069 -0.0644518 -0.00109943 0.99792 0.414561 
0.995118 0.00558652 0.0985339 0.101608 -0.00589759 0.999979 0.0028664 2.69272e-05 -0.0985158 -0.00343348 0.99513 0.577291 
0.99064 0.00259423 0.136479 0.167122 -0.00328402 0.999983 0.00482959 -0.000577645 -0.136464 -0.00523254 0.990631 0.743567 
0.984417 -0.000514244 0.175847 0.248564 -0.000431124 0.999986 0.00533811 -0.0047801 -0.175847 -0.0053307 0.984403 0.913348 
0.975606 -0.000518203 0.219527 0.316114 -0.000910515 0.999979 0.00640716 0.00297742 -0.219526 -0.00645071 0.975585 1.07075 
0.963573 1.52024e-05 0.267444 0.415078 -0.00253512 0.999956 0.0090771 0.0100701 -0.267432 -0.00942442 0.963531 1.25437 
0.949242 -0.00410308 0.314521 0.544423 -0.00113159 0.999864 0.0164591 -0.00284786 -0.314546 -0.0159795 0.949108 1.45039 
0.932222 -0.0139115 0.36162 0.64544 0.00542153 0.999686 0.0244818 -0.00874439 -0.361846 -0.0208619 0.932004 1.62003 
0.910872 -0.0187469 0.412263 0.785991 0.00755646 0.999558 0.0287575 -0.00911036 -0.41262 -0.0230791 0.910611 1.81001 
0.885565 -0.0201652 0.464078 0.940278 0.00557192 0.999447 0.0327958 -0.00807327 -0.464483 -0.0264569 0.885187 2.00663 
0.857108 -0.0221109 0.514662 1.10204 0.00337778 0.999298 0.0373067 -0.00667378 -0.515126 -0.0302374 0.856581 2.20597 
0.824554 -0.0270086 0.565139 1.30081 0.00432783 0.999132 0.0414353 0.000911449 -0.565767 -0.0317198 0.823955 2.41583 
0.788046 -0.0319402 0.614787 1.48878 0.00581031 0.998995 0.0444533 0.0163284 -0.615589 -0.0314591 0.787439 2.6128 
0.749591 -0.0357799 0.660934 1.70719 0.00632494 0.99888 0.0469015 0.0251586 -0.661871 -0.0309765 0.748977 2.80607 
0.709067 -0.0388013 0.704073 1.94692 0.00711617 0.998828 0.0478786 0.034416 -0.705106 -0.0289388 0.708511 3.00381 
0.666565 -0.0403578 0.744353 2.20959 0.00602773 0.998793 0.0487554 0.052275 -0.745422 -0.0280119 0.666004 3.2016 
0.623085 -0.0404722 0.781106 2.50145 0.00108464 0.998704 0.0508816 0.0610052 -0.782153 -0.0308563 0.622322 3.41731 
0.580368 -0.0411327 0.813315 2.8243 -0.0021716 0.998642 0.0520551 0.072456 -0.814352 -0.0319773 0.57949 3.63717 
0.539652 -0.0422912 0.840825 3.17634 -0.00383153 0.998604 0.0526862 0.0915274 -0.84188 -0.0316538 0.538736 3.84181 
0.500661 -0.0443207 0.864508 3.54804 -0.00529969 0.998513 0.05426 0.110373 -0.865627 -0.0317474 0.499681 4.03208 
0.462902 -0.044095 0.885312 3.9533 -0.00849214 0.998496 0.0541726 0.122553 -0.886369 -0.0325948 0.461831 4.2292 
0.42617 -0.0431963 0.903611 4.39166 -0.00942641 0.998593 0.0521826 0.145351 -0.904594 -0.0307564 0.425163 4.41831 
0.392413 -0.0417136 0.918843 4.86511 -0.00810927 0.998775 0.0488057 0.169573 -0.919753 -0.0266031 0.391595 4.60025 
0.362529 -0.0399379 0.931116 5.36755 -0.00589763 0.998963 0.0451443 0.193515 -0.931954 -0.0218575 0.361917 4.7822 
0.336848 -0.0380869 0.940789 5.89806 -0.00458939 0.999103 0.042091 0.215724 -0.941548 -0.0184959 0.336371 4.96462 
0.316373 -0.0374106 0.947897 6.46167 -0.00329701 0.999173 0.0405348 0.24268 -0.948629 -0.0159493 0.315988 5.15425 
0.301598 -0.037893 0.952682 7.05684 -0.00239755 0.999177 0.0405014 0.265342 -0.953432 -0.0144992 0.301259 5.34273 
0.289894 -0.0393471 0.95625 7.67795 -0.00123632 0.999138 0.0414867 0.289974 -0.957058 -0.013209 0.289595 5.53566 
0.278877 -0.0412558 0.95944 8.32175 -0.00219095 0.999047 0.0435958 0.314019 -0.960324 -0.0142599 0.278521 5.73224 
0.268444 -0.0429002 0.96234 8.99165 -0.00336203 0.99896 0.0454706 0.33943 -0.963289 -0.0154417 0.268021 5.92179 
0.258281 -0.0446086 0.965039 9.69052 -0.00400707 0.998875 0.0472451 0.369982 -0.966061 -0.0160695 0.257812 6.1161 
0.248092 -0.0464703 0.967621 10.4085 -0.00482771 0.998777 0.0492044 0.398789 -0.968724 -0.0168786 0.247565 6.30942 
0.237709 -0.0479649 0.970151 11.1523 -0.00483626 0.998709 0.0505619 0.429882 -0.971324 -0.0167109 0.23717 6.49888 
0.227522 -0.0490707 0.972536 11.913 -0.00471641 0.998662 0.0514924 0.466889 -0.973761 -0.0163026 0.226987 6.68001 
0.216955 -0.0520365 0.974794 12.6937 -0.00619236 0.998485 0.0546794 0.496594 -0.976162 -0.0178992 0.216304 6.86446 
0.20541 -0.055688 0.97709 13.4853 -0.00788978 0.998253 0.0585528 0.5316 -0.978644 -0.0197364 0.204612 7.04766 
0.193266 -0.0594852 0.979342 14.2741 -0.00842605 0.998023 0.0622828 0.567251 -0.98111 -0.0202891 0.192382 7.21098 
0.180055 -0.0617859 0.981714 15.0781 -0.00940657 0.997872 0.0645281 0.602229 -0.983612 -0.0208531 0.17909 7.37363 
0.166016 -0.0621805 0.984161 15.8836 -0.00945928 0.997864 0.064642 0.644229 -0.986078 -0.0200411 0.165073 7.51919 
0.151485 -0.0611134 0.986569 16.6946 -0.0108952 0.997923 0.0634897 0.680978 -0.9884 -0.0203665 0.150504 7.6558 
0.134853 -0.0598745 0.989055 17.5089 -0.0115221 0.99801 0.0619877 0.720205 -0.990799 -0.0197552 0.133895 7.77666 
0.114326 -0.058431 0.991723 18.3263 -0.0143944 0.998067 0.0604641 0.753819 -0.993339 -0.0211879 0.113264 7.88195 
0.0885148 -0.0570381 0.99444 19.159 -0.0189675 0.998082 0.0589353 0.789461 -0.995894 -0.0240787 0.0872631 7.9703 
0.0579265 -0.0565028 0.996721 19.9944 -0.0229223 0.998059 0.0579109 0.821362 -0.998058 -0.0262017 0.0565189 8.0295 
0.0244231 -0.0563588 0.998112 20.8282 -0.0264194 0.998025 0.0570004 0.851873 -0.999353 -0.0277616 0.0228859 8.06466 
-0.0102827 -0.0557233 0.998393 21.6673 -0.0278712 0.998074 0.0554185 0.880892 -0.999559 -0.0272566 -0.011816 8.0659 
-0.0442614 -0.0543204 0.997542 22.5153 -0.0283482 0.998187 0.0530977 0.913085 -0.998618 -0.0259283 -0.045721 8.03062 
-0.0772562 -0.0522923 0.995639 23.3554 -0.0301997 0.998288 0.0500881 0.94032 -0.996554 -0.0261984 -0.0787031 7.97394 
-0.109476 -0.0492655 0.992768 24.2016 -0.0321994 0.998423 0.0459954 0.965067 -0.993468 -0.0269311 -0.11089 7.88042 
-0.141939 -0.0450308 0.988851 25.046 -0.0296967 0.998709 0.0412171 0.982718 -0.98943 -0.0235153 -0.143093 7.76113 
-0.173582 -0.0389138 0.98405 25.8891 -0.0242173 0.999086 0.0352366 1.0042 -0.984522 -0.0177146 -0.174366 7.61409 
-0.203864 -0.0326148 0.978456 26.704 -0.0181022 0.9994 0.0295413 1.01535 -0.978832 -0.0116898 -0.204332 7.4391 
-0.232589 -0.0268025 0.972206 27.5105 -0.0115689 0.999626 0.0247908 1.01848 -0.972506 -0.00548129 -0.232812 7.23965 
-0.26034 -0.0209127 0.96529 28.3177 -0.00330136 0.999779 0.0207696 1.01763 -0.965511 0.00222038 -0.260352 7.01702 
-0.286548 -0.0107236 0.958006 29.1086 0.00292122 0.999923 0.0120666 0.995713 -0.958062 0.00625619 -0.286494 6.78228 
-0.311829 0.00458672 0.950127 29.8737 0.00718932 0.999971 -0.00246778 0.980655 -0.950111 0.00606124 -0.311853 6.53272 
-0.336444 0.0219414 0.941448 30.6411 0.00850183 0.999759 -0.0202621 0.957987 -0.941665 0.00118695 -0.33655 6.26425 
-0.361842 0.0367515 0.931515 31.3901 0.00894359 0.999314 -0.0359523 0.920117 -0.932196 -0.00467797 -0.361923 5.99583 
-0.38687 0.0472243 0.920924 32.1029 0.0128324 0.998867 -0.0458303 0.883326 -0.922045 -0.00591266 -0.387037 5.75291 
-0.410132 0.0513594 0.910579 32.866 0.0161548 0.998666 -0.0490515 0.832218 -0.911883 -0.00540741 -0.410415 5.41092 
-0.432624 0.0510596 0.900127 33.5982 0.0195758 0.998692 -0.047242 0.783694 -0.901362 -0.00281735 -0.433058 5.0613 
-0.45276 0.0468191 0.890402 34.324 0.0225788 0.998902 -0.0410432 0.738525 -0.891346 0.00152149 -0.45332 4.69636 
-0.470303 0.0454051 0.881336 35.0542 0.0298815 0.998922 -0.0355173 0.687741 -0.881999 0.00963178 -0.471153 4.2888 
-0.483834 0.0459145 0.873954 35.7597 0.0318367 0.998885 -0.0348527 0.644101 -0.87458 0.0109609 -0.484757 3.89855 
-0.494906 0.0498959 0.867513 36.4559 0.0354619 0.998678 -0.0372094 0.600254 -0.868222 0.0123485 -0.496022 3.5053 
-0.504543 0.0523062 0.861801 37.1555 0.0367925 0.998559 -0.0390664 0.536019 -0.862602 0.0119971 -0.505741 3.09797 
-0.51535 0.0515113 0.85543 37.8436 0.0309136 0.99866 -0.0415123 0.485027 -0.856422 0.00505104 -0.516251 2.70602 
-0.526537 0.0500554 0.848677 38.5361 0.0299528 0.998738 -0.0403226 0.437629 -0.849624 0.00418884 -0.527372 2.29584 
-0.53522 0.051336 0.843152 39.1963 0.031927 0.998668 -0.0405379 0.393267 -0.844109 0.00522256 -0.536146 1.88641 
-0.542603 0.0543821 0.838227 39.8788 0.034931 0.9985 -0.0421685 0.352244 -0.839263 0.00639937 -0.543688 1.46181 
-0.546074 0.0571637 0.835784 40.5699 0.0355913 0.998352 -0.0450283 0.311124 -0.836981 0.00515792 -0.547208 1.02382 
-0.545856 0.0593915 0.835772 41.2701 0.0354281 0.998229 -0.0477972 0.26716 -0.83713 0.00351945 -0.546993 0.584019 
-0.542547 0.0596314 0.837906 41.9881 0.0377365 0.9982 -0.0466045 0.21685 -0.839177 0.00633447 -0.543821 0.135117 
-0.536757 0.0585102 0.841706 42.7369 0.035651 0.998275 -0.0466591 0.168747 -0.842983 0.00496307 -0.537917 -0.323083 
-0.529967 0.0571695 0.846089 43.502 0.0332416 0.998359 -0.0466366 0.120969 -0.847366 0.00340949 -0.530998 -0.781942 
-0.522804 0.0567444 0.850562 44.2777 0.031615 0.998386 -0.0471739 0.0701603 -0.851866 0.00222777 -0.523755 -1.23958 
-0.516739 0.0554672 0.854344 45.0774 0.0284339 0.998461 -0.0476259 0.0364289 -0.855671 -0.000317829 -0.517521 -1.6825 
-0.513 0.0532095 0.856738 45.8799 0.0243162 0.998577 -0.0474586 -0.016823 -0.858044 -0.0035136 -0.513564 -2.11423 
-0.51174 0.0504771 0.857656 46.7126 0.0198692 0.998701 -0.0469229 -0.0717014 -0.858911 -0.0069714 -0.512078 -2.58237 
-0.512413 0.0477829 0.857409 47.5525 0.0165604 0.998815 -0.0457664 -0.127488 -0.85858 -0.00925224 -0.512597 -3.05204 
-0.513776 0.0465392 0.856661 48.3779 0.015092 0.998863 -0.0452131 -0.179873 -0.857791 -0.0103007 -0.513895 -3.50571 
-0.514743 0.0456942 0.856126 49.2464 0.0144823 0.9989 -0.044607 -0.230842 -0.857223 -0.0105625 -0.514838 -3.98611 
-0.515912 0.0451217 0.855452 50.1321 0.0144088 0.998928 -0.0439997 -0.296197 -0.85652 -0.010374 -0.516009 -4.44631 
-0.516451 0.0441718 0.855177 51.0138 0.0144919 0.998977 -0.0428475 -0.350453 -0.856194 -0.00973544 -0.516562 -4.94822 
-0.517111 0.0439309 0.85479 51.8859 0.0142751 0.998986 -0.0427059 -0.404341 -0.855799 -0.00988149 -0.517214 -5.43593 
-0.517519 0.0423244 0.854624 52.7733 0.0125598 0.999044 -0.0418709 -0.463179 -0.85558 -0.0109351 -0.517556 -5.94887 
-0.517866 0.0413294 0.854463 53.6695 0.0116789 0.999081 -0.0412461 -0.530792 -0.855382 -0.0113808 -0.517873 -6.45411 
-0.517254 0.0405706 0.85487 54.5518 0.0107444 0.999105 -0.0409146 -0.592467 -0.855765 -0.0119782 -0.517226 -6.96606 
-0.516023 0.0390554 0.855684 55.4402 0.0101055 0.999168 -0.0395102 -0.649592 -0.856515 -0.011741 -0.515988 -7.47839 
-0.514138 0.036898 0.856914 56.3149 0.0102434 0.999267 -0.0368817 -0.711751 -0.857647 -0.0101846 -0.514139 -7.98331 
-0.512218 0.0355376 0.85812 57.2091 0.0104205 0.999327 -0.0351654 -0.766528 -0.858792 -0.00907036 -0.512244 -8.47521 
-0.510083 0.0354196 0.859396 58.0933 0.0106851 0.999336 -0.0348451 -0.818768 -0.860059 -0.00859112 -0.510122 -8.97293 
-0.508485 0.0356194 0.860334 58.987 0.0106655 0.999328 -0.0350703 -0.873668 -0.861005 -0.00865688 -0.508523 -9.46325 
-0.508537 0.0363539 0.860272 59.9325 0.0107361 0.999298 -0.0358824 -0.925449 -0.860973 -0.00901161 -0.508571 -9.94198 
-0.510297 0.0376109 0.859176 60.8304 0.00973451 0.999232 -0.0379602 -0.982628 -0.859943 -0.0110073 -0.510271 -10.4199 
-0.513557 0.0392952 0.857155 61.714 0.0081557 0.999129 -0.0409174 -1.04004 -0.858017 -0.0140227 -0.51343 -10.9148 
-0.518308 0.0397561 0.85427 62.585 0.00662003 0.999075 -0.0424785 -1.09573 -0.855169 -0.0163617 -0.518092 -11.415 
-0.524252 0.0383933 0.850697 63.4746 0.00753776 0.999153 -0.0404481 -1.1533 -0.85153 -0.0147927 -0.524098 -11.9199 
-0.530106 0.0360475 0.847165 64.3512 0.00829702 0.999269 -0.0373278 -1.21228 -0.847891 -0.0127587 -0.530017 -12.4352 
-0.535569 0.0335795 0.843824 65.215 0.00524633 0.999322 -0.0364377 -1.2662 -0.844475 -0.0150879 -0.535382 -12.952 
-0.540699 0.0368875 0.840407 66.0655 0.00731661 0.999207 -0.0391503 -1.32143 -0.841184 -0.0150196 -0.54054 -13.4794 
-0.54609 0.0387441 0.83683 66.9046 0.00781927 0.999122 -0.0411554 -1.37258 -0.83769 -0.0159312 -0.545914 -13.9986 
-0.550695 0.0395913 0.833767 67.7325 0.00665049 0.999051 -0.0430472 -1.43234 -0.83468 -0.018161 -0.550436 -14.5203 
-0.554489 0.0395844 0.831249 68.5524 0.0051759 0.999013 -0.0441207 -1.49128 -0.832175 -0.020162 -0.554146 -15.0447 
-0.55789 0.0387509 0.82901 69.3683 0.0058407 0.999068 -0.0427694 -1.55041 -0.829895 -0.0190186 -0.557596 -15.5708 
-0.560233 0.032072 0.827714 70.1861 0.00663858 0.999392 -0.0342308 -1.60403 -0.828309 -0.0136824 -0.560105 -16.1074 
-0.562517 0.023287 0.826458 71.0001 0.005925 0.999691 -0.0241354 -1.65747 -0.826765 -0.00867983 -0.562481 -16.638 
-0.564125 0.0220635 0.825394 71.8045 0.00762002 0.99974 -0.0215159 -1.70607 -0.825654 -0.00584815 -0.564147 -17.1637 
-0.565349 0.0263524 0.824431 72.6041 0.00717754 0.999609 -0.0270299 -1.74537 -0.824821 -0.00936396 -0.565317 -17.691 
-0.566508 0.0328237 0.823402 73.3995 0.00894643 0.999393 -0.033684 -1.78881 -0.824008 -0.0117157 -0.566457 -18.2221 
-0.566845 0.0367614 0.823004 74.1953 0.0142496 0.999292 -0.0348213 -1.83247 -0.823701 -0.00801083 -0.566968 -18.7635 
-0.56665 0.0380804 0.823078 74.9886 0.0175584 0.999263 -0.0341436 -1.88174 -0.823771 -0.00489557 -0.566901 -19.3056 
-0.566436 0.0345682 0.823381 75.7794 0.0159746 0.999393 -0.0309681 -1.92781 -0.823951 -0.00438829 -0.566644 -19.8264 
-0.565778 0.0298715 0.824017 76.5691 0.0148164 0.999551 -0.0260618 -1.97056 -0.824425 -0.00253625 -0.565966 -20.3476 
-0.565015 0.0230099 0.82476 77.3608 0.0111608 0.999733 -0.0202456 -2.01041 -0.825005 -0.00223411 -0.56512 -20.8662 
-0.564634 0.0171821 0.825163 78.1547 0.00254158 0.999815 -0.0190797 -2.04955 -0.825338 -0.00867583 -0.564573 -21.3709 
-0.563313 0.0119875 0.826157 78.9494 -0.0050148 0.999827 -0.0179267 -2.07891 -0.826229 -0.0142413 -0.563155 -21.8709 
-0.561093 0.0128606 0.827653 79.739 -0.00154423 0.999861 -0.0165834 -2.11424 -0.827751 -0.0105829 -0.560995 -22.3949 
-0.558108 0.0160024 0.829614 80.5223 0.00238832 0.999841 -0.0176792 -2.153 -0.829765 -0.00788554 -0.558057 -22.9071 
-0.552664 0.0195242 0.833175 81.3135 0.00466957 0.999782 -0.0203309 -2.18296 -0.833391 -0.00734562 -0.552635 -23.4183 
-0.544982 0.0219196 0.838161 82.1056 0.00986557 0.999757 -0.019731 -2.21743 -0.83839 -0.00248409 -0.545066 -23.9214 
-0.53701 0.0252637 0.843197 82.8962 0.0174943 0.99967 -0.0188102 -2.25759 -0.843394 0.00464984 -0.537275 -24.4162 
-0.527425 0.024293 0.849254 83.6938 0.0148308 0.999702 -0.019386 -2.28879 -0.849472 0.0023704 -0.527628 -24.891 
-0.516662 0.0221064 0.855904 84.4992 0.0127314 0.999755 -0.0181366 -2.31876 -0.856095 0.00152637 -0.516816 -25.3532 
-0.505221 0.0190351 0.86278 85.31 0.0130885 0.999811 -0.014394 -2.35121 -0.862891 0.0040203 -0.505374 -25.8076 
-0.494402 0.0182567 0.869041 86.1265 0.0127667 0.999824 -0.013741 -2.38492 -0.869139 0.00430117 -0.494549 -26.2516 
-0.482706 0.0174931 0.875608 86.9404 0.0138851 0.999828 -0.0123201 -2.41548 -0.875673 0.00621086 -0.482866 -26.6766 
-0.470973 0.0187041 0.881949 87.7648 0.0155095 0.999796 -0.012921 -2.44527 -0.882011 0.00759312 -0.471168 -27.0982 
-0.459073 0.0224559 0.888115 88.5895 0.0153372 0.999732 -0.0173502 -2.48255 -0.888266 0.00565619 -0.459294 -27.5065 
-0.44797 0.0316415 0.893488 89.4066 0.0176165 0.999492 -0.026563 -2.51258 -0.893875 0.00384073 -0.4483 -27.8968 
-0.435252 0.0359355 0.899591 90.2342 0.0168252 0.999353 -0.03178 -2.54797 -0.900151 0.00130347 -0.435575 -28.2797 
-0.424136 0.0326533 0.90501 91.0828 0.0153968 0.999465 -0.0288456 -2.59057 -0.905468 0.00169976 -0.424412 -28.654 
-0.412807 0.0288281 0.910362 91.9261 0.0134302 0.999583 -0.0255634 -2.63272 -0.91072 0.00167362 -0.413022 -29.0155 
-0.403265 0.0295519 0.914606 92.7635 0.0105564 0.999562 -0.0276424 -2.67613 -0.915022 -0.00149225 -0.403401 -29.3604 
-0.396449 0.0339669 0.917428 93.5995 0.00588916 0.999389 -0.0344564 -2.72247 -0.918038 -0.00825734 -0.396407 -29.6959 
-0.391513 0.0388463 0.919352 94.4365 0.000363405 0.999115 -0.0420619 -2.76831 -0.920173 -0.0161337 -0.391181 -30.0271 
-0.388365 0.0405988 0.920611 95.2752 -0.00278874 0.998973 -0.0452309 -2.82123 -0.921501 -0.0201335 -0.387853 -30.3546 
-0.3849 0.0401408 0.922085 96.1086 -0.00419532 0.998967 -0.0452389 -2.87754 -0.922949 -0.0212809 -0.384334 -30.6789 
-0.37993 0.0403373 0.924135 96.9447 -0.00476385 0.99895 -0.0455613 -2.93087 -0.925003 -0.0217126 -0.379339 -31.0017 
-0.373935 0.0361308 0.926751 97.7903 -0.00740374 0.999093 -0.0419385 -2.98471 -0.927425 -0.0225437 -0.373329 -31.3251 
-0.3691 0.0322097 0.928831 98.6372 -0.00866366 0.999237 -0.0380939 -3.03712 -0.929349 -0.0221076 -0.368539 -31.6357 
-0.363021 0.0291974 0.931324 99.4817 -0.00997501 0.99933 -0.0352175 -3.0898 -0.931728 -0.0220747 -0.362486 -31.9483 
-0.357492 0.0274919 0.933511 100.33 -0.0183331 0.999167 -0.0364462 -3.13542 -0.933736 -0.0301433 -0.356691 -32.2418 
-0.351544 0.0275893 0.935765 101.179 -0.0254476 0.998915 -0.0390112 -3.1831 -0.935826 -0.0375271 -0.35046 -32.525 
-0.344935 0.0317165 0.938091 102.018 -0.0236174 0.998819 -0.0424538 -3.23437 -0.938329 -0.036799 -0.343779 -32.8144 
-0.337903 0.035129 0.940525 102.865 -0.0218388 0.998742 -0.0451494 -3.28344 -0.940927 -0.0357961 -0.336711 -33.1033 
-0.33159 0.0332601 0.942837 103.726 -0.0232059 0.998788 -0.0433952 -3.33368 -0.943138 -0.0362688 -0.330417 -33.3843 
-0.32487 0.0282591 0.945336 104.594 -0.0241564 0.99898 -0.0381641 -3.38735 -0.94545 -0.0352343 -0.323856 -33.6575 
-0.317974 0.0255887 0.947754 105.459 -0.0257902 0.999032 -0.0356259 -3.43646 -0.947749 -0.0357709 -0.317006 -33.927 
-0.311846 0.0289735 0.949691 106.316 -0.0274987 0.998841 -0.0395026 -3.48066 -0.949735 -0.038434 -0.310688 -34.1848 
-0.305536 0.0317682 0.95165 107.153 -0.0262811 0.998781 -0.0417793 -3.5286 -0.951818 -0.0377755 -0.304329 -34.4366 
-0.298858 0.0320987 0.953758 108.015 -0.0291579 0.99866 -0.0427464 -3.57964 -0.953852 -0.0405847 -0.297522 -34.6833 
-0.291986 0.0316432 0.955899 108.861 -0.0290315 0.998699 -0.0419279 -3.63027 -0.955982 -0.0399935 -0.290688 -34.9247 
-0.28391 0.0315091 0.958333 109.738 -0.024868 0.998882 -0.0402095 -3.681 -0.958529 -0.0352477 -0.282809 -35.1663 
-0.276312 0.0327486 0.96051 110.601 -0.0219737 0.998943 -0.0403802 -3.73067 -0.960817 -0.0322635 -0.2753 -35.403 
-0.269878 0.0332794 0.962319 111.455 -0.0206216 0.998974 -0.0403302 -3.78003 -0.962674 -0.0307288 -0.268915 -35.6211 
-0.263399 0.0318821 0.96416 112.331 -0.0269978 0.998819 -0.0404037 -3.8348 -0.964309 -0.0366725 -0.262228 -35.8265 
-0.257393 0.0301032 0.965838 113.204 -0.0306849 0.998756 -0.0393066 -3.88368 -0.96582 -0.0397538 -0.256149 -36.0336 
-0.252868 0.0301543 0.967031 114.076 -0.0281765 0.998861 -0.0385147 -3.93292 -0.96709 -0.0369867 -0.251731 -36.2441 
-0.248519 0.0304204 0.968149 114.946 -0.0262468 0.998928 -0.0381249 -3.98359 -0.968271 -0.0348855 -0.247454 -36.4423 
-0.243927 0.0318225 0.969271 115.812 -0.0253807 0.99891 -0.0391828 -4.03071 -0.969462 -0.0341585 -0.242853 -36.639 
-0.238055 0.0309643 0.970758 116.69 -0.0194148 0.99914 -0.0366306 -4.07572 -0.971058 -0.0275672 -0.237249 -36.8429 
-0.232628 0.0300116 0.972103 117.56 -0.0120303 0.999359 -0.0337319 -4.12021 -0.972492 -0.0195416 -0.232117 -37.047 
-0.227645 0.0289411 0.973314 118.433 -0.0101841 0.999433 -0.0320996 -4.1706 -0.973691 -0.0172197 -0.227221 -37.2385 
-0.223771 0.0306919 0.974158 119.308 -0.0123038 0.999335 -0.0343114 -4.21189 -0.974564 -0.0196637 -0.223244 -37.4176 
-0.220215 0.0326054 0.974906 120.179 -0.013777 0.999238 -0.0365311 -4.25395 -0.975354 -0.021476 -0.219598 -37.595 
-0.218576 0.0319761 0.975296 121.054 -0.0162617 0.999205 -0.0364044 -4.3014 -0.975684 -0.0238171 -0.217882 -37.7691 
-0.217887 0.0309515 0.975483 121.927 -0.0167657 0.999231 -0.0354498 -4.34431 -0.97583 -0.0240787 -0.2172 -37.941 
-0.2166 0.0266656 0.975896 122.8 -0.0151596 0.999415 -0.0306728 -4.38673 -0.976143 -0.021438 -0.216069 -38.1238 
-0.21573 0.0215465 0.976215 123.676 -0.0161943 0.99954 -0.02564 -4.42919 -0.976319 -0.0213404 -0.215282 -38.2983 
-0.21508 0.0198607 0.976395 124.541 -0.0154756 0.999598 -0.0237416 -4.46895 -0.976474 -0.0202166 -0.214686 -38.4725 
-0.21376 0.0244212 0.976581 125.395 -0.0157118 0.999472 -0.0284327 -4.50871 -0.97676 -0.0214217 -0.213264 -38.6468 
-0.213647 0.0281759 0.976504 126.243 -0.0158558 0.999352 -0.0323042 -4.54583 -0.976782 -0.0223849 -0.213062 -38.816 
-0.213712 0.027343 0.976514 127.103 -0.0193025 0.999295 -0.0322052 -4.5848 -0.976706 -0.0257318 -0.213034 -38.9841 
-0.213304 0.0264001 0.976629 127.956 -0.0211185 0.999277 -0.0316247 -4.63072 -0.976758 -0.0273706 -0.212592 -39.1498 
-0.212274 0.027443 0.976825 128.802 -0.0162459 0.999368 -0.0316068 -4.67396 -0.977075 -0.0225787 -0.211694 -39.3291 
-0.211648 0.029845 0.97689 129.641 -0.0186675 0.999228 -0.0345718 -4.71282 -0.977168 -0.0255531 -0.210927 -39.4924 
-0.211973 0.0309344 0.976786 130.482 -0.0264287 0.998952 -0.0373717 -4.75817 -0.976918 -0.0337369 -0.210933 -39.6463 
-0.211611 0.0324147 0.976816 131.317 -0.0325935 0.99866 -0.0402004 -4.80422 -0.97681 -0.0403447 -0.21027 -39.7991 
-0.211532 0.0359925 0.976708 132.134 -0.0299823 0.998612 -0.0432931 -4.85288 -0.976911 -0.0384418 -0.21016 -39.9568 
-0.210913 0.0370333 0.976803 132.956 -0.0275632 0.998659 -0.0438134 -4.90623 -0.977116 -0.0361647 -0.209609 -40.1181 
-0.209359 0.0382236 0.977092 133.773 -0.0280632 0.998589 -0.0450776 -4.95693 -0.977436 -0.0368577 -0.207991 -40.2752 
-0.207578 0.0374398 0.977502 134.582 -0.0201354 0.998892 -0.0425349 -5.00749 -0.978011 -0.0285118 -0.206594 -40.4375 
-0.204042 0.0343284 0.97836 135.388 -0.0148367 0.999162 -0.0381525 -5.05779 -0.97885 -0.0223003 -0.203361 -40.6015 
-0.201833 0.0299561 0.978962 136.207 -0.0103916 0.99941 -0.0327243 -5.1011 -0.979365 -0.0167778 -0.201402 -40.7619 
-0.198259 0.0295527 0.979704 137.015 -0.00918289 0.999446 -0.0320064 -5.14437 -0.980107 -0.0153421 -0.197878 -40.9109 
-0.19342 0.0344201 0.980512 137.806 -0.00892061 0.999281 -0.0368386 -5.19279 -0.981076 -0.0158721 -0.192974 -41.0528 
-0.186862 0.0375373 0.981669 138.601 -0.00770757 0.999183 -0.0396741 -5.23517 -0.982356 -0.0149799 -0.18642 -41.1897 
-0.178873 0.0380631 0.983136 139.396 -0.00816064 0.99916 -0.0401682 -5.27655 -0.983838 -0.015208 -0.178412 -41.3148 
-0.169172 0.033787 0.985007 140.19 -0.00602167 0.999358 -0.0353135 -5.32183 -0.985568 -0.0119054 -0.16886 -41.4373 
-0.157427 0.0327141 0.986989 140.983 -0.00230312 0.999436 -0.033494 -5.36294 -0.987528 -0.00754602 -0.157263 -41.551 
-0.143524 0.0355652 0.989008 141.771 0.00221339 0.999363 -0.0356163 -5.40203 -0.989644 -0.00292274 -0.143511 -41.6552 
-0.129893 0.0368622 0.990843 142.548 0.000691131 0.999312 -0.0370867 -5.43646 -0.991528 -0.00413249 -0.129829 -41.7359 
-0.11561 0.0371127 0.992601 143.349 0.00258571 0.99931 -0.0370623 -5.47702 -0.993291 -0.00171821 -0.115627 -41.82 
-0.102185 0.0388994 0.994005 144.133 0.00311859 0.999243 -0.0387837 -5.52184 -0.994761 -0.000863226 -0.102229 -41.8832 
-0.0884692 0.0453026 0.995048 144.908 0.000382312 0.998967 -0.045447 -5.57136 -0.996079 -0.00364024 -0.0883951 -41.9335 
-0.0759078 0.0542957 0.995636 145.678 -0.00711122 0.998462 -0.0549919 -5.62129 -0.99709 -0.0112545 -0.0754049 -41.965 
-0.0623348 0.0624552 0.996099 146.436 -0.0113133 0.997932 -0.0632781 -5.66937 -0.997991 -0.0152136 -0.0614993 -41.9861 
-0.0492942 0.062952 0.996798 147.208 -0.0120168 0.997902 -0.063616 -5.72406 -0.998712 -0.0151142 -0.0484343 -42.0068 
-0.0374913 0.0588628 0.997562 147.972 -0.0157319 0.998105 -0.0594861 -5.7851 -0.999173 -0.0179238 -0.0364943 -42.0129 
-0.0267705 0.056589 0.998039 148.732 -0.0197651 0.998171 -0.0571266 -5.8456 -0.999446 -0.0212557 -0.025603 -42.0083 
-0.017764 0.062919 0.997861 149.486 -0.0228854 0.997731 -0.0633182 -5.90797 -0.99958 -0.0239612 -0.0162838 -41.9996 
-0.0113499 0.0709949 0.997412 150.238 -0.0265669 0.997103 -0.0712751 -5.96323 -0.999583 -0.0273071 -0.00943088 -41.9856 
-0.00824829 0.073873 0.997234 150.991 -0.0293742 0.996819 -0.0740852 -6.02021 -0.999534 -0.029904 -0.0060521 -41.9729 
-0.00852042 0.0695694 0.997541 151.747 -0.0321897 0.997041 -0.0698094 -6.07783 -0.999446 -0.0327053 -0.00625579 -41.9578 
-0.0105208 0.0650845 0.997824 152.501 -0.0338473 0.997285 -0.0654062 -6.14584 -0.999372 -0.0344618 -0.00828933 -41.9453 
-0.0134493 0.0620337 0.997983 153.245 -0.0324822 0.99752 -0.0624426 -6.20446 -0.999382 -0.0332565 -0.011401 -41.9427 
-0.0159443 0.0623992 0.997924 153.99 -0.0305454 0.997555 -0.0628641 -6.25896 -0.999406 -0.0314843 -0.0139993 -41.9463 
-0.0197889 0.062433 0.997853 154.74 -0.0289055 0.997596 -0.0629901 -6.31752 -0.999386 -0.0300899 -0.0179367 -41.9484 
-0.0241579 0.0608849 0.997852 155.494 -0.029242 0.997674 -0.0615819 -6.37733 -0.99928 -0.0306669 -0.0223213 -41.958 
-0.0294497 0.0613378 0.997683 156.235 -0.0299363 0.997614 -0.0622172 -6.42566 -0.999118 -0.0316992 -0.0275432 -41.9647 
-0.0354508 0.0593617 0.997607 156.971 -0.0310784 0.997686 -0.0604708 -6.48068 -0.998888 -0.0331477 -0.0335239 -41.9753 
-0.0415089 0.0564974 0.99754 157.704 -0.0290051 0.997911 -0.0577254 -6.54235 -0.998717 -0.0313298 -0.0397835 -41.9933 
-0.0467332 0.0564904 0.997309 158.434 -0.0294495 0.997888 -0.0579031 -6.59465 -0.998473 -0.0320763 -0.0449709 -42.0172 
-0.0522537 0.057486 0.996978 159.158 -0.0308663 0.997772 -0.0591495 -6.65 -0.998157 -0.0338638 -0.0503628 -42.0374 
-0.0563525 0.0597989 0.996619 159.879 -0.0314312 0.997604 -0.0616352 -6.70679 -0.997916 -0.0347982 -0.0543379 -42.0623 
-0.0587917 0.0621409 0.996334 160.597 -0.0315477 0.997447 -0.0640718 -6.76392 -0.997772 -0.0351989 -0.0566812 -42.0941 
-0.0603454 0.0636585 0.996146 161.314 -0.0285689 0.997445 -0.0654722 -6.81828 -0.997769 -0.0324097 -0.0583726 -42.1287 
-0.0596292 0.0623176 0.996274 162.022 -0.0258693 0.997618 -0.06395 -6.87177 -0.997885 -0.0295862 -0.0578751 -42.1596 
-0.0557201 0.0585841 0.996726 162.731 -0.0232986 0.997929 -0.0599572 -6.93156 -0.998175 -0.0265632 -0.0542398 -42.1893 
-0.0481755 0.0585754 0.99712 163.436 -0.0223926 0.997965 -0.0597069 -6.98909 -0.998588 -0.0252045 -0.0467658 -42.2096 
-0.0367201 0.0593456 0.997562 164.134 -0.0195434 0.998002 -0.0600911 -7.04386 -0.999135 -0.0217023 -0.0354869 -42.2243 
-0.02222 0.0595738 0.997977 164.828 -0.0170616 0.998055 -0.0599584 -7.09487 -0.999608 -0.0183593 -0.0211604 -42.2276 
-0.00687977 0.0570784 0.998346 165.519 -0.0180318 0.9982 -0.0571943 -7.14514 -0.999814 -0.0183954 -0.00583816 -42.2149 
0.00924489 0.0522249 0.998593 166.206 -0.0232582 0.998376 -0.0519983 -7.19424 -0.999687 -0.0227448 0.0104445 -42.1822 
0.0253857 0.0457385 0.998631 166.885 -0.0248397 0.998673 -0.045109 -7.23852 -0.999369 -0.0236605 0.0264882 -42.1396 
0.0425748 0.0385413 0.99835 167.568 -0.0248737 0.998987 -0.0375051 -7.27677 -0.998784 -0.0232359 0.0434904 -42.0941 
0.060112 0.0310618 0.997708 168.24 -0.0256398 0.999234 -0.0295644 -7.31307 -0.997862 -0.0238038 0.0608624 -42.0331 
0.0771288 0.0251451 0.996704 168.908 -0.0272373 0.999362 -0.0231044 -7.3472 -0.996649 -0.0253655 0.0777645 -41.9586 
0.0952866 0.0228837 0.995187 169.562 -0.027987 0.999402 -0.0203009 -7.37741 -0.995056 -0.0259179 0.0958701 -41.8756 
0.11324 0.0214631 0.993336 170.21 -0.0264512 0.999477 -0.0185803 -7.40227 -0.993216 -0.0241709 0.113749 -41.7838 
0.130614 0.0209191 0.991213 170.848 -0.0279251 0.999458 -0.0174134 -7.42469 -0.99104 -0.0254053 0.131127 -41.6783 
0.146753 0.0199122 0.988973 171.476 -0.032771 0.999346 -0.0152582 -7.44535 -0.98863 -0.0301704 0.147309 -41.5582 
0.161143 0.0165946 0.986792 172.103 -0.0356518 0.999304 -0.0109831 -7.46435 -0.986287 -0.033411 0.161623 -41.4296 
0.17349 0.0126579 0.984754 172.729 -0.0321133 0.999458 -0.00718923 -7.48142 -0.984312 -0.0303765 0.173802 -41.3059 
0.184228 0.0114578 0.982817 173.345 -0.0298567 0.999536 -0.00605608 -7.49972 -0.98243 -0.028228 0.184485 -41.1772 
0.194061 0.0150687 0.980874 173.949 -0.0342095 0.999378 -0.00858471 -7.51941 -0.980393 -0.0318893 0.194455 -41.0321 
0.203187 0.0221195 0.97889 174.547 -0.0383135 0.999159 -0.0146248 -7.54189 -0.97839 -0.0345331 0.203864 -40.8842 
0.21252 0.032228 0.976625 175.137 -0.0381663 0.998967 -0.02466 -7.55758 -0.976411 -0.0320335 0.213531 -40.7408 
0.220816 0.0378579 0.974581 175.725 -0.0323589 0.998981 -0.031474 -7.57812 -0.974779 -0.0245864 0.221816 -40.6032 
0.227767 0.0357382 0.97306 176.336 -0.0314504 0.999075 -0.029332 -7.6019 -0.973208 -0.0239222 0.22868 -40.4554 
0.233546 0.0282456 0.971935 176.944 -0.0341925 0.999198 -0.0208217 -7.62121 -0.971744 -0.0283701 0.234325 -40.2869 
0.237966 0.0178441 0.97111 177.555 -0.0386235 0.999214 -0.00889598 -7.6424 -0.970505 -0.0353907 0.238468 -40.1168 
0.239903 0.00957979 0.97075 178.167 -0.0388088 0.999247 -0.000270074 -7.66482 -0.970021 -0.0376088 0.240094 -39.9481 
0.241044 0.00876244 0.970475 178.768 -0.0351509 0.999382 -0.000292695 -7.68255 -0.969877 -0.0340425 0.241203 -39.792 
0.242341 0.0106241 0.970133 179.359 -0.0315087 0.999499 -0.00307474 -7.69503 -0.969679 -0.0298225 0.242555 -39.6363 
0.244258 0.01031 0.969656 179.972 -0.0282631 0.999594 -0.00350875 -7.69911 -0.969298 -0.0265484 0.24445 -39.4794 
0.246104 0.00798636 0.969211 180.586 -0.0300444 0.999548 -0.00060736 -7.70746 -0.968778 -0.0289698 0.246233 -39.3101 
0.249001 0.00404596 0.968495 181.199 -0.030069 0.999542 0.00355514 -7.71924 -0.968037 -0.0300069 0.249008 -39.1388 
0.252163 -0.00111295 0.967684 181.819 -0.029427 0.999528 0.00881782 -7.7276 -0.967237 -0.0306996 0.252011 -38.9652 
0.256714 -0.00387137 0.96648 182.442 -0.0278675 0.999547 0.011406 -7.73233 -0.966086 -0.0298614 0.25649 -38.7896 
0.263179 -0.00626654 0.964727 183.063 -0.0257115 0.999578 0.0135071 -7.73436 -0.964404 -0.0283594 0.262907 -38.6102 
0.271125 -0.00940551 0.962498 183.69 -0.0241907 0.99957 0.0165821 -7.73525 -0.96224 -0.0277793 0.270781 -38.4203 
0.280885 -0.0113304 0.959675 184.314 -0.0218066 0.999597 0.0181843 -7.73947 -0.959494 -0.026035 0.280525 -38.2238 
0.292268 -0.00930791 0.956291 184.935 -0.0229612 0.999596 0.016747 -7.74145 -0.956061 -0.0268523 0.291937 -38.0181 
0.303809 -0.00567772 0.952716 185.556 -0.0240997 0.999617 0.0136424 -7.74246 -0.952428 -0.0271049 0.303555 -37.7966 
0.315454 -0.00262628 0.948937 186.182 -0.0251601 0.999622 0.0111306 -7.74111 -0.948607 -0.0273866 0.315268 -37.5651 
0.327177 -0.00230943 0.94496 186.803 -0.0237447 0.999661 0.0106644 -7.73944 -0.944665 -0.0259269 0.327011 -37.3353 
0.338629 -0.00560308 0.940903 187.433 -0.0227224 0.999642 0.0141306 -7.73869 -0.940646 -0.0261646 0.33838 -37.0898 
0.349483 -0.00697593 0.936917 188.065 -0.0240966 0.999575 0.0164309 -7.74373 -0.936633 -0.0283188 0.349166 -36.8259 
0.360753 -0.00737261 0.932632 188.694 -0.025696 0.999511 0.0178409 -7.7384 -0.932307 -0.0304011 0.360387 -36.5595 
0.370313 -0.00878196 0.928866 189.329 -0.0292064 0.999351 0.0210922 -7.7341 -0.928448 -0.0349395 0.369816 -36.2807 
0.37728 -0.00760359 0.926068 189.967 -0.0331982 0.999213 0.0217292 -7.729 -0.925504 -0.0389418 0.37673 -35.9936 
0.381687 -0.0107643 0.924229 190.616 -0.0331995 0.999127 0.0253474 -7.72679 -0.923695 -0.0403587 0.380997 -35.7079 
0.383917 -0.0144731 0.923254 191.272 -0.0302231 0.999144 0.0282305 -7.71628 -0.922873 -0.0387418 0.383151 -35.4237 
0.38385 -0.0135878 0.923296 191.927 -0.0261692 0.99933 0.0255864 -7.70628 -0.923025 -0.0339832 0.383237 -35.1387 
0.382856 -0.0133505 0.923711 192.592 -0.0247428 0.999389 0.0246997 -7.70214 -0.923477 -0.0323116 0.382292 -34.853 
0.382377 -0.0123658 0.923924 193.267 -0.0210987 0.999533 0.0221097 -7.69315 -0.923765 -0.0279478 0.381938 -34.5683 
0.382046 -0.0141915 0.924034 193.949 -0.0178511 0.999582 0.0227324 -7.68091 -0.923971 -0.0251799 0.381633 -34.2811 
0.381012 -0.0197813 0.924359 194.64 -0.0146661 0.999516 0.0274349 -7.67023 -0.924454 -0.0240097 0.380537 -33.9872 
0.37966 -0.0227265 0.924847 195.33 -0.0145189 0.999429 0.0305195 -7.66264 -0.925012 -0.0250148 0.379113 -33.6924 
0.378158 -0.0249641 0.925404 196.016 -0.0139035 0.99937 0.0326411 -7.6533 -0.925637 -0.0252099 0.377573 -33.4038 
0.376902 -0.0250544 0.925914 196.701 -0.0145958 0.999349 0.0329829 -7.63692 -0.926138 -0.0259458 0.376291 -33.1118 
0.375017 -0.0253209 0.926672 197.394 -0.016081 0.999299 0.0338133 -7.62437 -0.926878 -0.0275823 0.374347 -32.8172 
0.373636 -0.0244099 0.927254 198.097 -0.0165632 0.999319 0.0329811 -7.61451 -0.927428 -0.0276812 0.372977 -32.5255 
0.372431 -0.0208761 0.927825 198.786 -0.0159644 0.999455 0.028896 -7.60712 -0.927922 -0.0255739 0.371895 -32.2389 
0.371777 -0.0146668 0.928206 199.472 -0.0160834 0.999623 0.0222372 -7.59439 -0.928183 -0.023196 0.371401 -31.9546 
0.370762 -0.0122453 0.928647 200.149 -0.0173077 0.999648 0.0200917 -7.58207 -0.928567 -0.023522 0.37042 -31.6736 
0.369321 -0.0148709 0.929183 200.842 -0.0184976 0.999556 0.0233494 -7.57645 -0.929118 -0.025811 0.368882 -31.3847 
0.368274 -0.0181747 0.92954 201.528 -0.0201169 0.999419 0.0275111 -7.57083 -0.9295 -0.0288311 0.367694 -31.0979 
0.365813 -0.017266 0.930528 202.221 -0.0244339 0.999305 0.0281478 -7.56753 -0.930368 -0.0330332 0.365137 -30.8095 
0.361139 -0.0173057 0.932351 202.909 -0.0264538 0.999235 0.0287939 -7.55698 -0.932137 -0.0350628 0.360405 -30.528 
0.354418 -0.0184189 0.934906 203.609 -0.0260449 0.999224 0.0295595 -7.54249 -0.934724 -0.0348259 0.353663 -30.2532 
0.345336 -0.0188159 0.938291 204.307 -0.0253891 0.999246 0.0293827 -7.53452 -0.938136 -0.0339692 0.344597 -29.9852 
0.335427 -0.0178063 0.941898 205.002 -0.0226461 0.99938 0.0269577 -7.53193 -0.941794 -0.0303727 0.334816 -29.7327 
0.324651 -0.0142556 0.945727 205.698 -0.0237135 0.999449 0.0232059 -7.52212 -0.945537 -0.0299603 0.324134 -29.4824 
0.313014 -0.0142323 0.949642 206.402 -0.0263943 0.999371 0.0236776 -7.50941 -0.949382 -0.0324765 0.312441 -29.2342 
0.302011 -0.0222451 0.953045 207.111 -0.0212696 0.999322 0.0300654 -7.50063 -0.953067 -0.029351 0.301333 -29.0057 
0.29331 -0.0309353 0.955517 207.825 -0.0172344 0.999143 0.0376381 -7.49473 -0.955862 -0.0275074 0.292525 -28.785 
0.286297 -0.0364943 0.957446 208.531 -0.0165749 0.998936 0.0430321 -7.48121 -0.957998 -0.0281896 0.285388 -28.5678 
0.2819 -0.0371852 0.958723 209.24 -0.0224578 0.998719 0.04534 -7.4605 -0.959181 -0.0343122 0.280704 -28.3387 
0.27943 -0.0393538 0.959359 209.95 -0.0211441 0.998665 0.0471248 -7.44154 -0.959933 -0.0334528 0.278224 -28.1234 
0.277816 -0.0400689 0.959798 210.663 -0.0205682 0.998653 0.0476445 -7.41957 -0.960414 -0.0329777 0.276618 -27.9065 
0.276968 -0.0380729 0.960125 211.38 -0.0207715 0.998744 0.0455964 -7.3963 -0.960655 -0.032572 0.27583 -27.684 
0.276586 -0.0360732 0.960312 212.108 -0.0236735 0.998736 0.0443349 -7.37089 -0.960698 -0.0349964 0.275382 -27.4583 
0.277046 -0.0367594 0.960153 212.833 -0.0244417 0.998675 0.0452867 -7.3478 -0.960546 -0.0360142 0.275781 -27.235 
0.278874 -0.0381993 0.959568 213.555 -0.0246822 0.998593 0.0469262 -7.32533 -0.960011 -0.0367707 0.277539 -27.0132 
0.280095 -0.0399288 0.959142 214.282 -0.023229 0.99856 0.0483533 -7.30261 -0.959691 -0.0358234 0.278764 -26.7847 
0.281671 -0.0410042 0.958634 215.019 -0.0195845 0.998633 0.0484696 -7.27977 -0.959311 -0.0324269 0.280483 -26.5583 
0.284913 -0.0425565 0.957608 215.752 -0.0183672 0.998588 0.0498425 -7.25306 -0.958377 -0.0317894 0.283729 -26.3312 
0.288957 -0.0439026 0.956335 216.489 -0.0201125 0.998449 0.051913 -7.22624 -0.957131 -0.0342349 0.287626 -26.0915 
0.294348 -0.0479638 0.954494 217.233 -0.0218747 0.99814 0.0569028 -7.19979 -0.955448 -0.0376285 0.292751 -25.8465 
0.299348 -0.0517392 0.95274 217.966 -0.0220848 0.997886 0.0611299 -7.16781 -0.953888 -0.0393402 0.297573 -25.5978 
0.303701 -0.051707 0.951363 218.702 -0.023303 0.997824 0.0616712 -7.13753 -0.952482 -0.0408992 0.301836 -25.3463 
0.307965 -0.0472653 0.950223 219.439 -0.028655 0.997851 0.0589215 -7.11043 -0.950966 -0.0453744 0.305949 -25.0803 
0.312531 -0.0412418 0.949012 220.172 -0.0331121 0.997977 0.0542744 -7.07127 -0.94933 -0.0483862 0.310533 -24.8142 
0.317115 -0.0381349 0.94762 220.912 -0.0368343 0.997942 0.0524865 -7.03777 -0.947671 -0.0515492 0.315058 -24.5434 
0.321479 -0.038526 0.946133 221.656 -0.0384908 0.997815 0.053709 -7.01203 -0.946134 -0.0536837 0.319294 -24.2706 
0.325603 -0.0361442 0.944815 222.391 -0.0407312 0.997805 0.0522083 -6.98878 -0.944629 -0.0554826 0.323417 -24.0015 
0.329367 -0.0331909 0.943618 223.125 -0.0411808 0.997926 0.0494752 -6.95893 -0.943303 -0.0551544 0.327317 -23.7252 
0.33414 -0.0331028 0.941942 223.868 -0.0408678 0.997934 0.0495678 -6.93316 -0.941637 -0.0550577 0.332097 -23.4483 
0.338698 -0.0346071 0.940259 224.615 -0.0406234 0.997854 0.0513603 -6.90982 -0.940018 -0.0555921 0.336565 -23.1622 
0.343088 -0.0350088 0.93865 225.357 -0.0368702 0.998033 0.0507002 -6.88587 -0.938579 -0.0520029 0.341123 -22.8799 
0.347334 -0.0345236 0.937106 226.095 -0.0343632 0.998182 0.0495103 -6.85838 -0.937112 -0.0493985 0.345516 -22.5917 
0.351497 -0.0325448 0.935623 226.827 -0.0352227 0.998228 0.0479551 -6.83309 -0.935526 -0.0498112 0.349728 -22.3005 
0.356105 -0.0328383 0.933869 227.564 -0.0399871 0.997931 0.050339 -6.80695 -0.93359 -0.0552687 0.354055 -21.9977 
0.360799 -0.0333051 0.932049 228.303 -0.0426206 0.997729 0.0521507 -6.7829 -0.931669 -0.0585404 0.35856 -21.6902 
0.365059 -0.0305633 0.930483 229.048 -0.0402879 0.998006 0.0485876 -6.75863 -0.930112 -0.0552245 0.3631 -21.3904 
0.368876 -0.024146 0.929165 229.767 -0.0390592 0.998377 0.041451 -6.7405 -0.928658 -0.0515827 0.367334 -21.087 
0.372144 -0.0172777 0.928014 230.486 -0.045476 0.998287 0.0368225 -6.71148 -0.92706 -0.0559056 0.370721 -20.7721 
0.374942 -0.0182433 0.926869 231.21 -0.052026 0.997817 0.0406855 -6.68693 -0.925587 -0.0634759 0.373174 -20.4458 
0.3774 -0.0284015 0.925615 231.942 -0.0515175 0.997338 0.0516075 -6.66496 -0.924616 -0.0671621 0.374932 -20.1289 
0.379524 -0.0411317 0.924267 232.691 -0.0473313 0.99684 0.0637966 -6.63457 -0.92397 -0.0679591 0.376378 -19.8182 
0.381256 -0.0491061 0.923164 233.432 -0.0483894 0.996159 0.0729732 -6.60163 -0.923202 -0.0724929 0.377416 -19.4939 
0.383512 -0.0507948 0.922138 234.164 -0.0500021 0.99588 0.0756525 -6.56425 -0.922181 -0.0751225 0.379392 -19.1715 
0.386137 -0.0461096 0.921288 234.887 -0.0497302 0.996257 0.070705 -6.52227 -0.9211 -0.0731177 0.382399 -18.8495 
0.390222 -0.03994 0.919854 235.604 -0.048954 0.996746 0.064046 -6.47433 -0.919418 -0.0700227 0.386997 -18.5309 
0.394667 -0.035688 0.918131 236.322 -0.0484724 0.997045 0.0595918 -6.43773 -0.917545 -0.0680229 0.391771 -18.2046 
0.398894 -0.0335446 0.916383 237.054 -0.0470704 0.997264 0.0569947 -6.4037 -0.915788 -0.0658694 0.396224 -17.8774 
0.402871 -0.0313935 0.914718 237.769 -0.0464702 0.997421 0.0546988 -6.36809 -0.914077 -0.0645436 0.400373 -17.5437 
0.40672 -0.0329054 0.91296 238.487 -0.0453236 0.997394 0.0561401 -6.33569 -0.912428 -0.0642119 0.404168 -17.2047 
0.410123 -0.0381109 0.911234 239.218 -0.0434823 0.997173 0.0612755 -6.30251 -0.910993 -0.0647531 0.407307 -16.8626 
0.412998 -0.0441784 0.90966 239.942 -0.0416066 0.996865 0.0673036 -6.27112 -0.909781 -0.0656441 0.409865 -16.5145 
0.415473 -0.0496026 0.908252 240.668 -0.0401434 0.996539 0.0727876 -6.22889 -0.908719 -0.0667016 0.412044 -16.1687 
0.417529 -0.0548381 0.907007 241.404 -0.0381502 0.996239 0.0777952 -6.18202 -0.907863 -0.0670843 0.413866 -15.8162 
0.418992 -0.061502 0.905905 242.138 -0.0370401 0.995715 0.0847308 -6.13219 -0.907234 -0.0690563 0.414919 -15.463 
0.420721 -0.0622681 0.905051 242.868 -0.0372008 0.995618 0.0857924 -6.08504 -0.906427 -0.0697633 0.416561 -15.1094 
0.42233 -0.0505955 0.905029 243.584 -0.0461407 0.995947 0.0772098 -6.03989 -0.905267 -0.0743667 0.418284 -14.7452 
0.423071 -0.0370775 0.905338 244.297 -0.048136 0.996832 0.0633189 -5.99487 -0.904817 -0.0703677 0.419946 -14.3917 
0.424002 -0.0291995 0.905191 245.02 -0.0480633 0.997346 0.0546858 -5.94694 -0.904385 -0.0666933 0.421473 -14.0399 
0.423825 -0.0317792 0.905187 245.751 -0.047653 0.997218 0.0573222 -5.90908 -0.90449 -0.0674294 0.421131 -13.6811 
