1 -4.23778e-08 4.22719e-08 0 -4.23778e-08 1 -4.19404e-08 0 4.22719e-08 -4.19404e-08 1 0 
0.99998 -0.00428616 -0.00467003 0.0163725 0.00427591 0.999988 -0.00218409 -0.00149806 0.00467942 0.002164 0.999987 0.702717 
0.999958 -0.00379584 -0.0083896 -0.0183923 0.00375974 0.999984 -0.00430447 0.000285625 0.00840589 0.00427266 0.999955 1.38773 
0.999921 -0.00457665 -0.0117399 -0.0596537 0.00451091 0.999974 -0.00561339 -0.0137864 0.0117654 0.0055599 0.999915 2.08477 
0.999861 -0.00310476 -0.0163593 -0.0850394 0.00300764 0.999978 -0.00595325 -0.0195695 0.0163775 0.00590313 0.999848 2.81643 
0.999767 -0.00540222 -0.0208771 -0.131196 0.00527128 0.999966 -0.00631785 -0.0271929 0.0209106 0.00620625 0.999762 3.51653 
0.999691 -0.00183805 -0.0247726 -0.168264 0.00163752 0.999966 -0.00810925 -0.030734 0.0247868 0.00806609 0.99966 4.26606 
0.999556 0.0002002 -0.0297903 -0.191458 -0.00041415 0.999974 -0.00717306 -0.0682703 0.0297881 0.00718213 0.99953 5.01981 
0.999373 0.00157509 -0.0353647 -0.226068 -0.00180533 0.999977 -0.0064771 -0.0664665 0.0353537 0.0065368 0.999353 5.77398 
0.999348 -0.00160152 -0.0360767 -0.325555 0.00151747 0.999996 -0.00235473 -0.071007 0.0360804 0.00229836 0.999346 6.55254 
0.999232 0.000654425 -0.0391893 -0.373583 -0.000704102 0.999999 -0.0012517 -0.0590292 0.0391885 0.00127825 0.999231 7.36983 
0.999139 0.00236703 -0.0414302 -0.422125 -0.00242044 0.999996 -0.00123706 -0.0786708 0.0414272 0.00133619 0.999141 8.17667 
0.999043 0.00191689 -0.043688 -0.457713 -0.00198455 0.999997 -0.00150362 -0.0732646 0.0436851 0.00158879 0.999044 9.01018 
0.998982 -7.72765e-05 -0.045104 -0.51716 -3.90961e-05 0.999997 -0.00257737 -0.0700176 0.0451042 0.00257642 0.998979 9.81815 
0.998836 7.77947e-05 -0.0482273 -0.542831 -0.000169718 0.999998 -0.00190024 -0.068879 0.0482272 0.00190613 0.998834 10.671 
0.998859 -0.00203374 -0.0477046 -0.627574 0.0019793 0.999997 -0.00118664 -0.0916817 0.0477069 0.00109078 0.998861 11.5039 
0.998813 0.000113717 -0.0487138 -0.695703 -0.000287429 0.999994 -0.00355728 -0.107129 0.0487132 0.00356697 0.998806 12.3664 
0.998728 0.000641014 -0.0504189 -0.758012 -0.000991276 0.999975 -0.0069207 -0.101627 0.0504133 0.00696179 0.998704 13.2355 
0.998542 0.00465987 -0.0537777 -0.789876 -0.00520172 0.999937 -0.00993857 -0.0979889 0.0537281 0.0102037 0.998503 14.121 
0.998507 0.00584864 -0.0543108 -0.874687 -0.00639087 0.999931 -0.00981389 -0.111824 0.0542498 0.0101462 0.998476 15.0023 
0.998391 0.0048239 -0.0564941 -0.930942 -0.00533424 0.999946 -0.00888459 -0.121438 0.0564483 0.00917157 0.998363 15.923 
0.998313 0.0051021 -0.0578278 -0.999222 -0.00555563 0.999955 -0.00768344 -0.133806 0.0577861 0.00799167 0.998297 16.8214 
0.998414 0.00423346 -0.0561299 -1.11515 -0.00461321 0.999967 -0.00663626 -0.163805 0.0561001 0.00688459 0.998401 17.7038 
0.998289 0.00459638 -0.0582915 -1.16772 -0.00510869 0.99995 -0.00864137 -0.16131 0.0582489 0.00892429 0.998262 18.6287 
0.998324 0.00327056 -0.0577823 -1.26903 -0.00381622 0.999949 -0.00933417 -0.178687 0.0577489 0.00953895 0.998285 19.4922 
0.998224 0.00380618 -0.0594438 -1.31011 -0.00418185 0.999972 -0.00619524 -0.213845 0.0594186 0.00643274 0.998212 20.4034 
0.998259 0.00661132 -0.0586065 -1.40879 -0.00691553 0.999964 -0.00498802 -0.193159 0.0585714 0.00538454 0.998269 21.2634 
0.998274 0.00684033 -0.058319 -1.46301 -0.00684582 0.999976 0.000107075 -0.224753 0.0583184 0.000292265 0.998298 22.1711 
0.998306 0.00414988 -0.0580331 -1.51542 -0.00402421 0.999989 0.00228365 -0.222841 0.058042 -0.00204633 0.998312 23.1157 
0.998334 0.0049037 -0.0574842 -1.57367 -0.00473093 0.999984 0.0031427 -0.235147 0.0574987 -0.0028656 0.998341 24.0376 
0.998471 0.0048456 -0.0550639 -1.65565 -0.0047954 0.999988 0.00104534 -0.2513 0.0550684 -0.000779774 0.998482 24.9551 
0.998552 0.00480363 -0.0535867 -1.73385 -0.00499375 0.999982 -0.00341312 -0.26914 0.0535694 0.00367569 0.998557 25.8993 
0.998626 0.00377857 -0.0522747 -1.79532 -0.00410033 0.999973 -0.00604759 -0.282934 0.0522506 0.00625353 0.998614 26.8323 
0.998664 0.000807877 -0.0516699 -1.85196 -0.00101927 0.999991 -0.00406347 -0.315028 0.0516662 0.00411062 0.998656 27.76 
0.998669 0.000339929 -0.0515716 -1.92306 -0.000315766 1 0.000478294 -0.313632 0.0515718 -0.000461459 0.998669 28.7238 
0.998581 -0.00339827 -0.0531453 -1.96366 0.00355319 0.99999 0.00282249 -0.299687 0.0531353 -0.00300741 0.998583 29.7543 
0.998499 -0.0106221 -0.0537204 -2.04011 0.0107185 0.999941 0.00150712 -0.302693 0.0537013 -0.00208075 0.998555 30.6939 
0.998489 -0.0114391 -0.0537447 -2.12562 0.0113324 0.999933 -0.00228864 -0.333074 0.0537674 0.00167604 0.998552 31.6682 
0.998422 -0.0108426 -0.0551049 -2.18554 0.0104667 0.99992 -0.00710443 -0.34592 0.0551776 0.00651637 0.998455 32.6757 
0.998284 -0.0104047 -0.0576285 -2.25421 0.00999658 0.999923 -0.00736454 -0.363725 0.0577007 0.00677572 0.998311 33.6469 
0.998297 -0.00887279 -0.057664 -2.34275 0.0085288 0.999944 -0.00620745 -0.37328 0.057716 0.00570499 0.998317 34.5984 
0.998209 -0.00493965 -0.0596242 -2.41756 0.00467989 0.999979 -0.00449405 -0.378473 0.0596452 0.00420688 0.998211 35.6219 
0.998117 -0.00495584 -0.0611335 -2.49374 0.00478623 0.999984 -0.00291932 -0.39887 0.0611471 0.00262114 0.998125 36.6008 
0.998096 -0.00248733 -0.0616202 -2.58363 0.00250016 0.999997 0.000132544 -0.429727 0.0616198 -0.000286438 0.9981 37.5959 
0.998156 -0.00255469 -0.0606487 -2.66499 0.00280105 0.999988 0.00397864 -0.448739 0.0606379 -0.00414127 0.998151 38.5608 
0.99816 0.00301271 -0.0605543 -2.76832 -0.00266177 0.999979 0.00587674 -0.457253 0.0605709 -0.00570483 0.998148 39.5207 
0.998154 0.00386861 -0.0606146 -2.84448 -0.00355167 0.999979 0.00533689 -0.463239 0.0606341 -0.00511184 0.998147 40.5179 
0.998226 0.00481144 -0.0593428 -2.93324 -0.00465102 0.999985 0.00284248 -0.467433 0.0593557 -0.00256152 0.998234 41.5108 
0.998191 0.00760038 -0.059646 -3.01085 -0.00754921 0.999971 0.00108449 -0.490106 0.0596526 -0.000632338 0.998219 42.5029 
0.998228 0.00877869 -0.0588481 -3.10543 -0.008778 0.999961 0.000271574 -0.492532 0.0588483 0.00024539 0.998267 43.4717 
0.998211 0.00586288 -0.0594921 -3.20216 -0.0057913 0.999982 0.00137702 -0.509529 0.0594992 -0.00103011 0.998228 44.4622 
0.998201 0.00658282 -0.0595951 -3.27682 -0.00648511 0.999977 0.00183419 -0.500399 0.0596059 -0.0014445 0.998221 45.4429 
0.998216 0.00976216 -0.0589037 -3.37208 -0.00984543 0.999951 -0.00112222 -0.538576 0.0588899 0.00170006 0.998263 46.3829 
0.998217 0.0110301 -0.058664 -3.46214 -0.0113941 0.999918 -0.00587164 -0.544717 0.0585945 0.0065295 0.99826 47.3415 
0.998194 0.0128519 -0.0586756 -3.54636 -0.0133225 0.999882 -0.00763478 -0.566695 0.0585706 0.00840261 0.998248 48.2803 
0.99824 0.0114361 -0.0581871 -3.62473 -0.0116973 0.999923 -0.00414897 -0.587126 0.0581352 0.00482221 0.998297 49.244 
0.998272 0.00884549 -0.0580905 -3.69466 -0.00893221 0.999959 -0.00123187 -0.601652 0.0580773 0.00174854 0.99831 50.1931 
0.998272 0.00799656 -0.0582069 -3.77025 -0.00808415 0.999966 -0.0012682 -0.611846 0.0581949 0.00173648 0.998304 51.1394 
0.998248 0.00515765 -0.0589422 -3.83068 -0.00528862 0.999984 -0.0020648 -0.633425 0.0589307 0.00237282 0.998259 52.1106 
0.998311 0.003215 -0.0580094 -3.92015 -0.00338829 0.99999 -0.00288772 -0.656137 0.0579996 0.0030793 0.998312 53.0111 
0.998257 0.00151351 -0.0589945 -3.99379 -0.00165839 0.999996 -0.00240555 -0.658891 0.0589907 0.00249911 0.998255 53.9569 
0.998193 -0.000382708 -0.0600889 -4.06372 0.000454082 0.999999 0.00117552 -0.666565 0.0600885 -0.00120076 0.998192 54.9116 
0.998177 -0.000652321 -0.0603567 -4.12743 0.000968601 0.999986 0.00521243 -0.66807 0.0603525 -0.00526147 0.998163 55.8465 
0.998061 0.000510562 -0.0622337 -4.18151 -2.58841e-05 0.99997 0.00778991 -0.6865 0.0622358 -0.00777328 0.998031 56.7852 
0.99803 0.00223414 -0.0626948 -4.26945 -0.00199429 0.99999 0.00388937 -0.703776 0.0627029 -0.00375676 0.998025 57.7427 
0.997924 0.00304404 -0.0643299 -4.34014 -0.00323831 0.99999 -0.00291456 -0.733571 0.0643205 0.00311675 0.997924 58.639 
0.997889 0.00515377 -0.0647301 -4.423 -0.00566874 0.999954 -0.00777328 -0.748552 0.0646871 0.00812373 0.997872 59.5366 
0.997891 0.00965207 -0.0641859 -4.51929 -0.0100444 0.999933 -0.00579108 -0.783926 0.0641257 0.00642349 0.997921 60.4217 
0.997751 0.0130775 -0.0657353 -4.59426 -0.0133498 0.999904 -0.0037039 -0.795061 0.0656806 0.00457304 0.99783 61.3118 
0.997714 0.0140533 -0.0660983 -4.68261 -0.0142062 0.999897 -0.00184226 -0.814282 0.0660657 0.00277697 0.997811 62.1717 
0.997669 0.0179268 -0.0658483 -4.73791 -0.0180826 0.999835 -0.00176958 -0.861601 0.0658058 0.00295608 0.997828 62.8938 
0.997511 0.0201954 -0.06756 -4.81598 -0.0202259 0.999795 0.000234451 -0.898476 0.067551 0.00113251 0.997715 63.7459 
0.997417 0.0213495 -0.0685772 -4.88675 -0.0213668 0.999772 0.00048172 -0.90775 0.0685719 0.000984717 0.997646 64.5799 
0.997306 0.0212024 -0.0702243 -4.96102 -0.0211365 0.999775 0.00168205 -0.937052 0.0702442 -0.000193309 0.99753 65.3973 
0.997224 0.0194041 -0.0718792 -5.01659 -0.0193375 0.999812 0.00162331 -0.919893 0.0718973 -0.00022892 0.997412 66.211 
0.997062 0.0218821 -0.0734034 -5.09071 -0.0216367 0.999757 0.00413857 -0.930863 0.0734762 -0.00253829 0.997294 67.0208 
0.996964 0.0234642 -0.0742399 -5.17588 -0.0229685 0.999708 0.00752468 -0.929265 0.0743948 -0.00579674 0.997212 67.8046 
0.99684 0.0278453 -0.0743997 -5.26909 -0.027183 0.999581 0.00990119 -0.954065 0.0746443 -0.00784758 0.997179 68.5005 
0.996747 0.0308329 -0.0744664 -5.36949 -0.0304511 0.999517 0.00625903 -0.987742 0.0746235 -0.00397117 0.997204 69.2536 
0.996547 0.0313068 -0.0769001 -5.42992 -0.0314533 0.999505 -0.000693378 -1.00771 0.0768404 0.00310966 0.997038 69.9635 
0.996514 0.0314914 -0.0772554 -5.52196 -0.0319528 0.999478 -0.00474188 -1.05359 0.0770658 0.00719379 0.997 70.66 
0.996377 0.0327084 -0.0785047 -5.57656 -0.0331879 0.999437 -0.00480901 -1.08527 0.0783033 0.00739691 0.996902 71.334 
0.996229 0.0343157 -0.0796826 -5.63685 -0.0344325 0.999407 -9.05778e-05 -1.1189 0.0796324 0.00283382 0.99682 72.0204 
0.996172 0.0349164 -0.0801364 -5.71077 -0.0348232 0.99939 0.00256159 -1.14819 0.0801771 0.000238733 0.996781 72.6611 
0.996254 0.0306787 -0.0808471 -5.78041 -0.0308524 0.999523 -0.000899008 -1.15795 0.080781 0.00338988 0.996726 73.2882 
0.996496 0.0223005 -0.0806076 -5.85052 -0.0229176 0.999715 -0.00673657 -1.15103 0.0804345 0.00856021 0.996723 73.884 
0.996566 0.0186988 -0.0806637 -5.88086 -0.0196827 0.999741 -0.0114186 -1.16774 0.0804294 0.0129669 0.996676 74.4945 
0.996674 0.0219432 -0.078481 -5.88565 -0.0228151 0.999687 -0.0102284 -1.22681 0.0782321 0.0119848 0.996863 75.0401 
0.997012 0.0273023 -0.0722664 -5.99625 -0.0278716 0.999588 -0.00688034 -1.24678 0.0720488 0.00887387 0.997362 75.6029 
0.997302 0.0255818 -0.0688096 -6.00794 -0.0259546 0.999653 -0.0045276 -1.24703 0.06867 0.00630122 0.997619 76.1647 
0.997698 0.0214407 -0.0643264 -6.02444 -0.0215524 0.999767 -0.00104275 -1.25053 0.0642891 0.00242665 0.997928 76.7007 
0.998282 0.0168677 -0.056115 -6.04449 -0.016837 0.999858 0.0010228 -1.24333 0.0561244 -7.63196e-05 0.998424 77.2369 
0.998773 0.0197567 -0.045414 -6.07031 -0.0197603 0.999805 0.000370449 -1.24771 0.0454125 0.000527317 0.998968 77.7532 
0.999213 0.0254876 -0.0303757 -6.08637 -0.0254989 0.999675 1.95535e-05 -1.26312 0.0303664 0.000754923 0.999538 78.2449 
0.999461 0.0307656 -0.0114326 -6.11403 -0.0307782 0.999526 -0.000921666 -1.25784 0.0113989 0.00127296 0.999934 78.7278 
0.999517 0.0292563 0.0104632 -6.09974 -0.0292531 0.999572 -0.000469204 -1.26339 -0.0104724 0.000162814 0.999945 79.1961 
0.998965 0.0257181 0.0375152 -6.08117 -0.0257357 0.999669 -1.70639e-05 -1.26638 -0.0375032 -0.000948515 0.999296 79.6535 
0.99744 0.0247774 0.0670718 -6.03126 -0.0249398 0.999688 0.00158334 -1.28622 -0.0670116 -0.00325213 0.997747 80.0933 
0.994696 0.0243494 0.0999305 -5.96813 -0.0246839 0.999693 0.0021106 -1.28732 -0.0998484 -0.00456616 0.994992 80.5363 
0.990189 0.0243509 0.137598 -5.8932 -0.0248371 0.99969 0.00181685 -1.29705 -0.137511 -0.00521662 0.990486 80.9608 
0.983604 0.0239954 0.178737 -5.79174 -0.0246175 0.999696 0.00126252 -1.31198 -0.178652 -0.00564195 0.983896 81.3728 
0.974288 0.0238786 0.224038 -5.69661 -0.0245647 0.999698 0.000275054 -1.31634 -0.223964 -0.0057715 0.97458 81.7525 
0.96143 0.0275631 0.273664 -5.56762 -0.02781 0.999609 -0.00297856 -1.3187 -0.273639 -0.00474699 0.961821 82.1563 
0.944865 0.0283635 0.326228 -5.41813 -0.0278524 0.999592 -0.00623864 -1.33738 -0.326272 -0.00319164 0.94527 82.5129 
0.923529 0.0297824 0.382371 -5.24939 -0.0281646 0.999555 -0.00982908 -1.34548 -0.382494 -0.00169198 0.923956 82.8644 
0.898415 0.0303282 0.4381 -5.03235 -0.0273376 0.99954 -0.0131337 -1.34657 -0.438296 -0.000177157 0.89883 83.2042 
0.867949 0.0324539 0.495591 -4.81676 -0.0275541 0.999472 -0.0171943 -1.34266 -0.495887 0.00126817 0.868386 83.5099 
0.83332 0.0301537 0.551968 -4.57968 -0.0230098 0.999538 -0.0198659 -1.3627 -0.552312 0.00385398 0.833629 83.796 
0.794879 0.0305389 0.605998 -4.32267 -0.0213357 0.999522 -0.0223848 -1.37425 -0.606392 0.00486373 0.795151 84.0807 
0.753048 0.0299784 0.657282 -4.06834 -0.0195002 0.999539 -0.0232475 -1.38046 -0.657676 0.00468933 0.753286 84.3249 
0.708537 0.0301621 0.705028 -3.78308 -0.019819 0.999542 -0.0228443 -1.38674 -0.705395 0.00221304 0.708811 84.5751 
0.660723 0.0286726 0.750082 -3.49524 -0.0182976 0.999588 -0.0220926 -1.41013 -0.750407 0.000872357 0.660976 84.8008 
0.612236 0.0274771 0.790197 -3.19194 -0.0153906 0.999621 -0.0228349 -1.43902 -0.790525 0.00181868 0.612427 84.9885 
0.564083 0.024078 0.825367 -2.87121 -0.00638284 0.999672 -0.0248008 -1.44752 -0.825693 0.00872152 0.564052 85.1643 
0.51626 0.0267709 0.856013 -2.55822 -0.00724275 0.999612 -0.0268938 -1.45986 -0.856401 0.0076843 0.516254 85.306 
0.468107 0.0298396 0.883168 -2.21941 -0.00961342 0.999542 -0.0286762 -1.47449 -0.883619 0.00493326 0.46818 85.4578 
0.424857 0.0309381 0.904732 -1.86505 -0.00914741 0.999511 -0.0298837 -1.5018 -0.905214 0.00442035 0.424933 85.5564 
0.380366 0.0280515 0.924411 -1.50824 -0.000268294 0.999543 -0.0302212 -1.51992 -0.924836 0.0112471 0.3802 85.6772 
0.339699 0.0223928 0.940267 -1.14944 0.0148149 0.999465 -0.029155 -1.51699 -0.940417 0.0238339 0.339186 85.7649 
0.305411 0.0179152 0.952052 -0.791581 0.0206526 0.999463 -0.0254327 -1.53269 -0.951997 0.0274298 0.304877 85.8354 
0.272104 0.0202919 0.962054 -0.44979 0.0149158 0.999568 -0.0253021 -1.57139 -0.962152 0.0212346 0.271684 85.915 
0.240038 0.0293841 0.970319 -0.0708212 0.00394573 0.999504 -0.0312441 -1.58226 -0.970755 0.0113284 0.239803 86.0139 
0.212023 0.0333645 0.976695 0.301442 -0.000946647 0.999423 -0.0339356 -1.61728 -0.977264 0.00627054 0.211933 86.0845 
0.184673 0.0358221 0.982147 0.701169 -0.000579067 0.999339 -0.0363403 -1.64298 -0.9828 0.00614236 0.184572 86.1654 
0.162259 0.0365804 0.98607 1.13678 0.00833225 0.999226 -0.0384396 -1.65634 -0.986713 0.0144534 0.161829 86.2203 
0.142285 0.0429588 0.988893 1.52632 0.0170423 0.998803 -0.0458415 -1.66335 -0.989679 0.0233755 0.141382 86.2461 
0.121438 0.0493762 0.99137 1.95329 0.0219741 0.998383 -0.0524174 -1.67232 -0.992356 0.0281499 0.120157 86.2962 
0.104648 0.0501061 0.993246 2.31157 0.0246186 0.998293 -0.0529546 -1.68574 -0.994204 0.0299939 0.103236 86.3094 
0.0907646 0.0449755 0.994856 2.76409 0.0236217 0.998601 -0.0473 -1.71467 -0.995592 0.0277934 0.0895753 86.3367 
0.0752038 0.0434741 0.99622 3.23953 0.0226033 0.998718 -0.0452895 -1.73318 -0.996912 0.0259238 0.0741247 86.3944 
0.0597873 0.0403091 0.997397 3.76269 0.0281095 0.99872 -0.0420476 -1.75406 -0.997815 0.0305502 0.0585777 86.4493 
0.0493497 0.0397452 0.99799 4.2424 0.0307722 0.998673 -0.0412941 -1.77705 -0.998307 0.0327482 0.0480611 86.4511 
0.0388836 0.0434713 0.998298 4.74942 0.0365124 0.998324 -0.0448947 -1.77146 -0.998576 0.0381959 0.0372312 86.4702 
0.0309878 0.042912 0.998598 5.28804 0.036914 0.998347 -0.0440468 -1.81254 -0.998838 0.0382272 0.0293526 86.478 
0.0270671 0.0417334 0.998762 5.81479 0.038618 0.998339 -0.0427623 -1.85029 -0.998887 0.0397277 0.0254104 86.4816 
0.0219949 0.0430384 0.998831 6.33421 0.0420919 0.998147 -0.0439358 -1.88492 -0.998872 0.0430091 0.0201426 86.4778 
0.0152022 0.0440833 0.998912 6.90081 0.0406858 0.998173 -0.0446699 -1.90524 -0.999056 0.0413207 0.0133809 86.511 
0.0108096 0.0428698 0.999022 7.50569 0.0417927 0.998188 -0.0432863 -1.93925 -0.999068 0.0422197 0.0089984 86.5209 
0.00790727 0.0429145 0.999047 8.06835 0.0440967 0.998092 -0.0432226 -1.97611 -0.998996 0.0443964 0.0059998 86.5393 
0.00422721 0.043608 0.99904 8.71755 0.0419302 0.998162 -0.0437472 -1.98566 -0.999112 0.0420749 0.00239095 86.5553 
0.00228812 0.0436643 0.999044 9.36783 0.0464787 0.997962 -0.0437236 -2.00334 -0.998917 0.0465343 0.000253995 86.5403 
0.000855946 0.0428679 0.99908 10.028 0.0508881 0.997784 -0.042856 -2.04279 -0.998704 0.050878 -0.00132742 86.5607 
0.00254109 0.0430825 0.999068 10.7365 0.0536379 0.997627 -0.0431568 -2.07012 -0.998557 0.0536976 0.000224205 86.5489 
0.00421394 0.0436505 0.999038 11.4271 0.0555866 0.997492 -0.0438175 -2.0938 -0.998445 0.0557178 0.00177698 86.5788 
0.010017 0.0427507 0.999035 12.148 0.0571256 0.997429 -0.0432549 -2.14052 -0.998317 0.0575038 0.00754913 86.5264 
0.0148038 0.042326 0.998994 12.886 0.0567574 0.997457 -0.0431021 -2.17713 -0.998278 0.0573384 0.0123639 86.5363 
0.0179347 0.0416019 0.998973 13.6299 0.0578534 0.997417 -0.0425758 -2.19997 -0.998164 0.0585576 0.0154815 86.5848 
0.022072 0.04088 0.99892 14.4085 0.057381 0.997465 -0.0420884 -2.22185 -0.998108 0.058248 0.0196703 86.6062 
0.0248971 0.0381995 0.99896 15.1804 0.0539073 0.997764 -0.0394974 -2.2764 -0.998235 0.0548346 0.0227822 86.6666 
0.0289389 0.0383969 0.998843 15.9791 0.0529402 0.997801 -0.0398907 -2.30028 -0.998178 0.0540333 0.0268425 86.704 
0.0334013 0.0386742 0.998693 16.7695 0.0510333 0.997881 -0.0403497 -2.34147 -0.998138 0.0523143 0.0313569 86.7404 
0.0373907 0.0415336 0.998437 17.5852 0.049242 0.997845 -0.0433532 -2.40404 -0.998087 0.0507861 0.0352649 86.7613 
0.0376259 0.0465683 0.998206 18.3954 0.0439214 0.997871 -0.0482083 -2.44884 -0.998326 0.0456565 0.0355005 86.8223 
0.0357646 0.0479934 0.998207 19.1838 0.04141 0.997917 -0.0494632 -2.51759 -0.998502 0.0431048 0.0337027 86.8974 
0.0363026 0.0475789 0.998207 19.9956 0.0403757 0.99798 -0.0490366 -2.56146 -0.998525 0.0420835 0.0343083 86.937 
0.0376367 0.0449024 0.998282 20.798 0.0387665 0.998172 -0.0463591 -2.62323 -0.998539 0.0404447 0.0358272 86.9638 
0.0364249 0.0440095 0.998367 21.6078 0.0388584 0.998212 -0.0454205 -2.66851 -0.998581 0.0404493 0.0346497 87.0316 
0.0356141 0.0435844 0.998415 22.4189 0.0363421 0.998331 -0.0448771 -2.71216 -0.998705 0.0378828 0.0339707 87.0913 
0.0363751 0.0447494 0.998336 23.2268 0.0342453 0.998354 -0.045998 -2.74782 -0.998751 0.0358615 0.0347827 87.1217 
0.0356748 0.0443646 0.998378 24.0509 0.0309476 0.998486 -0.0454754 -2.80752 -0.998884 0.0325197 0.0342478 87.1837 
0.0348185 0.0435099 0.998446 24.8638 0.0290196 0.998586 -0.0445281 -2.89289 -0.998972 0.0305249 0.0335067 87.2301 
0.0323928 0.0434456 0.99853 25.6569 0.0261659 0.998675 -0.0443009 -2.93567 -0.999133 0.0275625 0.0312131 87.2734 
0.0279643 0.0413801 0.998752 26.4467 0.0227629 0.998857 -0.0420219 -2.99314 -0.99935 0.0239096 0.0269904 87.3175 
0.0234457 0.0387116 0.998975 27.26 0.0220127 0.998988 -0.0392288 -3.04256 -0.999483 0.0229099 0.0225699 87.3427 
0.018643 0.0370387 0.99914 28.0522 0.0204056 0.999091 -0.0374177 -3.08901 -0.999618 0.0210856 0.0178703 87.3377 
0.011824 0.0363248 0.99927 28.8672 0.0226225 0.999074 -0.0365854 -3.13691 -0.999674 0.0230386 0.0109913 87.3565 
0.00361045 0.0379162 0.999274 29.6522 0.0222772 0.99903 -0.0379875 -3.16931 -0.999745 0.0223982 0.00276228 87.3529 
-0.00686164 0.0394184 0.999199 30.4608 0.0226575 0.998972 -0.039254 -3.2044 -0.99972 0.02237 -0.00774771 87.3611 
-0.0161534 0.0369879 0.999185 31.2359 0.0236174 0.999051 -0.0366012 -3.25521 -0.99959 0.0230069 -0.0170116 87.3432 
-0.0258105 0.0365914 0.998997 32.0564 0.0235731 0.999074 -0.0359853 -3.30057 -0.999389 0.0226207 -0.0266492 87.3143 
-0.0373826 0.0364725 0.998635 32.869 0.0253468 0.999047 -0.0355388 -3.33925 -0.998979 0.0239836 -0.0382714 87.2899 
-0.0479525 0.0377921 0.998134 33.6533 0.0259638 0.998993 -0.0365774 -3.36765 -0.998512 0.0241614 -0.0488855 87.2499 
-0.0592758 0.0376127 0.997533 34.4163 0.0274932 0.998972 -0.0360334 -3.41472 -0.997863 0.0252895 -0.060249 87.2137 
-0.0694801 0.0397812 0.99679 35.1824 0.0269761 0.998914 -0.0379858 -3.43847 -0.997218 0.0242503 -0.0704778 87.1595 
-0.0801993 0.0403828 0.99596 35.9399 0.029382 0.998841 -0.0381337 -3.48413 -0.996346 0.026205 -0.0812929 87.1262 
-0.0894144 0.0422027 0.9951 36.7058 0.030865 0.998739 -0.0395838 -3.50374 -0.995516 0.0271744 -0.0906043 87.0606 
-0.099546 0.0424843 0.994125 37.4521 0.0319164 0.99871 -0.0394844 -3.55004 -0.994521 0.0277984 -0.100774 86.9812 
-0.108919 0.0435623 0.993096 38.2161 0.0323724 0.998665 -0.0402562 -3.57917 -0.993523 0.0277642 -0.110184 86.8925 
-0.117287 0.0437462 0.992134 38.9669 0.0315267 0.99869 -0.0403083 -3.60745 -0.992597 0.026551 -0.118512 86.7908 
-0.124879 0.0418817 0.991288 39.66 0.0344357 0.99869 -0.0378564 -3.65537 -0.991574 0.0294082 -0.126158 86.711 
-0.128667 0.0415269 0.990818 40.382 0.0377206 0.998605 -0.036955 -3.68453 -0.99097 0.0326194 -0.130053 86.6025 
-0.131064 0.0398431 0.990573 41.0913 0.0381438 0.998655 -0.0351214 -3.71655 -0.99064 0.0331811 -0.132407 86.4709 
-0.134218 0.0383983 0.990208 41.7929 0.0413764 0.998595 -0.0331153 -3.76231 -0.990088 0.0365266 -0.135618 86.3877 
-0.137015 0.0379315 0.989842 42.4806 0.0419774 0.998591 -0.0324563 -3.79429 -0.989679 0.037104 -0.138414 86.3182 
-0.138398 0.0383628 0.989633 43.1183 0.0427296 0.99855 -0.0327329 -3.82304 -0.989454 0.0377565 -0.139837 86.2585 
-0.137997 0.0392422 0.989655 43.7673 0.041647 0.998561 -0.0337882 -3.85738 -0.989557 0.0365534 -0.139433 86.1753 
-0.134022 0.0406779 0.990143 44.4371 0.042459 0.998475 -0.0352732 -3.88045 -0.990068 0.0373131 -0.135545 86.076 
-0.127091 0.0413702 0.991028 45.0453 0.0425392 0.998438 -0.0362243 -3.90877 -0.990978 0.0375537 -0.128652 85.9836 
-0.120632 0.0418551 0.991814 45.6305 0.0408511 0.998474 -0.0371676 -3.94186 -0.991856 0.0360332 -0.122158 85.9417 
-0.110551 0.0422772 0.992971 46.311 0.0401551 0.998469 -0.0380408 -3.96806 -0.993059 0.0356674 -0.112079 85.914 
-0.0949124 0.0427747 0.994566 46.8609 0.0389474 0.998471 -0.039226 -3.99613 -0.994723 0.0350127 -0.0964332 85.8496 
-0.0789307 0.0439331 0.995911 47.4075 0.039526 0.998381 -0.0409095 -4.03054 -0.996096 0.0361354 -0.0805394 85.845 
-0.0575231 0.0471835 0.997228 47.9481 0.0376919 0.998273 -0.0450589 -4.0494 -0.997632 0.0349955 -0.0592022 85.8257 
-0.0342356 0.0489214 0.998216 48.4332 0.0355023 0.99823 -0.0477046 -4.09168 -0.998783 0.0338058 -0.0359119 85.8583 
-0.00542256 0.0500127 0.998734 48.9382 0.0325474 0.998228 -0.0498107 -4.13534 -0.999455 0.0322361 -0.00704074 85.8602 
0.0274335 0.0490435 0.99842 49.4595 0.0297929 0.998312 -0.0498569 -4.16665 -0.999179 0.0311136 0.025926 85.9105 
0.0677026 0.0469926 0.996598 50.0224 0.0280235 0.998406 -0.0489817 -4.19396 -0.997312 0.0312444 0.0662779 85.9304 
0.110482 0.0424917 0.992969 50.4791 0.0243613 0.99867 -0.0454463 -4.25243 -0.993579 0.029211 0.1093 86.0014 
0.157202 0.0387309 0.986807 50.9601 0.0209647 0.998875 -0.0425444 -4.27569 -0.987344 0.0273762 0.156213 86.0834 
0.205193 0.0365669 0.978038 51.4478 0.0158328 0.999047 -0.0406742 -4.29003 -0.978593 0.0238312 0.204419 86.2346 
0.257972 0.0335568 0.965569 51.9233 0.00852069 0.999279 -0.0370048 -4.34657 -0.966115 0.0177735 0.2575 86.3832 
0.314271 0.0328918 0.948763 52.3712 0.00673682 0.999297 -0.0368753 -4.37191 -0.949309 0.0179805 0.313828 86.5619 
0.372819 0.0334975 0.927299 52.8211 0.00892349 0.999172 -0.0396816 -4.39621 -0.927861 0.0230688 0.372211 86.7817 
0.433555 0.0414388 0.900174 53.2358 0.00645218 0.998774 -0.0490855 -4.36434 -0.901104 0.0270893 0.432756 87.0277 
0.494366 0.0470813 0.867978 53.653 0.00605125 0.998321 -0.0575981 -4.36538 -0.869233 0.0337269 0.493251 87.2981 
0.552245 0.0542795 0.831913 54.0202 0.00127577 0.997822 -0.0659516 -4.34419 -0.833681 0.0374827 0.550973 87.6119 
0.611009 0.0565123 0.789604 54.378 -0.00419502 0.997666 -0.0681573 -4.37364 -0.791612 0.0383323 0.60982 87.9081 
0.664533 0.0582223 0.744987 54.7465 -0.00884529 0.997503 -0.070067 -4.40147 -0.747206 0.0399722 0.663389 88.2859 
0.713829 0.0557461 0.698098 55.002 -0.0105355 0.997569 -0.0688874 -4.43407 -0.700241 0.0418189 0.712681 88.6403 
0.760393 0.0520655 0.647373 55.2807 -0.0150021 0.997923 -0.0626378 -4.46447 -0.64929 0.0379173 0.759595 89.0244 
0.802982 0.0465419 0.594183 55.5381 -0.0171321 0.998337 -0.0550467 -4.48171 -0.595757 0.0340219 0.802444 89.408 
0.839428 0.0453485 0.541576 55.7189 -0.023123 0.99859 -0.0477766 -4.50748 -0.542979 0.0275821 0.839293 89.8478 
0.871231 0.0422617 0.48905 55.9132 -0.02547 0.998837 -0.0409412 -4.52559 -0.490211 0.0232131 0.871294 90.285 
0.897285 0.0417507 0.439472 56.0744 -0.0297549 0.998973 -0.0341532 -4.54497 -0.440447 0.0175687 0.897607 90.7335 
0.918089 0.0466923 0.393615 56.2289 -0.0365933 0.998781 -0.0331278 -4.5329 -0.394682 0.0160105 0.918678 91.2049 
0.93321 0.0536952 0.355296 56.3303 -0.0459958 0.998488 -0.0300888 -4.55336 -0.356375 0.011737 0.934269 91.6597 
0.945568 0.057865 0.320238 56.4385 -0.0511804 0.998261 -0.0292593 -4.58066 -0.321374 0.0112767 0.946885 92.1109 
0.955057 0.0605004 0.290183 56.5453 -0.0546038 0.998105 -0.0283824 -4.59568 -0.29135 0.0112616 0.95655 92.5655 
0.961724 0.0556717 0.268306 56.665 -0.0502321 0.99837 -0.0271021 -4.61564 -0.269378 0.0125871 0.962952 93.0416 
0.966118 0.0518279 0.252845 56.7762 -0.0468765 0.998573 -0.0255724 -4.63186 -0.253809 0.0128534 0.967169 93.5313 
0.969067 0.0559244 0.240378 56.8773 -0.0510546 0.998346 -0.0264446 -4.64253 -0.241459 0.0133541 0.970319 94.0012 
0.970806 0.0618205 0.231761 56.9613 -0.0573924 0.998018 -0.0258075 -4.65697 -0.232897 0.0117527 0.97243 94.4938 
0.971424 0.0709724 0.226491 57.0424 -0.0664787 0.997411 -0.0274174 -4.67548 -0.227851 0.011577 0.973627 95.0139 
0.971702 0.0778201 0.223022 57.1516 -0.0728438 0.996878 -0.0304668 -4.70557 -0.224697 0.0133589 0.974337 95.5365 
0.971707 0.0794602 0.22242 57.2591 -0.0739655 0.996717 -0.0329401 -4.73228 -0.224307 0.0155566 0.974394 96.0801 
0.971065 0.0783058 0.22561 57.3746 -0.0721576 0.996765 -0.0353832 -4.7701 -0.227651 0.0180799 0.973575 96.612 
0.970269 0.0764852 0.229627 57.4972 -0.0685246 0.996746 -0.0424565 -4.78917 -0.232127 0.0254591 0.972352 97.1683 
0.968861 0.0766639 0.235438 57.6013 -0.0672756 0.996595 -0.0476657 -4.81312 -0.23829 0.0303422 0.97072 97.7529 
0.968007 0.0802605 0.237741 57.7678 -0.0708772 0.99634 -0.0477715 -4.83209 -0.240705 0.0293927 0.970153 98.2886 
0.966602 0.0828932 0.242504 57.9065 -0.0742715 0.996245 -0.0444978 -4.85831 -0.245282 0.0250005 0.969129 98.8554 
0.965915 0.0801777 0.246131 58.0799 -0.0724 0.996553 -0.0405039 -4.88013 -0.24853 0.0213033 0.96839 99.4171 
0.965176 0.0757842 0.250384 58.2379 -0.0693458 0.996998 -0.0344505 -4.91733 -0.252243 0.0158877 0.967533 100.038 
0.96473 0.0729846 0.252923 58.4119 -0.0670623 0.997236 -0.0319703 -4.93708 -0.254557 0.013881 0.966958 100.659 
0.964388 0.0678985 0.255626 58.5819 -0.0617927 0.997581 -0.031852 -4.95897 -0.257171 0.0149218 0.966251 101.295 
0.964704 0.0652416 0.255128 58.7684 -0.0585014 0.997711 -0.0339273 -4.99727 -0.256757 0.0178044 0.966312 101.94 
0.965044 0.0641947 0.254103 58.9381 -0.0553366 0.99759 -0.0418639 -5.02005 -0.256178 0.0263392 0.966271 102.582 
0.965325 0.0665638 0.252422 59.1099 -0.0559532 0.997231 -0.0489916 -5.04148 -0.254984 0.0331689 0.966376 103.236 
0.966389 0.0669053 0.248226 59.2867 -0.0551916 0.997022 -0.0538607 -5.06716 -0.25109 0.0383504 0.967204 103.893 
0.966823 0.0666281 0.246606 59.4366 -0.0561015 0.997198 -0.0494769 -5.10713 -0.249212 0.0340003 0.967852 104.579 
0.967631 0.0625398 0.244497 59.6112 -0.0536183 0.997636 -0.0429837 -5.14027 -0.246607 0.0284828 0.968697 105.277 
0.968247 0.0632494 0.241861 59.7821 -0.0557831 0.997735 -0.0376017 -5.17126 -0.243691 0.0229159 0.969582 105.994 
0.968263 0.0665492 0.240908 59.924 -0.0590863 0.997526 -0.0380791 -5.20679 -0.242847 0.0226361 0.9698 106.73 
0.968583 0.0726718 0.237836 60.0819 -0.0647168 0.997057 -0.0410974 -5.27188 -0.240123 0.0244142 0.970435 107.434 
0.969693 0.0732809 0.233078 60.2558 -0.0643435 0.996879 -0.0457309 -5.31189 -0.235701 0.0293479 0.971382 108.16 
0.971022 0.0700841 0.228482 60.4188 -0.0606814 0.997006 -0.047931 -5.35716 -0.231157 0.0326774 0.972367 108.904 
0.971986 0.0662953 0.225495 60.5663 -0.0572774 0.997284 -0.0463093 -5.40797 -0.227953 0.0320961 0.973143 109.74 
0.972828 0.0625037 0.222932 60.7147 -0.0540966 0.997582 -0.0436274 -5.45475 -0.22512 0.030382 0.973857 110.513 
0.973623 0.0603106 0.220047 60.8986 -0.0524417 0.997764 -0.0414339 -5.4912 -0.222054 0.0288013 0.974609 111.311 
0.974246 0.0567017 0.218243 61.0745 -0.0493255 0.998017 -0.0391041 -5.52799 -0.220027 0.027332 0.975111 112.098 
0.974409 0.0522219 0.218631 61.2342 -0.0449887 0.998267 -0.0379366 -5.5635 -0.220233 0.0271298 0.97507 112.901 
0.974644 0.0524379 0.217528 61.386 -0.0456988 0.99831 -0.0359003 -5.61134 -0.219043 0.0250492 0.975393 113.672 
0.974439 0.0576892 0.217118 61.5684 -0.0506786 0.998002 -0.0377256 -5.65149 -0.218861 0.025758 0.975416 114.482 
0.973997 0.0639117 0.217359 61.728 -0.0563947 0.997582 -0.0406194 -5.69485 -0.219429 0.0273052 0.975246 115.297 
0.973226 0.0731076 0.217915 61.8988 -0.065426 0.996962 -0.0422701 -5.74097 -0.220343 0.026881 0.975052 116.122 
0.972073 0.0791891 0.220914 62.0869 -0.0715211 0.996533 -0.0425096 -5.78626 -0.223514 0.0255223 0.974366 116.99 
0.971361 0.0813489 0.223249 62.2634 -0.073873 0.996397 -0.0416514 -5.80402 -0.225833 0.0239664 0.973871 117.826 
0.970681 0.0828645 0.225638 62.4394 -0.0753419 0.996283 -0.0417642 -5.85778 -0.22826 0.0235396 0.973315 118.646 
0.970328 0.0822135 0.227387 62.6267 -0.0737226 0.996236 -0.0456009 -5.88463 -0.23028 0.0274842 0.972736 119.496 
0.970833 0.0755691 0.227535 62.836 -0.0672073 0.996756 -0.0442874 -5.93007 -0.230144 0.0277036 0.972762 120.32 
0.97128 0.0687579 0.227788 63.0398 -0.0599224 0.997166 -0.0454886 -5.98397 -0.23027 0.0305325 0.972648 121.168 
0.970923 0.0690045 0.229231 63.2251 -0.0601984 0.997163 -0.0451977 -6.03735 -0.2317 0.0300841 0.972322 122.007 
0.970167 0.0724386 0.231364 63.3906 -0.0644263 0.997038 -0.0420111 -6.08796 -0.233722 0.0258518 0.97196 122.837 
0.969564 0.0734044 0.233574 63.5638 -0.066519 0.99709 -0.0372323 -6.12558 -0.235627 0.020562 0.971626 123.669 
0.969025 0.0774582 0.234502 63.7439 -0.0714975 0.996867 -0.033828 -6.16325 -0.236387 0.0160138 0.971527 124.515 
0.969298 0.0750809 0.234147 63.9483 -0.0675395 0.996911 -0.0400742 -6.21809 -0.236432 0.0230296 0.971375 125.347 
0.969651 0.0726439 0.233453 64.1369 -0.0618624 0.996666 -0.0531879 -6.28267 -0.236538 0.0371317 0.970912 126.158 
0.97011 0.0696652 0.23245 64.3247 -0.0566689 0.996458 -0.0621355 -6.33838 -0.235955 0.0471055 0.970621 126.956 
0.970596 0.0661915 0.231433 64.5158 -0.0553389 0.997056 -0.0530818 -6.38198 -0.234266 0.0387137 0.971401 127.782 
0.971039 0.0605579 0.231121 64.7065 -0.0546811 0.997999 -0.0317554 -6.43888 -0.232581 0.0181977 0.972407 128.619 
0.971361 0.0568515 0.230705 64.8947 -0.0545045 0.998376 -0.0165397 -6.48608 -0.231271 0.00349148 0.972883 129.443 
0.971248 0.0624671 0.22973 65.0734 -0.0588433 0.998011 -0.0225984 -6.52577 -0.230685 0.00843053 0.972992 130.243 
0.971331 0.0697342 0.227271 65.2354 -0.0624863 0.997286 -0.0389407 -6.54836 -0.22937 0.0236229 0.973053 131.081 
0.971885 0.0690623 0.2251 65.4144 -0.0600647 0.997107 -0.0465866 -6.59453 -0.227666 0.0317562 0.973221 131.878 
0.972469 0.0653706 0.223674 65.5713 -0.0561136 0.997294 -0.0475022 -6.63829 -0.226174 0.0336433 0.973506 132.68 
0.972826 0.0672248 0.221565 65.7457 -0.0585406 0.997246 -0.0455397 -6.69011 -0.224016 0.0313316 0.974082 133.495 
0.973702 0.0668896 0.217784 65.9138 -0.0579725 0.997207 -0.0470877 -6.73558 -0.220326 0.0332238 0.97486 134.296 
0.974802 0.0681328 0.21241 66.0515 -0.0594863 0.997129 -0.0468427 -6.79272 -0.214992 0.0330269 0.976057 135.028 
0.975205 0.0737472 0.208654 66.2146 -0.0654977 0.996783 -0.0461838 -6.85509 -0.211389 0.0313722 0.976898 135.806 
0.975467 0.0785292 0.20566 66.3735 -0.0705733 0.996457 -0.0457507 -6.9084 -0.208524 0.0301141 0.977553 136.605 
0.975858 0.0796319 0.203369 66.5262 -0.0720956 0.996417 -0.0442132 -6.95311 -0.206161 0.0284837 0.978103 137.41 
0.976233 0.0787068 0.201925 66.6931 -0.0722655 0.996619 -0.0390878 -7.00473 -0.204319 0.0235665 0.978621 138.207 
0.97682 0.0769603 0.19975 66.8246 -0.0706015 0.996751 -0.0387753 -7.05628 -0.202085 0.0237738 0.979079 138.96 
0.977172 0.0770527 0.197984 66.9469 -0.0703973 0.996699 -0.0404487 -7.11626 -0.200447 0.0255878 0.97937 139.749 
0.978537 0.0708944 0.193493 67.0927 -0.0636548 0.997028 -0.043388 -7.15969 -0.195994 0.0301399 0.980142 140.561 
0.980176 0.0662711 0.186716 67.2402 -0.0590289 0.997282 -0.0440899 -7.19784 -0.18913 0.0321942 0.981424 141.345 
0.981346 0.0645284 0.181096 67.3466 -0.0582904 0.997515 -0.0395657 -7.21419 -0.183199 0.0282714 0.982669 142.07 
0.982574 0.0620942 0.175194 67.4678 -0.0575772 0.997867 -0.0307549 -7.25656 -0.17673 0.0201317 0.984053 142.819 
0.983186 0.0589364 0.172834 67.5904 -0.0561104 0.998199 -0.0211956 -7.30196 -0.173772 0.0111414 0.984723 143.636 
0.983225 0.0667799 0.169731 67.6854 -0.0645811 0.997742 -0.0184494 -7.33661 -0.170579 0.00717841 0.985318 144.405 
0.984105 0.0677965 0.164137 67.8037 -0.0652758 0.997652 -0.0207092 -7.40053 -0.165156 0.00966578 0.98622 145.187 
0.985605 0.0688334 0.154416 67.9542 -0.0647994 0.997416 -0.0310135 -7.42276 -0.156151 0.0205609 0.987519 145.969 
0.987063 0.0644021 0.146829 68.0823 -0.0597617 0.99757 -0.0358047 -7.45002 -0.148778 0.0265667 0.988514 146.78 
0.987983 0.0640211 0.140677 68.1737 -0.0597853 0.997627 -0.0341377 -7.49151 -0.142529 0.0253169 0.989467 147.593 
0.988573 0.0712843 0.13282 68.2659 -0.0678491 0.997238 -0.0302185 -7.52749 -0.134607 0.0208614 0.990679 148.411 
0.98926 0.0765502 0.124515 68.3394 -0.0731453 0.996817 -0.0316985 -7.56786 -0.126545 0.0222503 0.991711 149.222 
0.990531 0.0787551 0.112449 68.4352 -0.0750283 0.996494 -0.0370045 -7.59889 -0.114969 0.0282172 0.992968 150.007 
0.99135 0.0775911 0.10585 68.4774 -0.0737155 0.996475 -0.0400543 -7.62661 -0.108585 0.031905 0.993575 150.802 
0.992121 0.0791414 0.0971246 68.5552 -0.0758613 0.996431 -0.0370199 -7.66525 -0.0997077 0.0293602 0.994583 151.592 
0.992609 0.0810195 0.0903453 68.5935 -0.0786612 0.996469 -0.0293724 -7.69789 -0.0924059 0.0220486 0.995477 152.411 
0.992664 0.0878951 0.0830227 68.6154 -0.0861446 0.995983 -0.0244443 -7.72847 -0.0848377 0.0171129 0.996248 153.232 
0.993467 0.0859867 0.075035 68.6663 -0.0847504 0.996211 -0.019515 -7.77243 -0.0764286 0.0130282 0.99699 154.069 
0.99374 0.0870092 0.0700665 68.6882 -0.086031 0.99615 -0.0168676 -7.80114 -0.0712642 0.010734 0.9974 154.874 
0.994159 0.0856834 0.0656236 68.7335 -0.0845488 0.996221 -0.0198829 -7.81378 -0.0670791 0.0142183 0.997646 155.695 
0.993749 0.0932238 0.0614202 68.7431 -0.0918727 0.99547 -0.0244739 -7.86425 -0.0634235 0.018678 0.997812 156.505 
0.993329 0.0996474 0.0580308 68.7551 -0.0980011 0.994717 -0.0305642 -7.90242 -0.0607697 0.0246731 0.997847 157.314 
0.993494 0.0998202 0.0548294 68.7728 -0.098125 0.994634 -0.0327931 -7.9281 -0.0578085 0.0271995 0.997957 158.133 
0.993676 0.0995397 0.0519545 68.7984 -0.0982105 0.994784 -0.0275465 -7.93308 -0.0544255 0.0222697 0.998269 158.972 
0.993439 0.102589 0.0505338 68.8132 -0.1018 0.994643 -0.0179586 -7.96071 -0.0521054 0.0126963 0.998561 159.805 
0.993429 0.103857 0.0480816 68.8376 -0.103514 0.994582 -0.00958573 -8.00032 -0.0488165 0.00454554 0.998797 160.633 
0.993801 0.102601 0.0428082 68.8526 -0.10217 0.994693 -0.0121525 -8.03348 -0.0438277 0.00770334 0.999009 161.47 
0.995244 0.0899918 0.0372946 68.879 -0.089234 0.995778 -0.0215164 -8.06444 -0.0390734 0.018086 0.999073 162.273 
0.995682 0.0881249 0.0291904 68.9117 -0.0873841 0.995842 -0.0257528 -8.08489 -0.0313384 0.0230907 0.999242 163.085 
0.995523 0.0918688 0.0222417 68.9031 -0.0913446 0.995541 -0.0235424 -8.12313 -0.0243052 0.0214052 0.999475 163.919 
0.995809 0.0903767 0.0140442 68.9088 -0.0901273 0.995777 -0.0174849 -8.13963 -0.015565 0.0161457 0.999748 164.734 
0.996393 0.0845926 0.00673493 68.9064 -0.0844957 0.996331 -0.0135745 -8.16244 -0.00785844 0.0129564 0.999885 165.578 
0.997137 0.0756114 0.000853077 68.9013 -0.0756009 0.997098 -0.00891778 -8.18357 -0.0015248 0.00882768 0.99996 166.419 
0.997376 0.0722063 -0.00514178 68.8844 -0.072247 0.997353 -0.00819601 -8.20943 0.00453645 0.00854591 0.999953 167.243 
0.997443 0.070348 -0.0125518 68.8848 -0.0705215 0.997413 -0.013958 -8.24061 0.0115375 0.0148074 0.999824 168.058 
0.997892 0.0620166 -0.0191271 68.8516 -0.0624415 0.997795 -0.0224744 -8.27102 0.0176912 0.0236212 0.999564 168.89 
0.998305 0.0516447 -0.0268103 68.8376 -0.0523386 0.998295 -0.0258558 -8.29692 0.0254293 0.0272152 0.999306 169.725 
0.997952 0.0553417 -0.0320743 68.7871 -0.0559823 0.998243 -0.0194277 -8.30379 0.0309428 0.0211835 0.999297 170.556 
0.997188 0.0648499 -0.037557 68.7351 -0.0650915 0.997865 -0.00524213 -8.33073 0.037137 0.00767194 0.999281 171.397 
0.996774 0.0686226 -0.0416335 68.6761 -0.068563 0.997643 0.0028618 -8.35769 0.0417318 1.869e-06 0.999129 172.232 
0.996678 0.0677914 -0.0451393 68.6216 -0.0678526 0.997695 0.000180199 -8.36505 0.0450476 0.00288314 0.998981 173.059 
0.996406 0.0702134 -0.0473808 68.5718 -0.0707714 0.99744 -0.0101999 -8.37717 0.0465435 0.0135164 0.998825 173.881 
0.995503 0.0797846 -0.0510669 68.5018 -0.0808762 0.99653 -0.019674 -8.40047 0.0493201 0.0237156 0.998501 174.706 
0.995567 0.0766343 -0.0545359 68.4464 -0.078011 0.996674 -0.0235735 -8.41262 0.0525481 0.0277233 0.998233 175.564 
0.995964 0.0697893 -0.0564407 68.3919 -0.0710028 0.99728 -0.019784 -8.41246 0.0549065 0.0237115 0.99821 176.411 
0.995927 0.069166 -0.0578442 68.3453 -0.0699486 0.997483 -0.0116131 -8.42789 0.0568954 0.0156118 0.998258 177.279 
0.995832 0.0715054 -0.056624 68.2612 -0.071921 0.997396 -0.00533042 -8.46237 0.0560955 0.00938057 0.998381 178.138 
0.995835 0.0701638 -0.0582112 68.206 -0.0706426 0.997482 -0.00620508 -8.47607 0.0576294 0.0102914 0.998285 178.979 
0.995959 0.066229 -0.0606493 68.1367 -0.0673617 0.997587 -0.0168219 -8.47718 0.0593889 0.0208392 0.998017 179.836 
0.996447 0.0549734 -0.0638001 68.0896 -0.0567937 0.998019 -0.0270751 -8.51612 0.0621853 0.0306023 0.997595 180.678 
0.996788 0.0446166 -0.0665003 68.0447 -0.0467289 0.99844 -0.0305507 -8.5392 0.0650336 0.03356 0.997319 181.526 
0.996605 0.0467566 -0.0677713 67.9758 -0.0485615 0.998501 -0.025233 -8.57807 0.06649 0.0284383 0.997382 182.388 
0.996164 0.0527591 -0.0698041 67.9177 -0.053923 0.998434 -0.0148936 -8.60333 0.0689091 0.0186004 0.997449 183.236 
0.996133 0.0529449 -0.0701091 67.8226 -0.0538531 0.998487 -0.0111253 -8.63467 0.0694141 0.0148578 0.997477 184.083 
0.99608 0.0515665 -0.0718671 67.7678 -0.0528644 0.998469 -0.0162736 -8.64981 0.070918 0.020009 0.997281 184.926 
0.996107 0.0512481 -0.0717201 67.6937 -0.0528906 0.998375 -0.0211901 -8.68265 0.0705177 0.0249008 0.9972 185.775 
0.995605 0.0603938 -0.0715802 67.6214 -0.0619774 0.997875 -0.0201092 -8.72272 0.0702137 0.0244571 0.997232 186.589 
0.995315 0.0645571 -0.0719734 67.5438 -0.0659821 0.997666 -0.0175964 -8.74602 0.0706695 0.0222628 0.997251 187.428 
0.994988 0.0681176 -0.0732041 67.4691 -0.0693892 0.997477 -0.0149669 -8.76796 0.0720001 0.0199714 0.997205 188.257 
0.994768 0.0715338 -0.0729346 67.3949 -0.0726921 0.997265 -0.0133489 -8.78432 0.0717803 0.0185807 0.997247 189.071 
0.994716 0.0712904 -0.0738727 67.3227 -0.072449 0.997286 -0.0131189 -8.81417 0.0727371 0.0184015 0.997181 189.893 
0.995005 0.0671698 -0.0738414 67.2432 -0.0685432 0.997516 -0.0162207 -8.84882 0.0725686 0.0212009 0.997138 190.7 
