1 -4.23778e-08 4.22719e-08 0 -4.23778e-08 1 -4.19404e-08 0 4.22719e-08 -4.19404e-08 1 0 
1 0.000397124 -0.000469928 -0.0623813 -0.000396086 0.999997 0.0023875 -0.0145472 0.000470959 -0.00238739 0.999997 1.43855 
0.999996 -0.00118774 0.00239247 -0.200151 0.0011783 0.999992 0.00390959 -0.055321 -0.00239701 -0.00390684 0.999989 2.91033 
0.999994 -0.00161282 -0.00289111 -0.137014 0.00162372 0.999991 0.00380175 -0.0527599 0.00288504 -0.00380651 0.999989 4.44435 
0.999982 -0.00212889 -0.00550538 -0.111408 0.00213687 0.999997 0.00145966 -0.0368492 0.00550234 -0.00147148 0.999984 6.02026 
0.999956 -0.00461786 -0.00813258 -0.0914356 0.00463597 0.999987 0.00221941 -0.0573377 0.00812231 -0.0022571 0.999964 7.5406 
0.999958 -0.00324054 -0.00854989 -0.171844 0.00325501 0.999993 0.00168881 -0.0704587 0.00854444 -0.00171665 0.999962 9.04758 
0.999953 -0.00301468 -0.00922595 -0.232793 0.00300913 0.999995 -0.000606052 -0.0633386 0.00922782 0.000578177 0.999957 10.4449 
0.999947 -0.00514037 -0.00896107 -0.293985 0.0051403 0.999987 -2.22601e-05 -0.101176 0.00896115 -2.38882e-05 0.99996 11.9086 
0.999941 -0.00304118 -0.0104512 -0.315989 0.00304425 0.999995 0.000285955 -0.145386 0.0104503 -0.000317839 0.999945 13.3805 
0.99994 -0.00312941 -0.0104543 -0.360107 0.00313146 0.999995 0.000187873 -0.166537 0.0104538 -0.000220684 0.999945 14.7933 
0.999921 -0.000773097 -0.012525 -0.345814 0.000795387 0.999998 0.00178145 -0.209291 0.0125237 -0.00179136 0.99992 16.1583 
0.999922 -0.00264341 -0.0122328 -0.406421 0.00265443 0.999996 0.000891797 -0.211036 0.0122305 -0.000924282 0.999925 17.6716 
0.999889 -0.00154109 -0.0148306 -0.429758 0.00158037 0.999995 0.00264255 -0.242465 0.0148265 -0.00266578 0.999886 19.1508 
0.999876 -0.00133786 -0.015685 -0.446278 0.00136721 0.999997 0.00186576 -0.238703 0.0156825 -0.00188705 0.999875 20.5859 
0.999824 -0.00398266 -0.0183326 -0.454855 0.00404264 0.999986 0.00324044 -0.309993 0.0183196 -0.00331406 0.999827 21.9289 
0.999788 -0.0033261 -0.0203141 -0.459919 0.00339151 0.999989 0.00319056 -0.312774 0.0203034 -0.00325887 0.999788 23.3069 
0.999772 -0.000860421 -0.0213254 -0.445635 0.00094557 0.999992 0.00398701 -0.315461 0.0213219 -0.00400635 0.999765 24.8647 
0.999752 -0.000550396 -0.0222421 -0.496898 0.000619193 0.999995 0.00309008 -0.342079 0.0222404 -0.00310317 0.999748 26.2789 
0.99977 -0.00234718 -0.0213055 -0.571186 0.0023496 0.999997 9.23488e-05 -0.346446 0.0213053 -0.000142472 0.999773 27.7044 
0.999747 -0.00367589 -0.0221788 -0.586914 0.00368102 0.999993 0.00019436 -0.382059 0.022178 -0.000276036 0.999754 28.9709 
0.999737 -0.00632725 -0.0220239 -0.644362 0.0063942 0.999975 0.00297479 -0.436521 0.0220046 -0.00311491 0.999753 30.2748 
0.999756 -0.00746664 -0.0207773 -0.716737 0.00755519 0.999963 0.00419056 -0.45431 0.0207454 -0.0043466 0.999775 31.6763 
0.999789 -0.00782236 -0.0189646 -0.837485 0.00790864 0.999959 0.00448315 -0.500491 0.0189288 -0.00463228 0.99981 33.0336 
0.999764 -0.00919322 -0.0196856 -0.863786 0.00923897 0.999955 0.00223895 -0.548282 0.0196643 -0.00242039 0.999804 34.1492 
0.99981 -0.00548195 -0.0187248 -0.916295 0.00549177 0.999985 0.00047715 -0.526246 0.018722 -0.000579977 0.999824 35.5361 
0.99979 -0.00647911 -0.0194587 -0.920411 0.00647884 0.999979 -7.2832e-05 -0.556012 0.0194589 -5.33383e-05 0.999811 36.8993 
0.999756 -0.0070661 -0.0209331 -0.915258 0.00707932 0.999975 0.00056139 -0.563737 0.0209287 -0.00070953 0.999781 38.2332 
0.999781 -0.0071012 -0.019703 -0.942633 0.00717227 0.999968 0.00354285 -0.585182 0.0196773 -0.00368348 0.9998 39.5464 
0.999772 -0.00993859 -0.0188965 -0.957246 0.0100189 0.999941 0.00416415 -0.613739 0.0188541 -0.00435261 0.999813 40.7469 
0.999794 -0.00768181 -0.018791 -0.917408 0.0077733 0.999958 0.00480534 -0.609243 0.0187534 -0.0049505 0.999812 41.9267 
0.999798 -0.00686086 -0.0188888 -0.85301 0.00697605 0.999957 0.00604354 -0.647774 0.0188466 -0.00617417 0.999803 43.0947 
0.999834 -0.0072342 -0.0167157 -0.863232 0.00727987 0.99997 0.00267832 -0.632333 0.0166959 -0.00279965 0.999857 44.3447 
0.999883 -0.00713906 -0.0135404 -0.890172 0.00716613 0.999972 0.00195732 -0.662533 0.0135261 -0.0020542 0.999906 45.5006 
0.999982 0.00193328 -0.00563 -1.03976 -0.00191292 0.999991 0.00363502 -0.690384 0.00563707 -0.00362427 0.999977 46.3286 
0.999992 0.00319198 -0.00227709 -1.02603 -0.00318291 0.999987 0.00401569 -0.695053 0.00228996 -0.00400849 0.999989 47.5387 
0.999969 0.00589805 0.00518331 -1.14984 -0.00591358 0.999978 0.00297059 -0.655541 -0.00516559 -0.00300123 0.999982 48.1816 
0.999915 0.00617796 0.011478 -1.14218 -0.00621973 0.999974 0.0035999 -0.683379 -0.0114553 -0.00367107 0.999928 49.3142 
0.999789 0.00441428 0.0200484 -1.12996 -0.0044882 0.999983 0.00363927 -0.680748 -0.0200319 -0.00372856 0.999792 50.574 
0.999527 0.0075372 0.0298064 -1.11385 -0.00767492 0.99996 0.00450584 -0.701817 -0.0297712 -0.00473255 0.999545 51.6604 
0.999131 0.00959649 0.0405523 -1.04948 -0.00977015 0.999944 0.00408443 -0.672609 -0.0405108 -0.00447716 0.999169 52.511 
0.998462 0.0092671 0.0546545 -0.98071 -0.0095518 0.999942 0.00494865 -0.710446 -0.0546054 -0.00546317 0.998493 53.6342 
0.997482 0.0102336 0.0701831 -0.911128 -0.0106519 0.999928 0.00558663 -0.713836 -0.0701208 -0.00632023 0.997518 54.7679 
0.995982 0.010207 0.0889688 -0.850645 -0.0107732 0.999925 0.00588484 -0.712068 -0.0889019 -0.00681975 0.996017 55.8976 
0.994002 0.0116211 0.10874 -0.742824 -0.0121407 0.999918 0.00411696 -0.705026 -0.108683 -0.00541253 0.994062 57.0371 
0.991506 0.00876883 0.129768 -0.637484 -0.00928343 0.999951 0.00336051 -0.742152 -0.129732 -0.00453673 0.991539 58.1061 
0.988531 0.00555924 0.150913 -0.477733 -0.00597348 0.999979 0.00229104 -0.72747 -0.150898 -0.00316632 0.988544 59.2086 
0.985128 0.000613775 0.171819 -0.287932 -0.00149756 0.999986 0.00501356 -0.748526 -0.171814 -0.00519639 0.985116 60.3136 
0.98094 -0.00624708 0.194212 -0.0898218 0.00520944 0.999969 0.00585265 -0.770174 -0.194242 -0.00472944 0.980942 61.2704 
0.975963 -0.0109737 0.21766 0.135227 0.0100577 0.999935 0.00531536 -0.787931 -0.217704 -0.0029985 0.97601 62.2747 
0.96998 -0.0174002 0.24256 0.375209 0.0170954 0.999848 0.00336098 -0.789616 -0.242581 0.000886505 0.970131 63.2359 
0.963003 -0.0224941 0.268551 0.647574 0.0224161 0.999743 0.00335661 -0.794938 -0.268557 0.00278737 0.96326 64.1598 
0.955384 -0.0231016 0.294461 0.935328 0.021956 0.999733 0.00719581 -0.82173 -0.294548 -0.000409647 0.955636 65.1384 
0.946243 -0.0272489 0.322308 1.26035 0.0250641 0.999626 0.0109271 -0.838326 -0.322485 -0.00226135 0.946572 66.0574 
0.936005 -0.0308318 0.350633 1.61713 0.0285853 0.999524 0.011582 -0.877853 -0.350823 -0.000817893 0.936441 66.9692 
0.924947 -0.0322579 0.378725 2.00685 0.0327889 0.999449 0.00504881 -0.850206 -0.378679 0.00774803 0.925495 67.848 
0.912916 -0.0339065 0.406737 2.37437 0.0363931 0.999336 0.00162283 -0.890112 -0.406522 0.0133209 0.913544 68.6913 
0.900062 -0.0366227 0.43422 2.85579 0.0407493 0.999169 -0.000195009 -0.91752 -0.433852 0.0178696 0.900807 69.4761 
0.884901 -0.037754 0.464246 3.2851 0.0412869 0.999144 0.00255621 -0.907421 -0.463945 0.0169052 0.885703 70.3513 
0.868203 -0.0367059 0.49485 3.72449 0.0382573 0.999243 0.00699779 -0.912107 -0.494732 0.0128561 0.86895 71.1457 
0.849559 -0.0393365 0.526025 4.20399 0.0388519 0.999173 0.0119707 -0.941634 -0.526061 0.0102672 0.850385 71.9064 
0.831294 -0.0328357 0.554863 4.79718 0.0345729 0.999375 0.0073438 -0.930176 -0.554757 0.0130783 0.831909 72.7061 
0.809949 -0.0263585 0.585907 5.31476 0.0334132 0.999441 -0.00122782 -0.921106 -0.585547 0.0205715 0.810377 73.442 
0.786967 -0.0246189 0.616504 5.82962 0.0323458 0.999476 -0.00137749 -0.947695 -0.616147 0.0210253 0.78735 74.1691 
0.763713 -0.0250196 0.645071 6.41656 0.0317313 0.999496 0.00119881 -0.945489 -0.644776 0.0195533 0.764122 74.9103 
0.740353 -0.0262423 0.671706 7.04593 0.0329887 0.999452 0.00268641 -0.959203 -0.671408 0.0201698 0.740813 75.5939 
0.715136 -0.0240031 0.698573 7.66296 0.0340964 0.999418 -0.000564733 -0.956846 -0.698153 0.0242226 0.715539 76.2678 
0.691152 -0.0216776 0.722384 8.33928 0.0346702 0.999394 -0.00318112 -0.9688 -0.721877 0.0272438 0.691485 76.8842 
0.663845 -0.020325 0.747594 8.99486 0.0342514 0.999408 -0.00324344 -0.986836 -0.747085 0.0277592 0.664148 77.4991 
0.636634 -0.0200607 0.770905 9.71708 0.0352959 0.999372 -0.00314247 -1.01387 -0.770358 0.0292104 0.636942 78.1105 
0.609227 -0.0139302 0.792874 10.4511 0.0338518 0.999391 -0.00845254 -1.02192 -0.792273 0.0319896 0.609327 78.6523 
0.578479 -0.00477818 0.815683 11.1675 0.0335199 0.999277 -0.0179186 -1.0417 -0.815008 0.0377072 0.578221 79.2117 
0.549981 0.00389916 0.835168 11.858 0.0319244 0.99916 -0.025688 -1.04211 -0.834567 0.0407901 0.549394 79.6047 
0.518212 0.00603684 0.855231 12.6455 0.0316949 0.999153 -0.0262578 -1.0996 -0.854664 0.0407136 0.517582 80.088 
0.484858 0.007272 0.874563 13.3855 0.0281481 0.999318 -0.0239148 -1.11823 -0.87414 0.0362125 0.484322 80.5438 
0.452963 0.00434058 0.891518 14.2833 0.0269951 0.999463 -0.018582 -1.16325 -0.89112 0.0324836 0.452603 81.0093 
0.417545 0.00569893 0.908638 15.0095 0.0213467 0.999643 -0.0160792 -1.20937 -0.908405 0.0261102 0.417274 81.448 
0.3844 0.00864575 0.923126 15.8752 0.0159572 0.999744 -0.0160082 -1.22667 -0.923029 0.0208841 0.384164 81.7775 
0.349342 0.0100093 0.936942 16.7349 0.010832 0.999833 -0.01472 -1.25096 -0.936932 0.0152913 0.349175 82.1209 
0.315242 0.00766801 0.94898 17.6789 0.00903599 0.999898 -0.0110812 -1.30402 -0.948968 0.0120682 0.31514 82.4027 
0.279805 0.00849072 0.960019 18.5976 0.0059401 0.999926 -0.0105751 -1.30687 -0.960038 0.00866155 0.279734 82.6729 
0.241916 0.00858126 0.970259 19.5844 0.00936913 0.999894 -0.0111795 -1.28281 -0.970252 0.011795 0.24181 83.0111 
0.20771 0.00713826 0.978164 20.5559 0.0118439 0.999882 -0.00981185 -1.29336 -0.978119 0.0136233 0.207601 83.2088 
0.173178 0.007663 0.984861 21.515 0.0215024 0.999702 -0.0115596 -1.279 -0.984656 0.0231787 0.172962 83.3749 
0.141516 0.0114758 0.989869 22.4912 0.0226712 0.999633 -0.0148302 -1.30173 -0.989676 0.0245402 0.141204 83.4968 
0.111413 0.0150122 0.993661 23.4108 0.0236924 0.999561 -0.017758 -1.34331 -0.993492 0.0255206 0.111008 83.5588 
0.0827385 0.0179634 0.996409 24.386 0.0314105 0.999294 -0.0206238 -1.36809 -0.996076 0.0330041 0.0821159 83.6421 
0.057304 0.0156054 0.998235 25.2736 0.0332669 0.999293 -0.0175317 -1.40548 -0.997802 0.0342128 0.0567444 83.7126 
0.0350175 0.0128244 0.999304 26.2265 0.034987 0.999289 -0.0140503 -1.42972 -0.998774 0.0354547 0.034544 83.757 
0.0175271 0.00988289 0.999797 27.2261 0.0338071 0.999373 -0.0104714 -1.46423 -0.999275 0.0339838 0.017182 83.7589 
-0.000679074 0.0124438 0.999922 28.2384 0.035983 0.999275 -0.0124113 -1.49931 -0.999352 0.0359718 -0.00112635 83.7786 
-0.0155598 0.0164774 0.999743 29.2263 0.0370537 0.999187 -0.0158916 -1.5119 -0.999192 0.0367969 -0.0161577 83.7874 
-0.0288853 0.0199257 0.999384 30.1725 0.0433002 0.998888 -0.0186644 -1.55841 -0.998644 0.0427345 -0.029716 83.7789 
-0.0416093 0.0233 0.998862 31.1369 0.0471468 0.99866 -0.0213314 -1.59171 -0.998021 0.0462056 -0.042652 83.8006 
-0.0481892 0.0303389 0.998377 32.1173 0.0527723 0.99822 -0.027787 -1.60116 -0.997443 0.0513476 -0.0497045 83.7915 
-0.051316 0.0337565 0.998112 33.1203 0.0573422 0.997879 -0.0308005 -1.67415 -0.997035 0.0556534 -0.0531429 83.7351 
-0.0532262 0.0351799 0.997963 34.0528 0.0594999 0.997715 -0.0319978 -1.75389 -0.996808 0.0576755 -0.0551978 83.6666 
-0.0585892 0.0378731 0.997563 34.994 0.0591043 0.997659 -0.0344055 -1.80389 -0.996531 0.0569445 -0.0606905 83.6798 
-0.0596064 0.0428023 0.997304 35.9504 0.0589514 0.997487 -0.0392868 -1.81949 -0.99648 0.0564507 -0.0619799 83.6135 
-0.0622028 0.0465088 0.996979 36.985 0.0599896 0.997282 -0.0427802 -1.86891 -0.996259 0.0571474 -0.0648238 83.567 
-0.0650586 0.0476252 0.996744 37.9598 0.0637276 0.99702 -0.0434788 -1.94061 -0.995844 0.0606915 -0.0678997 83.5249 
-0.0655201 0.0455188 0.996812 39.0728 0.0634292 0.997129 -0.0413641 -1.98355 -0.995833 0.0605168 -0.0682192 83.3971 
-0.0685329 0.0465953 0.99656 40.1195 0.0628691 0.997125 -0.0422983 -1.9997 -0.995666 0.0597541 -0.0712653 83.3482 
-0.0706581 0.0478969 0.99635 41.1558 0.0641016 0.997 -0.0433824 -2.08746 -0.995439 0.0608023 -0.0735164 83.2647 
-0.0667858 0.0487875 0.996574 42.277 0.0595257 0.99722 -0.04483 -2.14042 -0.99599 0.0563277 -0.0695042 83.0329 
-0.0675663 0.0530852 0.996301 43.2435 0.0593675 0.997028 -0.0490978 -2.1692 -0.995947 0.0558306 -0.070517 82.9603 
-0.0659691 0.0563522 0.996229 44.2718 0.0586006 0.996899 -0.0525098 -2.23122 -0.996099 0.0549156 -0.0690668 82.8371 
-0.0673191 0.0595762 0.995951 45.2694 0.0565638 0.996838 -0.055806 -2.30727 -0.996127 0.052578 -0.0704761 82.7718 
-0.0696202 0.0623858 0.995621 46.2505 0.05409 0.99681 -0.0586781 -2.36522 -0.996106 0.049768 -0.0727726 82.7171 
-0.0730871 0.0600134 0.995518 47.2425 0.0493133 0.997184 -0.0564935 -2.43573 -0.996106 0.0449634 -0.0758408 82.6709 
-0.0751317 0.0563139 0.995582 48.3243 0.0475181 0.997472 -0.052835 -2.50423 -0.996041 0.0433386 -0.0776177 82.5986 
-0.0795757 0.0546481 0.99533 49.2612 0.0452659 0.997664 -0.0511574 -2.58735 -0.9958 0.0409836 -0.0818636 82.6388 
-0.0864369 0.0569518 0.994628 50.06 0.0396771 0.997769 -0.0536837 -2.64917 -0.995467 0.0348237 -0.0885038 82.678 
-0.0892308 0.0592771 0.994245 51.052 0.0425135 0.997544 -0.0556584 -2.73117 -0.995103 0.0373024 -0.0915318 82.6365 
-0.0919906 0.0640412 0.993698 52.0818 0.0402403 0.997354 -0.0605516 -2.76091 -0.994946 0.0344165 -0.0943242 82.5835 
-0.0916432 0.0650085 0.993668 53.1662 0.039935 0.997304 -0.0615634 -2.82937 -0.994991 0.0340403 -0.0939922 82.4748 
-0.0926142 0.064259 0.993626 54.2349 0.0375876 0.99743 -0.0610016 -2.88706 -0.994992 0.0316984 -0.0947915 82.4222 
-0.0932131 0.0659361 0.99346 55.3813 0.0363888 0.997364 -0.062781 -2.91752 -0.994981 0.0302988 -0.0953667 82.3745 
-0.0975354 0.0692896 0.992817 56.4135 0.0337205 0.997231 -0.066285 -2.93584 -0.994661 0.0270132 -0.0996018 82.437 
-0.0981421 0.0690796 0.992772 57.4841 0.0289903 0.997363 -0.0665332 -3.00903 -0.99475 0.022251 -0.0998859 82.334 
-0.0990002 0.0685777 0.992721 58.4933 0.0241377 0.997494 -0.0665004 -3.08225 -0.994795 0.0173784 -0.100407 82.2688 
-0.102455 0.0630679 0.992736 59.5151 0.0230964 0.99787 -0.0610104 -3.1597 -0.994469 0.0166779 -0.103694 82.2764 
-0.103154 0.0548126 0.993154 60.6102 0.0285344 0.998233 -0.0521292 -3.22003 -0.994256 0.0229617 -0.104536 82.1815 
-0.106948 0.049136 0.99305 61.6005 0.0331836 0.998398 -0.0458269 -3.28137 -0.993711 0.0280519 -0.108408 82.1901 
-0.106124 0.0515947 0.993013 62.6573 0.0420427 0.997993 -0.0473604 -3.34179 -0.993464 0.0367229 -0.10808 82.0614 
-0.102823 0.0557143 0.993138 63.7041 0.0510437 0.99741 -0.0506693 -3.40893 -0.993389 0.0454835 -0.105401 81.9192 
-0.101559 0.0621753 0.992885 64.7567 0.0538638 0.996925 -0.0569189 -3.46115 -0.99337 0.0477 -0.104595 81.8036 
-0.101461 0.0669725 0.992583 65.8755 0.0553538 0.996566 -0.0615831 -3.51981 -0.993298 0.048695 -0.10482 81.7116 
-0.100496 0.0633248 0.99292 66.9637 0.0526219 0.996914 -0.0582536 -3.62091 -0.993545 0.0463951 -0.103518 81.6117 
-0.100617 0.0573578 0.99327 68.0745 0.0486623 0.997426 -0.0526684 -3.70318 -0.993734 0.0430355 -0.103149 81.5231 
-0.0988673 0.0561292 0.993516 69.2339 0.0476457 0.99753 -0.0516147 -3.77072 -0.993959 0.0422338 -0.101297 81.3869 
-0.0958993 0.0556609 0.993833 70.2345 0.045763 0.997626 -0.0514575 -3.84981 -0.994338 0.0405461 -0.0982188 81.3175 
-0.0950329 0.0613339 0.993583 71.414 0.0470532 0.997261 -0.0570605 -3.90112 -0.994361 0.0413286 -0.0976586 81.2144 
-0.0913858 0.0616708 0.993904 72.4943 0.0473423 0.997221 -0.0575238 -4.02853 -0.994689 0.0417969 -0.0940514 81.0742 
-0.0905004 0.0607042 0.994045 73.594 0.0488393 0.99721 -0.0564511 -4.09714 -0.994698 0.0434396 -0.0932126 80.9936 
-0.0913085 0.0555921 0.99427 74.7485 0.0523845 0.997326 -0.0509524 -4.14379 -0.994444 0.0474319 -0.0939765 80.9187 
-0.0937106 0.0537858 0.994145 75.8834 0.0536531 0.997361 -0.0489024 -4.19601 -0.994153 0.0487563 -0.0963491 80.8793 
-0.0908979 0.0583722 0.994148 77.0062 0.0503648 0.997273 -0.0539507 -4.22233 -0.994586 0.0451661 -0.0935899 80.7716 
-0.0912656 0.0633586 0.993809 78.1831 0.0482436 0.997083 -0.059137 -4.26002 -0.994657 0.0425478 -0.094056 80.685 
-0.0912422 0.0645364 0.993735 79.3476 0.0476445 0.997038 -0.0603764 -4.29389 -0.994688 0.0418372 -0.0940467 80.5674 
-0.0918302 0.0605837 0.99393 80.5097 0.0485841 0.997231 -0.0562963 -4.38534 -0.994589 0.0431195 -0.0945194 80.4882 
-0.0865 0.0612486 0.994367 81.7091 0.0483407 0.997191 -0.0572174 -4.41931 -0.995078 0.0431191 -0.0892178 80.3119 
-0.0825384 0.0615658 0.994684 82.929 0.0500757 0.997085 -0.0575592 -4.48863 -0.995329 0.0450586 -0.0853808 80.1577 
-0.0801464 0.0630332 0.994788 84.1551 0.0526231 0.996874 -0.0589258 -4.55504 -0.995393 0.0476262 -0.0832129 80.0567 
-0.0830662 0.0634428 0.994522 85.3133 0.0461915 0.997144 -0.059752 -4.60016 -0.995473 0.0409751 -0.0857595 80.0323 
-0.0796085 0.0618731 0.994904 86.5156 0.0453994 0.997261 -0.0583871 -4.72824 -0.995792 0.0405199 -0.0821995 79.932 
-0.0802909 0.0605006 0.994934 87.7108 0.0454055 0.997342 -0.0569829 -4.8016 -0.995737 0.0406002 -0.0828246 79.8914 
-0.0809388 0.0604481 0.994884 88.9463 0.0443128 0.99739 -0.0569954 -4.86198 -0.995733 0.039473 -0.0834063 79.8431 
-0.0778171 0.0597648 0.995175 90.079 0.0464024 0.997337 -0.0562663 -4.92643 -0.995887 0.0418 -0.0803831 79.7199 
-0.0638824 0.0585428 0.996239 91.2878 0.0455772 0.997407 -0.055689 -5.0409 -0.996916 0.0418482 -0.066385 79.4007 
-0.0620965 0.0616068 0.996167 92.4372 0.0416323 0.997384 -0.059087 -5.0928 -0.997201 0.0378036 -0.0644989 79.3305 
-0.0632054 0.0607586 0.996149 93.6755 0.0402225 0.997489 -0.0582883 -5.17114 -0.99719 0.0363835 -0.0654905 79.3043 
-0.0645581 0.0603461 0.996088 94.9897 0.0372757 0.997619 -0.0580231 -5.22532 -0.997217 0.033384 -0.0666539 79.2904 
-0.063683 0.0630658 0.995975 96.3053 0.0343914 0.997547 -0.0609664 -5.31595 -0.997377 0.0303705 -0.0656957 79.2428 
-0.0667879 0.05916 0.996012 97.4461 0.030478 0.997896 -0.0572282 -5.44902 -0.997302 0.0265343 -0.0684505 79.2222 
-0.0678512 0.0554644 0.996152 98.6198 0.0265504 0.9982 -0.0537701 -5.53776 -0.997342 0.0227999 -0.0692017 79.1411 
-0.067185 0.0494918 0.996512 99.758 0.0231433 0.998577 -0.0480341 -5.67173 -0.997472 0.0198354 -0.0682348 79.0544 
-0.0690527 0.0477259 0.996471 100.99 0.0199919 0.998721 -0.0464483 -5.75513 -0.997413 0.016714 -0.0699184 78.9993 
-0.0706784 0.0453688 0.996467 102.233 0.018372 0.998855 -0.0441745 -5.8548 -0.99733 0.0151849 -0.071431 78.9102 
-0.0706509 0.0447636 0.996496 103.453 0.0185977 0.998878 -0.0435521 -5.91105 -0.997328 0.0154555 -0.0714041 78.8006 
-0.0707949 0.040276 0.996677 104.667 0.0139776 0.999126 -0.0393822 -5.97614 -0.997393 0.0111431 -0.071296 78.67 
-0.0733887 0.0399356 0.996503 105.853 0.0165457 0.999109 -0.0388215 -6.02073 -0.997166 0.0136388 -0.0739841 78.582 
-0.078052 0.0462283 0.995877 107.091 0.0120784 0.998895 -0.0454218 -6.08167 -0.996876 0.0084833 -0.0785241 78.4829 
-0.0910115 0.0503396 0.994577 108.284 0.0119522 0.998705 -0.0494549 -6.13452 -0.995778 0.0073864 -0.0914953 78.4773 
-0.097434 0.045997 0.994178 109.512 0.0160817 0.998874 -0.0446382 -6.1988 -0.995112 0.0116388 -0.098064 78.3296 
-0.103905 0.0496379 0.993348 110.8 0.0177126 0.998688 -0.0480521 -6.19947 -0.994429 0.0126019 -0.104648 78.1306 
-0.11721 0.048947 0.9919 111.956 0.0170859 0.998736 -0.0472654 -6.27888 -0.99296 0.0114075 -0.117899 77.9758 
-0.1376 0.0524889 0.989096 113.125 0.0147124 0.998593 -0.0509462 -6.2974 -0.990379 0.00754179 -0.138178 77.9166 
-0.15384 0.053866 0.986626 114.175 0.0178769 0.998501 -0.051727 -6.30051 -0.987934 0.00968016 -0.154572 77.8172 
-0.169691 0.0581915 0.983778 115.33 0.0206566 0.998246 -0.0554843 -6.35372 -0.985281 0.0109063 -0.170596 77.6206 
-0.184153 0.0607151 0.981021 116.46 0.0227439 0.998086 -0.057502 -6.45177 -0.982634 0.0117231 -0.185181 77.4072 
-0.200615 0.0669902 0.977377 117.625 0.0257392 0.997675 -0.0630983 -6.50377 -0.979332 0.0124985 -0.201873 77.2004 
-0.21788 0.0661484 0.973731 118.669 0.0237736 0.997764 -0.0624616 -6.57172 -0.975686 0.00953998 -0.218966 76.9508 
-0.232888 0.0638646 0.970404 119.843 0.0198687 0.997945 -0.0609089 -6.61195 -0.972301 0.00509576 -0.233678 76.6916 
-0.248063 0.0627398 0.96671 121.103 0.0148542 0.99803 -0.0609609 -6.63847 -0.96863 -0.000762467 -0.248507 76.4048 
-0.261264 0.0652604 0.963059 122.342 0.0137783 0.997862 -0.063881 -6.70868 -0.965169 -0.0034205 -0.261604 76.0385 
-0.27694 0.0653667 0.958661 123.462 0.0124457 0.997844 -0.0644432 -6.8249 -0.960806 -0.0059157 -0.277157 75.7832 
-0.293346 0.0671688 0.953644 124.608 0.0150281 0.997729 -0.0656513 -6.91875 -0.955888 -0.00492704 -0.293689 75.4983 
-0.31261 0.0675134 0.947479 125.706 0.0184955 0.997714 -0.0649907 -7.00391 -0.949701 -0.00279262 -0.313144 75.2388 
-0.326611 0.0643631 0.942965 126.823 0.0166369 0.997915 -0.0623515 -7.10509 -0.945012 -0.00467669 -0.327001 74.8838 
-0.33961 0.0656466 0.938272 127.951 0.0182696 0.997833 -0.0632012 -7.16427 -0.940389 -0.00432195 -0.340074 74.4481 
-0.354646 0.0677235 0.932545 129.06 0.018565 0.997687 -0.0653941 -7.25849 -0.934816 -0.00587907 -0.355083 74.0547 
-0.375323 0.0666787 0.924492 130.105 0.017901 0.997744 -0.0646947 -7.3822 -0.926721 -0.00773201 -0.37567 73.7501 
-0.390664 0.0695974 0.917899 131.258 0.0194243 0.997539 -0.0673689 -7.45568 -0.920329 -0.00848907 -0.391054 73.3182 
-0.400125 0.0737203 0.91349 132.311 0.0228752 0.997252 -0.0704603 -7.52749 -0.916175 -0.00729662 -0.400712 72.7746 
-0.417789 0.0788632 0.905115 133.406 0.0222084 0.996814 -0.076602 -7.58465 -0.908272 -0.0119024 -0.41821 72.3387 
-0.433586 0.0841668 0.897173 134.451 0.0300369 0.996425 -0.0789618 -7.6536 -0.900611 -0.00728838 -0.434564 71.8503 
-0.447193 0.0806562 0.890793 135.638 0.0272968 0.996693 -0.0765414 -7.76656 -0.894021 -0.00991292 -0.447916 71.2312 
-0.464378 0.0761425 0.882358 136.738 0.0206989 0.996958 -0.0751382 -7.82893 -0.885395 -0.0166286 -0.464541 70.7447 
-0.482233 0.0769583 0.872656 137.803 0.0208527 0.99686 -0.0763884 -7.92774 -0.875795 -0.0186397 -0.482323 70.2381 
-0.498043 0.0778728 0.863649 138.945 0.0190659 0.996702 -0.0788752 -7.98448 -0.866943 -0.022817 -0.497885 69.6105 
-0.515612 0.077031 0.853352 139.948 0.0199759 0.99676 -0.0779065 -8.10982 -0.856589 -0.0231231 -0.515481 69.0725 
-0.531013 0.0766174 0.843893 140.974 0.0184116 0.996712 -0.0789066 -8.21873 -0.847163 -0.026363 -0.530678 68.4464 
-0.545862 0.0761667 0.834406 142.06 0.0189427 0.996727 -0.0785916 -8.31521 -0.837661 -0.0270942 -0.545518 67.7523 
-0.562509 0.0743796 0.823438 143.102 0.0188588 0.99684 -0.0771599 -8.40784 -0.826576 -0.0278741 -0.562135 67.0822 
-0.577164 0.0699622 0.813626 144.13 0.0210296 0.997266 -0.0708353 -8.53508 -0.816358 -0.0237733 -0.577057 66.3582 
-0.591277 0.0688006 0.803529 145.096 0.0207403 0.997322 -0.0701322 -8.6285 -0.806202 -0.0248021 -0.59112 65.6299 
-0.60534 0.0689009 0.79298 146.094 0.0235307 0.99736 -0.0686965 -8.75909 -0.795619 -0.0229253 -0.605363 64.8666 
-0.618616 0.0716987 0.782415 147.061 0.0244183 0.997101 -0.0720658 -8.84814 -0.785314 -0.0254758 -0.618574 64.0879 
-0.63355 0.0715125 0.77039 148.092 0.0227354 0.99701 -0.0738518 -8.95251 -0.773368 -0.0292737 -0.633281 63.2437 
-0.649508 0.069013 0.757217 149.013 0.0209453 0.997118 -0.0729119 -9.03483 -0.760067 -0.0314967 -0.649081 62.5378 
-0.665845 0.060443 0.743637 149.882 0.0165194 0.997663 -0.0662991 -9.13963 -0.745907 -0.0318605 -0.665288 61.7781 
-0.683937 0.0581392 0.72722 150.791 0.0135717 0.997661 -0.0669963 -9.19058 -0.729415 -0.0359517 -0.683126 61.0333 
-0.70214 0.0557819 0.70985 151.779 0.0136793 0.997799 -0.0648789 -9.33026 -0.711907 -0.0358438 -0.701358 60.0739 
-0.720524 0.052983 0.691403 152.705 0.00961857 0.997744 -0.0664347 -9.406 -0.693364 -0.0412174 -0.719408 59.1696 
-0.737133 0.0507631 0.673838 153.532 0.00747711 0.997726 -0.0669835 -9.46474 -0.675706 -0.0443374 -0.735836 58.2714 
-0.753066 0.0546577 0.65567 154.376 0.0113818 0.997476 -0.0700787 -9.59108 -0.657846 -0.0453112 -0.751788 57.3377 
-0.768899 0.0521489 0.63724 155.2 0.0117221 0.99765 -0.0674993 -9.68544 -0.639263 -0.0444303 -0.767703 56.4276 
-0.784195 0.0544888 0.618117 156.032 0.0173048 0.99767 -0.0659932 -9.78683 -0.620273 -0.0410551 -0.783311 55.3323 
-0.803634 0.0529208 0.592767 156.835 0.0161351 0.99761 -0.0671894 -9.87636 -0.594906 -0.0444313 -0.802567 54.7736 
-0.816043 0.05173 0.575672 157.554 0.011608 0.997253 -0.0731585 -9.8964 -0.577875 -0.0530181 -0.814401 53.6214 
-0.827346 0.0539997 0.559091 158.25 0.0169686 0.997317 -0.0712155 -10.0331 -0.561436 -0.0494328 -0.826042 52.4352 
-0.841365 0.0502611 0.538125 158.983 0.0154534 0.997497 -0.069005 -10.1122 -0.540246 -0.0497425 -0.840035 51.4805 
-0.852286 0.0537329 0.520308 159.668 0.020703 0.997395 -0.0690901 -10.2271 -0.522665 -0.0481126 -0.851179 50.4485 
-0.865074 0.0542072 0.498707 160.372 0.022364 0.997323 -0.0696112 -10.3678 -0.501146 -0.0490657 -0.863971 49.6182 
-0.87621 0.0502516 0.479302 160.961 0.0194779 0.997429 -0.0689664 -10.5097 -0.481535 -0.0510932 -0.874936 48.7028 
-0.884885 0.0489888 0.463227 161.615 0.0192266 0.997448 -0.0687579 -10.5612 -0.465413 -0.0519365 -0.883569 47.5699 
-0.893311 0.0491031 0.446748 162.442 0.0205666 0.997439 -0.068506 -10.6237 -0.448968 -0.0520091 -0.892033 46.3743 
-0.900568 0.0470188 0.432165 163.119 0.0199658 0.997558 -0.066927 -10.7739 -0.434256 -0.0516437 -0.899308 45.1041 
-0.907803 0.0436366 0.41712 163.674 0.0173152 0.997624 -0.0666814 -10.8442 -0.419039 -0.0533111 -0.906402 43.9487 
-0.911287 0.0397119 0.409853 164.137 0.0164406 0.998054 -0.06015 -10.9619 -0.411444 -0.0480756 -0.910166 42.6103 
-0.9182 0.0348882 0.394578 164.745 0.0135067 0.998292 -0.0568376 -11.0458 -0.395887 -0.0468588 -0.917103 41.5071 
-0.921864 0.0360021 0.385836 165.202 0.0166969 0.99844 -0.0532704 -11.1226 -0.387152 -0.0426658 -0.921028 40.3631 
-0.925432 0.042029 0.376576 165.594 0.0224085 0.99816 -0.0563342 -11.1473 -0.378251 -0.043695 -0.924671 39.2667 
-0.928266 0.0438028 0.369329 166.214 0.0242339 0.998053 -0.0574611 -11.2236 -0.371128 -0.0443888 -0.92752 38.0406 
-0.930193 0.04668 0.36409 166.661 0.0263376 0.997812 -0.0606413 -11.3107 -0.366124 -0.0468188 -0.929388 36.8917 
-0.933746 0.0441321 0.355204 167.223 0.0238017 0.997829 -0.0614055 -11.3736 -0.357143 -0.0488827 -0.93277 35.77 
-0.93606 0.0353623 0.350058 167.755 0.0158053 0.998158 -0.0585689 -11.4541 -0.351484 -0.0492913 -0.934895 34.5734 
-0.93684 0.0318982 0.3483 168.153 0.0137234 0.998418 -0.0545254 -11.5504 -0.349489 -0.0463017 -0.935796 33.3634 
-0.93969 0.0232581 0.341236 168.618 0.00393477 0.998354 -0.0572109 -11.6206 -0.342005 -0.0524178 -0.938235 32.2618 
-0.94165 0.0195156 0.336028 169.088 -0.00066011 0.998209 -0.059823 -11.7175 -0.336594 -0.0565542 -0.93995 31.0665 
-0.942252 0.020012 0.334306 169.55 -0.0014394 0.997962 -0.0637963 -11.7865 -0.334902 -0.0605934 -0.940303 29.7873 
-0.942391 0.0270848 0.333415 170.005 0.00628939 0.997975 -0.0632931 -11.8975 -0.334455 -0.0575498 -0.940653 28.5395 
-0.943444 0.0268348 0.330445 170.53 0.00609242 0.997954 -0.0636476 -12.0539 -0.331477 -0.0580347 -0.941677 27.3879 
-0.944068 0.0241123 0.328867 171.07 0.00357754 0.998013 -0.0629038 -12.235 -0.32973 -0.0582089 -0.942279 26.1147 
-0.943912 0.0234305 0.329365 171.453 0.00208958 0.997883 -0.0649995 -12.3391 -0.330191 -0.0606656 -0.941963 25.0337 
-0.944274 0.0230375 0.328352 171.924 0.000491567 0.997645 -0.0685822 -12.3559 -0.329159 -0.064599 -0.942062 23.9451 
-0.945696 0.0205615 0.324402 172.476 -0.00193395 0.997624 -0.06887 -12.4582 -0.325047 -0.0657575 -0.943409 22.849 
-0.944743 0.0181442 0.327309 172.903 -0.00553823 0.997441 -0.0712782 -12.5232 -0.327764 -0.0691523 -0.942225 21.7533 
-0.945595 0.0214967 0.324634 173.402 -0.000763939 0.997665 -0.0682887 -12.5791 -0.325344 -0.0648215 -0.943371 20.7389 
-0.942836 0.0195821 0.33268 173.778 -0.00319583 0.997695 -0.0677833 -12.6293 -0.33324 -0.0649717 -0.940601 19.616 
-0.941928 0.0162862 0.33542 174.254 -0.0046023 0.998103 -0.061387 -12.7619 -0.335783 -0.0593658 -0.940067 18.6093 
-0.938993 0.02314 0.343157 174.723 0.00265469 0.998192 -0.0600468 -12.8721 -0.343926 -0.0554726 -0.937357 17.3366 
-0.936138 0.0194505 0.351095 175.207 -0.00236229 0.998098 -0.0615929 -12.9572 -0.351626 -0.0584888 -0.934312 16.1673 
-0.932861 0.0187714 0.359748 175.666 -0.00524476 0.997828 -0.0656663 -13.0224 -0.360199 -0.0631443 -0.930736 15.0641 
-0.929182 0.0234913 0.368874 176.047 -0.00273524 0.997514 -0.0704153 -13.0223 -0.369612 -0.0664376 -0.926808 14.0494 
-0.922713 0.0243512 0.384716 176.374 -0.00324383 0.997477 -0.070917 -13.1129 -0.385473 -0.066684 -0.920306 12.9248 
-0.918938 0.0260992 0.393537 176.876 -0.00398833 0.997142 -0.0754431 -13.1851 -0.394381 -0.0708971 -0.916208 11.8858 
-0.914954 0.0221553 0.40295 177.406 -0.0109922 0.996753 -0.0797637 -13.2758 -0.403409 -0.0774093 -0.91174 10.9213 
-0.907917 0.0221925 0.418561 177.931 -0.0123851 0.996741 -0.079713 -13.3472 -0.418966 -0.0775567 -0.904683 9.69781 
-0.902852 0.0227425 0.429348 178.428 -0.0123968 0.996808 -0.0788694 -13.4696 -0.429772 -0.0765299 -0.899689 8.63022 
-0.896513 0.0240967 0.442362 179.052 -0.011609 0.996899 -0.0778314 -13.5685 -0.442865 -0.0749122 -0.893453 7.42286 
-0.89144 0.0238783 0.452509 179.74 -0.0129003 0.996868 -0.0780171 -13.6534 -0.452955 -0.075385 -0.88834 6.29031 
-0.888651 0.0230821 0.458002 180.326 -0.0125021 0.997142 -0.074511 -13.755 -0.458413 -0.0719403 -0.885823 5.55759 
-0.886318 0.0137421 0.462874 180.845 -0.021943 0.99719 -0.0716219 -13.9213 -0.462558 -0.0736366 -0.883526 4.97506 
-0.884049 0.0182871 0.467036 181.51 -0.0164531 0.997397 -0.0701976 -14.0272 -0.467104 -0.0697423 -0.881447 4.22497 
-0.87649 0.0237447 0.480835 182.133 -0.0132983 0.997208 -0.0734852 -14.059 -0.481237 -0.0708033 -0.873726 3.19963 
-0.872126 0.0231672 0.488732 182.879 -0.0175747 0.99675 -0.0786103 -14.1202 -0.488965 -0.0771474 -0.868885 2.25117 
-0.862606 0.031631 0.504885 183.714 -0.00609042 0.997321 -0.0728876 -14.2304 -0.505839 -0.0659483 -0.860103 1.1754 
-0.854457 0.0326154 0.518497 184.367 -0.0052621 0.997433 -0.0714141 -14.3411 -0.519495 -0.0637486 -0.852092 0.199975 
-0.843899 0.0398535 0.53502 185.055 0.00477929 0.997756 -0.0667841 -14.465 -0.536481 -0.053802 -0.842196 -0.840328 
-0.832227 0.0511433 0.55207 185.804 0.0182897 0.997727 -0.0648574 -14.5455 -0.554133 -0.0438789 -0.831271 -1.90775 
-0.821306 0.0551561 0.567816 186.565 0.0235677 0.997746 -0.0628293 -14.6201 -0.570001 -0.03822 -0.820754 -2.9085 
-0.808145 0.0527779 0.586613 187.3 0.0159323 0.997571 -0.0678031 -14.7208 -0.588767 -0.0454487 -0.807024 -3.82825 
-0.793593 0.0553978 0.605922 188.039 0.0149556 0.997322 -0.0715947 -14.7998 -0.608265 -0.0477551 -0.792296 -4.70144 
-0.778463 0.0585561 0.624953 188.672 0.0174527 0.997273 -0.0717017 -14.8786 -0.627448 -0.04491 -0.777362 -5.47014 
-0.762431 0.0550979 0.644719 189.375 0.00820009 0.997111 -0.0755162 -14.9832 -0.647017 -0.0522892 -0.76068 -6.3084 
-0.74767 0.0481411 0.662323 190.09 -0.0121489 0.99621 -0.0861243 -14.9817 -0.663959 -0.072439 -0.744252 -7.0101 
-0.730413 0.0461618 0.681443 190.866 -0.0219174 0.995615 -0.0909367 -15.0809 -0.682654 -0.0813568 -0.726199 -7.78325 
-0.723203 0.0333349 0.689831 191.297 -0.0648646 0.991141 -0.115898 -15.0857 -0.687583 -0.128563 -0.714633 -8.09638 
-0.713218 0.0169398 0.700737 191.738 -0.115393 0.98323 -0.141217 -15.1079 -0.691378 -0.181579 -0.699303 -8.4471 
-0.693738 0.0166756 0.720034 192.489 -0.114026 0.98458 -0.132664 -15.2892 -0.711144 -0.174136 -0.68114 -9.15058 
-0.674924 0.0139999 0.737754 193.365 -0.135606 0.980438 -0.142663 -15.4298 -0.72532 -0.196331 -0.659822 -9.7964 
-0.651854 0.0165417 0.758164 194.337 -0.139873 0.979986 -0.141642 -15.5866 -0.745333 -0.198376 -0.636495 -10.5747 
-0.629156 0.0174631 0.777083 195.266 -0.144099 0.979797 -0.138687 -15.7445 -0.763805 -0.199232 -0.613928 -11.294 
-0.606242 0.0168974 0.795101 195.957 -0.148576 0.979765 -0.134107 -15.9364 -0.781278 -0.199435 -0.591464 -11.9314 
-0.583478 0.0189843 0.811907 197.643 -0.148454 0.980389 -0.12961 -15.9812 -0.798445 -0.196155 -0.569217 -12.6375 
-0.557807 0.0238843 0.829627 199.2 -0.149427 0.980362 -0.128693 -16.034 -0.816409 -0.195754 -0.543284 -13.271 
-0.536477 0.026946 0.843485 200.28 -0.161077 0.977845 -0.133687 -16.0889 -0.8284 -0.207586 -0.520251 -13.6839 
-0.509609 0.03034 0.859871 201.57 -0.165485 0.977263 -0.132558 -16.2129 -0.844342 -0.209849 -0.493001 -14.1905 
-0.489078 0.0376588 0.871426 202.832 -0.17998 0.97321 -0.143069 -16.1615 -0.853469 -0.226811 -0.469198 -14.4723 
-0.461593 0.0373392 0.886305 203.96 -0.185446 0.972977 -0.137572 -16.3198 -0.867492 -0.227864 -0.442195 -14.8627 
-0.434084 0.0380467 0.900069 204.912 -0.188753 0.97309 -0.132165 -16.4148 -0.880877 -0.227261 -0.415221 -15.2057 
-0.40104 0.0390921 0.915226 205.537 -0.203116 0.970426 -0.130453 -16.4747 -0.893258 -0.238214 -0.38124 -15.6775 
-0.3706 0.0373762 0.92804 206.549 -0.207386 0.970633 -0.121909 -16.6548 -0.905343 -0.237642 -0.351966 -16.0183 
-0.342146 0.0376973 0.93889 207.668 -0.213103 0.970046 -0.116606 -16.754 -0.915163 -0.239977 -0.323864 -16.2729 
-0.31144 0.0384768 0.949486 208.744 -0.215031 0.970409 -0.109857 -16.8319 -0.925617 -0.238383 -0.29395 -16.4858 
-0.275992 0.0370932 0.960444 209.756 -0.214569 0.97166 -0.0991849 -17.0109 -0.936903 -0.233456 -0.260211 -16.8045 
-0.241333 0.0425152 0.969511 210.917 -0.22907 0.968313 -0.0994833 -17.0764 -0.943019 -0.246094 -0.223947 -17.0701 
-0.210342 0.0427525 0.976693 211.888 -0.234141 0.967765 -0.0927866 -17.1449 -0.949176 -0.2482 -0.193551 -17.2737 
-0.180702 0.0387635 0.982774 212.48 -0.229766 0.969911 -0.080503 -17.233 -0.956323 -0.240355 -0.166358 -17.394 
-0.160576 0.0380214 0.986291 212.853 -0.227868 0.970836 -0.0745244 -17.1293 -0.96036 -0.236711 -0.147229 -17.1843 
-0.139404 0.0343481 0.98964 213.48 -0.225259 0.972097 -0.0654702 -17.172 -0.964274 -0.232052 -0.127777 -16.8682 
-0.118182 0.0305718 0.992521 214.102 -0.222453 0.973307 -0.0564682 -17.2107 -0.967754 -0.227463 -0.108227 -16.5397 
-0.0901637 0.032907 0.995383 215.272 -0.228112 0.972202 -0.0528035 -17.2517 -0.969451 -0.23182 -0.0801509 -16.5794 
-0.0651812 0.0360471 0.997222 216.342 -0.227184 0.972567 -0.0500054 -17.2491 -0.971668 -0.229813 -0.0552037 -16.5829 
-0.0370305 0.0363425 0.998653 217.458 -0.225792 0.973191 -0.0437885 -17.2878 -0.973471 -0.22711 -0.0278319 -16.5452 
-0.00581382 0.0380165 0.99926 218.606 -0.223793 0.973882 -0.0383532 -17.3098 -0.974619 -0.22385 0.00284585 -16.5392 
0.0223056 0.0364769 0.999085 219.782 -0.220523 0.974899 -0.0306705 -17.3495 -0.975127 -0.219637 0.0297898 -16.467 
0.0537245 0.0330068 0.99801 220.974 -0.213572 0.976706 -0.0208053 -17.4237 -0.975449 -0.212029 0.0595223 -16.3755 
0.0829817 0.0351795 0.99593 222.114 -0.213894 0.976714 -0.0166791 -17.4428 -0.973326 -0.211639 0.0885741 -16.258 
0.112363 0.0337819 0.993093 223.244 -0.211621 0.977307 -0.0093013 -17.4674 -0.970871 -0.209114 0.116962 -16.0991 
0.141339 0.0333094 0.989401 224.367 -0.209386 0.977828 -0.00300837 -17.4555 -0.967564 -0.206741 0.14518 -15.938 
0.165635 0.034366 0.985588 225.246 -0.21199 0.977271 0.00155037 -17.4185 -0.963133 -0.209192 0.169155 -15.6947 
0.19639 0.0316879 0.980014 226.342 -0.202579 0.979225 0.00893334 -17.4465 -0.959371 -0.200284 0.19873 -15.4325 
0.22333 0.0353138 0.974103 227.508 -0.20199 0.979328 0.0108064 -17.402 -0.953585 -0.199172 0.225847 -15.0633 
0.25464 0.0322466 0.966498 228.741 -0.197479 0.980117 0.019328 -17.4305 -0.946658 -0.195785 0.255945 -14.7638 
0.28277 0.0292253 0.958742 229.826 -0.19459 0.980499 0.0275035 -17.4329 -0.939242 -0.194339 0.282942 -14.4463 
0.309455 0.0197633 0.950709 230.651 -0.186619 0.981604 0.0403387 -17.5 -0.932422 -0.189903 0.30745 -14.1068 
0.334235 0.0191051 0.942296 231.711 -0.184475 0.981782 0.0455279 -17.4606 -0.92426 -0.189047 0.33167 -13.6622 
0.348484 0.0215223 0.937068 232.708 -0.184488 0.981755 0.04606 -17.3405 -0.918979 -0.188929 0.346096 -13.1031 
0.369527 0.0199225 0.929006 233.652 -0.183529 0.98164 0.0519504 -17.2864 -0.910915 -0.189697 0.366399 -12.6389 
0.382628 0.0181415 0.923724 234.502 -0.182576 0.981575 0.0563496 -17.2039 -0.905683 -0.190211 0.378891 -12.0923 
0.401372 0.0129743 0.915823 235.6 -0.179361 0.981653 0.0647003 -17.1666 -0.898182 -0.190232 0.396335 -11.5665 
0.417403 0.0124853 0.908636 236.651 -0.178483 0.981555 0.068503 -17.0738 -0.891021 -0.19077 0.411932 -11.0117 
0.436764 0.00877227 0.899533 237.75 -0.172137 0.982289 0.0740011 -17.0147 -0.882953 -0.187164 0.430539 -10.4916 
0.453842 0.0071952 0.891053 238.807 -0.169915 0.982318 0.0786109 -16.9458 -0.874732 -0.18708 0.44704 -9.90029 
0.471254 0.00663603 0.881972 239.791 -0.166837 0.98259 0.0817507 -16.8581 -0.866074 -0.185671 0.464157 -9.33177 
0.486239 0.00825195 0.873787 240.82 -0.168583 0.982056 0.0845372 -16.7087 -0.85741 -0.18841 0.478905 -8.70305 
0.503065 0.00625483 0.864226 241.833 -0.166246 0.981999 0.0896644 -16.6102 -0.848108 -0.188781 0.495049 -8.07118 
0.515256 0.00446749 0.857025 242.674 -0.165979 0.981574 0.0946723 -16.5189 -0.84081 -0.191029 0.506503 -7.43663 
0.533477 0.00405646 0.845805 243.746 -0.162497 0.981852 0.0977831 -16.4098 -0.830058 -0.189606 0.524455 -6.80322 
0.550967 0.00103933 0.834527 244.783 -0.155541 0.982604 0.101467 -16.2922 -0.819904 -0.185708 0.541544 -6.1274 
0.564567 0.00023596 0.825387 245.752 -0.152604 0.982789 0.1041 -16.174 -0.811157 -0.184729 0.554886 -5.42176 
0.577553 -0.00594812 0.816331 246.678 -0.146158 0.983063 0.110569 -16.0709 -0.803163 -0.183173 0.566901 -4.69919 
0.589081 -0.00579954 0.808053 247.62 -0.145461 0.982878 0.113097 -15.9296 -0.794874 -0.184164 0.578151 -3.94283 
0.600927 -0.00354217 0.799296 248.556 -0.144156 0.983112 0.112736 -15.7835 -0.786197 -0.18297 0.590268 -3.20756 
0.61259 -0.00318885 0.790394 249.556 -0.139595 0.983836 0.112161 -15.6254 -0.777976 -0.179044 0.602243 -2.4033 
0.622544 -0.00264138 0.78258 250.536 -0.138672 0.983797 0.113634 -15.4569 -0.7702 -0.179264 0.612091 -1.55061 
0.63241 -0.0053918 0.774615 251.499 -0.136466 0.983561 0.11826 -15.3538 -0.762518 -0.180498 0.621278 -0.75674 
0.640354 -0.00655485 0.768052 252.523 -0.132824 0.983953 0.119138 -15.1438 -0.756508 -0.178306 0.629208 0.219597 
0.648286 -0.00532613 0.761378 253.585 -0.131148 0.984248 0.118553 -14.9373 -0.750016 -0.17671 0.637376 1.1285 
0.654332 -0.00311646 0.756201 254.547 -0.135804 0.98325 0.121562 -14.813 -0.743913 -0.182237 0.642949 1.97219 
0.657843 -0.00612049 0.75313 255.567 -0.133226 0.983252 0.124361 -14.6292 -0.741278 -0.182147 0.64601 2.95362 
0.661357 -0.00804832 0.750028 256.653 -0.129866 0.983612 0.125067 -14.4354 -0.738744 -0.180117 0.649473 3.96317 
0.665499 -0.00585508 0.746376 257.667 -0.133797 0.982836 0.127009 -14.2996 -0.734309 -0.184387 0.653293 4.81872 
0.667635 -0.00746424 0.744451 258.618 -0.1346 0.982261 0.13056 -14.1922 -0.73222 -0.18737 0.654787 5.66742 
0.672107 -0.00929518 0.740396 259.43 -0.132263 0.982333 0.132397 -14.0635 -0.728546 -0.186912 0.659003 6.39929 
0.673995 -0.0141839 0.7386 260.514 -0.124591 0.983311 0.132576 -13.7892 -0.728154 -0.181379 0.660979 7.5229 
0.678783 -0.0180154 0.734117 261.564 -0.120144 0.983504 0.135223 -13.6642 -0.724444 -0.179987 0.665422 8.37907 
0.682694 -0.0167724 0.730511 262.604 -0.120874 0.983371 0.13554 -13.506 -0.720637 -0.180833 0.669314 9.28425 
0.685 -0.0118417 0.728447 263.694 -0.126524 0.982741 0.134953 -13.3131 -0.717473 -0.184609 0.671679 10.3547 
0.687271 -0.0139724 0.726266 264.735 -0.122531 0.983258 0.134869 -13.0939 -0.715992 -0.181682 0.674053 11.3557 
0.688886 -0.0128345 0.724756 265.573 -0.125193 0.982712 0.136399 -12.9649 -0.713977 -0.184697 0.675369 12.1947 
0.691797 -0.0153196 0.72193 266.439 -0.124486 0.982276 0.140134 -12.8947 -0.711281 -0.186814 0.677628 12.9212 
0.693122 -0.0187456 0.720576 267.357 -0.121626 0.982287 0.142546 -12.7708 -0.710485 -0.186443 0.678565 13.7355 
