1 2.12261e-08 -2.11895e-08 0 2.12261e-08 1 2.10703e-08 0 -2.11895e-08 2.10703e-08 1 0 
0.999999 -0.000909322 0.00109143 -0.0486933 0.000907151 0.999998 0.00202736 -0.023861 -0.00109331 -0.00202633 0.999997 1.34832 
0.999997 -0.0016293 0.0018029 -0.084977 0.0016256 0.999997 0.00208022 -0.0500586 -0.00180633 -0.00207724 0.999996 2.65114 
0.999997 -0.000524608 0.00253864 -0.128291 0.000524146 1 0.000199444 -0.0560854 -0.00253879 -0.000198071 0.999997 3.96993 
0.999998 -0.00028581 0.0021619 -0.111782 0.000287936 1 -0.0009634 -0.0555463 -0.00216167 0.000964062 0.999997 5.35782 
0.999992 -0.00254741 0.00309549 -0.147476 0.00254748 0.999997 -6.23274e-06 -0.0704476 -0.00309551 1.41605e-05 0.999995 6.72189 
0.999975 -0.00338912 0.00619806 -0.226552 0.00338723 0.999994 0.000323041 -0.0638185 -0.00619916 -0.000301996 0.999981 7.94335 
0.99997 -0.00293183 0.00723587 -0.270651 0.0029313 0.999996 8.95248e-05 -0.0609448 -0.00723615 -6.82695e-05 0.999974 9.33581 
0.99997 -0.00230458 0.00744596 -0.288785 0.00229514 0.999997 0.00128117 -0.150426 -0.00744893 -0.001264 0.999972 10.5157 
0.999959 0.000140883 0.00906453 -0.349671 -0.000133969 1 -0.000758655 -0.173979 -0.00906468 0.000757451 0.999959 11.7449 
0.999921 0.00492996 0.0115611 -0.426708 -0.00491403 0.999987 -0.00140182 -0.212212 -0.0115679 0.00134494 0.999932 13.0257 
0.999894 0.00668662 0.012905 -0.46102 -0.00665356 0.999975 -0.00259934 -0.210747 -0.0129221 0.00251324 0.999913 14.2971 
0.999833 0.00744635 0.0167162 -0.560753 -0.00740066 0.999969 -0.00279088 -0.184971 -0.0167365 0.00266675 0.999856 15.4464 
0.999818 0.00618409 0.0180408 -0.555201 -0.00618489 0.999981 -8.92097e-06 -0.222898 -0.0180405 -0.000102619 0.999837 16.8241 
0.999834 0.00466793 0.0175922 -0.541041 -0.00466439 0.999989 -0.000239456 -0.219264 -0.0175932 0.0001574 0.999845 18.1795 
0.999797 0.00499974 0.0195061 -0.599639 -0.00495511 0.999985 -0.00233312 -0.245235 -0.0195175 0.00223603 0.999807 19.374 
0.999826 0.00345482 0.0183228 -0.601479 -0.00336352 0.999982 -0.0050094 -0.265029 -0.0183399 0.00494694 0.99982 20.7183 
0.999738 0.0107367 0.0202286 -0.674459 -0.0105791 0.999913 -0.00787762 -0.288494 -0.0203114 0.0076616 0.999764 22.1662 
0.999764 0.0104149 0.0190571 -0.646951 -0.010303 0.999929 -0.00596105 -0.313937 -0.0191179 0.00576335 0.999801 23.5877 
0.999729 0.0113597 0.0203094 -0.662166 -0.011321 0.999934 -0.0020177 -0.341743 -0.0203311 0.00178727 0.999792 24.9465 
0.999751 0.00901636 0.0204092 -0.658189 -0.00898421 0.999958 -0.00166443 -0.338731 -0.0204234 0.0014807 0.99979 26.2902 
0.999812 0.000538599 0.0193639 -0.630984 -0.000473401 0.999994 -0.00336922 -0.364094 -0.0193656 0.00335946 0.999807 27.7084 
0.999817 0.000290139 0.0191522 -0.643314 -0.000163904 0.999978 -0.00659014 -0.367424 -0.0191537 0.00658583 0.999795 29.1031 
0.99981 -0.000714013 0.0194782 -0.635293 0.000893566 0.999957 -0.00920878 -0.388724 -0.0194709 0.00922447 0.999768 30.5618 
0.999828 0.00277062 0.0183524 -0.609876 -0.00256243 0.999932 -0.0113557 -0.398708 -0.0183826 0.0113067 0.999767 31.971 
0.999815 0.00406098 0.0187898 -0.643432 -0.00380317 0.999898 -0.0137338 -0.425615 -0.0188437 0.0136599 0.999729 33.4243 
0.99982 0.00128485 0.0189366 -0.660908 -0.0010607 0.999929 -0.0118397 -0.460534 -0.0189505 0.0118176 0.999751 34.9042 
0.999801 0.00263834 0.019769 -0.670416 -0.00243084 0.999942 -0.0105107 -0.512858 -0.0197957 0.0104605 0.999749 36.2516 
0.999745 0.00510418 0.0220114 -0.728284 -0.00490229 0.999946 -0.00921456 -0.536865 -0.0220572 0.00910435 0.999715 37.5846 
0.999713 0.00616921 0.0231605 -0.766217 -0.00601065 0.999958 -0.00690778 -0.595242 -0.0232022 0.00676663 0.999708 38.9905 
0.99958 0.0130796 0.0258586 -0.808635 -0.0128602 0.99988 -0.00862939 -0.638872 -0.0259684 0.00829326 0.999628 40.4129 
0.999519 0.0152866 0.0269767 -0.815613 -0.01511 0.999863 -0.00673627 -0.690991 -0.027076 0.00632546 0.999613 41.776 
0.999511 0.0153773 0.0272443 -0.824357 -0.0152042 0.999863 -0.00654575 -0.731398 -0.0273412 0.00612836 0.999607 43.1865 
0.999439 0.0172693 0.0286834 -0.845062 -0.0170548 0.999825 -0.00770518 -0.752562 -0.0288114 0.00721172 0.999559 44.64 
0.999492 0.0161522 0.0274708 -0.856661 -0.0159354 0.99984 -0.00808946 -0.793419 -0.0275972 0.00764764 0.99959 46.0233 
0.999506 0.0144784 0.027889 -0.857579 -0.0142853 0.999873 -0.00710862 -0.838528 -0.0279884 0.00670675 0.999586 47.4477 
0.99954 0.0149222 0.0263982 -0.835118 -0.0147383 0.999866 -0.00714533 -0.85903 -0.0265013 0.00675302 0.999626 48.8559 
0.999579 0.0132637 0.0258088 -0.877099 -0.0130948 0.999892 -0.00670172 -0.890873 -0.0258949 0.00636097 0.999644 50.3628 
0.999524 0.012974 0.0280084 -0.94303 -0.0128211 0.999902 -0.00563233 -0.927935 -0.0280788 0.00527059 0.999592 51.6599 
0.999557 0.0118428 0.0273073 -0.957412 -0.0116794 0.999913 -0.00613336 -0.930877 -0.0273776 0.00581175 0.999608 53.16 
0.999579 0.0103631 0.0271083 -0.953863 -0.01022 0.999933 -0.00541247 -0.961978 -0.0271626 0.00513319 0.999618 54.44 
0.999544 0.0106669 0.0282436 -1.02371 -0.0104949 0.999926 -0.00622944 -0.975901 -0.028308 0.00593023 0.999582 55.929 
0.999534 0.0085166 0.0293192 -1.07236 -0.00831102 0.99994 -0.00712516 -0.986504 -0.0293782 0.00687821 0.999545 57.3298 
0.99949 0.00981976 0.0303898 -1.13584 -0.00955244 0.999915 -0.00892778 -1.0014 -0.030475 0.00863297 0.999498 58.7098 
0.999507 0.00558584 0.0309029 -1.13698 -0.00535033 0.999956 -0.00769698 -1.03564 -0.0309446 0.00752789 0.999493 60.2975 
0.999368 0.00747554 0.0347486 -1.22625 -0.00719846 0.999941 -0.0080908 -1.04934 -0.0348071 0.00783559 0.999363 61.6724 
0.999338 0.00439107 0.0361175 -1.21181 -0.00404827 0.999946 -0.00955757 -1.06424 -0.0361575 0.00940507 0.999302 63.182 
0.999327 0.00381861 0.0364939 -1.19912 -0.00350588 0.999957 -0.00862823 -1.12021 -0.0365253 0.00849451 0.999297 64.7374 
0.999315 0.00420479 0.0367821 -1.17802 -0.00386713 0.99995 -0.00924512 -1.16891 -0.0368191 0.00909658 0.999281 66.1216 
0.999219 0.00688097 0.038917 -1.18969 -0.00652102 0.999935 -0.00936741 -1.22877 -0.038979 0.00910635 0.999199 67.4756 
0.999181 0.00922003 0.0393906 -1.18471 -0.0088672 0.999919 -0.00912139 -1.24722 -0.0394716 0.00876468 0.999182 68.8132 
0.999076 0.0142589 0.0405401 -1.18983 -0.0139283 0.999868 -0.00842524 -1.26114 -0.0406549 0.00785284 0.999142 70.3193 
0.999014 0.0163088 0.0412981 -1.16491 -0.0160209 0.999845 -0.00729101 -1.2932 -0.0414107 0.00662222 0.99912 71.7402 
0.99894 0.0213148 0.0408101 -1.1319 -0.0210387 0.999753 -0.00718183 -1.30269 -0.0409532 0.00631567 0.999141 73.1913 
0.998698 0.0258229 0.043984 -1.16364 -0.025496 0.999643 -0.00797772 -1.34709 -0.0441744 0.00684596 0.999 74.5214 
0.99888 0.022566 0.0415901 -1.09472 -0.0223156 0.99973 -0.00647287 -1.39327 -0.041725 0.00553755 0.999114 75.982 
0.998862 0.0228945 0.0418476 -1.07643 -0.022641 0.999722 -0.00652133 -1.43794 -0.0419853 0.00556648 0.999103 77.3435 
0.998868 0.0205095 0.0429173 -1.08786 -0.0203687 0.999786 -0.0037155 -1.52219 -0.0429844 0.00283717 0.999072 78.5417 
0.998843 0.0205415 0.0434797 -1.06481 -0.0203028 0.999776 -0.00592472 -1.54173 -0.0435917 0.00503515 0.999037 79.8433 
0.99888 0.0178354 0.0438216 -1.07861 -0.0176639 0.999835 -0.00429667 -1.57136 -0.043891 0.00351784 0.99903 81.176 
0.998764 0.0178636 0.046376 -1.14253 -0.0176783 0.999834 -0.0044019 -1.59813 -0.046447 0.00357665 0.998914 82.5369 
0.998829 0.017596 0.0450572 -1.10779 -0.0172784 0.999823 -0.00742913 -1.5657 -0.0451799 0.00664196 0.998957 83.957 
0.998666 0.0197839 0.047686 -1.11885 -0.0193332 0.999764 -0.00989491 -1.57864 -0.0478706 0.00895983 0.998813 85.1421 
0.998685 0.0180872 0.0479652 -1.11216 -0.0177006 0.999807 -0.00847116 -1.627 -0.0481093 0.00761105 0.998813 86.6204 
0.998575 0.0185508 0.0500352 -1.16365 -0.0181717 0.999803 -0.00801984 -1.67765 -0.0501741 0.00709923 0.998715 87.9493 
0.998584 0.0179648 0.0500648 -1.19103 -0.0175735 0.999812 -0.00824382 -1.69486 -0.0502035 0.00735237 0.998712 89.3015 
0.998513 0.0194922 0.0509159 -1.16732 -0.019086 0.999782 -0.00845089 -1.73807 -0.0510695 0.00746658 0.998667 90.603 
0.998617 0.0165336 0.0498991 -1.09223 -0.0161365 0.999835 -0.00834937 -1.78092 -0.050029 0.00753267 0.998719 92.0132 
0.998574 0.0171415 0.0505671 -1.09253 -0.0167013 0.999819 -0.00911356 -1.82056 -0.0507142 0.00825607 0.998679 93.3108 
0.998685 0.0158985 0.0487374 -1.01657 -0.0155075 0.999845 -0.00838926 -1.86992 -0.0488633 0.00762248 0.998776 94.6981 
0.998762 0.0117722 0.0483351 -0.968389 -0.0114295 0.999908 -0.00735947 -1.91338 -0.0484173 0.00679795 0.998804 96.0339 
0.998808 0.0109433 0.0475719 -0.904395 -0.0106 0.999916 -0.00746137 -1.9695 -0.0476496 0.00694825 0.99884 97.2536 
0.998784 0.0123644 0.0477353 -0.875971 -0.0120401 0.999903 -0.00707452 -1.99623 -0.0478182 0.00649121 0.998835 98.5495 
0.998668 0.0152082 0.0493103 -0.883904 -0.0148779 0.999864 -0.0070596 -2.01176 -0.0494111 0.0063166 0.998759 99.9014 
0.998559 0.0178965 0.0505894 -0.840533 -0.0177322 0.999836 -0.00369352 -2.13475 -0.0506473 0.00279118 0.998713 101.069 
0.998593 0.0162944 0.050455 -0.816226 -0.0161041 0.999862 -0.00417642 -2.18516 -0.0505161 0.00335805 0.998718 102.411 
0.998559 0.0176392 0.050676 -0.762781 -0.0172881 0.999824 -0.0073559 -2.20768 -0.0507969 0.00646925 0.998688 103.734 
0.998396 0.0159062 0.0543346 -0.829934 -0.015541 0.999854 -0.00713507 -2.26018 -0.0544402 0.00627925 0.998497 104.9 
0.998464 0.0122197 0.0540396 -0.762861 -0.0119885 0.999918 -0.00459987 -2.31701 -0.0540914 0.00394499 0.998528 106.22 
0.998413 0.0110488 0.0552203 -0.717955 -0.0109184 0.999937 -0.00266195 -2.35684 -0.0552463 0.00205485 0.998471 107.542 
0.998334 0.0112021 0.0566066 -0.683281 -0.0110592 0.999935 -0.00283523 -2.38948 -0.0566347 0.00220452 0.998393 108.818 
0.998285 0.0102256 0.0576389 -0.661185 -0.0101857 0.999948 -0.000985957 -2.47175 -0.057646 0.000397217 0.998337 110.058 
0.998181 0.0119528 0.0590997 -0.610489 -0.0118607 0.999928 -0.00190791 -2.50047 -0.0591183 0.00120351 0.99825 111.436 
0.998005 0.0167347 0.0608825 -0.572476 -0.0164054 0.999848 -0.00590352 -2.49183 -0.0609721 0.00489298 0.998128 112.819 
0.997772 0.0193653 0.0638377 -0.523691 -0.0190127 0.999801 -0.00612577 -2.51035 -0.0639437 0.00489844 0.997942 114.27 
0.997665 0.0209702 0.0650003 -0.459089 -0.0207045 0.999774 -0.00475787 -2.54295 -0.0650854 0.003401 0.997874 115.616 
0.99747 0.024177 0.0668572 -0.410245 -0.0239394 0.999704 -0.00435323 -2.5462 -0.0669427 0.00274174 0.997753 116.923 
0.997339 0.0248313 0.0685393 -0.364118 -0.0245163 0.999685 -0.00543384 -2.57206 -0.0686527 0.0037391 0.997634 118.197 
0.997202 0.0247884 0.0705212 -0.357711 -0.0243915 0.999681 -0.00648381 -2.57477 -0.0706595 0.0047456 0.997489 119.325 
0.996839 0.0286694 0.0740955 -0.349097 -0.0281959 0.999575 -0.00742845 -2.60636 -0.074277 0.00531581 0.997224 120.627 
0.996696 0.0280118 0.0762365 -0.328483 -0.0274388 0.999587 -0.00855318 -2.58458 -0.0764446 0.00643312 0.997053 121.896 
0.99656 0.0294446 0.0774689 -0.24143 -0.0288114 0.999542 -0.00927905 -2.62605 -0.0777067 0.00701518 0.996952 123.232 
0.996358 0.0313072 0.0793133 -0.163328 -0.0306309 0.999483 -0.00972897 -2.68133 -0.0795769 0.00726414 0.996802 124.606 
0.99626 0.0300004 0.0810269 -0.0924867 -0.0292672 0.999519 -0.0102207 -2.70192 -0.0812946 0.00781113 0.99666 125.898 
0.995963 0.0320074 0.0838695 -0.04558 -0.0313072 0.999463 -0.00964961 -2.7374 -0.0841334 0.00698497 0.99643 127.237 
0.995792 0.0306465 0.0863713 -0.00263869 -0.029913 0.999505 -0.00977301 -2.76444 -0.086628 0.00714829 0.996215 128.567 
0.995749 0.0300694 0.0870592 0.0797 -0.0293475 0.999524 -0.00956035 -2.81956 -0.0873052 0.00696479 0.996157 129.948 
0.995816 0.0276541 0.0870924 0.169558 -0.0269733 0.999596 -0.00898416 -2.85795 -0.0873057 0.00659744 0.99616 131.283 
0.995948 0.0233949 0.0868332 0.244831 -0.0227235 0.999704 -0.00871175 -2.88161 -0.0870114 0.00670333 0.996185 132.829 
0.995935 0.020395 0.0877333 0.285473 -0.0197479 0.999771 -0.00823791 -2.9414 -0.0878812 0.00647192 0.99611 134.09 
0.995969 0.0191995 0.087621 0.357734 -0.0184441 0.999786 -0.00942196 -2.94789 -0.0877832 0.00776792 0.996109 135.385 
0.995894 0.020384 0.0882039 0.430613 -0.0196892 0.999768 -0.00873858 -2.97499 -0.0883616 0.00696607 0.996064 136.771 
0.995892 0.0177484 0.0887964 0.421847 -0.0171528 0.999825 -0.00746593 -3.04017 -0.0889134 0.00591219 0.996022 137.823 
0.995827 0.0185224 0.0893613 0.466906 -0.0178601 0.999807 -0.00820433 -3.08577 -0.0894961 0.00657413 0.995966 139.072 
0.996022 0.0174885 0.0873716 0.613259 -0.0167461 0.999817 -0.00922238 -3.10409 -0.0875169 0.0077226 0.996133 140.587 
0.99591 0.0164861 0.0888373 0.62323 -0.0157864 0.999839 -0.00857175 -3.15097 -0.0889644 0.0071343 0.996009 141.689 
0.996045 0.0128691 0.0879109 0.733794 -0.0120608 0.99988 -0.00971998 -3.21721 -0.0880254 0.00862131 0.996081 143.016 
0.996272 0.00683586 0.0860014 0.815008 -0.00604002 0.999937 -0.00951015 -3.25056 -0.086061 0.00895528 0.99625 144.391 
0.996251 -0.000328219 0.0865103 0.885276 0.000943848 0.999975 -0.00707494 -3.26844 -0.0865058 0.00713011 0.996226 145.79 
0.996401 -0.00602233 0.084552 0.995827 0.00651702 0.999963 -0.00557536 -3.29894 -0.0845153 0.00610636 0.996404 147.131 
0.996437 -0.0082564 0.0839388 1.08795 0.00923636 0.999894 -0.0112925 -3.28433 -0.0838367 0.0120276 0.996407 148.545 
0.996512 -0.00772219 0.0830956 1.21114 0.00884523 0.999874 -0.0131548 -3.34135 -0.0829836 0.013844 0.996455 149.904 
0.996396 -0.00445622 0.0847021 1.27575 0.00582657 0.999856 -0.0159376 -3.37925 -0.0846189 0.0163737 0.996279 151.197 
0.996278 -0.00509722 0.086051 1.35411 0.00650651 0.999849 -0.0161043 -3.42992 -0.085956 0.0166043 0.996161 152.505 
0.996261 -0.00920946 0.0859012 1.4589 0.0103152 0.999869 -0.0124373 -3.47758 -0.0857755 0.0132769 0.996226 153.825 
0.996095 -0.0142059 0.0871345 1.52417 0.0149976 0.999852 -0.00843797 -3.5154 -0.0870017 0.00971187 0.996161 155.115 
0.996024 -0.0170159 0.0874492 1.62038 0.0177697 0.999811 -0.0078484 -3.54402 -0.0872992 0.00937119 0.996138 156.433 
0.995914 -0.0190387 0.0882788 1.70576 0.0197524 0.999779 -0.0072174 -3.58186 -0.0881219 0.00893166 0.99607 157.788 
0.995841 -0.0147758 0.0899075 1.78224 0.0156085 0.999842 -0.00856477 -3.58611 -0.0897668 0.00993251 0.995913 158.986 
0.995624 -0.0125558 0.0926054 1.81979 0.0134102 0.999873 -0.0086082 -3.64082 -0.0924856 0.00981242 0.995666 160.248 
0.995638 -0.0084679 0.0929135 1.88147 0.00944757 0.999904 -0.0101086 -3.68215 -0.092819 0.0109424 0.995623 161.49 
0.995592 -0.00641453 0.0935726 2.00416 0.00745383 0.999914 -0.0107611 -3.71734 -0.0934956 0.0114112 0.995554 162.876 
0.9955 -0.0029948 0.0947126 2.07254 0.00403835 0.999933 -0.0108279 -3.72969 -0.0946739 0.0111617 0.995446 164.173 
0.995605 -0.000552763 0.0936556 2.20697 0.00156171 0.999942 -0.0106995 -3.77124 -0.0936443 0.0107988 0.995547 165.565 
0.995403 0.000236693 0.0957779 2.20508 0.000984394 0.999919 -0.0127012 -3.82839 -0.0957731 0.0127372 0.995322 166.746 
0.995308 0.00547947 0.0966003 2.25792 -0.0040543 0.99988 -0.014943 -3.86569 -0.0966707 0.0144812 0.995211 167.934 
0.995107 0.0122904 0.0980352 2.24312 -0.0106181 0.999789 -0.0175616 -3.88712 -0.0982305 0.0164348 0.995028 169.408 
0.994925 0.015838 0.0993627 2.35194 -0.0142802 0.999764 -0.0163684 -3.92616 -0.0995985 0.0148664 0.994917 170.695 
0.99476 0.017735 0.100686 2.44243 -0.0164677 0.999775 -0.0134032 -3.9733 -0.100901 0.011675 0.994828 172.038 
0.9949 0.0147657 0.0997759 2.58191 -0.0138421 0.999855 -0.00994247 -4.04031 -0.0999083 0.0085107 0.99496 173.394 
0.994835 0.0093221 0.101075 2.62643 -0.00859779 0.999934 -0.00759892 -4.10636 -0.101139 0.00669069 0.99485 174.656 
0.994971 0.00294957 0.10012 2.70819 -0.00232772 0.999977 -0.00632681 -4.17047 -0.100136 0.00606198 0.994955 175.97 
0.99508 0.00183356 0.0990591 2.79019 -0.000854026 0.99995 -0.00992945 -4.22462 -0.0990725 0.00979604 0.995032 177.272 
0.995123 0.00370866 0.0985686 2.82098 -0.00239424 0.999907 -0.0134495 -4.29001 -0.0986093 0.013148 0.995039 178.786 
0.995061 0.0105125 0.0987051 2.90993 -0.00901279 0.999837 -0.0156268 -4.33096 -0.0988534 0.0146601 0.994994 180.087 
0.994967 0.0173477 0.0986863 3.01584 -0.0158475 0.999747 -0.0159651 -4.33362 -0.0989383 0.0143209 0.994991 181.429 
0.994893 0.0204102 0.0988542 3.08645 -0.0192511 0.999735 -0.0126648 -4.38184 -0.0990865 0.0106971 0.995021 182.834 
0.994829 0.0206458 0.0994444 3.19576 -0.0197408 0.999754 -0.0100754 -4.46003 -0.099628 0.00806018 0.994992 184.238 
0.994811 0.0107138 0.101172 3.22159 -0.0101187 0.999928 -0.00639293 -4.52725 -0.101233 0.00533607 0.994848 185.36 
0.994876 0.0100776 0.100599 3.36554 -0.00953868 0.999938 -0.00583592 -4.56757 -0.100651 0.00484648 0.99491 186.732 
0.994464 0.00907366 0.104684 3.40308 -0.00866903 0.999953 -0.00431924 -4.6228 -0.104719 0.00338786 0.994496 187.943 
0.994362 0.00503279 0.105922 3.47327 -0.00472261 0.999984 -0.00317855 -4.68559 -0.105936 0.00266043 0.994369 189.247 
0.994328 0.00270147 0.106326 3.57916 -0.00254461 0.999996 -0.00161052 -4.72735 -0.106329 0.00133086 0.99433 190.659 
0.993949 -0.00146631 0.109834 3.62313 0.00148144 0.999999 -5.57448e-05 -4.77056 -0.109834 0.00021816 0.99395 192.245 
0.993741 -0.00351119 0.111654 3.68059 0.00369546 0.999992 -0.00144308 -4.75168 -0.111648 0.0018467 0.993746 193.594 
0.99358 0.000116631 0.113129 3.76633 0.00050026 0.999985 -0.0054242 -4.81044 -0.113128 0.00544602 0.993566 194.968 
0.993435 0.00370617 0.114341 3.81626 -0.00241453 0.999932 -0.0114324 -4.77455 -0.114375 0.0110813 0.993376 196.292 
0.992984 0.0151204 0.117275 3.91305 -0.0137848 0.999831 -0.0121904 -4.7929 -0.11744 0.0104883 0.993025 197.653 
0.992444 0.0242804 0.120269 4.00928 -0.0233545 0.999686 -0.00910219 -4.83563 -0.120452 0.00622465 0.9927 199.037 
0.992274 0.0240569 0.121711 4.12019 -0.0236236 0.999708 -0.00500128 -4.90367 -0.121796 0.00208742 0.992553 200.37 
0.992027 0.0240315 0.123716 4.20402 -0.0236354 0.99971 -0.00466789 -4.92869 -0.123793 0.00170662 0.992307 201.762 
0.99212 0.0209481 0.123528 4.34621 -0.0205494 0.999779 -0.00450082 -4.96714 -0.123595 0.00192697 0.992331 203.179 
0.992328 0.0201312 0.121987 4.51826 -0.0195778 0.999792 -0.00573259 -4.98459 -0.122077 0.00330041 0.992515 204.627 
0.992511 0.0198323 0.120536 4.70175 -0.0191554 0.999794 -0.00677201 -5.01216 -0.120646 0.00441242 0.992686 206.089 
0.992161 0.0228968 0.122852 4.79892 -0.0220136 0.999721 -0.00854209 -5.0271 -0.123013 0.00577076 0.992388 207.528 
0.992021 0.0213894 0.124247 4.92862 -0.0207227 0.999763 -0.00665571 -5.06612 -0.12436 0.00402791 0.992229 208.852 
0.992138 0.0208478 0.123402 5.09108 -0.0201869 0.999774 -0.00660361 -5.10256 -0.123512 0.00406062 0.992335 210.274 
0.992153 0.0201977 0.123388 5.23941 -0.0194709 0.999785 -0.0070933 -5.14074 -0.123505 0.0046352 0.992333 211.699 
0.992044 0.0206612 0.124182 5.37157 -0.0200162 0.999779 -0.00643908 -5.18713 -0.124288 0.00390224 0.992239 213.167 
0.991885 0.0215663 0.1253 5.51496 -0.0209983 0.999762 -0.00585204 -5.21361 -0.125396 0.00317351 0.992102 214.655 
0.992038 0.0183147 0.124599 5.67309 -0.0177985 0.999828 -0.00525481 -5.24965 -0.124674 0.00299533 0.992193 216.025 
0.992205 0.0182253 0.123281 5.86151 -0.0175455 0.999824 -0.00659753 -5.24902 -0.123379 0.00438312 0.99235 217.538 
0.99205 0.0164508 0.124766 5.98948 -0.0158267 0.999857 -0.00599161 -5.3012 -0.124847 0.00396938 0.992168 218.995 
0.992051 0.0180285 0.12454 6.10071 -0.0173821 0.999829 -0.00627442 -5.32836 -0.124632 0.00405982 0.992195 220.414 
0.991877 0.0201513 0.125594 6.19357 -0.0195162 0.99979 -0.00628436 -5.33813 -0.125694 0.00378223 0.992062 221.846 
0.992003 0.0161795 0.125175 6.3499 -0.0156562 0.999864 -0.00516319 -5.36442 -0.125241 0.00316219 0.992121 223.309 
0.991928 0.0148728 0.125924 6.50033 -0.0142266 0.999881 -0.00602967 -5.39235 -0.125998 0.00418957 0.992022 224.783 
0.991981 0.0141538 0.125589 6.66518 -0.0135955 0.999894 -0.0053012 -5.4437 -0.125651 0.00355128 0.992068 226.232 
0.991778 0.0128472 0.127323 6.78234 -0.0124578 0.999915 -0.00385382 -5.47526 -0.127362 0.00223601 0.991854 227.704 
0.991833 0.0115611 0.127019 6.93594 -0.011145 0.99993 -0.00398597 -5.48269 -0.127056 0.00253783 0.991892 229.158 
0.991923 0.00393471 0.126781 7.12163 -0.00387745 0.999992 -0.000698077 -5.57991 -0.126782 0.000200892 0.991931 230.733 
0.991848 0.00361099 0.127375 7.27345 -0.00340515 0.999993 -0.00183335 -5.58541 -0.127381 0.00138472 0.991853 232.121 
0.991565 0.00461167 0.129531 7.3892 -0.00439017 0.999988 -0.00199518 -5.59583 -0.129538 0.00140972 0.991573 233.343 
0.991414 -0.000125248 0.130757 7.54523 -5.28765e-05 0.999999 0.00135912 -5.65616 -0.130758 -0.00135433 0.991413 234.824 
0.991137 0.00158116 0.132833 7.66379 -0.00177115 0.999998 0.00131246 -5.68369 -0.132831 -0.00153605 0.991138 236.497 
0.991115 0.0013765 0.132998 7.84371 -0.00171983 0.999996 0.00246697 -5.77802 -0.132994 -0.00267375 0.991113 238.011 
0.990645 0.00717661 0.136276 7.94984 -0.00715274 0.999974 -0.000664457 -5.80568 -0.136278 -0.000316469 0.990671 239.474 
0.990535 0.008677 0.136988 8.10693 -0.00867395 0.999962 -0.000618869 -5.83205 -0.136988 -0.000575173 0.990573 241.022 
0.990255 0.0107925 0.138846 8.25721 -0.0107238 0.999942 -0.001243 -5.83295 -0.138851 -0.000258023 0.990313 242.58 
0.989853 0.0128331 0.141512 8.36943 -0.0129118 0.999917 -0.00036195 -5.85186 -0.141505 -0.00146886 0.989936 244.083 
0.989927 0.0142339 0.140861 8.56519 -0.0139048 0.999898 -0.00331978 -5.82794 -0.140894 0.00132774 0.990024 245.572 
0.989586 0.0167894 0.14296 8.76985 -0.0166896 0.999859 -0.00189746 -5.85793 -0.142972 -0.000508195 0.989727 247.193 
0.990211 0.0167372 0.138568 9.005 -0.0166185 0.99986 -0.00201369 -5.88862 -0.138583 -0.000308773 0.990351 248.739 
0.99046 0.0175773 0.136672 9.22234 -0.0175218 0.999845 -0.00160867 -5.90126 -0.136679 -0.000801377 0.990615 250.28 
0.99052 0.0207771 0.13579 9.40697 -0.0205717 0.999784 -0.00291509 -5.90414 -0.135822 9.40541e-05 0.990733 251.799 
0.990572 0.0150587 0.13616 9.58611 -0.0148725 0.999887 -0.00238436 -5.92971 -0.13618 0.000336883 0.990684 253.277 
0.990995 0.0106772 0.133473 9.81652 -0.0106171 0.999943 -0.0011617 -5.98178 -0.133478 -0.000265813 0.991052 254.852 
0.990815 0.0100392 0.13485 9.98184 -0.00983535 0.999949 -0.00217737 -5.98115 -0.134865 0.000831112 0.990864 256.474 
0.990212 0.00947543 0.139248 10.0243 -0.00946171 0.999955 -0.000760171 -6.06058 -0.139249 -0.000564755 0.990257 257.774 
0.989869 0.00586998 0.141862 10.141 -0.00591484 0.999983 -0.000105144 -6.09338 -0.141861 -0.000734976 0.989886 259.12 
0.989497 0.00539495 0.14445 10.3164 -0.00550353 0.999985 0.000352447 -6.11792 -0.144446 -0.00114369 0.989512 260.626 
0.98963 0.0031755 0.143606 10.5197 -0.00287469 0.999993 -0.0023018 -6.10668 -0.143612 0.00186515 0.989632 262.198 
0.989483 0.00605823 0.144523 10.6948 -0.00561353 0.999978 -0.0034843 -6.15724 -0.144541 0.00263641 0.989495 263.676 
0.988647 0.0109433 0.149855 10.8097 -0.0104257 0.999937 -0.00423915 -6.21377 -0.149892 0.00262872 0.988699 265.075 
0.988776 0.0101415 0.149062 11.0532 -0.0096259 0.999945 -0.00417938 -6.25696 -0.149096 0.00269765 0.988819 266.642 
0.988502 0.0120842 0.150724 11.2305 -0.0116551 0.999925 -0.00372989 -6.31684 -0.150758 0.00193034 0.988569 268.048 
0.988084 0.0167091 0.153004 11.4117 -0.0164759 0.99986 -0.00279194 -6.38608 -0.15303 0.000237826 0.988222 269.47 
0.987576 0.0196651 0.155909 11.5983 -0.0193108 0.999806 -0.0037864 -6.41715 -0.155953 0.000728666 0.987764 270.88 
0.98761 0.0200137 0.15565 11.8598 -0.0197009 0.9998 -0.00355194 -6.4823 -0.15569 0.000441531 0.987806 272.343 
0.987373 0.0156932 0.157635 12.0593 -0.0150646 0.999873 -0.00518133 -6.44561 -0.157696 0.00274123 0.987484 273.929 
0.986903 0.0173416 0.16038 12.2284 -0.0163753 0.999839 -0.00734463 -6.46028 -0.160481 0.00462221 0.987028 275.461 
0.986649 0.0153816 0.162136 12.4844 -0.0146196 0.999876 -0.00589204 -6.4966 -0.162206 0.00344305 0.986751 277.043 
0.986529 0.017946 0.162599 12.6952 -0.0172378 0.999835 -0.00576483 -6.53769 -0.162675 0.00288436 0.986675 278.524 
0.986272 0.0167388 0.164277 12.8856 -0.0155494 0.999843 -0.00852333 -6.56586 -0.164394 0.00585194 0.986377 280.008 
0.986252 0.0148827 0.164576 13.1463 -0.0128176 0.999825 -0.0136028 -6.57664 -0.16475 0.0113063 0.986271 281.642 
0.986368 0.0137335 0.163984 13.3897 -0.0116177 0.999837 -0.0138545 -6.60999 -0.164147 0.0117605 0.986366 283.148 
0.98655 0.00737582 0.163294 13.5749 -0.00535398 0.999904 -0.0128179 -6.68454 -0.163373 0.0117713 0.986494 284.532 
0.986581 0.00795633 0.163077 13.8162 -0.00517302 0.999834 -0.0174847 -6.62792 -0.163189 0.0164065 0.986458 286.089 
0.986409 0.0089073 0.164069 13.9914 -0.00599953 0.999816 -0.0182096 -6.67001 -0.164201 0.0169778 0.986281 287.645 
0.98672 0.0101696 0.162113 14.2154 -0.00755204 0.999831 -0.0167541 -6.74864 -0.162256 0.0153074 0.98663 289.162 
0.986808 0.0121176 0.161439 14.4221 -0.00970367 0.999829 -0.0157325 -6.8264 -0.161602 0.0139584 0.986757 290.655 
0.986707 0.00665932 0.162375 14.6398 -0.00484708 0.999922 -0.0115542 -6.93256 -0.162439 0.0106136 0.986662 292.053 
0.986517 0.0132136 0.163127 14.8163 -0.0115889 0.999873 -0.0109073 -6.9603 -0.16325 0.00886981 0.986545 293.521 
0.986542 0.0102107 0.163188 15.0658 -0.00870519 0.999913 -0.00993748 -6.99767 -0.163276 0.0083832 0.986545 295.01 
0.986409 0.00932946 0.164041 15.2705 -0.00772762 0.999916 -0.0104001 -7.02034 -0.164124 0.00899112 0.986399 296.607 
0.986483 0.00920682 0.163608 15.5181 -0.00777068 0.999926 -0.00941549 -7.10616 -0.163682 0.00801691 0.986481 298.176 
0.986379 0.00816043 0.164286 15.7727 -0.00652094 0.999923 -0.0105161 -7.1243 -0.164359 0.00930162 0.986357 299.961 
0.986683 0.0051635 0.162571 16.0571 -0.00317925 0.999917 -0.0124629 -7.18403 -0.162622 0.0117801 0.986618 301.646 
0.986711 0.00665119 0.162351 16.2357 -0.00469368 0.999912 -0.0124376 -7.2467 -0.162419 0.0115103 0.986655 303.105 
0.987022 0.00712736 0.160425 16.4566 -0.00507272 0.9999 -0.0132132 -7.314 -0.160503 0.0122279 0.98696 304.677 
0.987362 0.00863605 0.158248 16.6999 -0.00661198 0.99989 -0.0133122 -7.36472 -0.158345 0.0120977 0.98731 306.262 
0.987255 0.00780663 0.158955 16.8424 -0.00642028 0.999937 -0.00923303 -7.4119 -0.159017 0.00809486 0.987243 307.756 
0.987141 0.00726205 0.159684 17.0827 -0.00597389 0.999946 -0.00854517 -7.41966 -0.159738 0.00748139 0.987131 309.349 
0.987121 0.00426536 0.159917 17.2477 -0.0033232 0.999976 -0.00615823 -7.45998 -0.159939 0.00554753 0.987111 310.776 
0.987297 0.00285773 0.15886 17.4807 -0.00169528 0.999971 -0.00745222 -7.50197 -0.158877 0.00708828 0.987273 312.408 
0.987546 0.00118962 0.157323 17.7094 -3.82347e-05 0.999973 -0.0073211 -7.55306 -0.157328 0.00722395 0.98752 313.95 
0.987344 0.00105725 0.158588 17.9042 0.000131551 0.999972 -0.00748517 -7.57742 -0.158592 0.00741134 0.987316 315.629 
0.986699 0.00344059 0.162524 17.9299 -0.00225301 0.999969 -0.00749053 -7.60975 -0.162545 0.00702477 0.986676 316.996 
0.986313 0.00366351 0.164846 18.0305 -0.00233545 0.999963 -0.00824918 -7.67293 -0.16487 0.00775132 0.986285 318.399 
0.986045 0.0029811 0.166453 18.2108 -0.00174721 0.99997 -0.00755844 -7.73892 -0.166471 0.00716217 0.98602 319.975 
0.985611 -0.000822086 0.169029 18.3535 0.00156083 0.99999 -0.00423741 -7.8282 -0.169024 0.0044403 0.985602 321.401 
0.984667 -0.000398672 0.174444 18.3687 0.00109551 0.999992 -0.00389806 -7.8664 -0.174441 0.00402944 0.984659 322.774 
0.984275 0.000564417 0.176641 18.5284 0.000493064 0.999982 -0.00594238 -7.89198 -0.176642 0.00593607 0.984257 324.22 
0.984075 0.00537824 0.177673 18.7567 -0.00420666 0.999967 -0.00696984 -7.91627 -0.177704 0.00611148 0.984065 325.753 
0.984008 0.00525712 0.178047 19 -0.00370635 0.999952 -0.00904116 -7.96967 -0.178086 0.00823671 0.98398 327.363 
0.983828 0.00814792 0.178931 19.2152 -0.00603924 0.999906 -0.0123262 -8.00734 -0.179015 0.0110463 0.983784 328.959 
0.983525 0.0124962 0.180339 19.3792 -0.0102571 0.999858 -0.0133431 -8.02702 -0.18048 0.0112736 0.983514 330.337 
0.983627 0.010837 0.179893 19.5967 -0.00911444 0.999904 -0.010399 -8.05841 -0.179988 0.00858911 0.983631 331.901 
0.983852 0.010106 0.178699 19.8463 -0.00885902 0.999931 -0.00777474 -8.11103 -0.178765 0.00606613 0.983873 333.5 
0.984012 0.010884 0.177768 20.0833 -0.00958956 0.999921 -0.00813905 -8.15993 -0.177842 0.00630425 0.984039 334.978 
0.984117 0.00885184 0.1773 20.3004 -0.00733364 0.999931 -0.00921611 -8.19383 -0.17737 0.00776951 0.984114 336.507 
0.984409 0.00639168 0.175779 20.5561 -0.00484789 0.999946 -0.00921035 -8.2072 -0.175828 0.00821463 0.984387 338.123 
0.984317 0.00659323 0.176283 20.7722 -0.00521877 0.999952 -0.00825908 -8.25123 -0.176329 0.00720961 0.984305 339.637 
0.984581 0.0054421 0.174844 21.0359 -0.00400275 0.999955 -0.00858352 -8.30912 -0.174883 0.00775135 0.984559 341.187 
0.984269 0.00966179 0.176414 21.2324 -0.00772495 0.999902 -0.0116621 -8.31248 -0.17651 0.0101159 0.984247 342.704 
0.984297 0.00778799 0.17635 21.5185 -0.00570396 0.999908 -0.0123211 -8.37433 -0.17643 0.0111218 0.98425 344.303 
0.984084 0.00820127 0.177517 21.7574 -0.00602169 0.9999 -0.0128131 -8.42074 -0.177605 0.0115403 0.984034 345.865 
0.983876 0.0065381 0.178735 21.9822 -0.00461244 0.999927 -0.011187 -8.50294 -0.178795 0.0101822 0.983834 347.393 
0.983583 0.0119688 0.180057 22.2338 -0.00961125 0.999856 -0.0139601 -8.51275 -0.180198 0.0120003 0.983557 348.987 
0.983137 0.0118003 0.182488 22.4944 -0.00953464 0.999866 -0.0132874 -8.56509 -0.18262 0.0113234 0.983118 350.578 
0.983162 0.0116303 0.182366 22.7942 -0.00916434 0.999855 -0.0143589 -8.59819 -0.182507 0.0124459 0.983126 352.168 
0.983045 0.0107744 0.183049 23.0315 -0.00791115 0.999835 -0.0163648 -8.61909 -0.183195 0.0146392 0.982968 353.664 
0.98232 0.0150472 0.186605 23.2872 -0.011865 0.999765 -0.018158 -8.63577 -0.186834 0.0156229 0.982267 355.416 
0.98159 0.0160371 0.190325 23.4634 -0.013104 0.999775 -0.0166597 -8.68404 -0.19055 0.0138591 0.98158 356.93 
0.981959 0.0106354 0.188796 23.7683 -0.00764458 0.999834 -0.0165624 -8.77618 -0.188941 0.0148204 0.981877 358.502 
0.981902 0.0119055 0.189017 24.0408 -0.00865997 0.999801 -0.0179868 -8.82533 -0.189193 0.0160245 0.981809 360.057 
0.981618 0.0199514 0.18981 24.3371 -0.0166945 0.999685 -0.0187421 -8.83865 -0.190124 0.0152289 0.981642 361.744 
0.982378 0.0152794 0.18628 24.7007 -0.0122298 0.999772 -0.0175089 -8.93733 -0.186505 0.0149222 0.982341 363.32 
0.982582 0.0110239 0.185503 24.977 -0.00808554 0.99983 -0.016589 -9.0245 -0.185654 0.0148002 0.982504 364.831 
0.983065 0.0147745 0.182662 25.3914 -0.0113004 0.999735 -0.020045 -9.01373 -0.182909 0.0176415 0.982972 366.581 
0.983047 0.0156357 0.182685 25.647 -0.0120461 0.999712 -0.0207421 -9.05181 -0.182956 0.0181899 0.982953 368.165 
0.982955 0.016201 0.183132 25.9256 -0.0126161 0.999706 -0.0207233 -9.12859 -0.183414 0.0180597 0.98287 369.784 
0.982817 0.0176989 0.18373 26.163 -0.0141355 0.999686 -0.0206862 -9.1796 -0.184039 0.0177337 0.982759 371.364 
0.982447 0.0225546 0.185171 26.4148 -0.0191348 0.999612 -0.0202344 -9.24761 -0.185556 0.0163361 0.982498 372.854 
0.982249 0.0208941 0.186417 26.6847 -0.0178115 0.999676 -0.0181958 -9.34148 -0.186737 0.0145525 0.982302 374.541 
0.982005 0.0233191 0.187409 26.9451 -0.0199121 0.999601 -0.0200416 -9.39833 -0.187802 0.0159493 0.982078 376.108 
0.981986 0.0295721 0.186625 27.2182 -0.0262549 0.999451 -0.0202216 -9.4475 -0.18712 0.0149576 0.982223 377.763 
0.981945 0.0312814 0.186564 27.5363 -0.0283217 0.999428 -0.0185093 -9.5251 -0.187036 0.0128913 0.982269 379.361 
0.982307 0.0285805 0.185082 27.8419 -0.0254581 0.999491 -0.0192254 -9.58602 -0.185538 0.0141734 0.982535 380.951 
0.981842 0.0291158 0.187454 28.0829 -0.0253672 0.999428 -0.0223655 -9.55593 -0.187998 0.0172042 0.982019 382.694 
0.982548 0.023324 0.184543 28.3493 -0.0199577 0.999599 -0.0200774 -9.66081 -0.184937 0.016044 0.982619 384.216 
0.982246 0.0380474 0.183699 28.6206 -0.0342638 0.999131 -0.0237279 -9.66217 -0.184442 0.0170124 0.982696 385.825 
0.982534 0.036472 0.182472 28.9158 -0.0330012 0.999213 -0.0220217 -9.77289 -0.183132 0.0156153 0.982964 387.526 
0.981746 0.0405096 0.185831 29.184 -0.0360668 0.998978 -0.0272274 -9.78871 -0.186744 0.0200281 0.982204 389.257 
0.981633 0.0392644 0.186694 29.4501 -0.035114 0.999058 -0.025487 -9.89017 -0.187519 0.0184633 0.982087 390.861 
0.981444 0.0426487 0.186944 29.7146 -0.037945 0.998869 -0.0286691 -9.89785 -0.187955 0.0210436 0.981952 392.364 
0.98069 0.0453806 0.19023 29.9427 -0.0405139 0.998746 -0.0293964 -9.94273 -0.191326 0.0211218 0.981299 394.043 
0.980428 0.046488 0.191309 30.2159 -0.0415954 0.998699 -0.0295132 -10.0444 -0.192432 0.0209781 0.981086 395.584 
0.980462 0.0471962 0.190962 30.4923 -0.042342 0.99867 -0.0294225 -10.1219 -0.192097 0.020762 0.981156 397.268 
