1 2.12261e-08 -2.11895e-08 0 2.12261e-08 1 2.10703e-08 0 -2.11895e-08 2.10703e-08 1 0 
0.999975 0.000453627 -0.00702899 -0.00140377 -0.000455287 1 -0.000240571 0.00745342 0.00702884 0.000243808 0.999975 0.0916592 
0.999897 0.00117721 -0.0142722 -0.0168352 -0.00118814 0.999999 -0.000760065 0.0144109 0.0142713 0.000776987 0.999898 0.188483 
0.99978 0.00173607 -0.0208865 -0.0433093 -0.00178261 0.999996 -0.00221183 0.0222741 0.0208826 0.00224862 0.999779 0.317644 
0.999524 0.00212655 -0.0307836 -0.0503058 -0.00221207 0.999994 -0.00274566 0.0146419 0.0307775 0.0028125 0.999522 0.41501 
0.999114 0.00174967 -0.0420604 -0.0753511 -0.00190489 0.999992 -0.00365148 0.00818634 0.0420536 0.0037284 0.999108 0.526032 
0.998414 0.00166162 -0.0562723 -0.0851099 -0.00198433 0.999982 -0.00568019 0.0229541 0.0562618 0.00578289 0.998399 0.655424 
0.997406 0.000769765 -0.0719833 -0.128132 -0.00117694 0.999984 -0.00561485 0.0179924 0.0719778 0.00568505 0.99739 0.782455 
0.995815 -0.000151374 -0.0913887 -0.145097 -0.000290425 0.999988 -0.00482142 0.00927115 0.0913883 0.00482782 0.995804 0.926362 
0.993798 -0.0025436 -0.111169 -0.184625 0.00204511 0.999987 -0.00459819 0.000727308 0.111179 0.00434237 0.993791 1.08807 
0.991074 -0.00190936 -0.1333 -0.235554 0.00124222 0.999986 -0.00508814 0.000389611 0.133308 0.00487718 0.991063 1.25442 
0.987632 0.000973047 -0.156786 -0.303096 -0.00225207 0.999966 -0.00798061 0.0127289 0.156772 0.00823504 0.9876 1.43248 
0.983281 0.00550917 -0.182013 -0.374736 -0.00707651 0.999943 -0.00796306 -0.0113884 0.181959 0.00911799 0.983264 1.60702 
0.977552 0.00840592 -0.210528 -0.41995 -0.010441 0.999909 -0.00855686 -0.0223073 0.210436 0.0105629 0.977551 1.7957 
0.971102 0.0100251 -0.238456 -0.516416 -0.0125713 0.999879 -0.00915964 -0.0217713 0.238335 0.0118927 0.97111 1.97767 
0.96314 0.0125714 -0.268708 -0.610648 -0.0150477 0.999861 -0.00715789 -0.0393692 0.268581 0.0109375 0.963195 2.16611 
0.953835 0.0142606 -0.299991 -0.718684 -0.0169655 0.999836 -0.00641392 -0.0375654 0.299851 0.0112074 0.95392 2.36133 
0.942123 0.0153321 -0.334916 -0.80341 -0.018309 0.999816 -0.00573316 -0.0339906 0.334766 0.0115334 0.942231 2.57285 
0.929598 0.0175971 -0.368154 -0.931563 -0.0213411 0.999754 -0.00610041 -0.0276252 0.367956 0.0135278 0.929745 2.79465 
0.915154 0.0211495 -0.40255 -1.05284 -0.0252001 0.999671 -0.00476836 -0.032168 0.402317 0.0145081 0.915386 2.99218 
0.898877 0.0211544 -0.437691 -1.19222 -0.0258093 0.999656 -0.00468886 -0.0212218 0.437441 0.0155112 0.899113 3.2044 
0.879842 0.0159308 -0.474999 -1.3237 -0.0209961 0.999765 -0.00536059 -0.025801 0.474802 0.0146897 0.87997 3.42249 
0.858472 0.0116947 -0.512726 -1.47891 -0.0169563 0.999841 -0.00558521 -0.0320925 0.512579 0.0134887 0.858534 3.60716 
0.832788 0.0120687 -0.55346 -1.64656 -0.0168667 0.999851 -0.00357649 -0.0193338 0.553334 0.0123135 0.832868 3.8193 
0.803233 0.0175997 -0.595406 -1.8457 -0.0216704 0.999765 0.000317799 -0.033765 0.595271 0.0126474 0.803425 4.00811 
0.768814 0.0200624 -0.639157 -2.04111 -0.0241345 0.999706 0.00234928 -0.0408183 0.639016 0.0136196 0.769073 4.20478 
0.732853 0.0207033 -0.680072 -2.27013 -0.0253582 0.999674 0.00310657 -0.0503827 0.679914 0.0149688 0.733139 4.36519 
0.692013 0.0160385 -0.721706 -2.50135 -0.0180055 0.999826 0.00495447 -0.0554976 0.72166 0.00956617 0.692182 4.54949 
0.648958 0.012784 -0.760717 -2.75399 -0.0143299 0.999887 0.00457863 -0.04026 0.760689 0.00792969 0.649068 4.71129 
0.603317 0.0121146 -0.79741 -3.02965 -0.0126789 0.999904 0.0055982 -0.030299 0.797401 0.00673285 0.603412 4.86661 
0.555488 0.0126524 -0.831429 -3.31642 -0.0119151 0.999903 0.00725561 -0.0183613 0.831439 0.00587618 0.555584 4.98577 
0.50428 0.0131246 -0.863441 -3.54147 -0.00911388 0.99991 0.00987609 -0.020893 0.863492 0.00288903 0.504354 5.09054 
0.450894 0.0142984 -0.892463 -3.84441 -0.00796283 0.999896 0.0119966 -0.0195776 0.892542 0.00169739 0.450961 5.19821 
0.396859 0.0161991 -0.917737 -4.17886 -0.00891273 0.999865 0.0137947 -0.00447821 0.917837 0.00270506 0.396949 5.26758 
0.34139 0.0174762 -0.939759 -4.51991 -0.00988538 0.999839 0.0150023 0.016938 0.93987 0.00416828 0.341508 5.34713 
0.285183 0.0206031 -0.958252 -4.89898 -0.00731792 0.999787 0.0193183 0.0133548 0.958445 0.00150321 0.285273 5.41583 
0.231525 0.0217328 -0.972586 -5.27976 -0.000566238 0.999753 0.0222051 0.0101855 0.972829 -0.00459026 0.23148 5.46281 
0.180211 0.0226929 -0.983366 -5.72032 -0.000922335 0.999737 0.0229017 0.0198703 0.983628 -0.00322009 0.180184 5.50423 
0.133885 0.0227805 -0.990735 -6.13288 -0.00437377 0.99974 0.0223965 0.0261854 0.990987 0.00133474 0.13395 5.49328 
0.0914588 0.0233838 -0.995534 -6.57458 -0.00694512 0.999715 0.022844 0.0374801 0.995785 0.00482486 0.0915952 5.48676 
0.052827 0.0215417 -0.998371 -7.03595 -0.0107783 0.999721 0.0210006 0.0548791 0.998546 0.00965142 0.0530445 5.47108 
0.0186348 0.0175568 -0.999672 -7.49952 -0.0101123 0.999798 0.0173705 0.0891667 0.999775 0.00978531 0.0188086 5.43619 
-0.0133642 0.0140356 -0.999812 -7.99714 -0.00823376 0.999866 0.0141464 0.101794 0.999877 0.00842131 -0.0132468 5.40899 
-0.0406057 0.0132844 -0.999087 -8.5108 -0.00844428 0.999871 0.013638 0.0963783 0.99914 0.00899039 -0.0404883 5.35905 
-0.0618888 0.0101345 -0.998032 -9.02501 -0.00900664 0.999902 0.010712 0.109793 0.998042 0.0096519 -0.0617914 5.30298 
-0.0779358 0.00826139 -0.996924 -9.61347 -0.010146 0.999907 0.00907929 0.13915 0.996907 0.0108224 -0.0778448 5.23344 
-0.0918592 0.00880963 -0.995733 -10.1279 -0.00892948 0.999913 0.00967038 0.141429 0.995732 0.00977973 -0.0917726 5.17537 
-0.10157 0.00995078 -0.994779 -10.6607 -0.0105165 0.999883 0.0110756 0.140821 0.994773 0.0115866 -0.101453 5.10789 
-0.108684 0.0110918 -0.994015 -11.218 -0.0119785 0.999851 0.0124666 0.142199 0.994004 0.0132618 -0.108535 5.03607 
-0.114136 0.0125412 -0.993386 -11.8282 -0.0110744 0.999842 0.0138951 0.138232 0.993403 0.0125871 -0.11398 4.9667 
-0.115383 0.0129344 -0.993237 -12.4389 -0.00925437 0.999858 0.0140957 0.15284 0.993278 0.0108182 -0.115247 4.88353 
-0.11492 0.0141421 -0.993274 -13.0624 -0.00577403 0.999872 0.0149041 0.165202 0.993358 0.00744801 -0.114824 4.81322 
-0.114779 0.0175545 -0.993236 -13.6908 -0.00744386 0.999801 0.0185307 0.154808 0.993363 0.0095205 -0.114626 4.74618 
-0.113991 0.0172584 -0.993332 -14.3232 -0.00826487 0.999798 0.0183191 0.163718 0.993447 0.010298 -0.113826 4.65709 
-0.112418 0.0144083 -0.993557 -14.9945 -0.0105292 0.999821 0.0156905 0.170579 0.993605 0.0122253 -0.112247 4.56204 
-0.111177 0.0136564 -0.993707 -15.6625 -0.0110046 0.999827 0.0149717 0.187083 0.99374 0.0125999 -0.111007 4.47571 
-0.109542 0.016724 -0.993842 -16.3404 -0.0109636 0.999777 0.0180323 0.183872 0.993922 0.0128714 -0.109334 4.39501 
-0.107819 0.019603 -0.993977 -17.062 -0.0105163 0.999727 0.0208572 0.200637 0.994115 0.0127018 -0.107583 4.30622 
-0.105079 0.0214243 -0.994233 -17.8057 -0.00979632 0.999697 0.0225774 0.216235 0.994416 0.0121123 -0.104837 4.19705 
-0.103033 0.0211755 -0.994453 -18.551 -0.012614 0.999665 0.0225934 0.214856 0.994598 0.0148719 -0.102731 4.10191 
-0.101677 0.0169689 -0.994673 -19.3087 -0.0142218 0.999728 0.0185089 0.242221 0.994716 0.0160281 -0.101408 4.01587 
-0.0994732 0.0175399 -0.994886 -20.0522 -0.0154839 0.999696 0.0191728 0.22299 0.99492 0.017312 -0.0991714 3.9153 
-0.0981048 0.0198765 -0.994978 -20.7817 -0.00873664 0.999745 0.0208331 0.221765 0.995138 0.0107366 -0.0979061 3.83403 
-0.0979769 0.0224216 -0.994936 -21.5598 -0.0080351 0.999696 0.0233201 0.216752 0.995156 0.0102793 -0.0977669 3.76696 
-0.096464 0.0248735 -0.995026 -22.3267 -0.0094582 0.99962 0.0259053 0.205547 0.995292 0.0119101 -0.0961921 3.67452 
-0.0954647 0.0196181 -0.99524 -23.1148 -0.00615169 0.999775 0.0202975 0.21951 0.995414 0.00806014 -0.0953225 3.5727 
-0.0945163 0.0130072 -0.995438 -23.9 -0.00478833 0.999897 0.0135201 0.212221 0.995512 0.0060444 -0.0944443 3.47663 
-0.0956762 0.00819036 -0.995379 -24.6829 -0.00263297 0.999961 0.00848115 0.222315 0.995409 0.00343229 -0.0956509 3.41066 
-0.0968256 0.00916008 -0.995259 -25.497 -0.00175441 0.999955 0.00937398 0.221068 0.9953 0.00265377 -0.0968051 3.32749 
-0.0966646 0.0163774 -0.995182 -26.3316 -0.00203249 0.999859 0.0166518 0.224929 0.995315 0.00363238 -0.0966177 3.22251 
-0.0966683 0.0236288 -0.995036 -27.1638 -0.00134543 0.999714 0.0238706 0.225311 0.995316 0.00364632 -0.0966088 3.12425 
-0.098114 0.0279371 -0.994783 -28.0227 -0.00110341 0.999602 0.0281813 0.240508 0.995175 0.00386267 -0.0980442 3.04006 
-0.0980194 0.028232 -0.994784 -28.8744 -0.00210065 0.999589 0.0285754 0.236006 0.995182 0.00489067 -0.0979199 2.92727 
-0.0972847 0.0247735 -0.994948 -29.7108 -0.00421177 0.999671 0.0253029 0.243042 0.995248 0.00665212 -0.0971483 2.80565 
-0.0980191 0.0225422 -0.994929 -30.5418 -0.00473378 0.999722 0.0231171 0.238714 0.995173 0.00697574 -0.0978851 2.7255 
-0.0986021 0.0231721 -0.994857 -31.3933 -0.00699287 0.999688 0.0239777 0.247606 0.995102 0.0093212 -0.0984093 2.63556 
-0.0981939 0.0248523 -0.994857 -32.2239 -0.00697842 0.999646 0.0256608 0.26035 0.995143 0.0094623 -0.0979857 2.54288 
-0.0959593 0.0236918 -0.995103 -33.1035 -0.00862276 0.999659 0.0246318 0.253237 0.995348 0.0109442 -0.0957223 2.37441 
-0.0959889 0.0190913 -0.995199 -33.9313 -0.00982522 0.999749 0.0201263 0.235775 0.995334 0.01171 -0.0957773 2.27807 
-0.0949774 0.0150557 -0.995366 -34.7514 -0.0120855 0.999795 0.0162758 0.236901 0.995406 0.0135754 -0.0947759 2.17464 
-0.0956664 0.0158165 -0.995288 -35.5728 -0.0125896 0.999775 0.0170979 0.220655 0.995334 0.014166 -0.0954457 2.09644 
-0.0956082 0.0195502 -0.995227 -36.3804 -0.0111906 0.999723 0.0207136 0.190536 0.995356 0.0131176 -0.0953629 2.01628 
-0.0971687 0.0236611 -0.994987 -37.2134 -0.00919373 0.999653 0.0246699 0.219619 0.995226 0.0115448 -0.0969175 1.97332 
-0.0970999 0.0285595 -0.994865 -38.066 -0.00947203 0.999516 0.0296175 0.239669 0.99523 0.0122993 -0.0967824 1.89561 
-0.0970515 0.0318485 -0.99477 -38.902 -0.0106571 0.999397 0.0330364 0.244886 0.995222 0.0138077 -0.0966536 1.79224 
-0.0976371 0.0321241 -0.994704 -39.6998 -0.010751 0.999387 0.0333306 0.256847 0.995164 0.0139484 -0.0972319 1.71227 
-0.0978486 0.0271868 -0.99483 -40.4985 -0.0101876 0.999547 0.0283177 0.276327 0.995149 0.0129058 -0.0975273 1.63276 
-0.0978529 0.0225306 -0.994946 -41.3251 -0.0107578 0.999661 0.0236954 0.295827 0.995143 0.0130221 -0.0975774 1.5342 
-0.0974361 0.0191387 -0.995058 -42.1306 -0.0152199 0.99967 0.0207177 0.312373 0.995125 0.0171634 -0.0971126 1.42989 
-0.0984419 0.0168178 -0.995001 -42.9558 -0.0167071 0.999688 0.01855 0.313814 0.995003 0.0184497 -0.0981302 1.3357 
-0.0987943 0.0151008 -0.994993 -43.7956 -0.0147354 0.999753 0.0166361 0.311706 0.994999 0.0163052 -0.0985474 1.23184 
-0.100042 0.0111027 -0.994921 -44.6022 -0.00997562 0.999876 0.0121611 0.322378 0.994933 0.0111416 -0.0999189 1.14175 
-0.101779 0.0107791 -0.994749 -45.4174 -0.00619883 0.999915 0.0114693 0.299037 0.994788 0.00733365 -0.101703 1.06425 
-0.103621 0.0131361 -0.99453 -46.2367 -0.00555142 0.99989 0.0137853 0.315793 0.994601 0.00694954 -0.103537 0.956365 
-0.105898 0.0206573 -0.994162 -47.0626 -0.0021224 0.999777 0.0210001 0.30133 0.994375 0.00433391 -0.10583 0.863803 
-0.107769 0.0241416 -0.993883 -47.8785 -0.000288079 0.999704 0.0243142 0.307522 0.994176 0.00290667 -0.10773 0.768225 
-0.108923 0.023757 -0.993766 -48.6819 -0.00040073 0.999713 0.0239431 0.301101 0.99405 0.00300624 -0.108883 0.661788 
-0.110033 0.0193121 -0.99374 -49.4701 -0.00355948 0.999797 0.019824 0.305912 0.993922 0.00571853 -0.109942 0.552867 
-0.110952 0.0164934 -0.993689 -50.2629 -0.00967455 0.999797 0.017675 0.29482 0.993779 0.0115746 -0.11077 0.436364 
-0.111603 0.0141895 -0.993652 -51.0461 -0.0136765 0.999781 0.0158132 0.294238 0.993659 0.0153545 -0.111385 0.314177 
-0.111987 0.0144877 -0.993604 -51.8366 -0.0162779 0.999733 0.0164117 0.296198 0.993576 0.0180117 -0.111721 0.201916 
-0.113106 0.015946 -0.993455 -52.6154 -0.0162177 0.999708 0.0178928 0.295618 0.993451 0.0181353 -0.112815 0.0981098 
-0.113859 0.0153203 -0.993379 -53.4025 -0.0188223 0.999668 0.0175747 0.287921 0.993319 0.0206988 -0.113533 -0.0150904 
-0.114297 0.0149556 -0.993334 -54.1757 -0.0215762 0.999614 0.0175328 0.279644 0.993212 0.0234364 -0.113931 -0.122979 
-0.115593 0.0164009 -0.993161 -54.9118 -0.0209441 0.999601 0.0189449 0.285612 0.993076 0.0229908 -0.115203 -0.206395 
-0.115111 0.0194953 -0.993161 -55.7476 -0.0230116 0.999487 0.0222866 0.291878 0.993086 0.0254198 -0.114603 -0.314631 
-0.117227 0.0248923 -0.992793 -56.4435 -0.0215095 0.999388 0.0275974 0.266366 0.992872 0.0245897 -0.11662 -0.389773 
-0.117249 0.027276 -0.992728 -57.187 -0.0220339 0.999305 0.0300591 0.257796 0.992858 0.0253981 -0.116567 -0.511295 
-0.118427 0.0274905 -0.992582 -57.9468 -0.0210591 0.999322 0.0301898 0.237021 0.992739 0.0244782 -0.117768 -0.597102 
-0.118557 0.0252765 -0.992626 -58.7163 -0.0198747 0.999415 0.0278232 0.244603 0.992748 0.0230268 -0.117985 -0.722577 
-0.119328 0.0218875 -0.992614 -59.41 -0.020421 0.999491 0.024494 0.247937 0.992645 0.023193 -0.11882 -0.798932 
-0.120831 0.0195249 -0.992481 -60.1036 -0.0203315 0.999548 0.0221392 0.237556 0.992465 0.0228538 -0.120379 -0.868614 
-0.11965 0.0163967 -0.992681 -60.8325 -0.0190261 0.999642 0.018805 0.25419 0.992634 0.0211369 -0.119295 -0.976663 
-0.118042 0.0151307 -0.992893 -61.5322 -0.0203763 0.999637 0.017656 0.254762 0.9928 0.0223157 -0.117691 -1.07078 
-0.113353 0.0145367 -0.993448 -62.2254 -0.0189045 0.99968 0.0167849 0.273432 0.993375 0.0206833 -0.113042 -1.17046 
-0.108182 0.0154518 -0.994011 -62.875 -0.016992 0.999704 0.0173896 0.278182 0.993986 0.0187715 -0.107887 -1.2408 
-0.101421 0.0170978 -0.994697 -63.5281 -0.0156837 0.999701 0.018783 0.275622 0.99472 0.0175056 -0.101122 -1.3105 
-0.0924783 0.0185962 -0.995541 -64.162 -0.0160429 0.999668 0.0201636 0.273734 0.995585 0.0178361 -0.0921492 -1.38042 
-0.0807864 0.0200202 -0.99653 -64.7845 -0.0179339 0.999607 0.0215359 0.274184 0.99657 0.0196115 -0.0803956 -1.44228 
-0.067163 0.0217233 -0.997506 -65.3606 -0.0195727 0.999542 0.0230855 0.260179 0.99755 0.0210744 -0.0667071 -1.47969 
-0.0502054 0.0217122 -0.998503 -65.9462 -0.0192661 0.999557 0.0227038 0.268982 0.998553 0.0203772 -0.0497649 -1.48272 
-0.0285313 0.0225159 -0.999339 -66.5075 -0.0205989 0.999521 0.0231081 0.267739 0.999381 0.0212446 -0.0280538 -1.47982 
-0.00362973 0.0228667 -0.999732 -67.0345 -0.0182314 0.999571 0.0229292 0.266312 0.999827 0.0183098 -0.00321128 -1.46706 
0.0255421 0.0226834 -0.999416 -67.5568 -0.0167379 0.999612 0.0222601 0.263314 0.999534 0.0161596 0.0259118 -1.43361 
0.0594048 0.023452 -0.997958 -68.0461 -0.0146147 0.999637 0.0226215 0.24818 0.998127 0.0132411 0.059726 -1.38432 
0.0967897 0.0232014 -0.995034 -68.4993 -0.0133564 0.999669 0.0220102 0.257143 0.995215 0.0111598 0.0970675 -1.3143 
0.13877 0.0226728 -0.990065 -68.9585 -0.0124112 0.999699 0.0211538 0.263834 0.990247 0.00935243 0.13901 -1.24166 
0.184049 0.023952 -0.982625 -69.4048 -0.0111319 0.99969 0.0222829 0.262313 0.982854 0.00683736 0.184258 -1.12998 
0.23299 0.0224459 -0.97222 -69.8263 -0.00660793 0.999747 0.0214978 0.266283 0.972457 0.00141564 0.233079 -1.00614 
0.283984 0.0193446 -0.958634 -70.1988 0.00208232 0.999782 0.0207918 0.234354 0.958827 -0.00790068 0.283882 -0.875758 
0.336136 0.0141968 -0.941706 -70.5676 0.00715511 0.999819 0.0176268 0.236999 0.941786 -0.012663 0.335974 -0.715458 
0.389865 0.0093374 -0.920825 -70.9857 0.0129908 0.999793 0.0156383 0.241993 0.92078 -0.018059 0.389663 -0.518186 
0.441603 0.00862064 -0.897169 -71.339 0.013033 0.999787 0.0160218 0.247333 0.897116 -0.0187681 0.441396 -0.310699 
0.490306 0.00723743 -0.87152 -71.7215 0.015741 0.999729 0.0171578 0.249818 0.871408 -0.0221312 0.490059 -0.0577115 
0.53643 0.00305687 -0.843939 -72.0788 0.0231196 0.999565 0.018316 0.261703 0.843628 -0.0293367 0.536126 0.203522 
0.581368 -0.00428249 -0.81363 -72.3964 0.035944 0.999145 0.0204243 0.266016 0.812847 -0.0411191 0.581025 0.488731 
0.625223 -0.00709297 -0.780414 -72.7032 0.0354565 0.999184 0.0193244 0.255339 0.77964 -0.0397528 0.624965 0.776809 
0.667394 -0.0119854 -0.744608 -72.9717 0.0332213 0.999354 0.0136905 0.257173 0.743963 -0.0338737 0.667361 1.05456 
0.709234 -0.01742 -0.704758 -73.2612 0.0284151 0.999589 0.00388808 0.242656 0.7044 -0.0227833 0.709437 1.3647 
0.750363 -0.0198705 -0.660727 -73.5598 0.0232474 0.999723 -0.00366414 0.242997 0.660617 -0.0126107 0.750617 1.70502 
0.788552 -0.021503 -0.614592 -73.8249 0.0227225 0.999725 -0.00582368 0.242308 0.614548 -0.00937274 0.788824 2.08876 
0.823528 -0.0242922 -0.566755 -74.064 0.0240678 0.999679 -0.00787634 0.261731 0.566764 -0.00715409 0.823849 2.48377 
0.8559 -0.0216915 -0.516687 -74.3109 0.0200742 0.999761 -0.00871871 0.248246 0.516752 -0.00290969 0.85613 2.91042 
0.882465 -0.0214644 -0.469889 -74.4869 0.0204413 0.999765 -0.00727977 0.23801 0.469934 -0.00318093 0.882696 3.32315 
0.905446 -0.0143656 -0.424219 -74.7261 0.0132686 0.999897 -0.00553988 0.226603 0.424254 -0.000612688 0.905543 3.80221 
0.924344 -0.00860697 -0.381462 -74.944 0.00705903 0.99996 -0.00545712 0.194192 0.381494 0.00235156 0.924368 4.27931 
0.938409 -0.00365169 -0.345507 -75.124 0.00247707 0.99999 -0.00384127 0.186625 0.345518 0.00274888 0.938408 4.83938 
0.948979 -0.00312596 -0.315324 -75.3063 0.00268846 0.999995 -0.00182253 0.190398 0.315328 0.000881859 0.948982 5.39296 
0.956867 -0.00503313 -0.290482 -75.4783 0.00513144 0.999987 -0.000423419 0.184431 0.29048 -0.00108539 0.95688 5.95815 
0.962951 -0.00639598 -0.269599 -75.6388 0.00698463 0.999975 0.00122403 0.182685 0.269585 -0.00306169 0.962972 6.54576 
0.967846 -0.00386012 -0.251515 -75.7864 0.00498228 0.99998 0.00382484 0.181557 0.251495 -0.00495493 0.967846 7.16192 
0.971662 -0.000959656 -0.236374 -75.9475 0.00211166 0.999987 0.00462037 0.183261 0.236367 -0.00498854 0.971651 7.79187 
0.974815 0.00340707 -0.22299 -76.1053 -0.00223872 0.999982 0.00549189 0.182164 0.223004 -0.00485432 0.974805 8.40177 
0.977808 0.00183638 -0.209496 -76.2449 -0.000488389 0.999979 0.00648583 0.165182 0.209503 -0.00623953 0.977788 9.02941 
0.98073 0.0022169 -0.195356 -76.3983 -0.00103201 0.99998 0.00616666 0.16618 0.195366 -0.00584617 0.980713 9.70669 
0.983253 0.00159242 -0.18224 -76.5161 -0.000413007 0.999979 0.0065093 0.160489 0.182247 -0.00632498 0.983232 10.4119 
0.985796 0.00364882 -0.167906 -76.6564 -0.00257513 0.999975 0.0066117 0.166243 0.167925 -0.00608536 0.985781 11.0911 
0.987759 0.00338383 -0.155954 -76.7613 -0.00279499 0.999988 0.0039946 0.152947 0.155966 -0.00350977 0.987756 11.8154 
0.989385 0.00343057 -0.145279 -76.8722 -0.00347434 0.999994 -4.78542e-05 0.127473 0.145278 0.00055214 0.989391 12.5312 
0.990785 0.00119173 -0.135437 -76.9892 -0.00208657 0.999977 -0.00646558 0.126769 0.135427 0.00668865 0.990765 13.2517 
0.991926 0.00129999 -0.126812 -77.1038 -0.00211179 0.999978 -0.00626769 0.113012 0.126801 0.00648493 0.991907 13.9874 
0.992705 0.00346753 -0.120515 -77.2081 -0.00351607 0.999994 -0.000190445 0.105666 0.120514 0.00061284 0.992712 14.7442 
0.99313 0.00636161 -0.116842 -77.2974 -0.00542015 0.99995 0.00837322 0.0875858 0.116889 -0.00768235 0.993115 15.5164 
0.993529 0.00722514 -0.113353 -77.4021 -0.00594932 0.999915 0.0115891 0.0855344 0.113427 -0.0108397 0.993487 16.2991 
0.993914 0.00601698 -0.109992 -77.4909 -0.00487643 0.999932 0.0106351 0.0792688 0.110048 -0.010034 0.993876 17.0959 
0.994316 0.00760923 -0.106197 -77.5987 -0.00662156 0.999932 0.00964946 0.0702125 0.106263 -0.00889138 0.994298 17.8559 
0.994694 0.00719636 -0.102623 -77.6939 -0.00611321 0.999922 0.0108649 0.0696753 0.102693 -0.0101798 0.994661 18.6228 
0.994877 0.00306536 -0.101044 -77.7625 -0.00166031 0.999901 0.0139861 0.0561471 0.101077 -0.0137466 0.994784 19.3826 
0.995069 0.000855119 -0.0991775 -77.842 0.000700989 0.999877 0.0156538 0.0523024 0.0991786 -0.0156461 0.994947 20.1566 
0.995511 0.0018981 -0.094632 -77.9517 -0.00082573 0.999935 0.0113694 0.0518412 0.0946474 -0.0112402 0.995447 20.9111 
0.995578 0.00495547 -0.0938063 -78.0192 -0.00441054 0.999972 0.00601511 0.029755 0.0938334 -0.00557473 0.995572 21.6283 
0.995721 0.00489183 -0.0922831 -78.1118 -0.005105 0.999985 -0.00207451 0.0297218 0.0922715 0.00253678 0.995731 22.3948 
0.995816 0.00490286 -0.0912478 -78.1813 -0.00546762 0.999967 -0.00594083 0.0103967 0.0912157 0.00641492 0.995811 23.138 
0.995975 0.00614703 -0.0894228 -78.2642 -0.00663 0.999965 -0.00510536 0.00514868 0.0893882 0.00567772 0.995981 23.8908 
0.996216 0.00880937 -0.0864693 -78.3592 -0.00893008 0.99996 -0.00100964 -0.0187841 0.0864568 0.00177804 0.996254 24.6543 
0.996377 0.0136781 -0.0839347 -78.4506 -0.0133021 0.999899 0.00503674 -0.0397776 0.083995 -0.00390194 0.996459 25.3994 
0.996711 0.0123648 -0.0800932 -78.5515 -0.0119162 0.999911 0.00607601 -0.0369607 0.0801612 -0.00510157 0.996769 26.1712 
0.996865 0.00916884 -0.0785915 -78.624 -0.008735 0.999945 0.00586173 -0.0478849 0.0786409 -0.00515682 0.99689 26.8998 
0.996945 0.0068263 -0.0778148 -78.683 -0.00640985 0.999964 0.00559971 -0.0612769 0.0778502 -0.00508377 0.996952 27.6496 
0.996954 0.00623726 -0.0777489 -78.7383 -0.00597531 0.999976 0.00360093 -0.0729025 0.0777694 -0.00312535 0.996967 28.3817 
0.996998 0.00464613 -0.0772876 -78.8052 -0.00450504 0.999988 0.00199933 -0.0788332 0.0772959 -0.0016451 0.997007 29.124 
0.996985 0.00386136 -0.0775015 -78.8673 -0.00374843 0.999992 0.00160205 -0.0757078 0.077507 -0.00130667 0.996991 29.8488 
0.996908 0.00656902 -0.0783012 -78.9156 -0.00650535 0.999978 0.00106757 -0.0617388 0.0783065 -0.000554851 0.996929 30.6225 
0.996832 0.00595682 -0.0793135 -78.9708 -0.0058886 0.999982 0.0010934 -0.101004 0.0793186 -0.000622847 0.996849 31.3934 
0.99663 0.00390366 -0.0819375 -79.0288 -0.00387372 0.999992 0.000523888 -0.106353 0.0819389 -0.000204676 0.996637 32.1808 
0.996636 0.00235255 -0.0819207 -79.1419 -0.00227139 0.999997 0.00108341 -0.11741 0.0819229 -0.000893649 0.996638 32.8755 
0.996481 0.00395351 -0.083725 -79.2463 -0.00393806 0.999992 0.000349262 -0.129827 0.0837257 -1.82752e-05 0.996489 33.6357 
0.996368 0.00985122 -0.0845853 -79.3823 -0.00989111 0.999951 -5.29531e-05 -0.127435 0.0845806 0.000889447 0.996416 34.3842 
0.996158 0.0109905 -0.0868846 -79.4702 -0.0114428 0.999923 -0.00471042 -0.145129 0.0868262 0.00568657 0.996207 35.1372 
0.995984 0.0122638 -0.0886878 -79.5728 -0.0131286 0.999872 -0.00917519 -0.146179 0.0885638 0.0103027 0.996017 35.9438 
0.995854 0.0100255 -0.0904131 -79.663 -0.0110345 0.999882 -0.0106682 -0.163806 0.0902955 0.0116217 0.995847 36.7604 
0.995571 0.0106182 -0.0934167 -79.7483 -0.0115153 0.999893 -0.00907058 -0.18736 0.0933103 0.0101062 0.995586 37.5712 
0.995478 0.00963568 -0.0944981 -79.858 -0.010599 0.999897 -0.00969794 -0.196445 0.0943949 0.0106557 0.995478 38.3935 
0.995329 0.00793911 -0.0962154 -79.9607 -0.00873368 0.999931 -0.00784028 -0.227954 0.0961465 0.00864401 0.99533 39.2014 
0.995263 0.00873454 -0.0968233 -80.0572 -0.0092069 0.999948 -0.00443329 -0.229355 0.0967795 0.00530378 0.995292 40.0245 
0.995208 0.00847808 -0.0974132 -80.1607 -0.00840876 0.999964 0.0011218 -0.257851 0.0974191 -0.000297261 0.995243 40.8386 
0.995208 0.00787169 -0.0974656 -80.2421 -0.00755189 0.999965 0.0036492 -0.279052 0.0974909 -0.00289562 0.995232 41.7053 
0.995338 0.0109427 -0.0958261 -80.3394 -0.0105679 0.999934 0.00441735 -0.29503 0.0958681 -0.00338403 0.995388 42.5676 
0.995428 0.0119244 -0.0947653 -80.4248 -0.0116529 0.999926 0.00341771 -0.306976 0.094799 -0.00229775 0.995494 43.4475 
0.995531 0.00825721 -0.0940705 -80.4972 -0.00804605 0.999964 0.00262335 -0.33879 0.0940887 -0.00185469 0.995562 44.1986 
0.995804 0.00636282 -0.091294 -80.5909 -0.00633033 0.99998 0.000644944 -0.34891 0.0912962 -6.4272e-05 0.995824 45.0801 
0.996024 0.00556787 -0.0889093 -80.6861 -0.00565194 0.999984 -0.000694312 -0.351359 0.088904 0.00119411 0.99604 45.9535 
0.996104 0.00227325 -0.0881544 -80.7757 -0.00197849 0.999992 0.00343044 -0.380286 0.0881615 -0.00324262 0.996101 46.8177 
0.99623 0.000544215 -0.0867467 -80.8679 7.45541e-06 0.99998 0.00635864 -0.397474 0.0867483 -0.00633527 0.99621 47.6957 
0.996457 -0.00190966 -0.0840881 -80.9966 0.00239344 0.999981 0.00565234 -0.404049 0.0840756 -0.00583353 0.996442 48.5234 
0.996665 0.00197625 -0.0815773 -81.1089 -0.00182804 0.999997 0.00189089 -0.400609 0.0815808 -0.00173541 0.996665 49.3535 
0.996733 0.00189805 -0.0807435 -81.204 -0.00220446 0.999991 -0.00370646 -0.428516 0.0807357 0.0038724 0.996728 50.2115 
0.996888 0.00314766 -0.0787689 -81.3087 -0.00384357 0.999955 -0.00868525 -0.454287 0.0787379 0.00896102 0.996855 51.0234 
0.996896 0.00680381 -0.078435 -81.3906 -0.00802051 0.999852 -0.0152082 -0.475366 0.0783199 0.0157901 0.996803 51.8672 
0.996897 0.00787113 -0.0783277 -81.4679 -0.00916912 0.999826 -0.016226 -0.496152 0.0781864 0.0168939 0.996796 52.7131 
0.997007 0.00514832 -0.0771431 -81.5537 -0.00597397 0.999927 -0.0104764 -0.520587 0.0770835 0.0109059 0.996965 53.567 
0.996879 0.00375934 -0.0788583 -81.6324 -0.00394901 0.99999 -0.00224985 -0.533731 0.078849 0.00255428 0.996883 54.414 
0.996736 0.00202729 -0.0807104 -81.703 -0.00171603 0.999991 0.00392523 -0.53557 0.0807176 -0.00377387 0.99673 55.2388 
0.996663 0.00235425 -0.08159 -81.8077 -0.00211028 0.999993 0.00307581 -0.567064 0.0815967 -0.00289332 0.996661 56.0764 
0.996488 -0.00236225 -0.0837078 -81.8913 0.00232547 0.999997 -0.00053745 -0.580748 0.0837087 0.000340947 0.99649 56.9067 
0.996261 -0.00428213 -0.0862892 -81.9704 0.00415446 0.99999 -0.00165957 -0.605318 0.0862954 0.00129492 0.996269 57.735 
0.996052 -0.00215665 -0.0887416 -82.0613 0.00190782 0.999994 -0.00288919 -0.637728 0.0887473 0.00270853 0.996051 58.5351 
0.995718 -0.000365414 -0.092447 -82.1586 -0.000154361 0.999984 -0.00561563 -0.665791 0.0924476 0.0056059 0.995702 59.3473 
0.995321 -0.00136075 -0.0966119 -82.2547 0.000483079 0.999958 -0.00910778 -0.688614 0.0966202 0.00901854 0.995281 60.1622 
0.995036 0.000252098 -0.099517 -82.3481 -0.00158337 0.99991 -0.013299 -0.706428 0.0995047 0.0133906 0.994947 60.9603 
0.994604 0.00513147 -0.103622 -82.4443 -0.00657174 0.999886 -0.013563 -0.732296 0.103541 0.0141708 0.994524 61.7627 
0.994232 0.00746699 -0.106993 -82.5482 -0.00877601 0.999892 -0.0117694 -0.754985 0.106894 0.0126405 0.99419 62.5655 
0.993756 0.00829279 -0.11127 -82.6533 -0.00902398 0.999941 -0.00606961 -0.778615 0.111213 0.00703586 0.993772 63.3708 
0.993252 0.00990789 -0.115549 -82.7659 -0.0100979 0.999948 -0.00105916 -0.793867 0.115533 0.00221885 0.993301 64.1702 
0.992704 0.00956594 -0.120195 -82.8752 -0.00922532 0.999952 0.00338966 -0.816856 0.120222 -0.00225605 0.992745 64.9751 
0.991858 0.00837014 -0.127071 -82.9918 -0.0078741 0.999959 0.00440518 -0.825527 0.127102 -0.0033687 0.991884 65.7503 
0.991138 0.00770851 -0.132612 -83.1131 -0.00680942 0.999951 0.00723174 -0.832389 0.132661 -0.0062646 0.991142 66.5445 
0.990269 0.00723684 -0.138978 -83.2384 -0.0064531 0.999961 0.00608878 -0.823085 0.139016 -0.00513265 0.990277 67.2846 
0.989617 0.0143468 -0.143013 -83.3989 -0.0139228 0.999895 0.00396532 -0.819437 0.143055 -0.00193297 0.989713 68.0509 
0.988682 0.0164051 -0.149129 -83.5366 -0.0165278 0.999863 0.000416388 -0.842417 0.149115 0.00205313 0.988818 68.8228 
0.987939 0.0165242 -0.153961 -83.6967 -0.017047 0.999853 -0.00207586 -0.856356 0.153903 0.00467543 0.988075 69.5336 
0.986938 0.0170531 -0.160193 -83.8228 -0.0179 0.999832 -0.00384547 -0.861538 0.160101 0.00666275 0.987078 70.2904 
0.986245 0.0178644 -0.16432 -83.9751 -0.0181489 0.999835 -0.000230184 -0.851151 0.164288 0.00320928 0.986407 71.0584 
0.985184 0.017754 -0.17058 -84.1295 -0.0176281 0.999842 0.00225243 -0.846193 0.170593 0.000787986 0.985341 71.7877 
0.98433 0.0178054 -0.175433 -84.2964 -0.0174296 0.999841 0.00368251 -0.846923 0.175471 -0.000567042 0.984485 72.5535 
0.983377 0.021039 -0.180351 -84.4735 -0.021452 0.99977 -0.000340022 -0.839625 0.180302 0.00420332 0.983602 73.2464 
0.98176 0.0162489 -0.18943 -84.6452 -0.0175478 0.999833 -0.00518174 -0.906141 0.189314 0.00841135 0.981881 73.9745 
0.980293 0.0153529 -0.196953 -84.8358 -0.0170395 0.999831 -0.00687207 -0.92772 0.196814 0.0100927 0.980389 74.7162 
0.978592 0.0146705 -0.205286 -85.0402 -0.0158562 0.999866 -0.00413187 -0.93403 0.205198 0.00729852 0.978693 75.4635 
0.976285 0.0184201 -0.215703 -85.2292 -0.01844 0.999828 0.0019202 -0.95204 0.215701 0.00210293 0.976457 76.2055 
0.97324 0.0197664 -0.228939 -85.4054 -0.0178364 0.999786 0.0104966 -0.975273 0.229098 -0.00613227 0.973384 76.9674 
0.970614 0.0210805 -0.239718 -85.6091 -0.0184582 0.999743 0.013179 -0.987449 0.239935 -0.00836689 0.970753 77.6991 
0.967428 0.0218583 -0.2522 -85.7961 -0.0202028 0.999754 0.00915191 -1.01057 0.252338 -0.00375862 0.967632 78.4069 
0.964044 0.0205141 -0.264948 -86.0074 -0.021183 0.999776 0.000332438 -1.02518 0.264896 0.00529197 0.964263 79.097 
0.960512 0.0158606 -0.277787 -86.2228 -0.017802 0.999832 -0.00446808 -1.04022 0.277669 0.00923686 0.960632 79.8252 
0.956647 0.0151835 -0.290854 -86.4336 -0.0156668 0.999877 0.000667133 -1.05488 0.290829 0.00391859 0.956767 80.5508 
0.952991 0.0165266 -0.302547 -86.6855 -0.0145506 0.999856 0.00878381 -1.0668 0.302648 -0.00396859 0.953094 81.256 
0.949232 0.018415 -0.314038 -86.9378 -0.0147467 0.999793 0.0140526 -1.07294 0.314232 -0.00870805 0.949306 81.9629 
0.944808 0.0155618 -0.327255 -87.1917 -0.0127792 0.999862 0.0106514 -1.06076 0.327375 -0.00588145 0.944876 82.7209 
0.940994 0.0131097 -0.338169 -87.4626 -0.0121212 0.999914 0.00503447 -1.05226 0.338206 -0.000638341 0.941072 83.4135 
0.938065 0.00941479 -0.346332 -87.7532 -0.0102221 0.999948 -0.000504556 -1.0769 0.346309 0.0040136 0.938112 84.0919 
0.934559 0.00643248 -0.35575 -88.0226 -0.00908365 0.999942 -0.00578251 -1.08609 0.355692 0.00863565 0.934563 84.7726 
0.931826 0.00533464 -0.362866 -88.3081 -0.00960187 0.999904 -0.00995736 -1.07975 0.362778 0.0127628 0.931788 85.5036 
0.928853 0.010094 -0.370311 -88.6071 -0.0151493 0.999828 -0.0107458 -1.09308 0.370139 0.0155913 0.928846 86.2084 
0.92541 0.00770241 -0.37889 -88.9157 -0.0119447 0.99989 -0.00884739 -1.10399 0.37878 0.0127132 0.925399 86.906 
0.922935 0.0104036 -0.384816 -89.2741 -0.0123768 0.99992 -0.0026513 -1.11287 0.384757 0.00720981 0.92299 87.6071 
0.920125 0.0114094 -0.391459 -89.5873 -0.0105645 0.999935 0.00431187 -1.11478 0.391483 0.000168175 0.920185 88.3168 
0.917641 0.023727 -0.396703 -89.9244 -0.0205132 0.999713 0.012343 -1.14495 0.396882 -0.00318875 0.917864 89.0121 
0.914924 0.0287287 -0.402603 -90.2545 -0.0275256 0.999583 0.00877508 -1.15521 0.402687 0.00305338 0.915333 89.6823 
0.913133 0.0294565 -0.406597 -90.6181 -0.0315217 0.999502 0.0016189 -1.15192 0.406442 0.0113384 0.913606 90.4016 
0.911142 0.0218633 -0.411512 -90.9242 -0.0269506 0.999615 -0.00656359 -1.15397 0.41121 0.0170709 0.911381 91.062 
0.90851 0.0234034 -0.417207 -91.2251 -0.0288508 0.999561 -0.00675475 -1.1735 0.416866 0.0181736 0.908786 91.7754 
0.906128 0.0271499 -0.422133 -91.5634 -0.0315042 0.999498 -0.00334146 -1.17429 0.42183 0.0163268 0.906528 92.4639 
0.902376 0.0295546 -0.429934 -91.867 -0.0318576 0.999491 0.00184204 -1.19851 0.42977 0.0120345 0.902858 93.1859 
0.900024 0.0269312 -0.435007 -92.2159 -0.0297859 0.999556 0.000255633 -1.21532 0.434821 0.012727 0.900427 93.8704 
0.897448 0.0251046 -0.440405 -92.5562 -0.0304601 0.999523 -0.00509474 -1.24081 0.440067 0.0179871 0.897785 94.5456 
0.895255 0.0222171 -0.444999 -92.9107 -0.0305866 0.999464 -0.0116352 -1.26293 0.444502 0.0240275 0.895455 95.2211 
0.89297 0.0233633 -0.44951 -93.2829 -0.0324389 0.999396 -0.0124976 -1.28997 0.448946 0.0257417 0.893188 95.9009 
0.890324 0.0266328 -0.454548 -93.6229 -0.0337199 0.999403 -0.0074904 -1.32089 0.454078 0.0219962 0.890691 96.5793 
0.886602 0.0269947 -0.461745 -93.9493 -0.0340894 0.999394 -0.00702844 -1.32437 0.461276 0.0219721 0.886985 97.2702 
0.884425 0.0289314 -0.465784 -94.3345 -0.0350006 0.999378 -0.00438404 -1.36663 0.465368 0.0201801 0.884887 97.9367 
0.882548 0.0260682 -0.469499 -94.7296 -0.0330052 0.999434 -0.00655021 -1.37001 0.469063 0.0212769 0.882909 98.6184 
0.879593 0.0240581 -0.475118 -95.0835 -0.0312661 0.999485 -0.00727338 -1.384 0.474698 0.0212527 0.879892 99.2897 
0.876852 0.0224349 -0.480237 -95.4589 -0.0303729 0.9995 -0.00876412 -1.37964 0.479801 0.0222711 0.877095 99.9502 
0.875339 0.0238243 -0.482923 -95.8609 -0.0311735 0.999488 -0.00719632 -1.41504 0.482505 0.0213537 0.875633 100.566 
0.872811 0.0264658 -0.487341 -96.2478 -0.0339867 0.999401 -0.00659511 -1.42764 0.486874 0.0223195 0.873187 101.195 
0.870784 0.0229141 -0.491132 -96.6385 -0.0319826 0.999438 -0.0100761 -1.45595 0.490624 0.0244818 0.871027 101.826 
0.869284 0.0197719 -0.493917 -97.0469 -0.0315623 0.999381 -0.0155429 -1.46672 0.493304 0.0291004 0.86937 102.466 
0.86718 0.0166103 -0.497718 -97.425 -0.0293427 0.999411 -0.0177708 -1.49096 0.49713 0.0300149 0.867157 103.102 
0.864879 0.0185845 -0.501636 -97.8009 -0.0301611 0.999433 -0.0149746 -1.50238 0.501073 0.0280811 0.864949 103.725 
0.863141 0.0227933 -0.504449 -98.2015 -0.0304114 0.999514 -0.00687314 -1.50754 0.504047 0.0212735 0.863414 104.35 
0.862492 0.025287 -0.505438 -98.6006 -0.028289 0.999598 0.00173657 -1.51352 0.505279 0.0128006 0.862861 104.952 
0.861687 0.0237578 -0.506884 -98.985 -0.0247242 0.999683 0.00482496 -1.50952 0.506838 0.00837474 0.862001 105.532 
0.860928 0.0211213 -0.508289 -99.3583 -0.0229579 0.999733 0.00265704 -1.49808 0.508209 0.0093818 0.861183 106.096 
0.859049 0.0194911 -0.511522 -99.7031 -0.0227934 0.99974 -0.000185094 -1.51531 0.511385 0.0118184 0.85927 106.663 
0.858136 0.0179105 -0.51311 -100.062 -0.0237832 0.999705 -0.00488009 -1.508 0.512871 0.0163912 0.858309 107.209 
0.858318 0.0166209 -0.51285 -100.436 -0.0243573 0.999668 -0.00836683 -1.48518 0.51254 0.0196731 0.858438 107.729 
0.857182 0.01642 -0.514752 -100.766 -0.0242487 0.99967 -0.00849152 -1.49751 0.514443 0.0197609 0.857297 108.281 
0.855955 0.0158654 -0.516808 -101.089 -0.0245252 0.99965 -0.00993142 -1.48238 0.516469 0.0211757 0.856044 108.798 
0.854105 0.0170551 -0.519821 -101.396 -0.0246781 0.999665 -0.00774948 -1.49826 0.519515 0.0194471 0.85424 109.282 
0.853271 0.0149898 -0.521252 -101.708 -0.0230553 0.999694 -0.00899221 -1.49614 0.520958 0.0196905 0.853355 109.744 
0.854104 0.0122187 -0.519959 -102.052 -0.0210236 0.999718 -0.0110416 -1.47402 0.519677 0.0203622 0.85412 110.131 
0.854079 0.0116726 -0.520012 -102.347 -0.0218579 0.999671 -0.0134605 -1.48026 0.519684 0.0228627 0.854053 110.541 
0.851219 0.0114657 -0.524685 -102.596 -0.0238707 0.999573 -0.0168833 -1.49789 0.524267 0.0268961 0.851129 111.017 
0.847865 0.00615434 -0.530176 -102.885 -0.0210307 0.999536 -0.02203 -1.48172 0.529795 0.0298285 0.847601 111.486 
0.846038 0.00315405 -0.533114 -103.147 -0.0190536 0.999523 -0.0243242 -1.49142 0.532783 0.030737 0.845694 111.867 
0.843517 -0.00139419 -0.5371 -103.386 -0.0140849 0.999595 -0.0247151 -1.4921 0.536917 0.0284126 0.843156 112.202 
0.839561 -0.000711625 -0.543266 -103.627 -0.0145425 0.999611 -0.0237833 -1.50113 0.543071 0.027868 0.839224 112.588 
0.835747 0.00303349 -0.549106 -103.861 -0.0179218 0.999603 -0.0217551 -1.51181 0.548822 0.0280228 0.83547 112.918 
0.830922 0.00749776 -0.556339 -104.031 -0.0218006 0.99958 -0.0190891 -1.49563 0.555962 0.0279901 0.830736 113.232 
0.826934 0.013117 -0.562147 -104.237 -0.0238369 0.999647 -0.0117394 -1.51653 0.561794 0.0231076 0.826954 113.522 
0.821622 0.013617 -0.569871 -104.43 -0.022308 0.999717 -0.00827491 -1.52211 0.569596 0.0195116 0.821693 113.816 
0.816701 0.0103194 -0.576969 -104.636 -0.0180969 0.999806 -0.0077342 -1.52163 0.576777 0.0167579 0.816729 114.056 
0.811653 0.00757388 -0.58409 -104.884 -0.0153889 0.999846 -0.00841945 -1.50852 0.583937 0.0158222 0.811645 114.289 
0.801386 0.0064471 -0.598113 -105.032 -0.0132274 0.999888 -0.00694503 -1.52472 0.598002 0.0134772 0.801382 114.536 
0.79146 0.00644385 -0.611188 -105.211 -0.0129122 0.999898 -0.00617868 -1.5273 0.611085 0.012782 0.791462 114.735 
0.778766 0.00730499 -0.627272 -105.388 -0.0149364 0.999865 -0.00689967 -1.53594 0.627137 0.0147425 0.77877 114.939 
0.764194 0.00297236 -0.64498 -105.557 -0.0158172 0.999775 -0.0141334 -1.48964 0.644793 0.0210025 0.764069 115.131 
0.748578 0.000518744 -0.663047 -105.712 -0.0167337 0.999696 -0.0181102 -1.50648 0.662836 0.0246522 0.748359 115.297 
0.733308 -0.000636976 -0.679897 -105.879 -0.0179311 0.999634 -0.0202763 -1.54607 0.67966 0.0270601 0.733028 115.449 
0.717059 -0.00150817 -0.697011 -106.023 -0.023174 0.999393 -0.0260031 -1.52459 0.696627 0.0347983 0.716589 115.596 
0.697428 0.00212172 -0.716652 -106.119 -0.0315802 0.999115 -0.0277751 -1.53241 0.715959 0.0420032 0.696878 115.751 
0.680443 0.000335184 -0.732801 -106.307 -0.0329327 0.999004 -0.0301227 -1.50228 0.732061 0.0446299 0.679776 115.866 
0.662352 -0.00160026 -0.749191 -106.483 -0.0318813 0.999032 -0.0303199 -1.48724 0.748514 0.0439677 0.66166 115.991 
0.641207 -0.00136561 -0.767366 -106.678 -0.0296357 0.999208 -0.0265417 -1.49926 0.766795 0.0397602 0.640659 116.146 
0.620281 -0.000830611 -0.784379 -106.882 -0.0310678 0.999189 -0.0256262 -1.48291 0.783764 0.0402644 0.619752 116.24 
0.596965 0.00406055 -0.802257 -107.1 -0.0359562 0.999118 -0.0216983 -1.48259 0.801461 0.0417992 0.596584 116.342 
0.570522 0.0068769 -0.821253 -107.295 -0.0395829 0.999033 -0.0191325 -1.46538 0.820328 0.0434231 0.570243 116.485 
0.545267 0.00659535 -0.838237 -107.509 -0.0413251 0.998965 -0.0190217 -1.43893 0.837243 0.0450122 0.544975 116.58 
0.52 0.00873536 -0.854122 -107.71 -0.0455147 0.998811 -0.0174948 -1.42942 0.852953 0.0479724 0.519779 116.661 
0.493425 0.00981596 -0.869733 -107.958 -0.0514416 0.998515 -0.0179149 -1.39111 0.868266 0.0535801 0.493197 116.745 
0.466523 0.0100772 -0.884452 -108.164 -0.0541979 0.998382 -0.0172125 -1.3687 0.882847 0.0559655 0.466314 116.811 
0.436448 0.0107043 -0.899666 -108.365 -0.0529687 0.998501 -0.0138161 -1.39563 0.898169 0.0536842 0.436361 116.872 
0.405723 0.00860442 -0.913956 -108.58 -0.0564101 0.998285 -0.0156432 -1.41376 0.912254 0.0579031 0.405513 116.905 
0.371024 0.0027089 -0.928619 -108.771 -0.0590436 0.998041 -0.0206791 -1.39806 0.926744 0.0625016 0.370457 116.962 
0.334585 0.000589145 -0.942366 -108.992 -0.0616477 0.997871 -0.021264 -1.39621 0.940347 0.0652094 0.333909 116.988 
0.290826 -0.00072387 -0.956776 -109.332 -0.0637006 0.997766 -0.0201176 -1.39386 0.954653 0.0667979 0.290131 117.069 
0.24786 -0.00445601 -0.968786 -109.615 -0.0636016 0.997757 -0.0208615 -1.37917 0.966706 0.0667871 0.247021 117.1 
0.19874 -0.0109935 -0.979991 -109.921 -0.0655548 0.997549 -0.0244849 -1.33322 0.977857 0.0691093 0.197532 117.145 
0.152815 -0.0130725 -0.988168 -110.204 -0.0666323 0.997501 -0.0235003 -1.33178 0.986006 0.0694351 0.151562 117.113 
0.101343 -0.0135033 -0.99476 -110.56 -0.0680085 0.997475 -0.0204687 -1.33226 0.992524 0.0697266 0.100169 117.124 
0.0473357 -0.014202 -0.998778 -110.94 -0.071054 0.997318 -0.0175487 -1.31666 0.996349 0.0717979 0.0461997 117.127 
-0.00502302 -0.0102724 -0.999935 -111.309 -0.067958 0.997639 -0.00990739 -1.32524 0.997676 0.0679038 -0.00570925 117.074 
-0.0576603 -0.0144118 -0.998232 -111.807 -0.0716376 0.997378 -0.0102615 -1.26766 0.995763 0.0709193 -0.0585415 117.01 
-0.110616 -0.0108765 -0.993804 -112.184 -0.0676191 0.997705 -0.00339279 -1.2919 0.99156 0.0668249 -0.111097 116.906 
-0.165176 -0.00617636 -0.986245 -112.643 -0.063514 0.997971 0.00438753 -1.34411 0.984217 0.0633651 -0.165233 116.809 
-0.216332 -0.00601202 -0.976301 -113.024 -0.0629725 0.997985 0.00780811 -1.32439 0.974287 0.0631693 -0.216275 116.669 
-0.266763 -0.00155272 -0.963761 -113.451 -0.0583455 0.998191 0.0145415 -1.35195 0.961995 0.0601103 -0.266371 116.52 
-0.313066 -0.000577941 -0.949731 -113.776 -0.0537289 0.998409 0.0171034 -1.31962 0.94821 0.0563825 -0.312599 116.345 
-0.360581 0.00168395 -0.932727 -114.203 -0.0490333 0.998581 0.0207585 -1.32472 0.931438 0.0532198 -0.359987 116.158 
