1 2.12261e-08 -2.11895e-08 -1.76976e-14 2.12261e-08 1 2.10703e-08 -1.31006e-14 -2.11895e-08 2.10703e-08 1 -7.32747e-15 
0.999994 0.00336994 0.00122423 -0.0588035 -0.00337206 0.999993 0.00176757 -0.020598 -0.00121831 -0.00177165 0.999998 0.714873 
0.999981 0.00576997 0.00219985 -0.104784 -0.00577455 0.999981 0.00209715 -0.0515288 -0.00218775 -0.00210977 0.999995 1.41798 
0.99997 0.00618042 0.00464832 -0.190868 -0.00618087 0.999981 9.09999e-05 -0.0149492 -0.00464771 -0.000119686 0.999989 2.18403 
0.99995 0.00904202 0.00419429 -0.160043 -0.00904098 0.999959 -0.000257633 -0.0286664 -0.00419649 0.000219742 0.999991 2.8383 
0.999955 0.00880261 0.00362157 -0.176031 -0.00880171 0.999961 -0.000252528 -0.0441127 -0.00362369 0.000220683 0.999993 3.52941 
0.999949 0.00853619 0.00536865 -0.241765 -0.00853392 0.999964 -0.000435906 -0.0531754 -0.00537222 0.000390111 0.999986 4.23263 
0.999953 0.00835967 0.00497953 -0.241007 -0.00836935 0.999963 0.00193506 -0.060999 -0.00496321 -0.00197661 0.999986 4.90252 
0.999937 0.00915413 0.00650662 -0.248427 -0.00919509 0.999938 0.00629969 -0.0727828 -0.00644859 -0.00635908 0.999959 5.54796 
0.99994 0.00823172 0.00721418 -0.261138 -0.00830199 0.999918 0.0097719 -0.0876394 -0.0071332 -0.00983117 0.999926 6.15192 
0.999934 0.00749895 0.00874525 -0.27828 -0.0075957 0.99991 0.011088 -0.0803254 -0.00866136 -0.0111536 0.9999 6.76591 
0.999924 0.00757945 0.00972627 -0.291253 -0.00768491 0.999912 0.0108559 -0.0909377 -0.00964317 -0.0109297 0.999894 7.32077 
0.999906 0.00901529 0.0103674 -0.296933 -0.00910568 0.999921 0.00870902 -0.108283 -0.0102881 -0.00880256 0.999908 7.85583 
0.999913 0.00923653 0.00947312 -0.262304 -0.00929597 0.999937 0.00625468 -0.118112 -0.00941479 -0.00634215 0.999936 8.38974 
0.999909 0.00749315 0.0112086 -0.264483 -0.00755148 0.999958 0.00517481 -0.122721 -0.0111694 -0.00525894 0.999924 8.91212 
0.999909 0.00410701 0.0128869 -0.244287 -0.00413503 0.999989 0.00215162 -0.122508 -0.012878 -0.00220467 0.999915 9.40244 
0.999889 0.00104124 0.0148568 -0.252903 -0.0010657 0.999998 0.00164137 -0.136236 -0.0148551 -0.00165697 0.999888 9.82553 
0.999848 0.00365678 0.0170313 -0.278592 -0.00367129 0.999993 0.000823072 -0.175427 -0.0170282 -0.000885433 0.999855 10.2263 
0.999758 0.0081816 0.0204177 -0.289974 -0.00818422 0.999967 4.72398e-05 -0.189509 -0.0204167 -0.00021429 0.999792 10.5747 
0.999683 0.00855686 0.0236974 -0.282258 -0.00858521 0.999963 0.00109648 -0.192897 -0.0236871 -0.00129954 0.999719 10.9314 
0.99965 0.00473956 0.0260139 -0.265039 -0.00477309 0.999988 0.00122873 -0.194785 -0.0260078 -0.00135242 0.999661 11.2565 
0.99958 -0.000738291 0.0289678 -0.247222 0.000732036 1 0.000228017 -0.190876 -0.028968 -0.000206674 0.99958 11.5679 
0.999488 -0.00309746 0.0318385 -0.261889 0.0030481 0.999994 0.00160016 -0.196644 -0.0318433 -0.00150226 0.999492 11.7986 
0.999407 -0.00453655 0.0341346 -0.246418 0.00444261 0.999986 0.00282874 -0.212349 -0.034147 -0.00267538 0.999413 12.0239 
0.999312 -0.00386357 0.0368947 -0.247366 0.00377447 0.99999 0.00248549 -0.228605 -0.0369039 -0.00234448 0.999316 12.2179 
0.999233 -0.00336375 0.0390091 -0.254468 0.00330943 0.999994 0.00145791 -0.249328 -0.0390138 -0.00132765 0.999238 12.3792 
0.999163 -0.00206156 0.0408459 -0.246151 0.00202004 0.999997 0.00105867 -0.262531 -0.040848 -0.000975237 0.999165 12.5362 
0.999076 0.000208737 0.0429766 -0.253035 -0.000255771 0.999999 0.00108991 -0.278534 -0.0429764 -0.00109985 0.999076 12.7031 
0.998999 0.00198472 0.0446966 -0.261504 -0.00195458 0.999998 -0.000717079 -0.280398 -0.044698 0.000629039 0.999 12.8519 
0.998946 -0.000345372 0.0458924 -0.234182 0.000459362 0.999997 -0.00247238 -0.285588 -0.0458914 0.0024909 0.998943 13.0173 
0.998872 -0.00116473 0.0474719 -0.231002 0.0013136 0.999994 -0.00310391 -0.29733 -0.047468 0.00316281 0.998868 13.1554 
0.998783 -0.00131221 0.0493015 -0.238323 0.00153171 0.999989 -0.00441396 -0.296399 -0.0492952 0.00448414 0.998774 13.282 
0.998718 -0.000257367 0.0506248 -0.23094 0.000527109 0.999986 -0.00531412 -0.29531 -0.0506227 0.00533403 0.998704 13.4248 
0.998634 0.00163813 0.0522339 -0.219529 -0.00127625 0.999975 -0.00695983 -0.304808 -0.0522441 0.0068837 0.998611 13.5478 
0.998599 0.00125144 0.0529092 -0.209041 -0.000797565 0.999963 -0.0085977 -0.306962 -0.052918 0.00854349 0.998562 13.6752 
0.998616 0.000642245 0.0525932 -0.195488 -3.52765e-05 0.999933 -0.0115401 -0.298776 -0.0525972 0.0115223 0.998549 13.8118 
0.998597 -0.00168432 0.0529294 -0.175429 0.00239237 0.999909 -0.013316 -0.295451 -0.0529021 0.013424 0.99851 13.97 
0.998735 -0.00113385 0.05027 -0.165495 0.00188865 0.999886 -0.0149689 -0.287624 -0.0502474 0.015045 0.998624 14.0945 
0.998871 -0.00081551 0.0475091 -0.168631 0.00154775 0.999881 -0.0153769 -0.30334 -0.0474909 0.0154331 0.998752 14.2018 
0.999098 -0.000393665 0.0424552 -0.158497 0.00114747 0.999842 -0.0177313 -0.294655 -0.0424416 0.0177641 0.998941 14.3217 
0.999309 -0.00143565 0.0371459 -0.149168 0.00219173 0.999791 -0.0203204 -0.266673 -0.037109 0.0203878 0.999103 14.5406 
0.999575 -0.0017793 0.0291128 -0.136759 0.00237979 0.999785 -0.0206032 -0.266229 -0.0290699 0.0206638 0.999364 14.6376 
0.99974 -0.00185887 0.0227491 -0.170012 0.0023403 0.999774 -0.0211527 -0.274036 -0.0227047 0.0212005 0.999517 14.758 
0.999898 -0.00300113 0.0139363 -0.166653 0.00330848 0.999751 -0.0220802 -0.28183 -0.0138666 0.0221242 0.999659 14.9103 
0.999987 -0.00362375 0.00368056 -0.164224 0.00370754 0.999728 -0.0230068 -0.283821 -0.00359623 0.0230202 0.999729 15.0668 
0.999941 -0.0046492 -0.00978736 -0.167635 0.00440719 0.999687 -0.0246091 -0.283983 0.00989868 0.0245645 0.999649 15.2226 
0.999617 -0.00575418 -0.0270887 -0.156982 0.00505015 0.99965 -0.0259883 -0.304102 0.0272287 0.0258416 0.999295 15.3821 
0.998938 -0.00592098 -0.0456844 -0.205421 0.00471528 0.999639 -0.0264557 -0.313652 0.0458245 0.0262122 0.998606 15.5461 
0.997681 -0.00455025 -0.0679179 -0.23542 0.00279372 0.99966 -0.0259358 -0.322265 0.0680127 0.0256859 0.997354 15.7433 
0.995692 -0.00403254 -0.0926371 -0.257053 0.00174799 0.999693 -0.0247296 -0.31587 0.0927083 0.0244612 0.995393 15.9634 
0.992781 -0.00428031 -0.119867 -0.305648 0.00136533 0.999702 -0.0243905 -0.301884 0.119935 0.0240508 0.99249 16.1699 
0.988694 -0.00274827 -0.14992 -0.395436 -0.000634902 0.999746 -0.0225142 -0.305799 0.149944 0.0223549 0.988442 16.4198 
0.983042 -0.00433823 -0.18333 -0.478913 0.000944856 0.999827 -0.0185932 -0.33518 0.183379 0.0181047 0.982876 16.663 
0.975336 -0.00287178 -0.220708 -0.576707 -0.000184668 0.999904 -0.0138266 -0.350593 0.220727 0.0135264 0.975242 16.9518 
0.965348 -0.00118578 -0.260965 -0.693394 -0.000992526 0.999966 -0.00821533 -0.364534 0.260966 0.00818971 0.965313 17.2112 
0.953062 0.00232268 -0.302765 -0.827504 -0.00364018 0.999986 -0.00378744 -0.375834 0.302752 0.00471183 0.953058 17.4854 
0.938733 0.00546699 -0.344603 -0.98487 -0.00586034 0.999983 -9.99175e-05 -0.370929 0.344597 0.00211334 0.938748 17.7991 
0.921075 0.00969472 -0.389265 -1.12615 -0.00766283 0.999948 0.00677212 -0.394902 0.38931 -0.00325471 0.921101 18.1012 
0.901391 0.011157 -0.432862 -1.33955 -0.00634793 0.999901 0.0125534 -0.376601 0.432959 -0.00856769 0.901373 18.41 
0.878395 0.014703 -0.477709 -1.54738 -0.00702723 0.999816 0.0178509 -0.362728 0.477883 -0.0123232 0.878337 18.734 
0.852273 0.0216174 -0.52265 -1.72463 -0.0108101 0.99966 0.0237192 -0.400098 0.522985 -0.0145653 0.852217 19.0073 
0.825063 0.0264303 -0.564423 -1.9981 -0.0127946 0.999523 0.0281018 -0.42129 0.564896 -0.0159642 0.825007 19.2507 
0.793542 0.0280641 -0.607868 -2.27407 -0.0140969 0.999516 0.0277428 -0.38425 0.608352 -0.013446 0.793554 19.5397 
0.758461 0.0322434 -0.65092 -2.53752 -0.0153809 0.999383 0.0315824 -0.405213 0.651537 -0.0139422 0.758489 19.8023 
0.720707 0.0363418 -0.692287 -2.84311 -0.0170515 0.999252 0.0347045 -0.386808 0.69303 -0.0132072 0.720788 20.0644 
0.680798 0.0380524 -0.731482 -3.20215 -0.0139574 0.999142 0.038986 -0.386488 0.732338 -0.016332 0.680745 20.3494 
0.639207 0.0372766 -0.768131 -3.5607 -0.0106933 0.999159 0.0395896 -0.377694 0.768961 -0.017092 0.639067 20.6012 
0.595833 0.0374114 -0.802236 -3.96255 -0.00525307 0.999075 0.0426892 -0.382215 0.803091 -0.0212214 0.595478 20.8515 
0.550691 0.0370466 -0.833887 -4.37431 -0.00140377 0.999054 0.0434573 -0.35833 0.834708 -0.0227609 0.550222 21.0679 
0.504073 0.0380779 -0.862821 -4.82777 -0.00049077 0.99904 0.0438028 -0.328519 0.863661 -0.0216563 0.503608 21.2752 
0.454535 0.0373413 -0.889946 -5.28111 0.00323374 0.999045 0.0435706 -0.30992 0.890723 -0.0226821 0.45398 21.4351 
0.402689 0.0374256 -0.914571 -5.74149 0.00532176 0.999051 0.0432258 -0.303394 0.915321 -0.0222736 0.402108 21.5689 
0.347514 0.0361976 -0.936976 -6.26875 0.0110546 0.999027 0.0426948 -0.280631 0.93761 -0.0251948 0.346776 21.7452 
0.29493 0.0351016 -0.954874 -6.79899 0.0115624 0.999121 0.0402993 -0.246865 0.955449 -0.0229261 0.294265 21.8402 
0.241164 0.0405019 -0.969639 -7.36702 0.0118049 0.998932 0.0446615 -0.214587 0.970413 -0.0222172 0.240429 21.9371 
0.191673 0.0448777 -0.980432 -7.96685 0.0154148 0.998693 0.0487271 -0.197485 0.981338 -0.0244528 0.190731 21.9885 
0.144075 0.0455959 -0.988516 -8.57972 0.0201521 0.998596 0.048998 -0.16208 0.989362 -0.02698 0.142954 22.0306 
0.0995583 0.0469839 -0.993922 -9.17578 0.0229842 0.99851 0.0495031 -0.146137 0.994766 -0.0277729 0.0983301 22.06 
0.0599 0.0456087 -0.997162 -9.76957 0.0241451 0.998597 0.0471247 -0.13104 0.997912 -0.0268993 0.0587148 22.0353 
0.02491 0.0406416 -0.998863 -10.406 0.0200973 0.998951 0.0411464 -0.104933 0.999488 -0.0210993 0.0240671 21.9914 
-0.00209519 0.0393068 -0.999225 -11.0608 0.0158013 0.999104 0.0392689 -0.0672344 0.999873 -0.0157068 -0.00271441 21.9299 
-0.0240088 0.0440814 -0.998739 -11.6744 0.0127972 0.998959 0.0437835 -0.0575597 0.99963 -0.0117298 -0.024548 21.9105 
-0.0365478 0.0498692 -0.998087 -12.4144 0.0152327 0.998666 0.0493403 -0.0337965 0.999216 -0.0134003 -0.0372587 21.8648 
-0.0442247 0.0520688 -0.997664 -13.1499 0.0153461 0.998558 0.0514353 -0.0123402 0.998904 -0.0130355 -0.04496 21.8172 
-0.0491098 0.0496932 -0.997556 -13.946 0.0179065 0.998645 0.0488659 0.0185566 0.998633 -0.0154629 -0.0499331 21.7795 
-0.0477641 0.0452296 -0.997834 -14.691 0.0246561 0.998723 0.0440897 0.054444 0.998554 -0.0224967 -0.0488183 21.7302 
-0.0449234 0.0433548 -0.998049 -15.5443 0.0359728 0.99848 0.0417543 0.105851 0.998343 -0.0340268 -0.0464147 21.7417 
-0.0420384 0.0430876 -0.998187 -16.4962 0.0354302 0.998506 0.0416092 0.155011 0.998488 -0.0336167 -0.0435022 21.822 
-0.03751 0.0413394 -0.998441 -17.2663 0.0390147 0.998443 0.0398738 0.164325 0.998534 -0.0374582 -0.0390644 21.7611 
-0.0339993 0.0349033 -0.998812 -18.1174 0.0430397 0.998514 0.0334279 0.188107 0.998495 -0.041852 -0.035451 21.7009 
-0.0331039 0.0255747 -0.999125 -18.9824 0.0415328 0.998844 0.0241914 0.178098 0.998589 -0.0406955 -0.0341278 21.6886 
-0.0341901 0.0168732 -0.999273 -19.86 0.0359741 0.99923 0.0156416 0.192985 0.998768 -0.0354131 -0.0347708 21.6646 
-0.0357372 0.0135825 -0.999269 -20.8025 0.0305845 0.999454 0.0124912 0.214828 0.998893 -0.0301157 -0.0361331 21.6216 
-0.0401383 0.0185678 -0.999022 -21.7439 0.0208733 0.999625 0.0177403 0.235425 0.998976 -0.0201407 -0.0405108 21.5578 
-0.0454652 0.0274605 -0.998588 -22.6943 0.0154859 0.999521 0.0267811 0.237847 0.998846 -0.0142464 -0.0458687 21.4753 
-0.0512886 0.0364164 -0.99802 -23.6961 0.0164102 0.999231 0.0356173 0.261401 0.998549 -0.0145509 -0.0518467 21.4212 
-0.0518556 0.0470692 -0.997545 -24.6919 0.0153084 0.998809 0.046333 0.28056 0.998537 -0.0128682 -0.0525143 21.3196 
-0.0534165 0.0548035 -0.997067 -25.692 0.0175807 0.99839 0.0539343 0.31216 0.998418 -0.0146481 -0.0542939 21.2551 
-0.0558746 0.0547187 -0.996937 -26.7226 0.0178561 0.998392 0.0537978 0.359839 0.998278 -0.0147954 -0.0567619 21.182 
-0.0577541 0.0523652 -0.996957 -27.7344 0.016993 0.99853 0.0514634 0.390831 0.998186 -0.013969 -0.0585591 21.1026 
-0.062157 0.0487546 -0.996875 -28.7611 0.0181473 0.998696 0.0477122 0.392874 0.997901 -0.015125 -0.0629607 21.035 
-0.0660839 0.0439437 -0.996846 -29.7675 0.0173875 0.998929 0.0428829 0.423584 0.997663 -0.0144987 -0.0667771 20.9455 
-0.0711018 0.0396714 -0.99668 -30.692 0.0171919 0.999109 0.0385416 0.438991 0.997321 -0.0143944 -0.0717205 20.8243 
-0.0787082 0.0371203 -0.996206 -31.7373 0.0157945 0.999228 0.035985 0.484526 0.996773 -0.0129022 -0.0792337 20.7537 
-0.0848437 0.0390659 -0.995628 -32.8285 0.016613 0.999148 0.0377883 0.514136 0.996256 -0.0133343 -0.0854204 20.6153 
-0.0909941 0.0453631 -0.994818 -33.9003 0.0144457 0.998917 0.0442287 0.525918 0.995747 -0.0103463 -0.0915509 20.4765 
-0.0999162 0.0480796 -0.993834 -34.9305 0.0134239 0.998806 0.0469706 0.564879 0.994905 -0.00864799 -0.100442 20.4053 
-0.1036 0.0492366 -0.9934 -35.9782 0.00888033 0.99878 0.0485772 0.609526 0.994579 -0.00378907 -0.103911 20.2576 
-0.105116 0.0501033 -0.993197 -37.0648 0.00461421 0.998744 0.0498948 0.658775 0.994449 0.000661967 -0.105215 20.0803 
-0.106799 0.0501423 -0.993015 -38.1251 0.00167186 0.998735 0.0502513 0.70912 0.994279 0.00370664 -0.106748 19.9401 
-0.106182 0.0497098 -0.993103 -39.1821 -6.36296e-05 0.998749 0.0499992 0.742919 0.994347 0.00537226 -0.106046 19.7616 
-0.107315 0.0477147 -0.993079 -40.2657 -0.00109461 0.998841 0.0481099 0.799374 0.994224 0.00625001 -0.107139 19.6149 
-0.108045 0.0465659 -0.993055 -41.3129 -0.00292759 0.998883 0.0471578 0.840231 0.994142 0.00800245 -0.107788 19.4677 
-0.107717 0.0460855 -0.993113 -42.364 -0.00457592 0.998892 0.04685 0.861172 0.994171 0.00959098 -0.107387 19.3066 
-0.10916 0.0438417 -0.993057 -43.39 -0.00881124 0.998945 0.0450702 0.887972 0.993985 0.01367 -0.108658 19.1774 
-0.110748 0.0390148 -0.993082 -44.4233 -0.0126388 0.999093 0.0406604 0.910716 0.993768 0.0170545 -0.110154 19.0625 
-0.108374 0.0392834 -0.993334 -45.5912 -0.0137895 0.999063 0.0410144 0.923408 0.994015 0.0181426 -0.107731 18.869 
-0.1082 0.0434994 -0.993177 -46.6701 -0.0145612 0.998866 0.0453349 0.952175 0.994023 0.0193671 -0.107444 18.7472 
-0.110489 0.0463135 -0.992798 -47.7619 -0.0138845 0.998744 0.0481361 0.995734 0.99378 0.019103 -0.109707 18.697 
-0.10884 0.0453522 -0.993024 -48.8722 -0.013037 0.998808 0.0470452 1.04081 0.993974 0.0180664 -0.108119 18.5593 
-0.107069 0.0445968 -0.993251 -50.0086 -0.0135266 0.998836 0.0463057 1.05647 0.99416 0.0183932 -0.106341 18.4315 
-0.103574 0.0447695 -0.993614 -51.1118 -0.0172626 0.998755 0.0468006 1.08975 0.994472 0.0219997 -0.102672 18.3144 
-0.0947035 0.0449529 -0.99449 -52.1544 -0.0226787 0.998623 0.0472994 1.12685 0.995247 0.0270332 -0.0935537 18.117 
-0.0881696 0.0431512 -0.99517 -53.3127 -0.0266709 0.998601 0.0456629 1.18893 0.995748 0.0305682 -0.0868954 17.9822 
-0.0839854 0.0411899 -0.995615 -54.4418 -0.0274538 0.99867 0.0436322 1.2321 0.996089 0.0309979 -0.0827429 17.8831 
-0.0800644 0.0419895 -0.995905 -55.5528 -0.0298576 0.998563 0.0445019 1.25587 0.996342 0.0332983 -0.0786956 17.7859 
-0.0763066 0.0422806 -0.996188 -56.7478 -0.0282167 0.998609 0.0445447 1.28709 0.996685 0.0315082 -0.0750074 17.692 
-0.0706636 0.045916 -0.996443 -57.7904 -0.0260756 0.998514 0.0478606 1.27385 0.997159 0.0293649 -0.0693613 17.5799 
-0.0649034 0.044214 -0.996912 -58.9873 -0.0246266 0.998643 0.0458941 1.35647 0.997588 0.0275293 -0.0637265 17.4906 
-0.057252 0.0453073 -0.997331 -60.1176 -0.0262524 0.998556 0.0468699 1.39714 0.998015 0.0288658 -0.0559799 17.3701 
-0.0522204 0.0459694 -0.997577 -61.2709 -0.0256135 0.99855 0.0473551 1.40642 0.998307 0.0280243 -0.0509673 17.3087 
-0.0471749 0.0407628 -0.998055 -62.4214 -0.0238371 0.998837 0.0419215 1.45688 0.998602 0.0257684 -0.0461483 17.23 
-0.0376507 0.0335205 -0.998729 -63.5799 -0.027085 0.999036 0.0345519 1.51335 0.998924 0.0283515 -0.0367065 17.0612 
-0.0350535 0.0323456 -0.998862 -64.7417 -0.0235285 0.999172 0.0331814 1.56113 0.999108 0.0246649 -0.0342634 17.0001 
-0.0341496 0.0342327 -0.99883 -65.8964 -0.0244455 0.999086 0.0350772 1.59928 0.999118 0.0256148 -0.0332815 16.9688 
-0.0313511 0.0339649 -0.998931 -67.0459 -0.0272831 0.999021 0.0348242 1.61204 0.999136 0.0283457 -0.0303938 16.896 
-0.0310999 0.0329312 -0.998974 -68.1959 -0.0293616 0.998996 0.033846 1.64308 0.999085 0.0303841 -0.0301017 16.8307 
-0.0311402 0.0368037 -0.998837 -69.3514 -0.0329832 0.99874 0.0378284 1.61412 0.998971 0.0341228 -0.0298871 16.7905 
-0.0303485 0.0367817 -0.998862 -70.4508 -0.0330787 0.998738 0.0377821 1.6325 0.998992 0.0341877 -0.0290935 16.7161 
-0.0295771 0.032651 -0.999029 -71.6024 -0.0319974 0.998923 0.0335949 1.67202 0.99905 0.03296 -0.0285005 16.657 
-0.0286538 0.0301627 -0.999134 -72.7496 -0.0297422 0.999076 0.0310139 1.71881 0.999147 0.0306051 -0.0277302 16.6053 
-0.0286532 0.0296885 -0.999148 -73.9262 -0.0266523 0.999181 0.0304538 1.74297 0.999234 0.0275022 -0.0278384 16.5359 
-0.029746 0.0304835 -0.999093 -75.1127 -0.0237998 0.99923 0.0311963 1.75227 0.999274 0.0247062 -0.0289976 16.4905 
-0.0321544 0.0309929 -0.999002 -76.3149 -0.0259007 0.999158 0.0318313 1.79553 0.999147 0.0268984 -0.0313246 16.4491 
-0.0319059 0.0344131 -0.998898 -77.5028 -0.0270197 0.999012 0.0352801 1.81483 0.999126 0.0281156 -0.0309445 16.3949 
-0.0311484 0.0334057 -0.998956 -78.7163 -0.0281078 0.999017 0.0342841 1.84046 0.99912 0.0291464 -0.0301788 16.3497 
-0.0320672 0.0304197 -0.999023 -79.7681 -0.0241722 0.999221 0.0312017 1.86912 0.999193 0.0251492 -0.0313069 16.3549 
-0.0308156 0.030221 -0.999068 -80.9283 -0.025359 0.999197 0.0310071 1.87706 0.999203 0.0262909 -0.0300244 16.2766 
-0.0302878 0.0287376 -0.999128 -82.128 -0.0217699 0.999331 0.0294034 1.89728 0.999304 0.0226415 -0.0296419 16.2063 
-0.0260419 0.0331864 -0.99911 -83.296 -0.0219813 0.999188 0.033762 1.87468 0.999419 0.022841 -0.0252913 16.1065 
-0.0348869 0.0366419 -0.998719 -84.4909 -0.0204395 0.999093 0.0373695 1.89202 0.999182 0.0217171 -0.0341063 16.1586 
-0.0343891 0.0386223 -0.998662 -85.6114 -0.0210427 0.999004 0.0393602 1.90839 0.999187 0.0223681 -0.0335421 16.1231 
-0.0354664 0.038285 -0.998637 -86.7827 -0.021074 0.999015 0.0390479 1.93887 0.999149 0.0224303 -0.0346246 16.0609 
-0.0364949 0.0369379 -0.998651 -87.9236 -0.0220741 0.999043 0.0377591 1.94649 0.99909 0.0234224 -0.0356446 16.0097 
-0.0338587 0.0362652 -0.998768 -89.0761 -0.0206956 0.999102 0.0369789 1.9621 0.999212 0.0219222 -0.0330778 15.9087 
-0.0326432 0.0354244 -0.998839 -90.3069 -0.0180547 0.999188 0.0360268 2.02028 0.999304 0.0192098 -0.0319771 15.7961 
-0.0332567 0.0378369 -0.99873 -91.4632 -0.0153191 0.999146 0.0383628 2.05163 0.999329 0.0165755 -0.0326487 15.7462 
-0.0322437 0.0415689 -0.998615 -92.6862 -0.0169905 0.998968 0.0421321 2.06574 0.999336 0.0183255 -0.0315041 15.6913 
-0.0313534 0.0423754 -0.99861 -93.8911 -0.0180776 0.998913 0.0429558 2.1167 0.999345 0.0193993 -0.0305533 15.6441 
-0.0325888 0.0455056 -0.998432 -94.9848 -0.0197851 0.998738 0.0461654 2.12668 0.999273 0.0212586 -0.0316473 15.5979 
-0.0333822 0.0445077 -0.998451 -96.1367 -0.0196468 0.998786 0.0451795 2.14704 0.99925 0.0211246 -0.0324672 15.5563 
-0.0333678 0.0404337 -0.998625 -97.3113 -0.0217257 0.998916 0.0411715 2.18405 0.999207 0.0230696 -0.0324531 15.487 
-0.0349799 0.0391294 -0.998622 -98.4543 -0.0217028 0.998968 0.0399031 2.19992 0.999152 0.0230687 -0.0340946 15.4562 
-0.0357206 0.037797 -0.998647 -99.6002 -0.0200137 0.999057 0.0385284 2.20308 0.999161 0.0213629 -0.0349304 15.417 
-0.0365887 0.0372474 -0.998636 -100.8 -0.017501 0.999128 0.0379069 2.22881 0.999177 0.0188641 -0.0359049 15.3994 
-0.0385835 0.0385048 -0.998513 -101.938 -0.0153773 0.999116 0.0391222 2.25688 0.999137 0.016864 -0.0379573 15.3697 
-0.0376661 0.0393998 -0.998513 -103.114 -0.0127978 0.999122 0.0399065 2.29652 0.999208 0.0142819 -0.0371288 15.2836 
-0.0402061 0.038644 -0.998444 -104.228 -0.0163175 0.999093 0.0393263 2.33569 0.999058 0.0178733 -0.0395391 15.2475 
-0.040503 0.0403482 -0.998364 -105.385 -0.0197483 0.998957 0.0411733 2.34732 0.998984 0.0213836 -0.039664 15.1736 
-0.0421119 0.0392273 -0.998343 -106.541 -0.0235676 0.998912 0.0402438 2.37566 0.998835 0.0252233 -0.0411416 15.1193 
-0.0429005 0.0333859 -0.998521 -107.706 -0.0243681 0.999109 0.0344525 2.42533 0.998782 0.0258101 -0.0420488 15.0663 
-0.0489 0.0264636 -0.998453 -108.739 -0.0185981 0.999452 0.0274009 2.47287 0.998631 0.0199093 -0.048381 15.1086 
-0.0528042 0.0285805 -0.998196 -109.879 -0.0169961 0.99942 0.0295147 2.45876 0.99846 0.0185239 -0.0522879 15.0943 
-0.0548588 0.0278567 -0.998106 -111.006 -0.0104751 0.99954 0.0284725 2.46724 0.998439 0.0120173 -0.0545418 15.0251 
-0.0554978 0.0317847 -0.997953 -112.208 -0.0116192 0.999405 0.0324771 2.46748 0.998391 0.0133978 -0.0550954 14.9243 
-0.0600679 0.0346453 -0.997593 -113.492 -0.0103944 0.999322 0.0353312 2.50492 0.99814 0.0124916 -0.059667 14.8872 
-0.0622462 0.0362013 -0.997404 -114.688 -0.00849437 0.999287 0.0367998 2.50844 0.998025 0.010763 -0.0618942 14.8271 
-0.0634128 0.0338075 -0.997415 -115.896 -0.0119624 0.999329 0.0346329 2.52096 0.997916 0.0141276 -0.0629658 14.7144 
-0.065224 0.03072 -0.997398 -117.114 -0.0113689 0.999438 0.0315263 2.53323 0.997806 0.0133956 -0.0648381 14.6106 
-0.0662313 0.0274405 -0.997427 -118.356 -0.00993565 0.999554 0.0281588 2.58532 0.997755 0.0117751 -0.0659292 14.5034 
-0.0675047 0.0283581 -0.997316 -119.539 -0.00896449 0.999538 0.0290281 2.59478 0.997679 0.0109 -0.0672193 14.4137 
-0.0687684 0.0332957 -0.997077 -120.775 -0.0135321 0.99932 0.0343039 2.60121 0.997541 0.0158516 -0.0682711 14.308 
-0.0708802 0.0373731 -0.996784 -122.032 -0.0197146 0.99905 0.0388599 2.61311 0.99729 0.0224056 -0.0700761 14.2262 
-0.0699311 0.0369355 -0.996868 -123.361 -0.0281715 0.998843 0.0389849 2.65624 0.997154 0.0308095 -0.0688096 14.07 
-0.0726817 0.0345337 -0.996757 -124.559 -0.0295333 0.998888 0.0367611 2.67322 0.996918 0.0321094 -0.071581 13.9839 
-0.0722661 0.0339415 -0.996808 -125.807 -0.0333244 0.998781 0.0364246 2.68879 0.996829 0.0358503 -0.0710469 13.8437 
-0.0730904 0.0322805 -0.996803 -127.06 -0.0331437 0.998845 0.0347769 2.72582 0.996774 0.0355796 -0.0719361 13.7153 
-0.0740847 0.0319801 -0.996739 -128.299 -0.0307971 0.998936 0.0343397 2.74064 0.996776 0.0332407 -0.0730209 13.612 
-0.0738958 0.0326584 -0.996731 -129.547 -0.0306036 0.998919 0.034999 2.75814 0.996796 0.0330899 -0.0728165 13.4868 
-0.0750158 0.0389999 -0.996419 -130.803 -0.0307008 0.998671 0.0413993 2.76277 0.99671 0.0336965 -0.0737188 13.3697 
-0.0762173 0.0439608 -0.996122 -132.054 -0.0300737 0.998472 0.0463656 2.78151 0.996638 0.0334909 -0.0747788 13.2706 
-0.0775554 0.0444606 -0.995996 -133.3 -0.0308677 0.998419 0.0469724 2.78774 0.99651 0.0343871 -0.0760604 13.1829 
-0.0773417 0.0439104 -0.996037 -134.551 -0.0307618 0.998449 0.0464054 2.81607 0.99653 0.034229 -0.075871 13.0618 
-0.0774133 0.0451684 -0.995975 -135.803 -0.0320757 0.998343 0.0477689 2.8335 0.996483 0.0356446 -0.0758362 12.9607 
-0.079328 0.0423975 -0.995947 -137.019 -0.0305739 0.998522 0.0449424 2.8989 0.99638 0.0340152 -0.0779145 12.8831 
-0.0805041 0.0447509 -0.995749 -138.313 -0.0303907 0.998417 0.0473279 2.93232 0.996291 0.0340717 -0.0790166 12.8292 
-0.0778349 0.0490045 -0.995761 -139.523 -0.0311325 0.998185 0.0515573 2.95186 0.99648 0.0350135 -0.076168 12.6674 
-0.0786648 0.0490713 -0.995693 -140.789 -0.0327481 0.998122 0.0517782 3.01129 0.996363 0.0366802 -0.0769101 12.5836 
-0.0779488 0.0465227 -0.995871 -142.04 -0.0353894 0.998152 0.0493992 3.04328 0.996329 0.0390939 -0.0761583 12.4616 
-0.0785681 0.044603 -0.99591 -143.227 -0.0363786 0.998205 0.0475757 3.07559 0.996245 0.0399679 -0.0768045 12.3285 
-0.0765273 0.042576 -0.996158 -144.504 -0.0340228 0.998395 0.0452853 3.11868 0.996487 0.0373577 -0.0749559 12.1828 
-0.0762833 0.0443466 -0.9961 -145.749 -0.0345117 0.998294 0.0470873 3.12866 0.996489 0.0379691 -0.0746228 12.0585 
-0.0795052 0.044654 -0.995834 -146.912 -0.0321587 0.998361 0.0473348 3.17865 0.996316 0.0357881 -0.0779389 12.0014 
-0.0845321 0.0459488 -0.995361 -148.064 -0.0313543 0.998319 0.0487482 3.17127 0.995927 0.0353297 -0.0829493 11.9788 
-0.086687 0.0477586 -0.99509 -149.291 -0.0308952 0.998241 0.0506013 3.17303 0.995756 0.03513 -0.085059 11.8735 
-0.0867248 0.0500856 -0.994973 -150.451 -0.0275603 0.998233 0.0526519 3.2325 0.995851 0.031988 -0.0851911 11.7526 
-0.0881567 0.0510429 -0.994798 -151.604 -0.0251933 0.998253 0.0534528 3.28466 0.995788 0.0297745 -0.0867167 11.6548 
-0.0872655 0.0530014 -0.994774 -152.877 -0.027298 0.998081 0.0555723 3.30157 0.995811 0.0320049 -0.0856512 11.4932 
-0.0942271 0.0525204 -0.994164 -154.002 -0.0275827 0.998086 0.0553419 3.34167 0.995169 0.0326365 -0.0925981 11.4643 
-0.0997378 0.0544618 -0.993522 -155.269 -0.024502 0.998064 0.0571705 3.41178 0.994712 0.0300454 -0.0982102 11.4426 
-0.101174 0.0600725 -0.993053 -156.483 -0.0294442 0.997557 0.0633448 3.47811 0.994433 0.0356486 -0.0991583 11.3105 
-0.10035 0.061413 -0.993055 -157.748 -0.0358446 0.997222 0.0652929 3.50775 0.994306 0.0421478 -0.0978698 11.1433 
-0.100848 0.0564475 -0.993299 -158.961 -0.0414749 0.997283 0.0608848 3.57606 0.994037 0.0473371 -0.0982328 11.0174 
-0.0994383 0.0500101 -0.993786 -160.171 -0.0415841 0.997655 0.0543657 3.62487 0.994174 0.0467318 -0.0971254 10.8727 
-0.09893 0.0502001 -0.993827 -161.387 -0.0462368 0.997416 0.054984 3.6507 0.99402 0.051391 -0.0963533 10.7101 
-0.0982462 0.0480571 -0.994001 -162.585 -0.0472777 0.99748 0.0528982 3.68027 0.994039 0.0521911 -0.0957266 10.5537 
-0.0980456 0.0442448 -0.994198 -163.791 -0.0463933 0.997722 0.0489768 3.73409 0.9941 0.0509261 -0.0957695 10.403 
-0.101786 0.0418531 -0.993926 -164.919 -0.0392309 0.998169 0.0460493 3.75159 0.994032 0.0436798 -0.099958 10.3282 
-0.10756 0.0452692 -0.993168 -166.112 -0.0364149 0.998113 0.0494383 3.7834 0.993532 0.0414837 -0.105708 10.2696 
-0.110136 0.0512548 -0.992594 -167.287 -0.0362942 0.997796 0.0555506 3.83004 0.993254 0.0421436 -0.108033 10.166 
-0.112418 0.0542541 -0.992179 -168.474 -0.034886 0.997677 0.0585075 3.87336 0.993049 0.0411904 -0.110264 10.0776 
-0.110688 0.0508401 -0.992554 -169.622 -0.0369499 0.99779 0.0552288 3.92795 0.993168 0.0427879 -0.108565 9.91711 
-0.107273 0.0499445 -0.992974 -170.851 -0.0421336 0.997612 0.0547295 3.98197 0.993336 0.0477086 -0.104913 9.71389 
-0.107206 0.0522873 -0.992861 -172.04 -0.0390484 0.997624 0.0567544 4.02145 0.99347 0.0448541 -0.104909 9.58746 
-0.108469 0.0490285 -0.99289 -173.224 -0.0413601 0.997696 0.0537842 4.07737 0.993239 0.0469 -0.106191 9.45207 
-0.104744 0.0481858 -0.993331 -174.322 -0.0425291 0.997695 0.052882 4.08459 0.993589 0.0477846 -0.102453 9.27469 
-0.104145 0.0489728 -0.993356 -175.485 -0.0460325 0.997479 0.0540022 4.13796 0.993496 0.0513508 -0.101628 9.14277 
-0.102894 0.0501732 -0.993426 -176.599 -0.0457626 0.997431 0.0551153 4.16272 0.993639 0.0511328 -0.100333 9.0169 
-0.103568 0.05052 -0.993339 -177.703 -0.0470218 0.997344 0.0556264 4.21857 0.99351 0.0524698 -0.100918 8.87602 
-0.105641 0.0521035 -0.993038 -178.71 -0.0471572 0.99724 0.0573406 4.24775 0.993286 0.0528864 -0.102892 8.77598 
-0.10503 0.0527676 -0.993068 -179.768 -0.0475965 0.99718 0.05802 4.2803 0.993329 0.0533604 -0.102222 8.63666 
-0.104381 0.051954 -0.993179 -180.804 -0.0460946 0.997309 0.0570145 4.31447 0.993469 0.0517315 -0.101706 8.50486 
-0.103608 0.0510988 -0.993305 -181.744 -0.0486702 0.997223 0.056377 4.34695 0.993427 0.0541855 -0.100834 8.39399 
-0.101707 0.0522935 -0.993439 -182.678 -0.050631 0.997051 0.0576672 4.36988 0.993525 0.056164 -0.0987599 8.26551 
-0.103454 0.0504899 -0.993352 -183.602 -0.0478291 0.997303 0.055672 4.39985 0.993484 0.0532707 -0.100761 8.1794 
-0.108748 0.0465777 -0.992978 -184.481 -0.0434928 0.997722 0.0515635 4.43848 0.993117 0.0487949 -0.106474 8.11592 
-0.117452 0.044578 -0.992078 -185.444 -0.0446705 0.997744 0.0501212 4.44849 0.992073 0.0502035 -0.115196 8.06539 
-0.126492 0.0416886 -0.991091 -186.248 -0.0471291 0.997736 0.0479832 4.4489 0.990847 0.0527788 -0.124241 8.0665 
-0.130079 0.0420932 -0.99061 -187.224 -0.049961 0.997551 0.0489486 4.46616 0.990244 0.0558591 -0.127658 7.86823 
-0.122214 0.0398983 -0.991702 -188.31 -0.0521122 0.997555 0.046556 4.58674 0.991135 0.0573696 -0.119836 7.52024 
-0.130688 0.044574 -0.990421 -189.06 -0.0510555 0.997361 0.0516232 4.55093 0.990108 0.057313 -0.128067 7.52734 
-0.131144 0.0457983 -0.990305 -190.01 -0.0497705 0.997369 0.052716 4.59458 0.990113 0.0562014 -0.128519 7.35421 
-0.134346 0.048604 -0.989742 -190.894 -0.0501125 0.997185 0.0557718 4.58389 0.989667 0.0570912 -0.131533 7.23331 
-0.136547 0.0469732 -0.989519 -191.835 -0.0475239 0.997415 0.053906 4.61617 0.989493 0.0543866 -0.133962 7.11964 
-0.137697 0.0478745 -0.989317 -192.711 -0.0532182 0.997031 0.0556549 4.62635 0.989044 0.0603132 -0.13474 6.96417 
-0.139154 0.0457639 -0.989213 -193.599 -0.0559914 0.99697 0.0539992 4.66891 0.988687 0.0629016 -0.13617 6.84015 
-0.138078 0.0427873 -0.989497 -194.536 -0.0599683 0.996872 0.0514744 4.72396 0.988604 0.066446 -0.13508 6.68944 
-0.134836 0.0395401 -0.990079 -195.417 -0.0622961 0.996889 0.048296 4.76454 0.988908 0.0681901 -0.131953 6.5269 
-0.135572 0.0344919 -0.990167 -196.318 -0.063679 0.997024 0.0434496 4.83118 0.988719 0.0689435 -0.132972 6.39766 
-0.133712 0.0362754 -0.990356 -197.277 -0.0636139 0.996955 0.0451058 4.82703 0.988977 0.0690316 -0.130997 6.25444 
-0.136009 0.0368253 -0.990023 -198.212 -0.0630002 0.996965 0.0457385 4.8992 0.988702 0.0685925 -0.133277 6.15594 
-0.13441 0.0373198 -0.990223 -199.152 -0.0624634 0.996984 0.0460532 4.93108 0.988955 0.0680427 -0.131674 5.99126 
-0.130105 0.0346139 -0.990896 -200.031 -0.0580676 0.997409 0.0424657 4.96468 0.989798 0.0630639 -0.127758 5.81162 
-0.131159 0.0310435 -0.990875 -200.957 -0.0572036 0.997607 0.0388263 4.99312 0.98971 0.0617741 -0.129069 5.68237 
-0.131749 0.0303719 -0.990818 -201.848 -0.0600695 0.997449 0.0385627 5.02249 0.989461 0.0645985 -0.129588 5.56808 
-0.13171 0.0345346 -0.990687 -202.822 -0.0606588 0.997239 0.0428275 5.05668 0.989431 0.0657347 -0.129251 5.43079 
-0.131061 0.0335939 -0.990805 -203.739 -0.0568958 0.997524 0.0413477 5.09211 0.98974 0.0617917 -0.128825 5.32796 
-0.127577 0.0353035 -0.9912 -204.455 -0.0647855 0.996936 0.0438464 5.08477 0.989711 0.0698092 -0.124899 5.15113 
-0.126744 0.0397306 -0.991139 -205.283 -0.0632668 0.996839 0.0480495 5.12269 0.989916 0.0687962 -0.12383 5.04597 
-0.125522 0.0446712 -0.991085 -206.286 -0.0608826 0.996756 0.0526376 5.16075 0.990221 0.066947 -0.122395 4.88862 
-0.123462 0.0456096 -0.991301 -207.24 -0.0614948 0.996672 0.0535156 5.19049 0.990442 0.0675671 -0.120247 4.74822 
-0.123641 0.0451064 -0.991301 -208.297 -0.0625613 0.996625 0.0531517 5.24056 0.990353 0.0685889 -0.120401 4.65608 
-0.12009 0.0455851 -0.991716 -209.32 -0.0637632 0.996529 0.0535276 5.29333 0.990713 0.0696631 -0.116766 4.50031 
-0.115644 0.0473468 -0.992162 -210.403 -0.0612729 0.996621 0.0547014 5.30723 0.991399 0.0671185 -0.112352 4.36556 
-0.114962 0.0444149 -0.992377 -211.467 -0.0644087 0.996565 0.0520637 5.33821 0.99128 0.069903 -0.111706 4.2555 
-0.110431 0.0407444 -0.993048 -212.562 -0.0653558 0.996699 0.048162 5.40675 0.991733 0.07022 -0.107403 4.09292 
-0.107613 0.0394437 -0.99341 -213.685 -0.0623151 0.99698 0.0463359 5.47271 0.992238 0.0668908 -0.10483 3.95127 
-0.111059 0.0413603 -0.992953 -214.702 -0.0643378 0.996739 0.048714 5.51228 0.991729 0.0692946 -0.108036 3.90812 
-0.108672 0.0441945 -0.993095 -215.749 -0.0674067 0.996384 0.0517171 5.55994 0.99179 0.0725615 -0.105301 3.76248 
-0.109269 0.0460416 -0.992945 -216.794 -0.0692689 0.996146 0.0538127 5.56785 0.991596 0.0746603 -0.105658 3.6518 
-0.108986 0.0409402 -0.9932 -217.861 -0.0692153 0.996414 0.0486679 5.66416 0.991631 0.0740488 -0.105761 3.50039 
-0.10808 0.0385258 -0.993395 -218.93 -0.062755 0.996992 0.0454929 5.70033 0.99216 0.0672575 -0.105337 3.35382 
-0.108746 0.0359797 -0.993418 -220.035 -0.060192 0.997273 0.0427083 5.77268 0.992246 0.0644402 -0.106284 3.23156 
-0.109639 0.0319159 -0.993459 -221.089 -0.0588053 0.997525 0.0385363 5.84909 0.99223 0.0626458 -0.107491 3.14519 
-0.110238 0.0335717 -0.993338 -221.948 -0.060474 0.997351 0.0404186 5.84547 0.992064 0.0645269 -0.107915 2.96337 
-0.11 0.03359 -0.993364 -223.032 -0.0624713 0.997219 0.0406381 5.8774 0.991966 0.066527 -0.107595 2.82332 
-0.111102 0.0364959 -0.993139 -224.099 -0.0635373 0.99702 0.0437464 5.90661 0.991776 0.0679617 -0.108452 2.70214 
-0.112051 0.0368044 -0.993021 -225.214 -0.063763 0.996988 0.0441463 5.95163 0.991655 0.0682646 -0.109367 2.55369 
-0.113833 0.0392716 -0.992723 -226.294 -0.0647149 0.996803 0.0468536 5.97934 0.99139 0.0695775 -0.110927 2.42898 
-0.115414 0.0383252 -0.992578 -227.438 -0.067561 0.996639 0.0463378 6.0428 0.991017 0.0724076 -0.112437 2.28658 
-0.116385 0.0364187 -0.992536 -228.622 -0.0697678 0.996559 0.0447473 6.08694 0.990751 0.074455 -0.113444 2.11487 
-0.118863 0.0320672 -0.992393 -229.77 -0.0660993 0.997006 0.0401332 6.12477 0.990708 0.0703669 -0.116387 1.98482 
-0.12035 0.0263029 -0.992383 -230.895 -0.0632759 0.997413 0.03411 6.1453 0.990713 0.0668992 -0.118375 1.82265 
-0.122416 0.0234792 -0.992201 -232.1 -0.0585878 0.997806 0.0308403 6.15758 0.990748 0.0619062 -0.120772 1.64656 
-0.12449 0.0246793 -0.991914 -233.311 -0.0528651 0.998106 0.0314682 6.19777 0.990812 0.0563551 -0.12295 1.48109 
-0.128403 0.0281887 -0.991321 -234.503 -0.0472285 0.998288 0.0345042 6.22943 0.990597 0.0512492 -0.126852 1.34586 
-0.129164 0.031698 -0.991116 -235.634 -0.0460581 0.998219 0.0379275 6.2634 0.990553 0.0505479 -0.127474 1.1474 
-0.1306 0.031951 -0.99092 -236.724 -0.0444309 0.998288 0.0380445 6.27146 0.990439 0.0489961 -0.128957 0.937285 
-0.132443 0.0332511 -0.990633 -237.94 -0.0427859 0.998314 0.0392292 6.28894 0.990267 0.0475808 -0.130797 0.736173 
-0.130499 0.0385694 -0.990698 -239.4 -0.0491951 0.99776 0.0453245 6.28475 0.990227 0.0546523 -0.12831 0.446072 
-0.133568 0.0374404 -0.990332 -240.482 -0.0481058 0.997863 0.0442132 6.34283 0.989872 0.0535462 -0.131481 0.271113 
-0.137456 0.0357617 -0.989862 -241.74 -0.0479947 0.997934 0.042718 6.39638 0.989344 0.05338 -0.135455 0.150232 
-0.140718 0.0350896 -0.989428 -242.948 -0.0479601 0.997957 0.042213 6.44916 0.988887 0.0533932 -0.138748 -0.0322725 
-0.142766 0.0353782 -0.989124 -244.144 -0.0478574 0.997945 0.0426012 6.48411 0.988599 0.053419 -0.140779 -0.224579 
-0.144812 0.0339842 -0.988875 -245.392 -0.045135 0.998143 0.0409123 6.527 0.988429 0.0505575 -0.143009 -0.417333 
-0.147513 0.0344001 -0.988462 -246.672 -0.0474372 0.997999 0.0418113 6.58367 0.987922 0.0530576 -0.145586 -0.623089 
-0.148027 0.0354592 -0.988348 -247.941 -0.0485203 0.997893 0.0430686 6.62944 0.987792 0.0543302 -0.145994 -0.881959 
-0.150428 0.0366069 -0.987943 -249.179 -0.0517192 0.997654 0.0448417 6.64209 0.987267 0.0578411 -0.148182 -1.0768 
-0.152619 0.0360012 -0.987629 -250.367 -0.0522807 0.997643 0.0444452 6.67975 0.986901 0.0584172 -0.150377 -1.28775 
-0.153352 0.0366684 -0.987491 -251.532 -0.0518076 0.997639 0.0450906 6.70003 0.986813 0.0580743 -0.15109 -1.51585 
-0.154452 0.0348376 -0.987386 -252.695 -0.0466097 0.998009 0.0425033 6.7224 0.9869 0.0525865 -0.152521 -1.69194 
-0.153674 0.0360891 -0.987462 -253.815 -0.0454259 0.998018 0.0435443 6.69712 0.987077 0.0515481 -0.15173 -1.92305 
-0.153211 0.0365396 -0.987518 -255.12 -0.0460127 0.997969 0.0440651 6.72693 0.987122 0.0521896 -0.151219 -2.16179 
-0.153736 0.0369275 -0.987422 -256.333 -0.045414 0.997981 0.0443931 6.7696 0.987068 0.0516676 -0.151748 -2.35837 
-0.156046 0.0375255 -0.987037 -257.543 -0.0444903 0.997997 0.0449759 6.79184 0.986747 0.0509319 -0.154064 -2.5248 
-0.157801 0.0380646 -0.986737 -258.802 -0.0429739 0.998045 0.0453734 6.83821 0.986535 0.049564 -0.155857 -2.68963 
-0.158187 0.0390218 -0.986638 -260.077 -0.040968 0.998099 0.0460435 6.88918 0.986559 0.0477041 -0.156288 -2.89232 
-0.158185 0.042067 -0.986513 -261.293 -0.0372991 0.998124 0.048543 6.93588 0.986705 0.0444749 -0.15632 -3.12 
-0.159121 0.0441704 -0.986271 -262.555 -0.0321912 0.998235 0.0498998 7.00874 0.986734 0.0396894 -0.157418 -3.33208 
-0.159383 0.0479782 -0.98605 -263.817 -0.0287561 0.998169 0.0532159 7.0232 0.986798 0.0368368 -0.157712 -3.53249 
-0.158671 0.0469151 -0.986216 -264.967 -0.0303725 0.998166 0.0523702 7.05435 0.986864 0.0382636 -0.156955 -3.76917 
-0.158986 0.0459679 -0.98621 -266.174 -0.0325441 0.998129 0.0517698 7.08102 0.986744 0.0403261 -0.157192 -3.99067 
-0.159193 0.0474848 -0.986105 -267.35 -0.0369458 0.997856 0.0540151 7.14829 0.986556 0.0450313 -0.157098 -4.23307 
-0.159811 0.0528794 -0.98573 -268.566 -0.0418347 0.997304 0.0602827 7.18919 0.986261 0.0508716 -0.157168 -4.45234 
-0.160157 0.0514053 -0.985752 -269.809 -0.0463009 0.997153 0.0595224 7.24853 0.986005 0.0551742 -0.157321 -4.69501 
-0.160241 0.04498 -0.986053 -271.014 -0.0442672 0.997629 0.0527018 7.28676 0.986085 0.0520948 -0.15787 -4.91026 
-0.1617 0.0419925 -0.985946 -272.221 -0.0409857 0.997946 0.0492255 7.2897 0.985988 0.0483695 -0.159647 -5.12499 
-0.161638 0.0408446 -0.986005 -273.419 -0.0355827 0.998252 0.0471851 7.34062 0.986208 0.0427117 -0.159902 -5.33832 
-0.160681 0.0424673 -0.986092 -274.674 -0.0323292 0.998311 0.0482615 7.38251 0.986477 0.0396343 -0.159037 -5.55581 
-0.159633 0.044064 -0.986193 -275.875 -0.030436 0.998309 0.0495319 7.44014 0.986707 0.0379228 -0.158022 -5.75714 
-0.160774 0.0470578 -0.985869 -277.057 -0.0329305 0.998051 0.0530095 7.46202 0.986442 0.0409877 -0.158911 -5.95463 
-0.159479 0.0485781 -0.986005 -278.282 -0.0333352 0.997954 0.0545585 7.50837 0.986638 0.0415697 -0.157534 -6.18057 
-0.158924 0.0479574 -0.986125 -279.488 -0.0344215 0.997943 0.0540795 7.5887 0.986691 0.0425385 -0.156947 -6.4111 
-0.158626 0.0509145 -0.986025 -280.653 -0.0302133 0.997952 0.0563908 7.53538 0.986876 0.0387362 -0.156763 -6.65449 
-0.156725 0.049138 -0.986419 -281.797 -0.0308075 0.998032 0.0546112 7.584 0.987162 0.0389481 -0.154903 -6.88076 
-0.156005 0.0488875 -0.986546 -282.973 -0.0306495 0.998054 0.0543045 7.60455 0.987281 0.038709 -0.154203 -7.1009 
-0.156377 0.0480733 -0.986527 -284.199 -0.0290884 0.998157 0.053251 7.6582 0.987269 0.0370238 -0.15469 -7.31579 
-0.157611 0.0477086 -0.986348 -285.444 -0.030541 0.998119 0.0531581 7.7215 0.987029 0.0385024 -0.155857 -7.50975 
-0.157898 0.0470312 -0.986335 -286.668 -0.0329706 0.998057 0.0528683 7.77934 0.986905 0.0408679 -0.156041 -7.70731 
-0.157357 0.0473631 -0.986405 -287.907 -0.0326585 0.998053 0.0531323 7.82597 0.987002 0.0405752 -0.155504 -7.92355 
-0.158942 0.0465725 -0.986189 -289.132 -0.0311021 0.998155 0.0521502 7.85791 0.986798 0.0389614 -0.1572 -8.10035 
-0.159054 0.0452641 -0.986232 -290.401 -0.0330051 0.998146 0.0511338 7.87983 0.986718 0.0406837 -0.157265 -8.32199 
-0.162428 0.0404042 -0.985893 -291.468 -0.0274975 0.998588 0.0454548 7.94694 0.986337 0.0344928 -0.161088 -8.44402 
-0.163546 0.0374071 -0.985826 -292.723 -0.0305221 0.998611 0.0429557 8.01657 0.986063 0.0371147 -0.162177 -8.63195 
-0.164725 0.0378018 -0.985615 -293.935 -0.0307347 0.998583 0.0434359 8.04283 0.985861 0.0374476 -0.163329 -8.82807 
-0.165308 0.0385633 -0.985488 -295.119 -0.0316839 0.998512 0.0443877 8.08084 0.985733 0.0385617 -0.16384 -9.05004 
-0.168947 0.0396215 -0.984828 -296.256 -0.0339395 0.998365 0.0459884 8.08877 0.985041 0.0411943 -0.167326 -9.22097 
-0.166663 0.0377889 -0.98529 -297.428 -0.0337154 0.998463 0.0439971 8.15614 0.985437 0.0405521 -0.165132 -9.49304 
-0.167594 0.0349496 -0.985236 -298.613 -0.031736 0.998662 0.0408244 8.16684 0.985345 0.0381094 -0.166261 -9.72577 
-0.169499 0.035767 -0.984881 -299.85 -0.0279143 0.998766 0.0410753 8.16221 0.985135 0.0344545 -0.168291 -9.92976 
-0.171532 0.0351241 -0.984552 -301.041 -0.0256805 0.998865 0.0401088 8.21596 0.984844 0.0321638 -0.170435 -10.148 
-0.174715 0.0355468 -0.983977 -302.359 -0.0246596 0.998877 0.0404636 8.29597 0.98431 0.0313341 -0.173642 -10.3386 
-0.176011 0.0380341 -0.983653 -303.679 -0.021741 0.998859 0.0425123 8.31056 0.984148 0.0288682 -0.174983 -10.535 
-0.178024 0.0368326 -0.983337 -304.933 -0.0227586 0.998878 0.041535 8.35231 0.983763 0.0297736 -0.176986 -10.744 
