1 2.12261e-08 -2.11895e-08 0 2.12261e-08 1 2.10703e-08 0 -2.11895e-08 2.10703e-08 1 0 
0.99995 -0.00143086 0.00991388 0.0261854 0.00142591 0.999999 0.000509896 0.016724 -0.00991464 -0.000495693 0.999951 0.288326 
0.999859 -0.00406166 0.0163013 0.0330799 0.00404786 0.999991 0.000882313 0.0029147 -0.0163048 -0.000816161 0.999867 0.56601 
0.999814 -0.00775664 0.0176342 0.0465562 0.00778637 0.999968 -0.00161567 0.00940929 -0.0176211 0.00175272 0.999843 0.847419 
0.999857 -0.00886273 0.0143886 0.0882469 0.00890094 0.999957 -0.00259048 -0.00364954 -0.0143651 0.00271822 0.999893 1.15886 
0.999914 -0.0116568 0.00599558 0.0957894 0.0116751 0.999927 -0.00301313 -0.0289078 -0.00596006 0.00308291 0.999978 1.43819 
0.9999 -0.0127157 -0.00623845 0.067151 0.0126828 0.999906 -0.00529572 -0.0209494 0.00630515 0.00521611 0.999967 1.77522 
0.999632 -0.0126353 -0.0240254 0.0568266 0.0125137 0.999908 -0.00520964 -0.0447371 0.024089 0.00490712 0.999698 2.08949 
0.999004 -0.00910833 -0.0436899 0.0276881 0.00880046 0.999935 -0.00723484 -0.0231902 0.0437529 0.00684319 0.999019 2.44568 
0.997879 -0.00461034 -0.0649381 0.00181819 0.00400358 0.999947 -0.0094712 -0.0223517 0.0649783 0.00919117 0.997844 2.79486 
0.996358 -0.00350019 -0.0851952 -0.0424486 0.00259894 0.99994 -0.0106878 -0.0295189 0.0852274 0.0104275 0.996307 3.14139 
0.994341 -0.00647941 -0.106038 -0.107788 0.00557328 0.999945 -0.00883986 -0.0437561 0.106089 0.00819891 0.994323 3.518 
0.991961 -0.00721289 -0.126337 -0.157803 0.00602884 0.999934 -0.00975237 -0.036901 0.126399 0.00891235 0.99194 3.88997 
0.989302 -0.00618866 -0.145749 -0.223475 0.00477153 0.999938 -0.0100709 -0.0328689 0.145802 0.00926781 0.98927 4.31114 
0.986837 -0.00444644 -0.161658 -0.310361 0.0034425 0.999973 -0.00649008 -0.0681869 0.161683 0.00584819 0.986826 4.70099 
0.984987 -0.00320791 -0.172601 -0.434252 0.00184242 0.999966 -0.00807109 -0.0665399 0.172621 0.00763196 0.984959 5.09887 
0.983035 -0.00307188 -0.183395 -0.542942 0.00177747 0.999972 -0.00722223 -0.104396 0.183412 0.00677377 0.983013 5.521 
0.981376 -0.00639962 -0.191988 -0.651663 0.00435509 0.999929 -0.0110695 -0.100307 0.192045 0.0100273 0.981335 5.98031 
0.979986 -0.00556534 -0.198989 -0.780813 0.00311167 0.999915 -0.0126415 -0.10851 0.199042 0.0117693 0.97992 6.41923 
0.978679 -0.00367872 -0.205361 -0.913116 0.000561625 0.999884 -0.015235 -0.107567 0.205393 0.0147949 0.978568 6.8915 
0.976699 -0.00390575 -0.214576 -1.03805 3.68812e-05 0.999837 -0.0180315 -0.122919 0.214612 0.0176035 0.976541 7.3507 
0.974972 -0.00816901 -0.222178 -1.16985 0.00370177 0.999783 -0.0205158 -0.134866 0.222297 0.0191799 0.97479 7.83072 
0.973087 -0.0144959 -0.229984 -1.31858 0.00992759 0.99973 -0.0210085 -0.142129 0.230226 0.01816 0.972968 8.34521 
0.970023 -0.0171121 -0.242408 -1.41861 0.0120328 0.999676 -0.0224188 -0.163392 0.242713 0.01883 0.969915 8.91199 
0.968416 -0.00663772 -0.24925 -1.58593 -0.000310225 0.999613 -0.0278259 -0.191143 0.249338 0.0270244 0.968039 9.41111 
0.965667 -0.0054204 -0.259725 -1.72853 -0.00269718 0.999519 -0.0308881 -0.217676 0.259768 0.0305282 0.965188 9.94688 
0.963111 -0.0053667 -0.269053 -1.88333 -0.00374857 0.999437 -0.033354 -0.25318 0.26908 0.0331322 0.962548 10.5269 
0.960764 -0.00583828 -0.277305 -2.04142 -0.00450519 0.999318 -0.0366484 -0.270836 0.277329 0.0364598 0.960083 11.0455 
0.958413 -0.000648337 -0.285383 -2.23557 -0.0111567 0.999148 -0.0397379 -0.300992 0.285165 0.0412693 0.957589 11.5844 
0.956278 0.00124109 -0.292457 -2.45189 -0.0142259 0.999005 -0.0422767 -0.347176 0.292113 0.0445887 0.955344 12.0975 
0.954239 0.00299651 -0.29903 -2.66278 -0.0186274 0.998604 -0.0494355 -0.354918 0.298465 0.0527434 0.952962 12.7118 
0.951635 -0.000910289 -0.307228 -2.83379 -0.0175236 0.998207 -0.0572367 -0.384807 0.30673 0.0598523 0.949913 13.3206 
0.95032 -0.00079611 -0.311273 -3.019 -0.020251 0.99772 -0.0643784 -0.427416 0.310614 0.0674837 0.948138 13.899 
0.9488 -0.0122208 -0.315642 -3.18779 -0.0109994 0.997367 -0.0716789 -0.44343 0.315687 0.0714809 0.946167 14.4684 
0.94708 -0.0123914 -0.320759 -3.41214 -0.0143486 0.996622 -0.080867 -0.490294 0.320678 0.08119 0.943702 15.1153 
0.945741 -0.01573 -0.324542 -3.64014 -0.0136008 0.996036 -0.0879099 -0.528952 0.324638 0.087554 0.941777 15.6872 
0.945073 -0.0130551 -0.326598 -3.93716 -0.0184159 0.995488 -0.0930825 -0.608879 0.32634 0.0939844 0.940569 16.2923 
0.943871 -0.0141447 -0.330012 -4.40978 -0.0198918 0.994836 -0.0995324 -0.637079 0.329716 0.10051 0.938715 17.1819 
0.942262 -0.0111288 -0.334691 -4.67854 -0.0259074 0.99403 -0.10599 -0.713031 0.333872 0.108542 0.936348 17.831 
0.940929 -0.00661291 -0.338539 -4.98558 -0.0322534 0.993513 -0.109052 -0.81857 0.337064 0.113529 0.934612 18.4918 
0.939064 -0.00524854 -0.343701 -5.2431 -0.034882 0.993267 -0.110473 -0.897833 0.341967 0.11573 0.932558 19.1742 
0.937172 -0.0121851 -0.348654 -5.48454 -0.0272871 0.993768 -0.108078 -0.947806 0.347798 0.110802 0.930999 19.8 
0.934856 -0.0100478 -0.354886 -5.79822 -0.02943 0.993966 -0.105668 -1.0526 0.353806 0.109229 0.928919 20.523 
0.932824 -0.00851636 -0.360231 -6.22791 -0.031712 0.993901 -0.105616 -1.12719 0.358933 0.109945 0.926865 21.3442 
0.928879 -0.0161953 -0.370029 -6.57803 -0.0237406 0.994386 -0.103118 -1.1719 0.369621 0.104569 0.92328 22.1341 
0.925261 -0.0156114 -0.379009 -6.86812 -0.0227729 0.995065 -0.0965814 -1.26443 0.378647 0.0979942 0.920339 22.8829 
0.92099 -0.00953449 -0.38947 -7.14378 -0.0287258 0.995317 -0.0922948 -1.35587 0.388526 0.0961905 0.916403 23.5562 
0.918932 0.000181322 -0.394415 -7.72305 -0.0369543 0.995641 -0.0856407 -1.48478 0.39268 0.0932734 0.914933 24.4399 
0.915503 0.00399486 -0.402292 -8.05503 -0.0413588 0.995587 -0.0842345 -1.57695 0.40018 0.0937553 0.911628 25.0928 
0.912184 0.00320039 -0.409769 -8.47942 -0.0409577 0.995674 -0.0833993 -1.64919 0.40773 0.0928588 0.908369 25.8417 
0.90929 0.00481656 -0.416134 -9.03272 -0.043229 0.995617 -0.0829356 -1.71953 0.413911 0.0934017 0.905513 26.6699 
0.905649 0.0115703 -0.423871 -9.44193 -0.0507438 0.995401 -0.0812487 -1.81615 0.420982 0.0950917 0.902071 27.463 
0.902243 0.0105235 -0.4311 -9.89736 -0.0502142 0.995465 -0.0807925 -1.87166 0.428295 0.0945418 0.89868 28.2823 
0.900423 0.0170509 -0.434681 -10.4659 -0.0576137 0.995104 -0.0803101 -1.92335 0.431183 0.0973566 0.896997 29.0843 
0.897386 0.0188873 -0.440842 -10.9605 -0.0581741 0.995427 -0.0757725 -1.97736 0.437395 0.0936429 0.894381 29.946 
0.893816 0.0167315 -0.448122 -11.3674 -0.0545198 0.995945 -0.0715586 -2.06175 0.445108 0.0883918 0.891104 30.5861 
0.89068 0.0147275 -0.454391 -11.869 -0.052699 0.996082 -0.0710141 -2.10625 0.451565 0.0871968 0.887967 31.4111 
0.888689 0.0106241 -0.458388 -12.3178 -0.0473056 0.996521 -0.0686161 -2.15737 0.456064 0.0826628 0.8861 32.0893 
0.886529 0.0109024 -0.462545 -12.8415 -0.0488272 0.996344 -0.0700995 -2.18883 0.46009 0.08473 0.88382 32.952 
0.8832 0.00961041 -0.468899 -13.3445 -0.0471939 0.996536 -0.0684679 -2.27008 0.466617 0.0826 0.880594 33.8504 
0.882957 0.00770571 -0.469391 -13.8883 -0.0439971 0.996823 -0.0663974 -2.37261 0.467388 0.0792779 0.880491 34.6323 
0.880899 0.010573 -0.473187 -14.4338 -0.0496107 0.996306 -0.0700951 -2.37779 0.470698 0.0852219 0.878169 35.4022 
0.880002 0.0130205 -0.474791 -15.0027 -0.0536512 0.995951 -0.0721273 -2.41835 0.47193 0.0889453 0.877138 36.3779 
0.880454 0.012058 -0.473978 -15.5366 -0.0539447 0.995733 -0.0748754 -2.4537 0.471052 0.091493 0.877348 37.2507 
0.880264 0.0125576 -0.474318 -16.0146 -0.0538134 0.995842 -0.0735048 -2.54083 0.471423 0.0902283 0.87728 38.0815 
0.880045 0.0114643 -0.474751 -16.5391 -0.0527348 0.995885 -0.0737058 -2.60851 0.471953 0.0899005 0.877028 39.0081 
0.879264 0.00771572 -0.476273 -17.0405 -0.0476283 0.996282 -0.0717883 -2.73394 0.473948 0.085805 0.876362 39.912 
0.878182 0.00581872 -0.47829 -17.5577 -0.0465081 0.996227 -0.0732732 -2.81483 0.476059 0.0865917 0.87514 40.8462 
0.877971 0.00544064 -0.478683 -18.095 -0.0455159 0.996354 -0.0721581 -2.88541 0.476546 0.0851405 0.875017 41.7206 
0.876422 0.00384656 -0.481528 -18.6571 -0.0427626 0.996639 -0.0698703 -2.93451 0.479641 0.0818273 0.873641 42.6556 
0.874289 0.00313633 -0.485395 -19.1789 -0.041676 0.996772 -0.0686259 -3.00153 0.483613 0.0802282 0.871597 43.5625 
0.870582 0.00292146 -0.492015 -19.7237 -0.0411052 0.996918 -0.0668131 -3.07331 0.490304 0.0783907 0.868019 44.4555 
0.863837 -0.00179159 -0.503768 -20.2227 -0.0378735 0.996933 -0.0684893 -3.17211 0.502345 0.0782431 0.86112 45.4077 
0.858416 -0.00218384 -0.512949 -20.8544 -0.0410595 0.99649 -0.0729553 -3.22841 0.511308 0.0836875 0.855313 46.3665 
0.851094 -0.00462426 -0.524993 -21.3083 -0.0385017 0.996719 -0.0711965 -3.34266 0.5236 0.0808081 0.848123 47.2211 
0.845197 -0.000948646 -0.534454 -21.8841 -0.0403475 0.997032 -0.0655761 -3.4332 0.53293 0.0769887 0.84265 48.112 
0.844238 0.00676543 -0.535926 -22.5542 -0.0454993 0.997215 -0.0590859 -3.55721 0.534033 0.0742669 0.842195 48.9292 
0.840207 0.00447076 -0.542247 -23.1723 -0.0436608 0.997277 -0.0594296 -3.64126 0.540505 0.0736081 0.838115 49.854 
0.835266 0.000594024 -0.549846 -23.7091 -0.0422566 0.997111 -0.0631143 -3.71245 0.54822 0.0759519 0.832878 50.6868 
0.830234 -0.00809876 -0.557356 -24.2557 -0.035095 0.997151 -0.0667666 -3.82326 0.556309 0.0749924 0.827585 51.5604 
0.826505 -0.00999278 -0.56284 -24.8469 -0.035137 0.996977 -0.0692977 -3.89522 0.561831 0.0770515 0.823656 52.4193 
0.823656 -0.00407996 -0.567075 -25.3834 -0.0393943 0.997147 -0.064393 -3.99988 0.56572 0.0753772 0.821145 53.1993 
0.81867 -0.00351121 -0.574254 -26.0207 -0.0374677 0.997524 -0.059514 -4.06042 0.573041 0.0702384 0.816511 54.1115 
0.817167 0.00262863 -0.576395 -26.6749 -0.0450891 0.997217 -0.059376 -4.08387 0.574635 0.0745093 0.815011 54.9467 
0.814563 0.00450352 -0.580058 -27.277 -0.0475872 0.997118 -0.0590841 -4.16792 0.57812 0.0757311 0.81243 55.7452 
0.81184 0.0011029 -0.583879 -27.8761 -0.0438408 0.997291 -0.0590737 -4.26686 0.582231 0.0735562 0.809689 56.4385 
0.80855 -0.00175208 -0.588426 -28.5819 -0.0453151 0.996841 -0.0652352 -4.2957 0.586681 0.0794105 0.805916 57.3815 
0.80582 -0.00247216 -0.592156 -29.2691 -0.0435271 0.997039 -0.0633952 -4.38212 0.590559 0.07686 0.803326 58.1585 
0.801828 -0.00316422 -0.597547 -29.9384 -0.0410964 0.997326 -0.060427 -4.49929 0.596141 0.0730091 0.799554 59.0116 
0.798475 -0.00438295 -0.602012 -30.6294 -0.0406654 0.997297 -0.0611972 -4.54396 0.600653 0.0733455 0.796139 59.8338 
0.794865 -0.00197974 -0.606783 -31.4281 -0.0471677 0.996767 -0.0650403 -4.56988 0.60495 0.0803188 0.792202 60.7478 
0.790351 -0.00390765 -0.612642 -32.0923 -0.0453593 0.996862 -0.0648752 -4.66885 0.610973 0.0790632 0.787694 61.5312 
0.78631 -0.00153938 -0.617831 -32.8036 -0.0493738 0.996642 -0.0653211 -4.76583 0.615856 0.0818673 0.783593 62.3061 
0.780125 -0.00643618 -0.62559 -33.4783 -0.0435031 0.996969 -0.0645064 -4.85027 0.624109 0.0775383 0.77748 63.1306 
0.776049 -0.00425668 -0.630658 -34.0184 -0.0465964 0.996857 -0.0640671 -4.96294 0.628948 0.0791057 0.773412 63.7911 
0.772051 -0.00562615 -0.635535 -34.6383 -0.0479947 0.996589 -0.0671266 -4.97695 0.633746 0.0823275 0.769148 64.3957 
0.767155 -0.00142675 -0.64146 -35.4154 -0.0517649 0.996598 -0.064125 -5.08385 0.639369 0.082399 0.764472 65.2014 
0.762795 0.00927292 -0.646573 -35.7664 -0.069994 0.995206 -0.0683026 -5.12659 0.642841 0.0973573 0.759788 65.6237 
0.757598 0.00750508 -0.652678 -36.4906 -0.0676434 0.995453 -0.0670707 -5.24082 0.649207 0.094962 0.754661 66.4389 
0.753204 0.00794601 -0.657739 -37.2321 -0.0716705 0.994965 -0.0700529 -5.31192 0.653871 0.0999047 0.749982 67.2112 
0.746663 0.00807903 -0.665154 -37.8065 -0.0734929 0.994807 -0.0704159 -5.39771 0.661131 0.101461 0.743379 67.9842 
0.740772 0.00716042 -0.671718 -38.6311 -0.0720677 0.995019 -0.0688697 -5.46937 0.667879 0.099426 0.737599 68.8898 
0.736017 0.00743426 -0.676922 -39.3285 -0.0742227 0.994798 -0.0697771 -5.54481 0.672881 0.1016 0.73274 69.6323 
0.731592 0.00369747 -0.681732 -40.1003 -0.0718738 0.994831 -0.0717348 -5.60054 0.677943 0.101479 0.728076 70.4519 
0.725746 -3.13682e-05 -0.687963 -40.8421 -0.0674026 0.995186 -0.0711497 -5.73653 0.684653 0.0980071 0.72225 71.2112 
0.720942 -0.00235734 -0.692992 -41.7441 -0.0670737 0.995062 -0.0731639 -5.82481 0.689742 0.0992284 0.717224 72.1402 
0.71517 -0.00221345 -0.698948 -42.4764 -0.0700379 0.994735 -0.0748137 -5.90389 0.695433 0.102457 0.711249 72.9242 
0.712029 -0.000558366 -0.702149 -43.2485 -0.0718947 0.994686 -0.0736974 -6.00098 0.698459 0.102956 0.708205 73.6169 
0.707438 -0.00342924 -0.706767 -44.1208 -0.0668658 0.995178 -0.0717579 -6.07204 0.703606 0.0980228 0.703797 74.4114 
0.702829 -0.00223365 -0.711355 -44.8049 -0.0686308 0.995117 -0.070933 -6.22677 0.70804 0.0986747 0.699244 75.008 
0.698444 -0.0043712 -0.715652 -45.6012 -0.0672223 0.99516 -0.0716844 -6.25558 0.712501 0.0981753 0.694769 75.794 
0.69491 -0.0072635 -0.71906 -46.5476 -0.0639051 0.995369 -0.0718135 -6.32037 0.716252 0.0958556 0.691228 76.6034 
0.691751 -0.00816022 -0.72209 -47.4605 -0.0625776 0.995497 -0.0711983 -6.42253 0.71942 0.0944382 0.688126 77.3846 
0.689671 -0.0108974 -0.724041 -48.4496 -0.0612587 0.995424 -0.0733326 -6.50598 0.721527 0.0949293 0.685847 78.1989 
0.686799 -0.0150673 -0.726692 -49.3651 -0.058349 0.995416 -0.075785 -6.60799 0.724502 0.0944508 0.682771 79.0012 
0.682219 -0.0187548 -0.730907 -50.3401 -0.0556857 0.995435 -0.0775187 -6.71298 0.729024 0.0935858 0.67806 79.8427 
0.676907 -0.0206968 -0.735778 -51.1262 -0.0539133 0.995526 -0.077603 -6.8045 0.734092 0.0921982 0.672762 80.4889 
0.671544 -0.0221265 -0.740634 -52.0278 -0.0516267 0.995728 -0.0765583 -6.92419 0.739164 0.0896489 0.667533 81.2383 
0.662493 -0.0249004 -0.748654 -52.935 -0.0472455 0.996068 -0.0749376 -7.02335 0.747577 0.0850162 0.658712 82.0144 
0.654276 -0.0245971 -0.755856 -53.8636 -0.0460209 0.996324 -0.0722585 -7.13443 0.754855 0.0820622 0.650738 82.7832 
0.64825 -0.0220683 -0.761108 -54.797 -0.0484624 0.996357 -0.0701657 -7.2698 0.759884 0.08237 0.644819 83.4059 
0.640358 -0.018717 -0.767848 -55.8336 -0.0570013 0.995788 -0.0718104 -7.38453 0.765958 0.0897528 0.636594 84.2408 
0.630049 -0.0219034 -0.776246 -56.812 -0.0541439 0.99593 -0.0720488 -7.4743 0.774665 0.0874234 0.626299 85.0284 
0.62296 -0.0241232 -0.781881 -57.7433 -0.05414 0.995798 -0.0738588 -7.55238 0.780378 0.0883422 0.619037 85.6672 
0.613429 -0.0256125 -0.789334 -58.7862 -0.0502008 0.996188 -0.071338 -7.65776 0.788152 0.0833861 0.609805 86.4687 
0.605119 -0.0252763 -0.795734 -59.7703 -0.0481315 0.996506 -0.0682556 -7.77091 0.794679 0.0796027 0.601788 87.126 
0.596943 -0.0257133 -0.801872 -60.7454 -0.0478714 0.996564 -0.0675937 -7.87234 0.800854 0.0787364 0.593661 87.7817 
0.587374 -0.0283519 -0.808819 -61.7819 -0.046865 0.996518 -0.0689653 -7.94905 0.807958 0.0784138 0.584 88.4987 
0.579001 -0.027552 -0.814861 -62.8093 -0.0491301 0.996434 -0.0686007 -8.0681 0.813845 0.0797541 0.575583 89.163 
0.570463 -0.0288948 -0.820815 -63.8231 -0.0513514 0.996171 -0.0707568 -8.15283 0.819716 0.0825142 0.566795 89.7995 
0.556412 -0.0277182 -0.830444 -64.703 -0.04964 0.996549 -0.0665222 -8.32665 0.829422 0.0782371 0.553117 90.5704 
0.545604 -0.0238695 -0.837703 -65.7294 -0.0507639 0.996817 -0.0614663 -8.45927 0.836504 0.0760614 0.542656 91.2379 
0.535634 -0.0223008 -0.844156 -66.7257 -0.0498267 0.997075 -0.0579567 -8.54426 0.842979 0.0731051 0.532956 91.9092 
0.52853 -0.0234274 -0.848591 -67.8078 -0.0482392 0.997175 -0.0575744 -8.62107 0.847543 0.0713652 0.525907 92.5388 
0.521959 -0.0255922 -0.852586 -68.8967 -0.0482814 0.997061 -0.0594872 -8.70926 0.851603 0.072214 0.51919 93.1902 
0.516234 -0.0268801 -0.856026 -70.0515 -0.0484789 0.996988 -0.060542 -8.79653 0.855075 0.072753 0.513375 93.8162 
0.511508 -0.029713 -0.858765 -71.2845 -0.0484437 0.996815 -0.0633442 -8.88567 0.857912 0.0740029 0.50844 94.4951 
0.506782 -0.0346653 -0.861377 -72.3733 -0.0419909 0.997013 -0.0648287 -9.00256 0.861051 0.069024 0.503812 95.0476 
0.500942 -0.0362874 -0.86472 -73.3904 -0.0338814 0.997533 -0.0614887 -9.13003 0.864818 0.0601002 0.498476 95.6503 
0.498363 -0.0320646 -0.866375 -74.5667 -0.0354435 0.997727 -0.0573141 -9.24069 0.866243 0.0592706 0.496094 96.2637 
0.495482 -0.0304 -0.868086 -75.8033 -0.0348448 0.997887 -0.0548341 -9.30426 0.867919 0.0574177 0.493376 96.9062 
0.491736 -0.0290632 -0.870259 -76.9178 -0.033737 0.998056 -0.0523941 -9.41037 0.870091 0.055124 0.489799 97.5291 
0.491203 -0.0241363 -0.870711 -78.0414 -0.0377058 0.99809 -0.0489387 -9.5504 0.870229 0.0568698 0.489355 98.1116 
0.489748 -0.0247015 -0.871514 -79.1613 -0.0343956 0.998273 -0.0476228 -9.60666 0.871186 0.0532995 0.488052 98.6992 
0.486307 -0.0249542 -0.873432 -80.2509 -0.0315825 0.998437 -0.04611 -9.69521 0.873217 0.0500088 0.484759 99.3125 
0.485264 -0.0250986 -0.874007 -81.3109 -0.0300862 0.998517 -0.0453785 -9.76274 0.87385 0.0483162 0.48379 99.8457 
0.483184 -0.0248673 -0.875165 -82.3141 -0.0293258 0.998576 -0.0445649 -9.83627 0.875027 0.047198 0.481767 100.385 
0.479108 -0.0229674 -0.877456 -83.311 -0.0269114 0.998803 -0.0408379 -9.94809 0.877344 0.0431793 0.477916 100.978 
0.477024 -0.0244397 -0.87855 -84.3405 -0.0213004 0.998998 -0.0393558 -9.9773 0.878632 0.0374872 0.476026 101.518 
0.474356 -0.0270682 -0.879917 -85.4408 -0.0169701 0.99906 -0.0398817 -10.0581 0.880169 0.0338505 0.473451 102.098 
0.465445 -0.0321802 -0.884492 -86.3412 -0.00916065 0.99911 -0.0411709 -10.1208 0.88503 0.0272654 0.464736 102.703 
0.46397 -0.0350476 -0.885157 -87.4248 -0.00610821 0.999067 -0.0427596 -10.1978 0.88583 0.0252459 0.463323 103.271 
0.467144 -0.0315895 -0.883617 -88.5441 -0.0121722 0.999037 -0.042151 -10.2963 0.884097 0.0304462 0.46631 103.757 
0.469257 -0.0316399 -0.882495 -89.5677 -0.0158824 0.998894 -0.0442584 -10.3495 0.882919 0.0347848 0.468235 104.285 
0.472492 -0.0277183 -0.880899 -90.3929 -0.0213042 0.998854 -0.0428569 -10.4474 0.881077 0.0390164 0.47136 104.688 
0.477097 -0.0284119 -0.878391 -91.373 -0.022978 0.998732 -0.0447849 -10.5161 0.87855 0.0415505 0.47584 105.195 
0.479689 -0.0305634 -0.876906 -92.2767 -0.0205806 0.998726 -0.0460674 -10.575 0.877197 0.0401453 0.478449 105.752 
0.48437 -0.0362538 -0.874112 -93.3979 -0.0130461 0.998731 -0.0486515 -10.5838 0.874766 0.0349691 0.483282 106.34 
0.491314 -0.0378659 -0.870159 -94.3924 -0.011067 0.998703 -0.0497083 -10.6402 0.870912 0.0340525 0.490258 106.888 
0.500219 -0.0400201 -0.864974 -95.353 -0.00831449 0.998663 -0.0510139 -10.7009 0.865859 0.03271 0.499217 107.396 
0.507445 -0.0402594 -0.860743 -96.2144 -0.00879136 0.998614 -0.0518909 -10.7803 0.861639 0.0338989 0.506388 107.873 
0.514901 -0.0370065 -0.856451 -97.1349 -0.0122961 0.998646 -0.0505432 -10.8825 0.857161 0.0365557 0.513749 108.466 
0.526137 -0.0388525 -0.849512 -98.0719 -0.00915747 0.998639 -0.0513444 -10.9846 0.85035 0.0347936 0.525065 108.939 
0.537949 -0.0435689 -0.841851 -99.0975 -0.0100899 0.998259 -0.0581112 -10.9992 0.842917 0.039755 0.536573 109.563 
0.545619 -0.0414572 -0.837007 -99.9188 -0.0132063 0.998226 -0.0580513 -11.0757 0.837929 0.0427277 0.544104 110.177 
0.559103 -0.0383908 -0.828209 -100.868 -0.0164723 0.998216 -0.0573914 -11.1517 0.828934 0.0457302 0.557473 110.75 
0.569696 -0.0346496 -0.821125 -101.73 -0.0172454 0.998387 -0.0540945 -11.2547 0.821675 0.0449781 0.56818 111.371 
0.582187 -0.0345891 -0.812319 -102.68 -0.0176563 0.998321 -0.0551635 -11.3117 0.812863 0.0464581 0.580599 111.987 
0.592863 -0.0370763 -0.80445 -103.556 -0.0146046 0.99828 -0.056773 -11.3908 0.805171 0.0454073 0.591302 112.625 
0.602944 -0.0394621 -0.796807 -104.417 -0.0133264 0.998138 -0.0595172 -11.4408 0.797672 0.0465042 0.601296 113.263 
0.613407 -0.0451051 -0.788478 -105.236 -0.00749982 0.99799 -0.062925 -11.5049 0.789731 0.0445122 0.611836 113.852 
0.62324 -0.0421179 -0.780896 -106.033 -0.00850967 0.998124 -0.0606259 -11.6021 0.781984 0.0444297 0.621713 114.469 
0.632221 -0.0465712 -0.773387 -106.938 -0.000263889 0.998179 -0.0603232 -11.6499 0.774788 0.0383418 0.631057 115.218 
0.642335 -0.0423139 -0.765255 -107.743 0.000330853 0.99849 -0.0549327 -11.766 0.766424 0.035032 0.641379 115.874 
0.651895 -0.0388529 -0.757313 -108.531 -0.0032036 0.998537 -0.0539863 -11.8383 0.758302 0.0376196 0.650817 116.52 
0.663795 -0.0322457 -0.747219 -109.335 -0.00973485 0.998613 -0.0517425 -11.9956 0.747851 0.0416205 0.662561 117.121 
0.672477 -0.0300649 -0.739507 -109.916 -0.0122774 0.998584 -0.0517624 -12.0826 0.740016 0.0438883 0.671156 117.688 
0.679358 -0.0373262 -0.732857 -110.546 -0.00335469 0.998537 -0.0539678 -12.1492 0.733799 0.039122 0.678239 118.278 
0.689312 -0.0338543 -0.723674 -111.219 -0.00383447 0.998723 -0.0503739 -12.2397 0.724455 0.0374983 0.688302 118.844 
0.699145 -0.0321166 -0.714258 -111.964 -0.0039011 0.998804 -0.0487298 -12.3062 0.714969 0.0368557 0.698184 119.514 
0.70767 -0.0308769 -0.705868 -112.644 -0.00338656 0.998885 -0.0470897 -12.4043 0.706535 0.0357144 0.706776 120.148 
0.716908 -0.0285423 -0.696583 -113.373 -0.00558571 0.998894 -0.0466781 -12.4679 0.697145 0.0373549 0.715956 120.807 
0.724436 -0.0273467 -0.6888 -114.022 -0.0070606 0.998866 -0.0470829 -12.5044 0.689306 0.0389719 0.723421 121.456 
0.730996 -0.0240995 -0.681957 -114.634 -0.00908968 0.998944 -0.0450448 -12.5476 0.682322 0.0391263 0.730004 122.091 
0.735837 -0.0203011 -0.676854 -115.239 -0.0117931 0.999015 -0.0427847 -12.6038 0.677056 0.0394648 0.734873 122.83 
0.743083 -0.0171601 -0.668979 -115.872 -0.0131831 0.999102 -0.0402716 -12.6685 0.669069 0.0387444 0.74219 123.489 
0.750557 -0.0173236 -0.660578 -116.512 -0.0122105 0.999122 -0.0400756 -12.711 0.660692 0.038145 0.749687 124.18 
0.75887 -0.0167185 -0.651028 -117.129 -0.0129107 0.999088 -0.0407061 -12.7198 0.651114 0.039296 0.757962 124.853 
0.767028 -0.0150213 -0.641438 -117.688 -0.0118806 0.999222 -0.0376067 -12.766 0.641504 0.0364662 0.766253 125.511 
0.776499 -0.0109265 -0.630023 -118.26 -0.0140866 0.999299 -0.0346925 -12.8222 0.629961 0.0358136 0.775801 126.139 
0.786469 -0.00962474 -0.617555 -118.835 -0.0158392 0.999235 -0.0357449 -12.8314 0.617427 0.0378939 0.785715 126.834 
0.79635 -0.00644663 -0.604801 -119.408 -0.0205515 0.999077 -0.0377097 -12.8759 0.604486 0.0424597 0.795483 127.52 
0.804979 -0.00967283 -0.593224 -119.785 -0.0163866 0.999123 -0.0385272 -12.9524 0.593076 0.0407346 0.804115 128.156 
0.813795 -0.00803929 -0.581096 -120.242 -0.0179821 0.999077 -0.039005 -13.0003 0.580874 0.0421915 0.8129 128.857 
0.823209 -0.00731845 -0.567691 -120.649 -0.0175819 0.999109 -0.0383757 -13.0177 0.567466 0.0415723 0.822347 129.518 
0.832501 -0.00390679 -0.55401 -121.097 -0.0188671 0.999195 -0.0353975 -13.0686 0.553703 0.0399211 0.831757 130.213 
0.841299 -0.00255957 -0.540564 -121.541 -0.0186197 0.999258 -0.0337101 -13.115 0.54025 0.0384255 0.840627 130.872 
0.850113 -0.00301927 -0.526592 -122.005 -0.0163293 0.999352 -0.0320914 -13.1085 0.526347 0.0358802 0.849513 131.583 
0.857558 -0.00339396 -0.514376 -122.532 -0.01432 0.999433 -0.0304686 -13.1406 0.514188 0.0334945 0.857024 132.322 
0.863372 -0.00609935 -0.504531 -122.889 -0.010815 0.999474 -0.03059 -13.1424 0.504452 0.0318671 0.862852 133.066 
0.870315 -0.0049516 -0.492471 -123.333 -0.0113821 0.99948 -0.0301643 -13.1908 0.492364 0.0318578 0.869806 133.725 
0.876549 -0.00456038 -0.481291 -123.748 -0.0115511 0.999468 -0.0305077 -13.2248 0.481174 0.032301 0.87603 134.436 
0.882562 -0.00539195 -0.470166 -124.143 -0.00993784 0.999497 -0.0301171 -13.2446 0.470092 0.0312527 0.882064 135.123 
0.888752 -0.00581554 -0.458352 -124.547 -0.00933172 0.999483 -0.0307758 -13.278 0.458294 0.0316293 0.888238 135.907 
0.894158 -0.00680498 -0.4477 -124.944 -0.00738218 0.999525 -0.0299366 -13.3229 0.447691 0.0300731 0.893682 136.63 
0.89893 -0.0103848 -0.437969 -125.331 -0.0036816 0.999505 -0.031256 -13.3436 0.438077 0.0297095 0.898447 137.389 
0.902917 -0.00923702 -0.429717 -125.712 -0.0048373 0.999487 -0.0316488 -13.3735 0.429789 0.0306549 0.902409 138.141 
0.906689 -0.00413744 -0.42178 -126.099 -0.0100512 0.999456 -0.0314111 -13.4019 0.42168 0.0327196 0.906154 138.9 
0.911858 -0.00520036 -0.410473 -126.524 -0.0065681 0.999607 -0.0272552 -13.4283 0.410453 0.027549 0.911466 139.523 
0.914311 -0.0046144 -0.404987 -126.885 -0.0058662 0.999679 -0.0246341 -13.4451 0.404971 0.024899 0.913991 140.326 
0.919069 -0.000931149 -0.394096 -127.276 -0.00751027 0.999774 -0.0198769 -13.5198 0.394026 0.0212281 0.918854 141.027 
0.92219 0.00036921 -0.386736 -127.631 -0.00839436 0.999783 -0.0190623 -13.5235 0.386645 0.0208256 0.921993 141.789 
0.924898 0.00102199 -0.380214 -127.987 -0.00807093 0.999824 -0.0169458 -13.5366 0.380129 0.0187418 0.924743 142.663 
0.928595 0.00470088 -0.371065 -128.455 -0.010383 0.999857 -0.0133169 -13.6023 0.370949 0.0162188 0.928512 143.567 
0.93166 0.00461999 -0.363301 -128.825 -0.00909085 0.999903 -0.0105975 -13.6333 0.363216 0.013176 0.931612 144.492 
0.935171 0.00590431 -0.354149 -129.19 -0.00966207 0.999914 -0.00884352 -13.6847 0.354066 0.0116921 0.935147 145.389 
0.93798 0.00874574 -0.346579 -129.229 -0.0124674 0.999886 -0.00851017 -13.6871 0.346465 0.0123034 0.937982 145.962 
0.941572 0.00844055 -0.336705 -129.543 -0.0117761 0.9999 -0.0078656 -13.7444 0.336605 0.0113711 0.941577 146.84 
0.944845 0.00741949 -0.327433 -129.794 -0.010837 0.999904 -0.00861398 -13.7637 0.327338 0.0116873 0.944835 147.768 
0.949002 0.00419446 -0.315243 -130.135 -0.00871733 0.999878 -0.0129387 -13.7378 0.31515 0.015027 0.948923 148.777 
0.953531 0.00781166 -0.301195 -130.492 -0.0122612 0.999842 -0.0128855 -13.7923 0.301047 0.0159798 0.953476 149.744 
0.958415 0.0109275 -0.285168 -130.783 -0.0150821 0.99981 -0.0123771 -13.7895 0.284978 0.0161633 0.958398 150.663 
0.964011 0.0126015 -0.265565 -131.071 -0.0161109 0.999809 -0.0110407 -13.8046 0.265375 0.0149219 0.96403 151.599 
0.969337 0.0145396 -0.245305 -131.316 -0.0175121 0.999797 -0.00994078 -13.8182 0.24511 0.0139318 0.969395 152.507 
0.973884 0.0159192 -0.226488 -131.325 -0.018664 0.999776 -0.00998273 -13.8141 0.226279 0.0139493 0.973963 153.274 
0.97844 0.015145 -0.205975 -131.408 -0.0174844 0.999802 -0.00954199 -13.8255 0.205789 0.0129376 0.978511 154.081 
0.982854 0.015099 -0.183764 -131.722 -0.0169042 0.999823 -0.0082609 -13.7915 0.183607 0.0112257 0.982936 154.804 
0.986862 0.0161705 -0.160757 -131.921 -0.0171829 0.99984 -0.00490982 -13.8469 0.160652 0.00760763 0.986982 155.7 
0.990204 0.0195771 -0.13825 -132.11 -0.0197411 0.999805 0.000184787 -13.8997 0.138226 0.00254626 0.990397 156.619 
0.992903 0.0199634 -0.117242 -132.199 -0.0197402 0.9998 0.00306467 -13.9194 0.11728 -0.000728488 0.993099 157.578 
0.995216 0.0221726 -0.0951506 -132.326 -0.0219841 0.999754 0.00302871 -13.9655 0.0951943 -0.000922376 0.995458 158.639 
0.997164 0.0192625 -0.0727551 -132.457 -0.0193171 0.999813 -4.70763e-05 -13.9526 0.0727406 0.0014524 0.99735 159.723 
0.998437 0.020201 -0.0521155 -132.491 -0.0202652 0.999794 -0.000705237 -13.9815 0.0520905 0.00176031 0.998641 160.827 
0.999304 0.0184355 -0.0324304 -132.473 -0.0184263 0.99983 0.000580452 -13.9694 0.0324356 1.75674e-05 0.999474 162.062 
0.999738 0.0187122 -0.0131976 -132.437 -0.0187003 0.999825 0.0010251 -13.8868 0.0132144 -0.000777987 0.999912 163.415 
0.999812 0.0186729 0.00523301 -132.285 -0.0186817 0.999824 0.00165799 -13.8433 -0.00520117 -0.0017554 0.999985 165.033 
0.99952 0.0197356 0.0238845 -132.199 -0.0197934 0.999802 0.00218557 -13.8617 -0.0238367 -0.00265723 0.999712 166.118 
0.998808 0.0202665 0.0444034 -132.225 -0.0203918 0.999789 0.00237122 -13.8214 -0.044346 -0.00327382 0.999011 166.921 
0.997833 0.0212959 0.0622506 -132.081 -0.0214517 0.999768 0.00183593 -13.8507 -0.0621971 -0.0031673 0.998059 167.962 
0.996317 0.0229054 0.0826254 -131.976 -0.0230632 0.999734 0.000955148 -13.8683 -0.0825816 -0.00285719 0.99658 169.179 
0.994385 0.0230137 0.103292 -131.934 -0.0230946 0.999733 -0.000412414 -13.9409 -0.103274 -0.00197536 0.994651 170.244 
0.992457 0.0224905 0.120512 -131.762 -0.0222521 0.999747 -0.00332288 -13.9459 -0.120557 0.000616193 0.992706 171.486 
0.9899 0.0227539 0.139933 -131.61 -0.0222989 0.99974 -0.00481803 -13.976 -0.140006 0.00164904 0.990149 172.739 
0.987223 0.0221256 0.157799 -131.466 -0.0214505 0.999752 -0.00597975 -14.0633 -0.157892 0.00251853 0.987453 173.767 
0.983974 0.0259922 0.176408 -131.295 -0.0245914 0.999646 -0.0101224 -14.0912 -0.176609 0.00562212 0.984265 175.003 
0.980433 0.0276597 0.194902 -131.128 -0.0250123 0.999559 -0.0160315 -14.161 -0.195259 0.0108429 0.980692 176.467 
0.976707 0.0293465 0.212562 -130.909 -0.0255374 0.999461 -0.0206437 -14.2276 -0.213053 0.0147346 0.97693 177.681 
0.97269 0.0327784 0.229781 -130.619 -0.0280457 0.999323 -0.0238331 -14.3185 -0.230407 0.0167379 0.97295 178.979 
0.968121 0.0355931 0.247943 -130.312 -0.030147 0.999214 -0.0257282 -14.4007 -0.248664 0.0174333 0.968433 180.381 
0.963474 0.0339981 0.265636 -129.988 -0.0282741 0.999279 -0.0253438 -14.4425 -0.266306 0.0169075 0.96374 181.761 
0.958489 0.0332641 0.283181 -129.837 -0.0272839 0.999314 -0.0250365 -14.5209 -0.28382 0.016271 0.95874 182.602 
0.953827 0.0347383 0.298342 -129.378 -0.0272127 0.999199 -0.0293431 -14.5983 -0.299122 0.0198696 0.954008 183.606 
0.948885 0.0356732 0.313601 -128.948 -0.0264347 0.999084 -0.0336636 -14.6651 -0.314514 0.023653 0.948958 184.799 
0.943414 0.0360707 0.32965 -128.48 -0.0263072 0.999074 -0.0340323 -14.7505 -0.330572 0.0234344 0.94349 186.109 
0.937522 0.0384178 0.345798 -127.997 -0.0281677 0.999004 -0.0346202 -14.8245 -0.346783 0.0227169 0.93767 187.306 
0.930472 0.0421412 0.363933 -127.692 -0.0308103 0.998844 -0.0368869 -14.894 -0.365067 0.0231094 0.930695 188.359 
0.923148 0.045317 0.381766 -127.229 -0.0332878 0.998721 -0.0380584 -15.1011 -0.383002 0.0224254 0.923475 189.683 
0.915389 0.0471226 0.399803 -126.678 -0.0336302 0.998605 -0.0407003 -15.1387 -0.401163 0.0238112 0.915697 191.018 
0.9074 0.0469938 0.417632 -126.19 -0.0305742 0.998477 -0.0459236 -15.2267 -0.419154 0.0289024 0.907455 192.223 
0.897096 0.0509301 0.43889 -125.92 -0.0314625 0.998176 -0.0515217 -15.3455 -0.440713 0.0324114 0.897063 193.447 
0.886856 0.0537698 0.458906 -125.247 -0.0325561 0.998009 -0.0540199 -15.5114 -0.460897 0.0329676 0.886841 194.781 
0.874268 0.0561291 0.482188 -124.536 -0.0337716 0.997919 -0.0549304 -15.6353 -0.484268 0.0317397 0.874344 196.161 
0.860545 0.0599114 0.505839 -123.626 -0.0366515 0.997768 -0.0558229 -15.8027 -0.508054 0.0294984 0.86082 197.63 
0.845061 0.0624383 0.531012 -123.057 -0.037214 0.997618 -0.0580805 -15.9209 -0.533374 0.0293205 0.845372 198.666 
0.828359 0.0665498 0.556231 -122.293 -0.0389831 0.99736 -0.0612732 -16.0517 -0.55884 0.0290726 0.828766 200 
0.812108 0.0676684 0.57957 -121.548 -0.0377092 0.997263 -0.0635975 -16.1408 -0.582287 0.029793 0.812437 201.205 
0.795941 0.0698402 0.601333 -120.728 -0.0382916 0.997142 -0.0651264 -16.2662 -0.604162 0.0288108 0.79634 202.359 
0.782177 0.0714927 0.618941 -119.834 -0.0363053 0.996937 -0.069274 -16.4041 -0.621998 0.0317137 0.782376 203.246 
0.765761 0.0737651 0.638881 -118.989 -0.0344806 0.996681 -0.0737482 -16.5236 -0.6422 0.0344446 0.765763 204.26 
0.748397 0.0760256 0.658879 -118.087 -0.0339632 0.996498 -0.0764045 -16.6708 -0.66238 0.0348033 0.748359 205.376 
0.731299 0.0770377 0.677692 -117.125 -0.0310166 0.996329 -0.079789 -16.7834 -0.681351 0.03733 0.731004 206.449 
0.713192 0.0759099 0.696846 -116.326 -0.0274258 0.99638 -0.08047 -16.8917 -0.700432 0.038279 0.712692 207.534 
0.699656 0.0748676 0.710546 -115.397 -0.0250291 0.996453 -0.0803469 -17.0805 -0.714041 0.0384309 0.699048 208.286 
0.684507 0.0749555 0.725142 -114.277 -0.0211657 0.996324 -0.083007 -17.2179 -0.728699 0.0414708 0.683578 209.369 
0.667701 0.0783856 0.740291 -113.165 -0.0211684 0.996038 -0.0863725 -17.3965 -0.744128 0.0420002 0.666715 210.496 
0.650608 0.0797444 0.755215 -112.082 -0.0183625 0.995833 -0.0893325 -17.6205 -0.759192 0.0442529 0.649361 211.58 
0.633342 0.0792149 0.769807 -111.027 -0.0158994 0.995869 -0.0893963 -17.849 -0.773709 0.044379 0.631985 212.62 
0.619033 0.0797087 0.781309 -109.754 -0.0155004 0.995883 -0.0893183 -18.0475 -0.785212 0.0431804 0.61772 213.607 
0.602562 0.0785436 0.794198 -108.549 -0.0145919 0.996063 -0.0874364 -18.2697 -0.797939 0.0410969 0.601335 214.557 
0.584619 0.079246 0.807429 -107.391 -0.0155068 0.996128 -0.0865382 -18.3788 -0.81116 0.0380712 0.583584 215.49 
0.564159 0.0793081 0.821849 -106.28 -0.0181902 0.996328 -0.0836586 -18.5424 -0.825466 0.0322471 0.56353 216.413 
0.546458 0.0812831 0.833533 -104.875 -0.0232046 0.996366 -0.0819493 -18.7467 -0.837165 0.0254401 0.546359 217.338 
0.527774 0.0837271 0.845248 -103.608 -0.0252432 0.996236 -0.0829215 -18.9842 -0.84901 0.022427 0.527901 218.225 
0.509431 0.0874055 0.856061 -102.271 -0.0274152 0.995972 -0.0853761 -19.1532 -0.860075 0.0200242 0.509775 219.081 
0.491012 0.0860789 0.86689 -100.914 -0.0218833 0.996011 -0.0865052 -19.2706 -0.870878 0.0235046 0.490937 219.921 
0.469217 0.0844883 0.879032 -99.6892 -0.0231527 0.996248 -0.0833957 -19.4597 -0.882779 0.0187787 0.469412 220.662 
0.447444 0.0821767 0.890529 -98.3483 -0.022496 0.996489 -0.0806514 -19.6292 -0.894029 0.0160537 0.447721 221.406 
0.425894 0.0791243 0.901307 -96.9876 -0.0195807 0.996742 -0.0782499 -19.7936 -0.904561 0.015678 0.426055 222.094 
0.401922 0.076247 0.912494 -95.9385 -0.0135675 0.996914 -0.0773249 -19.9117 -0.915574 0.0186983 0.401716 222.782 
0.378473 0.0731767 0.922715 -94.5876 -0.00757288 0.997082 -0.0759681 -20.1266 -0.925581 0.0217643 0.377923 223.523 
0.356609 0.0728249 0.931411 -93.2925 -0.00614713 0.997119 -0.0756088 -20.2424 -0.934234 0.0212372 0.356029 224.082 
0.334103 0.0716263 0.939811 -91.9166 -0.00520452 0.997233 -0.0741524 -20.451 -0.942522 0.0198833 0.333551 224.646 
0.310288 0.0726923 0.947859 -90.2945 -0.00346791 0.997152 -0.0753373 -20.569 -0.950636 0.0200892 0.309657 225.265 
0.288379 0.0703125 0.954931 -89.0287 -0.0023013 0.997348 -0.0727407 -20.7292 -0.957514 0.0187793 0.287776 225.72 
0.268211 0.0695567 0.960846 -87.5748 -0.000359135 0.997397 -0.0721024 -20.9004 -0.96336 0.0189936 0.267538 226.121 
0.249565 0.0740718 0.965521 -86.317 -0.00124771 0.997094 -0.0761714 -21.0126 -0.968357 0.017805 0.248932 226.456 
0.230468 0.082645 0.969564 -84.9657 -0.00186313 0.996422 -0.0844915 -21.1702 -0.973078 0.0176661 0.229797 226.786 
0.210614 0.0907052 0.973352 -83.6576 -0.00326096 0.995746 -0.0920864 -21.3045 -0.977564 0.0162206 0.210013 227.1 
0.189454 0.0935841 0.97742 -82.4094 -0.00653034 0.995546 -0.0940538 -21.4557 -0.981868 0.011436 0.189222 227.396 
0.169427 0.094798 0.980973 -81.1052 -0.00787377 0.995462 -0.0948381 -21.6128 -0.985511 0.00834418 0.169404 227.666 
0.150353 0.0936473 0.984187 -79.8199 -0.0131805 0.995605 -0.0927201 -21.7803 -0.988545 0.000968708 0.150926 227.86 
0.12993 0.0946491 0.986995 -78.5421 -0.015123 0.995507 -0.0934745 -21.9061 -0.991408 -0.00278121 0.130777 228.075 
0.109554 0.0933113 0.989591 -77.3173 -0.0171134 0.995613 -0.0919845 -22.0334 -0.993834 -0.00685795 0.110671 228.264 
0.0904443 0.093688 0.991485 -75.9927 -0.014561 0.995583 -0.092747 -22.1613 -0.995795 -0.00604857 0.0914091 228.43 
0.0730396 0.0941347 0.992877 -74.7202 -0.0145907 0.99553 -0.0933128 -22.2967 -0.997222 -0.00767122 0.0740866 228.547 
0.0532924 0.0965357 0.993902 -73.5198 -0.0197014 0.995224 -0.0956077 -22.4554 -0.998385 -0.0144861 0.0549397 228.654 
0.0347586 0.0975871 0.99462 -72.2636 -0.0207309 0.995078 -0.0969075 -22.6138 -0.999181 -0.017251 0.0366106 228.743 
0.0158669 0.0939287 0.995453 -71.096 -0.0225114 0.995359 -0.093561 -22.7433 -0.999621 -0.0209245 0.0179077 228.83 
-0.00109965 0.0901238 0.99593 -69.8256 -0.022385 0.995679 -0.0901257 -22.8646 -0.999749 -0.022393 0.000922517 228.862 
-0.0178588 0.0855944 0.99617 -68.6343 -0.0202703 0.996093 -0.0859512 -23.0159 -0.999635 -0.0217276 -0.016054 228.963 
-0.0304422 0.0829168 0.996091 -67.4839 -0.0169577 0.996367 -0.083458 -23.1172 -0.999393 -0.019432 -0.0289256 228.964 
-0.0401404 0.0819313 0.995829 -66.4262 -0.0175099 0.996422 -0.0826858 -23.2791 -0.999041 -0.0207559 -0.0385622 228.891 
-0.0493372 0.0827928 0.995345 -65.2807 -0.017429 0.996335 -0.0837391 -23.4225 -0.99863 -0.0214794 -0.0477134 228.887 
-0.0543183 0.0835181 0.995025 -64.1787 -0.0186196 0.996238 -0.0846363 -23.5509 -0.99835 -0.0231242 -0.0525589 228.824 
-0.0611206 0.0870084 0.994331 -63.0306 -0.0186016 0.995921 -0.088291 -23.6915 -0.997957 -0.0238925 -0.0592528 228.773 
-0.0675264 0.0963391 0.993055 -61.8904 -0.0175318 0.995059 -0.0977256 -23.8091 -0.997563 -0.0240091 -0.0655037 228.738 
-0.0736548 0.0988266 0.992375 -60.845 -0.0196784 0.99474 -0.100523 -23.9104 -0.99709 -0.0269323 -0.0713226 228.722 
-0.0778655 0.0913918 0.992766 -59.698 -0.0191824 0.995468 -0.093145 -24.0203 -0.996779 -0.0262964 -0.0757595 228.648 
-0.0814648 0.0817616 0.993317 -58.5969 -0.01759 0.996356 -0.0834544 -24.1415 -0.996521 -0.024271 -0.0797298 228.607 
-0.0810791 0.0778694 0.993661 -57.5275 -0.0173992 0.996681 -0.0795258 -24.2536 -0.996556 -0.0237368 -0.0794552 228.504 
-0.0814495 0.0797246 0.993484 -56.4792 -0.0187092 0.996498 -0.0815002 -24.3558 -0.996502 -0.0252255 -0.0796727 228.467 
-0.0817299 0.0834627 0.993154 -55.4179 -0.0179854 0.996202 -0.0851989 -24.4504 -0.996492 -0.0248256 -0.0799184 228.407 
-0.0816131 0.084955 0.993037 -54.3646 -0.0195746 0.996032 -0.0868199 -24.5765 -0.996472 -0.0265239 -0.0796263 228.374 
-0.0794678 0.0858315 0.993135 -53.3204 -0.020974 0.995922 -0.0877505 -24.6828 -0.996617 -0.0278034 -0.0773435 228.316 
-0.0762234 0.0876094 0.993234 -52.2658 -0.0224766 0.995728 -0.0895542 -24.781 -0.996837 -0.0291507 -0.0739286 228.256 
-0.0727427 0.0876204 0.993494 -51.2398 -0.0245824 0.995673 -0.0896124 -24.9139 -0.997048 -0.0309411 -0.070274 228.198 
-0.0685336 0.0889788 0.993673 -50.2331 -0.02621 0.99551 -0.090951 -25.0156 -0.997304 -0.0322774 -0.0658938 228.16 
-0.062055 0.0903935 0.993971 -49.2039 -0.0285232 0.995323 -0.0922971 -25.0746 -0.997665 -0.0340788 -0.0591865 228.104 
-0.0576332 0.0902732 0.994248 -48.142 -0.0281734 0.99536 -0.0920072 -25.1692 -0.99794 -0.0333141 -0.0548224 228.113 
-0.0509999 0.0910939 0.994536 -47.1639 -0.0265585 0.995356 -0.0925309 -25.2643 -0.998346 -0.0311324 -0.0483437 228.078 
-0.0449807 0.0925753 0.994689 -46.12 -0.026041 0.99525 -0.093805 -25.3554 -0.998648 -0.0301222 -0.0423563 228.086 
-0.0376322 0.0918049 0.995066 -45.1759 -0.0249923 0.995373 -0.0927784 -25.4782 -0.998979 -0.0283604 -0.0351637 228.044 
-0.0319328 0.0918264 0.995263 -44.1853 -0.0261002 0.995355 -0.0926723 -25.5637 -0.999149 -0.0289359 -0.0293878 228.05 
-0.0254286 0.0897296 0.995642 -43.1773 -0.0258823 0.995571 -0.0903842 -25.6701 -0.999342 -0.0280678 -0.0229935 228.044 
-0.0205353 0.0885425 0.995861 -42.1682 -0.0232278 0.99576 -0.0890125 -25.7606 -0.999519 -0.0249596 -0.0183916 228.041 
-0.0179245 0.0897787 0.9958 -41.2394 -0.0240345 0.995634 -0.0901963 -25.8674 -0.99955 -0.0255503 -0.0156884 228.128 
-0.0132298 0.0916925 0.9957 -40.296 -0.0251192 0.995442 -0.0920025 -25.9911 -0.999597 -0.0262283 -0.0108662 228.171 
-0.00686525 0.0938779 0.99556 -39.4016 -0.0265512 0.995215 -0.0940284 -26.0993 -0.999624 -0.0270788 -0.00433983 228.163 
-0.00327702 0.095291 0.995444 -38.4891 -0.0291998 0.995016 -0.0953461 -26.1972 -0.999568 -0.0293792 -0.000478213 228.237 
0.00466208 0.0951927 0.995448 -37.5945 -0.0292376 0.995046 -0.0950173 -26.2874 -0.999562 -0.0286615 0.00742218 228.216 
0.0092057 0.09411 0.995519 -36.6606 -0.0319864 0.99508 -0.0937726 -26.407 -0.999446 -0.0309799 0.0121706 228.268 
0.0151482 0.0910661 0.99573 -35.6655 -0.0333058 0.995337 -0.0905235 -26.5257 -0.99933 -0.0317923 0.0181106 228.313 
0.0192942 0.0900651 0.995749 -34.7214 -0.0349978 0.995385 -0.089354 -26.6236 -0.999201 -0.033125 0.0223573 228.388 
0.0257531 0.0896118 0.995644 -33.7215 -0.0349544 0.995446 -0.0886899 -26.7185 -0.999057 -0.0325181 0.0287681 228.473 
0.0293087 0.0903321 0.99548 -32.9738 -0.0343649 0.995411 -0.089314 -26.7991 -0.99898 -0.0315919 0.0322784 228.609 
